150,00000000E-3	2,11917760E-6	
150,00000000E-3	2,18032594E-6	
150,00000000E-3	2,38285029E-6	
149,80000000E-3	2,46994674E-6	
149,60000000E-3	2,37126293E-6	
149,40000000E-3	2,38308646E-6	
149,20000000E-3	2,43213312E-6	
148,80000000E-3	2,46525054E-6	
148,40000000E-3	2,48262812E-6	
148,00000000E-3	2,50524030E-6	
147,70000000E-3	2,52370796E-6	
147,40000000E-3	2,50578496E-6	
146,80000000E-3	2,49111126E-6	
146,40000000E-3	2,48966021E-6	
146,10000000E-3	2,49276381E-6	
145,50000000E-3	2,50160552E-6	
145,10000000E-3	2,51960442E-6	
144,70000000E-3	2,54436969E-6	
144,30000000E-3	2,55517166E-6	
143,90000000E-3	2,55520997E-6	
143,20000000E-3	2,56006051E-6	
142,70000000E-3	2,54950462E-6	
142,30000000E-3	2,54390613E-6	
141,80000000E-3	2,51682364E-6	
141,40000000E-3	2,49865863E-6	
140,80000000E-3	2,46715583E-6	
140,30000000E-3	2,41347861E-6	
139,80000000E-3	2,35862444E-6	
139,40000000E-3	2,30808764E-6	
138,90000000E-3	2,25078592E-6	
138,30000000E-3	2,20484883E-6	
137,80000000E-3	2,18462505E-6	
137,30000000E-3	2,20394142E-6	
136,90000000E-3	2,32102163E-6	
136,40000000E-3	2,48064011E-6	
135,90000000E-3	2,61374093E-6	
135,30000000E-3	2,69701097E-6	
134,80000000E-3	2,64914613E-6	
134,30000000E-3	2,50087019E-6	
133,80000000E-3	2,31117644E-6	
133,40000000E-3	2,23498614E-6	
133,00000000E-3	2,28181557E-6	
132,60000000E-3	2,42548029E-6	
132,10000000E-3	2,59953736E-6	
131,40000000E-3	2,69900448E-6	
131,00000000E-3	2,67998861E-6	
130,50000000E-3	2,56312195E-6	
130,10000000E-3	2,42294634E-6	
129,40000000E-3	2,31541857E-6	
129,10000000E-3	2,28932406E-6	
128,40000000E-3	2,41547744E-6	
128,00000000E-3	2,63189422E-6	
127,50000000E-3	2,73211129E-6	
127,10000000E-3	2,61283874E-6	
126,60000000E-3	2,40846872E-6	
126,00000000E-3	2,32061634E-6	
125,50000000E-3	2,22422081E-6	
125,00000000E-3	2,47484133E-6	
124,60000000E-3	2,73312950E-6	
124,10000000E-3	2,70343183E-6	
123,60000000E-3	2,49353578E-6	
123,00000000E-3	2,37213099E-6	
122,50000000E-3	2,54089716E-6	
122,10000000E-3	2,73233650E-6	
121,60000000E-3	2,61160659E-6	
121,10000000E-3	2,44787738E-6	
120,70000000E-3	2,59010606E-6	
120,20000000E-3	2,73713849E-6	
119,40000000E-3	2,55104726E-6	
119,00000000E-3	2,41479334E-6	
118,50000000E-3	2,53482149E-6	
118,10000000E-3	2,74625351E-6	
117,60000000E-3	2,81671522E-6	
117,20000000E-3	2,72690647E-6	
116,50000000E-3	2,58737761E-6	
116,00000000E-3	2,51409041E-6	
115,60000000E-3	2,71948165E-6	
115,10000000E-3	2,84612433E-6	
114,60000000E-3	2,69837393E-6	
114,00000000E-3	2,50151237E-6	
113,50000000E-3	2,51187062E-6	
113,30000000E-3	2,68403565E-6	
112,80000000E-3	2,86543246E-6	
112,20000000E-3	2,89934709E-6	
111,70000000E-3	2,76674179E-6	
111,00000000E-3	2,55605160E-6	
110,60000000E-3	2,51550674E-6	
110,10000000E-3	2,70026048E-6	
109,70000000E-3	2,92300020E-6	
109,20000000E-3	2,92285197E-6	
108,70000000E-3	2,74306650E-6	
108,00000000E-3	2,57181454E-6	
107,60000000E-3	2,58429869E-6	
107,10000000E-3	2,75416139E-6	
106,70000000E-3	2,94852767E-6	
106,20000000E-3	3,04554451E-6	
105,70000000E-3	2,96422481E-6	
105,10000000E-3	2,75337082E-6	
104,60000000E-3	2,61059026E-6	
104,10000000E-3	2,69629019E-6	
103,70000000E-3	2,93652034E-6	
103,30000000E-3	3,03771996E-6	
102,60000000E-3	2,87960051E-6	
102,10000000E-3	2,68322195E-6	
101,70000000E-3	2,66357904E-6	
101,20000000E-3	2,81079586E-6	
100,70000000E-3	2,97933284E-6	
100,30000000E-3	3,11522685E-6	
99,90000000E-3	3,16609335E-6	
99,20000000E-3	3,12861272E-6	
98,70000000E-3	3,01285539E-6	
98,20000000E-3	2,85212260E-6	
97,80000000E-3	2,74307551E-6	
97,20000000E-3	2,78739347E-6	
96,80000000E-3	2,97215654E-6	
96,10000000E-3	3,17710724E-6	
95,90000000E-3	3,24891095E-6	
95,40000000E-3	3,17870782E-6	
94,70000000E-3	3,04344409E-6	
94,30000000E-3	2,90766669E-6	
93,80000000E-3	2,84484272E-6	
93,10000000E-3	2,91779865E-6	
92,70000000E-3	3,10505389E-6	
92,30000000E-3	3,30975395E-6	
91,80000000E-3	3,37056253E-6	
91,30000000E-3	3,23938981E-6	
91,00000000E-3	3,04937747E-6	
90,30000000E-3	2,98787092E-6	
89,90000000E-3	3,11635146E-6	
89,40000000E-3	3,36758174E-6	
88,90000000E-3	3,52043208E-6	
88,30000000E-3	3,49978667E-6	
87,80000000E-3	3,35630411E-6	
87,30000000E-3	3,19991832E-6	
86,90000000E-3	3,14007797E-6	
86,40000000E-3	3,25174744E-6	
85,90000000E-3	3,48272237E-6	
85,30000000E-3	3,67792264E-6	
84,80000000E-3	3,70369613E-6	
84,60000000E-3	3,57525581E-6	
84,00000000E-3	3,41871883E-6	
83,20000000E-3	3,32426957E-6	
83,00000000E-3	3,31874178E-6	
82,60000000E-3	3,39661965E-6	
81,90000000E-3	3,54918838E-6	
81,70000000E-3	3,73775157E-6	
80,90000000E-3	3,89694383E-6	
80,50000000E-3	3,99619969E-6	
80,00000000E-3	3,95462378E-6	
79,50000000E-3	3,78333833E-6	
78,80000000E-3	3,63752582E-6	
78,40000000E-3	3,60109693E-6	
77,90000000E-3	3,70717463E-6	
77,50000000E-3	3,88430351E-6	
77,10000000E-3	4,07192424E-6	
76,60000000E-3	4,22488835E-6	
76,00000000E-3	4,27262618E-6	
75,40000000E-3	4,19754578E-6	
75,20000000E-3	4,01683831E-6	
74,50000000E-3	3,92014283E-6	
74,00000000E-3	4,07570546E-6	
74,00000000E-3	4,36422343E-6	
73,00000000E-3	4,44772990E-6	
72,50000000E-3	4,24346910E-6	
72,00000000E-3	4,10647354E-6	
71,50000000E-3	4,22317051E-6	
71,10000000E-3	4,47997434E-6	
70,60000000E-3	4,66238487E-6	
69,90000000E-3	4,64069884E-6	
69,50000000E-3	4,49076835E-6	
69,00000000E-3	4,38221920E-6	
68,60000000E-3	4,44168979E-6	
68,20000000E-3	4,62294513E-6	
67,40000000E-3	4,83265262E-6	
67,40000000E-3	4,98260705E-6	
66,70000000E-3	5,09757230E-6	
66,10000000E-3	5,18311163E-6	
65,90000000E-3	5,25477059E-6	
64,90000000E-3	5,32189035E-6	
64,40000000E-3	5,38965961E-6	
64,00000000E-3	5,44776459E-6	
63,50000000E-3	5,45112223E-6	
63,00000000E-3	5,38495294E-6	
62,50000000E-3	5,38628331E-6	
62,40000000E-3	5,37676092E-6	
61,60000000E-3	5,42164998E-6	
61,10000000E-3	5,55213213E-6	
60,60000000E-3	5,79108405E-6	
60,20000000E-3	6,03473780E-6	
59,50000000E-3	6,24165386E-6	
59,10000000E-3	6,34791820E-6	
58,60000000E-3	6,35040733E-6	
58,10000000E-3	6,28502820E-6	
57,70000000E-3	6,19683487E-6	
57,10000000E-3	6,16324948E-6	
56,60000000E-3	6,25091811E-6	
56,10000000E-3	6,41743147E-6	
55,60000000E-3	6,65357024E-6	
55,20000000E-3	6,84642847E-6	
54,70000000E-3	6,85600787E-6	
54,00000000E-3	6,71486286E-6	
53,50000000E-3	6,51659810E-6	
53,20000000E-3	6,44271092E-6	
52,70000000E-3	6,56098073E-6	
52,20000000E-3	6,75502572E-6	
51,70000000E-3	6,83034633E-6	
51,10000000E-3	6,65965601E-6	
51,10000000E-3	6,36759025E-6	
50,20000000E-3	6,13273877E-6	
49,70000000E-3	6,12020012E-6	
49,30000000E-3	6,22461579E-6	
48,60000000E-3	6,15945348E-6	
48,20000000E-3	5,78118772E-6	
47,70000000E-3	5,41615422E-6	
47,50000000E-3	5,38528649E-6	
46,60000000E-3	5,38266231E-6	
46,10000000E-3	5,04237577E-6	
45,60000000E-3	4,53550213E-6	
45,20000000E-3	4,27177604E-6	
44,70000000E-3	4,26830812E-6	
44,30000000E-3	4,07064998E-6	
43,60000000E-3	3,52986161E-6	
43,10000000E-3	3,09392793E-6	
42,70000000E-3	3,01593507E-6	
42,30000000E-3	2,79153948E-6	
41,80000000E-3	2,23709420E-6	
41,60000000E-3	1,91635601E-6	
40,70000000E-3	1,84147004E-6	
40,40000000E-3	1,38169909E-6	
39,90000000E-3	841,92669035E-9	
39,40000000E-3	651,88898772E-9	
38,70000000E-3	532,51684087E-9	
38,30000000E-3	17,05225741E-9	
37,80000000E-3	-513,72829082E-9	
37,30000000E-3	-649,17322923E-9	
36,90000000E-3	-791,07082749E-9	
36,40000000E-3	-1,35507164E-6	
35,90000000E-3	-1,69875723E-6	
35,40000000E-3	-1,73376306E-6	
34,80000000E-3	-2,17232310E-6	
34,30000000E-3	-2,56799556E-6	
33,90000000E-3	-2,62926407E-6	
33,40000000E-3	-3,06600053E-6	
32,90000000E-3	-3,49636706E-6	
32,30000000E-3	-3,52849276E-6	
31,90000000E-3	-3,77891634E-6	
31,40000000E-3	-4,29917225E-6	
30,70000000E-3	-4,54096304E-6	
30,30000000E-3	-4,54037820E-6	
29,80000000E-3	-4,91266049E-6	
29,30000000E-3	-5,37754801E-6	
28,90000000E-3	-5,42413733E-6	
28,20000000E-3	-5,60341328E-6	
27,70000000E-3	-6,15767328E-6	
27,40000000E-3	-6,42560089E-6	
26,90000000E-3	-6,39515649E-6	
26,40000000E-3	-6,54181393E-6	
25,90000000E-3	-6,94454724E-6	
25,50000000E-3	-7,48326513E-6	
24,80000000E-3	-7,91311461E-6	
24,40000000E-3	-8,14342092E-6	
23,90000000E-3	-8,20387183E-6	
23,40000000E-3	-8,19094021E-6	
23,00000000E-3	-8,41312888E-6	
22,50000000E-3	-8,92898336E-6	
22,00000000E-3	-9,33494112E-6	
21,40000000E-3	-9,34283253E-6	
21,10000000E-3	-9,30962757E-6	
20,40000000E-3	-9,50612660E-6	
20,00000000E-3	-9,90410885E-6	
19,50000000E-3	-10,31433382E-6	
18,90000000E-3	-10,62582983E-6	
18,40000000E-3	-10,79723688E-6	
18,10000000E-3	-10,81847112E-6	
17,40000000E-3	-10,72822435E-6	
16,90000000E-3	-10,71757731E-6	
16,40000000E-3	-10,97433054E-6	
15,90000000E-3	-11,42400474E-6	
15,30000000E-3	-11,81367130E-6	
14,90000000E-3	-11,96951272E-6	
14,40000000E-3	-11,91709885E-6	
14,00000000E-3	-11,81458601E-6	
13,50000000E-3	-11,82093012E-6	
13,10000000E-3	-12,01329163E-6	
12,60000000E-3	-12,35357029E-6	
12,10000000E-3	-12,72150888E-6	
11,70000000E-3	-13,01117772E-6	
11,00000000E-3	-13,11721426E-6	
10,30000000E-3	-12,98924154E-6	
10,10000000E-3	-12,81670319E-6	
9,60000000E-3	-12,81307455E-6	
9,20000000E-3	-13,06486068E-6	
8,50000000E-3	-13,44209188E-6	
8,00000000E-3	-13,59623849E-6	
7,60000000E-3	-13,43260191E-6	
7,10000000E-3	-13,18809845E-6	
6,70000000E-3	-13,10861783E-6	
6,20000000E-3	-13,29180186E-6	
5,50000000E-3	-13,55680540E-6	
5,10000000E-3	-13,70715414E-6	
4,60000000E-3	-13,60707780E-6	
4,20000000E-3	-13,34869053E-6	
3,70000000E-3	-13,07487102E-6	
3,20000000E-3	-12,96910423E-6	
2,60000000E-3	-13,13319329E-6	
2,00000000E-3	-13,34419079E-6	
1,50000000E-3	-13,36346599E-6	
1,00000000E-3	-13,10332717E-6	
600,00000000E-6	-12,75034499E-6	
100,00000000E-6	-12,60463109E-6	
-600,00000000E-6	-12,77086831E-6	
-1,00000000E-3	-12,99556472E-6	
-1,50000000E-3	-12,98060223E-6	
-2,00000000E-3	-12,75277117E-6	
-2,50000000E-3	-12,47184981E-6	
-2,90000000E-3	-12,33535876E-6	
-3,60000000E-3	-12,36538595E-6	
-4,00000000E-3	-12,56544690E-6	
-4,50000000E-3	-12,77012170E-6	
-5,00000000E-3	-12,89683449E-6	
-5,50000000E-3	-12,85940016E-6	
-5,90000000E-3	-12,66233549E-6	
-6,60000000E-3	-12,47498847E-6	
-7,00000000E-3	-12,45297834E-6	
-7,50000000E-3	-12,59209573E-6	
-8,00000000E-3	-12,86477461E-6	
-8,40000000E-3	-13,14651910E-6	
-8,90000000E-3	-13,27576686E-6	
-9,50000000E-3	-13,19881331E-6	
-10,00000000E-3	-12,99587672E-6	
-10,50000000E-3	-12,90619883E-6	
-11,00000000E-3	-13,14743833E-6	
-11,40000000E-3	-13,52499394E-6	
-11,90000000E-3	-13,61500573E-6	
-12,60000000E-3	-13,39400388E-6	
-13,00000000E-3	-13,31582173E-6	
-13,40000000E-3	-13,59806100E-6	
-13,90000000E-3	-13,97656922E-6	
-14,40000000E-3	-14,14826165E-6	
-14,90000000E-3	-14,06186188E-6	
-15,50000000E-3	-13,86379035E-6	
-16,00000000E-3	-13,79901939E-6	
-16,50000000E-3	-13,96706232E-6	
-17,00000000E-3	-14,32785206E-6	
-17,40000000E-3	-14,61446094E-6	
-17,90000000E-3	-14,59797188E-6	
-18,50000000E-3	-14,33529445E-6	
-19,00000000E-3	-14,20420403E-6	
-19,50000000E-3	-14,38978284E-6	
-19,90000000E-3	-14,70683260E-6	
-20,40000000E-3	-14,88082681E-6	
-20,80000000E-3	-14,77276676E-6	
-21,50000000E-3	-14,47160810E-6	
-22,00000000E-3	-14,22535017E-6	
-22,50000000E-3	-14,18031055E-6	
-22,90000000E-3	-14,33870929E-6	
-23,40000000E-3	-14,51757374E-6	
-23,80000000E-3	-14,45161673E-6	
-24,50000000E-3	-14,14256149E-6	
-25,00000000E-3	-13,73333653E-6	
-25,50000000E-3	-13,35577759E-6	
-25,90000000E-3	-13,07548707E-6	
-26,40000000E-3	-12,90546788E-6	
-26,80000000E-3	-12,79161644E-6	
-27,40000000E-3	-12,68181948E-6	
-28,00000000E-3	-12,49484489E-6	
-28,40000000E-3	-12,25899973E-6	
-28,90000000E-3	-11,96059394E-6	
-29,40000000E-3	-11,62493475E-6	
-29,80000000E-3	-11,19802791E-6	
-30,30000000E-3	-10,77181315E-6	
-30,90000000E-3	-10,34755681E-6	
-31,40000000E-3	-9,86866209E-6	
-31,60000000E-3	-9,30230940E-6	
-32,40000000E-3	-8,62087531E-6	
-32,80000000E-3	-7,84869501E-6	
-33,30000000E-3	-7,18076424E-6	
-33,80000000E-3	-6,75433662E-6	
-34,20000000E-3	-6,51479461E-6	
-34,70000000E-3	-6,16031726E-6	
-35,10000000E-3	-5,43511095E-6	
-35,80000000E-3	-4,54892529E-6	
-36,30000000E-3	-3,87238207E-6	
-36,70000000E-3	-3,51634297E-6	
-37,20000000E-3	-3,22903911E-6	
-37,90000000E-3	-2,74665239E-6	
-38,10000000E-3	-1,99291547E-6	
-38,80000000E-3	-1,12894897E-6	
-39,30000000E-3	-401,95427314E-9	
-39,70000000E-3	-59,83442964E-9	
-40,20000000E-3	220,84638905E-9	
-40,60000000E-3	821,48024954E-9	
-41,10000000E-3	1,70443552E-6	
-41,60000000E-3	2,38184594E-6	
-42,20000000E-3	2,69081261E-6	
-42,70000000E-3	2,92944773E-6	
-43,20000000E-3	3,44870533E-6	
-43,60000000E-3	4,27064733E-6	
-44,10000000E-3	4,97864894E-6	
-44,60000000E-3	5,37205552E-6	
-45,20000000E-3	5,53410633E-6	
-45,70000000E-3	5,78828098E-6	
-46,20000000E-3	6,37841585E-6	
-46,60000000E-3	7,08953189E-6	
-47,10000000E-3	7,64923756E-6	
-47,50000000E-3	7,82466640E-6	
-48,00000000E-3	7,84756838E-6	
-48,60000000E-3	8,01276578E-6	
-49,10000000E-3	8,44414480E-6	
-49,60000000E-3	8,98295285E-6	
-50,10000000E-3	9,42192198E-6	
-50,50000000E-3	9,61237407E-6	
-51,00000000E-3	9,55044876E-6	
-51,70000000E-3	9,38273295E-6	
-52,10000000E-3	9,31706941E-6	
-52,60000000E-3	9,45085169E-6	
-53,00000000E-3	9,71369880E-6	
-53,50000000E-3	10,01232554E-6	
-54,00000000E-3	10,18093047E-6	
-54,70000000E-3	10,12291837E-6	
-55,20000000E-3	9,87772684E-6	
-55,50000000E-3	9,54254438E-6	
-56,00000000E-3	9,32847027E-6	
-56,50000000E-3	9,37964197E-6	
-56,90000000E-3	9,57681678E-6	
-57,70000000E-3	9,68858469E-6	
-58,20000000E-3	9,51036909E-6	
-58,50000000E-3	9,07638591E-6	
-59,00000000E-3	8,68153157E-6	
-59,50000000E-3	8,53843559E-6	
-59,90000000E-3	8,67775503E-6	
-60,50000000E-3	8,80425738E-6	
-61,10000000E-3	8,68689072E-6	
-61,60000000E-3	8,28183965E-6	
-62,10000000E-3	7,84399027E-6	
-62,50000000E-3	7,58945678E-6	
-62,90000000E-3	7,62831025E-6	
-63,40000000E-3	7,79321265E-6	
-64,10000000E-3	7,78283882E-6	
-64,60000000E-3	7,41792778E-6	
-65,10000000E-3	6,92247761E-6	
-65,50000000E-3	6,82530256E-6	
-65,90000000E-3	7,05774479E-6	
-66,40000000E-3	7,09017834E-6	
-67,00000000E-3	6,72513066E-6	
-67,60000000E-3	6,30473788E-6	
-68,10000000E-3	6,15935768E-6	
-68,50000000E-3	6,31607241E-6	
-69,00000000E-3	6,50658000E-6	
-69,50000000E-3	6,41107329E-6	
-70,10000000E-3	5,89732076E-6	
-70,60000000E-3	5,74730967E-6	
-71,00000000E-3	5,97335713E-6	
-71,50000000E-3	6,12270332E-6	
-72,00000000E-3	5,97025640E-6	
-72,40000000E-3	5,60295548E-6	
-73,10000000E-3	5,49872229E-6	
-73,50000000E-3	5,44861933E-6	
-74,00000000E-3	5,28648202E-6	
-74,50000000E-3	5,22796619E-6	
-74,90000000E-3	5,30317174E-6	
-75,40000000E-3	5,43695824E-6	
-75,90000000E-3	5,53325586E-6	
-76,60000000E-3	5,42590845E-6	
-77,00000000E-3	5,16367634E-6	
-77,30000000E-3	5,00440878E-6	
-78,00000000E-3	5,10901840E-6	
-78,20000000E-3	5,29256305E-6	
-78,90000000E-3	5,24990287E-6	
-79,50000000E-3	4,92269459E-6	
-80,00000000E-3	4,74502796E-6	
-80,50000000E-3	4,96488601E-6	
-80,90000000E-3	5,23319848E-6	
-81,30000000E-3	5,26781680E-6	
-81,90000000E-3	5,02480156E-6	
-82,30000000E-3	4,68201072E-6	
-82,70000000E-3	4,53387500E-6	
-83,30000000E-3	4,68384090E-6	
-84,00000000E-3	4,95522295E-6	
-84,20000000E-3	5,13651617E-6	
-84,70000000E-3	5,04751580E-6	
-85,30000000E-3	4,79731393E-6	
-85,90000000E-3	4,50872400E-6	
-86,20000000E-3	4,30898028E-6	
-86,70000000E-3	4,26913923E-6	
-87,20000000E-3	4,32078335E-6	
-87,80000000E-3	4,38719733E-6	
-88,20000000E-3	4,45597459E-6	
-88,70000000E-3	4,48459068E-6	
-89,20000000E-3	4,48723108E-6	
-89,80000000E-3	4,46150787E-6	
-90,20000000E-3	4,39792322E-6	
-90,70000000E-3	4,27033597E-6	
-91,10000000E-3	4,13594882E-6	
-91,80000000E-3	4,03908976E-6	
-92,20000000E-3	3,94768759E-6	
-92,70000000E-3	3,91974912E-6	
-93,30000000E-3	3,91959719E-6	
-93,70000000E-3	3,77520389E-6	
-94,20000000E-3	3,76798785E-6	
-94,70000000E-3	3,84280336E-6	
-95,20000000E-3	4,00537371E-6	
-95,70000000E-3	4,15322935E-6	
-96,20000000E-3	4,16982729E-6	
-96,70000000E-3	4,04783340E-6	
-97,20000000E-3	3,89927449E-6	
-97,70000000E-3	3,81109550E-6	
-98,10000000E-3	3,80913005E-6	
-98,60000000E-3	3,93532295E-6	
-99,20000000E-3	4,08948956E-6	
-99,70000000E-3	4,21601456E-6	
-100,10000000E-3	4,20197817E-6	
-100,60000000E-3	4,04113523E-6	
-101,30000000E-3	3,86471391E-6	
-101,70000000E-3	3,61367058E-6	
-102,10000000E-3	3,49214449E-6	
-102,60000000E-3	3,51958261E-6	
-103,20000000E-3	3,63636072E-6	
-103,70000000E-3	3,87392780E-6	
-104,10000000E-3	4,10096473E-6	
-104,50000000E-3	4,19010766E-6	
-105,20000000E-3	4,09804688E-6	
-105,70000000E-3	3,87919938E-6	
-106,10000000E-3	3,65652436E-6	
-106,50000000E-3	3,47898616E-6	
-107,20000000E-3	3,43564577E-6	
-107,70000000E-3	3,55567326E-6	
-108,10000000E-3	3,80764693E-6	
-108,50000000E-3	4,04626103E-6	
-109,10000000E-3	4,02975521E-6	
-109,70000000E-3	3,78102765E-6	
-110,10000000E-3	3,48439511E-6	
-110,50000000E-3	3,36376735E-6	
-111,10000000E-3	3,45390075E-6	
-111,60000000E-3	3,63841998E-6	
-112,10000000E-3	3,90600695E-6	
-112,50000000E-3	4,07012732E-6	
-113,10000000E-3	4,06117629E-6	
-113,60000000E-3	3,88309384E-6	
-114,10000000E-3	3,54558309E-6	
-114,50000000E-3	3,26582050E-6	
-115,10000000E-3	3,28878878E-6	
-115,60000000E-3	3,58012606E-6	
-116,10000000E-3	3,89939615E-6	
-116,50000000E-3	4,01208421E-6	
-117,10000000E-3	3,90644811E-6	
-117,60000000E-3	3,72152221E-6	
-118,10000000E-3	3,52358922E-6	
-118,50000000E-3	3,33348225E-6	
-119,10000000E-3	3,18775038E-6	
-119,60000000E-3	3,10577386E-6	
-120,10000000E-3	3,09571339E-6	
-120,50000000E-3	3,18222400E-6	
-121,10000000E-3	3,38259547E-6	
-121,60000000E-3	3,63563692E-6	
-122,10000000E-3	3,84013516E-6	
-122,40000000E-3	3,96001707E-6	
-123,00000000E-3	4,00203826E-6	
-123,60000000E-3	4,00126390E-6	
-124,10000000E-3	3,99536156E-6	
-124,30000000E-3	3,96481853E-6	
-124,90000000E-3	3,90484413E-6	
-125,30000000E-3	3,84724112E-6	
-126,00000000E-3	3,73197238E-6	
-126,40000000E-3	3,56493716E-6	
-127,00000000E-3	3,44361199E-6	
-127,50000000E-3	3,35529695E-6	
-128,00000000E-3	3,22580065E-6	
-128,40000000E-3	3,06335505E-6	
-128,90000000E-3	2,95628906E-6	
-129,30000000E-3	2,91161082E-6	
-129,70000000E-3	2,90687522E-6	
-130,40000000E-3	2,92880803E-6	
-130,80000000E-3	2,97667103E-6	
-131,30000000E-3	3,01906706E-6	
-131,70000000E-3	3,01062811E-6	
-132,40000000E-3	3,04203070E-6	
-132,90000000E-3	3,08198299E-6	
-133,30000000E-3	3,14674488E-6	
-133,70000000E-3	3,24219576E-6	
-134,40000000E-3	3,34911714E-6	
-134,80000000E-3	3,47367720E-6	
-135,20000000E-3	3,56682047E-6	
-135,70000000E-3	3,61201230E-6	
-136,20000000E-3	3,54511082E-6	
-136,80000000E-3	3,43248474E-6	
-137,30000000E-3	3,27257845E-6	
-137,70000000E-3	3,05509470E-6	
-138,30000000E-3	2,87358358E-6	
-138,80000000E-3	2,79628783E-6	
-139,20000000E-3	2,84167305E-6	
-139,70000000E-3	2,99378253E-6	
-140,30000000E-3	3,16889734E-6	
-140,80000000E-3	3,35922320E-6	
-141,30000000E-3	3,52267212E-6	
-141,70000000E-3	3,67018952E-6	
-142,40000000E-3	3,79032003E-6	
-142,80000000E-3	3,79065629E-6	
-143,20000000E-3	3,66541347E-6	
-143,70000000E-3	3,50541257E-6	
-144,40000000E-3	3,35007813E-6	
-144,80000000E-3	3,24653192E-6	
-145,20000000E-3	3,20698664E-6	
-145,70000000E-3	3,15033510E-6	
-146,40000000E-3	3,16572973E-6	
-146,70000000E-3	3,22928618E-6	
-147,20000000E-3	3,33410455E-6	
-147,70000000E-3	3,46044015E-6	
-148,30000000E-3	3,56854639E-6	
-148,80000000E-3	3,65250541E-6	
-149,20000000E-3	3,69451786E-6	
-149,70000000E-3	3,72009975E-6	
