150,00000000E-3	3,69896788E-6	
150,00000000E-3	3,71019597E-6	
149,90000000E-3	3,64285879E-6	
149,80000000E-3	3,69833690E-6	
149,70000000E-3	3,71372226E-6	
149,50000000E-3	3,65775218E-6	
148,90000000E-3	3,69739959E-6	
148,60000000E-3	3,70878089E-6	
148,30000000E-3	3,65008937E-6	
147,90000000E-3	3,74107607E-6	
147,40000000E-3	3,73540636E-6	
147,00000000E-3	3,68560636E-6	
146,70000000E-3	3,75255377E-6	
146,30000000E-3	3,69123811E-6	
145,80000000E-3	3,71036977E-6	
145,20000000E-3	3,76481420E-6	
144,80000000E-3	3,71004873E-6	
144,40000000E-3	3,77168456E-6	
144,00000000E-3	3,73574202E-6	
143,50000000E-3	3,75396424E-6	
143,00000000E-3	3,80604322E-6	
142,40000000E-3	3,72873257E-6	
141,90000000E-3	3,76949865E-6	
141,50000000E-3	3,82959365E-6	
141,00000000E-3	3,75185477E-6	
140,50000000E-3	3,78900022E-6	
140,30000000E-3	3,84072445E-6	
139,40000000E-3	3,74127780E-6	
138,90000000E-3	3,79933146E-6	
138,40000000E-3	3,83947483E-6	
138,00000000E-3	3,75630741E-6	
137,50000000E-3	3,81415601E-6	
137,00000000E-3	3,87209250E-6	
136,90000000E-3	3,79621193E-6	
135,90000000E-3	3,83785868E-6	
135,50000000E-3	3,88484235E-6	
135,00000000E-3	3,82221473E-6	
134,80000000E-3	3,86744629E-6	
133,90000000E-3	3,86521196E-6	
133,40000000E-3	3,82675420E-6	
133,40000000E-3	3,90580343E-6	
132,50000000E-3	3,85101301E-6	
132,00000000E-3	3,88793775E-6	
131,50000000E-3	3,90176249E-6	
131,10000000E-3	3,85808436E-6	
130,40000000E-3	3,95294768E-6	
130,00000000E-3	3,89218112E-6	
129,60000000E-3	3,89792728E-6	
129,10000000E-3	3,96112379E-6	
128,70000000E-3	3,86495887E-6	
128,10000000E-3	3,95393933E-6	
127,60000000E-3	3,91496737E-6	
127,10000000E-3	3,91763253E-6	
127,00000000E-3	3,95192370E-6	
126,20000000E-3	3,89899883E-6	
125,90000000E-3	3,99091868E-6	
125,10000000E-3	3,91401957E-6	
125,10000000E-3	3,96451137E-6	
124,10000000E-3	4,00809138E-6	
123,70000000E-3	3,92519466E-6	
123,20000000E-3	4,00546033E-6	
122,70000000E-3	4,03727885E-6	
122,20000000E-3	3,95852457E-6	
121,70000000E-3	4,03218438E-6	
121,40000000E-3	4,03241365E-6	
120,80000000E-3	3,97667160E-6	
120,30000000E-3	4,05858072E-6	
119,80000000E-3	4,03234324E-6	
119,40000000E-3	3,99665858E-6	
118,70000000E-3	4,07013864E-6	
118,20000000E-3	4,06508378E-6	
117,80000000E-3	4,01016600E-6	
117,30000000E-3	4,07823093E-6	
116,80000000E-3	4,07251371E-6	
116,20000000E-3	4,03189420E-6	
115,70000000E-3	4,11612203E-6	
115,40000000E-3	4,09410165E-6	
114,70000000E-3	4,06114178E-6	
114,20000000E-3	4,14889881E-6	
113,80000000E-3	4,06267481E-6	
113,30000000E-3	4,04862224E-6	
112,70000000E-3	4,15661009E-6	
112,70000000E-3	4,14527039E-6	
111,70000000E-3	4,07734397E-6	
111,20000000E-3	4,13565716E-6	
110,80000000E-3	4,17170259E-6	
110,30000000E-3	4,10883492E-6	
109,90000000E-3	4,12249612E-6	
109,40000000E-3	4,20549884E-6	
108,70000000E-3	4,16015502E-6	
108,50000000E-3	4,14935793E-6	
107,80000000E-3	4,22644807E-6	
107,40000000E-3	4,18672229E-6	
106,90000000E-3	4,15679276E-6	
106,30000000E-3	4,22848662E-6	
105,80000000E-3	4,22523433E-6	
105,30000000E-3	4,15803313E-6	
104,80000000E-3	4,23527404E-6	
104,30000000E-3	4,29175190E-6	
103,90000000E-3	4,20069983E-6	
103,20000000E-3	4,23385861E-6	
102,80000000E-3	4,30094463E-6	
102,30000000E-3	4,24868894E-6	
101,80000000E-3	4,23194374E-6	
101,40000000E-3	4,31346242E-6	
100,90000000E-3	4,29800661E-6	
100,50000000E-3	4,23334387E-6	
99,90000000E-3	4,31014670E-6	
99,40000000E-3	4,36646667E-6	
98,90000000E-3	4,27575931E-6	
98,70000000E-3	4,26860117E-6	
97,90000000E-3	4,35925502E-6	
97,90000000E-3	4,34406639E-6	
96,90000000E-3	4,29638811E-6	
96,40000000E-3	4,33397404E-6	
95,80000000E-3	4,40648374E-6	
95,50000000E-3	4,42430193E-6	
94,80000000E-3	4,35464562E-6	
94,40000000E-3	4,30021246E-6	
94,00000000E-3	4,31756462E-6	
93,50000000E-3	4,38168238E-6	
93,00000000E-3	4,46600316E-6	
92,50000000E-3	4,50206359E-6	
92,10000000E-3	4,49222781E-6	
91,60000000E-3	4,43364625E-6	
91,40000000E-3	4,39621732E-6	
90,40000000E-3	4,38504674E-6	
90,00000000E-3	4,41008640E-6	
90,00000000E-3	4,42683226E-6	
89,10000000E-3	4,46443023E-6	
88,50000000E-3	4,50053727E-6	
88,30000000E-3	4,55660083E-6	
87,60000000E-3	4,60944241E-6	
87,10000000E-3	4,64167665E-6	
86,60000000E-3	4,65676657E-6	
86,10000000E-3	4,62303110E-6	
85,40000000E-3	4,57270670E-6	
84,90000000E-3	4,51963049E-6	
84,40000000E-3	4,46430034E-6	
84,00000000E-3	4,46061973E-6	
83,50000000E-3	4,50389348E-6	
83,10000000E-3	4,58031507E-6	
82,60000000E-3	4,68965322E-6	
81,90000000E-3	4,75038945E-6	
81,80000000E-3	4,71127378E-6	
81,20000000E-3	4,62595570E-6	
80,60000000E-3	4,53269211E-6	
80,10000000E-3	4,52133906E-6	
79,60000000E-3	4,59056183E-6	
79,00000000E-3	4,68998127E-6	
78,50000000E-3	4,75685107E-6	
78,10000000E-3	4,75327529E-6	
77,60000000E-3	4,69428302E-6	
77,40000000E-3	4,62998301E-6	
76,40000000E-3	4,57721422E-6	
76,20000000E-3	4,56845759E-6	
75,70000000E-3	4,61110298E-6	
75,20000000E-3	4,66916398E-6	
74,60000000E-3	4,74457233E-6	
74,10000000E-3	4,81947976E-6	
73,90000000E-3	4,84950856E-6	
73,00000000E-3	4,81017777E-6	
72,60000000E-3	4,75800624E-6	
72,10000000E-3	4,69642836E-6	
71,60000000E-3	4,65217229E-6	
71,60000000E-3	4,64934556E-6	
70,70000000E-3	4,68307270E-6	
70,20000000E-3	4,73907294E-6	
70,00000000E-3	4,79538243E-6	
69,10000000E-3	4,84203755E-6	
68,70000000E-3	4,86539159E-6	
68,20000000E-3	4,84811368E-6	
67,70000000E-3	4,79533266E-6	
67,20000000E-3	4,75394140E-6	
66,80000000E-3	4,72059941E-6	
66,20000000E-3	4,68756176E-6	
65,60000000E-3	4,66978122E-6	
65,10000000E-3	4,68203435E-6	
64,90000000E-3	4,69992552E-6	
64,30000000E-3	4,67711433E-6	
63,80000000E-3	4,65705858E-6	
63,10000000E-3	4,64707346E-6	
62,60000000E-3	4,63648909E-6	
62,20000000E-3	4,64316475E-6	
61,70000000E-3	4,61457098E-6	
61,20000000E-3	4,59945191E-6	
60,80000000E-3	4,57603921E-6	
60,20000000E-3	4,54255950E-6	
59,60000000E-3	4,52976831E-6	
59,20000000E-3	4,47326877E-6	
58,70000000E-3	4,37021603E-6	
58,30000000E-3	4,29315244E-6	
57,80000000E-3	4,25583333E-6	
57,20000000E-3	4,26327633E-6	
56,70000000E-3	4,27892445E-6	
56,20000000E-3	4,28115374E-6	
55,70000000E-3	4,29363344E-6	
55,30000000E-3	4,25823842E-6	
54,80000000E-3	4,18692673E-6	
54,30000000E-3	4,11405951E-6	
53,80000000E-3	4,03272739E-6	
53,60000000E-3	3,91732426E-6	
52,60000000E-3	3,78870547E-6	
52,20000000E-3	3,67071698E-6	
51,70000000E-3	3,56038832E-6	
51,20000000E-3	3,48537217E-6	
50,80000000E-3	3,44735066E-6	
50,30000000E-3	3,42485734E-6	
49,70000000E-3	3,42312231E-6	
49,20000000E-3	3,35229543E-6	
48,90000000E-3	3,23226569E-6	
48,30000000E-3	3,11419811E-6	
48,20000000E-3	2,98872412E-6	
47,20000000E-3	2,82375331E-6	
46,70000000E-3	2,66632214E-6	
46,20000000E-3	2,64404835E-6	
45,80000000E-3	2,62248073E-6	
45,30000000E-3	2,44909797E-6	
44,90000000E-3	2,23479564E-6	
44,30000000E-3	2,14128566E-6	
43,70000000E-3	2,14247465E-6	
43,30000000E-3	2,04183432E-6	
42,80000000E-3	1,81102765E-6	
42,40000000E-3	1,60761496E-6	
41,90000000E-3	1,54865029E-6	
41,30000000E-3	1,52557749E-6	
40,70000000E-3	1,34448307E-6	
40,70000000E-3	1,10365103E-6	
39,80000000E-3	1,03685526E-6	
39,40000000E-3	1,02491872E-6	
38,90000000E-3	830,37847787E-9	
38,40000000E-3	582,05355396E-9	
38,00000000E-3	478,70149762E-9	
37,50000000E-3	463,96140921E-9	
37,00000000E-3	398,00240112E-9	
36,40000000E-3	201,22239956E-9	
36,00000000E-3	-31,32924465E-9	
35,50000000E-3	-178,48492412E-9	
35,00000000E-3	-245,71843786E-9	
34,60000000E-3	-281,96139762E-9	
34,00000000E-3	-344,81045242E-9	
33,40000000E-3	-470,57247729E-9	
32,90000000E-3	-613,99497477E-9	
32,50000000E-3	-763,11089543E-9	
32,10000000E-3	-917,25341387E-9	
31,60000000E-3	-1,07452739E-6	
31,00000000E-3	-1,24072075E-6	
30,30000000E-3	-1,39693219E-6	
29,90000000E-3	-1,51037440E-6	
29,70000000E-3	-1,58738330E-6	
28,90000000E-3	-1,65081948E-6	
28,40000000E-3	-1,69465781E-6	
28,00000000E-3	-1,75363115E-6	
27,50000000E-3	-1,83835613E-6	
27,00000000E-3	-1,95191164E-6	
26,40000000E-3	-2,09913407E-6	
25,90000000E-3	-2,25013081E-6	
25,70000000E-3	-2,40162727E-6	
25,00000000E-3	-2,48636519E-6	
24,80000000E-3	-2,55152566E-6	
23,90000000E-3	-2,59167337E-6	
23,50000000E-3	-2,62988298E-6	
23,00000000E-3	-2,68307385E-6	
22,50000000E-3	-2,77623689E-6	
22,50000000E-3	-2,92821042E-6	
21,50000000E-3	-3,06245541E-6	
21,10000000E-3	-3,14593483E-6	
20,60000000E-3	-3,16611622E-6	
20,10000000E-3	-3,15463698E-6	
19,60000000E-3	-3,19521514E-6	
19,20000000E-3	-3,31433705E-6	
18,60000000E-3	-3,45661253E-6	
18,00000000E-3	-3,52039037E-6	
17,60000000E-3	-3,50017828E-6	
17,30000000E-3	-3,51958674E-6	
16,50000000E-3	-3,65181635E-6	
16,00000000E-3	-3,75957815E-6	
15,60000000E-3	-3,76831915E-6	
15,10000000E-3	-3,74609381E-6	
14,50000000E-3	-3,81705574E-6	
14,00000000E-3	-3,90453291E-6	
13,70000000E-3	-4,01021924E-6	
13,00000000E-3	-4,05583076E-6	
12,60000000E-3	-3,99282838E-6	
12,10000000E-3	-3,94750440E-6	
11,60000000E-3	-4,01298980E-6	
11,20000000E-3	-4,14644203E-6	
10,70000000E-3	-4,19593211E-6	
10,20000000E-3	-4,14870920E-6	
9,80000000E-3	-4,11131192E-6	
9,10000000E-3	-4,19019326E-6	
8,70000000E-3	-4,30425538E-6	
8,20000000E-3	-4,29544281E-6	
7,50000000E-3	-4,23948799E-6	
7,30000000E-3	-4,25507642E-6	
6,80000000E-3	-4,34999135E-6	
6,20000000E-3	-4,40252312E-6	
5,70000000E-3	-4,36933753E-6	
5,20000000E-3	-4,32015697E-6	
4,70000000E-3	-4,33416851E-6	
4,30000000E-3	-4,41080185E-6	
3,80000000E-3	-4,47799810E-6	
3,30000000E-3	-4,45125553E-6	
2,70000000E-3	-4,39561740E-6	
2,20000000E-3	-4,38814523E-6	
1,60000000E-3	-4,45244539E-6	
1,30000000E-3	-4,51279206E-6	
700,00000000E-6	-4,47765309E-6	
200,00000000E-6	-4,41595229E-6	
-300,00000000E-6	-4,41177631E-6	
-1,00000000E-3	-4,47597369E-6	
-1,40000000E-3	-4,55394139E-6	
-1,80000000E-3	-4,53148443E-6	
-2,30000000E-3	-4,46367298E-6	
-2,80000000E-3	-4,42995734E-6	
-3,40000000E-3	-4,47379666E-6	
-4,00000000E-3	-4,53279380E-6	
-4,40000000E-3	-4,55216857E-6	
-4,90000000E-3	-4,51499569E-6	
-5,30000000E-3	-4,44856496E-6	
-5,80000000E-3	-4,43694517E-6	
-6,40000000E-3	-4,50590470E-6	
-7,00000000E-3	-4,57020198E-6	
-7,40000000E-3	-4,55542233E-6	
-7,90000000E-3	-4,48688453E-6	
-8,30000000E-3	-4,46280454E-6	
-8,80000000E-3	-4,54182611E-6	
-9,40000000E-3	-4,56978753E-6	
-9,90000000E-3	-4,50051631E-6	
-10,40000000E-3	-4,45782837E-6	
-10,90000000E-3	-4,50118764E-6	
-11,30000000E-3	-4,53144905E-6	
-11,80000000E-3	-4,48288128E-6	
-12,40000000E-3	-4,43475237E-6	
-12,90000000E-3	-4,46739387E-6	
-13,40000000E-3	-4,52310970E-6	
-13,90000000E-3	-4,49492817E-6	
-14,40000000E-3	-4,41570775E-6	
-14,80000000E-3	-4,38656887E-6	
-15,30000000E-3	-4,40908837E-6	
-16,00000000E-3	-4,44880255E-6	
-16,40000000E-3	-4,45927089E-6	
-16,90000000E-3	-4,40613423E-6	
-17,30000000E-3	-4,32580807E-6	
-17,80000000E-3	-4,25283924E-6	
-18,20000000E-3	-4,24384278E-6	
-19,00000000E-3	-4,29573124E-6	
-19,40000000E-3	-4,29636887E-6	
-19,80000000E-3	-4,21700515E-6	
-20,30000000E-3	-4,12671304E-6	
-20,80000000E-3	-4,03742875E-6	
-21,20000000E-3	-3,98447591E-6	
-21,70000000E-3	-4,00566762E-6	
-22,40000000E-3	-4,01959529E-6	
-22,90000000E-3	-3,99192506E-6	
-23,30000000E-3	-3,92168702E-6	
-23,80000000E-3	-3,82346599E-6	
-24,30000000E-3	-3,69430572E-6	
-24,70000000E-3	-3,58814138E-6	
-25,40000000E-3	-3,52478825E-6	
-25,90000000E-3	-3,48656772E-6	
-26,30000000E-3	-3,44561875E-6	
-26,80000000E-3	-3,38792164E-6	
-27,20000000E-3	-3,28403831E-6	
-27,70000000E-3	-3,14545104E-6	
-28,20000000E-3	-2,98660711E-6	
-28,80000000E-3	-2,83017360E-6	
-29,30000000E-3	-2,69247674E-6	
-29,80000000E-3	-2,57999590E-6	
-30,20000000E-3	-2,48544620E-6	
-30,70000000E-3	-2,41943082E-6	
-31,20000000E-3	-2,34359940E-6	
-31,80000000E-3	-2,22353907E-6	
-32,10000000E-3	-2,05310139E-6	
-32,50000000E-3	-1,83610567E-6	
-33,00000000E-3	-1,62520573E-6	
-33,60000000E-3	-1,44559455E-6	
-34,20000000E-3	-1,32013517E-6	
-34,60000000E-3	-1,21071320E-6	
-35,10000000E-3	-1,12020807E-6	
-35,70000000E-3	-1,00852462E-6	
-36,00000000E-3	-851,54127738E-9	
-36,70000000E-3	-632,66213191E-9	
-37,20000000E-3	-395,11290569E-9	
-37,60000000E-3	-154,23279908E-9	
-38,10000000E-3	61,83851143E-9	
-38,50000000E-3	232,99595379E-9	
-39,00000000E-3	391,85035242E-9	
-39,70000000E-3	535,64845826E-9	
-40,10000000E-3	684,99880531E-9	
-40,50000000E-3	863,99974336E-9	
-41,00000000E-3	1,04040685E-6	
-41,50000000E-3	1,21829557E-6	
-42,00000000E-3	1,38921960E-6	
-42,50000000E-3	1,55249198E-6	
-43,10000000E-3	1,70177927E-6	
-43,60000000E-3	1,84686150E-6	
-44,00000000E-3	1,98594207E-6	
-44,50000000E-3	2,14599372E-6	
-44,90000000E-3	2,28964984E-6	
-45,50000000E-3	2,42190877E-6	
-46,10000000E-3	2,57998817E-6	
-46,50000000E-3	2,71835902E-6	
-47,00000000E-3	2,85432780E-6	
-47,50000000E-3	3,00116423E-6	
-47,90000000E-3	3,14190575E-6	
-48,40000000E-3	3,25976580E-6	
-49,00000000E-3	3,38487501E-6	
-49,50000000E-3	3,51781250E-6	
-50,00000000E-3	3,67399771E-6	
-50,40000000E-3	3,83645834E-6	
-50,90000000E-3	3,99413911E-6	
-51,40000000E-3	4,16676238E-6	
-52,10000000E-3	4,31290918E-6	
-52,50000000E-3	4,45119445E-6	
-52,90000000E-3	4,62054340E-6	
-53,40000000E-3	4,75120716E-6	
-53,90000000E-3	4,82090772E-6	
-54,50000000E-3	4,82413717E-6	
-55,00000000E-3	4,79259389E-6	
-55,50000000E-3	4,77244217E-6	
-55,90000000E-3	4,81264846E-6	
-56,40000000E-3	4,90839186E-6	
-56,90000000E-3	5,07477407E-6	
-57,50000000E-3	5,24133728E-6	
-58,00000000E-3	5,36430297E-6	
-58,50000000E-3	5,37915471E-6	
-58,90000000E-3	5,31945445E-6	
-59,40000000E-3	5,26058113E-6	
-59,80000000E-3	5,25285438E-6	
-60,30000000E-3	5,32255592E-6	
-61,00000000E-3	5,41782770E-6	
-61,50000000E-3	5,53402257E-6	
-61,90000000E-3	5,64379811E-6	
-62,40000000E-3	5,71070256E-6	
-62,80000000E-3	5,71961216E-6	
-63,30000000E-3	5,67529682E-6	
-64,00000000E-3	5,60085592E-6	
-64,40000000E-3	5,54134430E-6	
-64,90000000E-3	5,51562189E-6	
-65,40000000E-3	5,57123521E-6	
-65,80000000E-3	5,69635638E-6	
-66,30000000E-3	5,80173758E-6	
-67,00000000E-3	5,81230562E-6	
-67,40000000E-3	5,70888416E-6	
-67,90000000E-3	5,59917995E-6	
-68,40000000E-3	5,58684195E-6	
-68,80000000E-3	5,69892835E-6	
-69,30000000E-3	5,84148570E-6	
-69,90000000E-3	5,85364739E-6	
-70,40000000E-3	5,73721231E-6	
-70,90000000E-3	5,58374824E-6	
-71,40000000E-3	5,61140479E-6	
-71,80000000E-3	5,79440247E-6	
-72,20000000E-3	5,81585028E-6	
-72,90000000E-3	5,64559637E-6	
-73,40000000E-3	5,59642793E-6	
-73,90000000E-3	5,73673237E-6	
-74,30000000E-3	5,78329612E-6	
-74,80000000E-3	5,65745584E-6	
-75,20000000E-3	5,57519569E-6	
-75,80000000E-3	5,68052292E-6	
-76,40000000E-3	5,75712805E-6	
-76,80000000E-3	5,63552907E-6	
-77,30000000E-3	5,54670364E-6	
-77,80000000E-3	5,64452605E-6	
-78,30000000E-3	5,72626071E-6	
-78,90000000E-3	5,62238628E-6	
-79,40000000E-3	5,49244032E-6	
-79,90000000E-3	5,56148975E-6	
-80,10000000E-3	5,66807382E-6	
-80,80000000E-3	5,59468597E-6	
-81,20000000E-3	5,48183371E-6	
-81,70000000E-3	5,51725237E-6	
-82,20000000E-3	5,62679297E-6	
-82,80000000E-3	5,60300225E-6	
-83,30000000E-3	5,45482489E-6	
-83,50000000E-3	5,42157914E-6	
-84,30000000E-3	5,56674693E-6	
-84,70000000E-3	5,60832382E-6	
-85,20000000E-3	5,47034251E-6	
-85,60000000E-3	5,37942616E-6	
-86,10000000E-3	5,46344376E-6	
-86,50000000E-3	5,57433290E-6	
-87,20000000E-3	5,54093218E-6	
-87,70000000E-3	5,36414538E-6	
-88,20000000E-3	5,31303824E-6	
-88,60000000E-3	5,40388770E-6	
-89,10000000E-3	5,51159609E-6	
-89,50000000E-3	5,47216955E-6	
-90,00000000E-3	5,34874734E-6	
-90,70000000E-3	5,33431821E-6	
-91,20000000E-3	5,41316035E-6	
-91,60000000E-3	5,43233074E-6	
-92,10000000E-3	5,32904131E-6	
-92,50000000E-3	5,27400617E-6	
-93,00000000E-3	5,28964623E-6	
-93,70000000E-3	5,34097093E-6	
-94,10000000E-3	5,43725693E-6	
-94,60000000E-3	5,46491790E-6	
-95,10000000E-3	5,41604832E-6	
-95,50000000E-3	5,33445917E-6	
-96,00000000E-3	5,26072265E-6	
-96,60000000E-3	5,20095892E-6	
-97,10000000E-3	5,15031504E-6	
-97,60000000E-3	5,15940808E-6	
-98,10000000E-3	5,21186261E-6	
-98,50000000E-3	5,29326576E-6	
-99,00000000E-3	5,38969211E-6	
-99,60000000E-3	5,38195227E-6	
-100,10000000E-3	5,32374810E-6	
-100,60000000E-3	5,25591808E-6	
-101,10000000E-3	5,17458501E-6	
-101,60000000E-3	5,13211742E-6	
-102,00000000E-3	5,12011047E-6	
-102,50000000E-3	5,14638690E-6	
-103,10000000E-3	5,22091698E-6	
-103,60000000E-3	5,27194326E-6	
-104,10000000E-3	5,21973484E-6	
-104,60000000E-3	5,11689749E-6	
-105,00000000E-3	5,08019342E-6	
-105,40000000E-3	5,14099087E-6	
-106,10000000E-3	5,25073305E-6	
-106,60000000E-3	5,28410678E-6	
-107,00000000E-3	5,21490774E-6	
-107,50000000E-3	5,10048551E-6	
-108,00000000E-3	4,98983057E-6	
-108,50000000E-3	4,95970319E-6	
-108,90000000E-3	5,02432859E-6	
-109,50000000E-3	5,15349171E-6	
-110,10000000E-3	5,24644260E-6	
-110,50000000E-3	5,27006000E-6	
-111,00000000E-3	5,23820376E-6	
-111,40000000E-3	5,17108313E-6	
-111,90000000E-3	5,06186135E-6	
-112,50000000E-3	4,97258818E-6	
-113,10000000E-3	4,91923752E-6	
-113,50000000E-3	4,88732022E-6	
-114,00000000E-3	4,91622613E-6	
-114,40000000E-3	5,01070885E-6	
-114,90000000E-3	5,11908563E-6	
-115,40000000E-3	5,17768591E-6	
-116,10000000E-3	5,09503862E-6	
-116,50000000E-3	4,94560327E-6	
-117,00000000E-3	4,88348842E-6	
-117,50000000E-3	4,95681944E-6	
-118,00000000E-3	5,08008680E-6	
-118,50000000E-3	5,13172768E-6	
-119,00000000E-3	5,10882408E-6	
-119,40000000E-3	4,98346062E-6	
-119,90000000E-3	4,86495472E-6	
-120,40000000E-3	4,84759212E-6	
-120,90000000E-3	4,84315725E-6	
-121,40000000E-3	4,90364871E-6	
-121,80000000E-3	5,00723341E-6	
-122,40000000E-3	5,08147700E-6	
-122,80000000E-3	5,11688075E-6	
-123,40000000E-3	5,11196677E-6	
-124,00000000E-3	5,04866125E-6	
-124,50000000E-3	4,99386962E-6	
-125,00000000E-3	4,98439898E-6	
-125,50000000E-3	4,94377915E-6	
-125,90000000E-3	4,90383507E-6	
-126,40000000E-3	4,86443110E-6	
-126,90000000E-3	4,83951768E-6	
-127,10000000E-3	4,81482935E-6	
-127,90000000E-3	4,76664485E-6	
-128,40000000E-3	4,75296789E-6	
-128,70000000E-3	4,81269545E-6	
-129,30000000E-3	4,93115559E-6	
-129,80000000E-3	5,04644770E-6	
-130,30000000E-3	5,04216675E-6	
-130,80000000E-3	4,95457486E-6	
-131,20000000E-3	4,83146827E-6	
-131,70000000E-3	4,74339309E-6	
-132,20000000E-3	4,75489783E-6	
-132,70000000E-3	4,87109704E-6	
-133,20000000E-3	4,99859175E-6	
-133,60000000E-3	5,06109874E-6	
-134,10000000E-3	5,05950367E-6	
-134,60000000E-3	4,97385639E-6	
-135,30000000E-3	4,83034424E-6	
-135,60000000E-3	4,71347210E-6	
-136,20000000E-3	4,64344971E-6	
-136,70000000E-3	4,66723582E-6	
-137,20000000E-3	4,77034561E-6	
-137,70000000E-3	4,89701585E-6	
-138,20000000E-3	4,99799985E-6	
-138,70000000E-3	5,05161466E-6	
-139,10000000E-3	5,04379698E-6	
-139,60000000E-3	4,92296463E-6	
-140,20000000E-3	4,76951903E-6	
-140,70000000E-3	4,68055933E-6	
-141,10000000E-3	4,64640645E-6	
-141,60000000E-3	4,67102327E-6	
-142,10000000E-3	4,76643218E-6	
-142,60000000E-3	4,84759652E-6	
-143,00000000E-3	4,94895354E-6	
-143,50000000E-3	5,01245421E-6	
-144,10000000E-3	4,97182185E-6	
-144,70000000E-3	4,88532388E-6	
-145,20000000E-3	4,80217590E-6	
-145,70000000E-3	4,74958224E-6	
-146,10000000E-3	4,73442099E-6	
-146,70000000E-3	4,71122599E-6	
-147,10000000E-3	4,66783916E-6	
-147,60000000E-3	4,63587122E-6	
-148,10000000E-3	4,68129634E-6	
-148,60000000E-3	4,74109859E-6	
-149,10000000E-3	4,80272245E-6	
-149,50000000E-3	4,83484969E-6	
-149,90000000E-3	4,85900115E-6	
