150,00000000E-3	1,45942766E-6	
150,00000000E-3	1,40181680E-6	
150,00000000E-3	1,39003203E-6	
149,90000000E-3	1,38667657E-6	
149,70000000E-3	1,36184993E-6	
149,40000000E-3	1,36075576E-6	
149,30000000E-3	1,38210062E-6	
148,90000000E-3	1,40268244E-6	
148,60000000E-3	1,47022673E-6	
148,10000000E-3	1,52366120E-6	
147,80000000E-3	1,55592504E-6	
147,40000000E-3	1,55965958E-6	
147,00000000E-3	1,54962516E-6	
146,50000000E-3	1,53470461E-6	
146,10000000E-3	1,54907457E-6	
145,50000000E-3	1,55145895E-6	
145,10000000E-3	1,54893152E-6	
144,80000000E-3	1,52954598E-6	
144,30000000E-3	1,51470803E-6	
144,30000000E-3	1,48634157E-6	
143,50000000E-3	1,46431178E-6	
143,10000000E-3	1,46627559E-6	
142,50000000E-3	1,47996807E-6	
142,00000000E-3	1,52502227E-6	
141,40000000E-3	1,57666879E-6	
141,00000000E-3	1,60501078E-6	
140,50000000E-3	1,63119692E-6	
139,80000000E-3	1,62125645E-6	
139,80000000E-3	1,58721010E-6	
138,90000000E-3	1,54068801E-6	
138,50000000E-3	1,48727127E-6	
138,00000000E-3	1,48889679E-6	
137,50000000E-3	1,51266775E-6	
136,90000000E-3	1,56169322E-6	
136,40000000E-3	1,62487352E-6	
136,00000000E-3	1,64335721E-6	
135,50000000E-3	1,62466314E-6	
135,10000000E-3	1,58630507E-6	
134,40000000E-3	1,52921135E-6	
133,90000000E-3	1,51135207E-6	
133,50000000E-3	1,50270051E-6	
133,20000000E-3	1,54111495E-6	
132,60000000E-3	1,60869309E-6	
132,10000000E-3	1,64950209E-6	
131,90000000E-3	1,65285432E-6	
131,10000000E-3	1,59109261E-6	
130,60000000E-3	1,55720951E-6	
130,20000000E-3	1,56506592E-6	
129,80000000E-3	1,63028554E-6	
129,10000000E-3	1,71098663E-6	
128,70000000E-3	1,71667998E-6	
128,20000000E-3	1,64780930E-6	
127,60000000E-3	1,58833456E-6	
127,10000000E-3	1,58988694E-6	
126,60000000E-3	1,63700354E-6	
126,10000000E-3	1,69438813E-6	
125,70000000E-3	1,71605069E-6	
125,20000000E-3	1,67776509E-6	
124,60000000E-3	1,60230011E-6	
124,10000000E-3	1,65286296E-6	
123,60000000E-3	1,74006332E-6	
123,20000000E-3	1,67875207E-6	
122,70000000E-3	1,62150896E-6	
122,30000000E-3	1,63127807E-6	
121,60000000E-3	1,68997019E-6	
121,10000000E-3	1,70739967E-6	
120,70000000E-3	1,68587087E-6	
120,20000000E-3	1,70003099E-6	
119,80000000E-3	1,69051164E-6	
119,20000000E-3	1,68615546E-6	
118,60000000E-3	1,70581347E-6	
118,20000000E-3	1,72835523E-6	
117,70000000E-3	1,75698528E-6	
117,30000000E-3	1,74802371E-6	
116,80000000E-3	1,74861187E-6	
116,30000000E-3	1,73225220E-6	
115,90000000E-3	1,73843212E-6	
115,40000000E-3	1,76357907E-6	
114,70000000E-3	1,79310457E-6	
114,30000000E-3	1,81471612E-6	
113,70000000E-3	1,78620735E-6	
113,20000000E-3	1,76246784E-6	
112,70000000E-3	1,77790846E-6	
112,60000000E-3	1,77500425E-6	
111,80000000E-3	1,84540701E-6	
111,60000000E-3	1,87958479E-6	
111,60000000E-3	1,86552199E-6	
110,30000000E-3	1,81605342E-6	
109,80000000E-3	1,77332408E-6	
109,30000000E-3	1,82621399E-6	
108,90000000E-3	1,90664118E-6	
108,40000000E-3	1,90632034E-6	
108,00000000E-3	1,84825747E-6	
107,30000000E-3	1,83594148E-6	
106,80000000E-3	1,92149432E-6	
106,40000000E-3	1,99499700E-6	
106,20000000E-3	1,94303303E-6	
105,30000000E-3	1,87115832E-6	
105,30000000E-3	1,90649076E-6	
104,30000000E-3	1,98134988E-6	
103,90000000E-3	2,00463411E-6	
103,40000000E-3	1,97139968E-6	
103,00000000E-3	1,90354321E-6	
102,50000000E-3	1,90694694E-6	
102,00000000E-3	1,97073753E-6	
101,40000000E-3	2,04057704E-6	
100,90000000E-3	2,04340067E-6	
100,40000000E-3	2,00361951E-6	
100,00000000E-3	1,96693067E-6	
99,50000000E-3	1,96111400E-6	
99,10000000E-3	2,02392684E-6	
98,40000000E-3	2,10579005E-6	
97,90000000E-3	2,12672170E-6	
97,50000000E-3	2,10529548E-6	
97,20000000E-3	2,03273449E-6	
96,60000000E-3	2,00546370E-6	
95,90000000E-3	2,05382686E-6	
95,40000000E-3	2,13444252E-6	
95,00000000E-3	2,21036789E-6	
94,50000000E-3	2,21022020E-6	
94,00000000E-3	2,18406911E-6	
93,60000000E-3	2,15218842E-6	
93,10000000E-3	2,16249191E-6	
92,60000000E-3	2,23353605E-6	
92,00000000E-3	2,31213373E-6	
91,50000000E-3	2,33446732E-6	
91,10000000E-3	2,33889145E-6	
90,60000000E-3	2,31822725E-6	
90,10000000E-3	2,29696328E-6	
89,70000000E-3	2,35272117E-6	
89,00000000E-3	2,44177268E-6	
88,60000000E-3	2,47722617E-6	
88,10000000E-3	2,44672252E-6	
87,60000000E-3	2,47827162E-6	
87,10000000E-3	2,57727123E-6	
86,90000000E-3	2,66919815E-6	
85,90000000E-3	2,65057968E-6	
85,50000000E-3	2,58333806E-6	
85,00000000E-3	2,57832383E-6	
84,80000000E-3	2,63854340E-6	
84,10000000E-3	2,72934099E-6	
83,70000000E-3	2,75978903E-6	
83,30000000E-3	2,72400109E-6	
82,70000000E-3	2,76624738E-6	
82,10000000E-3	2,86126602E-6	
82,10000000E-3	2,91498707E-6	
81,00000000E-3	2,92868104E-6	
80,50000000E-3	2,95914380E-6	
80,50000000E-3	2,97727408E-6	
79,90000000E-3	2,95960591E-6	
79,10000000E-3	2,95199377E-6	
78,80000000E-3	2,99681499E-6	
78,20000000E-3	3,08708799E-6	
77,80000000E-3	3,21465960E-6	
77,30000000E-3	3,24803111E-6	
76,70000000E-3	3,22372756E-6	
76,10000000E-3	3,20577197E-6	
75,70000000E-3	3,27171528E-6	
75,20000000E-3	3,35344768E-6	
74,80000000E-3	3,43175324E-6	
74,10000000E-3	3,46291531E-6	
73,60000000E-3	3,46297917E-6	
73,10000000E-3	3,46914126E-6	
72,60000000E-3	3,45314236E-6	
72,20000000E-3	3,46599904E-6	
71,70000000E-3	3,49793556E-6	
71,30000000E-3	3,57875777E-6	
70,60000000E-3	3,66996764E-6	
70,10000000E-3	3,74808543E-6	
69,70000000E-3	3,85043761E-6	
69,20000000E-3	3,92547884E-6	
68,60000000E-3	3,97428421E-6	
68,10000000E-3	4,01003855E-6	
67,60000000E-3	4,07143401E-6	
67,10000000E-3	4,14041268E-6	
66,70000000E-3	4,24966399E-6	
66,20000000E-3	4,37364427E-6	
65,50000000E-3	4,47672459E-6	
65,30000000E-3	4,54610379E-6	
64,80000000E-3	4,65117036E-6	
64,20000000E-3	4,77254121E-6	
63,90000000E-3	4,91571204E-6	
63,20000000E-3	5,07882668E-6	
62,50000000E-3	5,23860090E-6	
62,10000000E-3	5,38204948E-6	
61,80000000E-3	5,55896440E-6	
61,30000000E-3	5,69557624E-6	
60,80000000E-3	5,78555505E-6	
60,20000000E-3	5,90920176E-6	
59,70000000E-3	6,07737720E-6	
59,20000000E-3	6,26574753E-6	
58,80000000E-3	6,44298277E-6	
58,20000000E-3	6,59711530E-6	
57,60000000E-3	6,68695967E-6	
57,60000000E-3	6,77086668E-6	
56,70000000E-3	6,87159288E-6	
56,30000000E-3	6,97114954E-6	
55,90000000E-3	7,06895846E-6	
55,40000000E-3	7,15926569E-6	
54,80000000E-3	7,25095364E-6	
54,20000000E-3	7,33599959E-6	
53,70000000E-3	7,39639394E-6	
53,30000000E-3	7,42613110E-6	
52,80000000E-3	7,42947909E-6	
52,40000000E-3	7,45395890E-6	
51,70000000E-3	7,45442930E-6	
51,50000000E-3	7,44212401E-6	
51,50000000E-3	7,36096230E-6	
50,40000000E-3	7,23466361E-6	
49,90000000E-3	7,07023325E-6	
49,50000000E-3	6,87631119E-6	
49,00000000E-3	6,69125843E-6	
48,40000000E-3	6,47738882E-6	
47,80000000E-3	6,21457369E-6	
47,40000000E-3	5,91197906E-6	
46,90000000E-3	5,62536385E-6	
46,40000000E-3	5,28919510E-6	
46,00000000E-3	4,99716014E-6	
45,30000000E-3	4,65967719E-6	
45,10000000E-3	4,29642361E-6	
44,30000000E-3	3,95941447E-6	
43,90000000E-3	3,59821016E-6	
43,40000000E-3	3,24455306E-6	
42,90000000E-3	2,87728947E-6	
42,50000000E-3	2,53623342E-6	
41,80000000E-3	2,16771464E-6	
41,30000000E-3	1,78211683E-6	
40,90000000E-3	1,36172483E-6	
40,40000000E-3	938,05604217E-9	
40,00000000E-3	543,50681533E-9	
39,60000000E-3	144,83102238E-9	
39,10000000E-3	-327,75940418E-9	
38,40000000E-3	-737,31747200E-9	
37,90000000E-3	-1,20378614E-6	
37,40000000E-3	-1,64495174E-6	
37,00000000E-3	-2,02214387E-6	
36,50000000E-3	-2,34130434E-6	
36,10000000E-3	-2,64321026E-6	
35,60000000E-3	-2,92083208E-6	
34,90000000E-3	-3,19438053E-6	
34,50000000E-3	-3,48180796E-6	
34,00000000E-3	-3,81737893E-6	
33,60000000E-3	-4,20647426E-6	
33,10000000E-3	-4,55052406E-6	
32,60000000E-3	-4,83868414E-6	
32,00000000E-3	-5,08220964E-6	
31,50000000E-3	-5,25246247E-6	
31,00000000E-3	-5,42439597E-6	
30,50000000E-3	-5,65504016E-6	
30,00000000E-3	-6,00658839E-6	
29,50000000E-3	-6,42209770E-6	
28,90000000E-3	-6,82665152E-6	
28,40000000E-3	-7,06119161E-6	
28,00000000E-3	-7,32715599E-6	
27,50000000E-3	-7,68369966E-6	
27,00000000E-3	-8,09065354E-6	
26,50000000E-3	-8,51548406E-6	
26,10000000E-3	-8,94169242E-6	
25,40000000E-3	-9,38894901E-6	
25,00000000E-3	-9,73570725E-6	
25,00000000E-3	-10,02454485E-6	
24,00000000E-3	-10,28300625E-6	
23,60000000E-3	-10,55625625E-6	
23,10000000E-3	-10,95498053E-6	
22,60000000E-3	-11,35526266E-6	
22,20000000E-3	-11,71601941E-6	
21,70000000E-3	-11,98815608E-6	
21,20000000E-3	-12,14224863E-6	
20,60000000E-3	-12,31170285E-6	
20,10000000E-3	-12,45382502E-6	
19,60000000E-3	-12,66038007E-6	
19,20000000E-3	-12,93190974E-6	
18,70000000E-3	-13,22456746E-6	
18,10000000E-3	-13,53785553E-6	
17,50000000E-3	-13,82155059E-6	
17,10000000E-3	-14,03535307E-6	
16,70000000E-3	-14,28093357E-6	
16,20000000E-3	-14,49780264E-6	
15,70000000E-3	-14,67063854E-6	
15,20000000E-3	-14,86874042E-6	
14,60000000E-3	-15,15953252E-6	
14,10000000E-3	-15,45108647E-6	
13,70000000E-3	-15,72160092E-6	
13,20000000E-3	-16,01773974E-6	
12,70000000E-3	-16,28491491E-6	
12,10000000E-3	-16,47315557E-6	
11,60000000E-3	-16,70255498E-6	
11,10000000E-3	-16,91972179E-6	
10,70000000E-3	-17,16890797E-6	
10,20000000E-3	-17,36497480E-6	
9,80000000E-3	-17,48980203E-6	
9,10000000E-3	-17,59248550E-6	
8,60000000E-3	-17,63972964E-6	
8,10000000E-3	-17,61691521E-6	
7,70000000E-3	-17,62900452E-6	
7,20000000E-3	-17,63406809E-6	
6,80000000E-3	-17,74099537E-6	
6,30000000E-3	-17,75857810E-6	
5,60000000E-3	-17,73085001E-6	
5,10000000E-3	-17,68201811E-6	
4,70000000E-3	-17,58157641E-6	
4,20000000E-3	-17,48524203E-6	
3,80000000E-3	-17,36898971E-6	
3,30000000E-3	-17,22924647E-6	
2,70000000E-3	-17,03045159E-6	
2,10000000E-3	-16,89927794E-6	
1,60000000E-3	-16,84937810E-6	
1,10000000E-3	-16,84220307E-6	
600,00000000E-6	-16,79444321E-6	
200,00000000E-6	-16,69434032E-6	
-300,00000000E-6	-16,63839951E-6	
-1,00000000E-3	-16,55116963E-6	
-1,40000000E-3	-16,46021118E-6	
-1,90000000E-3	-16,42207748E-6	
-2,40000000E-3	-16,28221277E-6	
-2,80000000E-3	-16,19964910E-6	
-3,30000000E-3	-16,13115788E-6	
-4,00000000E-3	-16,09546129E-6	
-4,40000000E-3	-16,17059898E-6	
-4,90000000E-3	-16,24476481E-6	
-5,40000000E-3	-16,31372611E-6	
-5,90000000E-3	-16,42489593E-6	
-6,40000000E-3	-16,53234013E-6	
-6,90000000E-3	-16,63886002E-6	
-7,40000000E-3	-16,65670171E-6	
-7,90000000E-3	-16,55558180E-6	
-8,40000000E-3	-16,50050132E-6	
-8,60000000E-3	-16,62035132E-6	
-9,30000000E-3	-16,80094035E-6	
-9,90000000E-3	-17,06890800E-6	
-10,40000000E-3	-17,30184242E-6	
-10,90000000E-3	-17,39100745E-6	
-11,40000000E-3	-17,31919734E-6	
-11,80000000E-3	-17,33677220E-6	
-12,30000000E-3	-17,45252928E-6	
-12,80000000E-3	-17,74680213E-6	
-13,20000000E-3	-18,06881711E-6	
-13,70000000E-3	-18,33092024E-6	
-14,20000000E-3	-18,37312081E-6	
-14,80000000E-3	-18,26837305E-6	
-15,30000000E-3	-18,19735016E-6	
-15,90000000E-3	-18,30860425E-6	
-16,20000000E-3	-18,67809057E-6	
-16,70000000E-3	-19,04968413E-6	
-17,10000000E-3	-19,07598620E-6	
-17,70000000E-3	-18,79369003E-6	
-18,30000000E-3	-18,62384724E-6	
-18,70000000E-3	-18,77939013E-6	
-19,20000000E-3	-19,10364068E-6	
-19,60000000E-3	-19,26180702E-6	
-20,10000000E-3	-19,00211702E-6	
-20,70000000E-3	-18,64157401E-6	
-21,20000000E-3	-18,62326090E-6	
-21,70000000E-3	-18,87202851E-6	
-22,20000000E-3	-18,80497546E-6	
-22,60000000E-3	-18,17104023E-6	
-23,10000000E-3	-17,73952347E-6	
-23,70000000E-3	-17,75157307E-6	
-24,20000000E-3	-17,74323661E-6	
-24,70000000E-3	-17,42155221E-6	
-25,20000000E-3	-16,75924380E-6	
-25,60000000E-3	-16,11735502E-6	
-26,10000000E-3	-15,69425112E-6	
-26,60000000E-3	-15,47218180E-6	
-27,20000000E-3	-15,20226421E-6	
-27,60000000E-3	-14,42119185E-6	
-28,10000000E-3	-13,56881046E-6	
-28,60000000E-3	-13,10427970E-6	
-29,00000000E-3	-12,87085006E-6	
-29,60000000E-3	-12,35910533E-6	
-30,20000000E-3	-11,48560510E-6	
-30,70000000E-3	-10,59301518E-6	
-31,20000000E-3	-9,92593406E-6	
-31,60000000E-3	-9,55602577E-6	
-32,10000000E-3	-8,97997078E-6	
-32,50000000E-3	-8,05356379E-6	
-33,20000000E-3	-7,05578057E-6	
-33,70000000E-3	-6,37927382E-6	
-34,10000000E-3	-6,04774566E-6	
-34,60000000E-3	-5,35186409E-6	
-35,00000000E-3	-4,25755876E-6	
-35,50000000E-3	-3,49011633E-6	
-36,20000000E-3	-3,12443002E-6	
-36,70000000E-3	-2,55976567E-6	
-37,10000000E-3	-1,51571085E-6	
-37,60000000E-3	-514,66536284E-9	
-38,00000000E-3	95,41152563E-9	
-38,50000000E-3	459,88349011E-9	
-39,20000000E-3	1,08896179E-6	
-39,60000000E-3	2,12605586E-6	
-40,10000000E-3	2,92349331E-6	
-40,60000000E-3	3,28457504E-6	
-41,00000000E-3	3,63886503E-6	
-41,50000000E-3	4,55627075E-6	
-42,20000000E-3	5,40879888E-6	
-42,60000000E-3	5,70130289E-6	
-43,10000000E-3	6,10678934E-6	
-43,50000000E-3	6,98729267E-6	
-44,00000000E-3	7,83591215E-6	
-44,40000000E-3	8,09399526E-6	
-45,10000000E-3	8,43761206E-6	
-45,60000000E-3	9,29587106E-6	
-46,10000000E-3	9,84700539E-6	
-46,60000000E-3	9,92653303E-6	
-47,00000000E-3	10,42985055E-6	
-47,50000000E-3	11,00392645E-6	
-48,00000000E-3	10,89230235E-6	
-48,60000000E-3	11,27078067E-6	
-49,00000000E-3	11,74779603E-6	
-49,50000000E-3	11,53304266E-6	
-50,00000000E-3	11,68809854E-6	
-50,40000000E-3	12,11983892E-6	
-51,00000000E-3	11,86214773E-6	
-51,60000000E-3	11,67594817E-6	
-52,00000000E-3	11,98604680E-6	
-52,50000000E-3	11,69609149E-6	
-53,00000000E-3	11,49670896E-6	
-53,40000000E-3	11,75869464E-6	
-53,90000000E-3	11,28146246E-6	
-54,50000000E-3	11,19059564E-6	
-55,00000000E-3	11,21279519E-6	
-55,50000000E-3	10,59229547E-6	
-55,70000000E-3	10,59157392E-6	
-56,20000000E-3	10,54163254E-6	
-56,90000000E-3	9,88821347E-6	
-57,40000000E-3	9,75138091E-6	
-58,00000000E-3	9,78153338E-6	
-58,50000000E-3	9,13978875E-6	
-59,00000000E-3	8,92591566E-6	
-59,40000000E-3	8,96710870E-6	
-59,70000000E-3	8,38835900E-6	
-60,30000000E-3	8,18194191E-6	
-60,80000000E-3	8,26399505E-6	
-61,30000000E-3	7,76739135E-6	
-62,00000000E-3	7,30829188E-6	
-62,50000000E-3	7,45559209E-6	
-62,90000000E-3	7,40029448E-6	
-63,30000000E-3	6,83207262E-6	
-63,90000000E-3	6,52908297E-6	
-64,30000000E-3	6,72405098E-6	
-64,80000000E-3	6,47863997E-6	
-65,20000000E-3	5,89475444E-6	
-65,70000000E-3	5,92042292E-6	
-66,30000000E-3	6,01907121E-6	
-66,80000000E-3	5,53204342E-6	
-67,30000000E-3	5,17644075E-6	
-67,80000000E-3	5,21062609E-6	
-68,20000000E-3	5,41374064E-6	
-68,70000000E-3	5,50410034E-6	
-69,10000000E-3	5,37264453E-6	
-69,80000000E-3	5,02223602E-6	
-70,30000000E-3	4,69481176E-6	
-70,80000000E-3	4,49571631E-6	
-71,20000000E-3	4,57749352E-6	
-71,60000000E-3	4,76584358E-6	
-72,10000000E-3	4,88718215E-6	
-72,80000000E-3	4,89662271E-6	
-73,30000000E-3	4,78693527E-6	
-73,70000000E-3	4,56379483E-6	
-74,20000000E-3	4,34557656E-6	
-74,70000000E-3	4,14775176E-6	
-75,10000000E-3	4,03084647E-6	
-75,80000000E-3	4,14308945E-6	
-76,30000000E-3	4,40113087E-6	
-76,70000000E-3	4,55981720E-6	
-77,20000000E-3	4,43314142E-6	
-77,70000000E-3	4,06827528E-6	
-78,10000000E-3	3,89180219E-6	
-78,80000000E-3	4,20062673E-6	
-79,20000000E-3	4,50075783E-6	
-79,70000000E-3	4,31563172E-6	
-80,20000000E-3	3,91698056E-6	
-80,70000000E-3	3,98772715E-6	
-81,10000000E-3	4,33320132E-6	
-81,70000000E-3	4,17918886E-6	
-82,20000000E-3	3,80700717E-6	
-82,70000000E-3	4,09280897E-6	
-83,20000000E-3	4,22973813E-6	
-83,70000000E-3	3,75575947E-6	
-84,10000000E-3	3,82648159E-6	
-84,60000000E-3	4,11106109E-6	
-85,20000000E-3	3,73519003E-6	
-85,80000000E-3	3,55634973E-6	
-86,20000000E-3	3,93940386E-6	
-86,70000000E-3	3,99186990E-6	
-87,00000000E-3	3,54435401E-6	
-87,70000000E-3	3,50786763E-6	
-88,10000000E-3	3,90754363E-6	
-88,60000000E-3	3,71438391E-6	
-89,10000000E-3	3,35860120E-6	
-89,50000000E-3	3,69387859E-6	
-90,20000000E-3	3,72538090E-6	
-90,70000000E-3	3,24657505E-6	
-91,20000000E-3	3,47058827E-6	
-91,60000000E-3	3,77802229E-6	
-92,10000000E-3	3,45648209E-6	
-92,60000000E-3	3,06541410E-6	
-93,10000000E-3	3,19772268E-6	
-93,70000000E-3	3,56143402E-6	
-94,20000000E-3	3,42012756E-6	
-94,60000000E-3	3,00458124E-6	
-95,10000000E-3	3,06144638E-6	
-95,60000000E-3	3,46660158E-6	
-96,00000000E-3	3,38817544E-6	
-96,60000000E-3	2,92322121E-6	
-97,10000000E-3	2,87415811E-6	
-97,70000000E-3	3,23644823E-6	
-98,20000000E-3	3,36142571E-6	
-98,60000000E-3	3,04702391E-6	
-99,20000000E-3	2,73462099E-6	
-99,60000000E-3	2,93679544E-6	
-100,10000000E-3	3,26660701E-6	
-100,60000000E-3	3,03196088E-6	
-101,10000000E-3	2,64016990E-6	
-101,60000000E-3	2,83684888E-6	
-102,00000000E-3	3,20480418E-6	
-102,50000000E-3	2,89164311E-6	
-103,00000000E-3	2,56619271E-6	
-103,50000000E-3	2,85029064E-6	
-104,00000000E-3	3,16063356E-6	
-104,50000000E-3	2,85572700E-6	
-105,00000000E-3	2,48018190E-6	
-105,50000000E-3	2,72543368E-6	
-106,00000000E-3	3,11795982E-6	
-106,40000000E-3	2,86516443E-6	
-107,00000000E-3	2,48580590E-6	
-107,40000000E-3	2,75374590E-6	
-108,10000000E-3	3,08691169E-6	
-108,40000000E-3	2,77462528E-6	
-109,10000000E-3	2,39052007E-6	
-109,60000000E-3	2,63183190E-6	
-109,80000000E-3	3,02996008E-6	
-110,30000000E-3	2,94529386E-6	
-110,80000000E-3	2,56343037E-6	
-111,30000000E-3	2,34398129E-6	
-111,80000000E-3	2,51209049E-6	
-112,50000000E-3	2,85172980E-6	
-113,00000000E-3	3,02010547E-6	
-113,40000000E-3	2,82644291E-6	
-113,90000000E-3	2,50406756E-6	
-114,40000000E-3	2,29301605E-6	
-114,90000000E-3	2,37901518E-6	
-115,30000000E-3	2,68854618E-6	
-115,90000000E-3	2,91480867E-6	
-116,40000000E-3	2,98403080E-6	
-116,80000000E-3	2,79134275E-6	
-117,30000000E-3	2,49760897E-6	
-117,80000000E-3	2,27953863E-6	
-118,30000000E-3	2,17735063E-6	
-118,70000000E-3	2,28675604E-6	
-119,20000000E-3	2,48778283E-6	
-119,70000000E-3	2,74893293E-6	
-120,30000000E-3	2,90362739E-6	
-120,90000000E-3	2,90367497E-6	
-121,40000000E-3	2,73013992E-6	
-121,80000000E-3	2,40947386E-6	
-122,30000000E-3	2,17430953E-6	
-122,80000000E-3	2,17543905E-6	
-123,30000000E-3	2,43089865E-6	
-123,80000000E-3	2,74088764E-6	
-124,30000000E-3	2,86067051E-6	
-124,80000000E-3	2,72329498E-6	
-125,20000000E-3	2,45030550E-6	
-125,70000000E-3	2,24816611E-6	
-126,20000000E-3	2,15507578E-6	
-126,70000000E-3	2,15511025E-6	
-127,10000000E-3	2,23553882E-6	
-127,80000000E-3	2,37622995E-6	
-128,20000000E-3	2,61036977E-6	
-128,80000000E-3	2,81363418E-6	
-129,30000000E-3	2,84167432E-6	
-129,80000000E-3	2,59147288E-6	
-130,30000000E-3	2,24412645E-6	
-130,80000000E-3	2,08720755E-6	
-131,30000000E-3	2,19466932E-6	
-131,70000000E-3	2,41716429E-6	
-132,30000000E-3	2,83991998E-6	
-132,70000000E-3	2,80556363E-6	
-133,20000000E-3	2,74344877E-6	
-133,70000000E-3	2,30667198E-6	
-134,10000000E-3	2,17206322E-6	
-134,60000000E-3	2,07657890E-6	
-135,10000000E-3	1,99340271E-6	
-135,60000000E-3	2,23808341E-6	
-136,10000000E-3	2,58389690E-6	
-136,60000000E-3	2,77963656E-6	
-137,10000000E-3	2,44443480E-6	
-137,70000000E-3	2,06473699E-6	
-138,30000000E-3	2,04881018E-6	
-138,80000000E-3	2,47293380E-6	
-139,30000000E-3	2,66942523E-6	
-139,70000000E-3	2,34121274E-6	
-140,20000000E-3	1,99148509E-6	
-140,70000000E-3	2,16046630E-6	
-141,20000000E-3	2,59692842E-6	
-141,70000000E-3	2,66285082E-6	
-142,20000000E-3	2,29111349E-6	
-142,70000000E-3	1,99365781E-6	
-143,10000000E-3	2,26764853E-6	
-143,60000000E-3	2,68123678E-6	
-144,10000000E-3	2,44131986E-6	
-144,60000000E-3	1,97148132E-6	
-145,10000000E-3	2,14296045E-6	
-145,60000000E-3	2,58916993E-6	
-146,10000000E-3	2,44758651E-6	
-146,60000000E-3	2,01338121E-6	
-147,10000000E-3	2,05963839E-6	
-147,60000000E-3	2,52138337E-6	
-148,20000000E-3	2,45038700E-6	
-148,60000000E-3	2,01431241E-6	
-149,20000000E-3	2,02010955E-6	
-149,70000000E-3	2,54849750E-6	
-150,10000000E-3	2,58429470E-6	
