150,00000000E-3	2,78895544E-6	
150,00000000E-3	2,80317764E-6	
150,00000000E-3	2,78247411E-6	
150,00000000E-3	2,75390191E-6	
149,70000000E-3	2,72857621E-6	
149,40000000E-3	2,71443019E-6	
149,00000000E-3	2,69378860E-6	
148,80000000E-3	2,69202741E-6	
148,40000000E-3	2,68869774E-6	
148,00000000E-3	2,70303940E-6	
147,60000000E-3	2,70395622E-6	
147,20000000E-3	2,71104319E-6	
146,70000000E-3	2,72811609E-6	
146,30000000E-3	2,72706943E-6	
145,90000000E-3	2,73304724E-6	
145,90000000E-3	2,75176475E-6	
145,10000000E-3	2,75969660E-6	
144,60000000E-3	2,77614212E-6	
144,20000000E-3	2,83477734E-6	
143,70000000E-3	2,92652121E-6	
143,20000000E-3	2,98215745E-6	
142,70000000E-3	2,96915341E-6	
142,20000000E-3	2,87488481E-6	
141,70000000E-3	2,81015014E-6	
141,20000000E-3	2,81399432E-6	
140,80000000E-3	2,90806322E-6	
140,30000000E-3	3,00014383E-6	
139,90000000E-3	3,02838344E-6	
139,40000000E-3	2,97294880E-6	
138,90000000E-3	2,86392105E-6	
138,40000000E-3	2,85357955E-6	
137,90000000E-3	2,92018380E-6	
137,40000000E-3	3,02826362E-6	
136,90000000E-3	2,97955530E-6	
136,40000000E-3	2,89409893E-6	
135,90000000E-3	2,87017601E-6	
135,40000000E-3	2,96848780E-6	
134,90000000E-3	3,04776169E-6	
134,40000000E-3	3,09488690E-6	
133,90000000E-3	3,10078327E-6	
133,30000000E-3	3,07615076E-6	
132,90000000E-3	3,04442255E-6	
132,40000000E-3	3,01636078E-6	
131,90000000E-3	2,97124905E-6	
131,40000000E-3	2,92582963E-6	
130,90000000E-3	2,91152645E-6	
130,40000000E-3	2,89499267E-6	
129,90000000E-3	2,89925723E-6	
129,40000000E-3	2,91608643E-6	
129,00000000E-3	2,92775138E-6	
128,50000000E-3	2,92487949E-6	
128,00000000E-3	2,92770930E-6	
127,50000000E-3	2,93533281E-6	
127,10000000E-3	2,93419164E-6	
126,50000000E-3	2,93059348E-6	
126,10000000E-3	2,93344925E-6	
125,50000000E-3	2,93550928E-6	
125,10000000E-3	2,93965393E-6	
124,60000000E-3	2,93686138E-6	
124,10000000E-3	2,95289848E-6	
123,50000000E-3	2,97301967E-6	
123,10000000E-3	2,99406765E-6	
122,60000000E-3	3,04129144E-6	
122,10000000E-3	3,10849976E-6	
121,60000000E-3	3,18535299E-6	
121,30000000E-3	3,22903177E-6	
120,60000000E-3	3,25483146E-6	
120,10000000E-3	3,28865118E-6	
119,60000000E-3	3,29718338E-6	
119,10000000E-3	3,27748941E-6	
118,60000000E-3	3,24942330E-6	
118,10000000E-3	3,20214780E-6	
117,60000000E-3	3,14083978E-6	
117,10000000E-3	3,08662882E-6	
116,60000000E-3	3,04353017E-6	
116,10000000E-3	3,05050335E-6	
115,60000000E-3	3,11375834E-6	
115,10000000E-3	3,20286785E-6	
114,60000000E-3	3,30591165E-6	
114,10000000E-3	3,34278161E-6	
113,60000000E-3	3,30265413E-6	
113,10000000E-3	3,18757470E-6	
112,60000000E-3	3,15932981E-6	
112,10000000E-3	3,21870477E-6	
111,60000000E-3	3,31379340E-6	
111,10000000E-3	3,38337998E-6	
110,60000000E-3	3,38800597E-6	
110,10000000E-3	3,34243537E-6	
109,60000000E-3	3,26485894E-6	
109,10000000E-3	3,20201097E-6	
108,70000000E-3	3,19742687E-6	
108,10000000E-3	3,27134443E-6	
107,60000000E-3	3,39169113E-6	
107,20000000E-3	3,43273511E-6	
106,70000000E-3	3,40419975E-6	
106,20000000E-3	3,32505411E-6	
105,70000000E-3	3,28868685E-6	
105,20000000E-3	3,31696261E-6	
104,90000000E-3	3,36899566E-6	
104,00000000E-3	3,46074715E-6	
103,40000000E-3	3,53646909E-6	
103,00000000E-3	3,50364091E-6	
102,40000000E-3	3,38715366E-6	
102,00000000E-3	3,33669344E-6	
101,50000000E-3	3,40448671E-6	
101,00000000E-3	3,53705414E-6	
100,50000000E-3	3,59112608E-6	
100,20000000E-3	3,55054582E-6	
99,70000000E-3	3,47489293E-6	
99,20000000E-3	3,40337174E-6	
98,70000000E-3	3,39577874E-6	
98,50000000E-3	3,47700677E-6	
97,70000000E-3	3,59229509E-6	
97,60000000E-3	3,66395102E-6	
96,70000000E-3	3,64798114E-6	
96,20000000E-3	3,55311660E-6	
96,20000000E-3	3,48066975E-6	
95,20000000E-3	3,49579422E-6	
94,60000000E-3	3,59964581E-6	
94,20000000E-3	3,68537484E-6	
93,70000000E-3	3,70118261E-6	
93,20000000E-3	3,68394492E-6	
92,90000000E-3	3,63559112E-6	
92,20000000E-3	3,65188887E-6	
91,80000000E-3	3,71381292E-6	
91,20000000E-3	3,71188223E-6	
90,80000000E-3	3,75688983E-6	
90,20000000E-3	3,81099952E-6	
89,70000000E-3	3,77779236E-6	
89,20000000E-3	3,71408155E-6	
88,80000000E-3	3,68958892E-6	
88,30000000E-3	3,70587016E-6	
87,80000000E-3	3,75828417E-6	
87,30000000E-3	3,84752691E-6	
86,80000000E-3	3,96629218E-6	
86,30000000E-3	4,05431973E-6	
85,80000000E-3	4,05312480E-6	
85,50000000E-3	4,01306527E-6	
84,80000000E-3	3,91209063E-6	
84,30000000E-3	3,84506236E-6	
83,80000000E-3	3,95238783E-6	
83,40000000E-3	4,15387194E-6	
82,80000000E-3	4,25560336E-6	
82,40000000E-3	4,18868580E-6	
81,80000000E-3	4,05540449E-6	
81,40000000E-3	3,99148799E-6	
80,90000000E-3	4,05941281E-6	
80,40000000E-3	4,20780043E-6	
79,90000000E-3	4,33768732E-6	
79,40000000E-3	4,36754184E-6	
78,90000000E-3	4,31832014E-6	
78,40000000E-3	4,24047835E-6	
77,90000000E-3	4,23378656E-6	
77,40000000E-3	4,34387432E-6	
76,90000000E-3	4,49308969E-6	
76,50000000E-3	4,53735763E-6	
76,00000000E-3	4,46494581E-6	
75,40000000E-3	4,37042651E-6	
74,80000000E-3	4,38597963E-6	
74,40000000E-3	4,51400803E-6	
73,80000000E-3	4,66835099E-6	
73,40000000E-3	4,75020517E-6	
73,00000000E-3	4,66611798E-6	
72,70000000E-3	4,54300859E-6	
71,90000000E-3	4,56497752E-6	
71,40000000E-3	4,71828639E-6	
71,00000000E-3	4,87268968E-6	
70,50000000E-3	4,90254833E-6	
69,90000000E-3	4,82356885E-6	
69,30000000E-3	4,76596381E-6	
68,90000000E-3	4,83782022E-6	
68,40000000E-3	4,98325904E-6	
67,90000000E-3	5,09146051E-6	
67,40000000E-3	5,09888228E-6	
66,90000000E-3	5,02576885E-6	
66,40000000E-3	4,99047232E-6	
66,00000000E-3	5,03922610E-6	
65,50000000E-3	5,14053392E-6	
64,90000000E-3	5,26189345E-6	
64,50000000E-3	5,38619243E-6	
63,90000000E-3	5,47476625E-6	
63,40000000E-3	5,50284508E-6	
62,90000000E-3	5,48920352E-6	
62,50000000E-3	5,43842263E-6	
62,00000000E-3	5,40791895E-6	
61,40000000E-3	5,40061853E-6	
60,90000000E-3	5,43903505E-6	
60,40000000E-3	5,52891769E-6	
59,90000000E-3	5,62632040E-6	
59,50000000E-3	5,69066798E-6	
59,00000000E-3	5,76595189E-6	
58,40000000E-3	5,83842823E-6	
58,40000000E-3	5,87542163E-6	
57,80000000E-3	5,91618371E-6	
57,20000000E-3	5,95662552E-6	
56,70000000E-3	5,97449257E-6	
56,10000000E-3	5,96262235E-6	
55,50000000E-3	5,95876186E-6	
54,90000000E-3	5,92375694E-6	
54,60000000E-3	5,87697161E-6	
54,20000000E-3	5,82972700E-6	
53,60000000E-3	5,77144912E-6	
53,20000000E-3	5,72158505E-6	
52,70000000E-3	5,67386847E-6	
52,00000000E-3	5,60842802E-6	
51,50000000E-3	5,53657997E-6	
51,10000000E-3	5,40426512E-6	
50,60000000E-3	5,23967879E-6	
49,90000000E-3	5,10472191E-6	
49,50000000E-3	4,94822912E-6	
49,00000000E-3	4,80784363E-6	
48,50000000E-3	4,68805015E-6	
48,30000000E-3	4,55726363E-6	
47,60000000E-3	4,40503099E-6	
47,00000000E-3	4,26996186E-6	
46,50000000E-3	4,12942300E-6	
46,00000000E-3	3,96282284E-6	
45,60000000E-3	3,79031431E-6	
45,20000000E-3	3,61028845E-6	
44,70000000E-3	3,40398276E-6	
44,20000000E-3	3,15538233E-6	
43,60000000E-3	2,81079856E-6	
43,40000000E-3	2,42638059E-6	
42,70000000E-3	2,15396031E-6	
42,30000000E-3	1,94162251E-6	
41,60000000E-3	1,76220747E-6	
41,20000000E-3	1,58361327E-6	
40,70000000E-3	1,38049272E-6	
40,30000000E-3	1,13338502E-6	
39,60000000E-3	833,21662680E-9	
39,10000000E-3	498,13466183E-9	
38,70000000E-3	143,45325130E-9	
38,20000000E-3	-190,09650182E-9	
37,80000000E-3	-449,97276103E-9	
37,30000000E-3	-662,98717997E-9	
36,60000000E-3	-841,66070000E-9	
36,20000000E-3	-1,03681662E-6	
35,70000000E-3	-1,23476631E-6	
35,50000000E-3	-1,45994302E-6	
34,80000000E-3	-1,70305203E-6	
34,40000000E-3	-1,93608831E-6	
33,90000000E-3	-2,19604292E-6	
33,40000000E-3	-2,48289537E-6	
32,70000000E-3	-2,78489161E-6	
32,20000000E-3	-3,10049524E-6	
31,80000000E-3	-3,38682658E-6	
31,30000000E-3	-3,64464058E-6	
30,90000000E-3	-3,85676956E-6	
30,30000000E-3	-4,03416153E-6	
29,70000000E-3	-4,20024058E-6	
29,30000000E-3	-4,34485525E-6	
28,80000000E-3	-4,51635786E-6	
28,40000000E-3	-4,70452566E-6	
27,80000000E-3	-4,89947610E-6	
27,40000000E-3	-5,09236769E-6	
26,70000000E-3	-5,31068169E-6	
26,40000000E-3	-5,56191415E-6	
25,90000000E-3	-5,81614589E-6	
25,50000000E-3	-6,11153331E-6	
24,80000000E-3	-6,37129102E-6	
24,40000000E-3	-6,60187948E-6	
23,90000000E-3	-6,77858576E-6	
23,40000000E-3	-6,90795678E-6	
22,90000000E-3	-7,02647848E-6	
22,50000000E-3	-7,12953440E-6	
21,80000000E-3	-7,20895794E-6	
21,30000000E-3	-7,33666543E-6	
20,90000000E-3	-7,50174551E-6	
20,50000000E-3	-7,70680603E-6	
20,00000000E-3	-7,93267519E-6	
19,50000000E-3	-8,14690003E-6	
18,80000000E-3	-8,30215001E-6	
18,40000000E-3	-8,36449791E-6	
17,90000000E-3	-8,38329081E-6	
17,50000000E-3	-8,44566541E-6	
17,00000000E-3	-8,60875309E-6	
16,30000000E-3	-8,81396928E-6	
15,80000000E-3	-9,01439542E-6	
15,40000000E-3	-9,12962717E-6	
15,00000000E-3	-9,16716391E-6	
14,50000000E-3	-9,15858265E-6	
14,00000000E-3	-9,18185277E-6	
13,40000000E-3	-9,30174921E-6	
12,90000000E-3	-9,49303184E-6	
12,40000000E-3	-9,67407241E-6	
11,90000000E-3	-9,79493945E-6	
11,50000000E-3	-9,82665454E-6	
10,80000000E-3	-9,78136857E-6	
10,30000000E-3	-9,76357033E-6	
9,90000000E-3	-9,80908698E-6	
9,40000000E-3	-9,85463145E-6	
9,00000000E-3	-9,94875759E-6	
8,50000000E-3	-10,09585709E-6	
7,90000000E-3	-10,20531844E-6	
7,40000000E-3	-10,18643807E-6	
7,00000000E-3	-10,10658731E-6	
6,50000000E-3	-10,01367413E-6	
6,00000000E-3	-9,97713830E-6	
5,50000000E-3	-9,98371573E-6	
4,90000000E-3	-10,05409850E-6	
4,40000000E-3	-10,17446207E-6	
4,00000000E-3	-10,22392313E-6	
3,50000000E-3	-10,14010583E-6	
3,10000000E-3	-9,98980468E-6	
2,40000000E-3	-9,89818176E-6	
1,90000000E-3	-9,90881710E-6	
1,40000000E-3	-9,97571959E-6	
900,00000000E-6	-10,03089127E-6	
500,00000000E-6	-10,06020379E-6	
-200,00000000E-6	-9,94249346E-6	
-700,00000000E-6	-9,78665173E-6	
-1,20000000E-3	-9,73813573E-6	
-1,60000000E-3	-9,83013486E-6	
-2,10000000E-3	-9,94336004E-6	
-2,60000000E-3	-9,94329095E-6	
-3,20000000E-3	-9,81929545E-6	
-3,70000000E-3	-9,70662297E-6	
-4,20000000E-3	-9,70297432E-6	
-4,70000000E-3	-9,79330482E-6	
-5,10000000E-3	-9,90971000E-6	
-5,60000000E-3	-9,98070616E-6	
-6,30000000E-3	-9,98805603E-6	
-6,70000000E-3	-9,95167878E-6	
-7,20000000E-3	-9,89314205E-6	
-7,60000000E-3	-9,86115552E-6	
-8,10000000E-3	-9,88181436E-6	
-8,50000000E-3	-9,96640526E-6	
-9,20000000E-3	-10,09340979E-6	
-9,70000000E-3	-10,20279377E-6	
-10,10000000E-3	-10,23669898E-6	
-10,60000000E-3	-10,23084752E-6	
-11,00000000E-3	-10,21589980E-6	
-11,70000000E-3	-10,21051828E-6	
-11,90000000E-3	-10,22250662E-6	
-12,40000000E-3	-10,29622982E-6	
-12,80000000E-3	-10,25484609E-6	
-13,50000000E-3	-10,25454596E-6	
-14,00000000E-3	-10,31216202E-6	
-14,50000000E-3	-10,42843333E-6	
-14,90000000E-3	-10,59299307E-6	
-15,40000000E-3	-10,73694071E-6	
-16,10000000E-3	-10,86248645E-6	
-16,50000000E-3	-10,94870576E-6	
-17,00000000E-3	-11,00927107E-6	
-17,40000000E-3	-11,04676176E-6	
-17,90000000E-3	-11,04726739E-6	
-18,40000000E-3	-10,99664982E-6	
-18,90000000E-3	-10,94558503E-6	
-19,50000000E-3	-10,87903822E-6	
-20,20000000E-3	-10,78861359E-6	
-20,40000000E-3	-10,70923975E-6	
-20,90000000E-3	-10,66100496E-6	
-21,30000000E-3	-10,65569494E-6	
-22,00000000E-3	-10,69778507E-6	
-22,50000000E-3	-10,71300668E-6	
-22,90000000E-3	-10,70284247E-6	
-23,40000000E-3	-10,68578782E-6	
-23,90000000E-3	-10,59968465E-6	
-24,30000000E-3	-10,43690639E-6	
-24,90000000E-3	-10,22554230E-6	
-25,50000000E-3	-9,96068834E-6	
-25,90000000E-3	-9,70894962E-6	
-26,30000000E-3	-9,55661306E-6	
-26,80000000E-3	-9,40757200E-6	
-27,40000000E-3	-9,32924832E-6	
-28,00000000E-3	-9,24331702E-6	
-28,40000000E-3	-8,97657259E-6	
-28,80000000E-3	-8,63338181E-6	
-29,30000000E-3	-8,22735488E-6	
-29,90000000E-3	-7,85395371E-6	
-30,40000000E-3	-7,50126743E-6	
-30,90000000E-3	-7,24554238E-6	
-31,40000000E-3	-6,98261025E-6	
-31,80000000E-3	-6,69750380E-6	
-32,30000000E-3	-6,38185320E-6	
-32,80000000E-3	-6,02088199E-6	
-33,50000000E-3	-5,65346955E-6	
-33,90000000E-3	-5,27938017E-6	
-34,30000000E-3	-4,84664326E-6	
-34,80000000E-3	-4,41651717E-6	
-35,40000000E-3	-3,96538021E-6	
-35,90000000E-3	-3,53552838E-6	
-36,40000000E-3	-3,12284084E-6	
-36,80000000E-3	-2,68025866E-6	
-37,30000000E-3	-2,22670483E-6	
-37,80000000E-3	-1,78190704E-6	
-38,20000000E-3	-1,32943526E-6	
-38,90000000E-3	-887,35457725E-9	
-39,40000000E-3	-426,29308826E-9	
-39,80000000E-3	-13,77988847E-9	
-40,30000000E-3	393,64847975E-9	
-40,70000000E-3	830,66445058E-9	
-41,30000000E-3	1,23745972E-6	
-41,90000000E-3	1,64281191E-6	
-42,30000000E-3	2,03219958E-6	
-42,80000000E-3	2,40016233E-6	
-43,20000000E-3	2,73936535E-6	
-43,80000000E-3	3,07616335E-6	
-44,40000000E-3	3,41760127E-6	
-44,80000000E-3	3,77123780E-6	
-45,30000000E-3	4,12281341E-6	
-45,80000000E-3	4,50902894E-6	
-46,20000000E-3	4,86292510E-6	
-46,80000000E-3	5,22127824E-6	
-47,30000000E-3	5,63900190E-6	
-47,80000000E-3	6,00317407E-6	
-48,30000000E-3	6,28076724E-6	
-48,70000000E-3	6,50966979E-6	
-49,30000000E-3	6,73140504E-6	
-49,80000000E-3	6,93259897E-6	
-50,30000000E-3	7,12365985E-6	
-50,80000000E-3	7,29638836E-6	
-51,20000000E-3	7,45078436E-6	
-51,70000000E-3	7,60559868E-6	
-52,30000000E-3	7,75119634E-6	
-52,80000000E-3	7,87962091E-6	
-53,30000000E-3	7,96860221E-6	
-53,80000000E-3	8,05770461E-6	
-54,20000000E-3	8,10558841E-6	
-54,70000000E-3	8,11736794E-6	
-55,20000000E-3	8,13279041E-6	
-55,80000000E-3	8,15349516E-6	
-56,30000000E-3	8,17364645E-6	
-56,70000000E-3	8,15868588E-6	
-57,20000000E-3	8,12797904E-6	
-57,70000000E-3	8,08578631E-6	
-58,30000000E-3	8,01086009E-6	
-58,80000000E-3	7,91621811E-6	
-59,20000000E-3	7,81058936E-6	
-59,50000000E-3	7,73467322E-6	
-60,10000000E-3	7,65789648E-6	
-60,70000000E-3	7,58674237E-6	
-61,30000000E-3	7,52596878E-6	
-61,70000000E-3	7,50737870E-6	
-62,00000000E-3	7,48390941E-6	
-62,60000000E-3	7,46177594E-6	
-63,20000000E-3	7,39621991E-6	
-63,60000000E-3	7,26248602E-6	
-64,00000000E-3	7,11874484E-6	
-64,50000000E-3	7,00376756E-6	
-64,90000000E-3	6,95276173E-6	
-65,60000000E-3	6,94530849E-6	
-66,10000000E-3	6,93568759E-6	
-66,50000000E-3	6,87601259E-6	
-67,00000000E-3	6,77199922E-6	
-67,40000000E-3	6,63706017E-6	
-68,00000000E-3	6,51423424E-6	
-68,60000000E-3	6,41465863E-6	
-69,10000000E-3	6,38239909E-6	
-69,50000000E-3	6,40341617E-6	
-70,00000000E-3	6,40412409E-6	
-70,40000000E-3	6,34401602E-6	
-71,10000000E-3	6,22433595E-6	
-71,60000000E-3	6,10809078E-6	
-72,00000000E-3	5,99155871E-6	
-72,50000000E-3	5,93763896E-6	
-72,90000000E-3	5,92967413E-6	
-73,50000000E-3	5,98686000E-6	
-74,10000000E-3	5,98960369E-6	
-74,50000000E-3	5,87062055E-6	
-75,00000000E-3	5,75064618E-6	
-75,40000000E-3	5,67352743E-6	
-75,90000000E-3	5,67383740E-6	
-76,50000000E-3	5,70296431E-6	
-77,10000000E-3	5,72972352E-6	
-77,50000000E-3	5,75383938E-6	
-78,00000000E-3	5,70377121E-6	
-78,40000000E-3	5,57166503E-6	
-78,90000000E-3	5,44711065E-6	
-79,40000000E-3	5,41569391E-6	
-80,00000000E-3	5,45184321E-6	
-80,50000000E-3	5,50348758E-6	
-81,00000000E-3	5,49379318E-6	
-81,50000000E-3	5,41604549E-6	
-81,90000000E-3	5,29419888E-6	
-82,40000000E-3	5,19214860E-6	
-83,00000000E-3	5,12270731E-6	
-83,50000000E-3	5,12688586E-6	
-84,00000000E-3	5,23652809E-6	
-84,40000000E-3	5,31823910E-6	
-84,90000000E-3	5,33933676E-6	
-85,30000000E-3	5,33886008E-6	
-86,00000000E-3	5,31231691E-6	
-86,50000000E-3	5,23284976E-6	
-87,00000000E-3	5,14164727E-6	
-87,40000000E-3	5,05752613E-6	
-87,90000000E-3	5,02475776E-6	
-88,30000000E-3	5,01223080E-6	
-88,90000000E-3	5,01897315E-6	
-89,50000000E-3	5,03871452E-6	
-89,90000000E-3	5,02327238E-6	
-90,40000000E-3	5,00957782E-6	
-90,80000000E-3	4,99709301E-6	
-91,30000000E-3	4,98350723E-6	
-91,90000000E-3	4,95460413E-6	
-92,50000000E-3	4,89847507E-6	
-92,90000000E-3	4,86146942E-6	
-93,40000000E-3	4,80743200E-6	
-93,90000000E-3	4,72820191E-6	
-94,30000000E-3	4,65946927E-6	
-95,00000000E-3	4,59615766E-6	
-95,40000000E-3	4,55272542E-6	
-95,90000000E-3	4,56830218E-6	
-96,40000000E-3	4,59147367E-6	
-96,80000000E-3	4,61164817E-6	
-97,30000000E-3	4,63070748E-6	
-98,00000000E-3	4,63375098E-6	
-98,40000000E-3	4,64602891E-6	
-98,90000000E-3	4,65796214E-6	
-99,30000000E-3	4,67563822E-6	
-99,80000000E-3	4,68222843E-6	
-100,20000000E-3	4,63394411E-6	
-100,80000000E-3	4,59884497E-6	
-101,40000000E-3	4,57048033E-6	
-101,90000000E-3	4,54077726E-6	
-102,40000000E-3	4,51263535E-6	
-102,80000000E-3	4,50544135E-6	
-103,30000000E-3	4,50431693E-6	
-103,80000000E-3	4,49410064E-6	
-104,20000000E-3	4,49225325E-6	
-104,80000000E-3	4,48401004E-6	
-105,30000000E-3	4,45187669E-6	
-105,70000000E-3	4,41988781E-6	
-106,20000000E-3	4,38737472E-6	
-106,90000000E-3	4,35672049E-6	
-107,10000000E-3	4,34163810E-6	
-107,50000000E-3	4,34884551E-6	
-108,10000000E-3	4,34729895E-6	
-108,70000000E-3	4,34615852E-6	
-109,30000000E-3	4,32838327E-6	
-109,60000000E-3	4,30619742E-6	
-110,30000000E-3	4,29416629E-6	
-110,70000000E-3	4,29090393E-6	
-111,20000000E-3	4,30325410E-6	
-111,70000000E-3	4,29165726E-6	
-112,20000000E-3	4,26839307E-6	
-112,60000000E-3	4,24911972E-6	
-113,10000000E-3	4,24337654E-6	
-113,50000000E-3	4,24899611E-6	
-114,00000000E-3	4,23835388E-6	
-114,70000000E-3	4,22697215E-6	
-115,10000000E-3	4,22567827E-6	
-115,60000000E-3	4,22741229E-6	
-116,10000000E-3	4,23467404E-6	
-116,50000000E-3	4,24030279E-6	
-117,00000000E-3	4,20344167E-6	
-117,70000000E-3	4,17060594E-6	
-118,10000000E-3	4,14726284E-6	
-118,60000000E-3	4,14540380E-6	
-119,10000000E-3	4,12779620E-6	
-119,50000000E-3	4,12037992E-6	
-120,00000000E-3	4,11118082E-6	
-120,50000000E-3	4,09401599E-6	
-121,10000000E-3	4,10736112E-6	
-121,60000000E-3	4,12591907E-6	
-122,00000000E-3	4,14667531E-6	
-122,50000000E-3	4,16083465E-6	
-122,90000000E-3	4,14176067E-6	
-123,50000000E-3	4,05784638E-6	
-124,10000000E-3	3,99767805E-6	
-124,50000000E-3	3,99621428E-6	
-125,00000000E-3	4,01067325E-6	
-125,40000000E-3	4,03950140E-6	
-125,90000000E-3	4,08245823E-6	
-126,50000000E-3	4,09326144E-6	
-127,10000000E-3	4,07840288E-6	
-127,60000000E-3	4,08883630E-6	
-128,00000000E-3	4,10733580E-6	
-128,50000000E-3	4,07350401E-6	
-128,90000000E-3	4,02261578E-6	
-129,60000000E-3	3,97574034E-6	
-130,00000000E-3	3,95385915E-6	
-130,50000000E-3	3,94552170E-6	
-131,00000000E-3	3,94093313E-6	
-131,50000000E-3	3,95380599E-6	
-131,90000000E-3	3,98663245E-6	
-132,60000000E-3	4,00848284E-6	
-133,00000000E-3	4,02535634E-6	
-133,50000000E-3	4,02039260E-6	
-134,00000000E-3	3,99652992E-6	
-134,40000000E-3	3,95419016E-6	
-134,90000000E-3	3,90797385E-6	
-135,30000000E-3	3,90759499E-6	
-136,00000000E-3	3,91907783E-6	
-136,50000000E-3	3,95288532E-6	
-136,90000000E-3	3,99416757E-6	
-137,40000000E-3	3,99636386E-6	
-137,90000000E-3	3,98003401E-6	
-138,30000000E-3	3,93467062E-6	
-139,00000000E-3	3,90343713E-6	
-139,50000000E-3	3,88254011E-6	
-140,00000000E-3	3,85413005E-6	
-140,40000000E-3	3,82979190E-6	
-140,90000000E-3	3,80875161E-6	
-141,50000000E-3	3,81642177E-6	
-142,00000000E-3	3,82846826E-6	
-142,40000000E-3	3,83253502E-6	
-142,90000000E-3	3,82908991E-6	
-143,40000000E-3	3,85248673E-6	
-143,90000000E-3	3,86460653E-6	
-144,50000000E-3	3,86817621E-6	
-145,00000000E-3	3,86283236E-6	
-145,50000000E-3	3,87187146E-6	
-145,90000000E-3	3,89216332E-6	
-146,40000000E-3	3,89975377E-6	
-146,90000000E-3	3,89276361E-6	
-147,30000000E-3	3,87657099E-6	
-148,00000000E-3	3,86873122E-6	
-148,50000000E-3	3,87245194E-6	
-148,90000000E-3	3,86502454E-6	
-149,40000000E-3	3,87156739E-6	
-149,90000000E-3	3,85904855E-6	
