150,00000000E-3	4,72470315E-6	
150,00000000E-3	4,79329911E-6	
149,90000000E-3	4,88037778E-6	
149,80000000E-3	4,91982970E-6	
149,70000000E-3	4,94667457E-6	
149,40000000E-3	4,96641031E-6	
149,00000000E-3	4,94527913E-6	
148,70000000E-3	4,91355236E-6	
148,30000000E-3	4,90709420E-6	
147,90000000E-3	4,84724086E-6	
147,70000000E-3	4,75355919E-6	
147,20000000E-3	4,68361870E-6	
146,70000000E-3	4,60503964E-6	
146,20000000E-3	4,56653423E-6	
145,80000000E-3	4,61398039E-6	
145,40000000E-3	4,71199200E-6	
145,00000000E-3	4,81785955E-6	
144,40000000E-3	4,90218764E-6	
144,00000000E-3	4,95627619E-6	
143,50000000E-3	4,95909845E-6	
143,10000000E-3	4,86701425E-6	
142,60000000E-3	4,73532236E-6	
142,10000000E-3	4,63594263E-6	
141,50000000E-3	4,68157275E-6	
141,00000000E-3	4,73424924E-6	
140,50000000E-3	4,79361706E-6	
140,10000000E-3	4,90918412E-6	
139,60000000E-3	4,99078396E-6	
139,20000000E-3	5,00879872E-6	
138,70000000E-3	5,02130808E-6	
138,30000000E-3	5,04782135E-6	
137,80000000E-3	5,02982132E-6	
137,10000000E-3	5,01358195E-6	
136,70000000E-3	4,95783774E-6	
136,20000000E-3	4,90482102E-6	
135,70000000E-3	4,80736616E-6	
135,20000000E-3	4,74377866E-6	
134,60000000E-3	4,68433645E-6	
134,10000000E-3	4,78446518E-6	
133,60000000E-3	4,85452066E-6	
133,20000000E-3	4,80427276E-6	
132,80000000E-3	4,75410053E-6	
132,10000000E-3	4,79673858E-6	
131,70000000E-3	4,82304360E-6	
131,20000000E-3	4,86551239E-6	
130,80000000E-3	4,93005752E-6	
130,30000000E-3	4,97984363E-6	
129,70000000E-3	5,02866941E-6	
129,20000000E-3	5,09106896E-6	
128,70000000E-3	5,07982000E-6	
128,30000000E-3	5,03690475E-6	
127,80000000E-3	4,98554138E-6	
127,30000000E-3	4,89832063E-6	
126,70000000E-3	4,83022657E-6	
126,20000000E-3	4,79089777E-6	
125,70000000E-3	4,75771045E-6	
125,20000000E-3	4,72763801E-6	
124,80000000E-3	4,71529175E-6	
124,30000000E-3	4,71482573E-6	
123,70000000E-3	4,72066484E-6	
123,30000000E-3	4,72220477E-6	
123,00000000E-3	4,71856283E-6	
122,50000000E-3	4,74594936E-6	
121,80000000E-3	4,78509348E-6	
121,40000000E-3	4,82536080E-6	
120,70000000E-3	4,83718374E-6	
120,50000000E-3	4,83552537E-6	
119,90000000E-3	4,82467491E-6	
119,50000000E-3	4,85593029E-6	
118,80000000E-3	4,91049946E-6	
118,30000000E-3	5,02693836E-6	
117,90000000E-3	5,10151193E-6	
117,40000000E-3	5,11942841E-6	
117,00000000E-3	5,07641469E-6	
116,40000000E-3	5,00303643E-6	
115,90000000E-3	4,95219409E-6	
115,40000000E-3	4,95527090E-6	
114,90000000E-3	4,93983865E-6	
114,40000000E-3	4,89815359E-6	
114,00000000E-3	4,86480716E-6	
113,30000000E-3	4,85749754E-6	
112,90000000E-3	4,82731867E-6	
112,40000000E-3	4,81246786E-6	
112,40000000E-3	4,80319641E-6	
111,50000000E-3	4,77757211E-6	
111,10000000E-3	4,77884798E-6	
110,30000000E-3	4,80813125E-6	
109,90000000E-3	4,82181093E-6	
109,50000000E-3	4,81080184E-6	
108,80000000E-3	4,78340233E-6	
108,50000000E-3	4,80466911E-6	
108,10000000E-3	4,79562764E-6	
107,60000000E-3	4,78064562E-6	
107,00000000E-3	4,79918727E-6	
106,70000000E-3	4,80120380E-6	
106,10000000E-3	4,78207094E-6	
105,70000000E-3	4,79502671E-6	
105,20000000E-3	4,83055542E-6	
104,50000000E-3	4,84476353E-6	
104,00000000E-3	4,83056703E-6	
103,60000000E-3	4,80383036E-6	
103,30000000E-3	4,79649305E-6	
102,30000000E-3	4,79049815E-6	
102,30000000E-3	4,80112840E-6	
101,50000000E-3	4,79915674E-6	
101,00000000E-3	4,78704365E-6	
100,50000000E-3	4,77095242E-6	
100,10000000E-3	4,78976785E-6	
99,40000000E-3	4,80911767E-6	
98,90000000E-3	4,79872227E-6	
98,40000000E-3	4,79540239E-6	
98,30000000E-3	4,79491935E-6	
97,70000000E-3	4,79330165E-6	
97,20000000E-3	4,81218758E-6	
96,80000000E-3	4,80419032E-6	
96,10000000E-3	4,77565175E-6	
95,60000000E-3	4,81632816E-6	
95,10000000E-3	4,85123990E-6	
94,60000000E-3	4,89409558E-6	
94,00000000E-3	4,94294484E-6	
93,50000000E-3	4,97756692E-6	
93,10000000E-3	4,99619307E-6	
92,70000000E-3	5,04061760E-6	
92,40000000E-3	5,04777973E-6	
91,60000000E-3	5,03616486E-6	
91,10000000E-3	5,03852031E-6	
90,70000000E-3	5,00393436E-6	
90,30000000E-3	5,00081516E-6	
89,60000000E-3	5,00632743E-6	
89,10000000E-3	4,95619946E-6	
88,60000000E-3	4,86456148E-6	
88,10000000E-3	4,79316095E-6	
87,70000000E-3	4,75963604E-6	
87,20000000E-3	4,72878497E-6	
86,50000000E-3	4,73119197E-6	
86,10000000E-3	4,72099471E-6	
85,60000000E-3	4,69439789E-6	
85,20000000E-3	4,69214174E-6	
84,70000000E-3	4,67354089E-6	
84,30000000E-3	4,65979262E-6	
83,60000000E-3	4,66135079E-6	
83,10000000E-3	4,66958427E-6	
82,70000000E-3	4,65897480E-6	
82,20000000E-3	4,64220975E-6	
81,80000000E-3	4,65554591E-6	
81,30000000E-3	4,65766072E-6	
80,80000000E-3	4,62704851E-6	
80,10000000E-3	4,61644760E-6	
79,70000000E-3	4,61629578E-6	
79,20000000E-3	4,59895425E-6	
78,90000000E-3	4,61106509E-6	
78,30000000E-3	4,62317354E-6	
77,80000000E-3	4,64346386E-6	
77,40000000E-3	4,67410243E-6	
76,80000000E-3	4,69889446E-6	
76,40000000E-3	4,67651658E-6	
75,70000000E-3	4,71005641E-6	
75,20000000E-3	4,78399945E-6	
74,70000000E-3	4,72986810E-6	
74,50000000E-3	4,63879956E-6	
73,80000000E-3	4,66410050E-6	
73,40000000E-3	4,68099083E-6	
72,90000000E-3	4,67706229E-6	
72,40000000E-3	4,70422847E-6	
71,80000000E-3	4,73919398E-6	
71,30000000E-3	4,73370218E-6	
70,90000000E-3	4,69566568E-6	
70,40000000E-3	4,63369027E-6	
69,90000000E-3	4,56677738E-6	
69,50000000E-3	4,51715984E-6	
68,80000000E-3	4,48808879E-6	
68,30000000E-3	4,45157050E-6	
67,90000000E-3	4,40804759E-6	
67,40000000E-3	4,34568671E-6	
66,90000000E-3	4,26191521E-6	
66,50000000E-3	4,22789706E-6	
65,80000000E-3	4,19322138E-6	
65,30000000E-3	4,16049703E-6	
64,90000000E-3	4,16063532E-6	
64,40000000E-3	4,16224963E-6	
63,90000000E-3	4,20087680E-6	
63,50000000E-3	4,24105538E-6	
63,00000000E-3	4,25881336E-6	
62,40000000E-3	4,28484329E-6	
61,90000000E-3	4,29048449E-6	
61,40000000E-3	4,28325550E-6	
60,90000000E-3	4,27670497E-6	
60,40000000E-3	4,26312590E-6	
59,80000000E-3	4,24138151E-6	
59,30000000E-3	4,17569277E-6	
58,80000000E-3	4,11401630E-6	
58,40000000E-3	4,05503870E-6	
58,10000000E-3	3,98981792E-6	
57,40000000E-3	3,90449790E-6	
57,10000000E-3	3,83581654E-6	
56,60000000E-3	3,82097877E-6	
56,10000000E-3	3,77442692E-6	
55,40000000E-3	3,67886159E-6	
54,90000000E-3	3,61295035E-6	
54,40000000E-3	3,59141804E-6	
54,00000000E-3	3,58022414E-6	
53,50000000E-3	3,54677760E-6	
53,10000000E-3	3,51999179E-6	
52,40000000E-3	3,53086957E-6	
51,90000000E-3	3,59095187E-6	
51,70000000E-3	3,63636719E-6	
50,90000000E-3	3,65179025E-6	
50,50000000E-3	3,67171105E-6	
50,50000000E-3	3,67694378E-6	
49,70000000E-3	3,63080308E-6	
49,00000000E-3	3,54063812E-6	
48,50000000E-3	3,40187008E-6	
48,00000000E-3	3,28121385E-6	
47,60000000E-3	3,18459938E-6	
46,80000000E-3	3,13793303E-6	
46,40000000E-3	3,15285765E-6	
45,90000000E-3	3,18946215E-6	
45,40000000E-3	3,26757790E-6	
45,00000000E-3	3,36890088E-6	
44,60000000E-3	3,34541832E-6	
43,90000000E-3	3,23719816E-6	
43,40000000E-3	3,11860018E-6	
43,00000000E-3	3,00332469E-6	
42,80000000E-3	2,88822993E-6	
42,10000000E-3	2,79441453E-6	
41,60000000E-3	2,70068163E-6	
41,20000000E-3	2,66913287E-6	
40,70000000E-3	2,66551030E-6	
40,00000000E-3	2,71384946E-6	
39,60000000E-3	2,76613701E-6	
39,10000000E-3	2,81259819E-6	
38,70000000E-3	2,85222488E-6	
38,30000000E-3	2,83915216E-6	
37,50000000E-3	2,73165369E-6	
37,10000000E-3	2,59105536E-6	
36,70000000E-3	2,42856670E-6	
36,20000000E-3	2,31040714E-6	
35,60000000E-3	2,33302271E-6	
35,00000000E-3	2,46900650E-6	
34,50000000E-3	2,54239625E-6	
34,10000000E-3	2,53397241E-6	
33,60000000E-3	2,46337700E-6	
33,30000000E-3	2,31108186E-6	
32,60000000E-3	2,15245576E-6	
32,10000000E-3	2,06569107E-6	
31,70000000E-3	2,03098170E-6	
31,20000000E-3	2,04680369E-6	
30,70000000E-3	2,11917104E-6	
30,20000000E-3	2,25689514E-6	
29,60000000E-3	2,29681052E-6	
29,20000000E-3	2,20819045E-6	
28,70000000E-3	1,99315768E-6	
28,20000000E-3	1,83267200E-6	
27,70000000E-3	1,83675503E-6	
27,10000000E-3	1,95182489E-6	
26,70000000E-3	2,04555554E-6	
26,20000000E-3	2,02197507E-6	
25,70000000E-3	1,87126873E-6	
25,20000000E-3	1,67700059E-6	
24,60000000E-3	1,60021929E-6	
24,30000000E-3	1,72898335E-6	
24,30000000E-3	1,86603722E-6	
23,20000000E-3	1,80265341E-6	
22,80000000E-3	1,59099503E-6	
22,40000000E-3	1,50422007E-6	
22,40000000E-3	1,59472021E-6	
21,20000000E-3	1,72387111E-6	
20,70000000E-3	1,66948468E-6	
20,30000000E-3	1,49485629E-6	
19,80000000E-3	1,38407239E-6	
19,10000000E-3	1,43241699E-6	
19,10000000E-3	1,52703386E-6	
18,20000000E-3	1,57058812E-6	
17,80000000E-3	1,47873170E-6	
17,30000000E-3	1,30728312E-6	
16,90000000E-3	1,28519294E-6	
16,40000000E-3	1,38052797E-6	
15,90000000E-3	1,48635068E-6	
15,20000000E-3	1,49824938E-6	
14,80000000E-3	1,47884540E-6	
14,30000000E-3	1,40265031E-6	
13,90000000E-3	1,27592183E-6	
13,40000000E-3	1,18379594E-6	
13,00000000E-3	1,13464838E-6	
12,20000000E-3	1,13994368E-6	
11,80000000E-3	1,18631209E-6	
11,30000000E-3	1,26249405E-6	
10,90000000E-3	1,34102698E-6	
10,40000000E-3	1,39095447E-6	
10,00000000E-3	1,37867659E-6	
9,40000000E-3	1,33588841E-6	
8,80000000E-3	1,27436867E-6	
8,30000000E-3	1,16221213E-6	
7,90000000E-3	1,06983506E-6	
7,40000000E-3	1,01847370E-6	
7,00000000E-3	981,91515000E-9	
6,30000000E-3	962,22316456E-9	
5,80000000E-3	1,02839184E-6	
5,30000000E-3	1,09682269E-6	
4,90000000E-3	1,16704713E-6	
4,40000000E-3	1,24421701E-6	
4,00000000E-3	1,26299290E-6	
3,30000000E-3	1,25136285E-6	
2,90000000E-3	1,19278464E-6	
2,30000000E-3	1,08295087E-6	
1,80000000E-3	1,00087153E-6	
1,30000000E-3	947,95439982E-9	
800,00000000E-6	907,95476280E-9	
300,00000000E-6	978,01398327E-9	
-300,00000000E-6	1,13746598E-6	
-700,00000000E-6	1,31241818E-6	
-1,20000000E-3	1,30291537E-6	
-1,60000000E-3	1,15599616E-6	
-2,10000000E-3	1,01074855E-6	
-2,80000000E-3	894,43237479E-9	
-3,30000000E-3	921,00650042E-9	
-3,70000000E-3	1,08184150E-6	
-4,20000000E-3	1,23217837E-6	
-4,70000000E-3	1,22121908E-6	
-5,20000000E-3	1,07633404E-6	
-5,80000000E-3	935,47944903E-9	
-6,20000000E-3	1,00436295E-6	
-6,70000000E-3	1,18089067E-6	
-7,20000000E-3	1,25987631E-6	
-7,70000000E-3	1,10626215E-6	
-8,20000000E-3	995,12999090E-9	
-8,80000000E-3	1,08390693E-6	
-9,30000000E-3	1,25750422E-6	
-9,70000000E-3	1,24354541E-6	
-10,20000000E-3	1,10725839E-6	
-10,70000000E-3	1,03999992E-6	
-11,10000000E-3	1,17669219E-6	
-11,80000000E-3	1,33893918E-6	
-12,30000000E-3	1,31149858E-6	
-12,70000000E-3	1,14341651E-6	
-13,20000000E-3	1,07077824E-6	
-13,70000000E-3	1,21316254E-6	
-14,10000000E-3	1,41877898E-6	
-14,80000000E-3	1,44806684E-6	
-15,20000000E-3	1,29995816E-6	
-15,70000000E-3	1,22276373E-6	
-16,20000000E-3	1,17959221E-6	
-16,60000000E-3	1,25309707E-6	
-17,20000000E-3	1,44781225E-6	
-17,50000000E-3	1,51207472E-6	
-18,20000000E-3	1,40510992E-6	
-18,70000000E-3	1,28581482E-6	
-19,10000000E-3	1,27138293E-6	
-19,50000000E-3	1,37553060E-6	
-19,80000000E-3	1,56258379E-6	
-20,60000000E-3	1,66812902E-6	
-21,10000000E-3	1,70559391E-6	
-21,60000000E-3	1,70338944E-6	
-22,00000000E-3	1,65409972E-6	
-22,50000000E-3	1,59046613E-6	
-23,10000000E-3	1,50896915E-6	
-23,60000000E-3	1,49844973E-6	
-24,10000000E-3	1,51032996E-6	
-24,50000000E-3	1,54153156E-6	
-25,00000000E-3	1,59497077E-6	
-25,40000000E-3	1,63492855E-6	
-26,10000000E-3	1,70950711E-6	
-26,60000000E-3	1,79395609E-6	
-27,10000000E-3	1,89926610E-6	
-27,50000000E-3	1,99512426E-6	
-28,00000000E-3	2,08648280E-6	
-28,40000000E-3	2,10524049E-6	
-29,00000000E-3	2,03013883E-6	
-29,60000000E-3	1,93217909E-6	
-30,10000000E-3	1,89567038E-6	
-30,50000000E-3	1,94674953E-6	
-31,00000000E-3	2,05178708E-6	
-31,50000000E-3	2,17920377E-6	
-31,90000000E-3	2,19845904E-6	
-32,60000000E-3	2,13607628E-6	
-33,10000000E-3	2,13965794E-6	
-33,50000000E-3	2,26923414E-6	
-34,00000000E-3	2,44394668E-6	
-34,40000000E-3	2,49607351E-6	
-34,90000000E-3	2,43894785E-6	
-35,60000000E-3	2,35294939E-6	
-36,00000000E-3	2,37784210E-6	
-36,50000000E-3	2,52260038E-6	
-37,00000000E-3	2,67938553E-6	
-37,40000000E-3	2,75981101E-6	
-37,90000000E-3	2,77700835E-6	
-38,60000000E-3	2,72791119E-6	
-39,10000000E-3	2,66624040E-6	
-39,50000000E-3	2,63721134E-6	
-40,00000000E-3	2,64445504E-6	
-40,40000000E-3	2,66871890E-6	
-40,90000000E-3	2,71642534E-6	
-41,50000000E-3	2,78231077E-6	
-42,10000000E-3	2,87784920E-6	
-42,50000000E-3	2,96005760E-6	
-43,00000000E-3	2,99252140E-6	
-43,40000000E-3	3,05169180E-6	
-43,90000000E-3	3,13939779E-6	
-44,50000000E-3	3,22705105E-6	
-45,00000000E-3	3,32674266E-6	
-45,30000000E-3	3,46543315E-6	
-46,00000000E-3	3,59549873E-6	
-46,50000000E-3	3,68323800E-6	
-46,80000000E-3	3,72541448E-6	
-47,50000000E-3	3,70179933E-6	
-47,80000000E-3	3,67900396E-6	
-48,50000000E-3	3,69065873E-6	
-49,00000000E-3	3,72857933E-6	
-49,40000000E-3	3,77501417E-6	
-49,80000000E-3	3,81960745E-6	
-50,30000000E-3	3,83519609E-6	
-50,80000000E-3	3,85310981E-6	
-51,20000000E-3	3,87599111E-6	
-51,70000000E-3	3,86856158E-6	
-52,20000000E-3	3,86274131E-6	
-52,80000000E-3	3,89589273E-6	
-53,40000000E-3	3,95419359E-6	
-53,90000000E-3	4,00149313E-6	
-54,20000000E-3	4,03722958E-6	
-54,70000000E-3	4,07107123E-6	
-55,20000000E-3	4,10756012E-6	
-55,80000000E-3	4,14028234E-6	
-56,30000000E-3	4,16031719E-6	
-56,70000000E-3	4,18047675E-6	
-57,10000000E-3	4,16642348E-6	
-57,60000000E-3	4,16999901E-6	
-58,30000000E-3	4,18554109E-6	
-58,80000000E-3	4,22450763E-6	
-59,20000000E-3	4,28791746E-6	
-59,70000000E-3	4,37102052E-6	
-60,10000000E-3	4,43889633E-6	
-60,60000000E-3	4,43823640E-6	
-61,30000000E-3	4,41779906E-6	
-61,80000000E-3	4,41932510E-6	
-62,30000000E-3	4,46543734E-6	
-62,70000000E-3	4,48174865E-6	
-63,20000000E-3	4,51809541E-6	
-63,60000000E-3	4,53693933E-6	
-64,20000000E-3	4,55298052E-6	
-64,80000000E-3	4,62426486E-6	
-65,20000000E-3	4,64184079E-6	
-65,70000000E-3	4,66644712E-6	
-66,20000000E-3	4,69549930E-6	
-66,60000000E-3	4,71187690E-6	
-67,20000000E-3	4,68179417E-6	
-67,80000000E-3	4,65556022E-6	
-68,20000000E-3	4,64830992E-6	
-68,70000000E-3	4,64234374E-6	
-69,10000000E-3	4,65633104E-6	
-69,60000000E-3	4,65791021E-6	
-70,10000000E-3	4,67901297E-6	
-70,70000000E-3	4,65922682E-6	
-71,20000000E-3	4,69998698E-6	
-71,70000000E-3	4,77773635E-6	
-72,10000000E-3	4,81279474E-6	
-72,60000000E-3	4,84389158E-6	
-73,10000000E-3	4,91520114E-6	
-73,60000000E-3	4,93189055E-6	
-74,20000000E-3	4,95602920E-6	
-74,70000000E-3	5,01565114E-6	
-75,20000000E-3	5,05221332E-6	
-75,60000000E-3	5,08138904E-6	
-76,10000000E-3	5,17775316E-6	
-76,50000000E-3	5,35504967E-6	
-77,10000000E-3	5,44450933E-6	
-77,50000000E-3	5,44357233E-6	
-78,20000000E-3	5,38536959E-6	
-78,70000000E-3	5,28694661E-6	
-79,10000000E-3	5,22453836E-6	
-79,60000000E-3	5,17105421E-6	
-80,10000000E-3	5,10613576E-6	
-80,50000000E-3	5,10460366E-6	
-81,10000000E-3	5,13057222E-6	
-81,70000000E-3	5,13972706E-6	
-82,20000000E-3	5,15079593E-6	
-82,70000000E-3	5,18901973E-6	
-83,20000000E-3	5,22552781E-6	
-83,60000000E-3	5,24460364E-6	
-84,00000000E-3	5,22317788E-6	
-84,60000000E-3	5,19627981E-6	
-85,10000000E-3	5,21611068E-6	
-85,50000000E-3	5,21368471E-6	
-86,00000000E-3	5,25935082E-6	
-86,50000000E-3	5,30952622E-6	
-87,00000000E-3	5,38394675E-6	
-87,50000000E-3	5,44237788E-6	
-88,00000000E-3	5,50307254E-6	
-88,50000000E-3	5,52651391E-6	
-88,90000000E-3	5,57711513E-6	
-89,50000000E-3	5,62553418E-6	
-90,10000000E-3	5,65291214E-6	
-90,60000000E-3	5,72243126E-6	
-91,10000000E-3	5,81116360E-6	
-91,60000000E-3	5,82147944E-6	
-92,10000000E-3	5,78994097E-6	
-92,60000000E-3	5,72672205E-6	
-93,00000000E-3	5,68910462E-6	
-93,30000000E-3	5,68395807E-6	
-94,10000000E-3	5,67481607E-6	
-94,30000000E-3	5,64246110E-6	
-94,80000000E-3	5,60494409E-6	
-95,40000000E-3	5,53357484E-6	
-95,90000000E-3	5,49509942E-6	
-96,40000000E-3	5,49393197E-6	
-96,90000000E-3	5,46579777E-6	
-97,40000000E-3	5,48631099E-6	
-97,90000000E-3	5,47793744E-6	
-98,40000000E-3	5,50453459E-6	
-98,80000000E-3	5,54716662E-6	
-99,40000000E-3	5,53993965E-6	
-99,80000000E-3	5,62566126E-6	
-100,30000000E-3	5,63972600E-6	
-100,80000000E-3	5,71795979E-6	
-101,30000000E-3	5,71727717E-6	
-101,80000000E-3	5,75596984E-6	
-102,20000000E-3	5,74937796E-6	
-102,80000000E-3	5,73999934E-6	
-103,20000000E-3	5,74462784E-6	
-103,80000000E-3	5,75137265E-6	
-104,40000000E-3	5,71355224E-6	
-104,90000000E-3	5,66732293E-6	
-105,30000000E-3	5,66886919E-6	
-105,80000000E-3	5,69603839E-6	
-106,30000000E-3	5,74655828E-6	
-106,80000000E-3	5,75698089E-6	
-107,30000000E-3	5,72480477E-6	
-107,80000000E-3	5,67929048E-6	
-108,30000000E-3	5,66669238E-6	
-108,70000000E-3	5,69635266E-6	
-109,20000000E-3	5,73633368E-6	
-109,70000000E-3	5,73418894E-6	
-110,20000000E-3	5,74882606E-6	
-110,70000000E-3	5,74427086E-6	
-111,20000000E-3	5,79336433E-6	
-111,80000000E-3	5,81145312E-6	
-112,40000000E-3	5,80595617E-6	
-112,80000000E-3	5,78848091E-6	
-113,40000000E-3	5,79968396E-6	
-113,80000000E-3	5,78873228E-6	
-114,30000000E-3	5,75578522E-6	
-114,70000000E-3	5,76176129E-6	
-115,20000000E-3	5,74122604E-6	
-115,70000000E-3	5,74580548E-6	
-116,20000000E-3	5,80438089E-6	
-116,70000000E-3	5,82045776E-6	
-117,20000000E-3	5,81411426E-6	
-117,70000000E-3	5,80747769E-6	
-118,10000000E-3	5,75135651E-6	
-118,60000000E-3	5,73524880E-6	
-119,20000000E-3	5,74426250E-6	
-119,80000000E-3	5,77536137E-6	
-120,30000000E-3	5,81364892E-6	
-120,80000000E-3	5,84302833E-6	
-121,30000000E-3	5,86275678E-6	
-121,70000000E-3	5,93831086E-6	
-122,20000000E-3	5,90284427E-6	
-122,70000000E-3	5,82012084E-6	
-123,20000000E-3	5,84459692E-6	
-123,70000000E-3	5,86191267E-6	
-124,20000000E-3	5,84834132E-6	
-124,60000000E-3	5,81130559E-6	
-125,10000000E-3	5,78646682E-6	
-125,60000000E-3	5,81223429E-6	
-126,10000000E-3	5,86544903E-6	
-126,60000000E-3	5,88411065E-6	
-127,10000000E-3	5,81387729E-6	
-127,50000000E-3	5,76849811E-6	
-128,10000000E-3	5,78132557E-6	
-128,50000000E-3	5,88200935E-6	
-129,00000000E-3	5,92279488E-6	
-129,50000000E-3	5,80707685E-6	
-130,00000000E-3	5,74737582E-6	
-130,60000000E-3	5,77991097E-6	
-131,20000000E-3	5,88092611E-6	
-131,70000000E-3	5,98473054E-6	
-132,20000000E-3	5,97838272E-6	
-132,60000000E-3	5,85675683E-6	
-133,10000000E-3	5,74504036E-6	
-133,60000000E-3	5,74577972E-6	
-134,10000000E-3	5,84739962E-6	
-134,60000000E-3	6,00445910E-6	
-135,00000000E-3	5,86353468E-6	
-135,50000000E-3	5,84759694E-6	
-136,00000000E-3	5,73909567E-6	
-136,50000000E-3	5,67756914E-6	
-137,00000000E-3	6,17922349E-6	
-137,40000000E-3	6,31122571E-6	
-138,00000000E-3	5,95973182E-6	
-138,40000000E-3	5,88099164E-6	
-138,90000000E-3	5,87328050E-6	
-139,50000000E-3	5,83691394E-6	
-140,10000000E-3	5,75072495E-6	
-140,70000000E-3	5,73186283E-6	
-141,10000000E-3	5,99102866E-6	
-141,70000000E-3	6,09933581E-6	
-142,10000000E-3	6,03708839E-6	
-142,70000000E-3	5,82158958E-6	
-142,90000000E-3	5,73126760E-6	
-143,60000000E-3	5,68561961E-6	
-144,00000000E-3	5,69839857E-6	
-144,60000000E-3	5,82089117E-6	
-144,80000000E-3	5,96139789E-6	
-145,30000000E-3	6,11053474E-6	
-145,80000000E-3	6,09711008E-6	
-146,30000000E-3	5,99816154E-6	
-146,70000000E-3	5,84403243E-6	
-147,30000000E-3	5,75326843E-6	
-147,80000000E-3	5,69296496E-6	
-148,50000000E-3	5,66362449E-6	
-149,00000000E-3	5,65561937E-6	
-149,30000000E-3	5,68279912E-6	
-149,80000000E-3	5,73744159E-6	
