150,00000000E-3	3,37164436E-6	
150,00000000E-3	3,22486028E-6	
150,00000000E-3	3,20214858E-6	
149,90000000E-3	3,27215001E-6	
149,80000000E-3	3,35503927E-6	
149,50000000E-3	3,39275808E-6	
149,20000000E-3	3,36923316E-6	
148,90000000E-3	3,29034720E-6	
148,70000000E-3	3,23966213E-6	
148,10000000E-3	3,27016479E-6	
147,90000000E-3	3,34127541E-6	
147,30000000E-3	3,35281214E-6	
146,90000000E-3	3,30562199E-6	
146,50000000E-3	3,25665784E-6	
146,10000000E-3	3,26790499E-6	
145,50000000E-3	3,32620800E-6	
145,10000000E-3	3,40097611E-6	
144,70000000E-3	3,39076494E-6	
144,30000000E-3	3,33241498E-6	
143,90000000E-3	3,30207242E-6	
143,30000000E-3	3,33554332E-6	
142,70000000E-3	3,39982197E-6	
142,30000000E-3	3,42855078E-6	
141,80000000E-3	3,37378727E-6	
141,40000000E-3	3,31974833E-6	
141,10000000E-3	3,35045067E-6	
140,20000000E-3	3,41977412E-6	
139,90000000E-3	3,45243751E-6	
139,40000000E-3	3,41065329E-6	
139,00000000E-3	3,34677576E-6	
138,50000000E-3	3,35457674E-6	
137,80000000E-3	3,44056888E-6	
137,30000000E-3	3,48876546E-6	
136,90000000E-3	3,43981238E-6	
136,40000000E-3	3,38379129E-6	
135,90000000E-3	3,42442420E-6	
135,40000000E-3	3,48735378E-6	
135,20000000E-3	3,46708651E-6	
134,40000000E-3	3,40847820E-6	
134,00000000E-3	3,43090376E-6	
133,50000000E-3	3,51102335E-6	
132,90000000E-3	3,52532523E-6	
132,40000000E-3	3,44134744E-6	
131,90000000E-3	3,41718569E-6	
131,50000000E-3	3,50342940E-6	
131,20000000E-3	3,55155444E-6	
130,40000000E-3	3,48242861E-6	
130,00000000E-3	3,43410721E-6	
129,50000000E-3	3,49986514E-6	
129,00000000E-3	3,56711793E-6	
128,30000000E-3	3,51340318E-6	
127,80000000E-3	3,45095720E-6	
127,40000000E-3	3,50124702E-6	
127,20000000E-3	3,58998293E-6	
126,50000000E-3	3,56819927E-6	
126,00000000E-3	3,49605442E-6	
125,30000000E-3	3,53413164E-6	
125,20000000E-3	3,62410836E-6	
124,60000000E-3	3,58412429E-6	
124,20000000E-3	3,51048703E-6	
123,50000000E-3	3,55802944E-6	
123,00000000E-3	3,63313612E-6	
122,80000000E-3	3,61481428E-6	
122,00000000E-3	3,55332616E-6	
121,60000000E-3	3,56116091E-6	
121,20000000E-3	3,63461505E-6	
120,70000000E-3	3,64961624E-6	
120,40000000E-3	3,56667175E-6	
119,80000000E-3	3,54785430E-6	
119,30000000E-3	3,64592677E-6	
118,80000000E-3	3,71896700E-6	
118,20000000E-3	3,63757583E-6	
117,70000000E-3	3,56739465E-6	
117,00000000E-3	3,61278538E-6	
116,60000000E-3	3,71350325E-6	
116,10000000E-3	3,76416648E-6	
115,70000000E-3	3,70710167E-6	
115,20000000E-3	3,62938783E-6	
114,80000000E-3	3,61853922E-6	
114,10000000E-3	3,70987037E-6	
113,60000000E-3	3,77508556E-6	
113,20000000E-3	3,73502935E-6	
112,70000000E-3	3,66509351E-6	
112,30000000E-3	3,68666141E-6	
112,30000000E-3	3,76782041E-6	
111,20000000E-3	3,79472218E-6	
110,80000000E-3	3,73006704E-6	
110,10000000E-3	3,70482547E-6	
109,60000000E-3	3,79867275E-6	
109,20000000E-3	3,87301019E-6	
108,70000000E-3	3,81880441E-6	
108,50000000E-3	3,70138511E-6	
107,60000000E-3	3,69777361E-6	
107,10000000E-3	3,84225734E-6	
106,70000000E-3	3,94552822E-6	
106,20000000E-3	3,89847084E-6	
105,70000000E-3	3,78908510E-6	
105,20000000E-3	3,77890618E-6	
104,60000000E-3	3,86934548E-6	
104,10000000E-3	3,96599262E-6	
103,70000000E-3	3,94648846E-6	
103,50000000E-3	3,88498232E-6	
102,80000000E-3	3,79035404E-6	
102,40000000E-3	3,81111113E-6	
101,70000000E-3	3,91923763E-6	
101,20000000E-3	3,99798975E-6	
100,70000000E-3	4,00322417E-6	
100,30000000E-3	3,96089514E-6	
99,80000000E-3	3,91997694E-6	
99,30000000E-3	3,91290633E-6	
98,80000000E-3	3,90444229E-6	
98,20000000E-3	3,92624020E-6	
98,20000000E-3	3,95392483E-6	
97,30000000E-3	3,98111399E-6	
96,80000000E-3	4,04278678E-6	
96,40000000E-3	4,07338732E-6	
95,70000000E-3	4,07886161E-6	
95,20000000E-3	4,04141813E-6	
94,80000000E-3	4,03629720E-6	
94,30000000E-3	4,06930677E-6	
93,90000000E-3	4,08653847E-6	
93,40000000E-3	4,12168565E-6	
92,80000000E-3	4,13147455E-6	
92,30000000E-3	4,12160413E-6	
91,80000000E-3	4,14968870E-6	
91,30000000E-3	4,17098019E-6	
90,80000000E-3	4,14897665E-6	
90,40000000E-3	4,15315215E-6	
89,80000000E-3	4,17571161E-6	
89,30000000E-3	4,17845143E-6	
89,00000000E-3	4,21934113E-6	
88,30000000E-3	4,26233298E-6	
88,10000000E-3	4,26690097E-6	
87,40000000E-3	4,23116841E-6	
87,00000000E-3	4,19703773E-6	
86,80000000E-3	4,21755758E-6	
85,90000000E-3	4,24710469E-6	
85,40000000E-3	4,28929662E-6	
85,00000000E-3	4,34148088E-6	
84,50000000E-3	4,43290041E-6	
84,10000000E-3	4,47976087E-6	
83,50000000E-3	4,47239877E-6	
83,10000000E-3	4,46820860E-6	
82,40000000E-3	4,46961770E-6	
82,00000000E-3	4,46102941E-6	
81,50000000E-3	4,45391033E-6	
81,10000000E-3	4,43682210E-6	
80,60000000E-3	4,42874679E-6	
80,10000000E-3	4,44301311E-6	
79,40000000E-3	4,47428176E-6	
79,00000000E-3	4,49970007E-6	
78,50000000E-3	4,51004723E-6	
78,10000000E-3	4,54278219E-6	
77,60000000E-3	4,57682556E-6	
77,20000000E-3	4,61374895E-6	
76,50000000E-3	4,64349220E-6	
76,00000000E-3	4,67040764E-6	
75,60000000E-3	4,67519564E-6	
75,60000000E-3	4,67339084E-6	
74,50000000E-3	4,68101488E-6	
74,00000000E-3	4,69499782E-6	
74,00000000E-3	4,72065783E-6	
73,10000000E-3	4,74483592E-6	
72,70000000E-3	4,77030090E-6	
72,00000000E-3	4,79606685E-6	
71,50000000E-3	4,82838892E-6	
71,00000000E-3	4,85734874E-6	
70,60000000E-3	4,86912320E-6	
70,10000000E-3	4,88339687E-6	
69,70000000E-3	4,90180674E-6	
69,00000000E-3	4,90683216E-6	
68,50000000E-3	4,92227014E-6	
68,00000000E-3	4,95689453E-6	
67,50000000E-3	4,98010251E-6	
67,10000000E-3	4,99133876E-6	
66,70000000E-3	5,01713810E-6	
66,00000000E-3	5,05136831E-6	
65,50000000E-3	5,06491572E-6	
65,00000000E-3	5,07982589E-6	
64,80000000E-3	5,09985258E-6	
64,00000000E-3	5,11700909E-6	
63,70000000E-3	5,13506966E-6	
63,10000000E-3	5,15947474E-6	
62,60000000E-3	5,17910017E-6	
62,10000000E-3	5,18141837E-6	
61,70000000E-3	5,16821219E-6	
61,00000000E-3	5,17744791E-6	
60,60000000E-3	5,18920127E-6	
60,10000000E-3	5,18372320E-6	
59,60000000E-3	5,17790662E-6	
59,10000000E-3	5,17815941E-6	
58,90000000E-3	5,16732858E-6	
58,20000000E-3	5,15258604E-6	
57,90000000E-3	5,13779008E-6	
57,50000000E-3	5,11495103E-6	
56,70000000E-3	5,07951952E-6	
56,20000000E-3	5,03266153E-6	
55,80000000E-3	4,98295748E-6	
55,30000000E-3	4,91599398E-6	
54,60000000E-3	4,85109527E-6	
54,10000000E-3	4,78319963E-6	
54,10000000E-3	4,72104931E-6	
53,90000000E-3	4,66088908E-6	
52,70000000E-3	4,58709848E-6	
52,00000000E-3	4,51149455E-6	
51,80000000E-3	4,41755240E-6	
51,10000000E-3	4,32976736E-6	
50,60000000E-3	4,21553200E-6	
50,40000000E-3	4,09852891E-6	
49,70000000E-3	3,98020033E-6	
49,20000000E-3	3,86136663E-6	
48,80000000E-3	3,74174917E-6	
48,30000000E-3	3,61465099E-6	
47,60000000E-3	3,48296793E-6	
47,60000000E-3	3,35050903E-6	
46,60000000E-3	3,21210396E-6	
46,10000000E-3	3,08514837E-6	
45,90000000E-3	2,92375485E-6	
45,20000000E-3	2,81734144E-6	
44,70000000E-3	2,69809364E-6	
44,30000000E-3	2,53648682E-6	
43,80000000E-3	2,33639218E-6	
43,10000000E-3	2,09261148E-6	
42,70000000E-3	1,83749526E-6	
42,20000000E-3	1,64549219E-6	
41,70000000E-3	1,48203784E-6	
41,30000000E-3	1,34260182E-6	
40,80000000E-3	1,20556373E-6	
40,40000000E-3	1,03485170E-6	
39,90000000E-3	796,83108240E-9	
39,50000000E-3	524,45096363E-9	
38,80000000E-3	335,32259093E-9	
38,30000000E-3	221,92793904E-9	
37,70000000E-3	42,71597938E-9	
37,70000000E-3	-207,51141671E-9	
36,80000000E-3	-436,98538192E-9	
36,40000000E-3	-585,72979819E-9	
35,70000000E-3	-716,96854061E-9	
35,30000000E-3	-905,07333105E-9	
34,80000000E-3	-1,15952596E-6	
34,40000000E-3	-1,38772066E-6	
34,20000000E-3	-1,50552676E-6	
33,70000000E-3	-1,64301744E-6	
32,80000000E-3	-1,84579898E-6	
32,30000000E-3	-2,10300264E-6	
31,90000000E-3	-2,29635055E-6	
31,20000000E-3	-2,39529388E-6	
30,80000000E-3	-2,49662643E-6	
30,30000000E-3	-2,70269933E-6	
29,90000000E-3	-2,94059174E-6	
29,40000000E-3	-3,14473216E-6	
28,70000000E-3	-3,25845408E-6	
28,30000000E-3	-3,34024323E-6	
27,80000000E-3	-3,47575265E-6	
27,40000000E-3	-3,68913353E-6	
26,90000000E-3	-3,91383391E-6	
26,50000000E-3	-4,03242133E-6	
25,70000000E-3	-4,10203092E-6	
25,70000000E-3	-4,22876081E-6	
25,10000000E-3	-4,41772311E-6	
24,40000000E-3	-4,57858631E-6	
23,90000000E-3	-4,66519022E-6	
23,50000000E-3	-4,75993514E-6	
22,80000000E-3	-4,87736857E-6	
22,40000000E-3	-5,05044677E-6	
21,90000000E-3	-5,20945824E-6	
21,50000000E-3	-5,28351036E-6	
21,00000000E-3	-5,34412102E-6	
20,40000000E-3	-5,42893301E-6	
20,00000000E-3	-5,55579554E-6	
19,60000000E-3	-5,69709266E-6	
18,90000000E-3	-5,78495831E-6	
18,50000000E-3	-5,82365731E-6	
18,20000000E-3	-5,87668351E-6	
17,40000000E-3	-5,99287468E-6	
16,90000000E-3	-6,14205460E-6	
16,50000000E-3	-6,26213911E-6	
15,80000000E-3	-6,33383709E-6	
15,60000000E-3	-6,36871515E-6	
15,20000000E-3	-6,37552972E-6	
14,60000000E-3	-6,39660732E-6	
14,00000000E-3	-6,48214814E-6	
13,40000000E-3	-6,60442773E-6	
13,20000000E-3	-6,68856292E-6	
12,50000000E-3	-6,74155121E-6	
12,00000000E-3	-6,77059153E-6	
11,60000000E-3	-6,76194755E-6	
11,20000000E-3	-6,75188255E-6	
10,70000000E-3	-6,78903271E-6	
10,10000000E-3	-6,85224760E-6	
9,60000000E-3	-6,90221739E-6	
9,20000000E-3	-6,95371412E-6	
8,60000000E-3	-7,03419505E-6	
8,10000000E-3	-7,09924422E-6	
7,50000000E-3	-7,11352750E-6	
7,30000000E-3	-7,11878752E-6	
6,60000000E-3	-7,12402117E-6	
6,10000000E-3	-7,14213299E-6	
5,60000000E-3	-7,13413193E-6	
5,20000000E-3	-7,09156050E-6	
4,60000000E-3	-7,06407736E-6	
4,10000000E-3	-7,04409481E-6	
3,70000000E-3	-7,03679971E-6	
3,30000000E-3	-7,07253138E-6	
2,60000000E-3	-7,10084037E-6	
2,10000000E-3	-7,12513233E-6	
1,60000000E-3	-7,17570415E-6	
1,20000000E-3	-7,20126081E-6	
600,00000000E-6	-7,21146248E-6	
0,00000000E+0	-7,21298193E-6	
-400,00000000E-6	-7,21596706E-6	
-900,00000000E-6	-7,22373373E-6	
-1,40000000E-3	-7,22314039E-6	
-2,00000000E-3	-7,21406702E-6	
-2,50000000E-3	-7,23075116E-6	
-2,90000000E-3	-7,23428559E-6	
-3,50000000E-3	-7,23245894E-6	
-4,00000000E-3	-7,23158274E-6	
-4,50000000E-3	-7,23989897E-6	
-4,90000000E-3	-7,25806224E-6	
-5,50000000E-3	-7,24904965E-6	
-6,00000000E-3	-7,25564629E-6	
-6,50000000E-3	-7,28173132E-6	
-6,90000000E-3	-7,29929607E-6	
-7,50000000E-3	-7,30565322E-6	
-8,00000000E-3	-7,31191318E-6	
-8,40000000E-3	-7,32617214E-6	
-8,90000000E-3	-7,33919524E-6	
-9,50000000E-3	-7,35921504E-6	
-10,00000000E-3	-7,38351592E-6	
-10,40000000E-3	-7,37957557E-6	
-10,80000000E-3	-7,38998959E-6	
-11,50000000E-3	-7,42141469E-6	
-12,00000000E-3	-7,41526128E-6	
-12,40000000E-3	-7,40474583E-6	
-12,80000000E-3	-7,40203177E-6	
-13,40000000E-3	-7,40348330E-6	
-14,00000000E-3	-7,40766810E-6	
-14,40000000E-3	-7,39694448E-6	
-14,80000000E-3	-7,36864112E-6	
-15,40000000E-3	-7,36365728E-6	
-16,00000000E-3	-7,35858873E-6	
-16,40000000E-3	-7,37043902E-6	
-16,80000000E-3	-7,37858995E-6	
-17,40000000E-3	-7,37474785E-6	
-18,00000000E-3	-7,39401256E-6	
-18,40000000E-3	-7,41466192E-6	
-18,80000000E-3	-7,39468754E-6	
-19,50000000E-3	-7,36402109E-6	
-19,90000000E-3	-7,32373725E-6	
-20,40000000E-3	-7,28468460E-6	
-20,80000000E-3	-7,25264578E-6	
-21,50000000E-3	-7,20491875E-6	
-21,90000000E-3	-7,14486649E-6	
-22,40000000E-3	-7,08740367E-6	
-22,80000000E-3	-7,04559620E-6	
-23,50000000E-3	-7,00115757E-6	
-23,90000000E-3	-6,94647405E-6	
-24,40000000E-3	-6,88365406E-6	
-24,80000000E-3	-6,78504473E-6	
-25,50000000E-3	-6,68565204E-6	
-25,90000000E-3	-6,58369047E-6	
-26,40000000E-3	-6,45716956E-6	
-26,80000000E-3	-6,31848194E-6	
-27,40000000E-3	-6,16979224E-6	
-27,90000000E-3	-6,00463699E-6	
-28,30000000E-3	-5,86158029E-6	
-28,80000000E-3	-5,66910211E-6	
-29,40000000E-3	-5,43667824E-6	
-29,90000000E-3	-5,18332414E-6	
-30,30000000E-3	-4,95130887E-6	
-30,80000000E-3	-4,72479933E-6	
-31,40000000E-3	-4,51918980E-6	
-31,90000000E-3	-4,33579931E-6	
-32,10000000E-3	-4,16999220E-6	
-32,80000000E-3	-3,95539278E-6	
-33,20000000E-3	-3,71193289E-6	
-33,90000000E-3	-3,39284764E-6	
-34,10000000E-3	-3,06320233E-6	
-34,80000000E-3	-2,79197873E-6	
-35,20000000E-3	-2,57323871E-6	
-35,90000000E-3	-2,38501744E-6	
-36,30000000E-3	-2,13627998E-6	
-36,80000000E-3	-1,81106320E-6	
-37,20000000E-3	-1,43245597E-6	
-37,60000000E-3	-1,12488113E-6	
-38,10000000E-3	-901,23478672E-9	
-38,70000000E-3	-674,71199478E-9	
-39,20000000E-3	-406,05022844E-9	
-39,60000000E-3	-66,93159749E-9	
-40,10000000E-3	282,96559640E-9	
-40,60000000E-3	603,66835476E-9	
-41,20000000E-3	836,18925191E-9	
-41,60000000E-3	1,02541396E-6	
-42,10000000E-3	1,27419657E-6	
-42,60000000E-3	1,59912081E-6	
-43,10000000E-3	1,96577526E-6	
-43,60000000E-3	2,27272615E-6	
-44,00000000E-3	2,46768595E-6	
-44,60000000E-3	2,64002255E-6	
-45,10000000E-3	2,86148318E-6	
-45,60000000E-3	3,12589558E-6	
-46,00000000E-3	3,43331991E-6	
-46,60000000E-3	3,72105501E-6	
-47,10000000E-3	3,97948557E-6	
-47,60000000E-3	4,15953820E-6	
-48,00000000E-3	4,31496880E-6	
-48,60000000E-3	4,48109275E-6	
-49,10000000E-3	4,62592834E-6	
-49,50000000E-3	4,81588709E-6	
-50,00000000E-3	5,01792165E-6	
-50,60000000E-3	5,22937270E-6	
-51,10000000E-3	5,38777457E-6	
-51,50000000E-3	5,50847937E-6	
-52,00000000E-3	5,69990798E-6	
-52,60000000E-3	5,83208900E-6	
-53,10000000E-3	5,95132335E-6	
-53,50000000E-3	6,03513785E-6	
-54,00000000E-3	6,06184659E-6	
-54,40000000E-3	6,10607059E-6	
-55,10000000E-3	6,18016262E-6	
-55,50000000E-3	6,25161374E-6	
-56,00000000E-3	6,35561708E-6	
-56,40000000E-3	6,40553085E-6	
-57,00000000E-3	6,47210676E-6	
-57,50000000E-3	6,51952823E-6	
-57,90000000E-3	6,48928915E-6	
-58,40000000E-3	6,47577576E-6	
-59,00000000E-3	6,53542620E-6	
-59,50000000E-3	6,57246668E-6	
-59,90000000E-3	6,58708980E-6	
-60,40000000E-3	6,58305416E-6	
-61,00000000E-3	6,54055151E-6	
-61,50000000E-3	6,49811245E-6	
-61,90000000E-3	6,55464326E-6	
-62,40000000E-3	6,59819495E-6	
-63,00000000E-3	6,60258924E-6	
-63,50000000E-3	6,56844395E-6	
-63,90000000E-3	6,49647742E-6	
-64,40000000E-3	6,46663377E-6	
-65,00000000E-3	6,46262667E-6	
-65,50000000E-3	6,43303143E-6	
-65,90000000E-3	6,45618337E-6	
-66,30000000E-3	6,42991683E-6	
-67,00000000E-3	6,33711968E-6	
-67,50000000E-3	6,27598016E-6	
-67,90000000E-3	6,22965094E-6	
-68,40000000E-3	6,22941959E-6	
-68,90000000E-3	6,26196807E-6	
-69,50000000E-3	6,22394800E-6	
-70,00000000E-3	6,17186210E-6	
-70,50000000E-3	6,13486064E-6	
-70,90000000E-3	6,09139942E-6	
-71,40000000E-3	6,08035737E-6	
-72,00000000E-3	6,13003185E-6	
-72,50000000E-3	6,07575114E-6	
-73,00000000E-3	5,95790448E-6	
-73,40000000E-3	5,95855378E-6	
-73,90000000E-3	5,97854735E-6	
-74,30000000E-3	5,94996930E-6	
-74,90000000E-3	5,85096176E-6	
-75,50000000E-3	5,75487224E-6	
-75,90000000E-3	5,77586805E-6	
-76,40000000E-3	5,89399509E-6	
-76,90000000E-3	5,88838871E-6	
-77,40000000E-3	5,77373656E-6	
-78,00000000E-3	5,69960148E-6	
-78,40000000E-3	5,60691142E-6	
-78,90000000E-3	5,61673847E-6	
-79,40000000E-3	5,67589990E-6	
-79,90000000E-3	5,72512307E-6	
-80,30000000E-3	5,73163641E-6	
-80,80000000E-3	5,67880491E-6	
-81,20000000E-3	5,60566765E-6	
-81,70000000E-3	5,47852587E-6	
-82,40000000E-3	5,42463332E-6	
-82,80000000E-3	5,41292813E-6	
-83,40000000E-3	5,50406391E-6	
-83,90000000E-3	5,56482528E-6	
-84,20000000E-3	5,57603801E-6	
-84,60000000E-3	5,48359285E-6	
-85,40000000E-3	5,36293984E-6	
-85,80000000E-3	5,30180696E-6	
-86,20000000E-3	5,30298401E-6	
-86,70000000E-3	5,40002910E-6	
-87,20000000E-3	5,43881468E-6	
-87,60000000E-3	5,40293561E-6	
-88,20000000E-3	5,26579112E-6	
-88,80000000E-3	5,18634203E-6	
-89,30000000E-3	5,20823661E-6	
-89,70000000E-3	5,28213934E-6	
-90,20000000E-3	5,33889389E-6	
-90,60000000E-3	5,30989258E-6	
-91,20000000E-3	5,26549196E-6	
-91,80000000E-3	5,17912813E-6	
-92,20000000E-3	5,09309589E-6	
-92,70000000E-3	5,02934466E-6	
-93,20000000E-3	5,05151114E-6	
-93,70000000E-3	5,07583782E-6	
-94,10000000E-3	5,13802311E-6	
-94,60000000E-3	5,19671455E-6	
-95,20000000E-3	5,22313768E-6	
-95,70000000E-3	5,20864542E-6	
-96,30000000E-3	5,14777004E-6	
-96,70000000E-3	5,08643283E-6	
-97,20000000E-3	5,04194581E-6	
-97,70000000E-3	4,99449237E-6	
-98,20000000E-3	4,92322478E-6	
-98,70000000E-3	4,89420387E-6	
-99,10000000E-3	4,86017678E-6	
-99,60000000E-3	4,83149231E-6	
-100,20000000E-3	4,83189139E-6	
-100,80000000E-3	4,83821455E-6	
-101,20000000E-3	4,88150337E-6	
-101,70000000E-3	4,90233973E-6	
-102,20000000E-3	4,89929995E-6	
-102,70000000E-3	4,91255952E-6	
-103,10000000E-3	4,93567675E-6	
-103,60000000E-3	4,94923256E-6	
-104,10000000E-3	4,94874613E-6	
-104,60000000E-3	4,94580551E-6	
-105,10000000E-3	4,98399693E-6	
-105,50000000E-3	4,97226451E-6	
-106,00000000E-3	4,95980593E-6	
-106,60000000E-3	4,95836276E-6	
-107,10000000E-3	4,95539874E-6	
-107,70000000E-3	4,95231671E-6	
-108,10000000E-3	4,94937382E-6	
-108,60000000E-3	4,92682306E-6	
-109,10000000E-3	4,92758476E-6	
-109,60000000E-3	4,94029956E-6	
-110,10000000E-3	4,92230638E-6	
-110,60000000E-3	4,89963403E-6	
-111,00000000E-3	4,87122859E-6	
-111,50000000E-3	4,86427152E-6	
-112,00000000E-3	4,85012694E-6	
-112,50000000E-3	4,83551035E-6	
-113,00000000E-3	4,82358466E-6	
-113,50000000E-3	4,82155680E-6	
-114,00000000E-3	4,80256888E-6	
-114,50000000E-3	4,80689630E-6	
-115,00000000E-3	4,84011594E-6	
-115,50000000E-3	4,84385651E-6	
-116,00000000E-3	4,83781613E-6	
-116,60000000E-3	4,82655681E-6	
-117,10000000E-3	4,80618253E-6	
-117,70000000E-3	4,76357015E-6	
-118,10000000E-3	4,70806553E-6	
-118,60000000E-3	4,64804913E-6	
-119,10000000E-3	4,60620958E-6	
-119,60000000E-3	4,54574359E-6	
-120,10000000E-3	4,49856783E-6	
-120,50000000E-3	4,47882300E-6	
-121,00000000E-3	4,52701043E-6	
-121,50000000E-3	4,62983039E-6	
-122,00000000E-3	4,72823503E-6	
-122,50000000E-3	4,71930645E-6	
-122,90000000E-3	4,63980303E-6	
-123,40000000E-3	4,51698688E-6	
-123,90000000E-3	4,44236370E-6	
-124,40000000E-3	4,44414366E-6	
-125,00000000E-3	4,54477730E-6	
-125,60000000E-3	4,64022857E-6	
-126,10000000E-3	4,67643001E-6	
-126,60000000E-3	4,62400764E-6	
-127,10000000E-3	4,49277664E-6	
-127,50000000E-3	4,41638684E-6	
-127,80000000E-3	4,46063775E-6	
-128,20000000E-3	4,58143146E-6	
-128,90000000E-3	4,62849768E-6	
-129,40000000E-3	4,55065609E-6	
-129,70000000E-3	4,43776362E-6	
-130,20000000E-3	4,40835505E-6	
-130,90000000E-3	4,44534687E-6	
-131,40000000E-3	4,53025282E-6	
-131,90000000E-3	4,60604730E-6	
-132,40000000E-3	4,60024821E-6	
-132,90000000E-3	4,52311268E-6	
-133,30000000E-3	4,45243335E-6	
-133,80000000E-3	4,39077683E-6	
-134,30000000E-3	4,39829705E-6	
-134,70000000E-3	4,47364408E-6	
-135,30000000E-3	4,56645009E-6	
-136,00000000E-3	4,58875535E-6	
-136,20000000E-3	4,53702534E-6	
-136,80000000E-3	4,45478703E-6	
-137,30000000E-3	4,39442563E-6	
-137,80000000E-3	4,34672818E-6	
-138,30000000E-3	4,33770825E-6	
-138,70000000E-3	4,33552061E-6	
-139,20000000E-3	4,37711773E-6	
-139,70000000E-3	4,44486195E-6	
-140,20000000E-3	4,51095113E-6	
-140,70000000E-3	4,51306261E-6	
-141,20000000E-3	4,47471123E-6	
-141,70000000E-3	4,43779105E-6	
-142,10000000E-3	4,39256654E-6	
-142,70000000E-3	4,35522642E-6	
-143,10000000E-3	4,33319749E-6	
-143,70000000E-3	4,31839735E-6	
-144,30000000E-3	4,29422589E-6	
-144,80000000E-3	4,28165946E-6	
-145,30000000E-3	4,27388371E-6	
-145,80000000E-3	4,28880120E-6	
-146,30000000E-3	4,31414628E-6	
-146,80000000E-3	4,33652379E-6	
-147,30000000E-3	4,34225201E-6	
-147,80000000E-3	4,34824847E-6	
-148,30000000E-3	4,35700286E-6	
-148,80000000E-3	4,30826512E-6	
-149,30000000E-3	4,26542927E-6	
-149,80000000E-3	4,23938460E-6	
-150,20000000E-3	4,20933487E-6	
