150,00000000E-3	5,66004972E-6	
150,00000000E-3	5,51122698E-6	
149,90000000E-3	5,23286119E-6	
149,80000000E-3	5,27789194E-6	
149,70000000E-3	5,55874882E-6	
149,20000000E-3	5,54912413E-6	
148,90000000E-3	5,28450332E-6	
148,80000000E-3	5,39337371E-6	
148,40000000E-3	5,59976877E-6	
147,80000000E-3	5,43624545E-6	
147,40000000E-3	5,28320950E-6	
147,00000000E-3	5,52982648E-6	
146,60000000E-3	5,76113455E-6	
146,00000000E-3	5,66769800E-6	
145,60000000E-3	5,40657900E-6	
145,20000000E-3	5,14565087E-6	
144,80000000E-3	5,18201927E-6	
144,40000000E-3	5,53203898E-6	
143,80000000E-3	5,74802647E-6	
143,30000000E-3	5,57909907E-6	
142,80000000E-3	5,30803297E-6	
142,30000000E-3	5,22101592E-6	
141,90000000E-3	5,38035224E-6	
141,50000000E-3	5,63938894E-6	
140,80000000E-3	5,72558207E-6	
140,30000000E-3	5,59759940E-6	
139,80000000E-3	5,38305620E-6	
139,40000000E-3	5,26225329E-6	
139,00000000E-3	5,34704868E-6	
138,40000000E-3	5,59184949E-6	
137,80000000E-3	5,69251897E-6	
137,20000000E-3	5,56280857E-6	
136,90000000E-3	5,37251799E-6	
136,50000000E-3	5,37024950E-6	
136,00000000E-3	5,61175006E-6	
135,40000000E-3	5,67482096E-6	
134,80000000E-3	5,46672115E-6	
134,20000000E-3	5,28326955E-6	
134,00000000E-3	5,31118143E-6	
133,50000000E-3	5,56840146E-6	
133,00000000E-3	5,71260340E-6	
132,40000000E-3	5,62628298E-6	
131,90000000E-3	5,43176709E-6	
131,50000000E-3	5,36445951E-6	
130,80000000E-3	5,51067364E-6	
130,30000000E-3	5,64207190E-6	
129,90000000E-3	5,59556404E-6	
129,40000000E-3	5,49022257E-6	
129,00000000E-3	5,37666175E-6	
128,50000000E-3	5,34870940E-6	
128,30000000E-3	5,43222366E-6	
127,50000000E-3	5,58602922E-6	
127,10000000E-3	5,69886153E-6	
126,70000000E-3	5,67662098E-6	
126,20000000E-3	5,51365412E-6	
125,40000000E-3	5,33898943E-6	
125,00000000E-3	5,36237961E-6	
124,60000000E-3	5,55940645E-6	
124,10000000E-3	5,71096184E-6	
123,60000000E-3	5,63604239E-6	
122,90000000E-3	5,38465744E-6	
122,50000000E-3	5,18281125E-6	
122,10000000E-3	5,36667953E-6	
121,60000000E-3	5,65682541E-6	
121,10000000E-3	5,74000023E-6	
120,60000000E-3	5,50781786E-6	
120,00000000E-3	5,33879554E-6	
119,50000000E-3	5,51807288E-6	
119,10000000E-3	5,71915911E-6	
118,90000000E-3	5,57847389E-6	
118,40000000E-3	5,29268234E-6	
117,60000000E-3	5,28130440E-6	
117,10000000E-3	5,54606466E-6	
116,70000000E-3	5,79903273E-6	
116,00000000E-3	5,79474750E-6	
115,50000000E-3	5,57167361E-6	
115,00000000E-3	5,26894506E-6	
114,80000000E-3	5,16290863E-6	
114,20000000E-3	5,46166797E-6	
113,70000000E-3	5,73703726E-6	
113,10000000E-3	5,49915625E-6	
112,60000000E-3	5,26675038E-6	
112,20000000E-3	5,40926687E-6	
111,70000000E-3	5,72452308E-6	
111,10000000E-3	5,69786768E-6	
110,80000000E-3	5,42907913E-6	
110,20000000E-3	5,26991726E-6	
109,80000000E-3	5,40700336E-6	
109,10000000E-3	5,66694088E-6	
108,70000000E-3	5,72665850E-6	
108,20000000E-3	5,39702417E-6	
107,70000000E-3	5,27116248E-6	
107,20000000E-3	5,62376890E-6	
106,80000000E-3	5,76110539E-6	
106,10000000E-3	5,46043156E-6	
105,70000000E-3	5,26874810E-6	
105,20000000E-3	5,47968411E-6	
104,70000000E-3	5,66655689E-6	
104,30000000E-3	5,50837951E-6	
103,80000000E-3	5,26275499E-6	
103,10000000E-3	5,28276044E-6	
102,70000000E-3	5,52912385E-6	
102,20000000E-3	5,70024867E-6	
101,80000000E-3	5,61667230E-6	
101,30000000E-3	5,34573404E-6	
100,60000000E-3	5,21169075E-6	
100,20000000E-3	5,45982419E-6	
99,70000000E-3	5,67461040E-6	
99,30000000E-3	5,56724731E-6	
98,80000000E-3	5,35501427E-6	
98,20000000E-3	5,18934694E-6	
97,90000000E-3	5,25527081E-6	
97,30000000E-3	5,49609539E-6	
96,80000000E-3	5,68825146E-6	
96,30000000E-3	5,65356742E-6	
96,10000000E-3	5,43547642E-6	
95,20000000E-3	5,21538231E-6	
94,80000000E-3	5,21399821E-6	
94,30000000E-3	5,44519102E-6	
93,80000000E-3	5,61905363E-6	
93,10000000E-3	5,52360745E-6	
92,70000000E-3	5,26637696E-6	
92,20000000E-3	5,17006100E-6	
91,80000000E-3	5,25251327E-6	
91,30000000E-3	5,41014308E-6	
91,00000000E-3	5,56105836E-6	
90,30000000E-3	5,55457600E-6	
89,90000000E-3	5,31877020E-6	
89,40000000E-3	5,12549803E-6	
88,70000000E-3	5,18369825E-6	
88,30000000E-3	5,41166763E-6	
87,80000000E-3	5,45376430E-6	
87,40000000E-3	5,25740424E-6	
86,90000000E-3	5,15308922E-6	
86,60000000E-3	5,31055176E-6	
85,80000000E-3	5,43552455E-6	
85,40000000E-3	5,31608614E-6	
84,90000000E-3	5,12413301E-6	
84,50000000E-3	5,24593324E-6	
84,00000000E-3	5,47846289E-6	
83,50000000E-3	5,41922299E-6	
82,80000000E-3	5,13383359E-6	
82,40000000E-3	5,10900927E-6	
82,00000000E-3	5,36842658E-6	
81,40000000E-3	5,31100650E-6	
81,00000000E-3	5,06478491E-6	
80,30000000E-3	5,11483920E-6	
79,80000000E-3	5,34447656E-6	
79,50000000E-3	5,29905394E-6	
79,00000000E-3	5,06748883E-6	
78,50000000E-3	5,03433887E-6	
77,90000000E-3	5,19003939E-6	
77,40000000E-3	5,32377745E-6	
77,00000000E-3	5,17687626E-6	
76,50000000E-3	5,00975900E-6	
76,00000000E-3	5,10727764E-6	
75,50000000E-3	5,27367256E-6	
74,90000000E-3	5,13478426E-6	
74,40000000E-3	4,90739046E-6	
73,90000000E-3	5,03101266E-6	
73,70000000E-3	5,27337271E-6	
73,00000000E-3	5,24130192E-6	
72,50000000E-3	4,92300980E-6	
72,00000000E-3	4,68754720E-6	
71,50000000E-3	4,73608868E-6	
71,10000000E-3	4,97898723E-6	
70,40000000E-3	5,11557969E-6	
69,90000000E-3	5,10256080E-6	
69,70000000E-3	4,96577237E-6	
69,20000000E-3	4,77457347E-6	
68,50000000E-3	4,73935555E-6	
68,00000000E-3	4,86609905E-6	
67,60000000E-3	5,01982670E-6	
67,10000000E-3	5,01770240E-6	
66,50000000E-3	4,86226742E-6	
66,00000000E-3	4,72321408E-6	
65,60000000E-3	4,71995944E-6	
65,10000000E-3	4,87966582E-6	
64,60000000E-3	4,94211712E-6	
64,10000000E-3	4,76764850E-6	
63,70000000E-3	4,64617926E-6	
63,70000000E-3	4,74539767E-6	
62,60000000E-3	4,89567199E-6	
62,10000000E-3	4,87488624E-6	
61,60000000E-3	4,71235887E-6	
61,20000000E-3	4,65982258E-6	
60,50000000E-3	4,79935110E-6	
60,10000000E-3	4,78997167E-6	
59,60000000E-3	4,61675118E-6	
59,10000000E-3	4,62439225E-6	
58,60000000E-3	4,73887401E-6	
58,20000000E-3	4,70718429E-6	
57,50000000E-3	4,56412549E-6	
57,00000000E-3	4,58537144E-6	
56,60000000E-3	4,70571615E-6	
56,10000000E-3	4,65248627E-6	
55,70000000E-3	4,48156641E-6	
55,00000000E-3	4,48564455E-6	
54,50000000E-3	4,58118662E-6	
54,10000000E-3	4,46578591E-6	
53,60000000E-3	4,39129095E-6	
53,10000000E-3	4,46825636E-6	
52,70000000E-3	4,44312206E-6	
52,00000000E-3	4,37708953E-6	
52,00000000E-3	4,51086792E-6	
51,10000000E-3	4,50309673E-6	
50,60000000E-3	4,32867721E-6	
50,20000000E-3	4,37151092E-6	
49,70000000E-3	4,46096489E-6	
49,10000000E-3	4,40514738E-6	
48,60000000E-3	4,25600036E-6	
48,10000000E-3	4,32056867E-6	
47,90000000E-3	4,30669377E-6	
47,20000000E-3	4,19335988E-6	
46,80000000E-3	4,32736792E-6	
46,30000000E-3	4,29783155E-6	
46,00000000E-3	4,17676651E-6	
45,00000000E-3	4,25170252E-6	
44,50000000E-3	4,21489572E-6	
44,10000000E-3	4,07216387E-6	
43,60000000E-3	4,06783883E-6	
43,60000000E-3	4,16838945E-6	
42,60000000E-3	4,19108170E-6	
42,20000000E-3	4,02156929E-6	
41,70000000E-3	4,03036908E-6	
41,20000000E-3	3,96152718E-6	
40,80000000E-3	4,03836000E-6	
40,30000000E-3	4,13967564E-6	
39,70000000E-3	4,03108662E-6	
39,20000000E-3	3,90589601E-6	
38,70000000E-3	3,89080601E-6	
38,30000000E-3	3,96953833E-6	
37,80000000E-3	4,03971854E-6	
37,30000000E-3	3,98792850E-6	
36,70000000E-3	3,85296395E-6	
36,30000000E-3	3,95400793E-6	
35,80000000E-3	4,01145252E-6	
35,30000000E-3	3,85082713E-6	
34,80000000E-3	3,84214698E-6	
34,20000000E-3	3,90832755E-6	
33,70000000E-3	3,78430659E-6	
33,30000000E-3	3,77988368E-6	
33,30000000E-3	3,89588590E-6	
32,30000000E-3	3,81991300E-6	
31,80000000E-3	3,65896782E-6	
31,30000000E-3	3,78319616E-6	
30,90000000E-3	3,81871319E-6	
30,40000000E-3	3,65366620E-6	
29,90000000E-3	3,70288648E-6	
29,30000000E-3	3,77150804E-6	
28,80000000E-3	3,63507558E-6	
28,40000000E-3	3,72973433E-6	
27,90000000E-3	3,72290623E-6	
27,40000000E-3	3,56530431E-6	
26,80000000E-3	3,68027427E-6	
26,20000000E-3	3,71495659E-6	
25,80000000E-3	3,50658694E-6	
25,30000000E-3	3,56499480E-6	
24,80000000E-3	3,70365884E-6	
24,40000000E-3	3,71454096E-6	
24,20000000E-3	3,56715607E-6	
23,30000000E-3	3,55593279E-6	
22,80000000E-3	3,55273339E-6	
22,40000000E-3	3,50767370E-6	
21,90000000E-3	3,56784379E-6	
21,40000000E-3	3,53375775E-6	
21,00000000E-3	3,49838415E-6	
20,50000000E-3	3,51171097E-6	
20,00000000E-3	3,47741487E-6	
19,80000000E-3	3,45261377E-6	
18,90000000E-3	3,50325923E-6	
18,40000000E-3	3,51081091E-6	
17,90000000E-3	3,40454488E-6	
17,40000000E-3	3,38514560E-6	
17,00000000E-3	3,49868675E-6	
16,50000000E-3	3,49185244E-6	
15,90000000E-3	3,40831081E-6	
15,40000000E-3	3,38066362E-6	
15,00000000E-3	3,41080877E-6	
14,50000000E-3	3,37104808E-6	
13,90000000E-3	3,33464612E-6	
13,40000000E-3	3,34447519E-6	
12,90000000E-3	3,35085299E-6	
12,40000000E-3	3,36169474E-6	
12,00000000E-3	3,38208357E-6	
11,60000000E-3	3,40883013E-6	
11,00000000E-3	3,41512938E-6	
10,40000000E-3	3,35308248E-6	
10,00000000E-3	3,38741899E-6	
9,50000000E-3	3,43619584E-6	
9,00000000E-3	3,33427852E-6	
8,60000000E-3	3,28416451E-6	
7,90000000E-3	3,33018713E-6	
7,40000000E-3	3,37138823E-6	
7,00000000E-3	3,24616960E-6	
6,50000000E-3	3,21476552E-6	
6,10000000E-3	3,38910688E-6	
5,60000000E-3	3,42445895E-6	
4,90000000E-3	3,19876202E-6	
4,50000000E-3	3,16558147E-6	
4,00000000E-3	3,32463598E-6	
3,50000000E-3	3,30369443E-6	
3,10000000E-3	3,17894743E-6	
2,60000000E-3	3,22159714E-6	
2,10000000E-3	3,37622313E-6	
1,40000000E-3	3,41213651E-6	
900,00000000E-6	3,31958016E-6	
400,00000000E-6	3,23514034E-6	
100,00000000E-6	3,25973843E-6	
-400,00000000E-6	3,35568766E-6	
-1,00000000E-3	3,36827450E-6	
-1,70000000E-3	3,27809780E-6	
-2,20000000E-3	3,18512371E-6	
-2,70000000E-3	3,29071881E-6	
-3,10000000E-3	3,39803796E-6	
-3,60000000E-3	3,41810466E-6	
-4,00000000E-3	3,30314084E-6	
-4,50000000E-3	3,22655603E-6	
-5,00000000E-3	3,30023740E-6	
-5,40000000E-3	3,39634486E-6	
-5,90000000E-3	3,41756875E-6	
-6,40000000E-3	3,26306325E-6	
-6,90000000E-3	3,24024180E-6	
-7,50000000E-3	3,43741872E-6	
-8,20000000E-3	3,48326101E-6	
-8,40000000E-3	3,31853313E-6	
-8,90000000E-3	3,25492611E-6	
-9,40000000E-3	3,32763234E-6	
-9,80000000E-3	3,45843135E-6	
-10,50000000E-3	3,42312701E-6	
-10,90000000E-3	3,32959362E-6	
-11,40000000E-3	3,36396246E-6	
-11,90000000E-3	3,48469373E-6	
-12,30000000E-3	3,51090867E-6	
-13,00000000E-3	3,40042012E-6	
-13,40000000E-3	3,33646779E-6	
-13,90000000E-3	3,44072434E-6	
-14,40000000E-3	3,55629728E-6	
-14,80000000E-3	3,55785547E-6	
-15,30000000E-3	3,43815882E-6	
-16,00000000E-3	3,36841949E-6	
-16,50000000E-3	3,42027600E-6	
-16,90000000E-3	3,56295316E-6	
-17,40000000E-3	3,59024109E-6	
-17,90000000E-3	3,50234382E-6	
-18,30000000E-3	3,45523450E-6	
-18,80000000E-3	3,55176906E-6	
-19,50000000E-3	3,56515265E-6	
-19,90000000E-3	3,49884659E-6	
-20,30000000E-3	3,56412858E-6	
-20,80000000E-3	3,65756879E-6	
-21,30000000E-3	3,60285591E-6	
-21,80000000E-3	3,54602365E-6	
-22,50000000E-3	3,62268810E-6	
-22,90000000E-3	3,69258816E-6	
-23,40000000E-3	3,64722859E-6	
-23,80000000E-3	3,63648052E-6	
-24,30000000E-3	3,74782589E-6	
-24,80000000E-3	3,74372475E-6	
-25,30000000E-3	3,68404245E-6	
-25,90000000E-3	3,76507289E-6	
-26,30000000E-3	3,74287311E-6	
-26,80000000E-3	3,70510197E-6	
-27,20000000E-3	3,82795056E-6	
-27,80000000E-3	3,81254370E-6	
-28,30000000E-3	3,77184261E-6	
-28,90000000E-3	3,86352220E-6	
-29,40000000E-3	3,84602690E-6	
-29,80000000E-3	3,84092055E-6	
-30,30000000E-3	3,77437347E-6	
-30,70000000E-3	3,92352450E-6	
-31,30000000E-3	3,87872759E-6	
-31,90000000E-3	3,90825436E-6	
-32,40000000E-3	3,99738727E-6	
-32,80000000E-3	3,85876533E-6	
-33,30000000E-3	4,02242873E-6	
-33,70000000E-3	3,98599000E-6	
-34,40000000E-3	3,90632819E-6	
-34,90000000E-3	4,08732906E-6	
-35,30000000E-3	4,03059986E-6	
-35,80000000E-3	3,99390871E-6	
-36,20000000E-3	4,16191692E-6	
-36,70000000E-3	4,01562483E-6	
-37,30000000E-3	4,03139308E-6	
-37,80000000E-3	4,17338783E-6	
-38,30000000E-3	4,16135169E-6	
-38,80000000E-3	4,13389940E-6	
-39,20000000E-3	4,07069085E-6	
-39,70000000E-3	4,18529716E-6	
-40,10000000E-3	4,31049383E-6	
-40,80000000E-3	4,16869280E-6	
-41,30000000E-3	4,29618875E-6	
-41,80000000E-3	4,31944198E-6	
-42,20000000E-3	4,19337570E-6	
-42,70000000E-3	4,18073577E-6	
-43,10000000E-3	4,24030137E-6	
-43,80000000E-3	4,25904185E-6	
-44,20000000E-3	4,40345558E-6	
-44,80000000E-3	4,44023113E-6	
-45,20000000E-3	4,41958514E-6	
-45,70000000E-3	4,27322943E-6	
-46,10000000E-3	4,42559740E-6	
-46,70000000E-3	4,57163217E-6	
-47,30000000E-3	4,48036540E-6	
-47,50000000E-3	4,48293306E-6	
-48,20000000E-3	4,56989536E-6	
-48,60000000E-3	4,57499302E-6	
-49,20000000E-3	4,54998733E-6	
-49,80000000E-3	4,56133321E-6	
-50,20000000E-3	4,56344905E-6	
-50,70000000E-3	4,57843838E-6	
-51,20000000E-3	4,60164834E-6	
-51,60000000E-3	4,84667834E-6	
-52,10000000E-3	4,81252304E-6	
-52,50000000E-3	4,58570744E-6	
-53,00000000E-3	4,58630872E-6	
-53,40000000E-3	4,78748277E-6	
-53,90000000E-3	4,97874307E-6	
-54,50000000E-3	4,84227836E-6	
-55,10000000E-3	4,68237310E-6	
-55,80000000E-3	4,80427763E-6	
-56,00000000E-3	4,84165136E-6	
-56,50000000E-3	4,85353125E-6	
-56,90000000E-3	4,96311487E-6	
-57,40000000E-3	4,95259314E-6	
-58,00000000E-3	4,86605643E-6	
-58,50000000E-3	4,86975650E-6	
-59,00000000E-3	4,99380616E-6	
-59,40000000E-3	5,06080317E-6	
-59,90000000E-3	5,08620290E-6	
-60,50000000E-3	5,00745567E-6	
-61,00000000E-3	4,92258646E-6	
-61,50000000E-3	5,07374280E-6	
-62,00000000E-3	5,26101558E-6	
-62,40000000E-3	5,15216329E-6	
-62,90000000E-3	5,03132101E-6	
-63,60000000E-3	5,14985434E-6	
-64,00000000E-3	5,37055014E-6	
-64,50000000E-3	5,18415266E-6	
-65,00000000E-3	4,96464516E-6	
-65,40000000E-3	5,18858613E-6	
-65,90000000E-3	5,39856043E-6	
-66,30000000E-3	5,15168331E-6	
-67,10000000E-3	5,09461299E-6	
-67,50000000E-3	5,39354503E-6	
-68,00000000E-3	5,36522523E-6	
-68,50000000E-3	5,16475444E-6	
-68,90000000E-3	5,35795056E-6	
-69,30000000E-3	5,47482477E-6	
-70,00000000E-3	5,28886030E-6	
-70,50000000E-3	5,34915382E-6	
-71,00000000E-3	5,39859364E-6	
-71,40000000E-3	5,42525107E-6	
-71,80000000E-3	5,63476314E-6	
-72,30000000E-3	5,42784418E-6	
-72,90000000E-3	5,28490746E-6	
-73,50000000E-3	5,58650315E-6	
-73,60000000E-3	5,56850098E-6	
-74,30000000E-3	5,29991011E-6	
-74,80000000E-3	5,46425911E-6	
-75,20000000E-3	5,64118509E-6	
-76,00000000E-3	5,42063207E-6	
-76,50000000E-3	5,48921630E-6	
-77,00000000E-3	5,73783224E-6	
-77,40000000E-3	5,58540021E-6	
-77,90000000E-3	5,44427751E-6	
-78,30000000E-3	5,67924401E-6	
-79,00000000E-3	5,80883003E-6	
-79,40000000E-3	5,51698144E-6	
-79,90000000E-3	5,67557816E-6	
-80,40000000E-3	5,83937476E-6	
-80,90000000E-3	5,55618873E-6	
-81,30000000E-3	5,69414171E-6	
-82,00000000E-3	5,84198073E-6	
-82,40000000E-3	5,60497163E-6	
-82,90000000E-3	5,80301167E-6	
-83,40000000E-3	5,87180186E-6	
-83,80000000E-3	5,75050128E-6	
-84,30000000E-3	5,90519476E-6	
-84,90000000E-3	5,59544304E-6	
-85,40000000E-3	5,65621530E-6	
-85,90000000E-3	5,90099677E-6	
-86,30000000E-3	5,78368755E-6	
-86,80000000E-3	5,76599224E-6	
-87,30000000E-3	5,93755880E-6	
-87,90000000E-3	5,82045381E-6	
-88,40000000E-3	5,86091365E-6	
-88,90000000E-3	5,97348400E-6	
-89,30000000E-3	5,84937595E-6	
-89,80000000E-3	5,91782143E-6	
-90,20000000E-3	5,99233544E-6	
-90,80000000E-3	5,83301411E-6	
-91,20000000E-3	5,98671927E-6	
-91,90000000E-3	5,96306993E-6	
-92,30000000E-3	5,88358834E-6	
-92,80000000E-3	6,01984403E-6	
-93,20000000E-3	5,92299356E-6	
-94,00000000E-3	6,05293447E-6	
-94,40000000E-3	5,97252880E-6	
-94,90000000E-3	5,98093328E-6	
-95,10000000E-3	6,08395382E-6	
-95,70000000E-3	5,95442427E-6	
-96,20000000E-3	6,08201871E-6	
-96,90000000E-3	6,06251784E-6	
-97,40000000E-3	5,95526183E-6	
-97,60000000E-3	6,09556393E-6	
-98,10000000E-3	5,96052478E-6	
-98,80000000E-3	6,06022847E-6	
-99,30000000E-3	6,08038566E-6	
-99,70000000E-3	6,02277651E-6	
-100,20000000E-3	6,25460130E-6	
-100,60000000E-3	6,09735003E-6	
-101,10000000E-3	5,97783283E-6	
-101,50000000E-3	6,19676562E-6	
-102,30000000E-3	6,07196865E-6	
-102,70000000E-3	5,97202410E-6	
-103,20000000E-3	6,15332216E-6	
-103,60000000E-3	6,30328792E-6	
-104,00000000E-3	6,08432512E-6	
-104,50000000E-3	6,03644880E-6	
-105,10000000E-3	6,32200281E-6	
-105,70000000E-3	6,14862558E-6	
-106,20000000E-3	6,01678018E-6	
-106,60000000E-3	6,30079858E-6	
-107,00000000E-3	6,33429274E-6	
-107,50000000E-3	6,12828278E-6	
-108,20000000E-3	6,14906983E-6	
-108,70000000E-3	6,34332749E-6	
-109,10000000E-3	6,34574171E-6	
-109,60000000E-3	6,12183899E-6	
-110,10000000E-3	6,19205200E-6	
-110,50000000E-3	6,42485547E-6	
-111,20000000E-3	6,36485039E-6	
-111,70000000E-3	6,08218603E-6	
-112,20000000E-3	6,13112081E-6	
-112,60000000E-3	6,43571923E-6	
-113,10000000E-3	6,46035186E-6	
-113,50000000E-3	6,15006154E-6	
-114,00000000E-3	6,06958717E-6	
-114,60000000E-3	6,40316993E-6	
-115,10000000E-3	6,51136046E-6	
-115,60000000E-3	6,20905841E-6	
-116,10000000E-3	6,10262928E-6	
-116,50000000E-3	6,39036614E-6	
-117,00000000E-3	6,53064636E-6	
-117,60000000E-3	6,37039476E-6	
-118,10000000E-3	6,22776780E-6	
-118,60000000E-3	6,33854737E-6	
-119,10000000E-3	6,37943743E-6	
-119,50000000E-3	6,32939566E-6	
-119,90000000E-3	6,41125572E-6	
-120,50000000E-3	6,50874861E-6	
-121,10000000E-3	6,31929125E-6	
-121,60000000E-3	6,27065654E-6	
-122,10000000E-3	6,34539983E-6	
-122,50000000E-3	6,27561581E-6	
-122,90000000E-3	6,34654868E-6	
-123,40000000E-3	6,49333637E-6	
-124,10000000E-3	6,46372427E-6	
-124,60000000E-3	6,33791833E-6	
-125,00000000E-3	6,45634186E-6	
-125,50000000E-3	6,45913783E-6	
-125,90000000E-3	6,32110886E-6	
-126,40000000E-3	6,47438489E-6	
-127,00000000E-3	6,39955115E-6	
-127,60000000E-3	6,39298205E-6	
-128,00000000E-3	6,51797650E-6	
-128,50000000E-3	6,37326452E-6	
-128,90000000E-3	6,34598219E-6	
-129,40000000E-3	6,50081305E-6	
-130,00000000E-3	6,40776688E-6	
-130,50000000E-3	6,54948500E-6	
-131,00000000E-3	6,52868541E-6	
-131,40000000E-3	6,37037315E-6	
-131,90000000E-3	6,37305217E-6	
-132,40000000E-3	6,57208133E-6	
-132,80000000E-3	6,44157481E-6	
-133,60000000E-3	6,41725909E-6	
-134,00000000E-3	6,66225746E-6	
-134,40000000E-3	6,38340741E-6	
-134,90000000E-3	6,41056235E-6	
-135,40000000E-3	6,55791680E-6	
-135,80000000E-3	6,43504704E-6	
-136,50000000E-3	6,49698564E-6	
-137,00000000E-3	6,51419162E-6	
-137,40000000E-3	6,51349381E-6	
-137,90000000E-3	6,54552009E-6	
-138,40000000E-3	6,41163265E-6	
-138,80000000E-3	6,40925318E-6	
-139,40000000E-3	6,50404695E-6	
-139,90000000E-3	6,45897599E-6	
-140,40000000E-3	6,61299858E-6	
-140,80000000E-3	6,54551774E-6	
-141,30000000E-3	6,66894501E-6	
-142,00000000E-3	6,75799172E-6	
-142,20000000E-3	6,41348470E-6	
-142,70000000E-3	6,65400628E-6	
-143,10000000E-3	6,63461402E-6	
-143,80000000E-3	6,54912181E-6	
-144,30000000E-3	6,62895177E-6	
-144,80000000E-3	6,48207963E-6	
-145,20000000E-3	6,70864593E-6	
-145,90000000E-3	6,52720651E-6	
-146,40000000E-3	6,69578137E-6	
-146,70000000E-3	6,62819742E-6	
-147,30000000E-3	6,70060234E-6	
-147,70000000E-3	6,58368522E-6	
-148,20000000E-3	6,69377523E-6	
-148,70000000E-3	6,80678124E-6	
-149,10000000E-3	6,48535151E-6	
-149,70000000E-3	6,61384721E-6	
