150,00000000E-3	4,40428123E-6	
150,00000000E-3	4,51557882E-6	
150,00000000E-3	4,48824945E-6	
149,90000000E-3	4,39544830E-6	
149,50000000E-3	4,46819342E-6	
149,50000000E-3	4,51822760E-6	
149,10000000E-3	4,40068907E-6	
148,80000000E-3	4,44488819E-6	
148,40000000E-3	4,55365553E-6	
148,00000000E-3	4,42481106E-6	
147,70000000E-3	4,38035771E-6	
147,20000000E-3	4,52263030E-6	
146,80000000E-3	4,43388420E-6	
146,30000000E-3	4,45379245E-6	
146,30000000E-3	4,56633592E-6	
145,30000000E-3	4,49613065E-6	
145,20000000E-3	4,42562327E-6	
144,60000000E-3	4,54966896E-6	
144,10000000E-3	4,55113634E-6	
143,90000000E-3	4,42645955E-6	
143,10000000E-3	4,52081158E-6	
142,70000000E-3	4,56578253E-6	
142,00000000E-3	4,44084972E-6	
141,60000000E-3	4,57378428E-6	
141,30000000E-3	4,59749675E-6	
140,60000000E-3	4,46326844E-6	
140,10000000E-3	4,55720837E-6	
139,90000000E-3	4,61598816E-6	
139,20000000E-3	4,46599629E-6	
138,70000000E-3	4,52451098E-6	
138,20000000E-3	4,62662963E-6	
138,00000000E-3	4,53260663E-6	
137,20000000E-3	4,54480247E-6	
136,70000000E-3	4,64073977E-6	
136,20000000E-3	4,58459926E-6	
135,70000000E-3	4,52312360E-6	
135,70000000E-3	4,59416882E-6	
134,80000000E-3	4,65554623E-6	
134,30000000E-3	4,55870326E-6	
133,80000000E-3	4,60324173E-6	
133,40000000E-3	4,64574411E-6	
132,80000000E-3	4,57329139E-6	
132,50000000E-3	4,57338074E-6	
131,70000000E-3	4,64632706E-6	
131,10000000E-3	4,60514393E-6	
130,80000000E-3	4,58137069E-6	
130,40000000E-3	4,66306905E-6	
129,90000000E-3	4,66079421E-6	
129,40000000E-3	4,61558755E-6	
129,00000000E-3	4,65722641E-6	
128,50000000E-3	4,64602822E-6	
127,80000000E-3	4,59749028E-6	
127,50000000E-3	4,65625274E-6	
127,00000000E-3	4,66959934E-6	
126,50000000E-3	4,61473113E-6	
126,00000000E-3	4,65677049E-6	
125,50000000E-3	4,65135772E-6	
124,90000000E-3	4,61759230E-6	
124,40000000E-3	4,67044801E-6	
124,00000000E-3	4,68834986E-6	
123,50000000E-3	4,60691181E-6	
122,90000000E-3	4,66790473E-6	
122,30000000E-3	4,70599294E-6	
121,80000000E-3	4,65628679E-6	
121,30000000E-3	4,67959983E-6	
120,80000000E-3	4,66644450E-6	
120,30000000E-3	4,59542503E-6	
120,10000000E-3	4,58771091E-6	
119,50000000E-3	4,68894034E-6	
118,90000000E-3	4,72285362E-6	
118,50000000E-3	4,69909571E-6	
117,90000000E-3	4,66407247E-6	
117,80000000E-3	4,66872583E-6	
116,80000000E-3	4,70840250E-6	
116,40000000E-3	4,74128131E-6	
115,90000000E-3	4,69689920E-6	
115,40000000E-3	4,65929603E-6	
114,90000000E-3	4,67038678E-6	
114,40000000E-3	4,74449583E-6	
113,90000000E-3	4,75313623E-6	
113,40000000E-3	4,71277244E-6	
113,00000000E-3	4,69967427E-6	
112,40000000E-3	4,70507680E-6	
112,20000000E-3	4,73132608E-6	
111,50000000E-3	4,77766379E-6	
111,10000000E-3	4,75770042E-6	
110,60000000E-3	4,71406177E-6	
110,10000000E-3	4,69333867E-6	
110,10000000E-3	4,73647193E-6	
109,00000000E-3	4,80403763E-6	
108,50000000E-3	4,83483663E-6	
108,00000000E-3	4,82336455E-6	
107,50000000E-3	4,72225433E-6	
107,00000000E-3	4,67183174E-6	
106,60000000E-3	4,73609744E-6	
106,00000000E-3	4,80305205E-6	
105,60000000E-3	4,80190798E-6	
105,00000000E-3	4,79174784E-6	
104,50000000E-3	4,74046902E-6	
104,00000000E-3	4,71028719E-6	
103,60000000E-3	4,73502375E-6	
103,00000000E-3	4,76181418E-6	
102,50000000E-3	4,79005731E-6	
102,00000000E-3	4,79340741E-6	
101,50000000E-3	4,81595857E-6	
101,00000000E-3	4,81134961E-6	
100,70000000E-3	4,80903613E-6	
100,10000000E-3	4,80206684E-6	
99,60000000E-3	4,76666208E-6	
99,20000000E-3	4,74644952E-6	
98,70000000E-3	4,74030871E-6	
98,10000000E-3	4,75277559E-6	
97,70000000E-3	4,76511458E-6	
97,40000000E-3	4,76906629E-6	
96,60000000E-3	4,78399293E-6	
96,20000000E-3	4,82348175E-6	
95,90000000E-3	4,86076737E-6	
95,20000000E-3	4,86569037E-6	
94,80000000E-3	4,84360889E-6	
94,30000000E-3	4,81797797E-6	
93,70000000E-3	4,72728921E-6	
93,10000000E-3	4,69721512E-6	
92,60000000E-3	4,75030577E-6	
92,60000000E-3	4,79853256E-6	
91,60000000E-3	4,81276430E-6	
91,10000000E-3	4,82461295E-6	
90,80000000E-3	4,83662964E-6	
90,30000000E-3	4,84681222E-6	
89,90000000E-3	4,82211286E-6	
89,40000000E-3	4,79680577E-6	
88,70000000E-3	4,80481962E-6	
88,20000000E-3	4,85178339E-6	
87,80000000E-3	4,83880262E-6	
87,20000000E-3	4,81309925E-6	
86,60000000E-3	4,79570816E-6	
86,20000000E-3	4,77956383E-6	
85,70000000E-3	4,76154707E-6	
85,50000000E-3	4,76019756E-6	
85,50000000E-3	4,76355409E-6	
84,20000000E-3	4,77852253E-6	
83,70000000E-3	4,77064673E-6	
83,30000000E-3	4,75409826E-6	
82,80000000E-3	4,75127416E-6	
82,30000000E-3	4,74394551E-6	
81,90000000E-3	4,74794821E-6	
81,40000000E-3	4,75337007E-6	
80,90000000E-3	4,75386554E-6	
80,40000000E-3	4,78388901E-6	
80,00000000E-3	4,79758390E-6	
79,40000000E-3	4,80717789E-6	
78,80000000E-3	4,76168486E-6	
78,30000000E-3	4,71182182E-6	
77,90000000E-3	4,69602882E-6	
77,40000000E-3	4,68131933E-6	
77,00000000E-3	4,65524377E-6	
76,40000000E-3	4,64043748E-6	
75,90000000E-3	4,62036641E-6	
75,40000000E-3	4,60230333E-6	
74,90000000E-3	4,62693971E-6	
74,40000000E-3	4,62245693E-6	
73,90000000E-3	4,60611719E-6	
73,50000000E-3	4,59698883E-6	
73,00000000E-3	4,58337264E-6	
72,40000000E-3	4,55813382E-6	
71,80000000E-3	4,57360309E-6	
71,40000000E-3	4,53296694E-6	
70,90000000E-3	4,49436878E-6	
70,40000000E-3	4,50794881E-6	
70,00000000E-3	4,50626448E-6	
70,00000000E-3	4,47530545E-6	
69,00000000E-3	4,46950399E-6	
68,50000000E-3	4,45066832E-6	
68,00000000E-3	4,43781299E-6	
67,40000000E-3	4,42373677E-6	
66,80000000E-3	4,38700633E-6	
66,40000000E-3	4,30861279E-6	
66,00000000E-3	4,24995550E-6	
65,40000000E-3	4,26098970E-6	
64,80000000E-3	4,26620430E-6	
64,30000000E-3	4,26323780E-6	
63,90000000E-3	4,25151536E-6	
63,40000000E-3	4,21806219E-6	
63,00000000E-3	4,20587398E-6	
62,40000000E-3	4,19326581E-6	
61,90000000E-3	4,14005398E-6	
61,40000000E-3	4,08711923E-6	
60,90000000E-3	4,06727521E-6	
60,40000000E-3	4,05306273E-6	
59,90000000E-3	4,01334116E-6	
59,40000000E-3	3,99005912E-6	
58,90000000E-3	3,94974776E-6	
58,40000000E-3	3,88339153E-6	
57,80000000E-3	3,86218084E-6	
57,70000000E-3	3,85457552E-6	
57,00000000E-3	3,82144288E-6	
56,50000000E-3	3,76436590E-6	
56,00000000E-3	3,74036308E-6	
55,60000000E-3	3,71607476E-6	
54,80000000E-3	3,66185413E-6	
54,40000000E-3	3,63545490E-6	
53,90000000E-3	3,62662929E-6	
53,50000000E-3	3,54509777E-6	
53,00000000E-3	3,44700015E-6	
52,50000000E-3	3,36851508E-6	
52,10000000E-3	3,31012150E-6	
51,40000000E-3	3,28427445E-6	
51,00000000E-3	3,26754181E-6	
50,50000000E-3	3,22721665E-6	
50,10000000E-3	3,21215927E-6	
49,40000000E-3	3,17656829E-6	
48,90000000E-3	3,12764327E-6	
48,50000000E-3	3,08498685E-6	
48,10000000E-3	3,03355632E-6	
47,60000000E-3	2,99753937E-6	
47,00000000E-3	2,95650799E-6	
46,60000000E-3	2,89979925E-6	
46,20000000E-3	2,84672537E-6	
45,70000000E-3	2,78872044E-6	
45,00000000E-3	2,71829632E-6	
44,60000000E-3	2,68415677E-6	
44,20000000E-3	2,64032323E-6	
43,50000000E-3	2,60211685E-6	
43,10000000E-3	2,56173099E-6	
42,50000000E-3	2,50751537E-6	
42,00000000E-3	2,45278252E-6	
41,50000000E-3	2,40862211E-6	
41,10000000E-3	2,32060568E-6	
40,40000000E-3	2,24022827E-6	
40,00000000E-3	2,17703484E-6	
39,50000000E-3	2,10103196E-6	
39,10000000E-3	2,05639408E-6	
38,50000000E-3	2,09217002E-6	
38,20000000E-3	2,11413861E-6	
37,80000000E-3	1,98290484E-6	
37,20000000E-3	1,85768162E-6	
36,70000000E-3	1,79853837E-6	
36,10000000E-3	1,76914505E-6	
35,60000000E-3	1,72612069E-6	
35,20000000E-3	1,65261268E-6	
35,00000000E-3	1,58419336E-6	
34,30000000E-3	1,53549845E-6	
33,80000000E-3	1,49528120E-6	
33,10000000E-3	1,46277857E-6	
32,70000000E-3	1,42556828E-6	
32,20000000E-3	1,33189342E-6	
31,70000000E-3	1,23104472E-6	
31,20000000E-3	1,20814591E-6	
30,80000000E-3	1,19783057E-6	
30,60000000E-3	1,12682773E-6	
29,70000000E-3	1,02572850E-6	
29,30000000E-3	971,65210251E-9	
28,70000000E-3	981,37786887E-9	
28,20000000E-3	971,58176542E-9	
27,80000000E-3	894,70121812E-9	
27,40000000E-3	828,42959724E-9	
26,70000000E-3	812,52478871E-9	
26,10000000E-3	797,52592577E-9	
25,70000000E-3	716,83865399E-9	
25,20000000E-3	666,15577065E-9	
24,80000000E-3	630,95005782E-9	
24,20000000E-3	557,64698719E-9	
23,70000000E-3	487,17968851E-9	
23,20000000E-3	433,77554409E-9	
22,80000000E-3	446,23269190E-9	
22,30000000E-3	493,31954712E-9	
21,70000000E-3	438,91990506E-9	
21,20000000E-3	319,50771502E-9	
20,90000000E-3	272,18563929E-9	
20,30000000E-3	352,76822185E-9	
19,90000000E-3	321,67276872E-9	
19,30000000E-3	171,38921342E-9	
18,90000000E-3	153,04447008E-9	
18,40000000E-3	222,43460770E-9	
17,80000000E-3	214,37687818E-9	
17,40000000E-3	98,98130280E-9	
16,90000000E-3	15,24577657E-9	
16,30000000E-3	38,91699577E-9	
15,80000000E-3	105,97403333E-9	
15,40000000E-3	83,37747562E-9	
15,00000000E-3	-44,00842199E-9	
14,40000000E-3	-160,50563369E-9	
13,80000000E-3	-149,79425483E-9	
13,40000000E-3	-48,84009301E-9	
13,00000000E-3	-21,16492981E-9	
12,40000000E-3	-135,71415978E-9	
11,90000000E-3	-241,82840708E-9	
11,40000000E-3	-214,51798968E-9	
11,00000000E-3	-46,24549980E-9	
10,50000000E-3	-76,32630517E-9	
9,90000000E-3	-244,83982818E-9	
9,40000000E-3	-353,45558611E-9	
9,00000000E-3	-331,22111994E-9	
8,50000000E-3	-246,50531023E-9	
7,90000000E-3	-186,33134675E-9	
7,50000000E-3	-269,05981172E-9	
7,00000000E-3	-398,09378232E-9	
6,40000000E-3	-406,13259273E-9	
5,90000000E-3	-279,92252706E-9	
5,50000000E-3	-253,61038310E-9	
5,10000000E-3	-377,01333564E-9	
4,40000000E-3	-414,32487536E-9	
3,90000000E-3	-298,27092860E-9	
3,50000000E-3	-318,60625636E-9	
3,10000000E-3	-433,78909947E-9	
2,40000000E-3	-402,66338711E-9	
1,90000000E-3	-330,81918955E-9	
1,40000000E-3	-397,27582249E-9	
1,00000000E-3	-461,84749786E-9	
400,00000000E-6	-344,64220523E-9	
-200,00000000E-6	-321,60046591E-9	
-600,00000000E-6	-448,92997688E-9	
-1,10000000E-3	-440,22385363E-9	
-1,70000000E-3	-343,05131656E-9	
-2,20000000E-3	-405,97780840E-9	
-2,60000000E-3	-480,15414459E-9	
-3,10000000E-3	-333,87022281E-9	
-3,70000000E-3	-312,50294734E-9	
-4,20000000E-3	-519,54433905E-9	
-4,70000000E-3	-467,09296821E-9	
-5,10000000E-3	-326,97543737E-9	
-5,70000000E-3	-376,09824827E-9	
-6,20000000E-3	-425,87818125E-9	
-6,60000000E-3	-319,65529553E-9	
-7,10000000E-3	-330,21087906E-9	
-7,70000000E-3	-445,88768216E-9	
-8,20000000E-3	-351,79978912E-9	
-8,60000000E-3	-282,78076000E-9	
-9,10000000E-3	-390,89780541E-9	
-9,70000000E-3	-361,99959405E-9	
-10,20000000E-3	-238,66753159E-9	
-10,60000000E-3	-307,87646898E-9	
-11,10000000E-3	-326,47556950E-9	
-11,70000000E-3	-194,62580020E-9	
-12,20000000E-3	-255,33957041E-9	
-12,60000000E-3	-326,44733682E-9	
-13,00000000E-3	-173,71974067E-9	
-13,60000000E-3	-219,38159654E-9	
-14,20000000E-3	-310,78179825E-9	
-14,60000000E-3	-154,73446277E-9	
-15,10000000E-3	-111,22296751E-9	
-15,60000000E-3	-242,83233418E-9	
-15,90000000E-3	-147,51283128E-9	
-16,40000000E-3	19,51288120E-9	
-17,10000000E-3	-82,63480320E-9	
-17,60000000E-3	-155,93664187E-9	
-18,20000000E-3	-38,24916183E-9	
-18,60000000E-3	49,73741906E-9	
-19,10000000E-3	-50,93391005E-9	
-19,60000000E-3	5,82741764E-9	
-20,10000000E-3	180,71381142E-9	
-20,30000000E-3	218,09714505E-9	
-21,00000000E-3	122,14759583E-9	
-21,50000000E-3	47,99904669E-9	
-21,90000000E-3	147,77700034E-9	
-22,40000000E-3	303,30120512E-9	
-23,00000000E-3	384,21181842E-9	
-23,50000000E-3	310,11153352E-9	
-24,10000000E-3	245,00480030E-9	
-24,60000000E-3	352,14112245E-9	
-25,00000000E-3	534,47402060E-9	
-25,40000000E-3	595,33759679E-9	
-25,80000000E-3	508,14172663E-9	
-26,40000000E-3	432,89027723E-9	
-26,90000000E-3	518,19871076E-9	
-27,40000000E-3	698,53294247E-9	
-27,40000000E-3	825,67559745E-9	
-28,40000000E-3	800,54659852E-9	
-28,40000000E-3	734,59144851E-9	
-29,30000000E-3	725,07709225E-9	
-29,90000000E-3	840,81384482E-9	
-30,40000000E-3	1,00852496E-6	
-30,90000000E-3	1,11663455E-6	
-31,40000000E-3	1,09868239E-6	
-31,90000000E-3	971,46264535E-9	
-32,40000000E-3	934,84028074E-9	
-32,90000000E-3	1,05155815E-6	
-33,30000000E-3	1,17792432E-6	
-33,90000000E-3	1,32140195E-6	
-34,40000000E-3	1,47271758E-6	
-34,90000000E-3	1,57284372E-6	
-35,30000000E-3	1,58543562E-6	
-35,90000000E-3	1,55578775E-6	
-36,40000000E-3	1,53531286E-6	
-36,90000000E-3	1,58201944E-6	
-37,40000000E-3	1,70369841E-6	
-37,80000000E-3	1,88322173E-6	
-38,50000000E-3	2,03521173E-6	
-38,90000000E-3	2,11418592E-6	
-39,40000000E-3	2,11176745E-6	
-39,80000000E-3	2,10113567E-6	
-40,30000000E-3	2,06706896E-6	
-40,80000000E-3	2,10113238E-6	
-41,40000000E-3	2,20795020E-6	
-41,90000000E-3	2,34916602E-6	
-42,30000000E-3	2,43438730E-6	
-42,80000000E-3	2,55063145E-6	
-43,30000000E-3	2,66864345E-6	
-43,90000000E-3	2,72475941E-6	
-44,40000000E-3	2,77520084E-6	
-44,80000000E-3	2,81287657E-6	
-45,20000000E-3	2,86937429E-6	
-45,70000000E-3	2,86470092E-6	
-46,40000000E-3	2,81042435E-6	
-46,80000000E-3	2,80170000E-6	
-47,30000000E-3	2,89194672E-6	
-47,80000000E-3	2,95848450E-6	
-48,20000000E-3	3,02556575E-6	
-48,90000000E-3	3,11429816E-6	
-49,30000000E-3	3,20636899E-6	
-49,80000000E-3	3,25168502E-6	
-50,30000000E-3	3,28715796E-6	
-50,70000000E-3	3,36678937E-6	
-51,30000000E-3	3,42331520E-6	
-51,90000000E-3	3,47957481E-6	
-52,30000000E-3	3,53476127E-6	
-52,70000000E-3	3,59281245E-6	
-53,20000000E-3	3,64290700E-6	
-53,70000000E-3	3,72394967E-6	
-54,30000000E-3	3,76387565E-6	
-54,80000000E-3	3,81105937E-6	
-55,20000000E-3	3,86623802E-6	
-55,70000000E-3	3,95222960E-6	
-56,20000000E-3	4,03270366E-6	
-56,80000000E-3	4,08833355E-6	
-57,30000000E-3	4,14862523E-6	
-57,80000000E-3	4,20166554E-6	
-58,20000000E-3	4,23742770E-6	
-58,60000000E-3	4,26851996E-6	
-59,30000000E-3	4,29587168E-6	
-59,80000000E-3	4,28787627E-6	
-60,20000000E-3	4,26245108E-6	
-60,70000000E-3	4,27262982E-6	
-61,20000000E-3	4,35834282E-6	
-61,70000000E-3	4,48305200E-6	
-62,30000000E-3	4,54782447E-6	
-62,80000000E-3	4,59369816E-6	
-63,20000000E-3	4,65633386E-6	
-63,60000000E-3	4,69188331E-6	
-64,10000000E-3	4,73263047E-6	
-64,80000000E-3	4,75745578E-6	
-65,30000000E-3	4,75482413E-6	
-65,80000000E-3	4,76305467E-6	
-66,20000000E-3	4,78672525E-6	
-66,60000000E-3	4,81539100E-6	
-67,30000000E-3	4,80382957E-6	
-67,70000000E-3	4,84456147E-6	
-68,00000000E-3	4,88715394E-6	
-68,60000000E-3	4,91532131E-6	
-69,10000000E-3	4,96620444E-6	
-69,70000000E-3	4,99931216E-6	
-70,00000000E-3	5,00200610E-6	
-70,40000000E-3	5,01119393E-6	
-70,90000000E-3	5,05731788E-6	
-71,60000000E-3	5,07123093E-6	
-72,30000000E-3	5,05776029E-6	
-72,50000000E-3	5,09374399E-6	
-73,00000000E-3	5,14848270E-6	
-73,40000000E-3	5,19246362E-6	
-74,10000000E-3	5,26301814E-6	
-74,60000000E-3	5,36064503E-6	
-75,00000000E-3	5,39810502E-6	
-75,40000000E-3	5,38126249E-6	
-75,90000000E-3	5,38562540E-6	
-76,40000000E-3	5,40523392E-6	
-77,00000000E-3	5,40742825E-6	
-77,50000000E-3	5,38654794E-6	
-78,00000000E-3	5,33970986E-6	
-78,40000000E-3	5,31349833E-6	
-79,00000000E-3	5,25368998E-6	
-79,60000000E-3	5,22891911E-6	
-80,00000000E-3	5,27540582E-6	
-80,50000000E-3	5,35067186E-6	
-80,90000000E-3	5,44314849E-6	
-81,50000000E-3	5,45331574E-6	
-82,00000000E-3	5,45031732E-6	
-82,50000000E-3	5,41131237E-6	
-82,90000000E-3	5,35599978E-6	
-83,40000000E-3	5,34419895E-6	
-83,90000000E-3	5,36630118E-6	
-84,50000000E-3	5,47046420E-6	
-85,00000000E-3	5,51445852E-6	
-85,50000000E-3	5,45291303E-6	
-85,90000000E-3	5,38878745E-6	
-86,30000000E-3	5,36623847E-6	
-87,00000000E-3	5,43505803E-6	
-87,40000000E-3	5,50891987E-6	
-87,90000000E-3	5,53020035E-6	
-88,40000000E-3	5,49034036E-6	
-88,90000000E-3	5,36343382E-6	
-89,50000000E-3	5,33919831E-6	
-89,90000000E-3	5,41262876E-6	
-90,40000000E-3	5,45722406E-6	
-90,90000000E-3	5,51742737E-6	
-91,30000000E-3	5,61491128E-6	
-92,00000000E-3	5,66643490E-6	
-92,40000000E-3	5,62009526E-6	
-92,90000000E-3	5,54176071E-6	
-93,40000000E-3	5,47125904E-6	
-93,80000000E-3	5,45297420E-6	
-94,50000000E-3	5,42198997E-6	
-95,00000000E-3	5,49690058E-6	
-95,40000000E-3	5,60942185E-6	
-95,90000000E-3	5,66221915E-6	
-96,30000000E-3	5,63919757E-6	
-96,90000000E-3	5,56203351E-6	
-97,40000000E-3	5,48022942E-6	
-97,90000000E-3	5,46372186E-6	
-98,30000000E-3	5,51697405E-6	
-98,80000000E-3	5,60903940E-6	
-99,40000000E-3	5,64555456E-6	
-100,00000000E-3	5,61592596E-6	
-100,40000000E-3	5,54604424E-6	
-100,90000000E-3	5,49700969E-6	
-101,30000000E-3	5,47497186E-6	
-101,80000000E-3	5,50582974E-6	
-102,50000000E-3	5,55042260E-6	
-102,90000000E-3	5,58728844E-6	
-103,40000000E-3	5,63669729E-6	
-103,80000000E-3	5,71645091E-6	
-104,30000000E-3	5,73110143E-6	
-104,90000000E-3	5,64476493E-6	
-105,40000000E-3	5,58667062E-6	
-105,80000000E-3	5,55773604E-6	
-106,30000000E-3	5,52537132E-6	
-106,80000000E-3	5,50720074E-6	
-107,20000000E-3	5,49790690E-6	
-107,90000000E-3	5,51094574E-6	
-108,40000000E-3	5,58111304E-6	
-108,80000000E-3	5,63409573E-6	
-109,30000000E-3	5,66153729E-6	
-109,80000000E-3	5,66973263E-6	
-110,20000000E-3	5,66553948E-6	
-110,90000000E-3	5,67026197E-6	
-111,40000000E-3	5,64651348E-6	
-111,80000000E-3	5,62806067E-6	
-112,30000000E-3	5,58520713E-6	
-112,70000000E-3	5,53526285E-6	
-113,40000000E-3	5,48394727E-6	
-113,90000000E-3	5,44806102E-6	
-114,30000000E-3	5,45541873E-6	
-114,80000000E-3	5,49930297E-6	
-115,20000000E-3	5,52928018E-6	
-115,70000000E-3	5,56503656E-6	
-116,40000000E-3	5,65907399E-6	
-116,80000000E-3	5,76394717E-6	
-117,10000000E-3	5,80036722E-6	
-117,70000000E-3	5,78388729E-6	
-118,20000000E-3	5,83176661E-6	
-118,80000000E-3	5,84037242E-6	
-119,10000000E-3	5,78959689E-6	
-119,50000000E-3	5,71521185E-6	
-120,00000000E-3	5,71233819E-6	
-120,60000000E-3	5,71540085E-6	
-121,10000000E-3	5,71953887E-6	
-121,60000000E-3	5,72948028E-6	
-122,00000000E-3	5,73976788E-6	
-122,50000000E-3	5,73923038E-6	
-122,90000000E-3	5,71386030E-6	
-123,60000000E-3	5,73460052E-6	
-124,10000000E-3	5,71789767E-6	
-124,60000000E-3	5,69386306E-6	
-125,00000000E-3	5,67091822E-6	
-125,40000000E-3	5,64648996E-6	
-126,00000000E-3	5,60575836E-6	
-126,60000000E-3	5,53849590E-6	
-127,10000000E-3	5,48381188E-6	
-127,50000000E-3	5,47082823E-6	
-127,90000000E-3	5,52246023E-6	
-128,40000000E-3	5,58839166E-6	
-129,10000000E-3	5,65817981E-6	
-129,60000000E-3	5,70080526E-6	
-130,00000000E-3	5,66442419E-6	
-130,50000000E-3	5,55518034E-6	
-130,90000000E-3	5,47282574E-6	
-131,40000000E-3	5,50626830E-6	
-132,10000000E-3	5,57233220E-6	
-132,50000000E-3	5,68830345E-6	
-133,00000000E-3	5,71189677E-6	
-133,40000000E-3	5,56039834E-6	
-133,90000000E-3	5,55352881E-6	
-134,50000000E-3	5,67676068E-6	
-135,00000000E-3	5,68030902E-6	
-135,40000000E-3	5,51504412E-6	
-135,90000000E-3	5,43956296E-6	
-136,40000000E-3	5,54371605E-6	
-136,80000000E-3	5,69604081E-6	
-137,50000000E-3	5,72655685E-6	
-137,90000000E-3	5,62010891E-6	
-138,40000000E-3	5,47092853E-6	
-138,90000000E-3	5,46669555E-6	
-139,30000000E-3	5,58511137E-6	
-139,90000000E-3	5,72312715E-6	
-140,50000000E-3	5,74877816E-6	
-140,90000000E-3	5,63794530E-6	
-141,40000000E-3	5,50774152E-6	
-141,80000000E-3	5,42958751E-6	
-142,30000000E-3	5,44067632E-6	
-143,00000000E-3	5,45722140E-6	
-143,40000000E-3	5,54265455E-6	
-143,90000000E-3	5,66840180E-6	
-144,40000000E-3	5,74243192E-6	
-144,80000000E-3	5,72861542E-6	
-145,40000000E-3	5,65516549E-6	
-145,90000000E-3	5,57062607E-6	
-146,40000000E-3	5,52743595E-6	
-146,90000000E-3	5,45059246E-6	
-147,30000000E-3	5,38082311E-6	
-147,80000000E-3	5,38965396E-6	
-148,50000000E-3	5,48424073E-6	
-148,90000000E-3	5,57145653E-6	
-149,40000000E-3	5,60601807E-6	
-149,80000000E-3	5,62447723E-6	
