150,00000000E-3	1,95952055E-6	
150,00000000E-3	2,10927338E-6	
150,00000000E-3	2,23253688E-6	
150,00000000E-3	2,29728578E-6	
149,80000000E-3	2,27163916E-6	
149,80000000E-3	2,17012849E-6	
149,50000000E-3	2,03753445E-6	
149,30000000E-3	1,90983555E-6	
149,10000000E-3	1,84164288E-6	
148,90000000E-3	1,83771630E-6	
148,60000000E-3	1,91030815E-6	
148,20000000E-3	2,04173051E-6	
148,00000000E-3	2,19437857E-6	
147,80000000E-3	2,30828702E-6	
147,40000000E-3	2,34232655E-6	
147,00000000E-3	2,28855372E-6	
147,00000000E-3	2,20766044E-6	
146,80000000E-3	2,10773182E-6	
146,20000000E-3	2,02348062E-6	
145,90000000E-3	1,96404835E-6	
145,60000000E-3	1,92200057E-6	
145,30000000E-3	1,88939016E-6	
144,90000000E-3	1,89292278E-6	
144,70000000E-3	1,90793297E-6	
144,20000000E-3	1,92449675E-6	
144,00000000E-3	1,94767688E-6	
143,70000000E-3	1,98899573E-6	
143,20000000E-3	2,02423293E-6	
143,00000000E-3	2,07450212E-6	
142,50000000E-3	2,12177859E-6	
142,10000000E-3	2,18066013E-6	
141,80000000E-3	2,23324681E-6	
141,60000000E-3	2,27428043E-6	
141,10000000E-3	2,31394663E-6	
140,90000000E-3	2,35130706E-6	
140,60000000E-3	2,38361438E-6	
140,20000000E-3	2,41849635E-6	
139,90000000E-3	2,44479519E-6	
139,40000000E-3	2,45256552E-6	
139,00000000E-3	2,44433856E-6	
138,70000000E-3	2,43286594E-6	
138,40000000E-3	2,42193044E-6	
138,30000000E-3	2,39364499E-6	
137,60000000E-3	2,35481046E-6	
137,30000000E-3	2,30001161E-6	
137,00000000E-3	2,24566651E-6	
136,60000000E-3	2,18083974E-6	
136,30000000E-3	2,12766736E-6	
135,90000000E-3	2,07756178E-6	
135,50000000E-3	2,04215093E-6	
135,20000000E-3	2,01096772E-6	
134,90000000E-3	1,99223630E-6	
134,40000000E-3	1,97799698E-6	
134,20000000E-3	1,97632468E-6	
133,90000000E-3	1,99871928E-6	
133,50000000E-3	2,02583287E-6	
133,20000000E-3	2,07036304E-6	
132,80000000E-3	2,12912400E-6	
132,80000000E-3	2,20729998E-6	
132,20000000E-3	2,28272312E-6	
131,70000000E-3	2,36471975E-6	
131,30000000E-3	2,43090216E-6	
131,00000000E-3	2,47038307E-6	
130,80000000E-3	2,49701011E-6	
130,30000000E-3	2,50216055E-6	
130,00000000E-3	2,48767692E-6	
129,80000000E-3	2,45206489E-6	
129,30000000E-3	2,41999298E-6	
129,10000000E-3	2,39638344E-6	
128,60000000E-3	2,39208102E-6	
128,20000000E-3	2,37211824E-6	
127,90000000E-3	2,34590358E-6	
127,60000000E-3	2,31443592E-6	
127,20000000E-3	2,28016470E-6	
126,60000000E-3	2,24575452E-6	
126,40000000E-3	2,21805092E-6	
126,20000000E-3	2,18248150E-6	
125,70000000E-3	2,14739958E-6	
125,40000000E-3	2,12162738E-6	
125,00000000E-3	2,12040163E-6	
124,70000000E-3	2,12008932E-6	
124,60000000E-3	2,12929036E-6	
124,00000000E-3	2,12978054E-6	
123,80000000E-3	2,11867266E-6	
123,30000000E-3	2,11445514E-6	
122,90000000E-3	2,09232208E-6	
122,60000000E-3	2,07215650E-6	
122,30000000E-3	2,06428486E-6	
121,80000000E-3	2,06803821E-6	
121,80000000E-3	2,08503808E-6	
121,10000000E-3	2,10575430E-6	
120,90000000E-3	2,14180244E-6	
120,50000000E-3	2,16910436E-6	
120,20000000E-3	2,20185105E-6	
120,00000000E-3	2,22113972E-6	
119,40000000E-3	2,25033730E-6	
119,00000000E-3	2,27304368E-6	
119,00000000E-3	2,32681813E-6	
118,50000000E-3	2,37589804E-6	
118,10000000E-3	2,41909894E-6	
117,80000000E-3	2,44385423E-6	
117,30000000E-3	2,48662768E-6	
117,00000000E-3	2,52685811E-6	
116,60000000E-3	2,56593301E-6	
116,30000000E-3	2,60248155E-6	
116,00000000E-3	2,63421051E-6	
116,00000000E-3	2,66139152E-6	
115,20000000E-3	2,66666132E-6	
115,10000000E-3	2,67381198E-6	
115,00000000E-3	2,67999179E-6	
114,20000000E-3	2,67859038E-6	
113,80000000E-3	2,66325507E-6	
113,60000000E-3	2,64225688E-6	
113,60000000E-3	2,62212985E-6	
112,70000000E-3	2,59995049E-6	
112,70000000E-3	2,57600044E-6	
112,20000000E-3	2,54584665E-6	
111,80000000E-3	2,51041731E-6	
111,50000000E-3	2,48586415E-6	
111,30000000E-3	2,46427462E-6	
110,70000000E-3	2,45251913E-6	
110,30000000E-3	2,43745368E-6	
110,00000000E-3	2,41374181E-6	
109,70000000E-3	2,38439603E-6	
109,30000000E-3	2,37978966E-6	
109,00000000E-3	2,36667869E-6	
108,70000000E-3	2,35649403E-6	
108,30000000E-3	2,34097625E-6	
108,00000000E-3	2,33239995E-6	
107,60000000E-3	2,32215152E-6	
107,30000000E-3	2,31854219E-6	
106,80000000E-3	2,31253872E-6	
106,60000000E-3	2,31585831E-6	
106,60000000E-3	2,32619248E-6	
106,60000000E-3	2,34274900E-6	
105,40000000E-3	2,35177945E-6	
105,20000000E-3	2,35538454E-6	
104,70000000E-3	2,36005466E-6	
104,40000000E-3	2,37525408E-6	
104,00000000E-3	2,38689531E-6	
103,70000000E-3	2,40621291E-6	
103,20000000E-3	2,42003122E-6	
103,00000000E-3	2,44216112E-6	
102,70000000E-3	2,46601889E-6	
102,70000000E-3	2,50059791E-6	
101,90000000E-3	2,55131350E-6	
101,70000000E-3	2,62951398E-6	
101,20000000E-3	2,70936957E-6	
100,90000000E-3	2,79344911E-6	
100,60000000E-3	2,86504063E-6	
100,20000000E-3	2,90215018E-6	
99,70000000E-3	2,91135782E-6	
99,70000000E-3	2,89779997E-6	
99,00000000E-3	2,85553378E-6	
98,70000000E-3	2,78286690E-6	
98,40000000E-3	2,70026222E-6	
98,20000000E-3	2,62544330E-6	
97,70000000E-3	2,56655910E-6	
97,40000000E-3	2,53340789E-6	
97,10000000E-3	2,50668384E-6	
96,70000000E-3	2,51833828E-6	
96,20000000E-3	2,54065305E-6	
95,90000000E-3	2,59870934E-6	
95,60000000E-3	2,65890708E-6	
95,20000000E-3	2,73614165E-6	
95,00000000E-3	2,79990487E-6	
94,50000000E-3	2,86049434E-6	
94,00000000E-3	2,90422965E-6	
93,70000000E-3	2,93435600E-6	
93,50000000E-3	2,96720948E-6	
93,00000000E-3	3,00049905E-6	
92,70000000E-3	3,02230677E-6	
92,50000000E-3	3,04972238E-6	
92,00000000E-3	3,07599770E-6	
91,50000000E-3	3,10956657E-6	
91,20000000E-3	3,13700044E-6	
91,00000000E-3	3,16183175E-6	
90,50000000E-3	3,19611768E-6	
90,30000000E-3	3,21965360E-6	
89,90000000E-3	3,24828845E-6	
89,60000000E-3	3,26328309E-6	
89,30000000E-3	3,27247866E-6	
88,80000000E-3	3,27656070E-6	
88,40000000E-3	3,28812031E-6	
88,10000000E-3	3,29351469E-6	
87,80000000E-3	3,30504436E-6	
87,40000000E-3	3,32390945E-6	
87,40000000E-3	3,35720209E-6	
87,10000000E-3	3,38496810E-6	
86,40000000E-3	3,42466547E-6	
86,00000000E-3	3,45828796E-6	
85,70000000E-3	3,47855672E-6	
85,30000000E-3	3,48340037E-6	
85,00000000E-3	3,49273420E-6	
84,70000000E-3	3,51132069E-6	
84,30000000E-3	3,54035978E-6	
84,00000000E-3	3,55911980E-6	
84,00000000E-3	3,57087677E-6	
83,30000000E-3	3,59612486E-6	
83,00000000E-3	3,61904744E-6	
82,60000000E-3	3,64154447E-6	
82,10000000E-3	3,66216082E-6	
81,80000000E-3	3,68564635E-6	
81,60000000E-3	3,70904155E-6	
81,30000000E-3	3,73100200E-6	
80,80000000E-3	3,74114156E-6	
80,40000000E-3	3,72746713E-6	
80,00000000E-3	3,68690183E-6	
79,80000000E-3	3,63248741E-6	
79,30000000E-3	3,55947915E-6	
79,10000000E-3	3,48707745E-6	
78,50000000E-3	3,43552024E-6	
78,30000000E-3	3,42901655E-6	
77,80000000E-3	3,49863240E-6	
77,60000000E-3	3,63363126E-6	
77,30000000E-3	3,81618682E-6	
76,90000000E-3	3,94728797E-6	
76,60000000E-3	4,00736782E-6	
76,20000000E-3	3,98801896E-6	
75,60000000E-3	3,88134883E-6	
75,40000000E-3	3,76996891E-6	
75,20000000E-3	3,69689302E-6	
74,60000000E-3	3,70135054E-6	
74,40000000E-3	3,78857553E-6	
74,10000000E-3	3,92647679E-6	
73,70000000E-3	4,11318393E-6	
73,20000000E-3	4,22916572E-6	
72,90000000E-3	4,26339365E-6	
72,60000000E-3	4,21588382E-6	
72,20000000E-3	4,09692179E-6	
72,00000000E-3	3,98333325E-6	
71,50000000E-3	3,94276527E-6	
71,20000000E-3	4,03123898E-6	
71,10000000E-3	4,20559006E-6	
70,50000000E-3	4,36501088E-6	
70,30000000E-3	4,48021831E-6	
69,80000000E-3	4,50287886E-6	
69,30000000E-3	4,47266309E-6	
69,10000000E-3	4,39968387E-6	
68,70000000E-3	4,31614736E-6	
68,40000000E-3	4,27021218E-6	
68,10000000E-3	4,26982390E-6	
67,70000000E-3	4,32195937E-6	
67,70000000E-3	4,40679384E-6	
67,10000000E-3	4,56167921E-6	
67,10000000E-3	4,72067497E-6	
66,30000000E-3	4,88178245E-6	
66,00000000E-3	5,01250533E-6	
65,80000000E-3	5,09833021E-6	
65,80000000E-3	5,15054655E-6	
64,80000000E-3	5,18264283E-6	
64,40000000E-3	5,18793618E-6	
64,00000000E-3	5,18875622E-6	
63,80000000E-3	5,19796288E-6	
63,30000000E-3	5,20778193E-6	
63,00000000E-3	5,20169132E-6	
62,80000000E-3	5,21488273E-6	
62,60000000E-3	5,24819302E-6	
61,80000000E-3	5,29319403E-6	
61,70000000E-3	5,35129804E-6	
61,10000000E-3	5,44600679E-6	
60,90000000E-3	5,56177860E-6	
60,60000000E-3	5,70144168E-6	
60,10000000E-3	5,87515615E-6	
60,10000000E-3	6,05683327E-6	
59,50000000E-3	6,22139068E-6	
59,20000000E-3	6,35252469E-6	
58,80000000E-3	6,47325372E-6	
58,50000000E-3	6,55794578E-6	
58,10000000E-3	6,62257374E-6	
57,80000000E-3	6,65975066E-6	
57,30000000E-3	6,69045279E-6	
57,10000000E-3	6,70335856E-6	
56,50000000E-3	6,72080337E-6	
56,30000000E-3	6,73363823E-6	
56,10000000E-3	6,74944751E-6	
55,50000000E-3	6,83474881E-6	
55,10000000E-3	6,81350632E-6	
54,80000000E-3	6,72038555E-6	
54,60000000E-3	6,67668583E-6	
54,10000000E-3	6,66777001E-6	
53,80000000E-3	6,71404431E-6	
53,60000000E-3	6,81245641E-6	
53,10000000E-3	6,93558153E-6	
52,80000000E-3	7,04784710E-6	
52,40000000E-3	7,14831047E-6	
52,20000000E-3	7,20630656E-6	
51,90000000E-3	7,20000176E-6	
51,40000000E-3	7,11389231E-6	
51,10000000E-3	6,94826867E-6	
50,70000000E-3	6,76300154E-6	
50,40000000E-3	6,56903767E-6	
50,10000000E-3	6,46021376E-6	
49,60000000E-3	6,43717625E-6	
49,30000000E-3	6,48185458E-6	
49,00000000E-3	6,54253748E-6	
48,60000000E-3	6,55483070E-6	
48,30000000E-3	6,47650218E-6	
48,00000000E-3	6,24088779E-6	
47,80000000E-3	5,93679317E-6	
47,80000000E-3	5,62301142E-6	
46,90000000E-3	5,40573170E-6	
46,60000000E-3	5,30652295E-6	
46,00000000E-3	5,28637945E-6	
45,70000000E-3	5,27258125E-6	
45,50000000E-3	5,16706431E-6	
44,90000000E-3	4,97179278E-6	
44,70000000E-3	4,68322490E-6	
44,50000000E-3	4,28585480E-6	
44,00000000E-3	3,91743761E-6	
43,70000000E-3	3,61046225E-6	
43,70000000E-3	3,36594284E-6	
43,00000000E-3	3,20579896E-6	
42,70000000E-3	3,09998382E-6	
42,30000000E-3	2,99688879E-6	
42,30000000E-3	2,88054934E-6	
41,60000000E-3	2,71108227E-6	
41,30000000E-3	2,49779794E-6	
40,90000000E-3	2,22028216E-6	
40,40000000E-3	1,92773146E-6	
40,40000000E-3	1,63059314E-6	
39,80000000E-3	1,33313780E-6	
39,40000000E-3	1,01160970E-6	
39,10000000E-3	720,31727293E-9	
38,90000000E-3	422,88885184E-9	
38,40000000E-3	91,53554557E-9	
37,90000000E-3	-253,78188433E-9	
37,40000000E-3	-609,93825398E-9	
36,90000000E-3	-957,84762060E-9	
36,40000000E-3	-1,32264706E-6	
36,00000000E-3	-1,67577286E-6	
35,50000000E-3	-2,02471355E-6	
35,00000000E-3	-2,38297504E-6	
34,60000000E-3	-2,71203434E-6	
34,10000000E-3	-3,00900076E-6	
33,50000000E-3	-3,29385300E-6	
33,00000000E-3	-3,54373501E-6	
32,80000000E-3	-3,72790993E-6	
31,90000000E-3	-3,88125182E-6	
31,30000000E-3	-4,06198752E-6	
30,80000000E-3	-4,28500020E-6	
30,20000000E-3	-4,51716638E-6	
29,80000000E-3	-4,78935752E-6	
29,30000000E-3	-5,07720466E-6	
28,80000000E-3	-5,39764955E-6	
28,30000000E-3	-5,74386664E-6	
27,80000000E-3	-6,09020609E-6	
27,30000000E-3	-6,45840553E-6	
26,90000000E-3	-6,83999337E-6	
26,30000000E-3	-7,26074890E-6	
25,90000000E-3	-7,63179852E-6	
25,30000000E-3	-7,98029711E-6	
24,90000000E-3	-8,30194698E-6	
24,30000000E-3	-8,60845146E-6	
24,30000000E-3	-8,89391029E-6	
23,50000000E-3	-9,17230978E-6	
23,30000000E-3	-9,44875925E-6	
22,40000000E-3	-9,71099748E-6	
21,90000000E-3	-9,96980928E-6	
21,50000000E-3	-10,22981580E-6	
21,00000000E-3	-10,48059462E-6	
21,00000000E-3	-10,69056669E-6	
20,10000000E-3	-10,87220642E-6	
19,50000000E-3	-11,05779149E-6	
19,00000000E-3	-11,24099166E-6	
18,50000000E-3	-11,42774007E-6	
18,00000000E-3	-11,64706927E-6	
17,50000000E-3	-11,86626695E-6	
17,00000000E-3	-12,08203945E-6	
16,50000000E-3	-12,27723172E-6	
16,00000000E-3	-12,42309453E-6	
15,60000000E-3	-12,55202156E-6	
15,10000000E-3	-12,69915784E-6	
14,60000000E-3	-12,85073329E-6	
14,10000000E-3	-12,96894531E-6	
13,60000000E-3	-13,10030990E-6	
13,20000000E-3	-13,20298921E-6	
12,70000000E-3	-13,30869046E-6	
12,20000000E-3	-13,40854113E-6	
11,60000000E-3	-13,51847114E-6	
11,10000000E-3	-13,62378846E-6	
10,60000000E-3	-13,75167344E-6	
10,30000000E-3	-13,86231103E-6	
9,70000000E-3	-13,96430864E-6	
9,20000000E-3	-14,06704439E-6	
8,70000000E-3	-14,16796054E-6	
8,20000000E-3	-14,25722294E-6	
7,70000000E-3	-14,33174547E-6	
7,30000000E-3	-14,39537974E-6	
6,80000000E-3	-14,45872724E-6	
6,30000000E-3	-14,51378751E-6	
5,60000000E-3	-14,57763508E-6	
5,20000000E-3	-14,65679413E-6	
4,70000000E-3	-14,74360676E-6	
4,20000000E-3	-14,84198759E-6	
3,80000000E-3	-14,89965642E-6	
3,30000000E-3	-14,86731489E-6	
2,80000000E-3	-14,77958983E-6	
2,30000000E-3	-14,61511208E-6	
1,60000000E-3	-14,43139211E-6	
1,00000000E-3	-14,25677788E-6	
600,00000000E-6	-14,08351835E-6	
100,00000000E-6	-13,94897835E-6	
-300,00000000E-6	-13,81672603E-6	
-800,00000000E-6	-13,73393492E-6	
-1,50000000E-3	-13,64614992E-6	
-2,00000000E-3	-13,53445868E-6	
-2,40000000E-3	-13,46914441E-6	
-2,80000000E-3	-13,40485967E-6	
-3,30000000E-3	-13,35674234E-6	
-3,80000000E-3	-13,32803613E-6	
-4,50000000E-3	-13,31973645E-6	
-4,90000000E-3	-13,31460675E-6	
-5,40000000E-3	-13,32405005E-6	
-5,90000000E-3	-13,35896069E-6	
-6,30000000E-3	-13,41383572E-6	
-6,90000000E-3	-13,45966213E-6	
-7,40000000E-3	-13,50508283E-6	
-7,90000000E-3	-13,55825128E-6	
-8,40000000E-3	-13,61201528E-6	
-8,90000000E-3	-13,68230921E-6	
-9,30000000E-3	-13,75230229E-6	
-10,00000000E-3	-13,82112537E-6	
-10,40000000E-3	-13,91290260E-6	
-10,90000000E-3	-13,99976410E-6	
-11,40000000E-3	-14,07607890E-6	
-11,80000000E-3	-14,16997432E-6	
-12,30000000E-3	-14,28038544E-6	
-12,90000000E-3	-14,37027678E-6	
-13,40000000E-3	-14,46622438E-6	
-13,90000000E-3	-14,58197845E-6	
-14,30000000E-3	-14,68864781E-6	
-14,70000000E-3	-14,73681931E-6	
-15,50000000E-3	-14,70810298E-6	
-15,90000000E-3	-14,78179212E-6	
-16,40000000E-3	-14,99173124E-6	
-16,80000000E-3	-15,17976556E-6	
-17,30000000E-3	-15,26738279E-6	
-17,70000000E-3	-15,40577753E-6	
-18,40000000E-3	-15,55013110E-6	
-18,90000000E-3	-15,68262061E-6	
-19,30000000E-3	-15,77333555E-6	
-19,80000000E-3	-15,86392876E-6	
-20,30000000E-3	-16,00195306E-6	
-20,90000000E-3	-16,09348513E-6	
-21,40000000E-3	-16,11202616E-6	
-21,90000000E-3	-16,06942258E-6	
-22,30000000E-3	-16,04323488E-6	
-22,70000000E-3	-16,01688189E-6	
-23,30000000E-3	-15,93802131E-6	
-23,90000000E-3	-15,83057144E-6	
-24,40000000E-3	-15,71693133E-6	
-24,60000000E-3	-15,56497168E-6	
-25,20000000E-3	-15,34608252E-6	
-25,70000000E-3	-15,12460972E-6	
-26,40000000E-3	-14,87324527E-6	
-26,80000000E-3	-14,57507228E-6	
-27,30000000E-3	-14,25605210E-6	
-27,70000000E-3	-13,86740959E-6	
-28,20000000E-3	-13,48093068E-6	
-28,80000000E-3	-13,08603905E-6	
-29,20000000E-3	-12,70508002E-6	
-29,60000000E-3	-12,26574727E-6	
-30,00000000E-3	-11,79115763E-6	
-30,80000000E-3	-11,31581728E-6	
-31,20000000E-3	-10,82769698E-6	
-31,90000000E-3	-10,29315136E-6	
-32,10000000E-3	-9,71423112E-6	
-32,50000000E-3	-9,13229979E-6	
-33,00000000E-3	-8,53973797E-6	
-33,60000000E-3	-7,90398070E-6	
-34,10000000E-3	-7,24452506E-6	
-34,60000000E-3	-6,55416905E-6	
-35,10000000E-3	-5,84667363E-6	
-35,50000000E-3	-5,07378199E-6	
-36,10000000E-3	-4,36636519E-6	
-36,60000000E-3	-3,65551440E-6	
-37,10000000E-3	-3,00483882E-6	
-37,60000000E-3	-2,42257030E-6	
-38,10000000E-3	-1,81637855E-6	
-38,60000000E-3	-1,21701698E-6	
-39,20000000E-3	-652,10550562E-9	
-39,70000000E-3	-76,58992447E-9	
-40,10000000E-3	449,16357894E-9	
-40,60000000E-3	915,26259837E-9	
-41,10000000E-3	1,38653088E-6	
-41,40000000E-3	1,87722889E-6	
-42,20000000E-3	2,41423581E-6	
-42,70000000E-3	3,03897897E-6	
-43,10000000E-3	3,70858275E-6	
-43,50000000E-3	4,31656493E-6	
-44,00000000E-3	4,91986761E-6	
-44,60000000E-3	5,37201577E-6	
-45,10000000E-3	5,92224318E-6	
-45,50000000E-3	6,49685043E-6	
-46,00000000E-3	6,98099636E-6	
-46,50000000E-3	7,44048488E-6	
-47,00000000E-3	7,94195558E-6	
-47,50000000E-3	8,39258704E-6	
-48,10000000E-3	8,78765677E-6	
-48,50000000E-3	9,14531182E-6	
-49,00000000E-3	9,44935043E-6	
-49,50000000E-3	9,69816022E-6	
-50,00000000E-3	9,90719603E-6	
-50,60000000E-3	10,09751727E-6	
-51,00000000E-3	10,27522981E-6	
-51,50000000E-3	10,42356140E-6	
-52,00000000E-3	10,56501718E-6	
-52,40000000E-3	10,67418742E-6	
-53,10000000E-3	10,76489721E-6	
-53,60000000E-3	10,82478392E-6	
-54,00000000E-3	10,83739413E-6	
-54,40000000E-3	10,81841377E-6	
-54,90000000E-3	10,75949260E-6	
-55,50000000E-3	10,67231004E-6	
-56,00000000E-3	10,56378740E-6	
-56,50000000E-3	10,42956900E-6	
-56,90000000E-3	10,26510817E-6	
-57,40000000E-3	10,08734443E-6	
-57,90000000E-3	9,87808629E-6	
-58,50000000E-3	9,66282253E-6	
-59,00000000E-3	9,42078607E-6	
-59,50000000E-3	9,17194780E-6	
-59,90000000E-3	8,92537418E-6	
-60,40000000E-3	8,64608155E-6	
-60,90000000E-3	8,37203490E-6	
-61,60000000E-3	8,11587209E-6	
-62,00000000E-3	7,86614166E-6	
-62,50000000E-3	7,62378651E-6	
-62,90000000E-3	7,42689340E-6	
-63,40000000E-3	7,26067560E-6	
-63,90000000E-3	7,12333489E-6	
-64,50000000E-3	6,98081215E-6	
-64,90000000E-3	6,85374517E-6	
-65,50000000E-3	6,73837289E-6	
-65,90000000E-3	6,64831313E-6	
-66,30000000E-3	6,55469742E-6	
-67,00000000E-3	6,47611916E-6	
-67,50000000E-3	6,40665689E-6	
-67,90000000E-3	6,31415149E-6	
-68,40000000E-3	6,16496230E-6	
-68,80000000E-3	6,00523696E-6	
-69,40000000E-3	5,84845020E-6	
-70,00000000E-3	5,67380981E-6	
-70,50000000E-3	5,50304500E-6	
-70,90000000E-3	5,33825716E-6	
-71,30000000E-3	5,21174983E-6	
-71,80000000E-3	5,13480929E-6	
-72,50000000E-3	5,07601681E-6	
-72,70000000E-3	5,03880527E-6	
-73,20000000E-3	5,03415221E-6	
-73,60000000E-3	5,03592860E-6	
-74,30000000E-3	5,03586826E-6	
-74,90000000E-3	5,06331213E-6	
-75,40000000E-3	5,10504917E-6	
-75,90000000E-3	5,18672745E-6	
-76,30000000E-3	5,27535925E-6	
-76,80000000E-3	5,31960979E-6	
-77,30000000E-3	5,32530945E-6	
-77,70000000E-3	5,31665064E-6	
-78,40000000E-3	5,28848841E-6	
-78,60000000E-3	5,24298362E-6	
-79,30000000E-3	5,21241953E-6	
-79,90000000E-3	5,19021635E-6	
-80,20000000E-3	5,15698912E-6	
-80,70000000E-3	5,10416314E-6	
-81,20000000E-3	5,05925133E-6	
-81,70000000E-3	5,02210868E-6	
-82,20000000E-3	4,94798783E-6	
-82,70000000E-3	4,87447674E-6	
-83,10000000E-3	4,77876199E-6	
-83,70000000E-3	4,65926159E-6	
-84,20000000E-3	4,51713286E-6	
-84,70000000E-3	4,38040021E-6	
-85,10000000E-3	4,21710766E-6	
-85,70000000E-3	4,10356264E-6	
-86,20000000E-3	4,06076556E-6	
-86,70000000E-3	4,04206497E-6	
-87,10000000E-3	4,06886636E-6	
-87,20000000E-3	4,13242373E-6	
-88,10000000E-3	4,24074898E-6	
-88,60000000E-3	4,39256886E-6	
-89,20000000E-3	4,52345776E-6	
-89,70000000E-3	4,57336919E-6	
-90,10000000E-3	4,47971054E-6	
-90,60000000E-3	4,21395840E-6	
-91,10000000E-3	3,89298037E-6	
-91,20000000E-3	3,73278717E-6	
-92,10000000E-3	3,80169055E-6	
-92,60000000E-3	3,99911761E-6	
-93,20000000E-3	4,21660115E-6	
-93,70000000E-3	4,34095975E-6	
-94,10000000E-3	4,26397817E-6	
-94,60000000E-3	4,01215748E-6	
-95,10000000E-3	3,69326079E-6	
-95,60000000E-3	3,54317147E-6	
-96,20000000E-3	3,70904402E-6	
-96,60000000E-3	4,04083832E-6	
-97,10000000E-3	4,15866735E-6	
-97,50000000E-3	3,90723363E-6	
-97,90000000E-3	3,55292849E-6	
-98,60000000E-3	3,50990883E-6	
-99,10000000E-3	3,80459421E-6	
-99,70000000E-3	4,02600924E-6	
-100,20000000E-3	3,90885490E-6	
-100,70000000E-3	3,55436301E-6	
-101,00000000E-3	3,32447999E-6	
-101,50000000E-3	3,43829615E-6	
-102,20000000E-3	3,75719378E-6	
-102,70000000E-3	3,95118171E-6	
-103,10000000E-3	3,81773975E-6	
-103,60000000E-3	3,47698030E-6	
-104,00000000E-3	3,25384643E-6	
-104,50000000E-3	3,26195855E-6	
-105,20000000E-3	3,45061213E-6	
-105,60000000E-3	3,68701288E-6	
-106,10000000E-3	3,83688473E-6	
-106,60000000E-3	3,89842411E-6	
-107,00000000E-3	3,83450664E-6	
-107,60000000E-3	3,61491763E-6	
-108,20000000E-3	3,33418476E-6	
-108,70000000E-3	3,13805472E-6	
-109,10000000E-3	3,15774736E-6	
-109,50000000E-3	3,39693348E-6	
-110,00000000E-3	3,70776517E-6	
-110,70000000E-3	3,75724973E-6	
-110,90000000E-3	3,43828137E-6	
-111,40000000E-3	3,14551493E-6	
-111,90000000E-3	3,31023250E-6	
-112,50000000E-3	3,65031112E-6	
-113,00000000E-3	3,49265070E-6	
-113,70000000E-3	3,15109024E-6	
-113,90000000E-3	3,28174246E-6	
-114,60000000E-3	3,61410739E-6	
-115,00000000E-3	3,45876555E-6	
-115,50000000E-3	3,11384715E-6	
-116,00000000E-3	3,24261527E-6	
-116,40000000E-3	3,59083990E-6	
-116,90000000E-3	3,55096069E-6	
-117,30000000E-3	3,20506232E-6	
-117,80000000E-3	2,95331659E-6	
-118,50000000E-3	2,97994850E-6	
-118,90000000E-3	3,17209280E-6	
-119,40000000E-3	3,40485577E-6	
-119,90000000E-3	3,59063530E-6	
-120,30000000E-3	3,68471936E-6	
-121,00000000E-3	3,67275085E-6	
-121,40000000E-3	3,54651900E-6	
-121,90000000E-3	3,36278390E-6	
-122,40000000E-3	3,16326644E-6	
-122,80000000E-3	2,95994234E-6	
-123,30000000E-3	2,87580713E-6	
-124,00000000E-3	2,84810438E-6	
-124,40000000E-3	2,80865668E-6	
-124,80000000E-3	2,78194674E-6	
-125,30000000E-3	2,80068656E-6	
-125,80000000E-3	2,81103260E-6	
-126,40000000E-3	2,78308581E-6	
-126,90000000E-3	2,76426658E-6	
-127,40000000E-3	2,74318367E-6	
-127,80000000E-3	2,74845443E-6	
-128,30000000E-3	2,74868646E-6	
-128,70000000E-3	2,74040050E-6	
-129,40000000E-3	2,72810100E-6	
-129,90000000E-3	2,72243545E-6	
-130,30000000E-3	2,72538789E-6	
-130,80000000E-3	2,70251349E-6	
-131,20000000E-3	2,69231481E-6	
-131,70000000E-3	2,69990570E-6	
-132,40000000E-3	2,72071424E-6	
-132,80000000E-3	2,73278732E-6	
-133,30000000E-3	2,74882485E-6	
-133,70000000E-3	2,80457658E-6	
-134,10000000E-3	2,87102387E-6	
-134,90000000E-3	2,91261227E-6	
-135,30000000E-3	2,97317669E-6	
-135,70000000E-3	3,09812863E-6	
-136,20000000E-3	3,19488296E-6	
-136,70000000E-3	3,28416735E-6	
-137,30000000E-3	3,39361120E-6	
-137,80000000E-3	3,47307134E-6	
-138,30000000E-3	3,45670138E-6	
-138,70000000E-3	3,29448374E-6	
-139,10000000E-3	2,97554792E-6	
-139,70000000E-3	2,68487601E-6	
-140,30000000E-3	2,66605071E-6	
-140,80000000E-3	2,94764582E-6	
-141,30000000E-3	3,27732747E-6	
-141,70000000E-3	3,42641314E-6	
-142,20000000E-3	3,27159813E-6	
-142,70000000E-3	2,89195460E-6	
-143,30000000E-3	2,64817427E-6	
-143,80000000E-3	2,87533959E-6	
-144,20000000E-3	3,30792115E-6	
-144,70000000E-3	3,38782492E-6	
-145,20000000E-3	2,99778370E-6	
-145,60000000E-3	2,64275323E-6	
-146,30000000E-3	2,71410879E-6	
-146,80000000E-3	3,14088017E-6	
-147,20000000E-3	3,38238070E-6	
-147,70000000E-3	3,08995370E-6	
-148,20000000E-3	2,67508634E-6	
-148,60000000E-3	2,76092592E-6	
-149,20000000E-3	3,18107142E-6	
-149,80000000E-3	3,33870153E-6	
-150,10000000E-3	3,07162101E-6	
