150,00000000E-3	3,97036928E-6	
150,00000000E-3	4,00794375E-6	
150,00000000E-3	4,15771465E-6	
149,80000000E-3	4,14550631E-6	
149,60000000E-3	3,98998486E-6	
149,40000000E-3	3,95587716E-6	
149,10000000E-3	4,10003913E-6	
148,80000000E-3	4,18048443E-6	
148,40000000E-3	4,05826480E-6	
148,00000000E-3	3,96038055E-6	
147,70000000E-3	4,06133408E-6	
147,30000000E-3	4,18277943E-6	
146,90000000E-3	4,12710894E-6	
146,40000000E-3	3,98287798E-6	
146,00000000E-3	3,98682541E-6	
145,40000000E-3	4,13100502E-6	
145,00000000E-3	4,19273022E-6	
144,60000000E-3	4,10894093E-6	
144,10000000E-3	4,01474998E-6	
143,80000000E-3	4,05892230E-6	
143,30000000E-3	4,16713287E-6	
142,60000000E-3	4,20142799E-6	
142,10000000E-3	4,14161830E-6	
141,60000000E-3	4,02287454E-6	
141,20000000E-3	4,01557927E-6	
140,70000000E-3	4,13109839E-6	
140,30000000E-3	4,24034743E-6	
139,60000000E-3	4,27655224E-6	
139,10000000E-3	4,20545929E-6	
138,70000000E-3	4,06446060E-6	
138,20000000E-3	4,04987657E-6	
137,80000000E-3	4,17285829E-6	
137,60000000E-3	4,30541672E-6	
136,80000000E-3	4,26449508E-6	
136,30000000E-3	4,14819989E-6	
135,90000000E-3	4,07244670E-6	
135,30000000E-3	4,07151873E-6	
134,70000000E-3	4,13384209E-6	
134,20000000E-3	4,23488895E-6	
133,80000000E-3	4,32974630E-6	
133,30000000E-3	4,35763601E-6	
132,90000000E-3	4,27217674E-6	
132,30000000E-3	4,14124307E-6	
131,70000000E-3	4,07499587E-6	
131,30000000E-3	4,11882676E-6	
130,80000000E-3	4,23711910E-6	
130,40000000E-3	4,35494268E-6	
129,90000000E-3	4,38380679E-6	
129,30000000E-3	4,30762453E-6	
128,90000000E-3	4,19644230E-6	
128,40000000E-3	4,13243125E-6	
127,70000000E-3	4,15120595E-6	
127,20000000E-3	4,24150562E-6	
126,80000000E-3	4,33050618E-6	
126,30000000E-3	4,37690614E-6	
125,80000000E-3	4,39533273E-6	
125,40000000E-3	4,36526353E-6	
124,70000000E-3	4,27439831E-6	
124,30000000E-3	4,17641951E-6	
123,80000000E-3	4,14088207E-6	
123,40000000E-3	4,15815777E-6	
122,90000000E-3	4,20473456E-6	
122,50000000E-3	4,28181368E-6	
122,50000000E-3	4,37996395E-6	
121,50000000E-3	4,44343437E-6	
120,90000000E-3	4,43845035E-6	
120,60000000E-3	4,39630478E-6	
119,90000000E-3	4,32022689E-6	
119,40000000E-3	4,23896132E-6	
119,00000000E-3	4,20933161E-6	
118,50000000E-3	4,23126496E-6	
118,10000000E-3	4,28763861E-6	
117,60000000E-3	4,36334663E-6	
116,90000000E-3	4,44885064E-6	
116,50000000E-3	4,48819773E-6	
116,00000000E-3	4,43150163E-6	
115,50000000E-3	4,33376527E-6	
115,10000000E-3	4,27605775E-6	
114,40000000E-3	4,34713400E-6	
113,90000000E-3	4,44667344E-6	
113,50000000E-3	4,49740051E-6	
113,10000000E-3	4,45156629E-6	
112,60000000E-3	4,36304324E-6	
112,00000000E-3	4,29021763E-6	
111,40000000E-3	4,26867598E-6	
111,00000000E-3	4,30370060E-6	
111,00000000E-3	4,43521988E-6	
110,00000000E-3	4,56806719E-6	
109,60000000E-3	4,58463011E-6	
109,00000000E-3	4,50416070E-6	
108,50000000E-3	4,36195948E-6	
108,00000000E-3	4,31577822E-6	
107,60000000E-3	4,41496424E-6	
106,90000000E-3	4,54803795E-6	
106,50000000E-3	4,57637044E-6	
105,90000000E-3	4,47742365E-6	
105,70000000E-3	4,35886166E-6	
105,10000000E-3	4,35430279E-6	
104,60000000E-3	4,50018679E-6	
103,90000000E-3	4,60605958E-6	
103,50000000E-3	4,57136717E-6	
103,00000000E-3	4,41743477E-6	
102,50000000E-3	4,34867908E-6	
102,10000000E-3	4,42101462E-6	
101,40000000E-3	4,55673478E-6	
101,20000000E-3	4,64991641E-6	
100,70000000E-3	4,58783919E-6	
100,20000000E-3	4,44222256E-6	
99,60000000E-3	4,39441263E-6	
99,10000000E-3	4,54314011E-6	
98,60000000E-3	4,66517917E-6	
98,20000000E-3	4,61621017E-6	
97,80000000E-3	4,45280894E-6	
97,10000000E-3	4,42143394E-6	
96,70000000E-3	4,57025432E-6	
96,20000000E-3	4,67943091E-6	
95,70000000E-3	4,61478130E-6	
95,00000000E-3	4,47705900E-6	
94,60000000E-3	4,49228808E-6	
94,10000000E-3	4,63832944E-6	
93,70000000E-3	4,69230573E-6	
93,20000000E-3	4,61156426E-6	
92,50000000E-3	4,51166191E-6	
92,30000000E-3	4,51148414E-6	
91,80000000E-3	4,61153613E-6	
91,10000000E-3	4,70901029E-6	
90,90000000E-3	4,69573597E-6	
90,20000000E-3	4,56891614E-6	
89,80000000E-3	4,49626918E-6	
89,30000000E-3	4,55106584E-6	
88,80000000E-3	4,68123617E-6	
88,10000000E-3	4,73820830E-6	
87,70000000E-3	4,65512074E-6	
87,20000000E-3	4,53622361E-6	
86,90000000E-3	4,52865133E-6	
86,10000000E-3	4,62685851E-6	
85,80000000E-3	4,74933757E-6	
85,30000000E-3	4,78272342E-6	
84,60000000E-3	4,71178384E-6	
84,20000000E-3	4,59957904E-6	
83,70000000E-3	4,52640316E-6	
83,30000000E-3	4,51583191E-6	
82,80000000E-3	4,59045388E-6	
82,40000000E-3	4,70123906E-6	
81,70000000E-3	4,79316609E-6	
81,30000000E-3	4,81712564E-6	
80,80000000E-3	4,75938672E-6	
80,30000000E-3	4,68296378E-6	
79,80000000E-3	4,59419504E-6	
79,40000000E-3	4,51317025E-6	
78,70000000E-3	4,47819757E-6	
78,30000000E-3	4,51153875E-6	
77,80000000E-3	4,63309128E-6	
77,30000000E-3	4,74286401E-6	
76,80000000E-3	4,80347934E-6	
76,20000000E-3	4,80573386E-6	
75,90000000E-3	4,68592452E-6	
75,40000000E-3	4,55834591E-6	
75,00000000E-3	4,49012731E-6	
74,30000000E-3	4,51760176E-6	
73,80000000E-3	4,60080994E-6	
73,40000000E-3	4,71577327E-6	
72,90000000E-3	4,78987577E-6	
72,20000000E-3	4,77354856E-6	
71,80000000E-3	4,62437576E-6	
71,30000000E-3	4,48546091E-6	
70,90000000E-3	4,46031033E-6	
70,40000000E-3	4,54297053E-6	
69,90000000E-3	4,67135583E-6	
69,40000000E-3	4,71567780E-6	
69,20000000E-3	4,63098404E-6	
68,30000000E-3	4,50395970E-6	
67,90000000E-3	4,41194403E-6	
67,40000000E-3	4,35580230E-6	
66,90000000E-3	4,38187907E-6	
66,30000000E-3	4,47777395E-6	
66,00000000E-3	4,56562736E-6	
65,50000000E-3	4,60696792E-6	
65,10000000E-3	4,50859695E-6	
64,30000000E-3	4,33846262E-6	
63,90000000E-3	4,21764853E-6	
63,40000000E-3	4,17667756E-6	
62,90000000E-3	4,21361539E-6	
62,50000000E-3	4,27810825E-6	
62,10000000E-3	4,35596102E-6	
61,30000000E-3	4,40222479E-6	
60,90000000E-3	4,37365448E-6	
60,40000000E-3	4,26945978E-6	
60,00000000E-3	4,10270112E-6	
59,40000000E-3	3,95673440E-6	
58,80000000E-3	3,90478250E-6	
58,40000000E-3	3,96822023E-6	
58,20000000E-3	4,05141829E-6	
57,70000000E-3	4,09491517E-6	
57,00000000E-3	4,07291284E-6	
56,30000000E-3	3,94224253E-6	
55,80000000E-3	3,74520591E-6	
55,60000000E-3	3,59316472E-6	
55,60000000E-3	3,54675805E-6	
54,40000000E-3	3,58369043E-6	
54,00000000E-3	3,67524967E-6	
53,50000000E-3	3,73723253E-6	
53,10000000E-3	3,68263762E-6	
52,40000000E-3	3,51249798E-6	
51,90000000E-3	3,31607413E-6	
51,50000000E-3	3,19783560E-6	
51,50000000E-3	3,13929637E-6	
50,50000000E-3	3,16808156E-6	
50,10000000E-3	3,25285609E-6	
49,60000000E-3	3,25840932E-6	
49,10000000E-3	3,17210029E-6	
48,60000000E-3	3,00919599E-6	
48,10000000E-3	2,77942650E-6	
47,70000000E-3	2,66004854E-6	
47,20000000E-3	2,66972169E-6	
46,50000000E-3	2,75517562E-6	
46,10000000E-3	2,67172676E-6	
45,60000000E-3	2,39717454E-6	
45,20000000E-3	2,19196733E-6	
44,80000000E-3	2,16734566E-6	
44,10000000E-3	2,24675606E-6	
43,60000000E-3	2,29185901E-6	
43,10000000E-3	2,21087978E-6	
42,70000000E-3	2,01420401E-6	
42,30000000E-3	1,78563111E-6	
42,00000000E-3	1,60373699E-6	
41,00000000E-3	1,55428665E-6	
40,50000000E-3	1,63504162E-6	
40,10000000E-3	1,69428234E-6	
39,80000000E-3	1,57192800E-6	
39,20000000E-3	1,33639266E-6	
38,70000000E-3	1,18445592E-6	
38,30000000E-3	1,15772368E-6	
37,60000000E-3	1,17989533E-6	
37,00000000E-3	1,13074732E-6	
36,60000000E-3	912,72958247E-9	
36,20000000E-3	716,77083167E-9	
36,00000000E-3	710,03604532E-9	
35,10000000E-3	734,53658769E-9	
34,70000000E-3	589,99495375E-9	
34,20000000E-3	403,51473062E-9	
33,80000000E-3	362,52559595E-9	
33,10000000E-3	382,37627861E-9	
32,60000000E-3	311,96307785E-9	
32,20000000E-3	82,89631679E-9	
31,70000000E-3	-91,92133333E-9	
31,30000000E-3	-61,78644101E-9	
30,70000000E-3	42,22143494E-9	
30,20000000E-3	-39,88189917E-9	
29,70000000E-3	-304,28347168E-9	
29,50000000E-3	-485,20431323E-9	
28,70000000E-3	-425,92425064E-9	
28,30000000E-3	-324,44396696E-9	
27,80000000E-3	-399,25740861E-9	
27,30000000E-3	-609,55517270E-9	
27,10000000E-3	-809,18997099E-9	
26,00000000E-3	-860,34523450E-9	
25,60000000E-3	-771,35497031E-9	
25,10000000E-3	-716,34421182E-9	
24,70000000E-3	-864,38683612E-9	
24,70000000E-3	-1,10614178E-6	
23,70000000E-3	-1,16442873E-6	
23,20000000E-3	-1,07273994E-6	
22,70000000E-3	-1,04602150E-6	
22,50000000E-3	-1,20708786E-6	
21,80000000E-3	-1,40334958E-6	
21,40000000E-3	-1,41264203E-6	
20,90000000E-3	-1,32665664E-6	
20,70000000E-3	-1,34471004E-6	
19,60000000E-3	-1,56557027E-6	
19,10000000E-3	-1,68347139E-6	
18,70000000E-3	-1,57286783E-6	
18,30000000E-3	-1,50535513E-6	
17,80000000E-3	-1,71855731E-6	
17,40000000E-3	-1,85476778E-6	
16,70000000E-3	-1,72478582E-6	
16,20000000E-3	-1,68875960E-6	
15,80000000E-3	-1,89842072E-6	
15,30000000E-3	-2,00976821E-6	
14,90000000E-3	-1,87462905E-6	
14,30000000E-3	-1,79438830E-6	
13,70000000E-3	-1,98900652E-6	
13,30000000E-3	-2,17278169E-6	
12,80000000E-3	-2,07627960E-6	
12,30000000E-3	-1,94531532E-6	
11,70000000E-3	-2,07516241E-6	
11,20000000E-3	-2,28153755E-6	
10,70000000E-3	-2,24971414E-6	
10,30000000E-3	-2,11126624E-6	
9,90000000E-3	-2,12592960E-6	
9,40000000E-3	-2,28008592E-6	
8,80000000E-3	-2,34624547E-6	
8,20000000E-3	-2,24983679E-6	
8,00000000E-3	-2,18712147E-6	
7,30000000E-3	-2,26772047E-6	
6,90000000E-3	-2,42495278E-6	
6,30000000E-3	-2,48541403E-6	
6,20000000E-3	-2,31021020E-6	
5,30000000E-3	-2,17883033E-6	
4,80000000E-3	-2,35269241E-6	
4,30000000E-3	-2,57817830E-6	
4,00000000E-3	-2,55783245E-6	
3,50000000E-3	-2,39327301E-6	
2,90000000E-3	-2,21167973E-6	
2,30000000E-3	-2,24329538E-6	
1,80000000E-3	-2,48225787E-6	
1,40000000E-3	-2,66540425E-6	
900,00000000E-6	-2,55253801E-6	
400,00000000E-6	-2,28691162E-6	
-300,00000000E-6	-2,33060905E-6	
-800,00000000E-6	-2,58154381E-6	
-1,20000000E-3	-2,65260055E-6	
-1,70000000E-3	-2,39478797E-6	
-2,20000000E-3	-2,37858068E-6	
-2,70000000E-3	-2,59035351E-6	
-3,30000000E-3	-2,59250749E-6	
-3,80000000E-3	-2,40883760E-6	
-4,30000000E-3	-2,38259454E-6	
-4,70000000E-3	-2,50318267E-6	
-5,20000000E-3	-2,51971847E-6	
-5,80000000E-3	-2,37257133E-6	
-6,30000000E-3	-2,51867031E-6	
-6,80000000E-3	-2,56717099E-6	
-7,20000000E-3	-2,38365651E-6	
-7,40000000E-3	-2,48333683E-6	
-8,10000000E-3	-2,60275131E-6	
-8,80000000E-3	-2,42398392E-6	
-9,30000000E-3	-2,38053013E-6	
-9,80000000E-3	-2,59794475E-6	
-10,20000000E-3	-2,48219112E-6	
-10,60000000E-3	-2,29092697E-6	
-11,10000000E-3	-2,42483367E-6	
-11,50000000E-3	-2,51883607E-6	
-12,00000000E-3	-2,31128281E-6	
-12,70000000E-3	-2,29510896E-6	
-13,20000000E-3	-2,42624127E-6	
-13,60000000E-3	-2,43243201E-6	
-14,10000000E-3	-2,27721717E-6	
-14,60000000E-3	-2,28401260E-6	
-15,00000000E-3	-2,40489117E-6	
-15,70000000E-3	-2,25271457E-6	
-15,90000000E-3	-2,14080628E-6	
-16,60000000E-3	-2,29450317E-6	
-17,00000000E-3	-2,25298081E-6	
-17,50000000E-3	-2,08727088E-6	
-18,00000000E-3	-2,08201170E-6	
-18,50000000E-3	-2,24027033E-6	
-19,00000000E-3	-2,10649062E-6	
-19,50000000E-3	-1,94381957E-6	
-20,00000000E-3	-1,97375620E-6	
-20,50000000E-3	-2,09218163E-6	
-21,00000000E-3	-1,92809176E-6	
-21,50000000E-3	-1,75747661E-6	
-21,90000000E-3	-1,76673462E-6	
-22,50000000E-3	-1,88769022E-6	
-23,00000000E-3	-1,82291033E-6	
-23,50000000E-3	-1,58009928E-6	
-24,00000000E-3	-1,52924060E-6	
-24,50000000E-3	-1,57991113E-6	
-24,90000000E-3	-1,61757112E-6	
-25,40000000E-3	-1,47374079E-6	
-26,00000000E-3	-1,33739077E-6	
-26,60000000E-3	-1,36772770E-6	
-26,90000000E-3	-1,35806209E-6	
-27,40000000E-3	-1,16542386E-6	
-27,90000000E-3	-1,01897020E-6	
-28,40000000E-3	-1,08463309E-6	
-29,00000000E-3	-1,10440497E-6	
-29,60000000E-3	-891,22761461E-9	
-30,00000000E-3	-714,18403816E-9	
-30,40000000E-3	-788,51756488E-9	
-30,90000000E-3	-698,50253068E-9	
-31,50000000E-3	-438,74402566E-9	
-32,00000000E-3	-486,69130269E-9	
-32,50000000E-3	-508,46788812E-9	
-32,90000000E-3	-274,85656305E-9	
-33,40000000E-3	-44,62228390E-9	
-33,90000000E-3	-24,47674678E-9	
-34,40000000E-3	-87,80958962E-9	
-35,00000000E-3	3,27208429E-9	
-35,50000000E-3	259,74942096E-9	
-35,90000000E-3	441,92092960E-9	
-36,40000000E-3	440,75339783E-9	
-36,80000000E-3	414,50187427E-9	
-37,40000000E-3	578,16079780E-9	
-38,00000000E-3	850,58805130E-9	
-38,50000000E-3	887,52602320E-9	
-38,90000000E-3	832,81052712E-9	
-39,40000000E-3	947,64597287E-9	
-39,80000000E-3	1,22253501E-6	
-40,30000000E-3	1,42619048E-6	
-40,90000000E-3	1,45029431E-6	
-41,40000000E-3	1,40322167E-6	
-41,90000000E-3	1,51626573E-6	
-42,40000000E-3	1,75465284E-6	
-42,80000000E-3	1,98370891E-6	
-43,30000000E-3	2,02966165E-6	
-43,80000000E-3	1,98089637E-6	
-44,40000000E-3	2,01161723E-6	
-44,90000000E-3	2,20458579E-6	
-45,40000000E-3	2,45210687E-6	
-45,80000000E-3	2,65678020E-6	
-46,30000000E-3	2,72942215E-6	
-46,90000000E-3	2,72240081E-6	
-47,40000000E-3	2,68361933E-6	
-47,90000000E-3	2,72836098E-6	
-48,40000000E-3	2,91385428E-6	
-48,80000000E-3	3,15113253E-6	
-49,20000000E-3	3,31641196E-6	
-49,90000000E-3	3,42982378E-6	
-50,40000000E-3	3,45060941E-6	
-50,90000000E-3	3,40397547E-6	
-51,40000000E-3	3,40055267E-6	
-51,80000000E-3	3,50106665E-6	
-52,20000000E-3	3,69433580E-6	
-52,70000000E-3	3,91001691E-6	
-53,40000000E-3	4,02357173E-6	
-53,80000000E-3	4,02507541E-6	
-54,30000000E-3	3,98750258E-6	
-54,80000000E-3	3,95254015E-6	
-55,20000000E-3	3,97222888E-6	
-55,70000000E-3	4,10988587E-6	
-56,20000000E-3	4,25694230E-6	
-56,80000000E-3	4,41500080E-6	
-57,30000000E-3	4,56496134E-6	
-57,80000000E-3	4,64275098E-6	
-58,20000000E-3	4,67827105E-6	
-58,70000000E-3	4,69021245E-6	
-59,30000000E-3	4,66669336E-6	
-59,90000000E-3	4,66029974E-6	
-60,10000000E-3	4,64627242E-6	
-60,70000000E-3	4,66329878E-6	
-61,20000000E-3	4,74649017E-6	
-61,80000000E-3	4,86903749E-6	
-62,30000000E-3	4,96649500E-6	
-62,60000000E-3	5,04360488E-6	
-63,20000000E-3	5,10126060E-6	
-63,50000000E-3	5,12844371E-6	
-64,20000000E-3	5,12985524E-6	
-64,60000000E-3	5,13215018E-6	
-65,10000000E-3	5,08488932E-6	
-65,50000000E-3	5,04235971E-6	
-66,00000000E-3	5,01315723E-6	
-66,70000000E-3	5,02671154E-6	
-67,20000000E-3	5,04573461E-6	
-67,60000000E-3	5,05484158E-6	
-68,10000000E-3	5,06453639E-6	
-68,50000000E-3	5,09138378E-6	
-69,00000000E-3	5,10590721E-6	
-69,60000000E-3	5,11732140E-6	
-70,20000000E-3	5,13685547E-6	
-70,60000000E-3	5,18430829E-6	
-71,10000000E-3	5,22793077E-6	
-71,50000000E-3	5,22606295E-6	
-72,00000000E-3	5,24705991E-6	
-72,60000000E-3	5,24991050E-6	
-73,10000000E-3	5,27079985E-6	
-73,50000000E-3	5,28070020E-6	
-74,10000000E-3	5,25105986E-6	
-74,50000000E-3	5,24172815E-6	
-75,00000000E-3	5,25643521E-6	
-75,50000000E-3	5,28138815E-6	
-76,10000000E-3	5,28685358E-6	
-76,50000000E-3	5,29480897E-6	
-77,00000000E-3	5,29157265E-6	
-77,50000000E-3	5,33756990E-6	
-78,00000000E-3	5,42804265E-6	
-78,40000000E-3	5,46025490E-6	
-79,10000000E-3	5,52832872E-6	
-79,60000000E-3	5,55460389E-6	
-80,10000000E-3	5,58751735E-6	
-80,40000000E-3	5,60293596E-6	
-80,90000000E-3	5,63888239E-6	
-81,40000000E-3	5,62185875E-6	
-82,00000000E-3	5,61472009E-6	
-82,60000000E-3	5,58764288E-6	
-83,00000000E-3	5,57785237E-6	
-83,40000000E-3	5,52372696E-6	
-83,90000000E-3	5,49489222E-6	
-84,40000000E-3	5,41568036E-6	
-85,00000000E-3	5,37837375E-6	
-85,60000000E-3	5,34303118E-6	
-86,00000000E-3	5,30721326E-6	
-86,50000000E-3	5,28759645E-6	
-86,90000000E-3	5,35165412E-6	
-87,30000000E-3	5,36381884E-6	
-88,10000000E-3	5,34723155E-6	
-88,50000000E-3	5,29224604E-6	
-89,00000000E-3	5,27675106E-6	
-89,40000000E-3	5,24337280E-6	
-89,90000000E-3	5,25189528E-6	
-90,40000000E-3	5,26225619E-6	
-90,80000000E-3	5,27485644E-6	
-91,40000000E-3	5,27061616E-6	
-91,90000000E-3	5,27073633E-6	
-92,40000000E-3	5,27019309E-6	
-92,90000000E-3	5,26692667E-6	
-93,40000000E-3	5,29878594E-6	
-93,80000000E-3	5,39810401E-6	
-94,50000000E-3	5,33154599E-6	
-94,90000000E-3	5,27655472E-6	
-95,40000000E-3	5,24941414E-6	
-95,90000000E-3	5,24531827E-6	
-96,30000000E-3	5,22905065E-6	
-96,80000000E-3	5,20118608E-6	
-97,50000000E-3	5,18727807E-6	
-97,90000000E-3	5,20023849E-6	
-98,40000000E-3	5,20382854E-6	
-98,90000000E-3	5,23901620E-6	
-99,30000000E-3	5,37347263E-6	
-99,80000000E-3	5,59506785E-6	
-100,30000000E-3	5,59576559E-6	
-100,90000000E-3	5,50174472E-6	
-101,40000000E-3	5,43866830E-6	
-101,90000000E-3	5,33436133E-6	
-102,30000000E-3	5,25129593E-6	
-102,80000000E-3	5,18173756E-6	
-103,30000000E-3	5,17488664E-6	
-103,90000000E-3	5,21230113E-6	
-104,40000000E-3	5,27719547E-6	
-104,90000000E-3	5,29721881E-6	
-105,30000000E-3	5,44962643E-6	
-105,80000000E-3	5,51750831E-6	
-106,20000000E-3	5,44076249E-6	
-106,80000000E-3	5,31940957E-6	
-107,20000000E-3	5,23310737E-6	
-107,80000000E-3	5,17658960E-6	
-108,10000000E-3	5,13026173E-6	
-108,70000000E-3	5,11372893E-6	
-109,30000000E-3	5,16478395E-6	
-109,90000000E-3	5,25330831E-6	
-110,20000000E-3	5,38455875E-6	
-110,60000000E-3	5,47978588E-6	
-111,00000000E-3	5,50296863E-6	
-111,80000000E-3	5,54850149E-6	
-112,20000000E-3	5,27588621E-6	
-112,60000000E-3	5,16174957E-6	
-113,10000000E-3	5,08580052E-6	
-113,50000000E-3	5,19859180E-6	
-114,20000000E-3	5,37457297E-6	
-114,70000000E-3	5,45182732E-6	
-115,10000000E-3	5,35006816E-6	
-115,60000000E-3	5,11580028E-6	
-116,10000000E-3	5,06910289E-6	
-116,60000000E-3	5,14325864E-6	
-117,20000000E-3	5,29703819E-6	
-117,70000000E-3	5,39254755E-6	
-118,10000000E-3	5,31289771E-6	
-118,60000000E-3	5,18279451E-6	
-119,10000000E-3	5,09944510E-6	
-119,50000000E-3	5,18376798E-6	
-120,10000000E-3	5,40996524E-6	
-120,60000000E-3	5,43150859E-6	
-121,10000000E-3	5,31973853E-6	
-121,60000000E-3	5,13314227E-6	
-122,00000000E-3	5,09750406E-6	
-122,50000000E-3	5,16314882E-6	
-123,10000000E-3	5,36412265E-6	
-123,60000000E-3	5,31034246E-6	
-124,10000000E-3	5,15225650E-6	
-124,60000000E-3	5,11975181E-6	
-125,00000000E-3	5,28876986E-6	
-125,50000000E-3	5,39952778E-6	
-126,00000000E-3	5,36513778E-6	
-126,70000000E-3	5,23197898E-6	
-127,20000000E-3	5,04367583E-6	
-127,60000000E-3	5,01027189E-6	
-128,00000000E-3	5,13953401E-6	
-128,50000000E-3	5,33677914E-6	
-128,90000000E-3	5,37655252E-6	
-129,70000000E-3	5,22859019E-6	
-130,20000000E-3	5,07134399E-6	
-130,50000000E-3	5,03357180E-6	
-131,00000000E-3	5,13391030E-6	
-131,50000000E-3	5,27807690E-6	
-131,90000000E-3	5,35398610E-6	
-132,70000000E-3	5,35510792E-6	
-133,10000000E-3	5,22711522E-6	
-133,60000000E-3	5,06601763E-6	
-134,10000000E-3	4,99671688E-6	
-134,50000000E-3	5,12615262E-6	
-134,90000000E-3	5,29250784E-6	
-135,60000000E-3	5,29772714E-6	
-136,10000000E-3	5,13942039E-6	
-136,60000000E-3	5,01620897E-6	
-137,10000000E-3	5,08411930E-6	
-137,40000000E-3	5,25161838E-6	
-137,90000000E-3	5,26561912E-6	
-138,60000000E-3	5,07157057E-6	
-139,10000000E-3	4,96136087E-6	
-139,60000000E-3	5,06422032E-6	
-140,00000000E-3	5,24125407E-6	
-140,50000000E-3	5,28778515E-6	
-140,90000000E-3	5,16733644E-6	
-141,50000000E-3	5,03925180E-6	
-141,70000000E-3	5,12351644E-6	
-142,50000000E-3	5,26172784E-6	
-143,10000000E-3	5,21350640E-6	
-143,50000000E-3	5,05091809E-6	
-144,00000000E-3	5,07286607E-6	
-144,50000000E-3	5,22370560E-6	
-144,90000000E-3	5,21549778E-6	
-145,50000000E-3	5,05204215E-6	
-146,00000000E-3	5,05299343E-6	
-146,50000000E-3	5,24927668E-6	
-146,90000000E-3	5,30983958E-6	
-147,40000000E-3	5,07914242E-6	
-147,90000000E-3	5,00241198E-6	
-148,50000000E-3	5,21264169E-6	
-149,00000000E-3	5,23914582E-6	
-149,50000000E-3	5,06938046E-6	
-149,90000000E-3	5,03203877E-6	
