-200,00000000E-3	9,40764274E-6	
-200,00000000E-3	9,40354720E-6	
-199,90000000E-3	9,39654402E-6	
-199,70000000E-3	9,40942668E-6	
-199,40000000E-3	9,44613413E-6	
-199,10000000E-3	9,46863431E-6	
-198,80000000E-3	9,48566230E-6	
-198,30000000E-3	9,51443865E-6	
-198,10000000E-3	9,52559938E-6	
-197,60000000E-3	9,55452361E-6	
-197,10000000E-3	9,59534123E-6	
-196,50000000E-3	9,65760740E-6	
-196,00000000E-3	9,69181449E-6	
-195,40000000E-3	9,71701503E-6	
-194,80000000E-3	9,77179924E-6	
-194,30000000E-3	9,81161581E-6	
-193,80000000E-3	9,82299721E-6	
-193,50000000E-3	9,87476410E-6	
-192,90000000E-3	9,91890617E-6	
-192,30000000E-3	9,95132756E-6	
-191,70000000E-3	9,98569490E-6	
-191,00000000E-3	10,00605261E-6	
-190,40000000E-3	10,05777810E-6	
-189,70000000E-3	10,10098136E-6	
-189,10000000E-3	10,13233683E-6	
-188,50000000E-3	10,16187764E-6	
-187,90000000E-3	10,22959531E-6	
-187,60000000E-3	10,26819244E-6	
-187,00000000E-3	10,29184217E-6	
-186,40000000E-3	10,33383308E-6	
-185,80000000E-3	10,37608591E-6	
-185,20000000E-3	10,43244443E-6	
-184,60000000E-3	10,45762733E-6	
-184,00000000E-3	10,50926664E-6	
-183,40000000E-3	10,53395003E-6	
-182,80000000E-3	10,58315205E-6	
-182,20000000E-3	10,60933859E-6	
-181,60000000E-3	10,62919968E-6	
-181,00000000E-3	10,64737535E-6	
-180,40000000E-3	10,66151929E-6	
-179,80000000E-3	10,71883392E-6	
-179,20000000E-3	10,76354491E-6	
-178,60000000E-3	10,77893994E-6	
-178,00000000E-3	10,81726389E-6	
-177,40000000E-3	10,84855593E-6	
-176,80000000E-3	10,88116249E-6	
-176,20000000E-3	10,92139132E-6	
-175,50000000E-3	10,95496212E-6	
-175,00000000E-3	11,00705872E-6	
-174,40000000E-3	11,02746483E-6	
-173,80000000E-3	11,04511223E-6	
-173,30000000E-3	11,09016119E-6	
-172,70000000E-3	11,10601212E-6	
-171,90000000E-3	11,16276298E-6	
-171,40000000E-3	11,18980980E-6	
-170,80000000E-3	11,23029150E-6	
-170,20000000E-3	11,28743767E-6	
-169,90000000E-3	11,30452626E-6	
-169,20000000E-3	11,32556204E-6	
-168,70000000E-3	11,34512355E-6	
-168,00000000E-3	11,37208136E-6	
-167,30000000E-3	11,42225303E-6	
-166,50000000E-3	11,45345561E-6	
-166,00000000E-3	11,50273319E-6	
-165,70000000E-3	11,49627644E-6	
-165,00000000E-3	11,54365143E-6	
-164,40000000E-3	11,57454126E-6	
-163,80000000E-3	11,63585870E-6	
-163,20000000E-3	11,66494267E-6	
-162,60000000E-3	11,71118949E-6	
-162,00000000E-3	11,74997986E-6	
-161,40000000E-3	11,79039893E-6	
-160,80000000E-3	11,81656799E-6	
-160,00000000E-3	11,88940284E-6	
-159,30000000E-3	11,93905977E-6	
-158,70000000E-3	11,96183015E-6	
-158,10000000E-3	12,02070985E-6	
-157,50000000E-3	12,06576058E-6	
-156,90000000E-3	12,07843058E-6	
-156,20000000E-3	12,09937571E-6	
-155,90000000E-3	12,11520155E-6	
-155,30000000E-3	12,16114303E-6	
-154,80000000E-3	12,18419066E-6	
-154,10000000E-3	12,21724544E-6	
-153,50000000E-3	12,25228466E-6	
-152,80000000E-3	12,26618363E-6	
-152,00000000E-3	12,30673672E-6	
-151,40000000E-3	12,32399164E-6	
-151,10000000E-3	12,35818341E-6	
-150,50000000E-3	12,38673421E-6	
-149,90000000E-3	12,38820105E-6	
-149,30000000E-3	12,42472014E-6	
-148,70000000E-3	12,47771076E-6	
-148,10000000E-3	12,54660236E-6	
-147,60000000E-3	12,58546986E-6	
-146,90000000E-3	12,60427607E-6	
-146,40000000E-3	12,65027174E-6	
-145,70000000E-3	12,69998005E-6	
-145,10000000E-3	12,74206857E-6	
-144,50000000E-3	12,79188888E-6	
-143,90000000E-3	12,83376528E-6	
-143,30000000E-3	12,89270508E-6	
-142,70000000E-3	12,94883253E-6	
-142,10000000E-3	12,98873575E-6	
-141,50000000E-3	13,04848476E-6	
-141,00000000E-3	13,05421414E-6	
-140,10000000E-3	13,12745994E-6	
-139,60000000E-3	13,21941177E-6	
-138,80000000E-3	13,26725463E-6	
-138,20000000E-3	13,30787889E-6	
-137,90000000E-3	13,36933798E-6	
-137,30000000E-3	13,40799589E-6	
-136,80000000E-3	13,44680596E-6	
-136,10000000E-3	13,48853343E-6	
-135,50000000E-3	13,52203727E-6	
-134,80000000E-3	13,54899233E-6	
-134,30000000E-3	13,59276639E-6	
-133,60000000E-3	13,60319844E-6	
-132,90000000E-3	13,64581399E-6	
-132,10000000E-3	13,66292583E-6	
-131,50000000E-3	13,68239332E-6	
-131,20000000E-3	13,68165391E-6	
-130,60000000E-3	13,69353491E-6	
-130,00000000E-3	13,72514539E-6	
-129,40000000E-3	13,77994691E-6	
-128,80000000E-3	13,85085207E-6	
-128,20000000E-3	13,86698300E-6	
-127,60000000E-3	13,89739653E-6	
-127,00000000E-3	13,94104191E-6	
-126,40000000E-3	13,97766278E-6	
-125,80000000E-3	14,04185135E-6	
-125,20000000E-3	14,11352891E-6	
-124,60000000E-3	14,16763348E-6	
-123,90000000E-3	14,21265132E-6	
-123,70000000E-3	14,25892289E-6	
-123,10000000E-3	14,28610385E-6	
-122,40000000E-3	14,33692431E-6	
-121,80000000E-3	14,36423302E-6	
-121,20000000E-3	14,43600198E-6	
-120,60000000E-3	14,46986626E-6	
-119,90000000E-3	14,51284830E-6	
-119,30000000E-3	14,55260516E-6	
-118,70000000E-3	14,59962808E-6	
-118,10000000E-3	14,64943301E-6	
-117,50000000E-3	14,70581262E-6	
-116,80000000E-3	14,78428570E-6	
-116,20000000E-3	14,83331158E-6	
-115,60000000E-3	14,87230526E-6	
-115,00000000E-3	14,89645996E-6	
-114,40000000E-3	14,94553820E-6	
-113,70000000E-3	14,99359020E-6	
-113,40000000E-3	15,02717557E-6	
-112,80000000E-3	15,05192559E-6	
-112,20000000E-3	15,10786450E-6	
-111,60000000E-3	15,12619230E-6	
-110,90000000E-3	15,16682222E-6	
-110,30000000E-3	15,23233803E-6	
-109,70000000E-3	15,26543341E-6	
-109,40000000E-3	15,34142325E-6	
-108,70000000E-3	15,36250066E-6	
-108,10000000E-3	15,40850665E-6	
-107,50000000E-3	15,43885617E-6	
-106,90000000E-3	15,47377288E-6	
-106,20000000E-3	15,56153239E-6	
-105,70000000E-3	15,60834171E-6	
-105,00000000E-3	15,65967568E-6	
-104,40000000E-3	15,70376393E-6	
-103,80000000E-3	15,75911653E-6	
-103,20000000E-3	15,82098121E-6	
-102,50000000E-3	15,85423976E-6	
-102,00000000E-3	15,88831632E-6	
-101,30000000E-3	15,90468491E-6	
-100,70000000E-3	15,93861933E-6	
-100,10000000E-3	15,98841586E-6	
-99,50000000E-3	16,00310622E-6	
-98,90000000E-3	16,05351684E-6	
-98,20000000E-3	16,03942237E-6	
-97,60000000E-3	16,06363570E-6	
-97,00000000E-3	16,04650456E-6	
-96,40000000E-3	16,02056392E-6	
-95,70000000E-3	16,02572167E-6	
-95,10000000E-3	16,01835415E-6	
-94,50000000E-3	15,98935901E-6	
-93,80000000E-3	15,96912815E-6	
-93,20000000E-3	15,94202863E-6	
-92,60000000E-3	15,90869526E-6	
-92,00000000E-3	15,86851283E-6	
-91,60000000E-3	15,80678377E-6	
-91,00000000E-3	15,74021247E-6	
-90,40000000E-3	15,65911029E-6	
-89,80000000E-3	15,59388536E-6	
-89,10000000E-3	15,48985250E-6	
-88,90000000E-3	15,38797832E-6	
-88,20000000E-3	15,27642143E-6	
-87,60000000E-3	15,18791402E-6	
-87,00000000E-3	15,05079670E-6	
-86,40000000E-3	14,84890724E-6	
-85,80000000E-3	14,70122102E-6	
-85,20000000E-3	14,57272279E-6	
-84,50000000E-3	14,43923718E-6	
-83,90000000E-3	14,33036876E-6	
-83,30000000E-3	14,16415850E-6	
-82,70000000E-3	14,00034600E-6	
-82,10000000E-3	13,85478402E-6	
-81,50000000E-3	13,69158080E-6	
-80,90000000E-3	13,51984193E-6	
-80,30000000E-3	13,31870638E-6	
-79,60000000E-3	13,16321614E-6	
-79,00000000E-3	13,03539727E-6	
-78,40000000E-3	12,84217264E-6	
-77,80000000E-3	12,69250797E-6	
-77,10000000E-3	12,50037930E-6	
-76,50000000E-3	12,32312192E-6	
-75,90000000E-3	12,17238642E-6	
-75,60000000E-3	11,96687403E-6	
-75,00000000E-3	11,79154182E-6	
-74,30000000E-3	11,57392136E-6	
-73,70000000E-3	11,35118387E-6	
-73,10000000E-3	11,12832478E-6	
-72,50000000E-3	10,88290265E-6	
-71,80000000E-3	10,61949385E-6	
-71,20000000E-3	10,34575082E-6	
-70,60000000E-3	10,09626268E-6	
-70,00000000E-3	9,85114869E-6	
-69,40000000E-3	9,55082105E-6	
-68,70000000E-3	9,26111553E-6	
-68,10000000E-3	8,94021020E-6	
-67,50000000E-3	8,59596790E-6	
-66,90000000E-3	8,26931928E-6	
-66,20000000E-3	7,86484530E-6	
-65,60000000E-3	7,44530269E-6	
-65,00000000E-3	7,07659437E-6	
-64,40000000E-3	6,73215020E-6	
-63,70000000E-3	6,40163252E-6	
-63,40000000E-3	5,98517119E-6	
-62,80000000E-3	5,58096183E-6	
-62,20000000E-3	5,12331435E-6	
-61,60000000E-3	4,61520809E-6	
-61,00000000E-3	4,15118542E-6	
-60,40000000E-3	3,68774772E-6	
-59,70000000E-3	3,16354954E-6	
-59,10000000E-3	2,61119114E-6	
-58,50000000E-3	2,02902902E-6	
-57,90000000E-3	1,44477833E-6	
-57,30000000E-3	875,56230911E-9	
-57,00000000E-3	250,37008980E-9	
-56,40000000E-3	-307,81580183E-9	
-55,70000000E-3	-874,76508282E-9	
-55,10000000E-3	-1,50204310E-6	
-54,50000000E-3	-2,07417485E-6	
-53,90000000E-3	-2,65532036E-6	
-53,20000000E-3	-3,32353795E-6	
-52,60000000E-3	-3,99706375E-6	
-52,00000000E-3	-4,70280218E-6	
-51,40000000E-3	-5,42977365E-6	
-50,70000000E-3	-6,20989561E-6	
-50,40000000E-3	-6,95384762E-6	
-49,80000000E-3	-7,80359318E-6	
-49,20000000E-3	-8,52529407E-6	
-48,50000000E-3	-9,30427754E-6	
-47,90000000E-3	-10,10168268E-6	
-47,30000000E-3	-10,82072135E-6	
-46,70000000E-3	-11,59822103E-6	
-46,00000000E-3	-12,39303557E-6	
-45,40000000E-3	-13,20255452E-6	
-44,80000000E-3	-14,01155180E-6	
-44,20000000E-3	-14,90752631E-6	
-43,60000000E-3	-15,85647962E-6	
-42,90000000E-3	-16,81382651E-6	
-42,40000000E-3	-17,71425499E-6	
-41,70000000E-3	-18,65896004E-6	
-41,10000000E-3	-19,51920097E-6	
-40,50000000E-3	-20,40093435E-6	
-40,20000000E-3	-21,33224072E-6	
-39,60000000E-3	-22,29143533E-6	
-38,90000000E-3	-23,19221663E-6	
-38,30000000E-3	-24,10772638E-6	
-37,70000000E-3	-24,99468572E-6	
-37,10000000E-3	-25,90307092E-6	
-36,40000000E-3	-26,74739919E-6	
-35,60000000E-3	-27,65565424E-6	
-35,00000000E-3	-28,46692901E-6	
-34,80000000E-3	-29,22317141E-6	
-34,20000000E-3	-29,97588107E-6	
-33,50000000E-3	-30,88245739E-6	
-32,90000000E-3	-31,75295706E-6	
-32,20000000E-3	-32,62323701E-6	
-31,80000000E-3	-33,42168798E-6	
-31,20000000E-3	-34,24163456E-6	
-30,60000000E-3	-35,04642673E-6	
-30,00000000E-3	-35,83239270E-6	
-29,40000000E-3	-36,69828859E-6	
-28,80000000E-3	-37,42979029E-6	
-28,10000000E-3	-38,14591642E-6	
-27,50000000E-3	-38,98054830E-6	
-26,70000000E-3	-39,72660037E-6	
-26,20000000E-3	-40,58163480E-6	
-25,50000000E-3	-41,36481329E-6	
-25,00000000E-3	-42,07006192E-6	
-24,40000000E-3	-42,81023435E-6	
-23,80000000E-3	-43,52489959E-6	
-23,20000000E-3	-44,18063039E-6	
-22,60000000E-3	-44,91342513E-6	
-22,10000000E-3	-45,63052171E-6	
-21,50000000E-3	-46,23642075E-6	
-20,90000000E-3	-46,73840743E-6	
-20,30000000E-3	-47,32939247E-6	
-19,50000000E-3	-47,83182013E-6	
-18,90000000E-3	-48,48275871E-6	
-18,30000000E-3	-49,00609684E-6	
-17,70000000E-3	-49,50393487E-6	
-17,20000000E-3	-49,99346394E-6	
-16,30000000E-3	-50,49256617E-6	
-16,00000000E-3	-50,91719819E-6	
-15,50000000E-3	-51,30833103E-6	
-14,90000000E-3	-51,65311688E-6	
-14,10000000E-3	-52,02356192E-6	
-13,50000000E-3	-52,32150566E-6	
-13,20000000E-3	-52,60838052E-6	
-12,70000000E-3	-52,88612243E-6	
-11,80000000E-3	-53,08682286E-6	
-11,20000000E-3	-53,36333170E-6	
-10,70000000E-3	-53,61113973E-6	
-10,10000000E-3	-53,82143477E-6	
-9,50000000E-3	-54,00316731E-6	
-8,90000000E-3	-54,15141175E-6	
-8,30000000E-3	-54,31128305E-6	
-7,70000000E-3	-54,41408320E-6	
-7,20000000E-3	-54,51637422E-6	
-6,50000000E-3	-54,62362929E-6	
-5,80000000E-3	-54,69713070E-6	
-5,20000000E-3	-54,74291611E-6	
-4,60000000E-3	-54,74671503E-6	
-4,10000000E-3	-54,73215634E-6	
-3,50000000E-3	-54,78375864E-6	
-2,60000000E-3	-54,73734244E-6	
-1,90000000E-3	-54,73513803E-6	
-1,40000000E-3	-54,77074492E-6	
-800,00000000E-6	-54,74100425E-6	
-200,00000000E-6	-54,63604629E-6	
300,00000000E-6	-54,48248756E-6	
1,00000000E-3	-54,25099427E-6	
1,50000000E-3	-54,08468441E-6	
2,10000000E-3	-53,93205550E-6	
2,70000000E-3	-53,76361836E-6	
3,50000000E-3	-53,52567518E-6	
4,10000000E-3	-53,32096638E-6	
4,40000000E-3	-53,11123192E-6	
4,90000000E-3	-52,89439921E-6	
5,80000000E-3	-52,73788481E-6	
6,40000000E-3	-52,52896587E-6	
6,90000000E-3	-52,23360661E-6	
7,50000000E-3	-51,88999974E-6	
8,10000000E-3	-51,55440457E-6	
8,70000000E-3	-51,13614804E-6	
9,30000000E-3	-50,71126905E-6	
9,90000000E-3	-50,19293055E-6	
10,40000000E-3	-49,76625295E-6	
11,20000000E-3	-49,40167696E-6	
11,80000000E-3	-48,94569485E-6	
12,40000000E-3	-48,45008296E-6	
12,90000000E-3	-47,97417770E-6	
13,50000000E-3	-47,45313739E-6	
14,10000000E-3	-46,85042371E-6	
14,90000000E-3	-46,23812352E-6	
15,50000000E-3	-45,60304442E-6	
16,10000000E-3	-44,86053530E-6	
16,70000000E-3	-44,12213476E-6	
17,20000000E-3	-43,45028731E-6	
17,90000000E-3	-42,86704091E-6	
18,60000000E-3	-42,21884251E-6	
18,90000000E-3	-41,55318239E-6	
19,50000000E-3	-40,88146711E-6	
20,10000000E-3	-40,24167559E-6	
21,00000000E-3	-39,56257322E-6	
21,00000000E-3	-38,83913679E-6	
22,10000000E-3	-38,15780630E-6	
22,70000000E-3	-37,52798488E-6	
23,20000000E-3	-36,78256709E-6	
23,80000000E-3	-36,03534917E-6	
24,60000000E-3	-35,28595281E-6	
25,00000000E-3	-34,49192055E-6	
25,50000000E-3	-33,71190165E-6	
26,00000000E-3	-32,90281624E-6	
26,90000000E-3	-32,09820643E-6	
27,20000000E-3	-31,30588160E-6	
28,00000000E-3	-30,51809073E-6	
28,60000000E-3	-29,71010849E-6	
29,20000000E-3	-28,87570092E-6	
29,70000000E-3	-27,96552405E-6	
30,30000000E-3	-27,06163737E-6	
30,90000000E-3	-26,18561443E-6	
31,80000000E-3	-25,32458261E-6	
32,30000000E-3	-24,44984685E-6	
32,90000000E-3	-23,59002829E-6	
33,40000000E-3	-22,79087676E-6	
34,00000000E-3	-22,01188872E-6	
34,80000000E-3	-21,20199562E-6	
35,40000000E-3	-20,49842122E-6	
36,00000000E-3	-19,80933089E-6	
36,60000000E-3	-19,06547859E-6	
37,20000000E-3	-18,41712889E-6	
37,70000000E-3	-17,74119783E-6	
38,30000000E-3	-17,02003790E-6	
38,80000000E-3	-16,33378860E-6	
39,40000000E-3	-15,67006311E-6	
40,20000000E-3	-14,99838826E-6	
40,80000000E-3	-14,34579515E-6	
41,40000000E-3	-13,72631053E-6	
42,00000000E-3	-13,02448092E-6	
42,50000000E-3	-12,32633031E-6	
43,10000000E-3	-11,68415990E-6	
43,70000000E-3	-11,02441231E-6	
44,20000000E-3	-10,36040811E-6	
44,80000000E-3	-9,70646387E-6	
45,40000000E-3	-9,10723332E-6	
45,90000000E-3	-8,48244018E-6	
46,50000000E-3	-7,89619744E-6	
47,10000000E-3	-7,34930544E-6	
47,80000000E-3	-6,78632322E-6	
48,50000000E-3	-6,21196362E-6	
49,10000000E-3	-5,57773434E-6	
49,30000000E-3	-4,94329119E-6	
50,10000000E-3	-4,31849696E-6	
50,80000000E-3	-3,68457047E-6	
51,30000000E-3	-3,08035543E-6	
51,90000000E-3	-2,42488756E-6	
52,50000000E-3	-1,82321300E-6	
53,10000000E-3	-1,25185706E-6	
53,90000000E-3	-667,29624789E-9	
54,50000000E-3	-145,56004500E-9	
55,10000000E-3	378,30674224E-9	
55,60000000E-3	871,53894579E-9	
56,20000000E-3	1,37876185E-6	
56,80000000E-3	1,90571669E-6	
57,30000000E-3	2,43716729E-6	
57,90000000E-3	2,87495527E-6	
58,40000000E-3	3,35560017E-6	
59,20000000E-3	3,73159936E-6	
59,70000000E-3	4,10592795E-6	
60,60000000E-3	4,54225441E-6	
60,90000000E-3	4,90611909E-6	
61,40000000E-3	5,26398448E-6	
62,00000000E-3	5,57463119E-6	
62,90000000E-3	5,88450366E-6	
63,50000000E-3	6,17790328E-6	
64,00000000E-3	6,49336258E-6	
64,30000000E-3	6,76358130E-6	
65,20000000E-3	7,01546148E-6	
65,80000000E-3	7,25469739E-6	
66,30000000E-3	7,47716362E-6	
66,90000000E-3	7,66171368E-6	
67,50000000E-3	7,87806285E-6	
68,10000000E-3	8,12567617E-6	
68,90000000E-3	8,33592856E-6	
69,50000000E-3	8,51302326E-6	
70,10000000E-3	8,72344540E-6	
70,40000000E-3	8,90166184E-6	
71,20000000E-3	9,10079433E-6	
71,80000000E-3	9,26541377E-6	
72,30000000E-3	9,43319530E-6	
72,90000000E-3	9,61795676E-6	
73,50000000E-3	9,75496166E-6	
74,20000000E-3	9,88382488E-6	
74,90000000E-3	9,99628427E-6	
75,50000000E-3	10,13013582E-6	
76,00000000E-3	10,23989867E-6	
76,60000000E-3	10,35984679E-6	
77,40000000E-3	10,46893421E-6	
77,70000000E-3	10,58089495E-6	
78,30000000E-3	10,66997115E-6	
78,90000000E-3	10,74052758E-6	
79,50000000E-3	10,78567255E-6	
80,30000000E-3	10,84049817E-6	
80,60000000E-3	10,87260140E-6	
81,20000000E-3	10,92317237E-6	
81,80000000E-3	10,96186224E-6	
82,70000000E-3	10,98659157E-6	
83,00000000E-3	11,01013499E-6	
83,60000000E-3	11,03225168E-6	
84,10000000E-3	11,05192203E-6	
85,00000000E-3	11,05167223E-6	
85,60000000E-3	11,05225977E-6	
86,10000000E-3	11,04573964E-6	
86,70000000E-3	11,01910708E-6	
87,30000000E-3	10,97551365E-6	
88,00000000E-3	10,94184576E-6	
88,70000000E-3	10,95579700E-6	
89,30000000E-3	10,94034166E-6	
89,80000000E-3	10,88029353E-6	
90,10000000E-3	10,84763853E-6	
90,40000000E-3	10,82025104E-6	
91,80000000E-3	10,78712417E-6	
92,40000000E-3	10,74073128E-6	
93,00000000E-3	10,71057243E-6	
93,50000000E-3	10,71044981E-6	
94,10000000E-3	10,68667210E-6	
94,60000000E-3	10,65950391E-6	
95,20000000E-3	10,64940376E-6	
95,70000000E-3	10,61733114E-6	
96,30000000E-3	10,60480515E-6	
96,90000000E-3	10,59383919E-6	
97,60000000E-3	10,62235805E-6	
98,30000000E-3	10,61243226E-6	
98,90000000E-3	10,61774483E-6	
99,20000000E-3	10,61283330E-6	
100,10000000E-3	10,61750757E-6	
100,70000000E-3	10,60471875E-6	
101,20000000E-3	10,57364273E-6	
101,80000000E-3	10,59763425E-6	
102,40000000E-3	10,59636783E-6	
102,90000000E-3	10,59381394E-6	
103,50000000E-3	10,57427324E-6	
104,10000000E-3	10,58230892E-6	
104,60000000E-3	10,56740665E-6	
105,20000000E-3	10,54908075E-6	
105,50000000E-3	10,54992974E-6	
106,40000000E-3	10,53789013E-6	
107,10000000E-3	10,51871381E-6	
107,70000000E-3	10,47771863E-6	
108,40000000E-3	10,45782296E-6	
109,10000000E-3	10,42284766E-6	
109,70000000E-3	10,42290470E-6	
110,30000000E-3	10,38325187E-6	
110,90000000E-3	10,35978159E-6	
111,50000000E-3	10,33017566E-6	
112,30000000E-3	10,30456783E-6	
112,50000000E-3	10,29324371E-6	
113,10000000E-3	10,28448017E-6	
113,70000000E-3	10,26974314E-6	
114,40000000E-3	10,28028643E-6	
115,10000000E-3	10,87548053E-6	
115,40000000E-3	10,12092443E-6	
116,20000000E-3	10,12840159E-6	
116,90000000E-3	10,13992867E-6	
117,40000000E-3	10,12155643E-6	
118,00000000E-3	10,10388624E-6	
118,60000000E-3	10,12764003E-6	
119,10000000E-3	10,11314673E-6	
119,70000000E-3	10,07787824E-6	
119,70000000E-3	10,05460030E-6	
121,00000000E-3	10,03730366E-6	
121,60000000E-3	9,97911247E-6	
122,20000000E-3	9,93971012E-6	
122,50000000E-3	9,88712457E-6	
123,30000000E-3	9,88965553E-6	
123,90000000E-3	9,88395209E-6	
124,50000000E-3	9,88434190E-6	
125,00000000E-3	9,84994029E-6	
125,60000000E-3	9,80352559E-6	
126,30000000E-3	9,79238454E-6	
127,00000000E-3	9,76169440E-6	
127,00000000E-3	9,74086390E-6	
128,20000000E-3	9,74594804E-6	
128,80000000E-3	9,71706585E-6	
129,30000000E-3	9,67916448E-6	
129,80000000E-3	9,66867062E-6	
130,70000000E-3	9,65840141E-6	
131,00000000E-3	9,63843745E-6	
131,60000000E-3	9,64635792E-6	
132,10000000E-3	9,62593650E-6	
133,00000000E-3	9,62481737E-6	
133,50000000E-3	9,61193319E-6	
134,10000000E-3	9,57932029E-6	
134,70000000E-3	9,54752801E-6	
135,10000000E-3	9,52895056E-6	
135,90000000E-3	9,47920060E-6	
136,40000000E-3	9,49274491E-6	
137,00000000E-3	9,48227161E-6	
137,30000000E-3	9,45216495E-6	
138,40000000E-3	9,40583580E-6	
138,70000000E-3	9,38354665E-6	
139,30000000E-3	9,34681273E-6	
139,90000000E-3	9,32073968E-6	
140,70000000E-3	9,29799337E-6	
141,30000000E-3	9,27121151E-6	
141,80000000E-3	9,27402431E-6	
142,40000000E-3	9,22701922E-6	
143,00000000E-3	9,18288618E-6	
143,50000000E-3	9,17355136E-6	
144,20000000E-3	9,17675404E-6	
144,40000000E-3	9,12258431E-6	
145,50000000E-3	9,10882679E-6	
146,10000000E-3	9,09955456E-6	
146,70000000E-3	9,08083201E-6	
147,30000000E-3	9,02332122E-6	
147,90000000E-3	9,00855139E-6	
148,40000000E-3	8,98271391E-6	
149,30000000E-3	8,94985021E-6	
149,80000000E-3	8,92885298E-6	
150,40000000E-3	8,93330823E-6	
150,80000000E-3	8,90008033E-6	
151,50000000E-3	8,87040122E-6	
152,10000000E-3	8,84631884E-6	
152,90000000E-3	8,82202184E-6	
153,50000000E-3	8,83225094E-6	
154,10000000E-3	8,79788965E-6	
154,60000000E-3	8,77979371E-6	
155,20000000E-3	8,75683450E-6	
155,80000000E-3	8,74354984E-6	
156,30000000E-3	8,71729586E-6	
156,90000000E-3	8,69676112E-6	
157,50000000E-3	8,69801325E-6	
158,20000000E-3	8,66797715E-6	
158,60000000E-3	8,63596765E-6	
159,20000000E-3	8,62299925E-6	
159,80000000E-3	8,60491679E-6	
160,40000000E-3	8,57491228E-6	
161,10000000E-3	8,56574917E-6	
161,80000000E-3	8,51079673E-6	
162,10000000E-3	8,49994207E-6	
162,70000000E-3	8,50515022E-6	
163,30000000E-3	8,47780440E-6	
164,10000000E-3	8,47051118E-6	
164,60000000E-3	8,43403769E-6	
165,20000000E-3	8,40301965E-6	
165,80000000E-3	8,36344587E-6	
166,30000000E-3	8,32773406E-6	
167,10000000E-3	8,31091361E-6	
167,80000000E-3	8,28156335E-6	
168,40000000E-3	8,26840911E-6	
169,00000000E-3	8,24440145E-6	
169,50000000E-3	8,23706954E-6	
170,10000000E-3	8,21125175E-6	
170,80000000E-3	8,17715023E-6	
171,30000000E-3	8,17197529E-6	
171,90000000E-3	8,17080361E-6	
172,50000000E-3	8,14017479E-6	
173,00000000E-3	8,10810501E-6	
173,80000000E-3	8,08698861E-6	
174,40000000E-3	8,07469250E-6	
175,00000000E-3	8,07949490E-6	
175,60000000E-3	8,05627221E-6	
176,10000000E-3	8,02957018E-6	
176,70000000E-3	8,02530729E-6	
177,30000000E-3	8,01678435E-6	
177,80000000E-3	7,99684287E-6	
178,40000000E-3	7,94912251E-6	
178,70000000E-3	7,92910461E-6	
179,60000000E-3	7,91526992E-6	
180,20000000E-3	7,89653684E-6	
180,80000000E-3	7,89717292E-6	
181,40000000E-3	7,89454941E-6	
181,70000000E-3	7,88846619E-6	
181,70000000E-3	7,89163794E-6	
183,30000000E-3	7,89459888E-6	
183,90000000E-3	7,87923935E-6	
184,50000000E-3	7,87346943E-6	
185,00000000E-3	7,86784786E-6	
185,60000000E-3	7,84964102E-6	
186,20000000E-3	7,83612674E-6	
186,80000000E-3	7,80758209E-6	
187,60000000E-3	7,81169214E-6	
188,20000000E-3	7,78534482E-6	
188,80000000E-3	7,78121922E-6	
189,40000000E-3	7,76926378E-6	
189,90000000E-3	7,75926793E-6	
190,50000000E-3	7,72985152E-6	
191,10000000E-3	7,74764261E-6	
192,00000000E-3	7,72368901E-6	
192,50000000E-3	7,72117938E-6	
192,80000000E-3	7,71980936E-6	
193,50000000E-3	7,70046491E-6	
194,20000000E-3	7,67910739E-6	
194,80000000E-3	7,69178177E-6	
195,30000000E-3	7,66182526E-6	
195,90000000E-3	7,64997086E-6	
195,90000000E-3	7,65400729E-6	
197,20000000E-3	7,63088411E-6	
197,70000000E-3	7,61115272E-6	
198,30000000E-3	7,60589220E-6	
198,30000000E-3	7,58506378E-6	
199,50000000E-3	7,57271210E-6	
200,00000000E-3	7,55141983E-6	
