-200,00000000E-3	9,02078154E-6	
-200,00000000E-3	8,98721401E-6	
-200,00000000E-3	8,97970557E-6	
-199,90000000E-3	9,00370922E-6	
-199,70000000E-3	8,99782875E-6	
-199,40000000E-3	9,01279153E-6	
-199,10000000E-3	9,07521504E-6	
-198,70000000E-3	9,07299447E-6	
-198,30000000E-3	9,09401810E-6	
-197,70000000E-3	9,12820410E-6	
-197,20000000E-3	9,17750945E-6	
-197,00000000E-3	9,21780819E-6	
-196,50000000E-3	9,27986120E-6	
-195,80000000E-3	9,33394008E-6	
-195,30000000E-3	9,34552174E-6	
-194,70000000E-3	9,41191136E-6	
-194,20000000E-3	9,46093479E-6	
-193,70000000E-3	9,49197349E-6	
-193,10000000E-3	9,53685231E-6	
-192,40000000E-3	9,55720331E-6	
-191,80000000E-3	9,59417256E-6	
-191,20000000E-3	9,60597081E-6	
-190,60000000E-3	9,63964511E-6	
-190,10000000E-3	9,70684262E-6	
-189,50000000E-3	9,72699606E-6	
-188,70000000E-3	9,78508738E-6	
-188,10000000E-3	9,83640982E-6	
-187,50000000E-3	9,88748791E-6	
-187,20000000E-3	9,87689041E-6	
-186,70000000E-3	9,94355949E-6	
-185,80000000E-3	9,98456311E-6	
-185,30000000E-3	10,02139221E-6	
-184,70000000E-3	10,09646911E-6	
-184,10000000E-3	10,12124739E-6	
-183,50000000E-3	10,15139346E-6	
-183,00000000E-3	10,18395976E-6	
-182,40000000E-3	10,18660318E-6	
-181,80000000E-3	10,23953473E-6	
-181,30000000E-3	10,23790440E-6	
-180,70000000E-3	10,25765515E-6	
-179,90000000E-3	10,32233313E-6	
-179,30000000E-3	10,35702452E-6	
-178,70000000E-3	10,38917756E-6	
-178,10000000E-3	10,43603136E-6	
-177,60000000E-3	10,45057859E-6	
-177,00000000E-3	10,47781033E-6	
-176,40000000E-3	10,49795082E-6	
-175,80000000E-3	10,54395374E-6	
-175,20000000E-3	10,57093708E-6	
-174,70000000E-3	10,62133559E-6	
-174,10000000E-3	10,63207473E-6	
-173,30000000E-3	10,66501926E-6	
-172,70000000E-3	10,68669234E-6	
-172,10000000E-3	10,70066181E-6	
-171,50000000E-3	10,71009927E-6	
-171,00000000E-3	10,75031971E-6	
-170,40000000E-3	10,81720017E-6	
-169,50000000E-3	10,86888891E-6	
-169,20000000E-3	10,87590260E-6	
-168,60000000E-3	10,91438202E-6	
-168,10000000E-3	10,92732810E-6	
-167,20000000E-3	10,98528548E-6	
-166,60000000E-3	11,03245521E-6	
-166,10000000E-3	11,05216529E-6	
-165,50000000E-3	11,08006539E-6	
-164,90000000E-3	11,15251583E-6	
-164,30000000E-3	11,13587573E-6	
-163,80000000E-3	11,25131266E-6	
-163,20000000E-3	11,29027385E-6	
-162,60000000E-3	11,33659627E-6	
-162,00000000E-3	11,35575631E-6	
-161,40000000E-3	11,38897129E-6	
-160,80000000E-3	11,45351249E-6	
-160,00000000E-3	11,47750498E-6	
-159,40000000E-3	11,51267485E-6	
-158,80000000E-3	11,50398417E-6	
-158,20000000E-3	11,55964927E-6	
-157,70000000E-3	11,59924928E-6	
-157,10000000E-3	11,64407802E-6	
-156,50000000E-3	11,66377266E-6	
-155,90000000E-3	11,68349781E-6	
-155,40000000E-3	11,68598031E-6	
-154,80000000E-3	11,70250575E-6	
-154,30000000E-3	11,72336159E-6	
-153,70000000E-3	11,75512652E-6	
-153,10000000E-3	11,75973291E-6	
-152,50000000E-3	11,76577692E-6	
-151,80000000E-3	11,76825637E-6	
-151,10000000E-3	11,78419166E-6	
-150,50000000E-3	11,78277062E-6	
-149,90000000E-3	11,83116984E-6	
-149,40000000E-3	11,85258994E-6	
-148,80000000E-3	11,88162486E-6	
-148,20000000E-3	11,95459715E-6	
-147,40000000E-3	11,99513136E-6	
-146,80000000E-3	12,02084894E-6	
-146,20000000E-3	12,08696322E-6	
-145,70000000E-3	12,13643947E-6	
-145,10000000E-3	12,18351094E-6	
-144,50000000E-3	12,21532962E-6	
-143,60000000E-3	12,28194709E-6	
-143,30000000E-3	12,35649520E-6	
-142,80000000E-3	12,40569220E-6	
-142,20000000E-3	12,46756977E-6	
-141,40000000E-3	12,53512712E-6	
-140,70000000E-3	12,59521331E-6	
-140,20000000E-3	12,64142491E-6	
-139,60000000E-3	12,69659848E-6	
-139,00000000E-3	12,78101167E-6	
-138,40000000E-3	12,85239575E-6	
-137,80000000E-3	12,91301381E-6	
-137,30000000E-3	12,96578448E-6	
-136,70000000E-3	13,00398015E-6	
-136,20000000E-3	13,02652824E-6	
-135,60000000E-3	13,08662162E-6	
-135,00000000E-3	13,12036072E-6	
-134,40000000E-3	13,15907822E-6	
-133,90000000E-3	13,17667280E-6	
-133,30000000E-3	13,17716765E-6	
-132,40000000E-3	13,17051955E-6	
-131,80000000E-3	13,17085646E-6	
-131,30000000E-3	13,16318346E-6	
-130,70000000E-3	13,17124601E-6	
-130,10000000E-3	13,16284186E-6	
-129,60000000E-3	13,19727235E-6	
-129,00000000E-3	13,27439934E-6	
-128,10000000E-3	13,32906735E-6	
-127,60000000E-3	13,40606069E-6	
-127,30000000E-3	13,46185880E-6	
-126,70000000E-3	13,50435430E-6	
-125,80000000E-3	13,58197225E-6	
-125,30000000E-3	13,64220210E-6	
-124,70000000E-3	13,68202183E-6	
-124,10000000E-3	13,79377651E-6	
-123,60000000E-3	13,81200776E-6	
-122,90000000E-3	13,81918121E-6	
-122,10000000E-3	13,85153481E-6	
-121,60000000E-3	13,90402784E-6	
-121,00000000E-3	13,95982064E-6	
-120,40000000E-3	13,97285526E-6	
-119,80000000E-3	13,97819597E-6	
-119,20000000E-3	14,04695889E-6	
-118,70000000E-3	14,10657817E-6	
-118,10000000E-3	14,16378610E-6	
-117,60000000E-3	14,27688517E-6	
-117,00000000E-3	14,37074662E-6	
-116,40000000E-3	14,43550186E-6	
-115,80000000E-3	14,49167982E-6	
-115,20000000E-3	14,54865751E-6	
-114,70000000E-3	14,59207332E-6	
-114,10000000E-3	14,61815946E-6	
-113,20000000E-3	14,64796989E-6	
-112,70000000E-3	14,73968751E-6	
-112,00000000E-3	14,76118735E-6	
-111,50000000E-3	14,82028997E-6	
-110,90000000E-3	14,84848543E-6	
-110,30000000E-3	14,93973602E-6	
-109,70000000E-3	14,96059662E-6	
-109,20000000E-3	14,99412306E-6	
-108,70000000E-3	14,99822271E-6	
-107,80000000E-3	15,04884797E-6	
-107,20000000E-3	15,09310434E-6	
-106,70000000E-3	15,14785820E-6	
-106,20000000E-3	15,23560710E-6	
-105,60000000E-3	15,30774356E-6	
-104,70000000E-3	15,42168223E-6	
-104,20000000E-3	15,48786709E-6	
-103,90000000E-3	15,53821891E-6	
-103,30000000E-3	15,59779706E-6	
-102,40000000E-3	15,60919533E-6	
-101,80000000E-3	15,66019219E-6	
-101,30000000E-3	15,65640214E-6	
-100,70000000E-3	15,66556505E-6	
-100,10000000E-3	15,67206866E-6	
-99,50000000E-3	15,78940956E-6	
-99,00000000E-3	15,86116718E-6	
-98,40000000E-3	15,93063560E-6	
-97,80000000E-3	15,90924416E-6	
-97,20000000E-3	15,93737229E-6	
-96,50000000E-3	15,96427499E-6	
-96,10000000E-3	15,97984308E-6	
-95,50000000E-3	15,98941761E-6	
-95,00000000E-3	15,97583003E-6	
-94,10000000E-3	16,03425459E-6	
-93,40000000E-3	16,00760784E-6	
-93,10000000E-3	15,94856163E-6	
-92,20000000E-3	16,00545578E-6	
-91,70000000E-3	15,90225902E-6	
-91,10000000E-3	15,87296705E-6	
-90,60000000E-3	15,81074559E-6	
-89,70000000E-3	15,75978626E-6	
-89,20000000E-3	15,67520571E-6	
-88,60000000E-3	15,54264159E-6	
-88,10000000E-3	15,45668331E-6	
-87,40000000E-3	15,33175812E-6	
-87,00000000E-3	15,15372376E-6	
-86,40000000E-3	14,93203205E-6	
-85,70000000E-3	14,70737261E-6	
-85,10000000E-3	14,53052910E-6	
-84,50000000E-3	14,45603308E-6	
-83,90000000E-3	14,42203198E-6	
-83,30000000E-3	14,30354302E-6	
-82,60000000E-3	14,16990271E-6	
-82,00000000E-3	14,02518996E-6	
-81,40000000E-3	13,82549987E-6	
-80,60000000E-3	13,71325580E-6	
-80,40000000E-3	13,59918169E-6	
-79,80000000E-3	13,38070364E-6	
-79,00000000E-3	13,23769673E-6	
-78,40000000E-3	13,12182335E-6	
-77,90000000E-3	13,00381720E-6	
-77,30000000E-3	12,81099812E-6	
-76,70000000E-3	12,63514698E-6	
-76,20000000E-3	12,51260733E-6	
-75,70000000E-3	12,32023445E-6	
-74,80000000E-3	12,08966212E-6	
-74,20000000E-3	11,86198371E-6	
-73,70000000E-3	11,61210595E-6	
-73,20000000E-3	11,31999353E-6	
-72,40000000E-3	11,04742415E-6	
-71,70000000E-3	10,82802902E-6	
-71,20000000E-3	10,66372899E-6	
-70,70000000E-3	10,34160752E-6	
-69,90000000E-3	10,12426346E-6	
-69,30000000E-3	9,89286773E-6	
-69,00000000E-3	9,69118642E-6	
-68,30000000E-3	9,49827158E-6	
-67,60000000E-3	9,23276540E-6	
-67,10000000E-3	8,85534374E-6	
-66,50000000E-3	8,46190505E-6	
-65,80000000E-3	7,94632695E-6	
-65,10000000E-3	7,51735737E-6	
-64,60000000E-3	7,13610323E-6	
-64,00000000E-3	6,85664241E-6	
-63,50000000E-3	6,59078745E-6	
-62,90000000E-3	6,16193888E-6	
-62,40000000E-3	5,72108330E-6	
-61,50000000E-3	5,28830661E-6	
-61,00000000E-3	4,86140573E-6	
-60,70000000E-3	4,42762533E-6	
-59,90000000E-3	3,94843014E-6	
-59,40000000E-3	3,50851575E-6	
-58,80000000E-3	3,04177884E-6	
-58,30000000E-3	2,36338038E-6	
-57,40000000E-3	1,66713718E-6	
-56,90000000E-3	1,01405629E-6	
-56,30000000E-3	286,26866929E-9	
-55,80000000E-3	-433,89945468E-9	
-55,00000000E-3	-1,12033748E-6	
-54,40000000E-3	-1,79077411E-6	
-53,80000000E-3	-2,43083548E-6	
-53,40000000E-3	-3,04995400E-6	
-52,60000000E-3	-3,89708735E-6	
-52,20000000E-3	-4,67678766E-6	
-51,60000000E-3	-5,50862419E-6	
-50,90000000E-3	-6,36101805E-6	
-50,30000000E-3	-7,24208100E-6	
-49,70000000E-3	-8,07128326E-6	
-49,10000000E-3	-9,04684717E-6	
-48,40000000E-3	-9,82740971E-6	
-47,80000000E-3	-10,65823849E-6	
-47,20000000E-3	-11,40215393E-6	
-46,70000000E-3	-12,07765271E-6	
-45,90000000E-3	-12,97861374E-6	
-45,30000000E-3	-13,84654535E-6	
-44,70000000E-3	-14,70296357E-6	
-44,20000000E-3	-15,70112609E-6	
-43,40000000E-3	-16,74206265E-6	
-42,80000000E-3	-17,88044965E-6	
-42,20000000E-3	-19,04443942E-6	
-41,70000000E-3	-20,04417055E-6	
-41,10000000E-3	-20,98319505E-6	
-40,50000000E-3	-21,92828787E-6	
-40,00000000E-3	-22,96657889E-6	
-39,20000000E-3	-24,07352979E-6	
-38,60000000E-3	-25,05559780E-6	
-38,40000000E-3	-26,05686650E-6	
-37,70000000E-3	-27,09702233E-6	
-37,00000000E-3	-27,99108752E-6	
-36,40000000E-3	-28,96395889E-6	
-35,90000000E-3	-29,91872234E-6	
-35,20000000E-3	-30,88429192E-6	
-34,70000000E-3	-31,77642693E-6	
-34,20000000E-3	-32,73296693E-6	
-33,50000000E-3	-33,78599164E-6	
-32,80000000E-3	-34,64753754E-6	
-32,20000000E-3	-35,70434979E-6	
-31,70000000E-3	-36,65850863E-6	
-31,00000000E-3	-37,59852974E-6	
-30,30000000E-3	-38,35572023E-6	
-29,80000000E-3	-39,24507412E-6	
-29,20000000E-3	-40,14756950E-6	
-28,40000000E-3	-40,78658465E-6	
-28,10000000E-3	-41,70224423E-6	
-27,60000000E-3	-42,71320801E-6	
-26,70000000E-3	-43,82066957E-6	
-26,20000000E-3	-44,57301869E-6	
-25,60000000E-3	-45,54989646E-6	
-25,10000000E-3	-46,47879274E-6	
-24,20000000E-3	-47,41642936E-6	
-23,70000000E-3	-48,17132308E-6	
-23,10000000E-3	-48,89932633E-6	
-22,60000000E-3	-49,56400921E-6	
-22,00000000E-3	-50,40742767E-6	
-21,50000000E-3	-51,10391128E-6	
-20,90000000E-3	-51,64493561E-6	
-20,20000000E-3	-52,23064999E-6	
-19,80000000E-3	-52,73851489E-6	
-19,30000000E-3	-53,31871635E-6	
-18,60000000E-3	-53,84457594E-6	
-17,90000000E-3	-54,52344475E-6	
-17,40000000E-3	-55,28691222E-6	
-16,80000000E-3	-55,98886297E-6	
-16,10000000E-3	-56,48265406E-6	
-15,40000000E-3	-57,00546693E-6	
-14,90000000E-3	-57,57292581E-6	
-14,30000000E-3	-58,11604838E-6	
-13,60000000E-3	-58,46183338E-6	
-13,20000000E-3	-58,64784195E-6	
-12,70000000E-3	-58,92355608E-6	
-11,80000000E-3	-58,99710691E-6	
-11,30000000E-3	-59,19815194E-6	
-10,70000000E-3	-59,51713044E-6	
-10,20000000E-3	-59,74073149E-6	
-9,30000000E-3	-59,98637674E-6	
-8,80000000E-3	-60,28786203E-6	
-8,20000000E-3	-60,34210366E-6	
-7,70000000E-3	-60,59676421E-6	
-6,90000000E-3	-60,64912785E-6	
-6,30000000E-3	-60,64305243E-6	
-5,70000000E-3	-60,78284209E-6	
-5,20000000E-3	-60,84947150E-6	
-4,50000000E-3	-60,96847946E-6	
-4,10000000E-3	-60,74403426E-6	
-3,50000000E-3	-60,85424855E-6	
-2,80000000E-3	-60,95227768E-6	
-2,10000000E-3	-60,90080404E-6	
-1,50000000E-3	-60,94115681E-6	
-1,10000000E-3	-60,88432862E-6	
-400,00000000E-6	-60,95389313E-6	
200,00000000E-6	-60,70026985E-6	
800,00000000E-6	-60,48455797E-6	
1,40000000E-3	-60,27749853E-6	
2,20000000E-3	-60,21225230E-6	
2,70000000E-3	-60,05406166E-6	
3,30000000E-3	-59,76201844E-6	
3,90000000E-3	-59,38412234E-6	
4,60000000E-3	-59,07999380E-6	
5,20000000E-3	-58,84991352E-6	
5,70000000E-3	-58,60308087E-6	
6,30000000E-3	-58,52793303E-6	
6,90000000E-3	-58,15240320E-6	
7,40000000E-3	-57,64407883E-6	
8,20000000E-3	-57,05434421E-6	
8,80000000E-3	-56,70446060E-6	
9,40000000E-3	-56,29611719E-6	
9,90000000E-3	-55,79247383E-6	
10,70000000E-3	-55,43853271E-6	
11,30000000E-3	-54,77535462E-6	
11,90000000E-3	-54,27478102E-6	
12,10000000E-3	-53,89680500E-6	
13,00000000E-3	-53,27848737E-6	
13,50000000E-3	-52,74955185E-6	
14,40000000E-3	-52,19218843E-6	
14,90000000E-3	-51,39486478E-6	
15,50000000E-3	-50,69772686E-6	
15,90000000E-3	-49,82978464E-6	
16,60000000E-3	-48,96562727E-6	
17,20000000E-3	-48,29950579E-6	
17,70000000E-3	-47,62953424E-6	
18,30000000E-3	-46,89064843E-6	
18,80000000E-3	-46,12120517E-6	
19,40000000E-3	-45,44915494E-6	
20,00000000E-3	-44,65882856E-6	
20,50000000E-3	-43,95483938E-6	
21,40000000E-3	-43,15293268E-6	
22,00000000E-3	-42,23947420E-6	
22,60000000E-3	-41,40297807E-6	
23,10000000E-3	-40,67501859E-6	
23,70000000E-3	-39,81759154E-6	
24,20000000E-3	-38,87203373E-6	
24,80000000E-3	-37,96342859E-6	
25,40000000E-3	-37,05611405E-6	
26,00000000E-3	-36,12877065E-6	
26,20000000E-3	-35,27913775E-6	
27,20000000E-3	-34,35761314E-6	
27,80000000E-3	-33,46324672E-6	
28,30000000E-3	-32,55839660E-6	
28,90000000E-3	-31,57620116E-6	
29,80000000E-3	-30,59449154E-6	
30,40000000E-3	-29,52530108E-6	
30,60000000E-3	-28,47314450E-6	
31,20000000E-3	-27,50840310E-6	
32,10000000E-3	-26,60559780E-6	
32,60000000E-3	-25,72262128E-6	
33,20000000E-3	-24,89117825E-6	
33,70000000E-3	-23,97967313E-6	
34,30000000E-3	-23,21305916E-6	
35,20000000E-3	-22,38683340E-6	
35,80000000E-3	-21,60065911E-6	
36,00000000E-3	-20,82765307E-6	
36,30000000E-3	-20,01799373E-6	
37,50000000E-3	-19,25078085E-6	
38,10000000E-3	-18,56181674E-6	
38,70000000E-3	-17,72387038E-6	
39,20000000E-3	-16,91920219E-6	
39,80000000E-3	-16,21285836E-6	
40,50000000E-3	-15,57249378E-6	
41,20000000E-3	-14,75509350E-6	
41,80000000E-3	-14,01343067E-6	
42,40000000E-3	-13,25845111E-6	
42,90000000E-3	-12,46683500E-6	
43,50000000E-3	-11,77230119E-6	
44,10000000E-3	-10,91565998E-6	
44,60000000E-3	-10,23825307E-6	
45,20000000E-3	-9,58933839E-6	
45,90000000E-3	-8,95688596E-6	
46,60000000E-3	-8,29131945E-6	
47,20000000E-3	-7,74849070E-6	
47,80000000E-3	-7,18178199E-6	
48,40000000E-3	-6,61865480E-6	
48,90000000E-3	-6,01551266E-6	
49,70000000E-3	-5,21269576E-6	
50,00000000E-3	-4,39398107E-6	
50,60000000E-3	-3,77350006E-6	
51,30000000E-3	-3,07791684E-6	
52,00000000E-3	-2,34694633E-6	
52,60000000E-3	-1,66040756E-6	
53,10000000E-3	-1,09088411E-6	
53,40000000E-3	-440,04138648E-9	
54,30000000E-3	142,22557072E-9	
54,90000000E-3	606,84260226E-9	
55,40000000E-3	1,13523517E-6	
56,00000000E-3	1,65495025E-6	
56,60000000E-3	2,23336816E-6	
57,20000000E-3	2,78734910E-6	
57,80000000E-3	3,33880582E-6	
58,30000000E-3	3,89989716E-6	
59,10000000E-3	4,33413692E-6	
59,70000000E-3	4,73004771E-6	
60,30000000E-3	5,11888498E-6	
60,90000000E-3	5,52621789E-6	
61,40000000E-3	5,85218924E-6	
62,10000000E-3	6,10746508E-6	
62,60000000E-3	6,61624028E-6	
63,10000000E-3	6,92894360E-6	
63,70000000E-3	7,20391230E-6	
64,60000000E-3	7,45170339E-6	
65,10000000E-3	7,77212101E-6	
65,70000000E-3	7,97165934E-6	
66,30000000E-3	8,20744567E-6	
66,80000000E-3	8,33340336E-6	
67,60000000E-3	8,50538307E-6	
68,30000000E-3	8,70342461E-6	
68,90000000E-3	8,93443458E-6	
69,40000000E-3	9,11584098E-6	
70,00000000E-3	9,22514627E-6	
70,50000000E-3	9,41787177E-6	
71,10000000E-3	9,58565324E-6	
71,60000000E-3	9,76069451E-6	
72,20000000E-3	10,00708226E-6	
73,00000000E-3	10,09047199E-6	
73,60000000E-3	10,17674979E-6	
74,20000000E-3	10,26237439E-6	
74,50000000E-3	10,40017257E-6	
75,20000000E-3	10,50253843E-6	
75,90000000E-3	10,60397263E-6	
76,50000000E-3	10,66480519E-6	
77,00000000E-3	10,81436462E-6	
77,50000000E-3	10,92730196E-6	
78,20000000E-3	10,96903880E-6	
78,80000000E-3	11,08975431E-6	
79,40000000E-3	11,17890043E-6	
80,00000000E-3	11,18710180E-6	
80,50000000E-3	11,15700229E-6	
81,40000000E-3	11,18698746E-6	
81,90000000E-3	11,21026527E-6	
82,50000000E-3	11,23968650E-6	
83,10000000E-3	11,18712338E-6	
83,60000000E-3	11,24994174E-6	
84,40000000E-3	11,19978479E-6	
84,80000000E-3	11,20435324E-6	
85,30000000E-3	11,22683241E-6	
85,90000000E-3	11,16070901E-6	
86,70000000E-3	11,07820498E-6	
87,10000000E-3	11,00601972E-6	
87,70000000E-3	10,93758669E-6	
88,30000000E-3	10,88951237E-6	
89,10000000E-3	10,89773233E-6	
89,70000000E-3	10,87057309E-6	
90,20000000E-3	10,75480674E-6	
90,80000000E-3	10,69133741E-6	
91,40000000E-3	10,60660165E-6	
91,70000000E-3	10,57268594E-6	
92,70000000E-3	10,51951721E-6	
93,20000000E-3	10,46171555E-6	
93,80000000E-3	10,45252509E-6	
94,40000000E-3	10,33095560E-6	
94,70000000E-3	10,29715869E-6	
95,60000000E-3	10,17559660E-6	
96,30000000E-3	10,12295423E-6	
96,80000000E-3	10,26514178E-6	
97,40000000E-3	10,21353445E-6	
98,20000000E-3	10,14981888E-6	
98,80000000E-3	10,20861511E-6	
99,40000000E-3	10,20293612E-6	
99,90000000E-3	10,22402150E-6	
100,50000000E-3	10,23344900E-6	
101,10000000E-3	10,16515771E-6	
101,60000000E-3	10,12051120E-6	
102,20000000E-3	10,17854550E-6	
102,80000000E-3	10,21284386E-6	
103,60000000E-3	10,20623524E-6	
104,20000000E-3	10,17721606E-6	
104,80000000E-3	10,19797591E-6	
105,30000000E-3	10,19918647E-6	
105,90000000E-3	10,24319229E-6	
106,70000000E-3	10,18680969E-6	
107,00000000E-3	10,13126976E-6	
107,70000000E-3	10,07312993E-6	
108,20000000E-3	9,99483220E-6	
109,00000000E-3	9,98331125E-6	
109,60000000E-3	10,03539366E-6	
110,20000000E-3	9,94987341E-6	
110,80000000E-3	9,92067756E-6	
111,40000000E-3	9,86535581E-6	
111,90000000E-3	9,86838374E-6	
112,50000000E-3	9,82316828E-6	
113,00000000E-3	9,81931124E-6	
113,60000000E-3	9,79190992E-6	
114,20000000E-3	9,78510782E-6	
115,00000000E-3	9,77627492E-6	
115,30000000E-3	9,76736694E-6	
115,90000000E-3	9,76468212E-6	
116,50000000E-3	9,75379531E-6	
117,30000000E-3	9,74074857E-6	
117,30000000E-3	9,71152491E-6	
117,60000000E-3	9,76075142E-6	
119,10000000E-3	9,73913871E-6	
119,70000000E-3	9,74723905E-6	
120,30000000E-3	9,76230635E-6	
120,90000000E-3	9,64861145E-6	
121,40000000E-3	9,62357346E-6	
122,10000000E-3	9,59014246E-6	
122,90000000E-3	9,63165508E-6	
123,40000000E-3	9,54940585E-6	
124,00000000E-3	9,50964029E-6	
124,50000000E-3	9,50657532E-6	
125,10000000E-3	9,48295184E-6	
126,00000000E-3	9,43708589E-6	
126,50000000E-3	9,41718497E-6	
127,10000000E-3	9,41400142E-6	
127,40000000E-3	9,39876600E-6	
128,20000000E-3	9,46372772E-6	
128,80000000E-3	9,36934142E-6	
129,40000000E-3	9,32705114E-6	
129,90000000E-3	9,34423964E-6	
130,50000000E-3	9,36926724E-6	
131,20000000E-3	9,34296363E-6	
131,90000000E-3	9,42159282E-6	
132,20000000E-3	9,36421700E-6	
132,80000000E-3	9,28615200E-6	
133,60000000E-3	9,30852245E-6	
134,20000000E-3	9,28857537E-6	
134,80000000E-3	9,20158218E-6	
135,00000000E-3	9,18240813E-6	
135,90000000E-3	9,19190771E-6	
136,40000000E-3	9,16632553E-6	
137,00000000E-3	9,14366022E-6	
137,60000000E-3	9,17718979E-6	
138,10000000E-3	9,15122927E-6	
139,00000000E-3	9,06257637E-6	
139,60000000E-3	9,02228595E-6	
140,20000000E-3	9,05009462E-6	
140,70000000E-3	9,00798637E-6	
141,20000000E-3	8,96775947E-6	
141,90000000E-3	8,92740953E-6	
142,80000000E-3	8,85809796E-6	
143,30000000E-3	8,76229012E-6	
143,50000000E-3	8,80504279E-6	
144,10000000E-3	8,86166597E-6	
145,00000000E-3	8,79789068E-6	
145,60000000E-3	8,79010226E-6	
146,20000000E-3	8,75710209E-6	
146,70000000E-3	8,75060555E-6	
147,30000000E-3	8,69661772E-6	
147,90000000E-3	8,69899134E-6	
148,70000000E-3	8,66410272E-6	
149,30000000E-3	8,85503431E-6	
149,60000000E-3	8,66047266E-6	
150,10000000E-3	8,52069380E-6	
151,00000000E-3	8,50458874E-6	
151,60000000E-3	8,45616553E-6	
152,20000000E-3	8,48111707E-6	
152,70000000E-3	8,48942967E-6	
153,30000000E-3	8,44472863E-6	
153,80000000E-3	8,43093398E-6	
154,40000000E-3	8,35290773E-6	
155,00000000E-3	8,33284593E-6	
155,50000000E-3	8,47343422E-6	
156,20000000E-3	8,36694014E-6	
157,00000000E-3	8,36770405E-6	
157,60000000E-3	8,28892121E-6	
158,10000000E-3	8,22776470E-6	
158,60000000E-3	8,22299653E-6	
159,30000000E-3	8,17864268E-6	
159,80000000E-3	8,18582868E-6	
160,40000000E-3	8,12967409E-6	
161,00000000E-3	8,12707995E-6	
161,60000000E-3	8,11162845E-6	
162,40000000E-3	8,08311206E-6	
163,00000000E-3	8,07697717E-6	
163,60000000E-3	8,00718644E-6	
164,20000000E-3	8,00421765E-6	
164,70000000E-3	7,97337799E-6	
165,30000000E-3	7,94234551E-6	
166,20000000E-3	7,93988047E-6	
166,70000000E-3	7,95701523E-6	
167,00000000E-3	7,88602182E-6	
167,60000000E-3	7,86760348E-6	
168,40000000E-3	7,84053303E-6	
169,00000000E-3	7,82125933E-6	
169,30000000E-3	7,82317839E-6	
170,40000000E-3	7,79687595E-6	
170,60000000E-3	7,77840384E-6	
171,20000000E-3	7,77657796E-6	
171,90000000E-3	7,76942661E-6	
172,50000000E-3	7,79740615E-6	
173,00000000E-3	7,76588362E-6	
173,60000000E-3	7,73850696E-6	
174,10000000E-3	7,65010154E-6	
175,00000000E-3	7,66423503E-6	
175,60000000E-3	7,67241052E-6	
175,90000000E-3	7,65144380E-6	
176,40000000E-3	7,63081534E-6	
177,20000000E-3	7,70367851E-6	
177,90000000E-3	7,60428549E-6	
178,20000000E-3	7,50624680E-6	
179,30000000E-3	7,52837926E-6	
179,90000000E-3	7,49774753E-6	
180,20000000E-3	7,49479983E-6	
180,80000000E-3	7,49430596E-6	
181,60000000E-3	7,44147071E-6	
182,20000000E-3	7,47184568E-6	
182,80000000E-3	7,57034412E-6	
183,30000000E-3	7,45608056E-6	
183,90000000E-3	7,37453077E-6	
184,40000000E-3	7,54156359E-6	
185,30000000E-3	7,50965295E-6	
185,90000000E-3	7,48684375E-6	
186,20000000E-3	7,52579392E-6	
186,80000000E-3	7,51485761E-6	
187,40000000E-3	7,49137771E-6	
188,20000000E-3	7,41797131E-6	
188,70000000E-3	7,43221210E-6	
189,40000000E-3	7,48423091E-6	
189,60000000E-3	7,45787406E-6	
190,50000000E-3	7,38820400E-6	
191,10000000E-3	7,35331173E-6	
191,70000000E-3	7,41288445E-6	
192,20000000E-3	7,45653778E-6	
192,80000000E-3	7,41674278E-6	
193,40000000E-3	7,33245649E-6	
194,20000000E-3	7,35289625E-6	
194,20000000E-3	7,33646805E-6	
195,20000000E-3	7,36479541E-6	
195,90000000E-3	7,38630751E-6	
196,40000000E-3	7,32032403E-6	
197,00000000E-3	7,37024882E-6	
197,60000000E-3	7,27473974E-6	
198,10000000E-3	7,26907794E-6	
198,70000000E-3	7,22286560E-6	
199,50000000E-3	7,19454605E-6	
200,00000000E-3	7,23773157E-6	
