-200,20000000E-3	10,08338100E-6	
-200,20000000E-3	10,07768315E-6	
-200,10000000E-3	10,07771743E-6	
-199,90000000E-3	10,07428848E-6	
-199,50000000E-3	10,08188793E-6	
-199,20000000E-3	10,10443585E-6	
-199,00000000E-3	10,12316557E-6	
-198,50000000E-3	10,16377765E-6	
-197,90000000E-3	10,16469610E-6	
-197,60000000E-3	10,17982692E-6	
-197,10000000E-3	10,19148529E-6	
-196,60000000E-3	10,23254333E-6	
-196,00000000E-3	10,26147109E-6	
-195,40000000E-3	10,31728379E-6	
-195,20000000E-3	10,34157723E-6	
-194,70000000E-3	10,34920580E-6	
-193,90000000E-3	10,37184236E-6	
-193,40000000E-3	10,38779521E-6	
-192,90000000E-3	10,43852382E-6	
-192,30000000E-3	10,46889195E-6	
-191,70000000E-3	10,51225423E-6	
-190,90000000E-3	10,54285524E-6	
-190,30000000E-3	10,57936791E-6	
-189,80000000E-3	10,64209399E-6	
-189,20000000E-3	10,63518002E-6	
-188,70000000E-3	10,67243119E-6	
-188,00000000E-3	10,71160574E-6	
-187,20000000E-3	10,73452437E-6	
-186,90000000E-3	10,75373635E-6	
-186,40000000E-3	10,81116939E-6	
-185,70000000E-3	10,86562068E-6	
-185,00000000E-3	10,88840107E-6	
-184,40000000E-3	10,91401541E-6	
-183,90000000E-3	10,92966444E-6	
-183,30000000E-3	10,96129918E-6	
-182,70000000E-3	11,00633458E-6	
-182,00000000E-3	11,05500257E-6	
-181,30000000E-3	11,07179842E-6	
-181,00000000E-3	11,10465050E-6	
-180,40000000E-3	11,11306992E-6	
-179,80000000E-3	11,16197681E-6	
-179,00000000E-3	11,22143425E-6	
-178,40000000E-3	11,21462675E-6	
-178,10000000E-3	11,26753401E-6	
-177,60000000E-3	11,24606280E-6	
-176,80000000E-3	11,30104840E-6	
-176,10000000E-3	11,35175308E-6	
-175,50000000E-3	11,40191024E-6	
-174,90000000E-3	11,41205412E-6	
-174,40000000E-3	11,43423578E-6	
-173,80000000E-3	11,49524902E-6	
-173,20000000E-3	11,52279728E-6	
-172,40000000E-3	11,56583436E-6	
-171,80000000E-3	11,57059949E-6	
-171,20000000E-3	11,60262380E-6	
-170,60000000E-3	11,66898736E-6	
-170,10000000E-3	11,72366085E-6	
-169,50000000E-3	11,73204022E-6	
-168,60000000E-3	11,75802797E-6	
-168,30000000E-3	11,79662519E-6	
-167,80000000E-3	11,78820538E-6	
-167,20000000E-3	11,84546770E-6	
-166,30000000E-3	11,92782780E-6	
-165,80000000E-3	11,96853445E-6	
-165,20000000E-3	11,97143472E-6	
-164,60000000E-3	11,99244213E-6	
-164,10000000E-3	12,04924488E-6	
-163,50000000E-3	12,07379396E-6	
-162,70000000E-3	12,12475716E-6	
-162,30000000E-3	12,16527970E-6	
-161,70000000E-3	12,17518129E-6	
-161,20000000E-3	12,22271652E-6	
-160,30000000E-3	12,25362189E-6	
-159,70000000E-3	12,30966590E-6	
-159,10000000E-3	12,32360293E-6	
-158,90000000E-3	12,36307922E-6	
-158,00000000E-3	12,38920371E-6	
-157,40000000E-3	12,44842393E-6	
-156,90000000E-3	12,46027209E-6	
-156,30000000E-3	12,46748113E-6	
-155,70000000E-3	12,53474499E-6	
-155,00000000E-3	12,57701357E-6	
-154,30000000E-3	12,64833267E-6	
-153,70000000E-3	12,67121282E-6	
-153,20000000E-3	12,67168516E-6	
-152,90000000E-3	12,70152563E-6	
-152,00000000E-3	12,73486615E-6	
-151,40000000E-3	12,76732070E-6	
-150,90000000E-3	12,81353484E-6	
-150,30000000E-3	12,83455422E-6	
-149,70000000E-3	12,88241749E-6	
-149,20000000E-3	12,90810653E-6	
-148,30000000E-3	12,97540864E-6	
-147,70000000E-3	13,02332998E-6	
-147,20000000E-3	13,04659986E-6	
-146,60000000E-3	13,10171295E-6	
-146,00000000E-3	13,12711731E-6	
-145,40000000E-3	13,18229057E-6	
-144,90000000E-3	13,18472228E-6	
-144,30000000E-3	13,23798434E-6	
-143,80000000E-3	13,30062485E-6	
-142,90000000E-3	13,32075986E-6	
-142,30000000E-3	13,35594051E-6	
-141,70000000E-3	13,41518764E-6	
-141,30000000E-3	13,48535477E-6	
-140,70000000E-3	13,52158336E-6	
-140,10000000E-3	13,53010290E-6	
-139,50000000E-3	13,60134766E-6	
-138,90000000E-3	13,65720149E-6	
-138,40000000E-3	13,66774047E-6	
-137,70000000E-3	13,73709837E-6	
-136,90000000E-3	13,73700097E-6	
-136,30000000E-3	13,77265931E-6	
-136,10000000E-3	13,83064044E-6	
-135,50000000E-3	13,84939129E-6	
-134,70000000E-3	13,89872180E-6	
-134,10000000E-3	13,93269052E-6	
-133,50000000E-3	13,93543370E-6	
-132,90000000E-3	13,99650696E-6	
-132,40000000E-3	14,04181877E-6	
-131,70000000E-3	14,07265885E-6	
-130,90000000E-3	14,10722931E-6	
-130,30000000E-3	14,12481112E-6	
-130,10000000E-3	14,15457931E-6	
-129,30000000E-3	14,19153049E-6	
-128,70000000E-3	14,22024340E-6	
-128,10000000E-3	14,27184052E-6	
-127,50000000E-3	14,29974793E-6	
-127,00000000E-3	14,32559158E-6	
-126,30000000E-3	14,36691293E-6	
-125,60000000E-3	14,40722337E-6	
-125,00000000E-3	14,46339017E-6	
-124,40000000E-3	14,48964660E-6	
-124,10000000E-3	14,48090345E-6	
-123,30000000E-3	14,52446762E-6	
-122,70000000E-3	14,56603834E-6	
-122,10000000E-3	14,63762393E-6	
-121,50000000E-3	14,65738653E-6	
-121,00000000E-3	14,65775012E-6	
-120,40000000E-3	14,70068084E-6	
-119,80000000E-3	14,73048786E-6	
-119,30000000E-3	14,76795226E-6	
-118,70000000E-3	14,80889539E-6	
-117,90000000E-3	14,84138561E-6	
-117,30000000E-3	14,87396386E-6	
-116,70000000E-3	14,92008577E-6	
-116,10000000E-3	14,96912068E-6	
-115,60000000E-3	15,01800835E-6	
-115,00000000E-3	15,01956671E-6	
-114,50000000E-3	15,03857354E-6	
-113,90000000E-3	15,06401510E-6	
-113,30000000E-3	15,07499909E-6	
-112,60000000E-3	15,12512435E-6	
-111,90000000E-3	15,13188725E-6	
-111,30000000E-3	15,16398731E-6	
-110,70000000E-3	15,16908461E-6	
-110,10000000E-3	15,26389892E-6	
-109,60000000E-3	15,25648583E-6	
-108,80000000E-3	15,26790575E-6	
-108,50000000E-3	15,29673710E-6	
-107,90000000E-3	15,32152516E-6	
-107,30000000E-3	15,32068126E-6	
-106,60000000E-3	15,36065360E-6	
-105,90000000E-3	15,42086035E-6	
-105,30000000E-3	15,42936845E-6	
-105,10000000E-3	15,42454805E-6	
-104,20000000E-3	15,44886556E-6	
-103,60000000E-3	15,45082501E-6	
-103,00000000E-3	15,44928220E-6	
-102,50000000E-3	15,48184963E-6	
-101,90000000E-3	15,48473836E-6	
-101,20000000E-3	15,45317627E-6	
-100,50000000E-3	15,50742570E-6	
-100,00000000E-3	15,51575527E-6	
-99,40000000E-3	15,54024796E-6	
-98,90000000E-3	15,50920416E-6	
-98,20000000E-3	15,48999582E-6	
-97,60000000E-3	15,46861235E-6	
-97,00000000E-3	15,44443161E-6	
-96,50000000E-3	15,38282681E-6	
-96,00000000E-3	15,36251701E-6	
-95,10000000E-3	15,31506395E-6	
-94,50000000E-3	15,25070635E-6	
-94,00000000E-3	15,21475657E-6	
-93,40000000E-3	15,19113059E-6	
-92,80000000E-3	15,10131638E-6	
-92,20000000E-3	15,02725931E-6	
-91,60000000E-3	14,94478341E-6	
-91,00000000E-3	14,85672671E-6	
-90,60000000E-3	14,78641731E-6	
-89,80000000E-3	14,69919319E-6	
-89,10000000E-3	14,57956518E-6	
-88,50000000E-3	14,46217205E-6	
-87,90000000E-3	14,34576313E-6	
-87,40000000E-3	14,23954049E-6	
-86,80000000E-3	14,11440369E-6	
-86,20000000E-3	13,97658002E-6	
-85,70000000E-3	13,80650430E-6	
-85,10000000E-3	13,68152552E-6	
-84,50000000E-3	13,57567564E-6	
-83,70000000E-3	13,37379618E-6	
-83,10000000E-3	13,21134055E-6	
-82,80000000E-3	13,04890776E-6	
-82,20000000E-3	12,90565180E-6	
-81,50000000E-3	12,72421980E-6	
-80,80000000E-3	12,57087895E-6	
-80,20000000E-3	12,36425852E-6	
-79,60000000E-3	12,15750520E-6	
-79,00000000E-3	11,72352400E-6	
-78,50000000E-3	11,75384765E-6	
-77,90000000E-3	11,57689389E-6	
-77,00000000E-3	11,40179280E-6	
-76,50000000E-3	11,18077179E-6	
-75,90000000E-3	10,97153975E-6	
-75,30000000E-3	10,72063994E-6	
-74,80000000E-3	10,47337892E-6	
-74,20000000E-3	10,23589105E-6	
-73,30000000E-3	9,99101704E-6	
-72,70000000E-3	9,69746573E-6	
-72,10000000E-3	9,45322153E-6	
-71,90000000E-3	9,18980198E-6	
-71,30000000E-3	8,92266245E-6	
-70,40000000E-3	8,63432132E-6	
-69,90000000E-3	8,31983927E-6	
-69,30000000E-3	8,04519543E-6	
-68,70000000E-3	7,71582459E-6	
-68,20000000E-3	7,39822278E-6	
-67,30000000E-3	7,07169744E-6	
-67,00000000E-3	6,76324977E-6	
-66,40000000E-3	6,38874214E-6	
-65,90000000E-3	6,09801975E-6	
-65,00000000E-3	5,70548475E-6	
-64,40000000E-3	5,34503063E-6	
-64,10000000E-3	4,96998123E-6	
-63,60000000E-3	4,59928483E-6	
-62,90000000E-3	4,16178833E-6	
-62,20000000E-3	3,72141377E-6	
-61,60000000E-3	3,30494456E-6	
-61,00000000E-3	2,87678552E-6	
-60,40000000E-3	2,41089716E-6	
-59,80000000E-3	1,91882884E-6	
-59,00000000E-3	1,45555144E-6	
-58,40000000E-3	962,24731586E-9	
-57,80000000E-3	407,29868599E-9	
-57,30000000E-3	-119,91980985E-9	
-56,70000000E-3	-624,60715990E-9	
-56,10000000E-3	-1,14428668E-6	
-55,30000000E-3	-1,71419518E-6	
-55,00000000E-3	-2,21533918E-6	
-54,40000000E-3	-2,73120164E-6	
-53,90000000E-3	-3,29425331E-6	
-53,00000000E-3	-3,85346585E-6	
-52,40000000E-3	-4,45574926E-6	
-51,80000000E-3	-5,06900885E-6	
-51,20000000E-3	-5,73775586E-6	
-50,70000000E-3	-6,33382590E-6	
-50,20000000E-3	-6,91932315E-6	
-49,30000000E-3	-7,53609703E-6	
-48,70000000E-3	-8,19714567E-6	
-48,40000000E-3	-8,82250044E-6	
-47,80000000E-3	-9,45665282E-6	
-47,10000000E-3	-10,07203646E-6	
-46,40000000E-3	-10,68390504E-6	
-45,80000000E-3	-11,30248609E-6	
-45,30000000E-3	-11,96174696E-6	
-45,00000000E-3	-12,57595971E-6	
-44,10000000E-3	-13,24083912E-6	
-43,50000000E-3	-13,92157236E-6	
-42,90000000E-3	-14,61158601E-6	
-42,40000000E-3	-15,26975006E-6	
-41,80000000E-3	-15,96486806E-6	
-41,20000000E-3	-16,72237351E-6	
-40,40000000E-3	-17,38287629E-6	
-39,90000000E-3	-18,06487477E-6	
-39,30000000E-3	-18,74562942E-6	
-38,90000000E-3	-19,45972576E-6	
-38,10000000E-3	-20,21512595E-6	
-37,30000000E-3	-20,87063875E-6	
-37,00000000E-3	-21,53359333E-6	
-36,40000000E-3	-22,22106627E-6	
-35,80000000E-3	-22,89268812E-6	
-35,30000000E-3	-23,54623582E-6	
-34,40000000E-3	-24,17952479E-6	
-33,80000000E-3	-24,81252812E-6	
-33,30000000E-3	-25,49373740E-6	
-32,70000000E-3	-26,14879349E-6	
-32,10000000E-3	-26,82363086E-6	
-31,50000000E-3	-27,41676325E-6	
-30,70000000E-3	-27,99808104E-6	
-30,40000000E-3	-28,62551795E-6	
-29,80000000E-3	-29,25133347E-6	
-29,30000000E-3	-29,77541739E-6	
-28,40000000E-3	-30,37291301E-6	
-27,90000000E-3	-30,92917766E-6	
-27,20000000E-3	-31,45681463E-6	
-26,70000000E-3	-31,99302441E-6	
-26,10000000E-3	-32,53071199E-6	
-25,50000000E-3	-33,11610580E-6	
-24,90000000E-3	-33,62593271E-6	
-24,40000000E-3	-34,07603848E-6	
-23,80000000E-3	-34,57107471E-6	
-23,20000000E-3	-35,06976427E-6	
-22,60000000E-3	-35,47269148E-6	
-22,00000000E-3	-35,95377931E-6	
-21,50000000E-3	-36,41768324E-6	
-20,90000000E-3	-36,81575383E-6	
-20,30000000E-3	-37,26889342E-6	
-19,50000000E-3	-37,67810408E-6	
-18,90000000E-3	-38,08415574E-6	
-18,30000000E-3	-38,50260526E-6	
-17,80000000E-3	-38,82851998E-6	
-17,20000000E-3	-39,16938372E-6	
-16,60000000E-3	-39,48586307E-6	
-15,70000000E-3	-39,78677189E-6	
-15,20000000E-3	-40,07850830E-6	
-14,90000000E-3	-40,36023344E-6	
-14,30000000E-3	-40,67303731E-6	
-13,40000000E-3	-40,95279874E-6	
-12,80000000E-3	-41,14457741E-6	
-12,20000000E-3	-41,29559970E-6	
-11,70000000E-3	-41,48476521E-6	
-11,10000000E-3	-41,65766538E-6	
-10,60000000E-3	-41,85270703E-6	
-9,70000000E-3	-42,01543169E-6	
-9,10000000E-3	-42,11370926E-6	
-8,50000000E-3	-42,23651561E-6	
-8,20000000E-3	-42,34663139E-6	
-7,70000000E-3	-42,44951461E-6	
-6,90000000E-3	-42,50501160E-6	
-6,30000000E-3	-42,52449813E-6	
-5,70000000E-3	-42,57464465E-6	
-5,40000000E-3	-42,61977992E-6	
-4,70000000E-3	-42,62283267E-6	
-3,90000000E-3	-42,63318399E-6	
-3,40000000E-3	-42,63798231E-6	
-2,80000000E-3	-42,63828967E-6	
-2,10000000E-3	-42,59916744E-6	
-1,50000000E-3	-42,59765716E-6	
-700,00000000E-6	-42,53283254E-6	
-100,00000000E-6	-42,43807315E-6	
500,00000000E-6	-42,34590738E-6	
1,10000000E-3	-42,20411291E-6	
1,70000000E-3	-42,08923005E-6	
2,30000000E-3	-41,97206688E-6	
2,80000000E-3	-41,84910837E-6	
3,40000000E-3	-41,68576785E-6	
4,00000000E-3	-41,54775506E-6	
4,60000000E-3	-41,34742879E-6	
5,20000000E-3	-41,17496796E-6	
6,10000000E-3	-40,99443944E-6	
6,60000000E-3	-40,81292132E-6	
7,20000000E-3	-40,54402422E-6	
7,80000000E-3	-40,27127961E-6	
8,30000000E-3	-39,99007819E-6	
8,80000000E-3	-39,69898545E-6	
9,50000000E-3	-39,40006717E-6	
10,00000000E-3	-39,10992704E-6	
10,60000000E-3	-38,83066282E-6	
11,20000000E-3	-38,50586838E-6	
12,00000000E-3	-38,15131088E-6	
12,60000000E-3	-37,78935269E-6	
12,90000000E-3	-37,39836059E-6	
13,50000000E-3	-36,99661898E-6	
14,30000000E-3	-36,59990043E-6	
14,80000000E-3	-36,16172920E-6	
15,50000000E-3	-35,74072526E-6	
16,10000000E-3	-35,35251567E-6	
16,60000000E-3	-34,83927299E-6	
17,20000000E-3	-34,39672894E-6	
18,00000000E-3	-33,89802292E-6	
18,60000000E-3	-33,39909579E-6	
19,20000000E-3	-32,91646128E-6	
19,80000000E-3	-32,43527476E-6	
20,40000000E-3	-31,92017724E-6	
21,00000000E-3	-31,42094654E-6	
21,60000000E-3	-30,94592588E-6	
22,10000000E-3	-30,43144826E-6	
22,70000000E-3	-29,88259419E-6	
23,30000000E-3	-29,32827643E-6	
23,90000000E-3	-28,76763331E-6	
24,80000000E-3	-28,20794536E-6	
25,30000000E-3	-27,65365491E-6	
25,90000000E-3	-27,10393142E-6	
26,20000000E-3	-26,49783591E-6	
27,00000000E-3	-25,93235086E-6	
27,50000000E-3	-25,36850307E-6	
28,10000000E-3	-24,75606641E-6	
28,80000000E-3	-24,15616681E-6	
29,60000000E-3	-23,61365705E-6	
29,90000000E-3	-22,97507709E-6	
30,50000000E-3	-22,37570265E-6	
31,00000000E-3	-21,78698930E-6	
31,60000000E-3	-21,22670759E-6	
32,50000000E-3	-20,61336275E-6	
32,70000000E-3	-20,01578787E-6	
33,30000000E-3	-19,42835331E-6	
33,90000000E-3	-18,86264090E-6	
34,70000000E-3	-18,20585004E-6	
35,30000000E-3	-17,61046844E-6	
35,90000000E-3	-17,02371621E-6	
36,40000000E-3	-16,38353084E-6	
37,00000000E-3	-15,83047695E-6	
37,60000000E-3	-15,22885876E-6	
38,30000000E-3	-14,63379313E-6	
39,10000000E-3	-14,01278816E-6	
39,60000000E-3	-13,47097377E-6	
40,20000000E-3	-12,92702905E-6	
40,50000000E-3	-12,35922214E-6	
41,30000000E-3	-11,86000565E-6	
41,90000000E-3	-11,28211341E-6	
42,50000000E-3	-10,70794137E-6	
43,10000000E-3	-10,14084208E-6	
43,90000000E-3	-9,55385835E-6	
44,50000000E-3	-9,01621371E-6	
45,10000000E-3	-8,46036189E-6	
45,70000000E-3	-7,95117672E-6	
46,20000000E-3	-7,41471154E-6	
46,80000000E-3	-6,89045017E-6	
47,40000000E-3	-6,38198047E-6	
47,90000000E-3	-5,85813754E-6	
48,60000000E-3	-5,35219508E-6	
49,10000000E-3	-4,86758752E-6	
50,00000000E-3	-4,37740758E-6	
50,60000000E-3	-3,82689235E-6	
50,80000000E-3	-3,32826628E-6	
51,60000000E-3	-2,84935558E-6	
52,20000000E-3	-2,34569044E-6	
52,80000000E-3	-1,91317488E-6	
53,10000000E-3	-1,44207192E-6	
53,40000000E-3	-978,03562751E-9	
54,40000000E-3	-513,63855889E-9	
55,00000000E-3	-68,84900722E-9	
55,50000000E-3	352,47856340E-9	
56,20000000E-3	747,87025282E-9	
56,90000000E-3	1,21340839E-6	
57,20000000E-3	1,60205654E-6	
58,30000000E-3	2,03401007E-6	
58,50000000E-3	2,46085554E-6	
59,30000000E-3	2,79996616E-6	
59,90000000E-3	3,15618485E-6	
60,50000000E-3	3,54695706E-6	
61,00000000E-3	3,88723744E-6	
61,70000000E-3	4,24103469E-6	
62,40000000E-3	4,53607326E-6	
62,60000000E-3	4,86129800E-6	
63,40000000E-3	5,16099305E-6	
64,10000000E-3	5,41031268E-6	
64,60000000E-3	5,73143702E-6	
65,10000000E-3	5,98250330E-6	
65,80000000E-3	6,27133775E-6	
66,50000000E-3	6,49998162E-6	
67,10000000E-3	6,74058326E-6	
67,60000000E-3	6,98377326E-6	
68,30000000E-3	7,19852201E-6	
68,80000000E-3	7,40741496E-6	
69,30000000E-3	7,60132199E-6	
70,10000000E-3	7,80938273E-6	
70,70000000E-3	8,04175858E-6	
71,20000000E-3	8,18975156E-6	
71,80000000E-3	8,40367000E-6	
72,60000000E-3	8,53405456E-6	
72,80000000E-3	8,71531215E-6	
73,50000000E-3	8,93207757E-6	
74,20000000E-3	9,06452292E-6	
74,70000000E-3	9,23021035E-6	
75,30000000E-3	9,36272629E-6	
76,20000000E-3	9,52283473E-6	
76,70000000E-3	9,70046047E-6	
77,20000000E-3	9,81606376E-6	
77,80000000E-3	9,89996265E-6	
78,70000000E-3	10,00433363E-6	
79,10000000E-3	10,08843505E-6	
79,70000000E-3	10,21553419E-6	
80,20000000E-3	10,27049024E-6	
81,10000000E-3	10,39867857E-6	
81,60000000E-3	10,45586217E-6	
82,20000000E-3	10,53665380E-6	
82,70000000E-3	10,61875200E-6	
83,30000000E-3	10,67940547E-6	
83,80000000E-3	10,70585284E-6	
84,40000000E-3	10,78479704E-6	
85,20000000E-3	10,82637243E-6	
85,80000000E-3	10,86828078E-6	
86,40000000E-3	10,89204497E-6	
86,90000000E-3	10,92143419E-6	
87,60000000E-3	10,93194806E-6	
88,10000000E-3	10,92159838E-6	
88,60000000E-3	10,91682131E-6	
89,20000000E-3	10,93900391E-6	
89,80000000E-3	10,96742998E-6	
90,40000000E-3	10,97435675E-6	
90,90000000E-3	10,97590585E-6	
91,80000000E-3	10,98133226E-6	
92,00000000E-3	10,97500590E-6	
92,70000000E-3	11,04520053E-6	
93,50000000E-3	10,98473601E-6	
94,10000000E-3	11,00278838E-6	
94,60000000E-3	11,00933191E-6	
95,20000000E-3	11,01699419E-6	
96,00000000E-3	11,04248940E-6	
96,60000000E-3	10,97663518E-6	
97,10000000E-3	11,00026644E-6	
97,70000000E-3	11,08395239E-6	
98,40000000E-3	11,02861022E-6	
99,10000000E-3	11,05034370E-6	
99,60000000E-3	11,06730332E-6	
100,10000000E-3	11,05268907E-6	
100,90000000E-3	11,05214380E-6	
101,60000000E-3	11,08295013E-6	
102,10000000E-3	11,08686815E-6	
102,60000000E-3	11,06877590E-6	
103,00000000E-3	11,00263307E-6	
103,90000000E-3	11,04243556E-6	
104,50000000E-3	11,06155347E-6	
105,00000000E-3	10,99324267E-6	
105,80000000E-3	11,02837074E-6	
106,40000000E-3	11,02895316E-6	
107,00000000E-3	10,99346556E-6	
107,30000000E-3	11,01401547E-6	
108,00000000E-3	10,98223621E-6	
108,60000000E-3	10,93889224E-6	
109,20000000E-3	10,92865944E-6	
109,80000000E-3	10,93683121E-6	
110,30000000E-3	10,89814999E-6	
110,80000000E-3	10,86219011E-6	
111,50000000E-3	10,81916443E-6	
112,20000000E-3	10,80009196E-6	
112,80000000E-3	10,81942674E-6	
113,30000000E-3	10,78061353E-6	
114,00000000E-3	10,74397030E-6	
114,70000000E-3	10,73877907E-6	
114,80000000E-3	10,72677854E-6	
115,80000000E-3	10,71622968E-6	
116,30000000E-3	10,69339456E-6	
116,90000000E-3	10,65301992E-6	
117,60000000E-3	10,61551133E-6	
118,20000000E-3	10,61135704E-6	
118,90000000E-3	10,61056478E-6	
119,50000000E-3	10,61424464E-6	
119,70000000E-3	10,59074218E-6	
120,60000000E-3	10,54166974E-6	
121,20000000E-3	10,52155277E-6	
121,80000000E-3	10,49938548E-6	
122,20000000E-3	10,46625020E-6	
122,90000000E-3	10,42260937E-6	
123,70000000E-3	10,40512472E-6	
124,20000000E-3	10,41208643E-6	
124,70000000E-3	10,34810881E-6	
125,40000000E-3	10,35063215E-6	
125,90000000E-3	10,33514863E-6	
126,40000000E-3	10,29383302E-6	
127,10000000E-3	10,30353513E-6	
127,80000000E-3	10,27728577E-6	
128,40000000E-3	10,28131596E-6	
128,70000000E-3	10,24057870E-6	
129,40000000E-3	10,22887632E-6	
130,00000000E-3	10,21168851E-6	
130,50000000E-3	10,18506507E-6	
131,30000000E-3	10,18761554E-6	
131,90000000E-3	10,20332813E-6	
132,50000000E-3	10,15222810E-6	
133,00000000E-3	10,15864955E-6	
133,80000000E-3	10,09367600E-6	
134,40000000E-3	10,09414708E-6	
135,00000000E-3	10,06385708E-6	
135,50000000E-3	10,04076498E-6	
136,00000000E-3	10,05980223E-6	
136,60000000E-3	10,01265113E-6	
137,10000000E-3	9,99011324E-6	
138,00000000E-3	9,97503867E-6	
138,40000000E-3	9,95515166E-6	
139,00000000E-3	9,91396379E-6	
139,60000000E-3	9,90209461E-6	
140,10000000E-3	9,90805943E-6	
140,90000000E-3	9,91001548E-6	
141,50000000E-3	9,84458863E-6	
142,30000000E-3	9,79513393E-6	
142,60000000E-3	9,83951530E-6	
143,20000000E-3	9,82152052E-6	
143,80000000E-3	9,76632787E-6	
144,50000000E-3	9,74773308E-6	
144,80000000E-3	9,70471754E-6	
145,60000000E-3	9,69956673E-6	
146,30000000E-3	9,66928135E-6	
146,90000000E-3	9,64233814E-6	
147,20000000E-3	9,65629101E-6	
148,00000000E-3	9,63114305E-6	
148,50000000E-3	9,64822627E-6	
149,40000000E-3	9,59776357E-6	
149,90000000E-3	9,55689194E-6	
150,50000000E-3	9,54628358E-6	
150,90000000E-3	9,52429255E-6	
151,60000000E-3	9,51026809E-6	
152,10000000E-3	9,51510471E-6	
152,70000000E-3	9,49629187E-6	
153,40000000E-3	9,45449696E-6	
154,20000000E-3	9,38436212E-6	
154,80000000E-3	9,40001230E-6	
155,20000000E-3	9,36641439E-6	
155,90000000E-3	9,38114635E-6	
156,50000000E-3	9,35253530E-6	
157,10000000E-3	9,31123187E-6	
157,70000000E-3	9,27121868E-6	
158,40000000E-3	9,28369045E-6	
159,00000000E-3	9,28791956E-6	
159,60000000E-3	9,29888095E-6	
160,10000000E-3	9,22559456E-6	
160,90000000E-3	9,22308771E-6	
161,30000000E-3	9,15860633E-6	
161,70000000E-3	9,21332162E-6	
162,50000000E-3	9,15884450E-6	
163,10000000E-3	9,12686261E-6	
163,70000000E-3	9,11678055E-6	
164,20000000E-3	9,10369294E-6	
164,90000000E-3	9,10973003E-6	
165,40000000E-3	9,05359742E-6	
165,90000000E-3	9,03037176E-6	
166,70000000E-3	9,02183892E-6	
167,30000000E-3	8,96498135E-6	
167,90000000E-3	8,94785338E-6	
168,10000000E-3	8,96292095E-6	
169,00000000E-3	8,95747937E-6	
169,60000000E-3	8,89828279E-6	
170,10000000E-3	8,88234374E-6	
170,50000000E-3	8,87151717E-6	
171,60000000E-3	8,85946835E-6	
171,90000000E-3	8,85004518E-6	
172,60000000E-3	8,81591211E-6	
173,30000000E-3	8,82602565E-6	
173,50000000E-3	8,79670598E-6	
174,70000000E-3	8,78628122E-6	
175,00000000E-3	8,78182677E-6	
175,50000000E-3	8,78329849E-6	
175,90000000E-3	8,74854777E-6	
177,10000000E-3	8,74463611E-6	
177,60000000E-3	8,72215455E-6	
177,90000000E-3	8,70191694E-6	
178,50000000E-3	8,69506875E-6	
178,80000000E-3	8,66850881E-6	
179,50000000E-3	8,66995247E-6	
180,50000000E-3	8,62708363E-6	
181,10000000E-3	8,62524300E-6	
181,70000000E-3	8,63672537E-6	
182,30000000E-3	8,62285654E-6	
183,10000000E-3	8,56598878E-6	
183,70000000E-3	8,58736227E-6	
184,20000000E-3	8,56408705E-6	
184,50000000E-3	8,56035184E-6	
185,30000000E-3	8,54401574E-6	
185,60000000E-3	8,54602099E-6	
186,30000000E-3	8,53083075E-6	
186,90000000E-3	8,50045065E-6	
187,60000000E-3	8,49179890E-6	
188,30000000E-3	8,48228698E-6	
188,90000000E-3	8,47001990E-6	
189,50000000E-3	8,46605344E-6	
190,10000000E-3	8,44690977E-6	
190,70000000E-3	8,45705340E-6	
191,50000000E-3	8,44591008E-6	
192,00000000E-3	8,45059976E-6	
192,60000000E-3	8,42661113E-6	
193,20000000E-3	8,41199094E-6	
193,70000000E-3	8,37862020E-6	
194,30000000E-3	8,37057476E-6	
194,90000000E-3	8,36093735E-6	
195,50000000E-3	8,36244019E-6	
196,10000000E-3	8,33588868E-6	
196,90000000E-3	8,31812323E-6	
197,40000000E-3	8,32525575E-6	
198,00000000E-3	8,30731112E-6	
198,60000000E-3	8,32898031E-6	
199,20000000E-3	8,24433151E-6	
199,90000000E-3	8,23928600E-6	
