-199,90000000E-3	10,59348440E-6	
-199,90000000E-3	10,59007733E-6	
-199,90000000E-3	10,60390553E-6	
-199,70000000E-3	10,59934370E-6	
-199,60000000E-3	10,59709428E-6	
-199,30000000E-3	10,60896792E-6	
-198,80000000E-3	10,62155237E-6	
-198,30000000E-3	10,62088714E-6	
-198,00000000E-3	10,64817701E-6	
-197,50000000E-3	10,65653124E-6	
-197,00000000E-3	10,67073702E-6	
-196,60000000E-3	10,68024467E-6	
-196,10000000E-3	10,70070755E-6	
-195,70000000E-3	10,71252903E-6	
-195,10000000E-3	10,73540769E-6	
-194,30000000E-3	10,77038630E-6	
-193,80000000E-3	10,78705473E-6	
-193,50000000E-3	10,79364592E-6	
-193,00000000E-3	10,84084441E-6	
-192,30000000E-3	10,85908597E-6	
-191,60000000E-3	10,86620396E-6	
-191,00000000E-3	10,90115662E-6	
-190,40000000E-3	10,93560888E-6	
-190,00000000E-3	10,94736886E-6	
-189,40000000E-3	10,97187216E-6	
-188,50000000E-3	10,99529090E-6	
-188,30000000E-3	11,00583508E-6	
-187,70000000E-3	11,02120912E-6	
-187,20000000E-3	11,04729462E-6	
-186,30000000E-3	11,09293842E-6	
-185,70000000E-3	11,11727834E-6	
-185,10000000E-3	11,12576547E-6	
-184,60000000E-3	11,14087000E-6	
-184,10000000E-3	11,16751776E-6	
-183,20000000E-3	11,17856785E-6	
-182,90000000E-3	11,20497028E-6	
-182,40000000E-3	11,23821270E-6	
-181,80000000E-3	11,26847907E-6	
-181,20000000E-3	11,29977584E-6	
-180,30000000E-3	11,31642601E-6	
-180,10000000E-3	11,33513824E-6	
-179,50000000E-3	11,33996750E-6	
-178,90000000E-3	11,37111552E-6	
-178,10000000E-3	11,38181520E-6	
-177,50000000E-3	11,42580426E-6	
-176,90000000E-3	11,44174316E-6	
-176,30000000E-3	11,46113859E-6	
-175,80000000E-3	11,47558313E-6	
-175,30000000E-3	11,50813400E-6	
-174,70000000E-3	11,54406231E-6	
-174,10000000E-3	11,55228633E-6	
-173,50000000E-3	11,58919817E-6	
-172,80000000E-3	11,61931424E-6	
-172,10000000E-3	11,64218597E-6	
-171,50000000E-3	11,67164609E-6	
-170,90000000E-3	11,69446028E-6	
-170,40000000E-3	11,71541194E-6	
-169,80000000E-3	11,72938929E-6	
-169,00000000E-3	11,74223741E-6	
-168,70000000E-3	11,77886525E-6	
-168,10000000E-3	11,80573483E-6	
-167,50000000E-3	11,82524635E-6	
-166,70000000E-3	11,85162699E-6	
-166,10000000E-3	11,87294426E-6	
-165,50000000E-3	11,90260950E-6	
-165,00000000E-3	11,92440137E-6	
-164,40000000E-3	11,95691153E-6	
-163,80000000E-3	11,97559084E-6	
-163,20000000E-3	11,99609807E-6	
-162,70000000E-3	12,02172556E-6	
-162,10000000E-3	12,04580821E-6	
-161,50000000E-3	12,05970458E-6	
-161,00000000E-3	12,08756049E-6	
-160,40000000E-3	12,11040440E-6	
-159,80000000E-3	12,13113204E-6	
-158,90000000E-3	12,16333306E-6	
-158,40000000E-3	12,18492632E-6	
-157,80000000E-3	12,20631515E-6	
-157,20000000E-3	12,22633239E-6	
-156,70000000E-3	12,25295707E-6	
-156,10000000E-3	12,27441030E-6	
-155,40000000E-3	12,28528989E-6	
-154,70000000E-3	12,31369262E-6	
-154,10000000E-3	12,33982614E-6	
-153,50000000E-3	12,36562596E-6	
-153,00000000E-3	12,39669355E-6	
-152,40000000E-3	12,41072682E-6	
-151,50000000E-3	12,43193296E-6	
-151,20000000E-3	12,46458988E-6	
-150,70000000E-3	12,48353138E-6	
-150,10000000E-3	12,49987967E-6	
-149,30000000E-3	12,53076990E-6	
-148,70000000E-3	12,55373625E-6	
-148,10000000E-3	12,56471602E-6	
-147,60000000E-3	12,60011692E-6	
-147,00000000E-3	12,60722712E-6	
-146,40000000E-3	12,64295172E-6	
-145,80000000E-3	12,66665432E-6	
-145,30000000E-3	12,69069042E-6	
-144,70000000E-3	12,69995402E-6	
-143,90000000E-3	12,72229450E-6	
-143,50000000E-3	12,74248511E-6	
-143,00000000E-3	12,75850751E-6	
-142,40000000E-3	12,77947099E-6	
-141,60000000E-3	12,80752123E-6	
-141,00000000E-3	12,82100042E-6	
-140,40000000E-3	12,84471926E-6	
-139,80000000E-3	12,87137304E-6	
-139,20000000E-3	12,89819332E-6	
-138,70000000E-3	12,90734931E-6	
-137,80000000E-3	12,92760881E-6	
-137,30000000E-3	12,95315132E-6	
-136,70000000E-3	12,96371302E-6	
-136,20000000E-3	12,99039814E-6	
-135,60000000E-3	13,02080293E-6	
-135,00000000E-3	13,01765245E-6	
-134,40000000E-3	13,03146742E-6	
-133,80000000E-3	13,05561683E-6	
-133,00000000E-3	13,06438206E-6	
-132,50000000E-3	13,08443837E-6	
-131,90000000E-3	13,09940391E-6	
-131,30000000E-3	13,11019009E-6	
-130,70000000E-3	13,12022530E-6	
-130,10000000E-3	13,13190611E-6	
-129,60000000E-3	13,10556535E-6	
-128,80000000E-3	13,15197708E-6	
-128,10000000E-3	13,16269309E-6	
-127,60000000E-3	13,18127805E-6	
-127,10000000E-3	13,17899410E-6	
-126,50000000E-3	13,17626132E-6	
-125,90000000E-3	13,20198525E-6	
-125,30000000E-3	13,20575727E-6	
-124,80000000E-3	13,21270993E-6	
-124,20000000E-3	13,22000619E-6	
-123,60000000E-3	13,19901909E-6	
-123,00000000E-3	13,21303895E-6	
-122,40000000E-3	13,21311657E-6	
-121,80000000E-3	13,22308522E-6	
-121,30000000E-3	13,21862505E-6	
-120,40000000E-3	13,20869753E-6	
-119,90000000E-3	13,21481573E-6	
-119,60000000E-3	13,21538131E-6	
-119,00000000E-3	13,21510711E-6	
-118,20000000E-3	13,19310255E-6	
-117,60000000E-3	13,19668065E-6	
-117,00000000E-3	13,18528171E-6	
-116,40000000E-3	13,18035206E-6	
-115,90000000E-3	13,17198661E-6	
-115,20000000E-3	13,15932793E-6	
-114,40000000E-3	13,16150199E-6	
-113,90000000E-3	13,15674053E-6	
-113,30000000E-3	13,14892195E-6	
-112,80000000E-3	13,12318222E-6	
-112,20000000E-3	13,11780988E-6	
-111,40000000E-3	13,07843688E-6	
-111,10000000E-3	13,06430619E-6	
-110,50000000E-3	13,05087454E-6	
-109,90000000E-3	13,04827489E-6	
-109,00000000E-3	13,01932150E-6	
-108,50000000E-3	13,00793072E-6	
-107,90000000E-3	12,96897618E-6	
-107,30000000E-3	12,94921984E-6	
-106,80000000E-3	12,92183457E-6	
-106,20000000E-3	12,88204903E-6	
-105,60000000E-3	12,84714900E-6	
-105,00000000E-3	12,82483102E-6	
-104,50000000E-3	12,78569966E-6	
-103,90000000E-3	12,74798465E-6	
-103,30000000E-3	12,71119144E-6	
-102,70000000E-3	12,66457823E-6	
-102,10000000E-3	12,61556229E-6	
-101,60000000E-3	12,57566614E-6	
-100,80000000E-3	12,53225769E-6	
-100,20000000E-3	12,45790543E-6	
-99,60000000E-3	12,41201152E-6	
-99,10000000E-3	12,35279219E-6	
-98,60000000E-3	12,29698957E-6	
-97,80000000E-3	12,22136438E-6	
-97,10000000E-3	12,16207098E-6	
-96,60000000E-3	12,08433075E-6	
-96,00000000E-3	12,00682481E-6	
-95,50000000E-3	11,92089273E-6	
-94,80000000E-3	11,83959342E-6	
-94,20000000E-3	11,78082890E-6	
-93,60000000E-3	11,67873070E-6	
-93,10000000E-3	11,59812634E-6	
-92,50000000E-3	11,50067288E-6	
-91,70000000E-3	11,40624543E-6	
-91,10000000E-3	11,31113078E-6	
-90,50000000E-3	11,20366645E-6	
-90,00000000E-3	11,08150338E-6	
-89,40000000E-3	10,96758388E-6	
-88,80000000E-3	10,85501599E-6	
-88,20000000E-3	10,74474079E-6	
-87,70000000E-3	10,61658078E-6	
-87,10000000E-3	10,48988875E-6	
-86,50000000E-3	10,36456017E-6	
-85,90000000E-3	10,24429038E-6	
-85,30000000E-3	10,11418455E-6	
-84,80000000E-3	9,97288593E-6	
-84,30000000E-3	9,81251324E-6	
-83,40000000E-3	9,68071003E-6	
-82,80000000E-3	9,51976632E-6	
-82,20000000E-3	9,35994576E-6	
-81,70000000E-3	9,20335507E-6	
-81,10000000E-3	9,03390250E-6	
-80,40000000E-3	8,86552823E-6	
-79,70000000E-3	8,68629787E-6	
-79,10000000E-3	8,52425617E-6	
-78,60000000E-3	8,33459759E-6	
-78,10000000E-3	8,14535684E-6	
-77,40000000E-3	7,97987820E-6	
-76,80000000E-3	7,78791045E-6	
-76,20000000E-3	7,58220250E-6	
-75,60000000E-3	7,40996272E-6	
-75,10000000E-3	7,19254225E-6	
-74,20000000E-3	6,98211734E-6	
-73,60000000E-3	6,76840196E-6	
-73,10000000E-3	6,53603857E-6	
-72,60000000E-3	6,30132993E-6	
-72,00000000E-3	6,10946591E-6	
-71,30000000E-3	5,88678668E-6	
-70,80000000E-3	5,66394247E-6	
-70,30000000E-3	5,44084941E-6	
-69,70000000E-3	5,20652814E-6	
-69,10000000E-3	4,96778118E-6	
-68,30000000E-3	4,71214248E-6	
-68,00000000E-3	4,46710153E-6	
-67,40000000E-3	4,22981653E-6	
-66,70000000E-3	3,99349576E-6	
-66,00000000E-3	3,74514162E-6	
-65,40000000E-3	3,46309547E-6	
-64,90000000E-3	3,19082710E-6	
-64,30000000E-3	2,91578315E-6	
-63,70000000E-3	2,65098670E-6	
-63,00000000E-3	2,35528505E-6	
-62,30000000E-3	2,07178227E-6	
-61,70000000E-3	1,78934943E-6	
-61,10000000E-3	1,49934562E-6	
-60,70000000E-3	1,18340411E-6	
-59,90000000E-3	864,21464790E-9	
-59,50000000E-3	578,99404796E-9	
-58,80000000E-3	280,48639210E-9	
-58,30000000E-3	-16,91905745E-9	
-57,70000000E-3	-311,47860627E-9	
-56,90000000E-3	-630,63053045E-9	
-56,30000000E-3	-947,34635448E-9	
-55,70000000E-3	-1,24625265E-6	
-55,10000000E-3	-1,59118993E-6	
-54,60000000E-3	-1,89944533E-6	
-53,90000000E-3	-2,21926466E-6	
-53,40000000E-3	-2,53313375E-6	
-52,90000000E-3	-2,85122310E-6	
-52,30000000E-3	-3,18333710E-6	
-51,70000000E-3	-3,48757337E-6	
-50,80000000E-3	-3,80308073E-6	
-50,60000000E-3	-4,15430436E-6	
-50,00000000E-3	-4,45532675E-6	
-49,30000000E-3	-4,78127430E-6	
-48,60000000E-3	-5,10943257E-6	
-48,00000000E-3	-5,43050917E-6	
-47,40000000E-3	-5,76078623E-6	
-47,20000000E-3	-6,09024920E-6	
-46,30000000E-3	-6,45418889E-6	
-45,70000000E-3	-6,78647652E-6	
-45,10000000E-3	-7,11361336E-6	
-44,60000000E-3	-7,45491672E-6	
-44,10000000E-3	-7,80023630E-6	
-43,30000000E-3	-8,16530059E-6	
-42,70000000E-3	-8,48664997E-6	
-42,10000000E-3	-8,82674411E-6	
-41,50000000E-3	-9,16735283E-6	
-40,90000000E-3	-9,51368575E-6	
-40,30000000E-3	-9,84428407E-6	
-39,50000000E-3	-10,17356250E-6	
-38,90000000E-3	-10,52465630E-6	
-38,30000000E-3	-10,82480698E-6	
-37,80000000E-3	-11,13667205E-6	
-37,20000000E-3	-11,46980689E-6	
-36,50000000E-3	-11,81138170E-6	
-36,10000000E-3	-12,13492707E-6	
-35,50000000E-3	-12,42880881E-6	
-35,00000000E-3	-12,71949699E-6	
-34,40000000E-3	-13,04813661E-6	
-33,50000000E-3	-13,36157797E-6	
-32,90000000E-3	-13,64083178E-6	
-32,30000000E-3	-13,94693188E-6	
-31,80000000E-3	-14,25866890E-6	
-31,20000000E-3	-14,53708307E-6	
-30,40000000E-3	-14,80875546E-6	
-30,00000000E-3	-15,08307710E-6	
-29,50000000E-3	-15,34959294E-6	
-29,00000000E-3	-15,59117243E-6	
-28,30000000E-3	-15,85663314E-6	
-27,50000000E-3	-16,11365917E-6	
-27,20000000E-3	-16,36406953E-6	
-26,60000000E-3	-16,61085631E-6	
-25,90000000E-3	-16,84481695E-6	
-25,20000000E-3	-17,08031206E-6	
-24,70000000E-3	-17,35175336E-6	
-24,10000000E-3	-17,58907157E-6	
-23,50000000E-3	-17,79070203E-6	
-22,90000000E-3	-18,02094814E-6	
-22,10000000E-3	-18,25534300E-6	
-21,50000000E-3	-18,44184068E-6	
-20,90000000E-3	-18,62687142E-6	
-20,30000000E-3	-18,84547035E-6	
-19,90000000E-3	-19,04142114E-6	
-19,30000000E-3	-19,22049278E-6	
-18,70000000E-3	-19,40178326E-6	
-18,10000000E-3	-19,56798742E-6	
-17,50000000E-3	-19,74871518E-6	
-16,90000000E-3	-19,91249116E-6	
-16,10000000E-3	-20,06567021E-6	
-15,50000000E-3	-20,21732479E-6	
-14,90000000E-3	-20,31501994E-6	
-14,30000000E-3	-20,44701551E-6	
-13,80000000E-3	-20,57949039E-6	
-13,00000000E-3	-20,68717708E-6	
-12,40000000E-3	-20,80735219E-6	
-12,00000000E-3	-20,88971304E-6	
-11,50000000E-3	-20,99661838E-6	
-10,70000000E-3	-21,06420976E-6	
-10,00000000E-3	-21,14613521E-6	
-9,50000000E-3	-21,22155681E-6	
-9,00000000E-3	-21,28332847E-6	
-8,50000000E-3	-21,33532354E-6	
-7,80000000E-3	-21,38375106E-6	
-7,30000000E-3	-21,40886394E-6	
-6,70000000E-3	-21,44821186E-6	
-6,10000000E-3	-21,48796992E-6	
-5,50000000E-3	-21,49596953E-6	
-5,00000000E-3	-21,52633265E-6	
-4,40000000E-3	-21,54496218E-6	
-3,80000000E-3	-21,54521357E-6	
-3,20000000E-3	-21,54158739E-6	
-2,40000000E-3	-21,52422336E-6	
-1,70000000E-3	-21,51035003E-6	
-1,10000000E-3	-21,48970709E-6	
-500,00000000E-6	-21,46257224E-6	
0,00000000E+0	-21,43910984E-6	
800,00000000E-6	-21,41341664E-6	
1,20000000E-3	-21,34092611E-6	
1,70000000E-3	-21,29599895E-6	
2,30000000E-3	-21,22453753E-6	
3,10000000E-3	-21,18153663E-6	
3,70000000E-3	-21,12348638E-6	
4,30000000E-3	-21,04054628E-6	
4,90000000E-3	-20,93600953E-6	
5,50000000E-3	-20,83921258E-6	
6,10000000E-3	-20,73655590E-6	
6,80000000E-3	-20,63698793E-6	
7,50000000E-3	-20,53652799E-6	
7,80000000E-3	-20,41423354E-6	
8,30000000E-3	-20,30809273E-6	
9,30000000E-3	-20,17773701E-6	
9,80000000E-3	-20,03752900E-6	
10,30000000E-3	-19,90000364E-6	
10,90000000E-3	-19,74291430E-6	
11,40000000E-3	-19,61170394E-6	
12,10000000E-3	-19,43461665E-6	
12,60000000E-3	-19,25964029E-6	
13,20000000E-3	-19,08729196E-6	
13,90000000E-3	-18,92043025E-6	
14,40000000E-3	-18,71650453E-6	
15,20000000E-3	-18,55440608E-6	
15,80000000E-3	-18,34865025E-6	
16,40000000E-3	-18,12368682E-6	
17,00000000E-3	-17,91446604E-6	
17,60000000E-3	-17,71750164E-6	
18,30000000E-3	-17,49773944E-6	
19,00000000E-3	-17,25358009E-6	
19,50000000E-3	-17,05190610E-6	
20,10000000E-3	-16,81456741E-6	
20,60000000E-3	-16,58889550E-6	
21,20000000E-3	-16,33869709E-6	
21,80000000E-3	-16,07831471E-6	
22,40000000E-3	-15,84130551E-6	
23,00000000E-3	-15,60228269E-6	
23,50000000E-3	-15,32382261E-6	
24,20000000E-3	-15,06151980E-6	
24,90000000E-3	-14,81632631E-6	
25,50000000E-3	-14,56588625E-6	
26,10000000E-3	-14,32177798E-6	
26,60000000E-3	-14,06552021E-6	
27,20000000E-3	-13,77894099E-6	
27,70000000E-3	-13,51119585E-6	
28,30000000E-3	-13,24119206E-6	
28,90000000E-3	-12,98168694E-6	
29,60000000E-3	-12,71981704E-6	
30,00000000E-3	-12,43396148E-6	
30,70000000E-3	-12,16825178E-6	
31,20000000E-3	-11,87964297E-6	
31,70000000E-3	-11,58779051E-6	
32,70000000E-3	-11,28372346E-6	
33,20000000E-3	-10,97250165E-6	
33,70000000E-3	-10,64653995E-6	
34,30000000E-3	-10,35505739E-6	
34,90000000E-3	-10,06718815E-6	
35,60000000E-3	-9,77178219E-6	
36,30000000E-3	-9,47243215E-6	
36,60000000E-3	-9,17896620E-6	
37,20000000E-3	-8,89625573E-6	
38,10000000E-3	-8,57250373E-6	
38,10000000E-3	-8,27024692E-6	
39,40000000E-3	-7,94397655E-6	
39,90000000E-3	-7,63640961E-6	
40,40000000E-3	-7,33793666E-6	
41,00000000E-3	-7,04383014E-6	
41,60000000E-3	-6,73597541E-6	
42,40000000E-3	-6,44993635E-6	
42,80000000E-3	-6,14882574E-6	
43,30000000E-3	-5,84147741E-6	
43,90000000E-3	-5,54020304E-6	
44,50000000E-3	-5,23369312E-6	
45,30000000E-3	-4,93479439E-6	
45,90000000E-3	-7,78703479E-6	
46,50000000E-3	-5,30842354E-6	
46,90000000E-3	-4,12038817E-6	
47,60000000E-3	-3,79123982E-6	
48,20000000E-3	-3,50808650E-6	
48,70000000E-3	-3,20828008E-6	
49,30000000E-3	-2,93042152E-6	
49,90000000E-3	-2,65400731E-6	
50,50000000E-3	-2,38483214E-6	
51,10000000E-3	-2,10890356E-6	
51,60000000E-3	-1,81303521E-6	
52,10000000E-3	-1,50013187E-6	
53,10000000E-3	-1,22896301E-6	
53,70000000E-3	-946,09229761E-9	
54,10000000E-3	-649,48811129E-9	
54,70000000E-3	-356,17048614E-9	
55,30000000E-3	-70,40736538E-9	
55,90000000E-3	184,73300537E-9	
56,70000000E-3	442,56874276E-9	
57,30000000E-3	707,16476497E-9	
57,90000000E-3	976,33832825E-9	
58,50000000E-3	1,24172048E-6	
59,00000000E-3	1,49261786E-6	
59,80000000E-3	1,73663974E-6	
60,40000000E-3	1,99834884E-6	
61,00000000E-3	2,23654909E-6	
61,30000000E-3	2,47941647E-6	
62,00000000E-3	2,70789113E-6	
62,70000000E-3	2,95254704E-6	
63,30000000E-3	3,16619943E-6	
63,90000000E-3	3,38839366E-6	
64,40000000E-3	3,51603884E-6	
65,00000000E-3	2,87448881E-6	
65,70000000E-3	3,94031113E-6	
66,20000000E-3	4,20451148E-6	
66,70000000E-3	4,37916580E-6	
67,30000000E-3	4,57897323E-6	
67,90000000E-3	4,78994808E-6	
68,70000000E-3	4,96725128E-6	
69,30000000E-3	5,16736599E-6	
69,60000000E-3	5,32782720E-6	
69,90000000E-3	5,51101987E-6	
71,10000000E-3	5,67688270E-6	
71,10000000E-3	5,86182957E-6	
72,20000000E-3	6,02378375E-6	
72,80000000E-3	6,19652289E-6	
73,40000000E-3	6,36632648E-6	
74,00000000E-3	6,52800315E-6	
74,60000000E-3	6,66200163E-6	
75,10000000E-3	6,81196404E-6	
75,80000000E-3	6,97148121E-6	
76,50000000E-3	7,11400988E-6	
76,90000000E-3	7,24285403E-6	
77,40000000E-3	7,38711061E-6	
78,30000000E-3	7,51833792E-6	
78,80000000E-3	7,64716342E-6	
79,40000000E-3	7,76466125E-6	
80,00000000E-3	7,89217171E-6	
80,60000000E-3	7,99936639E-6	
81,10000000E-3	8,13409660E-6	
82,00000000E-3	8,23807368E-6	
82,30000000E-3	8,32679260E-6	
82,90000000E-3	8,43098212E-6	
83,40000000E-3	8,53360462E-6	
84,10000000E-3	8,63689350E-6	
84,80000000E-3	8,71159642E-6	
85,40000000E-3	8,79864857E-6	
86,00000000E-3	8,87345277E-6	
86,30000000E-3	8,96285229E-6	
87,20000000E-3	9,03349445E-6	
87,80000000E-3	9,10888001E-6	
88,20000000E-3	9,20727205E-6	
88,90000000E-3	9,28417564E-6	
89,50000000E-3	9,34379847E-6	
90,10000000E-3	9,40514428E-6	
90,60000000E-3	9,47211968E-6	
91,40000000E-3	9,52047872E-6	
92,10000000E-3	9,57397574E-6	
92,60000000E-3	9,63424522E-6	
93,20000000E-3	9,69497845E-6	
93,80000000E-3	9,75958504E-6	
94,40000000E-3	9,79840514E-6	
95,00000000E-3	9,85901871E-6	
95,20000000E-3	9,91372082E-6	
96,30000000E-3	9,93605660E-6	
96,90000000E-3	9,98849185E-6	
97,40000000E-3	10,01937299E-6	
97,80000000E-3	10,06134803E-6	
98,60000000E-3	10,10604633E-6	
99,20000000E-3	10,14534734E-6	
99,80000000E-3	10,16820776E-6	
100,40000000E-3	10,18774956E-6	
101,10000000E-3	10,24609151E-6	
101,80000000E-3	10,28648047E-6	
102,30000000E-3	10,30522603E-6	
102,90000000E-3	10,32978660E-6	
103,50000000E-3	10,36652227E-6	
104,10000000E-3	10,36658376E-6	
104,70000000E-3	10,39632835E-6	
105,20000000E-3	10,41539954E-6	
105,80000000E-3	10,43677703E-6	
106,40000000E-3	10,44653410E-6	
107,00000000E-3	10,46070255E-6	
107,50000000E-3	10,45831223E-6	
108,10000000E-3	10,48633117E-6	
108,70000000E-3	10,50016256E-6	
109,30000000E-3	10,51839135E-6	
110,00000000E-3	10,52722700E-6	
110,80000000E-3	10,52384688E-6	
111,30000000E-3	10,52700031E-6	
111,50000000E-3	10,53060137E-6	
112,30000000E-3	10,53344454E-6	
112,90000000E-3	10,53020334E-6	
113,70000000E-3	10,53545024E-6	
114,30000000E-3	10,56065591E-6	
114,90000000E-3	10,54808537E-6	
115,50000000E-3	10,54180638E-6	
115,50000000E-3	10,52406651E-6	
116,60000000E-3	10,53909644E-6	
117,20000000E-3	10,55368088E-6	
117,80000000E-3	10,54834390E-6	
118,10000000E-3	10,54617175E-6	
118,90000000E-3	10,53894644E-6	
119,50000000E-3	10,52544436E-6	
120,10000000E-3	10,54295955E-6	
120,70000000E-3	10,52067648E-6	
120,90000000E-3	10,52151164E-6	
122,00000000E-3	10,52373781E-6	
122,60000000E-3	10,52297829E-6	
123,40000000E-3	10,51244855E-6	
123,80000000E-3	10,51022481E-6	
124,40000000E-3	10,49815501E-6	
124,90000000E-3	10,47940239E-6	
125,50000000E-3	10,48332626E-6	
126,00000000E-3	10,48605264E-6	
126,60000000E-3	10,47753776E-6	
127,20000000E-3	10,46689550E-6	
127,80000000E-3	10,45731334E-6	
128,40000000E-3	10,45655812E-6	
129,10000000E-3	10,44114303E-6	
129,80000000E-3	10,44136609E-6	
130,40000000E-3	10,42981575E-6	
130,90000000E-3	10,43727037E-6	
131,20000000E-3	10,41910247E-6	
132,10000000E-3	10,42428347E-6	
132,70000000E-3	10,41802524E-6	
133,20000000E-3	10,40948961E-6	
133,90000000E-3	10,39995769E-6	
134,60000000E-3	10,38168703E-6	
135,20000000E-3	10,38749184E-6	
135,80000000E-3	10,38231267E-6	
136,40000000E-3	10,38878515E-6	
136,80000000E-3	10,36195113E-6	
137,00000000E-3	10,33570682E-6	
138,20000000E-3	10,34129003E-6	
138,80000000E-3	10,33829407E-6	
139,40000000E-3	10,31511078E-6	
139,70000000E-3	10,31802010E-6	
140,50000000E-3	10,30652279E-6	
141,10000000E-3	10,30991780E-6	
141,70000000E-3	10,29409532E-6	
142,30000000E-3	10,30185161E-6	
142,90000000E-3	10,28373067E-6	
143,40000000E-3	10,26813922E-6	
143,90000000E-3	10,26376792E-6	
144,60000000E-3	10,24387605E-6	
145,20000000E-3	10,24358591E-6	
146,00000000E-3	10,22996579E-6	
146,30000000E-3	10,22028257E-6	
146,90000000E-3	10,21761192E-6	
147,50000000E-3	10,19773902E-6	
148,00000000E-3	10,20059568E-6	
148,70000000E-3	10,16608333E-6	
149,50000000E-3	10,17477039E-6	
150,10000000E-3	10,16766979E-6	
150,70000000E-3	10,13386612E-6	
151,20000000E-3	10,12805022E-6	
151,80000000E-3	10,18496537E-6	
152,40000000E-3	10,23491086E-6	
153,20000000E-3	10,09694787E-6	
153,80000000E-3	10,08246775E-6	
154,40000000E-3	10,08888383E-6	
155,00000000E-3	10,06754952E-6	
155,50000000E-3	10,05285917E-6	
156,10000000E-3	10,04086152E-6	
156,90000000E-3	10,03376237E-6	
157,30000000E-3	10,02366834E-6	
157,90000000E-3	10,01223201E-6	
158,40000000E-3	10,00527102E-6	
159,30000000E-3	9,97757677E-6	
159,90000000E-3	9,98911440E-6	
159,90000000E-3	9,96638264E-6	
160,90000000E-3	9,96119685E-6	
161,50000000E-3	9,95157293E-6	
162,10000000E-3	9,93427202E-6	
162,10000000E-3	9,90958644E-6	
163,40000000E-3	9,89756515E-6	
163,90000000E-3	9,89605900E-6	
164,60000000E-3	9,88887090E-6	
164,90000000E-3	9,85604075E-6	
165,60000000E-3	9,86657235E-6	
166,20000000E-3	9,85025347E-6	
166,80000000E-3	9,83505801E-6	
167,40000000E-3	9,82958799E-6	
168,00000000E-3	9,82671751E-6	
168,60000000E-3	9,81347615E-6	
169,40000000E-3	9,78275987E-6	
170,00000000E-3	9,78191539E-6	
170,60000000E-3	9,77404308E-6	
171,20000000E-3	9,77331642E-6	
171,70000000E-3	9,76106036E-6	
172,30000000E-3	9,74953619E-6	
173,20000000E-3	9,72561019E-6	
173,70000000E-3	9,71503101E-6	
174,10000000E-3	9,70459649E-6	
174,70000000E-3	9,72312644E-6	
175,20000000E-3	9,70426760E-6	
176,00000000E-3	9,68125481E-6	
176,70000000E-3	9,66774930E-6	
177,20000000E-3	9,65731950E-6	
177,80000000E-3	9,65110111E-6	
178,40000000E-3	9,64736748E-6	
179,00000000E-3	9,63778539E-6	
179,70000000E-3	9,63134683E-6	
180,10000000E-3	9,61692368E-6	
180,70000000E-3	9,59029540E-6	
181,20000000E-3	9,58585838E-6	
182,10000000E-3	9,59147568E-6	
182,70000000E-3	9,57516933E-6	
183,30000000E-3	9,55605197E-6	
183,50000000E-3	9,54666874E-6	
184,10000000E-3	9,52919284E-6	
185,00000000E-3	9,53095391E-6	
185,60000000E-3	9,51664919E-6	
186,10000000E-3	9,51479651E-6	
186,70000000E-3	9,49805617E-6	
187,30000000E-3	9,48873677E-6	
187,80000000E-3	9,49296839E-6	
188,80000000E-3	9,46954865E-6	
189,00000000E-3	9,45670021E-6	
189,60000000E-3	9,45569216E-6	
190,20000000E-3	9,44549967E-6	
191,00000000E-3	9,43107884E-6	
191,60000000E-3	9,41928590E-6	
192,20000000E-3	9,43043064E-6	
192,70000000E-3	9,41903471E-6	
193,30000000E-3	9,39725098E-6	
193,90000000E-3	9,39598748E-6	
194,80000000E-3	9,38354990E-6	
195,30000000E-3	9,36100356E-6	
195,90000000E-3	9,35056890E-6	
196,10000000E-3	9,36205561E-6	
197,00000000E-3	9,34192443E-6	
197,60000000E-3	9,32999945E-6	
198,20000000E-3	9,31850241E-6	
198,80000000E-3	9,30670390E-6	
199,30000000E-3	9,28313934E-6	
199,80000000E-3	9,28426584E-6	
