-200,00000000E-3	8,46721113E-6	
-200,00000000E-3	8,46121447E-6	
-199,90000000E-3	8,51646337E-6	
-199,70000000E-3	8,61557972E-6	
-199,40000000E-3	8,54772242E-6	
-199,10000000E-3	8,60270072E-6	
-198,80000000E-3	8,64094882E-6	
-198,30000000E-3	8,69328433E-6	
-197,90000000E-3	8,79437994E-6	
-197,30000000E-3	8,91611317E-6	
-197,10000000E-3	8,97966336E-6	
-196,60000000E-3	9,07840662E-6	
-196,10000000E-3	9,19814606E-6	
-195,50000000E-3	9,28157291E-6	
-195,00000000E-3	9,37182551E-6	
-194,40000000E-3	9,35876673E-6	
-193,90000000E-3	9,43011987E-6	
-193,30000000E-3	9,39198204E-6	
-192,70000000E-3	9,35432150E-6	
-192,10000000E-3	9,40840247E-6	
-191,50000000E-3	9,39238622E-6	
-190,90000000E-3	9,35682500E-6	
-190,30000000E-3	9,31688463E-6	
-189,70000000E-3	9,41416067E-6	
-189,10000000E-3	9,46915422E-6	
-188,40000000E-3	9,48888734E-6	
-187,90000000E-3	9,47282956E-6	
-187,20000000E-3	9,50597276E-6	
-186,60000000E-3	9,58857990E-6	
-186,00000000E-3	9,56721409E-6	
-185,40000000E-3	9,69922794E-6	
-184,80000000E-3	9,74293186E-6	
-184,20000000E-3	9,84703876E-6	
-183,50000000E-3	9,89239171E-6	
-182,90000000E-3	10,00913084E-6	
-182,30000000E-3	10,14165907E-6	
-181,70000000E-3	10,15932932E-6	
-181,10000000E-3	10,24723428E-6	
-180,70000000E-3	10,22123417E-6	
-180,10000000E-3	10,27934828E-6	
-179,50000000E-3	10,27163095E-6	
-178,90000000E-3	10,34596398E-6	
-178,20000000E-3	10,45742474E-6	
-177,90000000E-3	10,50252961E-6	
-177,30000000E-3	10,40780069E-6	
-176,70000000E-3	10,46167581E-6	
-176,10000000E-3	10,54020306E-6	
-175,50000000E-3	10,54771565E-6	
-174,80000000E-3	10,49526525E-6	
-174,20000000E-3	10,53749716E-6	
-173,60000000E-3	10,60615530E-6	
-173,00000000E-3	10,70327870E-6	
-172,40000000E-3	10,73060372E-6	
-171,80000000E-3	10,54750926E-6	
-171,10000000E-3	10,61652613E-6	
-170,50000000E-3	10,58011623E-6	
-169,90000000E-3	10,59825323E-6	
-169,30000000E-3	10,58440879E-6	
-168,70000000E-3	10,60763019E-6	
-168,10000000E-3	10,58325796E-6	
-167,40000000E-3	10,61959670E-6	
-166,80000000E-3	10,66826121E-6	
-166,20000000E-3	10,78033321E-6	
-165,60000000E-3	10,73420302E-6	
-164,90000000E-3	10,68045010E-6	
-164,30000000E-3	10,77011655E-6	
-163,70000000E-3	10,89522256E-6	
-163,10000000E-3	11,01474467E-6	
-162,40000000E-3	11,13736231E-6	
-162,10000000E-3	11,19046968E-6	
-161,50000000E-3	11,17501072E-6	
-160,90000000E-3	11,21318510E-6	
-160,20000000E-3	11,19206923E-6	
-159,60000000E-3	11,13067794E-6	
-159,00000000E-3	11,05795294E-6	
-158,70000000E-3	11,07813981E-6	
-158,10000000E-3	11,24973857E-6	
-157,40000000E-3	11,22580045E-6	
-156,80000000E-3	11,33236076E-6	
-156,20000000E-3	11,36533359E-6	
-155,60000000E-3	11,41646975E-6	
-155,00000000E-3	11,46189504E-6	
-154,40000000E-3	11,41310432E-6	
-153,70000000E-3	11,38366158E-6	
-153,10000000E-3	11,47338295E-6	
-152,50000000E-3	11,41790850E-6	
-151,90000000E-3	11,31273015E-6	
-151,20000000E-3	11,24779886E-6	
-150,60000000E-3	11,24927172E-6	
-150,00000000E-3	11,30745344E-6	
-149,40000000E-3	11,31691487E-6	
-148,80000000E-3	11,40487011E-6	
-148,10000000E-3	11,56236818E-6	
-147,50000000E-3	11,59437409E-6	
-146,90000000E-3	11,59899515E-6	
-146,30000000E-3	11,63530913E-6	
-145,60000000E-3	11,69857903E-6	
-145,10000000E-3	11,72063065E-6	
-144,40000000E-3	11,62404110E-6	
-144,10000000E-3	11,69429369E-6	
-143,50000000E-3	11,80800744E-6	
-142,80000000E-3	11,91982725E-6	
-142,20000000E-3	12,00484315E-6	
-141,60000000E-3	12,04177823E-6	
-141,00000000E-3	12,23817537E-6	
-140,40000000E-3	12,31656186E-6	
-139,80000000E-3	12,39904032E-6	
-139,10000000E-3	12,55187297E-6	
-138,50000000E-3	12,69857188E-6	
-137,90000000E-3	12,78384166E-6	
-137,30000000E-3	12,78440014E-6	
-137,00000000E-3	12,84026417E-6	
-136,40000000E-3	12,91675880E-6	
-135,70000000E-3	13,09744006E-6	
-135,10000000E-3	13,18373903E-6	
-134,50000000E-3	13,12484687E-6	
-133,90000000E-3	13,06600950E-6	
-133,20000000E-3	13,00619842E-6	
-132,60000000E-3	12,84795685E-6	
-132,00000000E-3	12,89415108E-6	
-131,40000000E-3	12,78676653E-6	
-130,70000000E-3	12,66787477E-6	
-130,10000000E-3	12,65805331E-6	
-129,50000000E-3	12,64683051E-6	
-129,20000000E-3	12,68381853E-6	
-128,30000000E-3	12,88510929E-6	
-127,90000000E-3	13,00407869E-6	
-127,30000000E-3	12,98582191E-6	
-126,40000000E-3	12,98320732E-6	
-126,00000000E-3	13,05036721E-6	
-125,40000000E-3	13,22699308E-6	
-124,80000000E-3	13,44648093E-6	
-124,20000000E-3	13,52413107E-6	
-123,60000000E-3	13,56701765E-6	
-123,00000000E-3	13,56773311E-6	
-122,40000000E-3	13,41982714E-6	
-121,70000000E-3	13,40591947E-6	
-121,10000000E-3	13,44139052E-6	
-120,50000000E-3	13,41707271E-6	
-119,90000000E-3	13,48177486E-6	
-119,60000000E-3	13,59740988E-6	
-118,60000000E-3	13,55237817E-6	
-118,40000000E-3	13,56770688E-6	
-117,70000000E-3	13,84360607E-6	
-117,10000000E-3	14,04935418E-6	
-116,50000000E-3	14,20359306E-6	
-115,60000000E-3	14,25997434E-6	
-115,00000000E-3	14,32725298E-6	
-114,40000000E-3	14,34402413E-6	
-113,90000000E-3	14,39277204E-6	
-113,30000000E-3	14,54048326E-6	
-112,70000000E-3	14,51406450E-6	
-112,10000000E-3	14,40451655E-6	
-111,60000000E-3	14,41648319E-6	
-111,00000000E-3	14,34115765E-6	
-110,40000000E-3	14,38762872E-6	
-109,60000000E-3	14,51099614E-6	
-109,30000000E-3	14,55831008E-6	
-108,70000000E-3	14,56086089E-6	
-108,20000000E-3	14,71101105E-6	
-107,30000000E-3	14,74728919E-6	
-106,70000000E-3	14,65538455E-6	
-106,10000000E-3	14,75363638E-6	
-105,60000000E-3	14,86420900E-6	
-105,00000000E-3	15,13485389E-6	
-104,40000000E-3	15,36399010E-6	
-103,60000000E-3	15,39035595E-6	
-103,00000000E-3	15,54410831E-6	
-102,70000000E-3	15,61872023E-6	
-102,10000000E-3	15,74990443E-6	
-101,30000000E-3	15,75296669E-6	
-100,70000000E-3	15,73862250E-6	
-100,10000000E-3	15,77454197E-6	
-99,60000000E-3	15,99358456E-6	
-99,00000000E-3	15,96802366E-6	
-98,30000000E-3	15,93031262E-6	
-97,60000000E-3	15,89709431E-6	
-97,00000000E-3	15,94568184E-6	
-96,40000000E-3	15,85257483E-6	
-95,90000000E-3	15,91095099E-6	
-95,30000000E-3	15,83025516E-6	
-94,70000000E-3	15,76859518E-6	
-94,20000000E-3	15,75449557E-6	
-93,60000000E-3	15,88248996E-6	
-93,00000000E-3	15,96281646E-6	
-92,20000000E-3	15,92217607E-6	
-91,90000000E-3	15,77022035E-6	
-91,30000000E-3	15,69730827E-6	
-90,80000000E-3	15,71401512E-6	
-89,90000000E-3	15,69767178E-6	
-89,30000000E-3	15,56745009E-6	
-88,70000000E-3	15,52286108E-6	
-88,10000000E-3	15,42423416E-6	
-87,60000000E-3	15,27396847E-6	
-87,00000000E-3	14,95128940E-6	
-86,20000000E-3	14,67744096E-6	
-85,60000000E-3	13,44044883E-6	
-85,00000000E-3	11,74264865E-6	
-84,40000000E-3	12,19106691E-6	
-83,90000000E-3	12,31320648E-6	
-83,30000000E-3	12,25627721E-6	
-82,80000000E-3	12,23818089E-6	
-82,20000000E-3	12,29012097E-6	
-81,60000000E-3	12,05567857E-6	
-80,90000000E-3	11,67610715E-6	
-80,20000000E-3	11,52150186E-6	
-79,60000000E-3	11,55752795E-6	
-79,10000000E-3	11,53875511E-6	
-78,50000000E-3	11,42683555E-6	
-77,90000000E-3	11,37574184E-6	
-77,40000000E-3	11,16143751E-6	
-76,80000000E-3	11,04660216E-6	
-76,20000000E-3	10,98047431E-6	
-75,60000000E-3	10,79251684E-6	
-74,80000000E-3	10,49648223E-6	
-74,20000000E-3	10,40876746E-6	
-73,60000000E-3	10,28644049E-6	
-73,30000000E-3	10,19370596E-6	
-72,50000000E-3	9,84062863E-6	
-71,90000000E-3	9,55284758E-6	
-71,40000000E-3	9,27416605E-6	
-70,80000000E-3	9,05538693E-6	
-70,20000000E-3	9,13516872E-6	
-69,60000000E-3	9,13898277E-6	
-69,10000000E-3	8,98759785E-6	
-68,50000000E-3	8,90896182E-6	
-67,90000000E-3	8,49910663E-6	
-67,40000000E-3	8,07731870E-6	
-66,50000000E-3	7,51793525E-6	
-66,00000000E-3	7,12063322E-6	
-65,30000000E-3	6,73047227E-6	
-64,80000000E-3	6,33932263E-6	
-64,20000000E-3	5,89705314E-6	
-63,50000000E-3	5,75108877E-6	
-62,80000000E-3	5,40103712E-6	
-62,20000000E-3	4,61692294E-6	
-61,90000000E-3	4,11117874E-6	
-61,20000000E-3	3,74077732E-6	
-60,50000000E-3	3,35813043E-6	
-59,90000000E-3	3,01399092E-6	
-59,30000000E-3	2,50894856E-6	
-58,80000000E-3	1,65501593E-6	
-58,20000000E-3	887,84938506E-9	
-57,40000000E-3	283,17356539E-9	
-56,80000000E-3	-101,00462013E-9	
-56,20000000E-3	-686,54340834E-9	
-56,00000000E-3	-1,24994855E-6	
-55,10000000E-3	-1,84564581E-6	
-54,50000000E-3	-2,74349985E-6	
-53,90000000E-3	-3,41539094E-6	
-53,40000000E-3	-4,21011075E-6	
-52,90000000E-3	-5,12737702E-6	
-52,20000000E-3	-6,29652780E-6	
-51,60000000E-3	-7,41512672E-6	
-51,10000000E-3	-8,15172865E-6	
-50,50000000E-3	-8,73434807E-6	
-49,90000000E-3	-9,61313094E-6	
-49,10000000E-3	-10,43823842E-6	
-48,50000000E-3	-11,44092477E-6	
-48,00000000E-3	-12,37556514E-6	
-47,40000000E-3	-13,12404333E-6	
-46,80000000E-3	-13,75405121E-6	
-46,20000000E-3	-14,73969404E-6	
-45,40000000E-3	-15,84876487E-6	
-45,10000000E-3	-16,71461472E-6	
-44,50000000E-3	-17,71397652E-6	
-43,80000000E-3	-18,85881673E-6	
-43,10000000E-3	-20,16816682E-6	
-42,60000000E-3	-21,39421883E-6	
-42,00000000E-3	-22,63514607E-6	
-41,40000000E-3	-23,45621164E-6	
-40,80000000E-3	-24,57051476E-6	
-40,00000000E-3	-25,85686008E-6	
-39,40000000E-3	-27,40579718E-6	
-38,80000000E-3	-28,96593666E-6	
-38,20000000E-3	-30,29924831E-6	
-37,70000000E-3	-31,37979243E-6	
-37,00000000E-3	-32,46023771E-6	
-36,60000000E-3	-33,21792303E-6	
-36,00000000E-3	-33,89764039E-6	
-35,40000000E-3	-34,72978642E-6	
-34,80000000E-3	-35,89025703E-6	
-34,00000000E-3	-37,02219224E-6	
-33,70000000E-3	-38,29679455E-6	
-33,10000000E-3	-39,55784645E-6	
-32,40000000E-3	-40,37861975E-6	
-31,70000000E-3	-40,83928358E-6	
-31,20000000E-3	-41,94835715E-6	
-30,50000000E-3	-43,27024399E-6	
-30,00000000E-3	-44,23764664E-6	
-29,40000000E-3	-45,03238703E-6	
-28,70000000E-3	-46,00994310E-6	
-28,30000000E-3	-47,52904735E-6	
-27,70000000E-3	-48,82110773E-6	
-27,10000000E-3	-49,84074719E-6	
-26,30000000E-3	-50,86435786E-6	
-25,70000000E-3	-51,68396461E-6	
-25,20000000E-3	-52,55893089E-6	
-24,60000000E-3	-53,61786544E-6	
-24,00000000E-3	-54,38450028E-6	
-23,20000000E-3	-55,23929455E-6	
-22,80000000E-3	-56,16715664E-6	
-22,30000000E-3	-57,16245950E-6	
-21,70000000E-3	-58,37046424E-6	
-21,00000000E-3	-59,03423258E-6	
-20,30000000E-3	-59,58725922E-6	
-19,70000000E-3	-60,55243263E-6	
-19,20000000E-3	-61,54744073E-6	
-18,60000000E-3	-62,27341226E-6	
-18,00000000E-3	-62,91286851E-6	
-17,50000000E-3	-63,69017017E-6	
-16,90000000E-3	-64,51663748E-6	
-16,30000000E-3	-65,30385086E-6	
-15,70000000E-3	-65,75783016E-6	
-14,90000000E-3	-66,29241931E-6	
-14,60000000E-3	-66,65146364E-6	
-14,00000000E-3	-67,04096235E-6	
-13,50000000E-3	-67,52475770E-6	
-12,70000000E-3	-67,69126870E-6	
-12,00000000E-3	-68,11536321E-6	
-11,40000000E-3	-68,49966463E-6	
-10,90000000E-3	-68,87803070E-6	
-10,30000000E-3	-69,08838438E-6	
-9,70000000E-3	-69,37434197E-6	
-8,80000000E-3	-69,54137600E-6	
-8,30000000E-3	-70,14854359E-6	
-7,80000000E-3	-70,68502712E-6	
-7,10000000E-3	-70,92651475E-6	
-6,60000000E-3	-70,79842143E-6	
-6,00000000E-3	-70,81774801E-6	
-5,50000000E-3	-70,75241113E-6	
-4,90000000E-3	-70,41498380E-6	
-4,30000000E-3	-69,97443012E-6	
-3,70000000E-3	-70,09898283E-6	
-2,90000000E-3	-70,59383071E-6	
-2,20000000E-3	-71,08976180E-6	
-1,60000000E-3	-71,30581925E-6	
-1,00000000E-3	-70,83301094E-6	
-500,00000000E-6	-70,27129453E-6	
300,00000000E-6	-69,81306576E-6	
1,00000000E-3	-69,68626026E-6	
1,30000000E-3	-69,63462965E-6	
1,80000000E-3	-69,39113580E-6	
2,60000000E-3	-69,07554201E-6	
3,20000000E-3	-68,80461509E-6	
3,50000000E-3	-68,19338945E-6	
4,10000000E-3	-67,78289000E-6	
4,80000000E-3	-67,55712651E-6	
5,50000000E-3	-67,36374943E-6	
6,10000000E-3	-67,15275859E-6	
6,70000000E-3	-66,71771605E-6	
7,30000000E-3	-65,76041447E-6	
7,90000000E-3	-65,00966714E-6	
8,70000000E-3	-64,43015053E-6	
9,20000000E-3	-63,91437382E-6	
9,80000000E-3	-63,25516203E-6	
10,40000000E-3	-62,60720219E-6	
11,00000000E-3	-62,07854215E-6	
11,70000000E-3	-61,64619540E-6	
12,40000000E-3	-60,97963463E-6	
13,00000000E-3	-60,08910463E-6	
13,30000000E-3	-59,20654056E-6	
14,00000000E-3	-58,34063153E-6	
14,70000000E-3	-57,39369325E-6	
15,30000000E-3	-56,18459638E-6	
15,90000000E-3	-54,88519289E-6	
16,40000000E-3	-53,85701290E-6	
17,10000000E-3	-52,90223898E-6	
17,70000000E-3	-52,25043507E-6	
18,30000000E-3	-51,47197234E-6	
18,90000000E-3	-50,64654058E-6	
19,40000000E-3	-49,87254809E-6	
20,00000000E-3	-49,14821693E-6	
20,60000000E-3	-48,39153787E-6	
21,50000000E-3	-47,70775074E-6	
21,70000000E-3	-46,82518809E-6	
22,30000000E-3	-45,76088369E-6	
22,80000000E-3	-44,44603639E-6	
23,60000000E-3	-43,38175753E-6	
24,30000000E-3	-42,11238574E-6	
24,90000000E-3	-40,64534213E-6	
25,20000000E-3	-39,55835995E-6	
26,00000000E-3	-38,51944796E-6	
26,60000000E-3	-37,50842619E-6	
27,20000000E-3	-36,33286604E-6	
27,70000000E-3	-35,19268899E-6	
28,30000000E-3	-33,96852371E-6	
28,80000000E-3	-32,50980102E-6	
29,60000000E-3	-31,35101766E-6	
30,30000000E-3	-30,24153547E-6	
30,90000000E-3	-29,07981200E-6	
31,40000000E-3	-28,03395765E-6	
32,00000000E-3	-26,86841389E-6	
32,70000000E-3	-25,90460463E-6	
33,10000000E-3	-24,89669058E-6	
33,80000000E-3	-23,62522829E-6	
34,40000000E-3	-22,74395945E-6	
35,10000000E-3	-22,21559447E-6	
35,80000000E-3	-21,36315281E-6	
36,40000000E-3	-20,71400557E-6	
37,00000000E-3	-20,33837377E-6	
37,50000000E-3	-19,92948697E-6	
38,10000000E-3	-19,51122253E-6	
38,80000000E-3	-18,65506739E-6	
39,50000000E-3	-17,81301147E-6	
40,10000000E-3	-16,80459220E-6	
40,70000000E-3	-15,92198240E-6	
41,20000000E-3	-15,17928748E-6	
41,80000000E-3	-14,32284364E-6	
42,40000000E-3	-13,39513564E-6	
42,90000000E-3	-12,56903896E-6	
43,50000000E-3	-11,75763531E-6	
44,10000000E-3	-11,27749278E-6	
44,80000000E-3	-10,56443359E-6	
45,20000000E-3	-9,69346036E-6	
45,80000000E-3	-8,97927233E-6	
46,40000000E-3	-8,52693438E-6	
47,00000000E-3	-8,30978093E-6	
47,80000000E-3	-7,79861998E-6	
48,40000000E-3	-7,17551230E-6	
48,70000000E-3	-6,45627936E-6	
49,40000000E-3	-5,68322275E-6	
50,10000000E-3	-4,67257415E-6	
50,70000000E-3	-3,87131903E-6	
51,30000000E-3	-3,23123272E-6	
51,80000000E-3	-2,34269330E-6	
52,30000000E-3	-1,83744383E-6	
53,20000000E-3	-1,34645586E-6	
53,80000000E-3	-719,60665063E-9	
54,30000000E-3	-401,92264182E-9	
54,90000000E-3	192,54715513E-9	
55,50000000E-3	730,20639344E-9	
56,20000000E-3	1,52358158E-6	
56,60000000E-3	2,55076433E-6	
57,20000000E-3	3,29016003E-6	
57,70000000E-3	3,74236118E-6	
58,30000000E-3	4,20415368E-6	
59,20000000E-3	4,54526283E-6	
59,80000000E-3	4,74089688E-6	
60,30000000E-3	5,80413871E-6	
60,90000000E-3	7,19135634E-6	
61,50000000E-3	7,58209216E-6	
62,00000000E-3	7,92562872E-6	
62,60000000E-3	8,12955339E-6	
63,20000000E-3	8,39692430E-6	
63,80000000E-3	8,60474187E-6	
64,50000000E-3	8,61089802E-6	
64,90000000E-3	8,54656127E-6	
65,50000000E-3	8,51355216E-6	
66,00000000E-3	8,59955486E-6	
66,90000000E-3	8,56315567E-6	
67,50000000E-3	8,56823892E-6	
68,10000000E-3	8,79361560E-6	
68,60000000E-3	9,04772400E-6	
69,10000000E-3	9,18021768E-6	
69,80000000E-3	9,37464148E-6	
70,30000000E-3	9,45571799E-6	
70,90000000E-3	9,61443354E-6	
71,50000000E-3	9,58750961E-6	
72,10000000E-3	9,46254109E-6	
72,90000000E-3	9,35259638E-6	
73,50000000E-3	9,46247367E-6	
74,10000000E-3	9,66325443E-6	
74,60000000E-3	9,84102275E-6	
75,20000000E-3	10,02989495E-6	
75,80000000E-3	10,11622756E-6	
76,30000000E-3	10,08450434E-6	
77,10000000E-3	10,06393810E-6	
77,70000000E-3	10,38484328E-6	
78,30000000E-3	10,56259551E-6	
78,60000000E-3	10,59909429E-6	
79,20000000E-3	10,60996834E-6	
79,90000000E-3	10,45955680E-6	
80,60000000E-3	10,36423954E-6	
81,20000000E-3	10,23337462E-6	
81,50000000E-3	10,25021053E-6	
81,70000000E-3	10,27082096E-6	
83,00000000E-3	10,40794853E-6	
83,60000000E-3	10,40469863E-6	
84,20000000E-3	10,36354879E-6	
84,70000000E-3	10,38844430E-6	
85,30000000E-3	10,37172234E-6	
86,20000000E-3	10,30685933E-6	
86,80000000E-3	10,18395169E-6	
87,30000000E-3	10,10410943E-6	
87,90000000E-3	10,05328615E-6	
88,50000000E-3	9,86320999E-6	
89,20000000E-3	9,78222438E-6	
89,60000000E-3	9,69519723E-6	
90,10000000E-3	9,76205613E-6	
90,70000000E-3	9,79926217E-6	
91,30000000E-3	9,60720114E-6	
91,60000000E-3	9,49483533E-6	
92,90000000E-3	9,45398937E-6	
93,50000000E-3	9,40788635E-6	
93,70000000E-3	9,25545843E-6	
94,60000000E-3	8,97698375E-6	
95,20000000E-3	8,78527011E-6	
95,80000000E-3	8,84400522E-6	
96,30000000E-3	8,81201011E-6	
96,80000000E-3	8,81080389E-6	
97,40000000E-3	8,92144930E-6	
98,10000000E-3	9,08164052E-6	
98,60000000E-3	9,14234608E-6	
99,20000000E-3	9,04607953E-6	
99,70000000E-3	9,07318928E-6	
100,40000000E-3	9,15951857E-6	
101,10000000E-3	9,13620645E-6	
101,50000000E-3	8,96512356E-6	
102,10000000E-3	8,92839371E-6	
102,60000000E-3	9,00042038E-6	
103,40000000E-3	9,21793987E-6	
104,00000000E-3	9,22691482E-6	
104,30000000E-3	9,25562307E-6	
105,20000000E-3	9,21470841E-6	
105,70000000E-3	9,28892547E-6	
106,30000000E-3	9,21846420E-6	
107,00000000E-3	9,15576519E-6	
107,60000000E-3	8,95399545E-6	
108,40000000E-3	8,94392648E-6	
108,80000000E-3	8,96625729E-6	
109,30000000E-3	9,19008206E-6	
109,90000000E-3	9,21782397E-6	
110,50000000E-3	9,07706555E-6	
111,20000000E-3	8,93217758E-6	
111,90000000E-3	8,92677400E-6	
112,20000000E-3	8,99811389E-6	
113,10000000E-3	9,02905513E-6	
113,70000000E-3	9,02402315E-6	
114,30000000E-3	9,07195639E-6	
114,80000000E-3	9,07307633E-6	
115,40000000E-3	8,91276654E-6	
116,00000000E-3	8,83208542E-6	
116,60000000E-3	8,81120595E-6	
117,20000000E-3	8,87454132E-6	
117,90000000E-3	8,79596197E-6	
118,30000000E-3	9,04054343E-6	
118,80000000E-3	9,03718036E-6	
119,40000000E-3	9,08986452E-6	
120,30000000E-3	9,13976158E-6	
120,90000000E-3	9,15416717E-6	
121,20000000E-3	8,95404344E-6	
121,50000000E-3	8,73038934E-6	
122,60000000E-3	8,65118339E-6	
123,20000000E-3	8,55446890E-6	
123,80000000E-3	8,55367323E-6	
124,30000000E-3	8,69847941E-6	
125,00000000E-3	8,70142445E-6	
125,50000000E-3	8,56968924E-6	
126,30000000E-3	8,49900987E-6	
127,00000000E-3	8,45200449E-6	
127,50000000E-3	8,52766810E-6	
128,10000000E-3	8,58088756E-6	
128,60000000E-3	8,56747132E-6	
129,30000000E-3	8,46337722E-6	
129,80000000E-3	8,34755505E-6	
130,40000000E-3	8,33368069E-6	
130,90000000E-3	8,37670115E-6	
131,50000000E-3	8,44670852E-6	
132,30000000E-3	8,52509102E-6	
132,90000000E-3	8,56878229E-6	
133,50000000E-3	8,52364286E-6	
134,10000000E-3	8,49452072E-6	
134,70000000E-3	8,49221142E-6	
135,10000000E-3	8,45873636E-6	
135,90000000E-3	8,38815968E-6	
136,40000000E-3	8,26539272E-6	
137,00000000E-3	8,24653114E-6	
137,60000000E-3	8,30276686E-6	
138,20000000E-3	8,36356099E-6	
138,70000000E-3	8,35172904E-6	
139,60000000E-3	8,35851156E-6	
139,90000000E-3	8,27952032E-6	
140,40000000E-3	8,16219368E-6	
141,00000000E-3	8,10131163E-6	
141,80000000E-3	8,15004448E-6	
142,40000000E-3	8,02314557E-6	
143,00000000E-3	7,89213809E-6	
143,60000000E-3	7,89759338E-6	
144,20000000E-3	7,86729333E-6	
144,80000000E-3	7,78474344E-6	
145,30000000E-3	7,81195783E-6	
146,00000000E-3	7,70171470E-6	
146,50000000E-3	7,72483613E-6	
147,00000000E-3	7,85213465E-6	
147,60000000E-3	7,84720950E-6	
148,50000000E-3	7,74269234E-6	
149,00000000E-3	7,70125644E-6	
149,60000000E-3	7,61002744E-6	
150,20000000E-3	7,54882105E-6	
150,80000000E-3	7,59832688E-6	
151,40000000E-3	7,60297773E-6	
152,10000000E-3	7,58584146E-6	
152,80000000E-3	7,57721708E-6	
153,40000000E-3	7,53858464E-6	
153,90000000E-3	7,51900723E-6	
154,50000000E-3	7,54238740E-6	
155,10000000E-3	7,58290781E-6	
155,90000000E-3	7,57061855E-6	
156,30000000E-3	7,55521944E-6	
156,80000000E-3	7,54898288E-6	
157,40000000E-3	7,39849799E-6	
158,20000000E-3	7,37719053E-6	
158,80000000E-3	7,44613634E-6	
159,20000000E-3	7,45147587E-6	
159,80000000E-3	7,39787955E-6	
160,30000000E-3	7,33312723E-6	
160,90000000E-3	7,25349725E-6	
161,70000000E-3	7,15140388E-6	
162,30000000E-3	7,11915646E-6	
162,60000000E-3	7,14146124E-6	
163,20000000E-3	7,08037330E-6	
163,90000000E-3	6,99035400E-6	
164,60000000E-3	7,07637370E-6	
165,20000000E-3	7,07065001E-6	
165,80000000E-3	7,07909318E-6	
166,30000000E-3	7,02492998E-6	
166,90000000E-3	6,96471246E-6	
167,60000000E-3	6,94131480E-6	
168,40000000E-3	6,87028306E-6	
169,00000000E-3	6,74969547E-6	
169,20000000E-3	6,79862384E-6	
169,80000000E-3	6,80094678E-6	
170,70000000E-3	6,85390750E-6	
171,20000000E-3	6,83631104E-6	
171,80000000E-3	6,83314158E-6	
172,40000000E-3	6,84748610E-6	
173,20000000E-3	6,91265882E-6	
173,80000000E-3	6,87704248E-6	
174,40000000E-3	6,79522966E-6	
175,00000000E-3	6,74983108E-6	
175,30000000E-3	6,62487394E-6	
176,20000000E-3	6,70029728E-6	
176,70000000E-3	6,62546249E-6	
177,30000000E-3	6,63186646E-6	
177,30000000E-3	6,60552563E-6	
178,30000000E-3	6,57481702E-6	
178,90000000E-3	6,52053125E-6	
179,70000000E-3	6,52660744E-6	
180,10000000E-3	6,45673059E-6	
180,40000000E-3	6,45062652E-6	
181,50000000E-3	6,52414156E-6	
181,50000000E-3	6,55610561E-6	
182,60000000E-3	6,55799553E-6	
183,20000000E-3	6,57854806E-6	
183,80000000E-3	6,56277005E-6	
184,40000000E-3	6,61440547E-6	
184,40000000E-3	6,54499409E-6	
185,60000000E-3	6,51465360E-6	
186,10000000E-3	6,52201954E-6	
186,80000000E-3	6,51670940E-6	
187,30000000E-3	6,49399449E-6	
187,90000000E-3	6,44415772E-6	
188,50000000E-3	6,42595100E-6	
189,20000000E-3	6,36615560E-6	
189,30000000E-3	6,38673887E-6	
190,40000000E-3	6,38442732E-6	
190,90000000E-3	6,33829291E-6	
191,50000000E-3	6,26671262E-6	
192,10000000E-3	6,31860126E-6	
192,80000000E-3	6,24399953E-6	
193,50000000E-3	6,25380045E-6	
193,90000000E-3	6,30761048E-6	
194,40000000E-3	6,34797231E-6	
195,00000000E-3	6,34632612E-6	
195,80000000E-3	6,30947719E-6	
196,40000000E-3	6,25566329E-6	
197,00000000E-3	6,22903488E-6	
197,60000000E-3	6,23608164E-6	
197,90000000E-3	6,13749312E-6	
198,70000000E-3	6,06491124E-6	
199,30000000E-3	5,93605448E-6	
199,80000000E-3	5,90558581E-6	
