-200,00000000E-3	8,44582814E-6	
-200,00000000E-3	8,42580955E-6	
-199,90000000E-3	8,48894382E-6	
-199,70000000E-3	8,46595674E-6	
-199,40000000E-3	8,47428828E-6	
-199,10000000E-3	8,50342039E-6	
-198,80000000E-3	8,52676709E-6	
-198,30000000E-3	8,59808040E-6	
-198,10000000E-3	8,66349476E-6	
-197,70000000E-3	8,69414969E-6	
-197,10000000E-3	8,75579693E-6	
-196,70000000E-3	8,81894505E-6	
-196,10000000E-3	8,87969822E-6	
-195,60000000E-3	8,92750722E-6	
-195,00000000E-3	9,00041211E-6	
-194,50000000E-3	9,03567161E-6	
-193,90000000E-3	9,08088235E-6	
-193,30000000E-3	9,09755581E-6	
-192,70000000E-3	9,11288776E-6	
-192,10000000E-3	9,11578007E-6	
-191,50000000E-3	9,15765595E-6	
-190,90000000E-3	9,16508616E-6	
-190,30000000E-3	9,21737544E-6	
-189,70000000E-3	9,25451910E-6	
-189,00000000E-3	9,25585577E-6	
-188,50000000E-3	9,24641435E-6	
-187,90000000E-3	9,29239724E-6	
-187,30000000E-3	9,35216804E-6	
-186,70000000E-3	9,40126244E-6	
-186,10000000E-3	9,45861308E-6	
-185,50000000E-3	9,49070824E-6	
-184,90000000E-3	9,54767089E-6	
-184,20000000E-3	9,62236430E-6	
-183,60000000E-3	9,65331006E-6	
-183,00000000E-3	9,71648144E-6	
-182,40000000E-3	9,76014772E-6	
-181,70000000E-3	9,81218264E-6	
-181,10000000E-3	9,90053639E-6	
-180,50000000E-3	9,90686588E-6	
-179,90000000E-3	9,93467397E-6	
-179,20000000E-3	9,96747613E-6	
-178,60000000E-3	10,01527569E-6	
-178,30000000E-3	10,11777350E-6	
-177,70000000E-3	10,13759871E-6	
-177,00000000E-3	10,19055072E-6	
-176,50000000E-3	10,20026529E-6	
-175,80000000E-3	10,23364434E-6	
-175,20000000E-3	10,25038647E-6	
-174,60000000E-3	10,32307421E-6	
-174,00000000E-3	10,30639375E-6	
-173,30000000E-3	10,36161528E-6	
-172,80000000E-3	10,34875235E-6	
-172,10000000E-3	10,36922611E-6	
-171,50000000E-3	10,37679362E-6	
-170,90000000E-3	10,33768000E-6	
-170,30000000E-3	10,34304934E-6	
-169,60000000E-3	10,41189999E-6	
-169,10000000E-3	10,47810229E-6	
-168,40000000E-3	10,50773244E-6	
-167,80000000E-3	10,53212168E-6	
-167,50000000E-3	10,56396107E-6	
-166,80000000E-3	10,61926817E-6	
-166,20000000E-3	10,60787598E-6	
-165,50000000E-3	10,68276698E-6	
-165,00000000E-3	10,74500749E-6	
-164,40000000E-3	10,76170995E-6	
-163,70000000E-3	10,80501438E-6	
-163,10000000E-3	10,90954901E-6	
-162,50000000E-3	11,01091543E-6	
-161,90000000E-3	11,02975927E-6	
-161,20000000E-3	11,03189920E-6	
-160,60000000E-3	11,05809780E-6	
-160,00000000E-3	11,09379367E-6	
-159,40000000E-3	11,10251239E-6	
-158,80000000E-3	11,15978050E-6	
-158,20000000E-3	11,19116283E-6	
-157,60000000E-3	11,24843643E-6	
-157,00000000E-3	11,28865233E-6	
-156,30000000E-3	11,31327773E-6	
-155,70000000E-3	11,35727063E-6	
-155,30000000E-3	11,36639161E-6	
-154,70000000E-3	11,33873083E-6	
-154,10000000E-3	11,32670628E-6	
-153,50000000E-3	11,32720724E-6	
-152,90000000E-3	11,29599338E-6	
-152,10000000E-3	11,25807357E-6	
-151,50000000E-3	11,21190673E-6	
-151,10000000E-3	11,20683220E-6	
-150,50000000E-3	11,18167667E-6	
-150,00000000E-3	11,22460602E-6	
-149,30000000E-3	11,25002825E-6	
-148,70000000E-3	11,34411722E-6	
-148,10000000E-3	11,38963927E-6	
-147,50000000E-3	11,41921116E-6	
-147,00000000E-3	11,43991145E-6	
-146,40000000E-3	11,51003597E-6	
-145,80000000E-3	11,55463799E-6	
-145,20000000E-3	11,59112050E-6	
-144,60000000E-3	11,63231037E-6	
-143,90000000E-3	11,67178982E-6	
-143,20000000E-3	11,74568799E-6	
-142,50000000E-3	11,80619234E-6	
-142,00000000E-3	11,82719733E-6	
-141,30000000E-3	11,93089562E-6	
-140,80000000E-3	12,00905562E-6	
-140,30000000E-3	12,09559236E-6	
-139,60000000E-3	12,14706331E-6	
-139,10000000E-3	12,22508034E-6	
-138,50000000E-3	12,30404468E-6	
-138,00000000E-3	12,39635433E-6	
-137,20000000E-3	12,46766647E-6	
-136,50000000E-3	12,55451018E-6	
-135,90000000E-3	12,63153959E-6	
-135,40000000E-3	12,69479988E-6	
-134,80000000E-3	12,72388513E-6	
-134,20000000E-3	12,75079147E-6	
-133,70000000E-3	12,68403482E-6	
-133,10000000E-3	12,70302783E-6	
-132,60000000E-3	12,67752562E-6	
-132,00000000E-3	12,61404265E-6	
-131,20000000E-3	12,59717149E-6	
-130,80000000E-3	12,53134353E-6	
-130,20000000E-3	12,51498338E-6	
-129,70000000E-3	12,58313851E-6	
-128,90000000E-3	12,64755817E-6	
-128,30000000E-3	12,72283686E-6	
-127,70000000E-3	12,82959440E-6	
-127,10000000E-3	12,96963120E-6	
-126,60000000E-3	13,02572996E-6	
-125,90000000E-3	13,12047580E-6	
-125,20000000E-3	13,13858369E-6	
-124,60000000E-3	13,23921123E-6	
-124,00000000E-3	13,30250735E-6	
-123,50000000E-3	13,36103783E-6	
-122,90000000E-3	13,35237430E-6	
-122,30000000E-3	13,26982968E-6	
-121,70000000E-3	13,28579158E-6	
-121,20000000E-3	13,33987539E-6	
-120,60000000E-3	13,38669695E-6	
-119,90000000E-3	13,46470009E-6	
-119,20000000E-3	13,55138975E-6	
-118,60000000E-3	13,60521504E-6	
-118,00000000E-3	13,68383636E-6	
-117,40000000E-3	13,80038349E-6	
-116,90000000E-3	13,88929328E-6	
-116,00000000E-3	13,95229985E-6	
-115,40000000E-3	14,00933530E-6	
-115,20000000E-3	14,03305394E-6	
-114,60000000E-3	14,08733718E-6	
-113,80000000E-3	14,06524168E-6	
-113,20000000E-3	14,13170100E-6	
-112,60000000E-3	14,22302898E-6	
-112,00000000E-3	14,24262072E-6	
-111,50000000E-3	14,31328985E-6	
-110,90000000E-3	14,34076012E-6	
-110,30000000E-3	14,42831025E-6	
-109,80000000E-3	14,46642186E-6	
-109,20000000E-3	14,44219529E-6	
-108,50000000E-3	14,49126608E-6	
-107,80000000E-3	14,50542335E-6	
-107,50000000E-3	14,51815838E-6	
-106,90000000E-3	14,54723290E-6	
-106,30000000E-3	14,56786556E-6	
-105,50000000E-3	14,63639621E-6	
-104,90000000E-3	14,77895353E-6	
-104,30000000E-3	14,92781400E-6	
-103,80000000E-3	15,01747050E-6	
-103,20000000E-3	15,15464234E-6	
-102,50000000E-3	15,20204648E-6	
-101,70000000E-3	15,13149119E-6	
-101,20000000E-3	15,21267417E-6	
-100,60000000E-3	15,26655297E-6	
-100,00000000E-3	15,34411304E-6	
-99,50000000E-3	15,40421534E-6	
-98,60000000E-3	15,50195308E-6	
-98,10000000E-3	15,50230953E-6	
-97,50000000E-3	15,41056102E-6	
-97,20000000E-3	15,46067015E-6	
-96,30000000E-3	15,47494857E-6	
-95,70000000E-3	15,53132570E-6	
-95,20000000E-3	15,49794423E-6	
-94,60000000E-3	15,51766840E-6	
-94,10000000E-3	15,42006550E-6	
-93,40000000E-3	13,05377830E-6	
-92,90000000E-3	15,13898361E-6	
-92,40000000E-3	15,47413432E-6	
-91,80000000E-3	15,51726726E-6	
-91,10000000E-3	15,56516187E-6	
-90,60000000E-3	15,61328968E-6	
-90,10000000E-3	15,62053841E-6	
-89,60000000E-3	15,61914426E-6	
-88,90000000E-3	15,41889086E-6	
-88,00000000E-3	15,26087248E-6	
-87,40000000E-3	15,21308461E-6	
-86,80000000E-3	14,97930846E-6	
-86,40000000E-3	14,69983796E-6	
-85,80000000E-3	14,44342286E-6	
-85,00000000E-3	14,27706035E-6	
-84,30000000E-3	14,19276953E-6	
-83,80000000E-3	14,24638573E-6	
-83,20000000E-3	14,32568524E-6	
-82,60000000E-3	14,04535064E-6	
-82,10000000E-3	13,80789125E-6	
-81,50000000E-3	13,61741592E-6	
-80,90000000E-3	13,39121639E-6	
-80,30000000E-3	13,19137173E-6	
-79,80000000E-3	13,01893569E-6	
-78,90000000E-3	12,85421166E-6	
-78,30000000E-3	12,80020599E-6	
-77,80000000E-3	12,66178601E-6	
-77,30000000E-3	12,49268700E-6	
-76,70000000E-3	12,18064440E-6	
-76,10000000E-3	12,01657555E-6	
-75,50000000E-3	11,91200543E-6	
-74,90000000E-3	11,74591276E-6	
-74,30000000E-3	11,58957390E-6	
-73,60000000E-3	11,41357781E-6	
-72,90000000E-3	11,16629613E-6	
-72,70000000E-3	10,86709618E-6	
-72,10000000E-3	10,56517877E-6	
-71,40000000E-3	10,22269583E-6	
-70,70000000E-3	9,96729188E-6	
-70,10000000E-3	9,83843638E-6	
-69,50000000E-3	9,77331102E-6	
-68,90000000E-3	9,57024462E-6	
-68,30000000E-3	9,40905349E-6	
-67,50000000E-3	9,13290304E-6	
-67,00000000E-3	8,71874392E-6	
-66,40000000E-3	8,18117712E-6	
-65,80000000E-3	7,66940481E-6	
-65,30000000E-3	7,26799808E-6	
-64,60000000E-3	6,90845215E-6	
-64,10000000E-3	6,56457806E-6	
-63,50000000E-3	6,33410072E-6	
-62,90000000E-3	6,02109874E-6	
-62,40000000E-3	5,51263038E-6	
-61,50000000E-3	5,03070182E-6	
-60,90000000E-3	4,64969741E-6	
-60,40000000E-3	4,27097285E-6	
-59,80000000E-3	3,77104667E-6	
-59,20000000E-3	3,30542833E-6	
-58,70000000E-3	2,85097832E-6	
-57,80000000E-3	2,18662847E-6	
-57,20000000E-3	1,50042462E-6	
-56,90000000E-3	838,50875917E-9	
-56,20000000E-3	95,47032376E-9	
-55,50000000E-3	-730,99386196E-9	
-55,00000000E-3	-1,28980966E-6	
-54,40000000E-3	-1,93613289E-6	
-53,80000000E-3	-2,50348919E-6	
-53,20000000E-3	-3,23136992E-6	
-52,70000000E-3	-4,00978752E-6	
-52,10000000E-3	-4,84025940E-6	
-51,50000000E-3	-5,80663666E-6	
-50,90000000E-3	-6,73717228E-6	
-50,10000000E-3	-7,68011160E-6	
-49,80000000E-3	-8,47577866E-6	
-49,30000000E-3	-9,51987145E-6	
-48,70000000E-3	-10,40321908E-6	
-47,80000000E-3	-11,47249950E-6	
-47,20000000E-3	-12,14691049E-6	
-46,70000000E-3	-12,87041448E-6	
-46,10000000E-3	-13,74340431E-6	
-45,50000000E-3	-14,48505120E-6	
-44,90000000E-3	-15,20924902E-6	
-44,10000000E-3	-16,22384810E-6	
-43,60000000E-3	-17,36423270E-6	
-43,00000000E-3	-18,70347038E-6	
-42,40000000E-3	-19,93858704E-6	
-41,80000000E-3	-21,16486554E-6	
-41,20000000E-3	-22,17217834E-6	
-40,40000000E-3	-23,42103294E-6	
-40,10000000E-3	-24,63396463E-6	
-39,60000000E-3	-25,67656433E-6	
-38,80000000E-3	-26,83233888E-6	
-38,10000000E-3	-27,83810261E-6	
-37,60000000E-3	-28,79607371E-6	
-37,00000000E-3	-30,07607674E-6	
-36,40000000E-3	-31,25882785E-6	
-35,80000000E-3	-32,15301753E-6	
-35,30000000E-3	-33,09668276E-6	
-34,70000000E-3	-34,06128650E-6	
-34,10000000E-3	-35,13979514E-6	
-33,50000000E-3	-35,99741999E-6	
-32,70000000E-3	-36,94125360E-6	
-32,40000000E-3	-38,00128391E-6	
-31,80000000E-3	-38,94612191E-6	
-31,10000000E-3	-40,01125419E-6	
-30,40000000E-3	-40,81067181E-6	
-29,80000000E-3	-41,91519388E-6	
-29,30000000E-3	-42,93769508E-6	
-28,80000000E-3	-43,89179830E-6	
-28,20000000E-3	-44,85014140E-6	
-27,40000000E-3	-46,06234526E-6	
-26,70000000E-3	-47,11825701E-6	
-26,20000000E-3	-48,25861443E-6	
-25,60000000E-3	-49,44505190E-6	
-25,10000000E-3	-50,53928980E-6	
-24,30000000E-3	-51,22207203E-6	
-23,90000000E-3	-52,16392515E-6	
-23,30000000E-3	-52,94131480E-6	
-22,70000000E-3	-53,94034829E-6	
-21,90000000E-3	-54,91794099E-6	
-21,30000000E-3	-55,64301937E-6	
-20,80000000E-3	-56,22031166E-6	
-20,20000000E-3	-56,73763013E-6	
-19,60000000E-3	-57,56071161E-6	
-19,10000000E-3	-58,19768978E-6	
-18,30000000E-3	-58,74922391E-6	
-17,60000000E-3	-59,78762441E-6	
-17,00000000E-3	-60,49812971E-6	
-16,70000000E-3	-61,23919038E-6	
-16,20000000E-3	-62,07593385E-6	
-15,30000000E-3	-62,59307929E-6	
-14,80000000E-3	-63,09481908E-6	
-14,20000000E-3	-63,67149413E-6	
-13,60000000E-3	-63,86798619E-6	
-13,00000000E-3	-64,18525063E-6	
-12,50000000E-3	-64,35255115E-6	
-11,90000000E-3	-64,55361987E-6	
-11,30000000E-3	-64,57914868E-6	
-10,80000000E-3	-64,99446561E-6	
-10,10000000E-3	-65,21484768E-6	
-9,40000000E-3	-65,63555850E-6	
-8,80000000E-3	-65,80539340E-6	
-8,20000000E-3	-65,72370230E-6	
-7,60000000E-3	-65,81688468E-6	
-7,10000000E-3	-65,99009119E-6	
-6,50000000E-3	-69,65322227E-6	
-5,90000000E-3	-69,27539830E-6	
-5,30000000E-3	-67,09689164E-6	
-4,60000000E-3	-66,87340996E-6	
-3,90000000E-3	-66,46179824E-6	
-3,30000000E-3	-66,32098264E-6	
-2,70000000E-3	-66,43043772E-6	
-2,10000000E-3	-66,49154183E-6	
-1,50000000E-3	-66,30875868E-6	
-1,00000000E-3	-65,97662868E-6	
-400,00000000E-6	-65,64573875E-6	
200,00000000E-6	-65,50951499E-6	
800,00000000E-6	-65,47167803E-6	
1,50000000E-3	-65,22178363E-6	
2,20000000E-3	-65,03397986E-6	
2,50000000E-3	-64,96984581E-6	
3,10000000E-3	-64,72497996E-6	
3,90000000E-3	-64,28809267E-6	
4,50000000E-3	-63,58255747E-6	
5,10000000E-3	-63,51412449E-6	
5,70000000E-3	-63,20674976E-6	
6,30000000E-3	-62,99630327E-6	
7,00000000E-3	-62,50331628E-6	
7,70000000E-3	-61,78648014E-6	
8,30000000E-3	-60,94988490E-6	
8,50000000E-3	-60,26655134E-6	
9,10000000E-3	-59,67630006E-6	
10,00000000E-3	-59,15681708E-6	
10,50000000E-3	-58,72360301E-6	
11,10000000E-3	-58,38919088E-6	
11,70000000E-3	-57,90961982E-6	
12,30000000E-3	-57,37224941E-6	
12,90000000E-3	-56,88787460E-6	
13,40000000E-3	-56,29331584E-6	
14,20000000E-3	-55,26660460E-6	
14,60000000E-3	-54,36958564E-6	
15,50000000E-3	-53,45915998E-6	
16,10000000E-3	-52,39713041E-6	
16,70000000E-3	-51,36679348E-6	
17,20000000E-3	-50,47339406E-6	
18,10000000E-3	-49,77839612E-6	
18,30000000E-3	-48,94789242E-6	
18,90000000E-3	-48,23620840E-6	
19,50000000E-3	-47,54739781E-6	
20,30000000E-3	-46,83841969E-6	
20,90000000E-3	-45,93529889E-6	
21,50000000E-3	-45,00461027E-6	
21,70000000E-3	-44,24318282E-6	
22,40000000E-3	-43,57889799E-6	
23,20000000E-3	-42,82724625E-6	
23,20000000E-3	-41,84325004E-6	
24,30000000E-3	-40,96966084E-6	
24,90000000E-3	-39,92806420E-6	
25,50000000E-3	-38,87822762E-6	
26,00000000E-3	-37,89522737E-6	
26,90000000E-3	-36,90211957E-6	
27,50000000E-3	-35,70445845E-6	
27,70000000E-3	-34,66982436E-6	
28,60000000E-3	-33,48067757E-6	
29,20000000E-3	-32,31213065E-6	
29,90000000E-3	-31,28605236E-6	
30,40000000E-3	-30,10089043E-6	
30,90000000E-3	-29,17598896E-6	
31,50000000E-3	-28,35320555E-6	
32,00000000E-3	-27,43423550E-6	
32,90000000E-3	-26,40241618E-6	
33,40000000E-3	-25,20392608E-6	
34,00000000E-3	-24,31637601E-6	
34,40000000E-3	-23,39039759E-6	
35,10000000E-3	-22,53336930E-6	
35,90000000E-3	-21,60685444E-6	
36,60000000E-3	-20,84936708E-6	
37,20000000E-3	-19,99203132E-6	
37,40000000E-3	-19,15542361E-6	
38,20000000E-3	-18,46699401E-6	
38,90000000E-3	-17,76098749E-6	
39,50000000E-3	-17,10308323E-6	
40,00000000E-3	-16,35682715E-6	
40,30000000E-3	-15,76451340E-6	
41,20000000E-3	-15,09910512E-6	
41,80000000E-3	-14,34004213E-6	
42,30000000E-3	-13,56920854E-6	
43,00000000E-3	-12,84470691E-6	
43,40000000E-3	-11,92843100E-6	
44,00000000E-3	-11,01148342E-6	
44,60000000E-3	-10,34886835E-6	
45,20000000E-3	-9,81132214E-6	
45,80000000E-3	-9,24951269E-6	
46,30000000E-3	-8,54046921E-6	
47,00000000E-3	-8,09722213E-6	
47,70000000E-3	-7,56376616E-6	
48,30000000E-3	-7,00220842E-6	
48,90000000E-3	-6,19819067E-6	
49,40000000E-3	-5,31175548E-6	
50,00000000E-3	-4,48949533E-6	
50,90000000E-3	-3,76514862E-6	
51,40000000E-3	-2,90765193E-6	
52,00000000E-3	-2,11395816E-6	
52,50000000E-3	-1,40828002E-6	
53,10000000E-3	-916,63091781E-9	
53,90000000E-3	-382,97782846E-9	
54,60000000E-3	194,43578144E-9	
55,10000000E-3	840,61309738E-9	
55,40000000E-3	1,37546910E-6	
56,00000000E-3	1,95210670E-6	
56,80000000E-3	2,62748869E-6	
57,40000000E-3	3,28508025E-6	
58,00000000E-3	3,67132146E-6	
58,60000000E-3	4,20816198E-6	
59,10000000E-3	4,70477660E-6	
59,70000000E-3	4,97199582E-6	
60,00000000E-3	5,38359601E-6	
61,00000000E-3	5,75321951E-6	
61,60000000E-3	6,07474893E-6	
62,10000000E-3	6,49111579E-6	
62,70000000E-3	6,78699791E-6	
63,30000000E-3	7,20134497E-6	
63,90000000E-3	7,64938222E-6	
64,50000000E-3	7,88400294E-6	
65,10000000E-3	8,06284695E-6	
65,70000000E-3	8,29785477E-6	
66,50000000E-3	8,29279130E-6	
67,00000000E-3	8,55406656E-6	
67,30000000E-3	8,73207366E-6	
68,10000000E-3	8,91489661E-6	
68,70000000E-3	9,08555355E-6	
69,20000000E-3	9,20011712E-6	
69,90000000E-3	9,35873331E-6	
70,60000000E-3	9,58019246E-6	
71,20000000E-3	9,79620084E-6	
71,80000000E-3	9,95068820E-6	
72,20000000E-3	10,03455814E-6	
72,90000000E-3	10,09063220E-6	
73,50000000E-3	10,14767091E-6	
74,10000000E-3	10,21037865E-6	
74,70000000E-3	10,31578455E-6	
75,30000000E-3	10,40991706E-6	
76,00000000E-3	10,49029806E-6	
76,60000000E-3	10,50108804E-6	
77,20000000E-3	10,64498139E-6	
77,80000000E-3	10,74912431E-6	
78,40000000E-3	10,89260523E-6	
79,00000000E-3	11,04490109E-6	
79,50000000E-3	11,09214177E-6	
80,10000000E-3	11,07257105E-6	
80,70000000E-3	11,04991468E-6	
81,20000000E-3	11,03520888E-6	
81,80000000E-3	11,06653512E-6	
82,40000000E-3	11,06684697E-6	
83,00000000E-3	11,12030392E-6	
83,60000000E-3	11,13169664E-6	
84,10000000E-3	11,12393495E-6	
84,90000000E-3	11,09512466E-6	
85,50000000E-3	11,07600320E-6	
86,10000000E-3	10,99313320E-6	
86,70000000E-3	10,83956504E-6	
87,30000000E-3	10,71440858E-6	
87,90000000E-3	10,61730293E-6	
88,40000000E-3	10,53134436E-6	
89,00000000E-3	10,52470502E-6	
89,60000000E-3	10,46731185E-6	
90,20000000E-3	10,33324738E-6	
91,00000000E-3	10,28754390E-6	
91,50000000E-3	10,18690369E-6	
92,10000000E-3	10,10935733E-6	
93,00000000E-3	10,05781988E-6	
93,50000000E-3	9,96673598E-6	
93,90000000E-3	9,86596937E-6	
94,40000000E-3	9,74029763E-6	
95,00000000E-3	9,57055042E-6	
95,90000000E-3	9,47985207E-6	
96,50000000E-3	9,50157994E-6	
97,00000000E-3	9,56029798E-6	
97,60000000E-3	9,56114608E-6	
98,10000000E-3	9,52960634E-6	
98,80000000E-3	9,54381748E-6	
99,30000000E-3	9,53132916E-6	
99,90000000E-3	9,56478248E-6	
100,50000000E-3	9,56835779E-6	
101,00000000E-3	9,47981708E-6	
101,00000000E-3	9,47779114E-6	
101,30000000E-3	9,51258475E-6	
102,80000000E-3	9,57605731E-6	
103,40000000E-3	9,60353314E-6	
104,30000000E-3	9,59507656E-6	
104,80000000E-3	9,61274519E-6	
105,40000000E-3	9,66397129E-6	
105,70000000E-3	9,62286034E-6	
106,40000000E-3	9,61929132E-6	
107,10000000E-3	9,56040380E-6	
107,50000000E-3	9,50183798E-6	
108,60000000E-3	9,35104322E-6	
108,80000000E-3	9,35055659E-6	
109,40000000E-3	9,35856128E-6	
110,00000000E-3	9,33266597E-6	
110,70000000E-3	9,29748275E-6	
111,50000000E-3	9,27157511E-6	
112,00000000E-3	9,20760711E-6	
112,60000000E-3	9,20239530E-6	
113,20000000E-3	9,22349003E-6	
113,50000000E-3	9,22981911E-6	
114,40000000E-3	9,21694487E-6	
115,00000000E-3	9,24847095E-6	
115,50000000E-3	9,16873420E-6	
116,10000000E-3	9,16924222E-6	
116,80000000E-3	9,14227061E-6	
117,50000000E-3	9,17190195E-6	
117,90000000E-3	9,25629469E-6	
118,50000000E-3	9,27297135E-6	
119,00000000E-3	9,29608817E-6	
119,80000000E-3	9,27665100E-6	
120,40000000E-3	9,26781355E-6	
121,00000000E-3	9,16318939E-6	
121,30000000E-3	9,07888680E-6	
122,00000000E-3	9,04690856E-6	
122,70000000E-3	9,05154822E-6	
123,30000000E-3	9,02377283E-6	
123,80000000E-3	8,99564627E-6	
124,40000000E-3	8,99704544E-6	
125,00000000E-3	8,93981974E-6	
125,80000000E-3	8,91558363E-6	
126,40000000E-3	8,88780769E-6	
127,00000000E-3	8,87777788E-6	
127,30000000E-3	8,86653911E-6	
128,10000000E-3	8,82886577E-6	
128,60000000E-3	8,84626834E-6	
129,20000000E-3	8,81337316E-6	
129,80000000E-3	8,80850183E-6	
130,70000000E-3	8,77156668E-6	
131,00000000E-3	8,80073913E-6	
131,60000000E-3	8,82925684E-6	
132,20000000E-3	8,81372593E-6	
133,00000000E-3	8,77858398E-6	
133,60000000E-3	8,73821368E-6	
134,20000000E-3	8,70407467E-6	
134,70000000E-3	8,71721859E-6	
135,30000000E-3	8,67226419E-6	
135,80000000E-3	8,67369976E-6	
136,50000000E-3	8,67196707E-6	
137,10000000E-3	8,61994218E-6	
137,70000000E-3	8,59190286E-6	
138,10000000E-3	8,54727472E-6	
138,80000000E-3	8,53501652E-6	
139,50000000E-3	8,54558620E-6	
140,00000000E-3	8,53454397E-6	
140,50000000E-3	8,50597621E-6	
141,00000000E-3	8,52183219E-6	
141,90000000E-3	8,45795414E-6	
142,50000000E-3	8,36270275E-6	
143,10000000E-3	8,35285147E-6	
143,70000000E-3	8,33582832E-6	
144,30000000E-3	8,28270050E-6	
144,70000000E-3	8,21679681E-6	
145,40000000E-3	8,22926176E-6	
146,30000000E-3	8,24350731E-6	
146,80000000E-3	8,26016172E-6	
147,40000000E-3	8,22298608E-6	
147,70000000E-3	8,21212534E-6	
148,50000000E-3	8,17623598E-6	
149,10000000E-3	8,09605501E-6	
149,70000000E-3	8,00315022E-6	
150,20000000E-3	7,96133315E-6	
150,80000000E-3	7,96871882E-6	
151,40000000E-3	7,99179482E-6	
152,20000000E-3	7,94140416E-6	
152,90000000E-3	7,92479488E-6	
153,40000000E-3	7,87328457E-6	
153,40000000E-3	7,82767548E-6	
154,60000000E-3	7,77496990E-6	
155,10000000E-3	7,79322101E-6	
155,80000000E-3	7,78121088E-6	
156,10000000E-3	7,77610295E-6	
156,90000000E-3	7,77062294E-6	
157,50000000E-3	7,74664958E-6	
157,70000000E-3	7,73573422E-6	
158,40000000E-3	7,73577971E-6	
159,00000000E-3	7,71961672E-6	
159,90000000E-3	7,69801953E-6	
160,40000000E-3	7,65842955E-6	
161,00000000E-3	7,62110819E-6	
161,60000000E-3	7,56405000E-6	
162,20000000E-3	7,58339149E-6	
162,80000000E-3	7,56801175E-6	
163,50000000E-3	7,54986889E-6	
164,20000000E-3	7,51938164E-6	
164,80000000E-3	7,51149982E-6	
165,30000000E-3	7,46265907E-6	
165,90000000E-3	7,38008053E-6	
166,50000000E-3	7,37586548E-6	
167,30000000E-3	7,36089387E-6	
167,60000000E-3	7,31482304E-6	
167,90000000E-3	7,28009584E-6	
169,10000000E-3	7,29621601E-6	
169,70000000E-3	7,29496372E-6	
169,90000000E-3	7,28353753E-6	
170,70000000E-3	7,27243215E-6	
171,30000000E-3	7,25947036E-6	
171,90000000E-3	7,23445846E-6	
172,50000000E-3	7,18742433E-6	
173,30000000E-3	7,13446346E-6	
173,90000000E-3	7,13074782E-6	
174,20000000E-3	7,11511631E-6	
174,80000000E-3	7,08730458E-6	
175,40000000E-3	7,09073213E-6	
176,20000000E-3	7,06816458E-6	
176,80000000E-3	7,06111388E-6	
177,00000000E-3	6,99236196E-6	
177,60000000E-3	6,98693687E-6	
178,50000000E-3	6,93739056E-6	
179,10000000E-3	6,92579552E-6	
179,60000000E-3	6,85729178E-6	
180,20000000E-3	6,86410360E-6	
180,80000000E-3	6,88664549E-6	
181,40000000E-3	6,88629414E-6	
182,20000000E-3	6,91106392E-6	
182,80000000E-3	6,91256955E-6	
183,30000000E-3	6,88365232E-6	
184,00000000E-3	6,93175124E-6	
184,50000000E-3	6,93196071E-6	
185,10000000E-3	6,92091138E-6	
185,70000000E-3	6,89201288E-6	
186,20000000E-3	6,88135135E-6	
186,90000000E-3	6,82852660E-6	
187,40000000E-3	6,81749024E-6	
188,10000000E-3	6,83885422E-6	
188,90000000E-3	6,81940349E-6	
189,40000000E-3	6,80021577E-6	
189,90000000E-3	6,80259753E-6	
190,60000000E-3	6,76581946E-6	
191,20000000E-3	6,78605135E-6	
191,80000000E-3	6,82323170E-6	
192,30000000E-3	6,82683145E-6	
193,20000000E-3	6,82886502E-6	
193,40000000E-3	6,76713509E-6	
194,10000000E-3	6,73484301E-6	
194,70000000E-3	6,76186821E-6	
195,50000000E-3	6,73482920E-6	
196,10000000E-3	6,70941364E-6	
196,70000000E-3	6,74008117E-6	
196,90000000E-3	6,72919879E-6	
197,60000000E-3	6,71395861E-6	
198,40000000E-3	6,71117448E-6	
199,00000000E-3	6,67324094E-6	
199,50000000E-3	6,58162951E-6	
200,00000000E-3	6,56154821E-6	
