-200,20000000E-3	10,49223215E-6	
-200,20000000E-3	10,47983394E-6	
-200,00000000E-3	10,47830755E-6	
-199,90000000E-3	10,49806125E-6	
-199,50000000E-3	10,48917883E-6	
-199,20000000E-3	10,49402399E-6	
-198,90000000E-3	10,48404830E-6	
-198,40000000E-3	10,49733122E-6	
-198,00000000E-3	10,49968117E-6	
-197,50000000E-3	10,51394190E-6	
-197,00000000E-3	10,52568698E-6	
-196,50000000E-3	10,52188776E-6	
-196,00000000E-3	10,53950609E-6	
-195,50000000E-3	10,53677289E-6	
-195,20000000E-3	10,51690905E-6	
-194,70000000E-3	10,54137887E-6	
-194,10000000E-3	10,54993785E-6	
-193,50000000E-3	10,56499464E-6	
-193,00000000E-3	10,56509290E-6	
-192,30000000E-3	10,55446540E-6	
-191,80000000E-3	10,57531946E-6	
-191,20000000E-3	10,58819565E-6	
-190,60000000E-3	10,58866101E-6	
-189,90000000E-3	10,60915759E-6	
-189,40000000E-3	10,60232580E-6	
-188,90000000E-3	10,60180634E-6	
-188,20000000E-3	10,60595891E-6	
-187,60000000E-3	10,61037398E-6	
-187,00000000E-3	10,63333387E-6	
-186,40000000E-3	10,62624466E-6	
-185,80000000E-3	10,63084129E-6	
-185,20000000E-3	10,64402412E-6	
-184,60000000E-3	10,65163843E-6	
-184,00000000E-3	10,66145885E-6	
-183,30000000E-3	10,67647343E-6	
-182,50000000E-3	10,67603047E-6	
-182,00000000E-3	10,68144113E-6	
-181,30000000E-3	10,67740704E-6	
-181,00000000E-3	10,69236760E-6	
-180,40000000E-3	10,71017770E-6	
-179,90000000E-3	10,70980792E-6	
-179,30000000E-3	10,70445387E-6	
-178,60000000E-3	10,72507577E-6	
-178,00000000E-3	10,70983727E-6	
-177,40000000E-3	10,73185558E-6	
-176,90000000E-3	10,73289185E-6	
-176,20000000E-3	10,73753337E-6	
-175,70000000E-3	10,73196476E-6	
-175,10000000E-3	10,73140986E-6	
-174,70000000E-3	10,73783152E-6	
-174,00000000E-3	10,76275406E-6	
-173,40000000E-3	10,75404172E-6	
-172,60000000E-3	10,77237266E-6	
-172,00000000E-3	10,76798915E-6	
-171,40000000E-3	10,76858101E-6	
-170,80000000E-3	10,76880792E-6	
-170,10000000E-3	10,75474536E-6	
-169,60000000E-3	10,76239301E-6	
-169,00000000E-3	10,77762349E-6	
-168,30000000E-3	10,76979684E-6	
-168,10000000E-3	10,77767125E-6	
-167,50000000E-3	10,79016172E-6	
-166,70000000E-3	10,79386432E-6	
-166,00000000E-3	10,78962723E-6	
-165,30000000E-3	10,80399968E-6	
-164,70000000E-3	10,80084937E-6	
-164,10000000E-3	10,78939509E-6	
-163,50000000E-3	10,79363925E-6	
-163,30000000E-3	10,80829583E-6	
-162,60000000E-3	10,81076832E-6	
-162,00000000E-3	10,80486784E-6	
-161,40000000E-3	10,80877733E-6	
-160,80000000E-3	10,81162308E-6	
-160,20000000E-3	10,81891364E-6	
-159,60000000E-3	10,80592527E-6	
-159,00000000E-3	10,79771556E-6	
-158,40000000E-3	10,80947256E-6	
-157,80000000E-3	10,80342917E-6	
-157,20000000E-3	10,81698804E-6	
-156,60000000E-3	10,80133795E-6	
-156,00000000E-3	10,80264034E-6	
-155,40000000E-3	10,80815918E-6	
-154,80000000E-3	10,79987287E-6	
-154,10000000E-3	10,80512314E-6	
-153,50000000E-3	10,78955740E-6	
-153,00000000E-3	10,78731202E-6	
-152,20000000E-3	10,78692989E-6	
-151,70000000E-3	10,78269767E-6	
-151,10000000E-3	10,77532234E-6	
-150,60000000E-3	10,77377689E-6	
-149,90000000E-3	10,77884413E-6	
-149,30000000E-3	10,77101687E-6	
-148,80000000E-3	10,76325277E-6	
-148,10000000E-3	10,73941231E-6	
-147,60000000E-3	10,73987517E-6	
-146,90000000E-3	10,74822540E-6	
-146,20000000E-3	10,72768882E-6	
-145,80000000E-3	10,72110226E-6	
-145,20000000E-3	10,72318305E-6	
-144,50000000E-3	10,71270821E-6	
-143,90000000E-3	10,69557874E-6	
-143,40000000E-3	10,68297692E-6	
-142,80000000E-3	10,68559343E-6	
-142,10000000E-3	10,67620596E-6	
-141,50000000E-3	10,66043257E-6	
-140,90000000E-3	10,65024526E-6	
-140,30000000E-3	10,63348184E-6	
-139,70000000E-3	10,62371771E-6	
-139,10000000E-3	10,60334557E-6	
-138,60000000E-3	10,60368865E-6	
-138,20000000E-3	10,59699662E-6	
-137,60000000E-3	10,58947512E-6	
-137,00000000E-3	10,57231292E-6	
-136,40000000E-3	10,52938776E-6	
-135,60000000E-3	10,53156527E-6	
-134,90000000E-3	10,52973029E-6	
-134,30000000E-3	10,50920159E-6	
-133,60000000E-3	10,49114297E-6	
-133,10000000E-3	10,48304698E-6	
-132,40000000E-3	10,45584096E-6	
-132,00000000E-3	10,44672931E-6	
-131,50000000E-3	10,41612150E-6	
-130,80000000E-3	10,40685473E-6	
-130,20000000E-3	10,38700195E-6	
-129,60000000E-3	10,36625272E-6	
-129,00000000E-3	10,33431132E-6	
-128,30000000E-3	10,32177445E-6	
-127,80000000E-3	10,29848753E-6	
-127,50000000E-3	10,27392482E-6	
-126,70000000E-3	10,24972526E-6	
-126,00000000E-3	10,23670446E-6	
-125,40000000E-3	10,19721992E-6	
-124,80000000E-3	10,18083053E-6	
-124,20000000E-3	10,15308120E-6	
-123,80000000E-3	10,13133936E-6	
-123,30000000E-3	10,09034621E-6	
-122,70000000E-3	10,06341035E-6	
-122,10000000E-3	10,03551881E-6	
-121,50000000E-3	10,01396436E-6	
-120,80000000E-3	9,99410007E-6	
-120,20000000E-3	9,95227286E-6	
-119,60000000E-3	9,91041968E-6	
-119,00000000E-3	9,89072119E-6	
-118,30000000E-3	9,85350588E-6	
-117,70000000E-3	9,83202187E-6	
-117,00000000E-3	9,76949664E-6	
-116,50000000E-3	9,74216369E-6	
-115,80000000E-3	9,71015865E-6	
-115,20000000E-3	9,66849221E-6	
-114,60000000E-3	9,64755841E-6	
-114,00000000E-3	9,60279714E-6	
-113,30000000E-3	9,56803260E-6	
-112,70000000E-3	9,52964569E-6	
-112,10000000E-3	9,48379888E-6	
-111,50000000E-3	9,43551547E-6	
-110,80000000E-3	9,39004380E-6	
-110,20000000E-3	9,34578013E-6	
-109,60000000E-3	9,31076781E-6	
-109,30000000E-3	9,27315102E-6	
-108,70000000E-3	9,21592497E-6	
-108,00000000E-3	9,17630933E-6	
-107,40000000E-3	9,13588080E-6	
-106,80000000E-3	9,07852507E-6	
-106,20000000E-3	9,03822008E-6	
-105,60000000E-3	8,97430709E-6	
-104,90000000E-3	8,92919320E-6	
-104,60000000E-3	8,88022314E-6	
-104,00000000E-3	8,81973456E-6	
-103,40000000E-3	8,78563850E-6	
-102,80000000E-3	8,70748733E-6	
-102,10000000E-3	8,65273548E-6	
-101,60000000E-3	8,60106105E-6	
-100,90000000E-3	8,53774159E-6	
-100,30000000E-3	8,47979706E-6	
-99,70000000E-3	8,41281853E-6	
-99,10000000E-3	8,34308631E-6	
-98,40000000E-3	8,28818477E-6	
-97,80000000E-3	8,22124537E-6	
-97,10000000E-3	8,15401592E-6	
-96,50000000E-3	8,08648224E-6	
-96,00000000E-3	8,02942466E-6	
-95,30000000E-3	7,95669945E-6	
-94,70000000E-3	7,85645143E-6	
-94,00000000E-3	7,81005573E-6	
-93,50000000E-3	7,73552650E-6	
-92,80000000E-3	7,64517730E-6	
-92,30000000E-3	7,56958909E-6	
-91,60000000E-3	7,50992204E-6	
-91,00000000E-3	7,44076681E-6	
-90,40000000E-3	7,34795644E-6	
-89,80000000E-3	7,27584566E-6	
-89,10000000E-3	7,20966339E-6	
-88,50000000E-3	7,12026842E-6	
-87,90000000E-3	7,04187165E-6	
-87,50000000E-3	6,96638299E-6	
-86,90000000E-3	6,88319349E-6	
-86,30000000E-3	6,77936306E-6	
-85,70000000E-3	6,69453643E-6	
-85,00000000E-3	6,62723605E-6	
-84,80000000E-3	6,55252728E-6	
-84,10000000E-3	6,46364167E-6	
-83,50000000E-3	6,37253404E-6	
-82,90000000E-3	6,29167794E-6	
-82,30000000E-3	6,20310818E-6	
-81,60000000E-3	6,11291330E-6	
-81,00000000E-3	6,01159830E-6	
-80,40000000E-3	5,90015928E-6	
-79,80000000E-3	5,80731091E-6	
-79,10000000E-3	5,71454629E-6	
-78,50000000E-3	5,62179703E-6	
-77,90000000E-3	5,53322069E-6	
-77,30000000E-3	5,83063588E-6	
-76,70000000E-3	5,38082939E-6	
-76,10000000E-3	5,22594061E-6	
-75,50000000E-3	5,12861355E-6	
-74,90000000E-3	5,02175336E-6	
-74,20000000E-3	4,91590336E-6	
-73,70000000E-3	4,82464624E-6	
-73,00000000E-3	4,71915479E-6	
-72,40000000E-3	4,61455551E-6	
-71,70000000E-3	4,48905583E-6	
-71,20000000E-3	4,39420026E-6	
-70,50000000E-3	4,29808985E-6	
-70,30000000E-3	4,19137295E-6	
-69,60000000E-3	4,07348298E-6	
-69,00000000E-3	3,98017177E-6	
-68,30000000E-3	3,88508461E-6	
-67,80000000E-3	3,76659000E-6	
-67,10000000E-3	3,65109359E-6	
-66,50000000E-3	3,55134037E-6	
-66,00000000E-3	3,44467484E-6	
-65,30000000E-3	3,34735986E-6	
-64,70000000E-3	3,23738250E-6	
-64,10000000E-3	3,13251153E-6	
-63,40000000E-3	3,01294236E-6	
-63,20000000E-3	2,89443263E-6	
-62,50000000E-3	2,79233781E-6	
-61,90000000E-3	2,66935527E-6	
-61,30000000E-3	2,56331805E-6	
-60,70000000E-3	2,44204684E-6	
-60,00000000E-3	2,32759769E-6	
-59,40000000E-3	2,22106461E-6	
-58,80000000E-3	2,11423158E-6	
-58,20000000E-3	1,99316606E-6	
-57,60000000E-3	1,87819834E-6	
-57,00000000E-3	1,77425368E-6	
-56,30000000E-3	1,66888407E-6	
-55,70000000E-3	1,53896549E-6	
-55,10000000E-3	1,43483861E-6	
-54,50000000E-3	1,32543161E-6	
-53,90000000E-3	1,20560231E-6	
-53,30000000E-3	1,07350906E-6	
-52,70000000E-3	973,53289165E-9	
-52,00000000E-3	856,85705317E-9	
-51,50000000E-3	761,37252220E-9	
-50,80000000E-3	645,13312289E-9	
-50,20000000E-3	529,89599892E-9	
-49,50000000E-3	424,06522234E-9	
-48,90000000E-3	322,86236758E-9	
-48,60000000E-3	213,34792405E-9	
-48,00000000E-3	104,10369545E-9	
-47,40000000E-3	3,85661512E-9	
-46,70000000E-3	-105,49005253E-9	
-46,10000000E-3	-221,43600647E-9	
-45,80000000E-3	-329,23241595E-9	
-45,20000000E-3	-427,12138324E-9	
-44,50000000E-3	-528,61494027E-9	
-44,00000000E-3	-642,23335096E-9	
-43,30000000E-3	-745,93123636E-9	
-42,70000000E-3	-852,86369611E-9	
-42,10000000E-3	-961,94709655E-9	
-41,50000000E-3	-1,07044818E-6	
-40,80000000E-3	-1,16749280E-6	
-40,20000000E-3	-1,26143504E-6	
-39,60000000E-3	-1,37268835E-6	
-39,00000000E-3	-1,47143642E-6	
-38,30000000E-3	-1,57511546E-6	
-37,80000000E-3	-1,67143750E-6	
-37,10000000E-3	-1,75094836E-6	
-36,50000000E-3	-1,86037278E-6	
-35,90000000E-3	-1,94586687E-6	
-35,30000000E-3	-2,06794745E-6	
-34,60000000E-3	-2,13912075E-6	
-34,00000000E-3	-2,22878031E-6	
-33,30000000E-3	-2,30992894E-6	
-32,80000000E-3	-2,41023910E-6	
-32,10000000E-3	-2,48745545E-6	
-31,50000000E-3	-2,57727400E-6	
-30,90000000E-3	-2,66172521E-6	
-30,30000000E-3	-2,73606142E-6	
-29,60000000E-3	-2,81394796E-6	
-29,10000000E-3	-2,89814238E-6	
-28,50000000E-3	-2,97313881E-6	
-27,90000000E-3	-3,04803094E-6	
-27,20000000E-3	-3,12106967E-6	
-27,00000000E-3	-3,20538099E-6	
-26,20000000E-3	-3,28473008E-6	
-25,60000000E-3	-3,34158599E-6	
-24,90000000E-3	-3,39319389E-6	
-24,30000000E-3	-3,47364051E-6	
-24,00000000E-3	-3,51254891E-6	
-23,40000000E-3	-3,59562773E-6	
-22,80000000E-3	-3,65148000E-6	
-22,10000000E-3	-3,70377384E-6	
-21,50000000E-3	-3,74349049E-6	
-20,70000000E-3	-3,79846071E-6	
-20,10000000E-3	-3,84785650E-6	
-19,60000000E-3	-3,90852997E-6	
-19,30000000E-3	-3,96985802E-6	
-18,70000000E-3	-4,03343440E-6	
-17,90000000E-3	-4,07562017E-6	
-17,30000000E-3	-4,12216748E-6	
-16,60000000E-3	-4,15677987E-6	
-16,00000000E-3	-4,21007467E-6	
-15,40000000E-3	-4,24719595E-6	
-14,80000000E-3	-4,28468898E-6	
-14,30000000E-3	-4,32220580E-6	
-13,60000000E-3	-4,36508499E-6	
-13,10000000E-3	-4,39282260E-6	
-12,50000000E-3	-4,43180188E-6	
-11,70000000E-3	-4,45856449E-6	
-11,00000000E-3	-4,47704148E-6	
-10,50000000E-3	-4,50412477E-6	
-9,90000000E-3	-4,51060524E-6	
-9,30000000E-3	-4,53518706E-6	
-8,70000000E-3	-4,55892244E-6	
-8,20000000E-3	-4,58193976E-6	
-7,70000000E-3	-4,60164072E-6	
-7,10000000E-3	-4,60308216E-6	
-6,30000000E-3	-4,62250421E-6	
-5,90000000E-3	-4,61806279E-6	
-5,30000000E-3	-4,62303572E-6	
-4,80000000E-3	-4,63141870E-6	
-4,20000000E-3	-4,64880425E-6	
-3,30000000E-3	-4,64154914E-6	
-3,00000000E-3	-4,62957374E-6	
-2,30000000E-3	-4,63162925E-6	
-1,80000000E-3	-4,64259769E-6	
-900,00000000E-6	-4,63644475E-6	
-300,00000000E-6	-4,61406490E-6	
300,00000000E-6	-4,62444950E-6	
800,00000000E-6	-4,61834538E-6	
1,40000000E-3	-4,58871114E-6	
2,00000000E-3	-4,56092209E-6	
2,90000000E-3	-4,53854092E-6	
3,20000000E-3	-4,53008937E-6	
3,70000000E-3	-4,50099405E-6	
4,40000000E-3	-4,48418234E-6	
5,20000000E-3	-4,45623931E-6	
5,70000000E-3	-4,41051318E-6	
6,30000000E-3	-4,38439488E-6	
6,90000000E-3	-4,36336873E-6	
7,40000000E-3	-4,33505011E-6	
8,20000000E-3	-4,30612199E-6	
8,90000000E-3	-4,26718073E-6	
9,50000000E-3	-4,22783451E-6	
9,80000000E-3	-4,28382993E-6	
10,60000000E-3	-4,30081238E-6	
11,10000000E-3	-4,09070688E-6	
11,70000000E-3	-3,74402387E-6	
12,30000000E-3	-3,63076678E-6	
12,60000000E-3	-3,60450704E-6	
13,50000000E-3	-3,54859725E-6	
14,00000000E-3	-3,51060479E-6	
14,60000000E-3	-3,46245780E-6	
15,20000000E-3	-3,40430443E-6	
15,70000000E-3	-3,37400125E-6	
16,40000000E-3	-3,32217232E-6	
16,90000000E-3	-3,25159126E-6	
17,80000000E-3	-3,21751692E-6	
18,40000000E-3	-3,15226987E-6	
19,00000000E-3	-3,09251256E-6	
19,50000000E-3	-3,03346644E-6	
20,10000000E-3	-2,99123933E-6	
20,60000000E-3	-2,92826463E-6	
21,20000000E-3	-2,86832699E-6	
21,80000000E-3	-2,78973511E-6	
22,40000000E-3	-2,74375127E-6	
22,90000000E-3	-2,66795341E-6	
23,50000000E-3	-2,58132798E-6	
24,30000000E-3	-2,52647610E-6	
24,80000000E-3	-2,46052872E-6	
25,50000000E-3	-2,37826889E-6	
26,00000000E-3	-2,30406712E-6	
26,60000000E-3	-2,22573435E-6	
27,30000000E-3	-2,14935462E-6	
28,00000000E-3	-2,08115607E-6	
28,40000000E-3	-2,01264664E-6	
28,90000000E-3	-1,94040193E-6	
29,60000000E-3	-1,84962809E-6	
30,40000000E-3	-1,77880191E-6	
31,00000000E-3	-1,71163137E-6	
31,30000000E-3	-1,62056844E-6	
31,80000000E-3	-1,54660814E-6	
32,70000000E-3	-1,45222018E-6	
33,30000000E-3	-1,36959094E-6	
33,80000000E-3	-1,27944103E-6	
34,40000000E-3	-1,18322932E-6	
35,00000000E-3	-1,09536760E-6	
35,50000000E-3	-996,71803391E-9	
36,40000000E-3	-918,60285290E-9	
36,90000000E-3	-813,87107306E-9	
37,50000000E-3	-708,25323616E-9	
38,10000000E-3	-611,17935705E-9	
38,70000000E-3	-524,76706129E-9	
39,60000000E-3	-434,83480273E-9	
40,10000000E-3	-339,15668881E-9	
40,20000000E-3	-246,87367495E-9	
41,20000000E-3	-158,34068449E-9	
41,80000000E-3	-50,56889566E-9	
42,30000000E-3	41,21213211E-9	
42,90000000E-3	143,02503695E-9	
43,80000000E-3	247,32534217E-9	
44,10000000E-3	335,47882956E-9	
44,90000000E-3	430,42939994E-9	
45,40000000E-3	542,81235518E-9	
46,00000000E-3	619,15127430E-9	
46,60000000E-3	735,11947406E-9	
47,20000000E-3	828,36663349E-9	
47,70000000E-3	930,11632168E-9	
48,30000000E-3	1,02198030E-6	
48,90000000E-3	1,12314344E-6	
49,50000000E-3	1,22243534E-6	
50,10000000E-3	1,32107019E-6	
50,60000000E-3	1,40808104E-6	
51,20000000E-3	1,51303988E-6	
51,80000000E-3	1,62796235E-6	
52,40000000E-3	1,71359356E-6	
52,90000000E-3	1,81393287E-6	
53,60000000E-3	1,90597243E-6	
54,40000000E-3	1,99128482E-6	
55,00000000E-3	2,10654419E-6	
55,50000000E-3	2,20634151E-6	
56,10000000E-3	2,30230004E-6	
56,60000000E-3	2,41188992E-6	
57,20000000E-3	2,51671012E-6	
57,80000000E-3	2,60802810E-6	
58,30000000E-3	2,70012582E-6	
58,90000000E-3	2,79138858E-6	
59,80000000E-3	2,88891832E-6	
60,40000000E-3	2,98710384E-6	
61,00000000E-3	3,10085914E-6	
61,50000000E-3	3,20886043E-6	
62,10000000E-3	3,30762262E-6	
62,80000000E-3	3,39044416E-6	
63,50000000E-3	3,48665499E-6	
64,10000000E-3	3,58399152E-6	
64,60000000E-3	3,68194150E-6	
65,20000000E-3	3,77365563E-6	
65,80000000E-3	3,87406321E-6	
66,30000000E-3	3,96107082E-6	
67,00000000E-3	4,05587106E-6	
67,50000000E-3	4,12349864E-6	
68,10000000E-3	4,21574760E-6	
68,90000000E-3	4,31533233E-6	
69,50000000E-3	4,40513097E-6	
69,80000000E-3	4,48220527E-6	
70,30000000E-3	4,57340115E-6	
71,10000000E-3	4,65170815E-6	
71,70000000E-3	4,72074401E-6	
72,30000000E-3	4,81206862E-6	
72,60000000E-3	4,90762910E-6	
73,20000000E-3	4,99398431E-6	
74,00000000E-3	5,08160682E-6	
74,60000000E-3	5,15577492E-6	
75,20000000E-3	5,25263461E-6	
75,80000000E-3	5,33219298E-6	
76,30000000E-3	5,40591722E-6	
77,20000000E-3	5,47803116E-6	
77,80000000E-3	5,56759212E-6	
77,80000000E-3	5,65231812E-6	
78,90000000E-3	5,73518281E-6	
79,40000000E-3	5,80676072E-6	
80,00000000E-3	5,87706609E-6	
80,80000000E-3	5,95450300E-6	
81,50000000E-3	6,01979950E-6	
82,10000000E-3	6,09334043E-6	
82,60000000E-3	6,18441527E-6	
83,20000000E-3	6,25917439E-6	
83,80000000E-3	6,33094650E-6	
84,50000000E-3	6,39631090E-6	
85,20000000E-3	6,46113180E-6	
85,80000000E-3	6,52806850E-6	
86,00000000E-3	6,59079878E-6	
86,70000000E-3	6,64655707E-6	
87,60000000E-3	6,71763752E-6	
88,10000000E-3	6,78384631E-6	
88,60000000E-3	6,83446509E-6	
89,20000000E-3	6,88181262E-6	
89,80000000E-3	6,95160546E-6	
90,40000000E-3	7,00356916E-6	
91,00000000E-3	7,06400156E-6	
91,30000000E-3	7,12237796E-6	
92,20000000E-3	7,19107038E-6	
92,70000000E-3	7,24225034E-6	
93,40000000E-3	7,29501525E-6	
93,90000000E-3	7,36017459E-6	
94,50000000E-3	7,41578314E-6	
95,10000000E-3	7,47407786E-6	
96,00000000E-3	7,52567030E-6	
96,50000000E-3	7,57990251E-6	
97,00000000E-3	7,61973121E-6	
97,40000000E-3	7,67311141E-6	
98,10000000E-3	7,72324710E-6	
98,70000000E-3	7,76754359E-6	
99,30000000E-3	7,82664695E-6	
99,90000000E-3	7,88093802E-6	
100,50000000E-3	7,92141914E-6	
101,30000000E-3	7,95528073E-6	
101,90000000E-3	8,01101856E-6	
102,50000000E-3	8,05483096E-6	
103,10000000E-3	8,09823457E-6	
103,60000000E-3	8,13329281E-6	
104,20000000E-3	8,17101084E-6	
104,90000000E-3	8,21547531E-6	
105,60000000E-3	8,24981935E-6	
105,90000000E-3	8,29605078E-6	
106,60000000E-3	8,31814923E-6	
107,40000000E-3	8,36887373E-6	
107,90000000E-3	8,41222865E-6	
108,50000000E-3	8,44883656E-6	
109,10000000E-3	8,48571814E-6	
109,60000000E-3	8,50763615E-6	
110,20000000E-3	8,53471655E-6	
110,80000000E-3	8,57934363E-6	
111,60000000E-3	8,61726254E-6	
111,90000000E-3	8,64373504E-6	
112,50000000E-3	8,68491724E-6	
113,20000000E-3	8,69080098E-6	
113,90000000E-3	8,71400135E-6	
114,50000000E-3	8,75233809E-6	
115,10000000E-3	8,77293690E-6	
115,60000000E-3	8,80750247E-6	
116,20000000E-3	8,83082409E-6	
116,80000000E-3	8,86862087E-6	
117,30000000E-3	8,90579283E-6	
117,90000000E-3	8,92017185E-6	
118,40000000E-3	8,94039340E-6	
119,20000000E-3	8,97346707E-6	
119,60000000E-3	8,98699769E-6	
120,20000000E-3	9,01067201E-6	
120,80000000E-3	9,03393945E-6	
121,30000000E-3	9,05786344E-6	
122,20000000E-3	9,09291477E-6	
122,20000000E-3	9,09915002E-6	
123,10000000E-3	9,11524847E-6	
123,80000000E-3	9,13542953E-6	
124,30000000E-3	9,15417603E-6	
125,10000000E-3	9,18399650E-6	
125,70000000E-3	9,18184927E-6	
126,30000000E-3	9,20828553E-6	
126,90000000E-3	9,23013418E-6	
127,50000000E-3	9,25089878E-6	
128,10000000E-3	9,26379323E-6	
128,60000000E-3	9,28552584E-6	
129,10000000E-3	9,30397175E-6	
129,70000000E-3	9,32391855E-6	
130,30000000E-3	9,33625508E-6	
131,00000000E-3	9,34784165E-6	
131,70000000E-3	9,36142425E-6	
132,30000000E-3	9,38767784E-6	
132,80000000E-3	9,39623851E-6	
133,40000000E-3	9,42148082E-6	
134,00000000E-3	9,42392527E-6	
134,60000000E-3	9,43576563E-6	
135,20000000E-3	9,43382793E-6	
135,70000000E-3	9,45045550E-6	
136,40000000E-3	9,46576433E-6	
137,20000000E-3	9,47833956E-6	
137,70000000E-3	9,49641628E-6	
138,00000000E-3	9,49930733E-6	
138,60000000E-3	9,51181483E-6	
139,40000000E-3	9,53807046E-6	
140,00000000E-3	9,54959198E-6	
140,60000000E-3	9,55096502E-6	
141,20000000E-3	9,55188741E-6	
141,70000000E-3	9,56620184E-6	
142,40000000E-3	9,57318700E-6	
142,90000000E-3	9,57592778E-6	
143,50000000E-3	9,59837215E-6	
144,00000000E-3	9,60026384E-6	
144,70000000E-3	9,61643199E-6	
145,20000000E-3	9,61498099E-6	
145,80000000E-3	9,62355243E-6	
146,40000000E-3	9,65131044E-6	
146,90000000E-3	9,65142520E-6	
147,80000000E-3	9,64617195E-6	
148,30000000E-3	9,65599820E-6	
148,90000000E-3	9,64854371E-6	
149,50000000E-3	9,66324818E-6	
150,00000000E-3	9,69465902E-6	
150,80000000E-3	9,69063331E-6	
151,50000000E-3	9,70357679E-6	
152,10000000E-3	9,69709155E-6	
152,60000000E-3	9,71113368E-6	
153,20000000E-3	9,71862156E-6	
153,80000000E-3	9,71083806E-6	
154,50000000E-3	9,71431211E-6	
154,70000000E-3	9,71104585E-6	
155,80000000E-3	9,72229962E-6	
156,40000000E-3	9,74008454E-6	
157,00000000E-3	9,74102020E-6	
157,50000000E-3	9,75615884E-6	
158,10000000E-3	9,75360039E-6	
158,60000000E-3	9,74639762E-6	
159,20000000E-3	9,76112933E-6	
159,80000000E-3	9,75480388E-6	
160,40000000E-3	9,75955822E-6	
161,10000000E-3	9,75987764E-6	
161,80000000E-3	9,77761896E-6	
162,40000000E-3	9,77989772E-6	
163,00000000E-3	9,76754852E-6	
163,60000000E-3	9,77718976E-6	
164,10000000E-3	9,78150381E-6	
164,60000000E-3	9,78434216E-6	
165,20000000E-3	9,77681783E-6	
165,80000000E-3	9,79254556E-6	
166,40000000E-3	9,78357966E-6	
167,10000000E-3	9,80335406E-6	
167,80000000E-3	9,79576778E-6	
168,10000000E-3	9,79924007E-6	
168,60000000E-3	9,80620992E-6	
168,90000000E-3	9,80756047E-6	
170,00000000E-3	9,79860697E-6	
170,60000000E-3	9,79283985E-6	
171,20000000E-3	9,79859305E-6	
171,80000000E-3	9,80601052E-6	
172,40000000E-3	9,79520725E-6	
173,10000000E-3	9,80721798E-6	
173,70000000E-3	9,80415637E-6	
174,30000000E-3	9,81018333E-6	
174,90000000E-3	9,82059907E-6	
175,50000000E-3	9,80807440E-6	
176,10000000E-3	9,82318260E-6	
176,90000000E-3	9,80757967E-6	
177,50000000E-3	9,80931397E-6	
178,10000000E-3	9,82146800E-6	
178,60000000E-3	9,82379634E-6	
179,20000000E-3	9,80060362E-6	
179,50000000E-3	9,81092247E-6	
180,40000000E-3	9,80406447E-6	
181,00000000E-3	9,81177434E-6	
181,60000000E-3	9,82188204E-6	
182,30000000E-3	9,81514092E-6	
182,70000000E-3	9,81796458E-6	
183,30000000E-3	9,82135824E-6	
183,90000000E-3	9,81974151E-6	
184,70000000E-3	9,82978619E-6	
185,30000000E-3	9,81620113E-6	
185,90000000E-3	9,80992753E-6	
186,50000000E-3	9,81112669E-6	
186,80000000E-3	9,81812813E-6	
187,50000000E-3	9,82068359E-6	
188,20000000E-3	9,80598784E-6	
188,80000000E-3	9,81228982E-6	
189,40000000E-3	9,81632597E-6	
189,90000000E-3	9,81410225E-6	
190,50000000E-3	9,80047994E-6	
191,00000000E-3	9,80268428E-6	
191,60000000E-3	9,80030882E-6	
192,20000000E-3	9,79039007E-6	
192,80000000E-3	9,79378979E-6	
193,60000000E-3	9,78985427E-6	
194,20000000E-3	9,78485338E-6	
194,80000000E-3	9,78672089E-6	
195,40000000E-3	9,79964998E-6	
195,90000000E-3	9,79900665E-6	
196,50000000E-3	9,79388726E-6	
197,10000000E-3	9,78866900E-6	
197,60000000E-3	9,79813016E-6	
198,20000000E-3	9,78655627E-6	
198,80000000E-3	9,77612595E-6	
199,60000000E-3	9,77009721E-6	
200,10000000E-3	9,77509479E-6	
