-200,00000000E-3	6,12739742E-6	
-199,80000000E-3	6,14585019E-6	
-199,10000000E-3	6,12977913E-6	
-198,60000000E-3	6,15479663E-6	
-197,70000000E-3	6,13575658E-6	
-196,60000000E-3	6,16830702E-6	
-196,00000000E-3	6,25543419E-6	
-194,90000000E-3	6,23068138E-6	
-193,90000000E-3	6,23098163E-6	
-193,30000000E-3	6,23391605E-6	
-192,20000000E-3	6,22591556E-6	
-191,30000000E-3	6,23793436E-6	
-190,40000000E-3	6,26012037E-6	
-189,30000000E-3	6,24827272E-6	
-188,70000000E-3	6,26659333E-6	
-187,30000000E-3	6,27188513E-6	
-186,40000000E-3	6,30620122E-6	
-185,70000000E-3	6,31666780E-6	
-184,40000000E-3	6,33042850E-6	
-183,70000000E-3	6,34064325E-6	
-182,70000000E-3	6,36933699E-6	
-182,00000000E-3	6,39603147E-6	
-180,90000000E-3	6,41529724E-6	
-180,10000000E-3	6,42065602E-6	
-179,10000000E-3	6,44721027E-6	
-178,10000000E-3	6,48028059E-6	
-177,10000000E-3	6,49194605E-6	
-175,60000000E-3	6,52490786E-6	
-174,80000000E-3	6,53976059E-6	
-174,20000000E-3	6,56243755E-6	
-172,90000000E-3	6,58941385E-6	
-172,00000000E-3	6,60965951E-6	
-170,80000000E-3	6,61139579E-6	
-170,00000000E-3	6,63665551E-6	
-169,10000000E-3	6,66021469E-6	
-167,70000000E-3	6,68556016E-6	
-167,20000000E-3	6,69929114E-6	
-166,30000000E-3	6,72441688E-6	
-164,90000000E-3	6,76501042E-6	
-163,70000000E-3	6,77716103E-6	
-162,60000000E-3	6,79904847E-6	
-161,90000000E-3	6,81010788E-6	
-160,70000000E-3	6,83951903E-6	
-159,50000000E-3	6,83999542E-6	
-158,90000000E-3	6,87873760E-6	
-157,80000000E-3	6,91087275E-6	
-157,10000000E-3	6,93785454E-6	
-155,50000000E-3	6,93533208E-6	
-154,90000000E-3	6,95036616E-6	
-153,90000000E-3	6,96929567E-6	
-152,60000000E-3	6,99932852E-6	
-152,00000000E-3	7,01459283E-6	
-150,60000000E-3	7,03790088E-6	
-149,80000000E-3	7,07135885E-6	
-149,00000000E-3	7,09631217E-6	
-147,80000000E-3	7,11522229E-6	
-146,90000000E-3	7,13488669E-6	
-146,00000000E-3	7,16119556E-6	
-144,70000000E-3	7,16365916E-6	
-143,70000000E-3	7,18807919E-6	
-142,90000000E-3	7,21484980E-6	
-141,80000000E-3	7,22367256E-6	
-140,90000000E-3	7,24797755E-6	
-140,10000000E-3	7,28088110E-6	
-138,90000000E-3	7,30559624E-6	
-137,90000000E-3	7,31471316E-6	
-136,70000000E-3	7,35358668E-6	
-135,80000000E-3	7,37120546E-6	
-134,80000000E-3	7,38048352E-6	
-133,60000000E-3	7,41195295E-6	
-132,80000000E-3	7,43278285E-6	
-131,70000000E-3	7,44387061E-6	
-130,60000000E-3	7,47675837E-6	
-129,70000000E-3	7,48976063E-6	
-128,40000000E-3	7,50308294E-6	
-127,60000000E-3	7,53074599E-6	
-126,50000000E-3	7,57861859E-6	
-125,70000000E-3	7,58157816E-6	
-124,70000000E-3	7,59377905E-6	
-123,60000000E-3	7,62043991E-6	
-122,40000000E-3	7,63890522E-6	
-121,70000000E-3	7,66022954E-6	
-120,80000000E-3	7,67848135E-6	
-119,90000000E-3	7,70449996E-6	
-118,70000000E-3	7,71287727E-6	
-118,10000000E-3	7,74201368E-6	
-116,60000000E-3	7,76291163E-6	
-115,50000000E-3	7,79634845E-6	
-114,70000000E-3	7,80317078E-6	
-113,70000000E-3	7,83598537E-6	
-112,50000000E-3	7,84024319E-6	
-112,10000000E-3	7,87425648E-6	
-110,70000000E-3	7,89026629E-6	
-109,60000000E-3	7,92530126E-6	
-108,60000000E-3	7,92347252E-6	
-107,90000000E-3	7,94231781E-6	
-106,90000000E-3	7,94998234E-6	
-105,70000000E-3	7,98256035E-6	
-104,80000000E-3	7,97782580E-6	
-103,70000000E-3	7,99520639E-6	
-102,90000000E-3	8,02443062E-6	
-102,00000000E-3	8,04866224E-6	
-100,90000000E-3	8,05352644E-6	
-99,90000000E-3	8,07547046E-6	
-98,80000000E-3	8,06718344E-6	
-97,40000000E-3	8,09800528E-6	
-96,30000000E-3	8,09836751E-6	
-95,70000000E-3	8,11340342E-6	
-94,90000000E-3	8,10795987E-6	
-93,40000000E-3	8,10129017E-6	
-92,50000000E-3	8,12824011E-6	
-91,70000000E-3	8,12883903E-6	
-90,80000000E-3	8,11262984E-6	
-89,30000000E-3	8,11123889E-6	
-88,60000000E-3	8,10585770E-6	
-87,70000000E-3	8,10124037E-6	
-86,80000000E-3	8,10660569E-6	
-85,20000000E-3	8,08707027E-6	
-84,40000000E-3	8,07637261E-6	
-83,30000000E-3	8,06094743E-6	
-82,50000000E-3	8,04464339E-6	
-81,70000000E-3	8,01809531E-6	
-80,70000000E-3	8,00446713E-6	
-79,50000000E-3	7,96702828E-6	
-78,50000000E-3	7,93520954E-6	
-77,70000000E-3	7,90584911E-6	
-76,20000000E-3	7,86930689E-6	
-75,40000000E-3	7,81918093E-6	
-74,50000000E-3	7,76925912E-6	
-73,70000000E-3	7,71518319E-6	
-72,30000000E-3	7,66495108E-6	
-71,40000000E-3	7,60230893E-6	
-70,40000000E-3	7,55249962E-6	
-69,50000000E-3	7,47384456E-6	
-68,50000000E-3	7,41046286E-6	
-67,30000000E-3	7,32852315E-6	
-66,70000000E-3	7,24846472E-6	
-65,50000000E-3	7,15063567E-6	
-64,70000000E-3	7,04705643E-6	
-63,40000000E-3	6,95768888E-6	
-62,50000000E-3	6,85422180E-6	
-61,20000000E-3	6,75274527E-6	
-60,40000000E-3	6,62931288E-6	
-59,40000000E-3	6,51982733E-6	
-58,50000000E-3	6,39510335E-6	
-57,40000000E-3	6,26273275E-6	
-56,70000000E-3	6,12974894E-6	
-55,20000000E-3	5,95850370E-6	
-54,50000000E-3	5,82265910E-6	
-53,60000000E-3	5,66525021E-6	
-52,80000000E-3	5,49995376E-6	
-51,30000000E-3	5,33631056E-6	
-50,10000000E-3	5,16596222E-6	
-49,60000000E-3	4,95874761E-6	
-48,60000000E-3	4,77157833E-6	
-47,40000000E-3	4,57370215E-6	
-46,50000000E-3	4,38711316E-6	
-45,30000000E-3	4,17797798E-6	
-44,50000000E-3	3,98512636E-6	
-42,90000000E-3	3,79255550E-6	
-41,90000000E-3	3,60118363E-6	
-41,20000000E-3	3,40608750E-6	
-40,50000000E-3	3,18376296E-6	
-39,30000000E-3	2,99219564E-6	
-38,30000000E-3	2,75015148E-6	
-37,10000000E-3	2,51999707E-6	
-36,40000000E-3	2,30235181E-6	
-35,20000000E-3	2,08494555E-6	
-34,10000000E-3	1,86773216E-6	
-33,30000000E-3	1,64732111E-6	
-32,00000000E-3	1,42992777E-6	
-31,10000000E-3	1,21558301E-6	
-29,90000000E-3	1,00684912E-6	
-29,10000000E-3	778,08320512E-9	
-27,80000000E-3	553,16410874E-9	
-27,20000000E-3	350,59692200E-9	
-26,20000000E-3	112,40126287E-9	
-24,80000000E-3	-83,72923236E-9	
-24,30000000E-3	-309,46498946E-9	
-22,90000000E-3	-517,46711190E-9	
-22,00000000E-3	-728,70674071E-9	
-21,20000000E-3	-930,33538952E-9	
-20,00000000E-3	-1,13463583E-6	
-19,20000000E-3	-1,33442869E-6	
-18,10000000E-3	-1,53132462E-6	
-17,10000000E-3	-1,74871833E-6	
-16,10000000E-3	-1,92525735E-6	
-15,20000000E-3	-2,12150076E-6	
-14,30000000E-3	-2,32580168E-6	
-13,20000000E-3	-2,50913026E-6	
-12,30000000E-3	-2,69013757E-6	
-11,50000000E-3	-2,87101858E-6	
-10,40000000E-3	-3,03847672E-6	
-9,30000000E-3	-3,19915065E-6	
-8,00000000E-3	-3,36126474E-6	
-7,50000000E-3	-3,58044277E-6	
-6,60000000E-3	-3,68293421E-6	
-5,40000000E-3	-3,75587142E-6	
-4,30000000E-3	-3,86723231E-6	
-3,40000000E-3	-3,98463741E-6	
-2,20000000E-3	-4,06320862E-6	
-1,10000000E-3	-4,14400249E-6	
-100,00000000E-6	-4,23630241E-6	
700,00000000E-6	-4,29173034E-6	
2,00000000E-3	-4,34603256E-6	
3,20000000E-3	-4,39817886E-6	
4,20000000E-3	-4,43648663E-6	
5,20000000E-3	-4,45760481E-6	
6,50000000E-3	-4,48208094E-6	
7,20000000E-3	-4,48849637E-6	
8,30000000E-3	-4,49735990E-6	
9,40000000E-3	-4,49327919E-6	
10,00000000E-3	-4,48346568E-6	
11,60000000E-3	-4,45327364E-6	
12,60000000E-3	-4,43592161E-6	
13,50000000E-3	-4,39267206E-6	
14,50000000E-3	-4,34901517E-6	
15,40000000E-3	-4,30688480E-6	
16,50000000E-3	-4,24477632E-6	
17,50000000E-3	-4,20241279E-6	
18,40000000E-3	-4,14854493E-6	
19,50000000E-3	-4,07086485E-6	
20,20000000E-3	-3,98818595E-6	
21,50000000E-3	-3,90924288E-6	
22,30000000E-3	-3,82110271E-6	
23,40000000E-3	-3,71113557E-6	
24,50000000E-3	-3,59338434E-6	
25,40000000E-3	-3,46601633E-6	
26,10000000E-3	-3,33369283E-6	
26,90000000E-3	-3,20855583E-6	
27,70000000E-3	-3,06327305E-6	
29,40000000E-3	-2,90620663E-6	
30,40000000E-3	-2,74919232E-6	
31,00000000E-3	-2,58120353E-6	
32,00000000E-3	-2,39697613E-6	
33,10000000E-3	-2,21656510E-6	
34,00000000E-3	-2,03696597E-6	
35,30000000E-3	-1,83919655E-6	
35,60000000E-3	-1,64415336E-6	
37,60000000E-3	-1,42842831E-6	
38,40000000E-3	-1,20963434E-6	
39,30000000E-3	-1,00346806E-6	
40,20000000E-3	-796,27831772E-9	
41,20000000E-3	-578,27312372E-9	
42,00000000E-3	-344,83917880E-9	
43,10000000E-3	-128,75299327E-9	
44,00000000E-3	68,42713083E-9	
45,30000000E-3	299,60336133E-9	
46,20000000E-3	524,88942028E-9	
46,80000000E-3	754,20662098E-9	
48,10000000E-3	985,52341163E-9	
49,20000000E-3	1,21324332E-6	
50,20000000E-3	1,46564846E-6	
51,10000000E-3	1,68123405E-6	
52,30000000E-3	1,90462288E-6	
53,40000000E-3	2,12989287E-6	
54,50000000E-3	2,33598128E-6	
55,30000000E-3	2,53584874E-6	
56,10000000E-3	2,74216635E-6	
57,30000000E-3	2,95854918E-6	
58,10000000E-3	3,15132155E-6	
59,20000000E-3	3,36784443E-6	
60,00000000E-3	3,56044542E-6	
61,50000000E-3	3,76295255E-6	
62,20000000E-3	3,95602752E-6	
63,20000000E-3	4,16449297E-6	
64,40000000E-3	4,33693115E-6	
65,40000000E-3	4,51982569E-6	
66,10000000E-3	4,70377669E-6	
67,10000000E-3	4,87252111E-6	
68,60000000E-3	5,02527243E-6	
69,20000000E-3	5,17712259E-6	
70,70000000E-3	5,30851520E-6	
71,30000000E-3	5,44729683E-6	
72,60000000E-3	5,59480163E-6	
73,60000000E-3	5,72242865E-6	
74,50000000E-3	5,86437696E-6	
75,40000000E-3	5,97265763E-6	
76,50000000E-3	6,09319895E-6	
77,40000000E-3	6,19784371E-6	
78,80000000E-3	6,32078537E-6	
79,30000000E-3	6,43387487E-6	
80,70000000E-3	6,67374360E-6	
81,40000000E-3	6,66557981E-6	
82,30000000E-3	6,70580750E-6	
83,60000000E-3	6,79228498E-6	
84,30000000E-3	6,86616607E-6	
85,80000000E-3	6,92733179E-6	
86,30000000E-3	7,00672882E-6	
88,20000000E-3	7,08590142E-6	
88,80000000E-3	7,13859013E-6	
90,00000000E-3	7,19156639E-6	
90,60000000E-3	7,23249675E-6	
91,20000000E-3	7,28141943E-6	
92,80000000E-3	7,33229651E-6	
94,10000000E-3	7,36276324E-6	
95,00000000E-3	7,40849634E-6	
95,80000000E-3	7,44309601E-6	
96,90000000E-3	7,47022533E-6	
97,60000000E-3	7,49074647E-6	
98,80000000E-3	7,51606783E-6	
98,80000000E-3	7,54916481E-6	
100,70000000E-3	7,56796886E-6	
101,60000000E-3	7,56726530E-6	
102,80000000E-3	7,60013456E-6	
103,40000000E-3	7,60469861E-6	
104,80000000E-3	7,62169666E-6	
105,80000000E-3	7,63131216E-6	
106,60000000E-3	7,63097895E-6	
107,50000000E-3	7,62463265E-6	
108,40000000E-3	7,61912466E-6	
109,40000000E-3	7,63045663E-6	
110,30000000E-3	7,64633065E-6	
111,60000000E-3	7,62387034E-6	
112,30000000E-3	7,62527930E-6	
113,80000000E-3	7,62391151E-6	
114,00000000E-3	7,59931529E-6	
115,80000000E-3	7,59780533E-6	
116,60000000E-3	7,59274844E-6	
117,40000000E-3	7,58448122E-6	
118,40000000E-3	7,56891719E-6	
119,40000000E-3	7,54276326E-6	
120,00000000E-3	7,53382263E-6	
121,40000000E-3	7,52387793E-6	
122,40000000E-3	7,49834244E-6	
123,30000000E-3	7,48066371E-6	
124,90000000E-3	7,47475923E-6	
126,10000000E-3	7,44848107E-6	
126,80000000E-3	7,43405402E-6	
127,50000000E-3	7,43237093E-6	
128,70000000E-3	7,40025688E-6	
129,60000000E-3	7,38430371E-6	
130,30000000E-3	7,36360408E-6	
131,50000000E-3	7,33557908E-6	
132,30000000E-3	7,30173061E-6	
133,50000000E-3	7,28187469E-6	
134,60000000E-3	7,26369513E-6	
135,20000000E-3	7,25856167E-6	
136,60000000E-3	7,22926850E-6	
137,70000000E-3	7,19189038E-6	
138,60000000E-3	7,18698987E-6	
139,60000000E-3	7,16127147E-6	
140,60000000E-3	7,14620120E-6	
141,30000000E-3	7,11996811E-6	
142,80000000E-3	7,08662580E-6	
143,20000000E-3	7,06146322E-6	
144,10000000E-3	7,04685738E-6	
145,40000000E-3	7,01612663E-6	
146,00000000E-3	6,99038329E-6	
147,20000000E-3	6,97354930E-6	
148,40000000E-3	6,94234423E-6	
149,00000000E-3	6,91695702E-6	
150,60000000E-3	6,89330203E-6	
151,50000000E-3	6,87471252E-6	
152,70000000E-3	6,85298936E-6	
153,70000000E-3	6,81740827E-6	
154,60000000E-3	6,79551072E-6	
155,20000000E-3	6,78918013E-6	
156,60000000E-3	6,75267782E-6	
157,30000000E-3	6,73163170E-6	
158,20000000E-3	6,70289046E-6	
159,40000000E-3	6,68514441E-6	
160,70000000E-3	6,66187425E-6	
161,30000000E-3	6,64327726E-6	
162,50000000E-3	6,61165769E-6	
163,80000000E-3	6,59796297E-6	
164,20000000E-3	6,57207354E-6	
165,90000000E-3	6,56047598E-6	
166,70000000E-3	6,52812642E-6	
167,50000000E-3	6,51156944E-6	
168,40000000E-3	6,48313928E-6	
169,90000000E-3	6,48603439E-6	
170,90000000E-3	6,45466501E-6	
172,10000000E-3	6,43854450E-6	
172,70000000E-3	6,42161016E-6	
173,50000000E-3	6,41505688E-6	
174,90000000E-3	6,38769056E-6	
175,90000000E-3	6,36403982E-6	
176,60000000E-3	6,36003390E-6	
177,70000000E-3	6,33517407E-6	
178,90000000E-3	6,31102266E-6	
179,90000000E-3	6,30983028E-6	
180,60000000E-3	6,30525328E-6	
182,00000000E-3	6,28687890E-6	
182,60000000E-3	6,26535247E-6	
183,90000000E-3	6,25170068E-6	
184,90000000E-3	6,22134926E-6	
185,90000000E-3	6,22810671E-6	
186,90000000E-3	6,20977643E-6	
187,90000000E-3	6,18554984E-6	
189,10000000E-3	6,18663630E-6	
189,80000000E-3	6,16458642E-6	
191,20000000E-3	6,16075171E-6	
192,10000000E-3	6,15257227E-6	
193,50000000E-3	6,13372169E-6	
194,30000000E-3	6,12385049E-6	
194,80000000E-3	6,09832613E-6	
196,50000000E-3	6,08959830E-6	
197,30000000E-3	6,08305543E-6	
198,30000000E-3	6,08502739E-6	
199,30000000E-3	6,06837207E-6	
200,00000000E-3	6,06844979E-6	
200,10000000E-3	6,06289486E-6	
