-201,90000000E-3	9,34720092E-6	
-201,70000000E-3	9,36776612E-6	
-201,40000000E-3	9,36970028E-6	
-200,80000000E-3	9,40952546E-6	
-198,80000000E-3	9,41845979E-6	
-199,80000000E-3	9,45069373E-6	
-198,30000000E-3	9,46401637E-6	
-198,30000000E-3	9,47033933E-6	
-197,80000000E-3	9,48603389E-6	
-197,40000000E-3	9,49817625E-6	
-196,80000000E-3	9,52475882E-6	
-196,20000000E-3	9,53366368E-6	
-195,30000000E-3	9,54596089E-6	
-194,80000000E-3	9,56041285E-6	
-193,70000000E-3	9,57175482E-6	
-192,90000000E-3	9,59612396E-6	
-192,40000000E-3	9,60183943E-6	
-191,20000000E-3	9,61678062E-6	
-190,30000000E-3	9,62338126E-6	
-188,90000000E-3	9,63474846E-6	
-188,40000000E-3	9,64150255E-6	
-187,80000000E-3	9,64668014E-6	
-186,60000000E-3	9,67612127E-6	
-185,60000000E-3	9,67406318E-6	
-184,60000000E-3	9,68778773E-6	
-183,90000000E-3	9,69579597E-6	
-182,90000000E-3	9,68740702E-6	
-181,80000000E-3	9,70304398E-6	
-181,50000000E-3	9,72657267E-6	
-180,30000000E-3	9,73531857E-6	
-179,10000000E-3	9,73807246E-6	
-179,50000000E-3	9,72654180E-6	
-177,20000000E-3	9,76171160E-6	
-176,50000000E-3	9,75882800E-6	
-174,70000000E-3	9,75818209E-6	
-174,40000000E-3	9,76493088E-6	
-173,00000000E-3	9,78118446E-6	
-172,10000000E-3	9,78512257E-6	
-171,70000000E-3	9,79351779E-6	
-170,30000000E-3	9,80499593E-6	
-169,80000000E-3	9,79735692E-6	
-169,00000000E-3	9,80279130E-6	
-167,50000000E-3	9,79422921E-6	
-166,60000000E-3	9,81020929E-6	
-165,00000000E-3	9,81294681E-6	
-164,40000000E-3	9,81219977E-6	
-163,30000000E-3	9,84232461E-6	
-161,80000000E-3	9,84775743E-6	
-161,40000000E-3	9,84224928E-6	
-159,90000000E-3	9,83853333E-6	
-159,10000000E-3	9,84780728E-6	
-158,00000000E-3	9,86216830E-6	
-156,70000000E-3	9,85108043E-6	
-156,20000000E-3	9,85481740E-6	
-154,60000000E-3	9,86547329E-6	
-154,10000000E-3	9,86404533E-6	
-152,60000000E-3	9,88234208E-6	
-151,70000000E-3	9,88051933E-6	
-151,10000000E-3	9,87988696E-6	
-149,70000000E-3	9,89254080E-6	
-148,90000000E-3	9,88362637E-6	
-148,20000000E-3	9,89926559E-6	
-147,10000000E-3	9,89698240E-6	
-146,70000000E-3	9,89382929E-6	
-144,90000000E-3	9,91634340E-6	
-144,10000000E-3	9,91069655E-6	
-143,40000000E-3	9,89258827E-6	
-141,60000000E-3	9,90335898E-6	
-141,10000000E-3	9,89841180E-6	
-139,80000000E-3	9,91162581E-6	
-139,40000000E-3	9,90713742E-6	
-137,80000000E-3	9,91902288E-6	
-136,90000000E-3	9,91825605E-6	
-136,50000000E-3	9,91366700E-6	
-134,90000000E-3	9,91810601E-6	
-134,50000000E-3	9,91424393E-6	
-132,50000000E-3	9,91860495E-6	
-132,30000000E-3	9,92936495E-6	
-130,40000000E-3	9,93080467E-6	
-130,30000000E-3	9,91682271E-6	
-129,20000000E-3	9,92314571E-6	
-127,60000000E-3	9,92727319E-6	
-126,70000000E-3	9,93166075E-6	
-125,90000000E-3	9,92792458E-6	
-124,40000000E-3	9,90866307E-6	
-123,80000000E-3	9,91539966E-6	
-123,00000000E-3	9,93158600E-6	
-122,20000000E-3	9,91904539E-6	
-121,50000000E-3	9,93285102E-6	
-119,50000000E-3	9,92557074E-6	
-119,00000000E-3	9,91949147E-6	
-117,60000000E-3	9,91992134E-6	
-116,90000000E-3	9,89948886E-6	
-115,80000000E-3	9,91623856E-6	
-114,60000000E-3	9,91271414E-6	
-113,80000000E-3	9,91928001E-6	
-112,60000000E-3	9,91090997E-6	
-111,80000000E-3	9,91413149E-6	
-110,30000000E-3	9,90843271E-6	
-109,70000000E-3	9,92076133E-6	
-108,40000000E-3	9,91311536E-6	
-107,60000000E-3	9,91630306E-6	
-106,70000000E-3	9,90769380E-6	
-105,80000000E-3	9,90901085E-6	
-104,70000000E-3	9,89126144E-6	
-104,10000000E-3	9,91406101E-6	
-102,70000000E-3	9,90678757E-6	
-102,00000000E-3	9,90842858E-6	
-101,20000000E-3	9,88561146E-6	
-99,60000000E-3	9,89999745E-6	
-98,20000000E-3	9,89823391E-6	
-97,60000000E-3	9,90977085E-6	
-96,60000000E-3	9,90818308E-6	
-95,60000000E-3	9,90608631E-6	
-94,50000000E-3	9,89339462E-6	
-93,70000000E-3	9,88980103E-6	
-92,70000000E-3	9,88472912E-6	
-92,20000000E-3	9,89763981E-6	
-90,50000000E-3	9,88268469E-6	
-89,90000000E-3	9,88243335E-6	
-89,20000000E-3	9,87665684E-6	
-87,70000000E-3	9,86666301E-6	
-86,70000000E-3	9,87408748E-6	
-85,50000000E-3	9,87031075E-6	
-84,80000000E-3	9,86968523E-6	
-83,50000000E-3	9,86304871E-6	
-82,60000000E-3	9,87220782E-6	
-81,60000000E-3	9,85851330E-6	
-80,60000000E-3	9,93583506E-6	
-79,60000000E-3	9,85573435E-6	
-78,40000000E-3	9,86364463E-6	
-77,50000000E-3	9,84604506E-6	
-76,80000000E-3	9,85182888E-6	
-75,50000000E-3	9,84154117E-6	
-74,70000000E-3	9,84107046E-6	
-73,40000000E-3	9,84800506E-6	
-72,90000000E-3	9,84038987E-6	
-71,70000000E-3	9,81008723E-6	
-70,70000000E-3	9,82014116E-6	
-70,10000000E-3	9,83012842E-6	
-68,90000000E-3	9,82791316E-6	
-67,80000000E-3	9,82011194E-6	
-67,50000000E-3	9,82685567E-6	
-65,60000000E-3	9,81059436E-6	
-64,70000000E-3	9,80666108E-6	
-64,00000000E-3	9,81590328E-6	
-62,70000000E-3	9,80210947E-6	
-62,00000000E-3	9,80874034E-6	
-60,50000000E-3	9,79041789E-6	
-60,30000000E-3	9,79910169E-6	
-58,60000000E-3	9,79907779E-6	
-57,90000000E-3	9,80051469E-6	
-56,90000000E-3	9,79830948E-6	
-55,50000000E-3	9,78129613E-6	
-54,90000000E-3	9,78794289E-6	
-53,30000000E-3	9,76658398E-6	
-52,80000000E-3	9,77386020E-6	
-51,50000000E-3	9,78128914E-6	
-50,60000000E-3	9,77715616E-6	
-49,90000000E-3	9,78204189E-6	
-48,50000000E-3	9,78055185E-6	
-47,70000000E-3	9,76515291E-6	
-47,00000000E-3	9,76618937E-6	
-45,40000000E-3	9,76302707E-6	
-44,10000000E-3	9,75493293E-6	
-43,50000000E-3	9,75681498E-6	
-42,90000000E-3	9,76756175E-6	
-41,20000000E-3	9,77256946E-6	
-40,40000000E-3	9,76309124E-6	
-39,30000000E-3	9,76498690E-6	
-38,40000000E-3	9,76455377E-6	
-37,50000000E-3	9,75377995E-6	
-36,70000000E-3	9,75820265E-6	
-35,60000000E-3	9,77179633E-6	
-34,80000000E-3	9,76152476E-6	
-33,40000000E-3	9,74837990E-6	
-32,80000000E-3	9,74631622E-6	
-32,00000000E-3	9,75161322E-6	
-30,50000000E-3	9,75924577E-6	
-29,20000000E-3	9,74001387E-6	
-28,30000000E-3	9,75559390E-6	
-27,30000000E-3	9,75463174E-6	
-26,20000000E-3	9,76635762E-6	
-25,40000000E-3	9,75223142E-6	
-24,20000000E-3	9,75608184E-6	
-23,50000000E-3	9,76215224E-6	
-22,30000000E-3	9,75363201E-6	
-21,00000000E-3	9,75734801E-6	
-20,40000000E-3	9,76571694E-6	
-19,30000000E-3	9,76877431E-6	
-18,10000000E-3	9,75043398E-6	
-17,40000000E-3	9,76314988E-6	
-16,20000000E-3	9,76273860E-6	
-15,20000000E-3	9,75537645E-6	
-14,40000000E-3	9,76120251E-6	
-13,10000000E-3	9,75607432E-6	
-12,10000000E-3	9,76906414E-6	
-11,60000000E-3	9,76843218E-6	
-10,20000000E-3	9,75931905E-6	
-9,30000000E-3	9,77745332E-6	
-8,10000000E-3	9,78322819E-6	
-7,10000000E-3	9,79214032E-6	
-6,50000000E-3	9,78899001E-6	
-5,30000000E-3	9,78425817E-6	
-4,10000000E-3	9,77452020E-6	
-3,40000000E-3	9,78717557E-6	
-2,00000000E-3	9,79421714E-6	
-1,10000000E-3	9,78228802E-6	
-300,00000000E-6	9,79129066E-6	
700,00000000E-6	9,79617341E-6	
1,90000000E-3	9,79705004E-6	
2,90000000E-3	9,81039671E-6	
4,00000000E-3	9,81567635E-6	
4,70000000E-3	9,80713735E-6	
6,10000000E-3	9,81589202E-6	
6,80000000E-3	9,82191022E-6	
7,70000000E-3	9,82994061E-6	
8,90000000E-3	9,81567256E-6	
9,80000000E-3	9,82834474E-6	
10,90000000E-3	9,83072459E-6	
11,80000000E-3	9,84570926E-6	
12,50000000E-3	9,83942127E-6	
13,70000000E-3	9,84101850E-6	
14,40000000E-3	9,85941510E-6	
15,40000000E-3	9,84345957E-6	
16,80000000E-3	9,85375823E-6	
17,90000000E-3	9,86569432E-6	
18,80000000E-3	9,86114715E-6	
19,70000000E-3	9,87495334E-6	
20,50000000E-3	9,88330666E-6	
21,70000000E-3	9,87734610E-6	
22,80000000E-3	9,89545220E-6	
23,70000000E-3	9,88884216E-6	
24,40000000E-3	9,89173454E-6	
25,30000000E-3	9,90171613E-6	
26,70000000E-3	9,89990250E-6	
28,00000000E-3	9,92315240E-6	
28,40000000E-3	9,91874186E-6	
30,00000000E-3	9,93361050E-6	
30,80000000E-3	9,92647690E-6	
31,80000000E-3	9,94485526E-6	
32,70000000E-3	9,94327091E-6	
33,70000000E-3	9,94871511E-6	
34,80000000E-3	9,96180992E-6	
35,50000000E-3	9,96936418E-6	
36,80000000E-3	9,95833096E-6	
37,50000000E-3	9,96794339E-6	
38,90000000E-3	9,97647103E-6	
39,60000000E-3	10,00100879E-6	
40,70000000E-3	9,98405171E-6	
41,90000000E-3	10,00305600E-6	
42,90000000E-3	9,99489306E-6	
43,90000000E-3	10,01082582E-6	
44,80000000E-3	10,02853592E-6	
45,70000000E-3	10,04098122E-6	
46,70000000E-3	10,04590294E-6	
47,70000000E-3	10,04373073E-6	
48,70000000E-3	10,04599995E-6	
50,10000000E-3	10,06654541E-6	
50,80000000E-3	10,06891213E-6	
51,80000000E-3	10,07550319E-6	
53,00000000E-3	10,08230268E-6	
54,00000000E-3	10,08479607E-6	
54,50000000E-3	10,10472627E-6	
55,50000000E-3	10,10871534E-6	
56,90000000E-3	10,12144704E-6	
57,80000000E-3	10,13971383E-6	
58,70000000E-3	10,14377956E-6	
59,80000000E-3	10,15050334E-6	
60,80000000E-3	10,15828622E-6	
61,70000000E-3	10,17570267E-6	
63,00000000E-3	10,17519023E-6	
63,90000000E-3	10,19743490E-6	
64,90000000E-3	10,18382445E-6	
65,70000000E-3	10,21119427E-6	
67,00000000E-3	10,21720259E-6	
67,90000000E-3	10,21669076E-6	
69,00000000E-3	10,22636563E-6	
69,70000000E-3	10,24688134E-6	
70,80000000E-3	10,24178702E-6	
72,00000000E-3	10,25673730E-6	
73,10000000E-3	10,25587719E-6	
74,00000000E-3	10,27444372E-6	
75,00000000E-3	10,27820150E-6	
75,60000000E-3	10,30372046E-6	
77,10000000E-3	10,29138432E-6	
78,10000000E-3	10,31026979E-6	
79,00000000E-3	10,33182393E-6	
79,90000000E-3	10,33679187E-6	
81,30000000E-3	10,34022096E-6	
81,80000000E-3	10,36021133E-6	
82,90000000E-3	10,36086124E-6	
83,90000000E-3	10,37139930E-6	
85,20000000E-3	10,38307317E-6	
86,00000000E-3	10,38996133E-6	
87,20000000E-3	10,40121982E-6	
88,30000000E-3	10,41738187E-6	
88,50000000E-3	10,41946627E-6	
90,10000000E-3	10,44564101E-6	
91,10000000E-3	10,45090015E-6	
92,30000000E-3	10,44661004E-6	
93,10000000E-3	10,44688481E-6	
94,00000000E-3	10,48107798E-6	
94,90000000E-3	10,48135721E-6	
96,10000000E-3	10,49954916E-6	
97,00000000E-3	10,50817545E-6	
97,70000000E-3	10,50586080E-6	
99,10000000E-3	10,53285328E-6	
99,80000000E-3	10,52963095E-6	
100,90000000E-3	10,54528412E-6	
102,00000000E-3	10,56579290E-6	
103,00000000E-3	10,56297598E-6	
103,30000000E-3	10,57797534E-6	
104,70000000E-3	10,58900382E-6	
105,90000000E-3	10,59493618E-6	
106,70000000E-3	10,60712079E-6	
107,90000000E-3	10,60453684E-6	
109,00000000E-3	10,62414842E-6	
109,80000000E-3	10,62293683E-6	
111,10000000E-3	10,64382344E-6	
111,40000000E-3	10,65346652E-6	
113,10000000E-3	10,66325128E-6	
113,90000000E-3	10,66589633E-6	
115,10000000E-3	10,67906404E-6	
115,90000000E-3	10,69647751E-6	
117,40000000E-3	10,70397098E-6	
118,30000000E-3	10,70114646E-6	
119,10000000E-3	10,72652281E-6	
120,00000000E-3	10,74457148E-6	
121,20000000E-3	10,73926462E-6	
121,40000000E-3	10,76259036E-6	
122,70000000E-3	10,75979078E-6	
123,80000000E-3	10,77458639E-6	
125,10000000E-3	10,77640654E-6	
126,00000000E-3	10,78373306E-6	
127,30000000E-3	10,80042695E-6	
128,10000000E-3	10,81246563E-6	
129,10000000E-3	10,81157222E-6	
129,90000000E-3	10,82356369E-6	
130,80000000E-3	10,83546082E-6	
132,20000000E-3	10,81819745E-6	
133,10000000E-3	10,84082116E-6	
133,90000000E-3	10,85276240E-6	
135,10000000E-3	10,87511065E-6	
136,10000000E-3	10,88612967E-6	
137,10000000E-3	10,87570503E-6	
138,10000000E-3	10,89724156E-6	
138,90000000E-3	10,90782958E-6	
139,80000000E-3	10,90066703E-6	
141,40000000E-3	10,91353225E-6	
141,90000000E-3	10,93892215E-6	
143,40000000E-3	10,94907631E-6	
144,50000000E-3	10,95083545E-6	
145,10000000E-3	10,95867532E-6	
146,30000000E-3	10,96475661E-6	
147,20000000E-3	10,96538815E-6	
148,20000000E-3	10,98227398E-6	
149,10000000E-3	11,00836232E-6	
150,10000000E-3	11,00370408E-6	
151,20000000E-3	11,01652166E-6	
152,00000000E-3	11,00090334E-6	
152,80000000E-3	11,03032816E-6	
154,50000000E-3	11,04583129E-6	
154,90000000E-3	11,04420716E-6	
156,30000000E-3	11,06904359E-6	
157,30000000E-3	11,04620910E-6	
158,20000000E-3	11,06720825E-6	
159,10000000E-3	11,07271528E-6	
160,00000000E-3	11,09140529E-6	
161,10000000E-3	11,11111761E-6	
162,60000000E-3	11,12057082E-6	
162,80000000E-3	11,12887037E-6	
164,50000000E-3	11,13282912E-6	
165,40000000E-3	11,13566644E-6	
166,30000000E-3	11,13550283E-6	
167,10000000E-3	11,14785207E-6	
168,10000000E-3	11,16294905E-6	
169,10000000E-3	11,16089916E-6	
170,40000000E-3	11,17575701E-6	
171,40000000E-3	11,18118770E-6	
172,10000000E-3	11,17605700E-6	
173,10000000E-3	11,19015470E-6	
173,80000000E-3	11,19233588E-6	
175,60000000E-3	11,21127005E-6	
176,70000000E-3	11,20873766E-6	
177,40000000E-3	11,22520036E-6	
178,20000000E-3	11,24093563E-6	
179,30000000E-3	11,23685618E-6	
180,50000000E-3	11,24152000E-6	
181,30000000E-3	11,24665982E-6	
182,40000000E-3	11,25347921E-6	
183,60000000E-3	11,26607663E-6	
184,50000000E-3	11,28089652E-6	
184,50000000E-3	11,27540432E-6	
186,20000000E-3	11,29274118E-6	
187,60000000E-3	11,29850249E-6	
188,40000000E-3	11,30093223E-6	
189,40000000E-3	11,31664613E-6	
190,20000000E-3	11,32346693E-6	
191,10000000E-3	11,32560317E-6	
192,10000000E-3	11,33078346E-6	
193,90000000E-3	11,32039945E-6	
194,20000000E-3	11,33743571E-6	
195,90000000E-3	11,34402271E-6	
196,50000000E-3	11,35187510E-6	
197,40000000E-3	11,35882020E-6	
199,00000000E-3	11,36267030E-6	
199,60000000E-3	11,37300487E-6	
199,60000000E-3	11,35963005E-6	
