-200,10000000E-3	6,39403526E-6	
-200,00000000E-3	6,39475530E-6	
-199,00000000E-3	6,37862846E-6	
-198,40000000E-3	6,38371586E-6	
-197,40000000E-3	6,37604960E-6	
-196,70000000E-3	6,37240627E-6	
-195,70000000E-3	6,38573247E-6	
-194,80000000E-3	6,37887843E-6	
-194,10000000E-3	6,36544252E-6	
-193,40000000E-3	6,36549933E-6	
-192,40000000E-3	6,38054101E-6	
-191,60000000E-3	6,38448139E-6	
-190,70000000E-3	6,39543512E-6	
-189,80000000E-3	6,37990096E-6	
-188,90000000E-3	6,38974665E-6	
-188,20000000E-3	6,38697724E-6	
-187,10000000E-3	6,39683711E-6	
-186,20000000E-3	6,41548657E-6	
-185,40000000E-3	6,41741847E-6	
-184,20000000E-3	6,41330012E-6	
-183,30000000E-3	6,41842006E-6	
-182,60000000E-3	6,43475452E-6	
-181,60000000E-3	6,43444088E-6	
-180,50000000E-3	6,44447343E-6	
-179,70000000E-3	6,44206979E-6	
-178,70000000E-3	6,45819627E-6	
-177,60000000E-3	6,46273607E-6	
-176,80000000E-3	6,46715303E-6	
-175,90000000E-3	6,46446167E-6	
-174,80000000E-3	6,48465820E-6	
-174,00000000E-3	6,48642866E-6	
-172,90000000E-3	6,48432173E-6	
-171,80000000E-3	6,48114965E-6	
-170,90000000E-3	6,50142156E-6	
-170,20000000E-3	6,50618753E-6	
-169,00000000E-3	6,50173137E-6	
-168,20000000E-3	6,53134079E-6	
-167,10000000E-3	6,53335993E-6	
-166,30000000E-3	6,53561427E-6	
-165,40000000E-3	6,54510438E-6	
-164,50000000E-3	6,56196029E-6	
-163,20000000E-3	6,56710416E-6	
-162,40000000E-3	6,57827085E-6	
-161,20000000E-3	6,56882374E-6	
-160,30000000E-3	6,59117470E-6	
-159,10000000E-3	6,61013903E-6	
-158,30000000E-3	6,61582282E-6	
-157,50000000E-3	6,60259286E-6	
-156,20000000E-3	6,61181407E-6	
-155,30000000E-3	6,61865806E-6	
-154,30000000E-3	6,63236899E-6	
-153,50000000E-3	6,63161969E-6	
-152,70000000E-3	6,65459081E-6	
-151,50000000E-3	6,65723129E-6	
-150,60000000E-3	6,66509317E-6	
-149,70000000E-3	6,67509465E-6	
-148,30000000E-3	6,68874717E-6	
-147,30000000E-3	6,68311356E-6	
-146,40000000E-3	6,67299631E-6	
-145,60000000E-3	6,69154587E-6	
-144,40000000E-3	6,70492727E-6	
-143,50000000E-3	6,70535740E-6	
-142,80000000E-3	6,70408855E-6	
-141,40000000E-3	6,71654753E-6	
-140,70000000E-3	6,71233052E-6	
-139,80000000E-3	6,73004371E-6	
-138,80000000E-3	6,72252649E-6	
-137,70000000E-3	6,75071819E-6	
-136,60000000E-3	6,74246925E-6	
-135,40000000E-3	6,75483598E-6	
-134,60000000E-3	6,77086042E-6	
-133,70000000E-3	6,75390512E-6	
-132,40000000E-3	6,76018157E-6	
-131,70000000E-3	6,76916089E-6	
-130,60000000E-3	6,76764468E-6	
-129,50000000E-3	6,78144060E-6	
-128,60000000E-3	6,78539120E-6	
-127,50000000E-3	6,79426864E-6	
-126,50000000E-3	6,78821150E-6	
-125,80000000E-3	6,78767824E-6	
-124,60000000E-3	6,79739871E-6	
-123,60000000E-3	6,77809525E-6	
-122,40000000E-3	6,78991607E-6	
-121,50000000E-3	6,79945366E-6	
-120,50000000E-3	6,80944350E-6	
-119,50000000E-3	6,79658712E-6	
-118,60000000E-3	6,79999949E-6	
-117,70000000E-3	6,79215978E-6	
-116,40000000E-3	6,80771093E-6	
-115,50000000E-3	6,80246204E-6	
-114,50000000E-3	6,78560070E-6	
-113,50000000E-3	6,79586404E-6	
-112,30000000E-3	6,79040280E-6	
-111,50000000E-3	6,78955238E-6	
-110,30000000E-3	6,79454952E-6	
-109,20000000E-3	6,78281100E-6	
-108,60000000E-3	6,78016488E-6	
-107,60000000E-3	6,76299377E-6	
-106,40000000E-3	6,74726129E-6	
-105,50000000E-3	6,76445544E-6	
-104,30000000E-3	6,75367683E-6	
-103,40000000E-3	6,73463580E-6	
-102,60000000E-3	6,73742854E-6	
-101,50000000E-3	6,73956201E-6	
-100,40000000E-3	6,72893244E-6	
-99,50000000E-3	6,72700608E-6	
-98,40000000E-3	6,70532893E-6	
-97,50000000E-3	6,71576337E-6	
-96,60000000E-3	6,69499728E-6	
-95,50000000E-3	6,68755988E-6	
-94,50000000E-3	6,66946780E-6	
-93,40000000E-3	6,64208900E-6	
-92,20000000E-3	6,63230595E-6	
-91,50000000E-3	6,61733393E-6	
-90,30000000E-3	6,59608208E-6	
-89,40000000E-3	6,57585407E-6	
-88,30000000E-3	6,55093183E-6	
-87,30000000E-3	6,54782244E-6	
-86,50000000E-3	6,52390818E-6	
-85,40000000E-3	6,51225114E-6	
-84,30000000E-3	6,48099731E-6	
-83,50000000E-3	6,47170762E-6	
-82,20000000E-3	6,44665784E-6	
-81,30000000E-3	6,41386861E-6	
-80,40000000E-3	6,39437214E-6	
-79,30000000E-3	6,35872633E-6	
-78,50000000E-3	6,33007698E-6	
-77,60000000E-3	6,29998420E-6	
-76,30000000E-3	6,27351484E-6	
-75,50000000E-3	6,24555298E-6	
-74,70000000E-3	6,19938194E-6	
-73,40000000E-3	6,16936871E-6	
-72,20000000E-3	6,13428456E-6	
-71,40000000E-3	6,09782517E-6	
-70,20000000E-3	6,06872971E-6	
-69,40000000E-3	6,00853694E-6	
-68,60000000E-3	5,95733986E-6	
-67,50000000E-3	5,92267404E-6	
-66,60000000E-3	5,85530760E-6	
-65,50000000E-3	5,82992137E-6	
-64,20000000E-3	5,77175933E-6	
-63,60000000E-3	5,72076283E-6	
-62,70000000E-3	5,65021869E-6	
-61,40000000E-3	5,59654476E-6	
-60,70000000E-3	5,54195690E-6	
-59,40000000E-3	5,48777608E-6	
-58,30000000E-3	5,42251520E-6	
-57,30000000E-3	5,36959769E-6	
-56,40000000E-3	5,30000509E-6	
-55,40000000E-3	5,23756934E-6	
-54,40000000E-3	5,16202172E-6	
-53,40000000E-3	5,10219126E-6	
-52,40000000E-3	5,00272436E-6	
-51,40000000E-3	4,92270915E-6	
-50,10000000E-3	4,86572543E-6	
-49,20000000E-3	4,80038896E-6	
-48,50000000E-3	4,72021746E-6	
-47,30000000E-3	4,65079862E-6	
-46,40000000E-3	4,58040638E-6	
-45,30000000E-3	4,47893962E-6	
-44,10000000E-3	4,40946234E-6	
-43,10000000E-3	4,33236516E-6	
-42,30000000E-3	4,23014535E-6	
-41,10000000E-3	4,16824230E-6	
-40,20000000E-3	4,06965238E-6	
-39,10000000E-3	3,99868325E-6	
-38,10000000E-3	3,92190042E-6	
-37,40000000E-3	3,82476219E-6	
-36,30000000E-3	3,74034861E-6	
-35,20000000E-3	3,64658776E-6	
-34,20000000E-3	3,55877392E-6	
-33,20000000E-3	3,45630596E-6	
-32,40000000E-3	3,36684472E-6	
-31,20000000E-3	3,28499510E-6	
-29,90000000E-3	3,19635304E-6	
-29,10000000E-3	3,10238428E-6	
-28,00000000E-3	3,00805813E-6	
-27,00000000E-3	2,91465111E-6	
-26,30000000E-3	2,82484305E-6	
-25,10000000E-3	2,73259688E-6	
-24,10000000E-3	2,63729859E-6	
-23,30000000E-3	2,55270250E-6	
-22,10000000E-3	2,45359667E-6	
-21,30000000E-3	2,37806385E-6	
-20,20000000E-3	2,29224515E-6	
-19,20000000E-3	2,19488408E-6	
-18,00000000E-3	2,10845897E-6	
-17,20000000E-3	2,01634137E-6	
-16,10000000E-3	1,93035811E-6	
-15,10000000E-3	1,84754350E-6	
-14,30000000E-3	1,75533356E-6	
-13,20000000E-3	1,67313804E-6	
-12,20000000E-3	1,60133428E-6	
-11,40000000E-3	1,50732407E-6	
-10,00000000E-3	1,43538906E-6	
-9,30000000E-3	1,34859343E-6	
-7,90000000E-3	1,27255267E-6	
-7,20000000E-3	1,20217521E-6	
-6,30000000E-3	1,13757616E-6	
-4,90000000E-3	1,07851397E-6	
-4,30000000E-3	997,10623663E-9	
-3,20000000E-3	940,51600326E-9	
-2,10000000E-3	863,41394101E-9	
-700,00000000E-6	816,65377247E-9	
-0,00000000E+0	750,76429869E-9	
600,00000000E-6	702,58332135E-9	
2,40000000E-3	670,46851896E-9	
3,10000000E-3	619,54383747E-9	
4,40000000E-3	515,80892041E-9	
5,30000000E-3	524,73632332E-9	
6,00000000E-3	506,07498461E-9	
7,30000000E-3	478,90289948E-9	
8,00000000E-3	429,32023186E-9	
9,10000000E-3	425,42992788E-9	
9,90000000E-3	397,66953421E-9	
11,00000000E-3	382,31662620E-9	
12,40000000E-3	341,65583350E-9	
12,60000000E-3	350,36271330E-9	
14,50000000E-3	336,74604151E-9	
15,00000000E-3	330,17895130E-9	
16,40000000E-3	323,33826257E-9	
17,30000000E-3	320,17212402E-9	
18,30000000E-3	325,98944645E-9	
19,10000000E-3	329,70069238E-9	
20,10000000E-3	323,44403633E-9	
21,10000000E-3	342,89976301E-9	
22,30000000E-3	362,51625078E-9	
22,90000000E-3	396,26790919E-9	
24,10000000E-3	402,67165004E-9	
25,10000000E-3	431,87317431E-9	
26,20000000E-3	446,38560598E-9	
27,00000000E-3	480,34885522E-9	
28,20000000E-3	518,30794393E-9	
29,00000000E-3	550,43681203E-9	
30,40000000E-3	598,29579187E-9	
31,40000000E-3	646,29212418E-9	
32,50000000E-3	674,06288988E-9	
33,30000000E-3	737,45705140E-9	
34,50000000E-3	793,17079921E-9	
35,20000000E-3	828,51277984E-9	
36,40000000E-3	887,30939745E-9	
37,50000000E-3	947,78884355E-9	
38,20000000E-3	996,60025857E-9	
39,30000000E-3	1,05837409E-6	
40,30000000E-3	1,13998647E-6	
41,10000000E-3	1,18433320E-6	
42,40000000E-3	1,25316142E-6	
43,50000000E-3	1,31246309E-6	
44,20000000E-3	1,40282725E-6	
45,00000000E-3	1,46174449E-6	
46,20000000E-3	1,53521765E-6	
47,20000000E-3	1,62700304E-6	
48,20000000E-3	1,70634837E-6	
49,50000000E-3	1,79203594E-6	
50,40000000E-3	1,87004897E-6	
51,10000000E-3	1,94347913E-6	
52,50000000E-3	2,02693351E-6	
53,60000000E-3	2,11776485E-6	
54,40000000E-3	2,19360816E-6	
55,00000000E-3	2,28879055E-6	
56,00000000E-3	2,36859784E-6	
57,40000000E-3	2,43061839E-6	
58,20000000E-3	2,53076937E-6	
59,50000000E-3	2,62113924E-6	
60,20000000E-3	2,69354243E-6	
61,60000000E-3	2,78515287E-6	
62,50000000E-3	2,87214896E-6	
63,00000000E-3	2,95451794E-6	
64,20000000E-3	3,05239238E-6	
65,60000000E-3	3,13001122E-6	
66,60000000E-3	3,22576548E-6	
67,50000000E-3	3,30356987E-6	
68,60000000E-3	3,38690352E-6	
69,50000000E-3	3,46835872E-6	
70,70000000E-3	3,54838672E-6	
71,50000000E-3	3,63284444E-6	
72,70000000E-3	3,70950611E-6	
73,60000000E-3	3,79286218E-6	
74,00000000E-3	3,87620172E-6	
75,50000000E-3	3,95765629E-6	
76,60000000E-3	4,01194804E-6	
77,50000000E-3	4,10624776E-6	
78,60000000E-3	4,18839001E-6	
79,40000000E-3	4,26172045E-6	
80,50000000E-3	4,33294588E-6	
81,40000000E-3	4,40802088E-6	
82,60000000E-3	4,47277048E-6	
83,70000000E-3	4,55213257E-6	
84,40000000E-3	4,62485559E-6	
85,50000000E-3	4,69500448E-6	
86,60000000E-3	4,76730176E-6	
87,30000000E-3	4,81506702E-6	
88,60000000E-3	4,88108823E-6	
89,50000000E-3	4,94874668E-6	
90,60000000E-3	5,01874736E-6	
91,50000000E-3	5,36572353E-6	
92,60000000E-3	5,13322088E-6	
93,40000000E-3	5,19331424E-6	
94,50000000E-3	5,24453535E-6	
95,70000000E-3	5,30657022E-6	
96,40000000E-3	5,35765479E-6	
97,30000000E-3	5,41284728E-6	
98,40000000E-3	5,47270266E-6	
99,60000000E-3	5,53128822E-6	
100,70000000E-3	5,56368280E-6	
101,40000000E-3	5,61017013E-6	
102,40000000E-3	5,64646667E-6	
103,70000000E-3	5,67912339E-6	
104,40000000E-3	5,73853438E-6	
105,60000000E-3	5,77581461E-6	
106,60000000E-3	5,81032894E-6	
107,60000000E-3	5,85538111E-6	
108,80000000E-3	5,87893856E-6	
109,70000000E-3	5,89770240E-6	
110,30000000E-3	5,94083162E-6	
111,60000000E-3	5,97922943E-6	
112,70000000E-3	6,00058384E-6	
113,30000000E-3	6,05441208E-6	
114,60000000E-3	6,06585214E-6	
115,60000000E-3	6,08684620E-6	
116,70000000E-3	6,11189540E-6	
117,30000000E-3	6,12173837E-6	
118,30000000E-3	6,15942400E-6	
119,70000000E-3	6,18838341E-6	
120,90000000E-3	6,20745859E-6	
121,80000000E-3	6,21222048E-6	
122,70000000E-3	6,24775112E-6	
123,80000000E-3	6,26175806E-6	
124,70000000E-3	6,27139279E-6	
125,50000000E-3	6,29182180E-6	
126,80000000E-3	6,30218650E-6	
127,60000000E-3	6,31778776E-6	
128,60000000E-3	6,32369194E-6	
129,70000000E-3	6,35227580E-6	
130,80000000E-3	6,34853483E-6	
131,80000000E-3	6,35976141E-6	
132,80000000E-3	6,36795400E-6	
133,80000000E-3	6,37604363E-6	
134,70000000E-3	6,38955460E-6	
135,70000000E-3	6,41276061E-6	
136,80000000E-3	6,40214646E-6	
137,90000000E-3	6,41382167E-6	
139,10000000E-3	6,41797074E-6	
139,80000000E-3	6,41475659E-6	
140,60000000E-3	6,42054667E-6	
141,80000000E-3	6,42405283E-6	
142,50000000E-3	6,43435675E-6	
143,70000000E-3	6,43229018E-6	
144,70000000E-3	6,44098829E-6	
145,70000000E-3	6,45718267E-6	
146,60000000E-3	6,44324116E-6	
147,60000000E-3	6,43619941E-6	
148,40000000E-3	6,44453335E-6	
149,40000000E-3	6,45374542E-6	
150,40000000E-3	6,45849516E-6	
151,90000000E-3	6,45538681E-6	
152,70000000E-3	6,45291253E-6	
153,70000000E-3	6,45195056E-6	
154,80000000E-3	6,45220562E-6	
155,70000000E-3	6,46001732E-6	
156,70000000E-3	6,44567874E-6	
157,10000000E-3	6,45190170E-6	
158,70000000E-3	6,45729047E-6	
160,20000000E-3	6,44548473E-6	
160,90000000E-3	6,45574520E-6	
162,20000000E-3	6,44124380E-6	
162,90000000E-3	6,43606842E-6	
164,10000000E-3	6,43218807E-6	
165,00000000E-3	6,44178065E-6	
165,70000000E-3	6,43232473E-6	
166,70000000E-3	6,43967902E-6	
167,60000000E-3	6,42936256E-6	
169,20000000E-3	6,42962416E-6	
169,80000000E-3	6,44353882E-6	
171,10000000E-3	6,43198261E-6	
171,90000000E-3	6,43055021E-6	
173,00000000E-3	6,42308357E-6	
174,00000000E-3	6,41358430E-6	
175,20000000E-3	6,40154614E-6	
175,90000000E-3	6,41286226E-6	
177,20000000E-3	6,41535305E-6	
178,10000000E-3	6,39937938E-6	
178,90000000E-3	6,38575553E-6	
179,90000000E-3	6,39704314E-6	
181,00000000E-3	6,39000759E-6	
181,60000000E-3	6,38002881E-6	
183,10000000E-3	6,38426369E-6	
183,70000000E-3	6,38184684E-6	
185,10000000E-3	6,36698288E-6	
186,00000000E-3	6,36943359E-6	
187,20000000E-3	6,36100272E-6	
187,80000000E-3	6,35507871E-6	
189,20000000E-3	6,33849967E-6	
190,00000000E-3	6,35443243E-6	
190,70000000E-3	6,34779713E-6	
192,10000000E-3	6,33027263E-6	
192,70000000E-3	6,33220964E-6	
193,80000000E-3	6,33441745E-6	
195,10000000E-3	6,32431204E-6	
195,80000000E-3	6,32187802E-6	
197,10000000E-3	6,31980808E-6	
198,10000000E-3	6,31167436E-6	
198,80000000E-3	6,30533665E-6	
199,80000000E-3	6,29118028E-6	
199,90000000E-3	6,30606615E-6	
