-200,10000000E-3	6,59072952E-6	
-200,00000000E-3	6,58425083E-6	
-199,20000000E-3	6,58324888E-6	
-198,40000000E-3	6,58653097E-6	
-197,60000000E-3	6,58267002E-6	
-197,00000000E-3	6,58385593E-6	
-196,20000000E-3	6,58084037E-6	
-195,20000000E-3	6,58702084E-6	
-194,30000000E-3	6,58161389E-6	
-193,60000000E-3	6,59606460E-6	
-192,60000000E-3	6,57754323E-6	
-191,60000000E-3	6,59865604E-6	
-190,80000000E-3	6,58999026E-6	
-190,00000000E-3	6,59898974E-6	
-189,00000000E-3	6,60884205E-6	
-188,20000000E-3	6,60289369E-6	
-187,20000000E-3	6,60588990E-6	
-186,10000000E-3	6,59481175E-6	
-185,40000000E-3	6,62425485E-6	
-184,60000000E-3	6,60087395E-6	
-183,40000000E-3	6,61940757E-6	
-182,40000000E-3	6,62154833E-6	
-181,60000000E-3	6,62485114E-6	
-180,60000000E-3	6,62404340E-6	
-179,60000000E-3	6,62983262E-6	
-178,90000000E-3	6,62680191E-6	
-177,80000000E-3	6,62473931E-6	
-176,70000000E-3	6,63512621E-6	
-176,10000000E-3	6,63671154E-6	
-174,80000000E-3	6,64699587E-6	
-173,80000000E-3	6,64769816E-6	
-172,80000000E-3	6,63725362E-6	
-172,00000000E-3	6,64324683E-6	
-170,90000000E-3	6,64941228E-6	
-170,10000000E-3	6,66091908E-6	
-169,10000000E-3	6,64555548E-6	
-168,00000000E-3	6,65989000E-6	
-166,70000000E-3	6,64940883E-6	
-166,10000000E-3	6,64214713E-6	
-165,40000000E-3	6,65536231E-6	
-164,00000000E-3	6,65078044E-6	
-163,30000000E-3	6,66047548E-6	
-161,90000000E-3	6,67721007E-6	
-160,90000000E-3	6,66150305E-6	
-160,00000000E-3	6,66166398E-6	
-159,40000000E-3	6,67062803E-6	
-158,00000000E-3	6,66180516E-6	
-157,10000000E-3	6,67198253E-6	
-156,00000000E-3	6,66426993E-6	
-155,20000000E-3	6,66825805E-6	
-154,00000000E-3	6,66946230E-6	
-153,20000000E-3	6,67034813E-6	
-152,30000000E-3	6,66009044E-6	
-151,00000000E-3	6,67229880E-6	
-150,30000000E-3	6,66622961E-6	
-149,00000000E-3	6,66849499E-6	
-148,30000000E-3	6,66813288E-6	
-146,80000000E-3	6,66439651E-6	
-146,50000000E-3	6,67822693E-6	
-145,30000000E-3	6,66142120E-6	
-144,30000000E-3	6,65845995E-6	
-143,40000000E-3	6,66150836E-6	
-142,00000000E-3	6,65524098E-6	
-141,50000000E-3	6,64306498E-6	
-140,30000000E-3	6,64011075E-6	
-139,80000000E-3	6,64112324E-6	
-137,90000000E-3	6,64022284E-6	
-137,40000000E-3	6,64146651E-6	
-136,10000000E-3	6,64545744E-6	
-135,20000000E-3	6,64128729E-6	
-134,30000000E-3	6,64062594E-6	
-133,30000000E-3	6,62354247E-6	
-132,30000000E-3	6,61643760E-6	
-131,40000000E-3	6,61715957E-6	
-130,40000000E-3	6,61211720E-6	
-129,60000000E-3	6,60604965E-6	
-128,50000000E-3	6,60504715E-6	
-127,20000000E-3	6,60434423E-6	
-126,60000000E-3	6,58121454E-6	
-125,30000000E-3	6,59106899E-6	
-124,30000000E-3	6,57936830E-6	
-123,40000000E-3	6,57807402E-6	
-122,20000000E-3	6,58254057E-6	
-121,10000000E-3	6,56938321E-6	
-120,60000000E-3	6,54818432E-6	
-119,50000000E-3	6,53434109E-6	
-118,20000000E-3	6,52778048E-6	
-117,40000000E-3	6,53453262E-6	
-116,50000000E-3	6,52973017E-6	
-115,40000000E-3	6,51661229E-6	
-114,60000000E-3	6,49808326E-6	
-113,50000000E-3	6,47951813E-6	
-112,70000000E-3	6,46634400E-6	
-111,10000000E-3	6,44005299E-6	
-110,70000000E-3	6,40616508E-6	
-109,80000000E-3	6,44263357E-6	
-108,60000000E-3	6,43445122E-6	
-107,10000000E-3	6,41349873E-6	
-106,30000000E-3	6,41056102E-6	
-105,80000000E-3	6,39772012E-6	
-104,20000000E-3	6,37572007E-6	
-103,50000000E-3	6,36172037E-6	
-102,50000000E-3	6,33954503E-6	
-101,80000000E-3	6,32870768E-6	
-100,80000000E-3	6,31569943E-6	
-99,70000000E-3	6,29362303E-6	
-98,10000000E-3	6,29313138E-6	
-97,20000000E-3	6,24699505E-6	
-96,40000000E-3	6,24101509E-6	
-95,30000000E-3	6,20875143E-6	
-94,80000000E-3	6,19819674E-6	
-93,50000000E-3	6,18164762E-6	
-93,10000000E-3	6,15874385E-6	
-92,10000000E-3	6,13684025E-6	
-91,00000000E-3	6,09908694E-6	
-90,10000000E-3	6,06193271E-6	
-88,60000000E-3	6,04664363E-6	
-88,00000000E-3	6,01264683E-6	
-86,40000000E-3	5,99228164E-6	
-86,10000000E-3	5,95460468E-6	
-84,20000000E-3	5,92911457E-6	
-83,70000000E-3	5,90860803E-6	
-82,60000000E-3	5,87185071E-6	
-81,40000000E-3	5,85013919E-6	
-80,80000000E-3	5,79881869E-6	
-79,70000000E-3	5,75754776E-6	
-78,80000000E-3	5,73892209E-6	
-77,10000000E-3	5,71146443E-6	
-76,60000000E-3	5,66869171E-6	
-75,00000000E-3	5,62934224E-6	
-74,40000000E-3	5,59163598E-6	
-73,30000000E-3	5,57633083E-6	
-72,10000000E-3	5,53769401E-6	
-71,50000000E-3	5,48901706E-6	
-70,30000000E-3	5,45284208E-6	
-69,20000000E-3	5,42062045E-6	
-68,00000000E-3	5,39372284E-6	
-67,00000000E-3	5,35563442E-6	
-66,40000000E-3	5,31917184E-6	
-65,10000000E-3	5,27745677E-6	
-64,10000000E-3	5,24219358E-6	
-63,00000000E-3	5,20570697E-6	
-62,50000000E-3	5,16208555E-6	
-61,30000000E-3	5,11177436E-6	
-60,80000000E-3	5,07179340E-6	
-59,60000000E-3	5,03916030E-6	
-58,20000000E-3	4,98306778E-6	
-57,30000000E-3	4,93673765E-6	
-56,50000000E-3	4,90015712E-6	
-55,90000000E-3	4,84570595E-6	
-54,80000000E-3	4,79544161E-6	
-53,30000000E-3	4,74289740E-6	
-52,00000000E-3	4,70102393E-6	
-51,50000000E-3	4,66713785E-6	
-50,40000000E-3	4,61872272E-6	
-48,80000000E-3	4,56450425E-6	
-48,30000000E-3	4,52042096E-6	
-47,10000000E-3	4,47193720E-6	
-46,00000000E-3	4,43443615E-6	
-45,00000000E-3	4,38632694E-6	
-44,30000000E-3	4,33893626E-6	
-43,10000000E-3	4,30196316E-6	
-42,00000000E-3	4,24681657E-6	
-41,20000000E-3	4,21462670E-6	
-39,70000000E-3	4,17060677E-6	
-39,00000000E-3	4,12103551E-6	
-37,90000000E-3	4,07288736E-6	
-37,00000000E-3	4,03755538E-6	
-35,70000000E-3	4,00642690E-6	
-35,10000000E-3	3,95566740E-6	
-33,70000000E-3	3,92875423E-6	
-32,70000000E-3	3,87929671E-6	
-32,10000000E-3	3,83780316E-6	
-30,70000000E-3	3,78109845E-6	
-30,10000000E-3	3,74330614E-6	
-29,30000000E-3	3,70844731E-6	
-28,20000000E-3	3,66692133E-6	
-27,20000000E-3	3,62878899E-6	
-26,10000000E-3	3,58185777E-6	
-24,70000000E-3	3,54931360E-6	
-23,50000000E-3	3,51786914E-6	
-23,20000000E-3	3,46841109E-6	
-21,80000000E-3	3,45408276E-6	
-20,60000000E-3	3,40669063E-6	
-19,90000000E-3	3,37249407E-6	
-18,70000000E-3	3,34383436E-6	
-17,90000000E-3	3,31495518E-6	
-16,90000000E-3	3,29228540E-6	
-15,80000000E-3	3,27271491E-6	
-14,70000000E-3	3,22247883E-6	
-14,10000000E-3	3,20287005E-6	
-12,80000000E-3	3,15300949E-6	
-11,70000000E-3	3,13028844E-6	
-11,10000000E-3	3,10820800E-6	
-9,80000000E-3	3,09254080E-6	
-8,90000000E-3	3,05048718E-6	
-8,20000000E-3	3,01572829E-6	
-6,70000000E-3	3,00773398E-6	
-6,00000000E-3	3,01024128E-6	
-4,60000000E-3	2,97418920E-6	
-4,00000000E-3	2,94993377E-6	
-2,50000000E-3	2,91370539E-6	
-1,80000000E-3	2,90801718E-6	
-400,00000000E-6	2,90854704E-6	
400,00000000E-6	2,88570728E-6	
1,40000000E-3	2,87757552E-6	
2,50000000E-3	2,85589658E-6	
3,20000000E-3	2,84444289E-6	
4,40000000E-3	2,83732499E-6	
5,20000000E-3	2,82502483E-6	
6,30000000E-3	2,83290677E-6	
7,20000000E-3	2,82062468E-6	
8,80000000E-3	2,82617014E-6	
9,50000000E-3	2,82373737E-6	
10,20000000E-3	2,81397582E-6	
11,40000000E-3	2,80376108E-6	
11,60000000E-3	2,80837252E-6	
13,50000000E-3	2,81271026E-6	
14,20000000E-3	2,81274011E-6	
15,40000000E-3	2,81408115E-6	
16,70000000E-3	2,82852550E-6	
17,20000000E-3	2,83879293E-6	
18,40000000E-3	2,86328136E-6	
19,10000000E-3	2,85978976E-6	
20,60000000E-3	2,86616062E-6	
21,80000000E-3	2,87886073E-6	
23,00000000E-3	2,89520044E-6	
23,50000000E-3	2,90551192E-6	
24,60000000E-3	2,92238450E-6	
25,60000000E-3	2,92578066E-6	
26,20000000E-3	2,95037394E-6	
27,60000000E-3	2,96816880E-6	
27,90000000E-3	2,99667186E-6	
29,00000000E-3	3,01916060E-6	
30,70000000E-3	3,03360998E-6	
32,10000000E-3	3,05535158E-6	
32,80000000E-3	3,07730672E-6	
33,60000000E-3	3,10745102E-6	
35,00000000E-3	3,11983844E-6	
35,50000000E-3	3,15061857E-6	
36,60000000E-3	3,17747010E-6	
37,20000000E-3	3,19636346E-6	
38,30000000E-3	3,21861959E-6	
39,60000000E-3	3,26419354E-6	
40,30000000E-3	3,28957796E-6	
41,40000000E-3	3,32977273E-6	
42,40000000E-3	3,34705671E-6	
43,90000000E-3	3,38521130E-6	
44,60000000E-3	3,40815091E-6	
45,70000000E-3	3,44453611E-6	
46,90000000E-3	3,47785374E-6	
48,00000000E-3	3,50054470E-6	
48,80000000E-3	3,53359244E-6	
49,60000000E-3	3,58351751E-6	
50,70000000E-3	3,62093076E-6	
51,30000000E-3	3,65305340E-6	
52,40000000E-3	3,67672449E-6	
53,70000000E-3	3,72218918E-6	
54,50000000E-3	3,76643905E-6	
55,70000000E-3	3,80473557E-6	
56,70000000E-3	3,83927270E-6	
57,90000000E-3	3,87542056E-6	
58,70000000E-3	3,91287305E-6	
59,90000000E-3	3,94986064E-6	
61,10000000E-3	3,97488254E-6	
61,80000000E-3	4,00477751E-6	
62,50000000E-3	4,04687882E-6	
63,70000000E-3	4,10602017E-6	
64,80000000E-3	4,13632706E-6	
65,80000000E-3	4,17625008E-6	
66,80000000E-3	4,20273551E-6	
67,50000000E-3	4,24796514E-6	
68,60000000E-3	4,29333554E-6	
69,90000000E-3	4,34618489E-6	
70,40000000E-3	4,37400109E-6	
71,60000000E-3	4,42814963E-6	
72,90000000E-3	4,46540456E-6	
73,60000000E-3	4,50024299E-6	
74,90000000E-3	4,52640931E-6	
75,80000000E-3	4,57019441E-6	
76,90000000E-3	4,61932535E-6	
77,80000000E-3	4,65860497E-6	
78,60000000E-3	4,70706406E-6	
79,80000000E-3	4,72448909E-6	
80,70000000E-3	4,76495331E-6	
81,90000000E-3	4,80274083E-6	
82,70000000E-3	4,83359408E-6	
83,50000000E-3	4,87986329E-6	
84,80000000E-3	4,91448486E-6	
86,10000000E-3	4,95258518E-6	
86,80000000E-3	4,98836364E-6	
88,00000000E-3	5,02391196E-6	
88,80000000E-3	5,06628579E-6	
89,70000000E-3	5,10125093E-6	
90,70000000E-3	5,12690411E-6	
91,80000000E-3	5,17703801E-6	
92,50000000E-3	5,20841828E-6	
94,00000000E-3	5,22746086E-6	
94,70000000E-3	5,26093094E-6	
95,80000000E-3	5,30466221E-6	
96,70000000E-3	5,34857498E-6	
98,10000000E-3	5,37301018E-6	
98,50000000E-3	5,39633420E-6	
99,90000000E-3	5,43269209E-6	
100,90000000E-3	5,46232576E-6	
101,60000000E-3	5,49025845E-6	
102,70000000E-3	5,52002422E-6	
103,90000000E-3	5,53948626E-6	
104,50000000E-3	5,58069283E-6	
105,80000000E-3	5,61258001E-6	
106,60000000E-3	5,62685729E-6	
107,80000000E-3	5,66372876E-6	
108,60000000E-3	5,68529838E-6	
109,90000000E-3	5,69981733E-6	
110,80000000E-3	5,74081460E-6	
111,70000000E-3	5,75887428E-6	
113,20000000E-3	5,78723783E-6	
113,80000000E-3	5,81854914E-6	
114,80000000E-3	5,82008198E-6	
115,50000000E-3	5,84990469E-6	
117,00000000E-3	5,87940752E-6	
118,20000000E-3	5,88687414E-6	
119,20000000E-3	5,90535348E-6	
119,70000000E-3	5,94783653E-6	
121,00000000E-3	5,94512005E-6	
122,00000000E-3	5,97825450E-6	
122,70000000E-3	5,99227132E-6	
124,00000000E-3	6,01109967E-6	
124,60000000E-3	6,03523243E-6	
125,80000000E-3	6,05410253E-6	
126,50000000E-3	6,06669626E-6	
127,60000000E-3	6,08310315E-6	
129,00000000E-3	6,10180765E-6	
129,70000000E-3	6,12251052E-6	
131,10000000E-3	6,13217857E-6	
131,50000000E-3	6,15107659E-6	
133,00000000E-3	6,15893403E-6	
134,20000000E-3	6,19428254E-6	
135,10000000E-3	6,19400933E-6	
135,90000000E-3	6,21076103E-6	
137,00000000E-3	6,23249252E-6	
138,00000000E-3	6,22697611E-6	
138,50000000E-3	6,24340880E-6	
140,00000000E-3	6,26865777E-6	
140,50000000E-3	6,26086064E-6	
141,50000000E-3	6,29016529E-6	
143,00000000E-3	6,29926096E-6	
143,90000000E-3	6,31793196E-6	
144,90000000E-3	6,31724941E-6	
146,20000000E-3	6,33289645E-6	
147,10000000E-3	6,34103975E-6	
147,80000000E-3	6,35068130E-6	
149,20000000E-3	6,36661312E-6	
150,00000000E-3	6,37788004E-6	
151,00000000E-3	6,38014856E-6	
151,80000000E-3	6,39734799E-6	
152,80000000E-3	6,39889409E-6	
153,90000000E-3	6,40468695E-6	
155,00000000E-3	6,41337840E-6	
156,30000000E-3	6,42162432E-6	
156,90000000E-3	6,43703065E-6	
157,80000000E-3	6,43905395E-6	
159,00000000E-3	6,44116635E-6	
159,60000000E-3	6,44942852E-6	
161,00000000E-3	6,45948940E-6	
161,90000000E-3	6,47009318E-6	
162,60000000E-3	6,47337451E-6	
163,90000000E-3	6,48288053E-6	
164,50000000E-3	6,49375058E-6	
166,10000000E-3	6,48711792E-6	
167,20000000E-3	6,50554412E-6	
167,80000000E-3	6,50209577E-6	
168,80000000E-3	6,51668028E-6	
170,10000000E-3	6,51119116E-6	
170,90000000E-3	6,51187097E-6	
172,20000000E-3	6,51775264E-6	
173,30000000E-3	6,51980576E-6	
173,90000000E-3	6,52003909E-6	
175,20000000E-3	6,47466394E-6	
176,30000000E-3	6,51957354E-6	
177,00000000E-3	6,54154451E-6	
178,10000000E-3	6,53099607E-6	
178,90000000E-3	6,54645818E-6	
179,90000000E-3	6,55652460E-6	
181,10000000E-3	6,55670561E-6	
181,80000000E-3	6,55236327E-6	
183,50000000E-3	6,55973566E-6	
184,00000000E-3	6,56861466E-6	
185,30000000E-3	6,56634529E-6	
185,60000000E-3	6,56898887E-6	
187,20000000E-3	6,57764881E-6	
188,30000000E-3	6,56696058E-6	
189,30000000E-3	6,56803258E-6	
190,40000000E-3	6,57437095E-6	
191,10000000E-3	6,57620397E-6	
192,30000000E-3	6,57634965E-6	
193,00000000E-3	6,57696596E-6	
194,20000000E-3	6,58304670E-6	
195,20000000E-3	6,58846506E-6	
196,40000000E-3	6,58556727E-6	
197,20000000E-3	6,57616528E-6	
197,80000000E-3	6,59316066E-6	
199,10000000E-3	6,59481277E-6	
199,80000000E-3	6,58457308E-6	
