-200,90000000E-3	5,93351637E-6	
-200,80000000E-3	5,91098136E-6	
-200,20000000E-3	5,91027359E-6	
-199,70000000E-3	5,90706938E-6	
-199,00000000E-3	5,88922485E-6	
-198,40000000E-3	5,90035725E-6	
-197,60000000E-3	5,91950820E-6	
-197,00000000E-3	5,93518247E-6	
-195,90000000E-3	5,94986967E-6	
-195,00000000E-3	5,95911723E-6	
-194,20000000E-3	5,97298446E-6	
-193,20000000E-3	5,98554068E-6	
-192,30000000E-3	5,99306636E-6	
-191,60000000E-3	6,00097293E-6	
-190,60000000E-3	6,02097944E-6	
-189,60000000E-3	6,05454236E-6	
-188,80000000E-3	6,06040155E-6	
-187,50000000E-3	6,08554827E-6	
-186,90000000E-3	6,10388895E-6	
-185,80000000E-3	6,12159014E-6	
-185,00000000E-3	6,14272215E-6	
-184,00000000E-3	6,15267151E-6	
-183,10000000E-3	6,18810660E-6	
-181,90000000E-3	6,21262656E-6	
-180,90000000E-3	6,23563563E-6	
-179,90000000E-3	6,25471783E-6	
-178,90000000E-3	6,28124266E-6	
-178,10000000E-3	6,29237393E-6	
-177,10000000E-3	6,31843189E-6	
-176,10000000E-3	6,35087256E-6	
-175,00000000E-3	6,36883948E-6	
-174,10000000E-3	6,40740572E-6	
-173,00000000E-3	6,43084128E-6	
-172,20000000E-3	6,44526232E-6	
-171,20000000E-3	6,46315938E-6	
-170,10000000E-3	6,48424965E-6	
-169,20000000E-3	6,52407710E-6	
-167,80000000E-3	6,52592454E-6	
-167,30000000E-3	6,55649580E-6	
-165,90000000E-3	6,60322113E-6	
-165,30000000E-3	6,63421044E-6	
-163,90000000E-3	6,64654958E-6	
-163,10000000E-3	6,67047556E-6	
-162,20000000E-3	6,71051995E-6	
-161,40000000E-3	6,72699806E-6	
-160,20000000E-3	6,76918929E-6	
-158,60000000E-3	6,80558857E-6	
-158,30000000E-3	6,81681803E-6	
-157,20000000E-3	6,84653587E-6	
-156,30000000E-3	6,86909983E-6	
-155,20000000E-3	6,89362152E-6	
-154,00000000E-3	6,93804376E-6	
-153,30000000E-3	6,97204621E-6	
-152,60000000E-3	6,98541420E-6	
-151,20000000E-3	7,02738608E-6	
-150,30000000E-3	7,05470349E-6	
-149,30000000E-3	7,07621104E-6	
-148,50000000E-3	7,10178706E-6	
-147,50000000E-3	7,15104403E-6	
-146,70000000E-3	7,18471989E-6	
-145,60000000E-3	7,22655128E-6	
-143,80000000E-3	7,23093915E-6	
-142,70000000E-3	7,27176610E-6	
-142,10000000E-3	7,29459178E-6	
-140,70000000E-3	7,32640324E-6	
-139,90000000E-3	7,34369309E-6	
-139,00000000E-3	7,39475504E-6	
-137,90000000E-3	7,40034837E-6	
-137,10000000E-3	7,42311056E-6	
-136,00000000E-3	7,46654684E-6	
-134,80000000E-3	7,49081534E-6	
-134,00000000E-3	7,51349464E-6	
-133,10000000E-3	7,53165324E-6	
-132,40000000E-3	7,57364942E-6	
-131,20000000E-3	7,60620638E-6	
-130,30000000E-3	7,64063147E-6	
-129,40000000E-3	7,70158795E-6	
-128,10000000E-3	7,71191770E-6	
-127,30000000E-3	7,73523390E-6	
-126,60000000E-3	7,78460110E-6	
-125,50000000E-3	7,82661913E-6	
-124,40000000E-3	7,85265316E-6	
-123,30000000E-3	7,88406105E-6	
-122,40000000E-3	7,93092447E-6	
-121,30000000E-3	7,96198191E-6	
-120,30000000E-3	7,98536487E-6	
-119,10000000E-3	8,02972869E-6	
-118,20000000E-3	8,05822486E-6	
-117,10000000E-3	8,09697063E-6	
-116,00000000E-3	8,12646129E-6	
-115,20000000E-3	8,16759018E-6	
-114,30000000E-3	8,20218200E-6	
-113,30000000E-3	8,23884144E-6	
-112,40000000E-3	8,26731748E-6	
-111,10000000E-3	8,30980956E-6	
-110,00000000E-3	8,33904132E-6	
-109,10000000E-3	8,38772642E-6	
-108,20000000E-3	8,40224709E-6	
-107,00000000E-3	8,45410371E-6	
-106,30000000E-3	8,49600478E-6	
-105,40000000E-3	8,53638930E-6	
-104,40000000E-3	8,55632038E-6	
-104,30000000E-3	8,57751533E-6	
-102,70000000E-3	8,63463853E-6	
-101,40000000E-3	8,67383746E-6	
-99,50000000E-3	8,70776523E-6	
-99,60000000E-3	8,74357151E-6	
-97,90000000E-3	8,76987299E-6	
-97,90000000E-3	8,80835392E-6	
-95,90000000E-3	8,85076227E-6	
-94,80000000E-3	8,88948542E-6	
-93,60000000E-3	8,91297334E-6	
-93,40000000E-3	8,95544427E-6	
-92,60000000E-3	8,99529082E-6	
-90,90000000E-3	9,00532561E-6	
-90,10000000E-3	9,03919474E-6	
-88,60000000E-3	9,07111633E-6	
-88,30000000E-3	9,08691768E-6	
-86,80000000E-3	9,10444823E-6	
-86,10000000E-3	9,13330909E-6	
-84,60000000E-3	9,16397987E-6	
-83,90000000E-3	9,17900240E-6	
-83,10000000E-3	9,18035847E-6	
-81,80000000E-3	9,18591855E-6	
-80,90000000E-3	9,19816140E-6	
-79,90000000E-3	9,19545274E-6	
-78,80000000E-3	9,19843062E-6	
-77,70000000E-3	9,19599437E-6	
-76,50000000E-3	9,19994507E-6	
-76,10000000E-3	9,18240704E-6	
-75,30000000E-3	9,18410955E-6	
-73,60000000E-3	9,13842299E-6	
-73,10000000E-3	9,12582440E-6	
-71,70000000E-3	9,09501791E-6	
-70,70000000E-3	9,04718737E-6	
-70,00000000E-3	9,02419446E-6	
-69,00000000E-3	8,96169044E-6	
-67,70000000E-3	8,91000755E-6	
-67,00000000E-3	8,87343320E-6	
-66,00000000E-3	8,79535591E-6	
-64,80000000E-3	8,71923077E-6	
-63,70000000E-3	8,64071106E-6	
-62,70000000E-3	8,55671653E-6	
-62,00000000E-3	8,45982532E-6	
-60,70000000E-3	8,33689486E-6	
-59,90000000E-3	8,22480639E-6	
-59,40000000E-3	8,09328715E-6	
-58,00000000E-3	7,95174907E-6	
-56,80000000E-3	7,79898442E-6	
-56,30000000E-3	7,61482646E-6	
-54,50000000E-3	7,45855895E-6	
-53,60000000E-3	7,27183440E-6	
-53,30000000E-3	7,10348712E-6	
-51,60000000E-3	6,89345629E-6	
-50,50000000E-3	6,68685627E-6	
-49,70000000E-3	6,50305575E-6	
-48,60000000E-3	6,28839241E-6	
-47,60000000E-3	6,07778781E-6	
-46,90000000E-3	5,84140891E-6	
-45,50000000E-3	5,61184587E-6	
-44,90000000E-3	5,35595418E-6	
-43,40000000E-3	5,08953104E-6	
-42,60000000E-3	4,82423781E-6	
-41,80000000E-3	4,54178649E-6	
-40,60000000E-3	4,28787645E-6	
-39,70000000E-3	3,98292890E-6	
-38,80000000E-3	3,58964594E-6	
-37,60000000E-3	3,32193956E-6	
-36,70000000E-3	3,08858665E-6	
-35,70000000E-3	2,77420119E-6	
-34,30000000E-3	2,46276458E-6	
-33,40000000E-3	2,16093194E-6	
-32,20000000E-3	1,87080255E-6	
-31,60000000E-3	1,53748663E-6	
-30,40000000E-3	1,22376478E-6	
-29,40000000E-3	905,58747755E-9	
-28,60000000E-3	554,50576722E-9	
-27,40000000E-3	254,77140514E-9	
-26,50000000E-3	-77,33516395E-9	
-25,10000000E-3	-365,49001385E-9	
-24,60000000E-3	-702,70938462E-9	
-23,30000000E-3	-1,03896332E-6	
-22,50000000E-3	-1,35768702E-6	
-21,40000000E-3	-1,68954968E-6	
-20,50000000E-3	-1,99930340E-6	
-20,20000000E-3	-2,31919980E-6	
-18,50000000E-3	-2,66206477E-6	
-18,10000000E-3	-2,97963704E-6	
-16,50000000E-3	-3,30822189E-6	
-15,80000000E-3	-3,63096602E-6	
-14,40000000E-3	-3,93074488E-6	
-13,90000000E-3	-4,22008291E-6	
-12,20000000E-3	-4,48571750E-6	
-11,30000000E-3	-4,73306026E-6	
-10,10000000E-3	-4,95454655E-6	
-9,20000000E-3	-5,19378502E-6	
-8,30000000E-3	-5,40794342E-6	
-7,30000000E-3	-5,58558769E-6	
-6,60000000E-3	-5,79849075E-6	
-5,50000000E-3	-5,98364447E-6	
-4,10000000E-3	-6,14987395E-6	
-3,60000000E-3	-6,28871936E-6	
-2,70000000E-3	-6,45427564E-6	
-1,00000000E-3	-6,58381871E-6	
-200,00000000E-6	-6,72699887E-6	
1,00000000E-3	-6,85054992E-6	
1,90000000E-3	-6,93320934E-6	
3,00000000E-3	-7,02725333E-6	
3,50000000E-3	-7,09477010E-6	
4,80000000E-3	-7,16134522E-6	
5,80000000E-3	-7,20409690E-6	
6,70000000E-3	-7,25825057E-6	
8,10000000E-3	-7,25659771E-6	
8,80000000E-3	-7,26953233E-6	
10,00000000E-3	-7,25653627E-6	
10,80000000E-3	-7,26898387E-6	
11,90000000E-3	-7,24724069E-6	
12,80000000E-3	-7,21332503E-6	
13,90000000E-3	-7,16742396E-6	
14,80000000E-3	-7,11410486E-6	
16,20000000E-3	-7,06408208E-6	
16,70000000E-3	-6,96260785E-6	
17,20000000E-3	-6,89470941E-6	
19,00000000E-3	-6,77996860E-6	
19,90000000E-3	-6,65256867E-6	
20,90000000E-3	-6,54073312E-6	
21,80000000E-3	-6,41012641E-6	
23,20000000E-3	-6,25992441E-6	
23,70000000E-3	-6,10577614E-6	
24,50000000E-3	-5,93233952E-6	
25,70000000E-3	-5,73246621E-6	
26,80000000E-3	-5,52834137E-6	
27,50000000E-3	-5,31518185E-6	
28,70000000E-3	-5,09658101E-6	
29,70000000E-3	-4,86227271E-6	
30,50000000E-3	-4,61388312E-6	
32,10000000E-3	-4,34743489E-6	
32,80000000E-3	-4,09973184E-6	
33,70000000E-3	-3,84359001E-6	
34,80000000E-3	-3,57683782E-6	
35,90000000E-3	-3,30370683E-6	
36,80000000E-3	-3,03041549E-6	
38,00000000E-3	-2,77125737E-6	
38,70000000E-3	-2,48093303E-6	
39,60000000E-3	-2,17649938E-6	
40,70000000E-3	-1,88808018E-6	
42,00000000E-3	-1,57955744E-6	
43,10000000E-3	-1,29166521E-6	
44,20000000E-3	-970,00647837E-9	
45,10000000E-3	-687,54460723E-9	
45,90000000E-3	-376,53507898E-9	
46,70000000E-3	-52,84669790E-9	
47,90000000E-3	246,31839457E-9	
48,90000000E-3	683,83611856E-9	
49,70000000E-3	887,54444900E-9	
50,90000000E-3	1,19185575E-6	
51,70000000E-3	1,51048815E-6	
52,70000000E-3	1,80975089E-6	
53,90000000E-3	2,11423423E-6	
55,10000000E-3	2,40199036E-6	
55,90000000E-3	2,71372118E-6	
57,00000000E-3	3,00602747E-6	
58,00000000E-3	3,31152741E-6	
58,80000000E-3	3,60149195E-6	
59,80000000E-3	3,88593688E-6	
60,90000000E-3	4,15591312E-6	
61,80000000E-3	4,42729204E-6	
62,80000000E-3	4,67404571E-6	
63,90000000E-3	4,92612616E-6	
64,60000000E-3	5,15657932E-6	
65,80000000E-3	5,39508752E-6	
67,10000000E-3	5,61700413E-6	
67,50000000E-3	5,84345228E-6	
69,20000000E-3	6,06567001E-6	
69,90000000E-3	6,26017088E-6	
70,90000000E-3	6,43638605E-6	
72,10000000E-3	6,61101883E-6	
73,30000000E-3	6,76780470E-6	
74,00000000E-3	6,92016879E-6	
75,10000000E-3	7,06606635E-6	
76,50000000E-3	7,21630320E-6	
77,00000000E-3	7,35167514E-6	
78,00000000E-3	7,46155957E-6	
79,00000000E-3	7,58272285E-6	
80,40000000E-3	7,68633994E-6	
81,20000000E-3	7,80947128E-6	
82,10000000E-3	7,89599077E-6	
83,10000000E-3	7,98719034E-6	
83,90000000E-3	8,08473667E-6	
85,60000000E-3	8,14503974E-6	
85,90000000E-3	8,22300767E-6	
86,90000000E-3	8,29120358E-6	
88,30000000E-3	8,34726332E-6	
89,60000000E-3	8,39996180E-6	
90,20000000E-3	8,44229459E-6	
91,30000000E-3	8,48414742E-6	
92,40000000E-3	8,50544741E-6	
93,10000000E-3	8,54307973E-6	
94,30000000E-3	8,56081226E-6	
95,10000000E-3	8,57921832E-6	
96,00000000E-3	8,61021269E-6	
97,20000000E-3	8,60367586E-6	
98,40000000E-3	8,60749251E-6	
98,90000000E-3	8,60218695E-6	
99,90000000E-3	8,60753890E-6	
100,90000000E-3	8,60073495E-6	
101,90000000E-3	8,59951699E-6	
103,30000000E-3	8,57474892E-6	
103,90000000E-3	8,55225126E-6	
104,40000000E-3	8,54362001E-6	
105,80000000E-3	8,52033634E-6	
106,90000000E-3	8,49217308E-6	
107,80000000E-3	8,45801845E-6	
109,10000000E-3	8,43813039E-6	
110,40000000E-3	8,41636636E-6	
111,20000000E-3	8,37848554E-6	
112,10000000E-3	8,35367577E-6	
113,50000000E-3	8,30926014E-6	
114,40000000E-3	8,28638407E-6	
115,20000000E-3	8,24766718E-6	
116,60000000E-3	8,21776236E-6	
117,50000000E-3	8,19096879E-6	
117,90000000E-3	8,16066837E-6	
119,30000000E-3	8,10887615E-6	
120,30000000E-3	8,08334143E-6	
121,30000000E-3	8,03708818E-6	
122,00000000E-3	8,00712917E-6	
123,10000000E-3	7,98332652E-6	
123,70000000E-3	7,92736339E-6	
125,40000000E-3	7,89980064E-6	
126,40000000E-3	7,85673921E-6	
126,80000000E-3	7,81757529E-6	
128,10000000E-3	7,79524551E-6	
129,20000000E-3	7,74828850E-6	
130,00000000E-3	7,70800990E-6	
131,10000000E-3	7,66983169E-6	
132,10000000E-3	7,62247783E-6	
133,00000000E-3	7,58007376E-6	
134,40000000E-3	7,55328945E-6	
135,40000000E-3	7,50999070E-6	
136,30000000E-3	7,47548117E-6	
137,20000000E-3	7,42614982E-6	
138,10000000E-3	7,39141399E-6	
138,90000000E-3	7,36534258E-6	
139,80000000E-3	7,32856770E-6	
140,70000000E-3	7,28878543E-6	
142,10000000E-3	7,27112075E-6	
142,90000000E-3	7,21971150E-6	
144,30000000E-3	7,19146740E-6	
145,00000000E-3	7,13314553E-6	
146,50000000E-3	7,08762110E-6	
147,40000000E-3	7,06533206E-6	
148,40000000E-3	7,02710211E-6	
149,40000000E-3	6,99041480E-6	
150,40000000E-3	6,97452907E-6	
151,70000000E-3	6,92654765E-6	
152,50000000E-3	6,88185864E-6	
153,50000000E-3	6,84974157E-6	
154,50000000E-3	6,83235767E-6	
155,30000000E-3	6,80667557E-6	
156,20000000E-3	6,78166783E-6	
157,20000000E-3	6,74707619E-6	
158,40000000E-3	6,71903117E-6	
159,40000000E-3	6,68591745E-6	
160,70000000E-3	6,64209014E-6	
161,40000000E-3	6,62083392E-6	
162,20000000E-3	6,59624586E-6	
163,80000000E-3	6,56833211E-6	
164,40000000E-3	6,53515614E-6	
165,50000000E-3	6,50087377E-6	
166,60000000E-3	6,48759897E-6	
167,50000000E-3	6,46679940E-6	
168,60000000E-3	6,42708119E-6	
169,40000000E-3	6,40687774E-6	
169,90000000E-3	6,38194631E-6	
171,60000000E-3	6,36274776E-6	
172,40000000E-3	6,34811192E-6	
173,70000000E-3	6,33300558E-6	
174,20000000E-3	6,28886307E-6	
175,30000000E-3	6,26822274E-6	
176,40000000E-3	6,23988743E-6	
177,10000000E-3	6,22005163E-6	
178,40000000E-3	6,19766723E-6	
179,10000000E-3	6,18613941E-6	
180,70000000E-3	6,16759893E-6	
181,20000000E-3	6,15297943E-6	
182,60000000E-3	6,10999295E-6	
183,20000000E-3	6,09381377E-6	
184,50000000E-3	6,07564837E-6	
185,50000000E-3	6,06548768E-6	
186,20000000E-3	6,04959888E-6	
187,30000000E-3	6,04919179E-6	
188,20000000E-3	6,02438715E-6	
189,30000000E-3	6,00338284E-6	
190,10000000E-3	5,98907834E-6	
191,00000000E-3	5,97796495E-6	
192,40000000E-3	5,94799794E-6	
193,50000000E-3	5,94398282E-6	
194,70000000E-3	5,91007963E-6	
195,50000000E-3	5,90284876E-6	
196,40000000E-3	5,87615612E-6	
197,50000000E-3	5,87344877E-6	
198,70000000E-3	5,85230538E-6	
199,80000000E-3	5,85699404E-6	
199,80000000E-3	5,82450815E-6	
