-200,00000000E-3	3,92639390E-6	
-199,80000000E-3	3,91600624E-6	
-199,10000000E-3	3,93965735E-6	
-198,30000000E-3	3,91806344E-6	
-197,30000000E-3	3,90239367E-6	
-196,40000000E-3	3,90402223E-6	
-195,40000000E-3	3,91314863E-6	
-194,60000000E-3	3,93080942E-6	
-193,80000000E-3	3,84701428E-6	
-192,80000000E-3	3,84366056E-6	
-191,80000000E-3	3,88557101E-6	
-191,00000000E-3	3,85992625E-6	
-189,90000000E-3	3,77325059E-6	
-189,00000000E-3	3,72457993E-6	
-187,90000000E-3	3,72520867E-6	
-187,40000000E-3	3,79148933E-6	
-186,20000000E-3	3,86669491E-6	
-185,30000000E-3	3,88919143E-6	
-184,10000000E-3	3,91849261E-6	
-183,30000000E-3	3,99449316E-6	
-182,20000000E-3	4,10003353E-6	
-181,70000000E-3	4,21379536E-6	
-180,50000000E-3	4,26231251E-6	
-179,60000000E-3	4,23598003E-6	
-178,50000000E-3	4,30876797E-6	
-177,60000000E-3	4,38459557E-6	
-176,70000000E-3	4,41362063E-6	
-175,90000000E-3	4,37465801E-6	
-174,70000000E-3	4,38743999E-6	
-173,90000000E-3	4,37341025E-6	
-172,90000000E-3	4,36901727E-6	
-171,80000000E-3	4,36581311E-6	
-170,80000000E-3	4,30020157E-6	
-169,80000000E-3	4,41103206E-6	
-169,00000000E-3	4,43536701E-6	
-168,00000000E-3	4,49935674E-6	
-167,00000000E-3	4,58078800E-6	
-165,90000000E-3	4,57377172E-6	
-165,00000000E-3	4,63111126E-6	
-164,00000000E-3	4,71239901E-6	
-163,30000000E-3	4,79560917E-6	
-162,00000000E-3	4,89392652E-6	
-161,30000000E-3	4,91794858E-6	
-160,20000000E-3	4,95870599E-6	
-159,20000000E-3	4,96401384E-6	
-158,20000000E-3	4,95397802E-6	
-157,40000000E-3	4,93886018E-6	
-156,20000000E-3	4,91283156E-6	
-155,50000000E-3	4,78950048E-6	
-154,20000000E-3	4,76612398E-6	
-153,30000000E-3	4,89312755E-6	
-152,40000000E-3	5,15579861E-6	
-151,50000000E-3	5,25661263E-6	
-150,30000000E-3	5,33737781E-6	
-149,40000000E-3	5,40258725E-6	
-148,20000000E-3	5,53808645E-6	
-147,20000000E-3	5,66401423E-6	
-146,30000000E-3	5,65227422E-6	
-145,30000000E-3	5,64489613E-6	
-144,30000000E-3	5,65492135E-6	
-143,30000000E-3	5,71308151E-6	
-142,30000000E-3	5,81834904E-6	
-141,20000000E-3	5,85985015E-6	
-140,20000000E-3	5,91585164E-6	
-139,20000000E-3	5,96094856E-6	
-138,40000000E-3	5,97230523E-6	
-137,20000000E-3	5,88544043E-6	
-136,40000000E-3	5,94228082E-6	
-135,30000000E-3	6,00545379E-6	
-134,40000000E-3	6,05307570E-6	
-133,10000000E-3	6,23640287E-6	
-132,50000000E-3	6,22575504E-6	
-131,50000000E-3	6,27649372E-6	
-130,50000000E-3	6,35347385E-6	
-129,30000000E-3	6,43848302E-6	
-128,40000000E-3	6,36722208E-6	
-127,20000000E-3	6,28572589E-6	
-126,30000000E-3	6,41690481E-6	
-125,50000000E-3	6,53323984E-6	
-124,70000000E-3	6,67247907E-6	
-123,30000000E-3	6,83869845E-6	
-122,40000000E-3	6,88226129E-6	
-121,50000000E-3	6,91390740E-6	
-120,30000000E-3	7,08784150E-6	
-119,40000000E-3	7,28806405E-6	
-118,50000000E-3	7,35173937E-6	
-117,40000000E-3	7,20366799E-6	
-116,40000000E-3	7,34485675E-6	
-115,60000000E-3	7,36345936E-6	
-114,10000000E-3	7,29129349E-6	
-113,50000000E-3	7,29774513E-6	
-112,30000000E-3	7,27982896E-6	
-111,50000000E-3	7,43294614E-6	
-110,30000000E-3	7,44392067E-6	
-109,40000000E-3	7,45009144E-6	
-108,30000000E-3	7,36504464E-6	
-107,30000000E-3	7,51084676E-6	
-106,50000000E-3	7,76815197E-6	
-105,50000000E-3	7,76592099E-6	
-104,30000000E-3	7,91708507E-6	
-103,50000000E-3	7,92157237E-6	
-102,30000000E-3	7,94423432E-6	
-101,70000000E-3	8,01914041E-6	
-100,30000000E-3	8,02317597E-6	
-99,40000000E-3	8,01315352E-6	
-98,30000000E-3	8,11651079E-6	
-97,10000000E-3	8,24163223E-6	
-96,30000000E-3	8,56972097E-6	
-95,30000000E-3	8,76654170E-6	
-94,40000000E-3	8,78520615E-6	
-93,40000000E-3	8,87490933E-6	
-92,30000000E-3	8,88413284E-6	
-91,40000000E-3	8,87513430E-6	
-90,10000000E-3	8,85846447E-6	
-89,00000000E-3	8,93164277E-6	
-88,20000000E-3	8,99882405E-6	
-87,00000000E-3	9,23959086E-6	
-86,40000000E-3	9,34536765E-6	
-85,00000000E-3	9,54350170E-6	
-84,20000000E-3	9,54846531E-6	
-83,00000000E-3	9,55733898E-6	
-81,90000000E-3	9,55604897E-6	
-81,30000000E-3	9,62030858E-6	
-80,10000000E-3	9,71614787E-6	
-79,20000000E-3	9,91349849E-6	
-78,20000000E-3	10,14302642E-6	
-77,00000000E-3	10,24781416E-6	
-76,00000000E-3	10,41516837E-6	
-75,20000000E-3	10,52579453E-6	
-74,00000000E-3	10,85695000E-6	
-73,20000000E-3	11,25589400E-6	
-72,10000000E-3	11,69145910E-6	
-71,10000000E-3	11,91503669E-6	
-70,30000000E-3	12,05202216E-6	
-69,00000000E-3	12,18381861E-6	
-68,10000000E-3	12,32365976E-6	
-67,20000000E-3	12,36549125E-6	
-66,00000000E-3	12,69469945E-6	
-65,30000000E-3	12,91426400E-6	
-64,10000000E-3	13,08924168E-6	
-63,10000000E-3	13,20784509E-6	
-62,10000000E-3	13,24155074E-6	
-60,90000000E-3	13,29251479E-6	
-59,80000000E-3	13,32683852E-6	
-58,80000000E-3	13,67053193E-6	
-58,10000000E-3	14,01580093E-6	
-56,90000000E-3	14,15443195E-6	
-56,00000000E-3	14,21501611E-6	
-55,10000000E-3	14,50445484E-6	
-54,20000000E-3	14,86934951E-6	
-52,60000000E-3	15,16763846E-6	
-51,80000000E-3	15,67808650E-6	
-50,90000000E-3	15,81715899E-6	
-49,90000000E-3	15,61049470E-6	
-49,00000000E-3	15,79461353E-6	
-47,80000000E-3	16,16993657E-6	
-46,90000000E-3	16,21853783E-6	
-46,00000000E-3	16,33888750E-6	
-44,80000000E-3	16,75159931E-6	
-44,00000000E-3	17,02026446E-6	
-42,90000000E-3	17,02747302E-6	
-41,90000000E-3	17,16984201E-6	
-40,90000000E-3	17,19350367E-6	
-39,50000000E-3	17,08686065E-6	
-38,90000000E-3	17,06561079E-6	
-37,60000000E-3	16,89083587E-6	
-36,80000000E-3	16,69759363E-6	
-35,90000000E-3	16,62755413E-6	
-34,70000000E-3	16,23295009E-6	
-33,70000000E-3	15,81910442E-6	
-32,50000000E-3	15,28535398E-6	
-31,50000000E-3	15,37657184E-6	
-30,80000000E-3	15,24920500E-6	
-29,60000000E-3	14,75132177E-6	
-28,80000000E-3	14,15084331E-6	
-27,90000000E-3	13,63121076E-6	
-26,40000000E-3	12,56337914E-6	
-25,70000000E-3	11,69043467E-6	
-24,80000000E-3	10,76013661E-6	
-23,90000000E-3	9,97639867E-6	
-23,20000000E-3	9,37395017E-6	
-21,70000000E-3	8,63445594E-6	
-20,60000000E-3	7,57047382E-6	
-19,70000000E-3	6,54677312E-6	
-18,60000000E-3	5,26251893E-6	
-17,80000000E-3	4,01436915E-6	
-16,80000000E-3	2,93081418E-6	
-15,80000000E-3	1,60165993E-6	
-15,10000000E-3	494,59611752E-9	
-13,80000000E-3	-403,80509509E-9	
-12,70000000E-3	-1,92812521E-6	
-11,90000000E-3	-3,06646036E-6	
-10,80000000E-3	-4,24285741E-6	
-9,90000000E-3	-5,57175953E-6	
-8,80000000E-3	-7,07926390E-6	
-7,70000000E-3	-8,73257286E-6	
-6,80000000E-3	-10,27027410E-6	
-5,70000000E-3	-11,36866925E-6	
-4,90000000E-3	-12,54330651E-6	
-3,90000000E-3	-13,95753855E-6	
-2,70000000E-3	-15,31931922E-6	
-1,50000000E-3	-16,93161391E-6	
-600,00000000E-6	-18,51540600E-6	
300,00000000E-6	-19,77959887E-6	
1,20000000E-3	-20,40775644E-6	
2,50000000E-3	-21,63887659E-6	
3,30000000E-3	-22,83118273E-6	
4,30000000E-3	-23,82591917E-6	
5,30000000E-3	-24,59395272E-6	
6,60000000E-3	-25,20551284E-6	
7,50000000E-3	-26,13241854E-6	
8,30000000E-3	-27,23568908E-6	
9,40000000E-3	-27,76617448E-6	
10,50000000E-3	-28,36339628E-6	
11,40000000E-3	-28,75308855E-6	
12,50000000E-3	-29,05765212E-6	
13,70000000E-3	-29,84209860E-6	
14,40000000E-3	-30,38077402E-6	
15,50000000E-3	-30,82266193E-6	
16,60000000E-3	-30,63583783E-6	
17,30000000E-3	-30,71286410E-6	
18,30000000E-3	-31,13666897E-6	
19,50000000E-3	-31,22539899E-6	
20,30000000E-3	-31,32037422E-6	
21,40000000E-3	-31,44610989E-6	
22,50000000E-3	-30,81949224E-6	
23,60000000E-3	-30,22337639E-6	
24,40000000E-3	-29,64663563E-6	
25,40000000E-3	-29,27036683E-6	
26,30000000E-3	-28,68941147E-6	
27,20000000E-3	-28,09013132E-6	
28,30000000E-3	-27,33193147E-6	
29,70000000E-3	-26,39270631E-6	
30,30000000E-3	-25,91948327E-6	
31,50000000E-3	-25,94777485E-6	
32,60000000E-3	-25,49924014E-6	
33,40000000E-3	-24,83855688E-6	
34,40000000E-3	-24,19376360E-6	
35,40000000E-3	-23,56191069E-6	
36,30000000E-3	-22,87385061E-6	
37,60000000E-3	-21,71753133E-6	
38,80000000E-3	-20,52161476E-6	
39,40000000E-3	-19,51731952E-6	
40,30000000E-3	-18,64787227E-6	
41,60000000E-3	-17,39322040E-6	
42,70000000E-3	-16,12844461E-6	
43,60000000E-3	-14,95414026E-6	
44,90000000E-3	-13,75120481E-6	
45,70000000E-3	-12,67870427E-6	
46,50000000E-3	-11,66539722E-6	
47,50000000E-3	-10,56350343E-6	
48,30000000E-3	-9,39964415E-6	
49,70000000E-3	-8,00633303E-6	
50,60000000E-3	-6,68112534E-6	
51,30000000E-3	-5,27901753E-6	
52,70000000E-3	-3,97910124E-6	
53,40000000E-3	-2,96565975E-6	
54,70000000E-3	-2,02468508E-6	
55,70000000E-3	-868,68496468E-9	
56,10000000E-3	211,10648238E-9	
57,40000000E-3	1,19598289E-6	
58,70000000E-3	2,32697786E-6	
59,10000000E-3	3,41075775E-6	
60,50000000E-3	4,56418025E-6	
61,60000000E-3	5,56846637E-6	
62,40000000E-3	6,61739428E-6	
63,50000000E-3	7,56059941E-6	
64,70000000E-3	8,28421065E-6	
66,00000000E-3	9,17779552E-6	
66,70000000E-3	10,00159606E-6	
67,90000000E-3	10,80424445E-6	
68,80000000E-3	11,71789110E-6	
69,70000000E-3	12,48135355E-6	
70,80000000E-3	13,12486280E-6	
71,70000000E-3	13,34510136E-6	
72,80000000E-3	13,64983611E-6	
73,80000000E-3	13,91362354E-6	
75,00000000E-3	14,13703507E-6	
75,80000000E-3	14,60834996E-6	
76,50000000E-3	15,10280210E-6	
77,80000000E-3	15,27675753E-6	
78,80000000E-3	15,21656902E-6	
79,80000000E-3	15,35136744E-6	
80,60000000E-3	15,19401450E-6	
81,90000000E-3	15,44548944E-6	
82,90000000E-3	15,72426693E-6	
83,90000000E-3	15,70887796E-6	
85,00000000E-3	15,63283858E-6	
85,90000000E-3	15,70687039E-6	
87,00000000E-3	15,76537779E-6	
87,80000000E-3	15,67090757E-6	
88,50000000E-3	15,35176840E-6	
89,90000000E-3	15,28076770E-6	
91,00000000E-3	14,91626935E-6	
91,70000000E-3	14,93121008E-6	
93,00000000E-3	14,96300181E-6	
94,00000000E-3	14,81798541E-6	
94,90000000E-3	14,74019764E-6	
96,10000000E-3	14,61415099E-6	
96,80000000E-3	14,47479679E-6	
98,00000000E-3	14,28144223E-6	
99,00000000E-3	14,01871221E-6	
100,10000000E-3	13,83458409E-6	
100,90000000E-3	13,66450798E-6	
101,90000000E-3	13,44601439E-6	
102,80000000E-3	13,05122762E-6	
103,90000000E-3	12,61832306E-6	
104,60000000E-3	12,27995407E-6	
105,90000000E-3	12,17546064E-6	
106,60000000E-3	12,17271512E-6	
108,00000000E-3	11,80686472E-6	
109,00000000E-3	11,67448207E-6	
110,00000000E-3	11,70592139E-6	
110,70000000E-3	11,34360426E-6	
111,90000000E-3	10,98527056E-6	
112,80000000E-3	10,71068914E-6	
114,00000000E-3	10,47180563E-6	
114,40000000E-3	10,13186683E-6	
115,60000000E-3	10,01924077E-6	
116,70000000E-3	9,89822673E-6	
117,80000000E-3	9,72030162E-6	
118,80000000E-3	9,29619266E-6	
119,90000000E-3	9,16612756E-6	
121,00000000E-3	9,30973220E-6	
121,60000000E-3	9,25089137E-6	
122,90000000E-3	8,85025166E-6	
123,90000000E-3	8,67216789E-6	
124,80000000E-3	8,69121995E-6	
125,70000000E-3	8,62040976E-6	
127,00000000E-3	8,39385841E-6	
128,20000000E-3	8,23241285E-6	
128,90000000E-3	7,97415881E-6	
129,80000000E-3	8,05466218E-6	
131,20000000E-3	7,82393891E-6	
131,90000000E-3	7,76753180E-6	
132,70000000E-3	7,76866725E-6	
133,90000000E-3	7,75464786E-6	
135,20000000E-3	7,72523643E-6	
136,00000000E-3	7,54073359E-6	
137,10000000E-3	7,47560621E-6	
138,10000000E-3	7,41550385E-6	
139,10000000E-3	7,35136673E-6	
139,80000000E-3	7,38272485E-6	
141,10000000E-3	7,36217129E-6	
141,80000000E-3	7,34453468E-6	
142,60000000E-3	7,30697815E-6	
144,00000000E-3	7,24719533E-6	
145,00000000E-3	7,10083629E-6	
146,10000000E-3	7,02479729E-6	
146,80000000E-3	7,10527047E-6	
147,90000000E-3	6,93771126E-6	
148,90000000E-3	6,83373020E-6	
150,20000000E-3	6,88346823E-6	
151,10000000E-3	6,80441805E-6	
151,60000000E-3	6,63692550E-6	
153,10000000E-3	6,46179743E-6	
154,10000000E-3	6,38377856E-6	
155,20000000E-3	6,36606510E-6	
156,20000000E-3	6,41820060E-6	
157,30000000E-3	6,25153359E-6	
158,00000000E-3	6,15879911E-6	
159,10000000E-3	6,11855950E-6	
160,10000000E-3	5,94228192E-6	
161,00000000E-3	5,88695759E-6	
162,20000000E-3	5,83463035E-6	
163,30000000E-3	5,74888737E-6	
164,30000000E-3	5,72929327E-6	
165,40000000E-3	5,64893678E-6	
166,20000000E-3	5,56047662E-6	
167,10000000E-3	5,47911637E-6	
168,30000000E-3	5,38574025E-6	
169,30000000E-3	5,25981285E-6	
170,10000000E-3	5,25704282E-6	
171,30000000E-3	5,14575224E-6	
172,20000000E-3	5,09613330E-6	
173,10000000E-3	5,17544562E-6	
173,90000000E-3	5,09336072E-6	
175,20000000E-3	5,00437776E-6	
176,20000000E-3	4,92363381E-6	
177,30000000E-3	4,86190536E-6	
178,10000000E-3	4,78792989E-6	
179,30000000E-3	4,80709998E-6	
180,30000000E-3	4,75563196E-6	
181,10000000E-3	4,66559378E-6	
182,20000000E-3	4,63950350E-6	
183,10000000E-3	4,62441561E-6	
184,10000000E-3	4,52620385E-6	
184,90000000E-3	4,55099234E-6	
185,90000000E-3	4,53389957E-6	
187,10000000E-3	4,40151724E-6	
188,10000000E-3	4,29093702E-6	
189,10000000E-3	4,26856143E-6	
189,80000000E-3	4,20361738E-6	
190,80000000E-3	4,13926289E-6	
192,40000000E-3	4,06909630E-6	
193,50000000E-3	4,06766868E-6	
194,30000000E-3	4,04673104E-6	
195,30000000E-3	3,94782696E-6	
196,40000000E-3	3,89827948E-6	
197,20000000E-3	3,92204042E-6	
198,40000000E-3	4,02142754E-6	
199,30000000E-3	4,05815724E-6	
199,70000000E-3	4,09673882E-6	
200,10000000E-3	4,06679654E-6	
