-1,00000000E+0	-837,59531767E-6	
-1,00000000E+0	-837,58543028E-6	
-999,70000000E-3	-837,57279443E-6	
-998,40000000E-3	-837,55678578E-6	
-997,20000000E-3	-837,49345354E-6	
-995,30000000E-3	-837,27870237E-6	
-993,30000000E-3	-836,80395810E-6	
-991,20000000E-3	-836,01639812E-6	
-988,60000000E-3	-834,88334329E-6	
-986,70000000E-3	-833,47692544E-6	
-983,60000000E-3	-831,89524552E-6	
-980,50000000E-3	-830,15437574E-6	
-978,50000000E-3	-828,29166226E-6	
-975,40000000E-3	-826,32615853E-6	
-972,20000000E-3	-824,28789198E-6	
-970,00000000E-3	-822,17687320E-6	
-966,60000000E-3	-819,99475190E-6	
-964,30000000E-3	-817,74815175E-6	
-961,10000000E-3	-815,43833068E-6	
-957,50000000E-3	-813,08535770E-6	
-955,60000000E-3	-810,68657604E-6	
-952,00000000E-3	-808,25018109E-6	
-949,60000000E-3	-805,70675140E-6	
-946,40000000E-3	-803,14519512E-6	
-942,70000000E-3	-800,63228432E-6	
-940,80000000E-3	-798,10525083E-6	
-937,10000000E-3	-795,56932240E-6	
-933,90000000E-3	-793,01975792E-6	
-931,70000000E-3	-790,47751505E-6	
-928,00000000E-3	-787,79574340E-6	
-924,60000000E-3	-785,26366037E-6	
-922,40000000E-3	-782,67249992E-6	
-919,10000000E-3	-780,11654736E-6	
-915,50000000E-3	-777,65779130E-6	
-913,10000000E-3	-775,21892436E-6	
-909,90000000E-3	-772,58982316E-6	
-906,60000000E-3	-769,97687349E-6	
-902,90000000E-3	-767,55347973E-6	
-900,60000000E-3	-765,10895075E-6	
-897,30000000E-3	-762,49552814E-6	
-893,60000000E-3	-759,72682764E-6	
-890,40000000E-3	-757,07100168E-6	
-887,50000000E-3	-754,53999827E-6	
-884,70000000E-3	-751,99374264E-6	
-881,50000000E-3	-749,31170027E-6	
-878,90000000E-3	-746,76583290E-6	
-875,40000000E-3	-744,21312573E-6	
-872,60000000E-3	-741,51507360E-6	
-870,00000000E-3	-738,97828744E-6	
-866,50000000E-3	-736,45790855E-6	
-863,50000000E-3	-733,82467995E-6	
-860,30000000E-3	-731,36000876E-6	
-857,40000000E-3	-728,91061810E-6	
-854,00000000E-3	-726,48129568E-6	
-851,60000000E-3	-724,04751358E-6	
-848,50000000E-3	-721,59911635E-6	
-845,50000000E-3	-718,99121673E-6	
-842,50000000E-3	-716,51504896E-6	
-839,10000000E-3	-714,02382887E-6	
-836,70000000E-3	-711,51588774E-6	
-833,60000000E-3	-708,99308407E-6	
-831,20000000E-3	-706,45349429E-6	
-827,50000000E-3	-703,92065297E-6	
-824,10000000E-3	-701,39308698E-6	
-821,90000000E-3	-698,87513893E-6	
-818,60000000E-3	-696,36758318E-6	
-816,30000000E-3	-693,86403876E-6	
-812,60000000E-3	-691,38410572E-6	
-809,30000000E-3	-688,92276756E-6	
-807,10000000E-3	-686,47751664E-6	
-803,70000000E-3	-683,96080616E-6	
-800,00000000E-3	-681,43866658E-6	
-797,60000000E-3	-678,96321756E-6	
-794,50000000E-3	-676,47090090E-6	
-792,10000000E-3	-673,96362978E-6	
-788,40000000E-3	-671,43526405E-6	
-785,00000000E-3	-668,90592255E-6	
-782,80000000E-3	-666,36980958E-6	
-779,50000000E-3	-663,83353537E-6	
-775,80000000E-3	-661,30140757E-6	
-773,50000000E-3	-658,77119928E-6	
-770,20000000E-3	-656,26579920E-6	
-767,80000000E-3	-653,77993600E-6	
-764,50000000E-3	-651,31126628E-6	
-760,80000000E-3	-648,77278477E-6	
-758,60000000E-3	-646,23718669E-6	
-755,20000000E-3	-643,76053452E-6	
-751,90000000E-3	-641,26862661E-6	
-749,50000000E-3	-638,76007685E-6	
-746,00000000E-3	-636,22900540E-6	
-743,60000000E-3	-633,69804285E-6	
-740,30000000E-3	-631,02836449E-6	
-737,10000000E-3	-628,50749559E-6	
-733,40000000E-3	-625,98873969E-6	
-731,00000000E-3	-623,49260275E-6	
-727,70000000E-3	-621,01219498E-6	
-725,40000000E-3	-618,54421423E-6	
-721,70000000E-3	-615,94517453E-6	
-718,40000000E-3	-613,47092739E-6	
-716,00000000E-3	-610,99250506E-6	
-712,80000000E-3	-608,49914869E-6	
-709,20000000E-3	-605,99249572E-6	
-706,80000000E-3	-603,39655505E-6	
-703,40000000E-3	-600,80107146E-6	
-700,20000000E-3	-598,27261159E-6	
-697,90000000E-3	-595,74921134E-6	
-694,30000000E-3	-593,10254006E-6	
-690,80000000E-3	-590,59993672E-6	
-688,50000000E-3	-588,11772373E-6	
-685,30000000E-3	-585,63761484E-6	
-682,30000000E-3	-583,15190374E-6	
-679,30000000E-3	-580,58024977E-6	
-675,90000000E-3	-577,87010052E-6	
-673,60000000E-3	-575,35770863E-6	
-670,30000000E-3	-572,83973257E-6	
-667,30000000E-3	-570,24500190E-6	
-664,30000000E-3	-567,66953927E-6	
-661,10000000E-3	-565,18052267E-6	
-658,30000000E-3	-562,70326581E-6	
-655,40000000E-3	-560,22827857E-6	
-651,90000000E-3	-557,74136114E-6	
-649,80000000E-3	-555,25581933E-6	
-646,20000000E-3	-552,75958813E-6	
-643,30000000E-3	-550,25074594E-6	
-640,40000000E-3	-547,73441484E-6	
-637,30000000E-3	-545,21215241E-6	
-634,90000000E-3	-542,70620863E-6	
-631,20000000E-3	-540,20832517E-6	
-628,80000000E-3	-537,71701974E-6	
-625,60000000E-3	-535,15052213E-6	
-621,90000000E-3	-532,58745840E-6	
-619,90000000E-3	-530,08569014E-6	
-616,30000000E-3	-527,57764167E-6	
-613,00000000E-3	-525,06633767E-6	
-610,60000000E-3	-522,54893963E-6	
-607,10000000E-3	-520,04822507E-6	
-605,00000000E-3	-517,55657226E-6	
-601,30000000E-3	-515,07050547E-6	
-598,00000000E-3	-512,58842505E-6	
-595,80000000E-3	-510,09242845E-6	
-592,10000000E-3	-507,59957544E-6	
-590,00000000E-3	-505,09851810E-6	
-586,50000000E-3	-502,59317053E-6	
-583,20000000E-3	-500,01468881E-6	
-579,50000000E-3	-497,45297951E-6	
-577,10000000E-3	-494,82409544E-6	
-573,80000000E-3	-492,19570838E-6	
-570,60000000E-3	-489,69369377E-6	
-568,20000000E-3	-487,19283162E-6	
-564,50000000E-3	-484,54736491E-6	
-561,20000000E-3	-482,04107934E-6	
-558,90000000E-3	-479,53875922E-6	
-555,20000000E-3	-476,89273441E-6	
-551,90000000E-3	-474,39673943E-6	
-548,60000000E-3	-471,89892491E-6	
-546,20000000E-3	-469,39770101E-6	
-542,60000000E-3	-466,88308714E-6	
-540,30000000E-3	-464,37431522E-6	
-537,00000000E-3	-461,72989121E-6	
-533,60000000E-3	-459,23344430E-6	
-531,40000000E-3	-456,74137056E-6	
-527,70000000E-3	-454,09860228E-6	
-524,90000000E-3	-451,59663939E-6	
-522,00000000E-3	-449,08941960E-6	
-518,60000000E-3	-446,44285734E-6	
-515,70000000E-3	-443,93180373E-6	
-512,70000000E-3	-441,43256513E-6	
-509,40000000E-3	-438,93331510E-6	
-507,00000000E-3	-436,42934203E-6	
-503,70000000E-3	-433,84302066E-6	
-500,70000000E-3	-431,26885432E-6	
-497,80000000E-3	-428,76873071E-6	
-494,90000000E-3	-426,27071237E-6	
-492,00000000E-3	-423,77186714E-6	
-488,80000000E-3	-421,26266464E-6	
-486,50000000E-3	-418,76417153E-6	
-482,80000000E-3	-416,26768255E-6	
-480,40000000E-3	-413,77347498E-6	
-476,70000000E-3	-411,28015416E-6	
-473,10000000E-3	-408,77094596E-6	
-470,80000000E-3	-406,26875824E-6	
-467,30000000E-3	-403,77115252E-6	
-464,90000000E-3	-401,27524678E-6	
-461,90000000E-3	-398,63342841E-6	
-458,90000000E-3	-396,00119543E-6	
-455,20000000E-3	-393,50952282E-6	
-452,60000000E-3	-391,02172235E-6	
-448,90000000E-3	-388,38926697E-6	
-446,10000000E-3	-385,90168446E-6	
-442,80000000E-3	-383,41065850E-6	
-440,70000000E-3	-380,91645257E-6	
-437,10000000E-3	-378,42263868E-6	
-434,70000000E-3	-375,92235661E-6	
-431,00000000E-3	-373,43000252E-6	
-427,30000000E-3	-370,93437116E-6	
-425,00000000E-3	-368,29728133E-6	
-422,30000000E-3	-365,71803568E-6	
-418,90000000E-3	-363,14935236E-6	
-416,30000000E-3	-360,65068742E-6	
-412,70000000E-3	-358,01156695E-6	
-409,20000000E-3	-355,51069952E-6	
-406,80000000E-3	-353,00250779E-6	
-403,80000000E-3	-350,36500286E-6	
-400,80000000E-3	-347,86928225E-6	
-398,40000000E-3	-345,38130476E-6	
-394,70000000E-3	-342,89010960E-6	
-391,20000000E-3	-340,40687559E-6	
-388,80000000E-3	-337,92159984E-6	
-385,20000000E-3	-335,15711118E-6	
-382,90000000E-3	-332,65736377E-6	
-379,20000000E-3	-330,16725906E-6	
-376,80000000E-3	-327,67904636E-6	
-372,90000000E-3	-325,19387536E-6	
-370,50000000E-3	-322,71308752E-6	
-366,80000000E-3	-320,08925213E-6	
-363,60000000E-3	-317,61156727E-6	
-360,90000000E-3	-315,13430862E-6	
-358,70000000E-3	-312,65840134E-6	
-355,00000000E-3	-310,10781067E-6	
-351,30000000E-3	-307,57109058E-6	
-349,00000000E-3	-304,97630326E-6	
-345,30000000E-3	-302,52181658E-6	
-342,70000000E-3	-299,99250935E-6	
-340,30000000E-3	-297,47284250E-6	
-336,80000000E-3	-294,88896399E-6	
-333,10000000E-3	-292,44798096E-6	
-330,70000000E-3	-290,01629493E-6	
-327,00000000E-3	-287,44766436E-6	
-324,10000000E-3	-285,01987210E-6	
-321,10000000E-3	-282,58933293E-6	
-318,80000000E-3	-280,15885143E-6	
-315,20000000E-3	-277,72086007E-6	
-312,50000000E-3	-275,29159662E-6	
-309,20000000E-3	-272,86719842E-6	
-305,50000000E-3	-270,44983015E-6	
-302,90000000E-3	-267,82943877E-6	
-300,50000000E-3	-265,35655773E-6	
-296,80000000E-3	-262,96415067E-6	
-294,60000000E-3	-260,58581279E-6	
-290,90000000E-3	-258,08317303E-6	
-287,30000000E-3	-255,70321148E-6	
-285,00000000E-3	-253,32629262E-6	
-282,30000000E-3	-250,94654356E-6	
-278,90000000E-3	-248,56886308E-6	
-276,30000000E-3	-246,12455602E-6	
-272,60000000E-3	-243,69681249E-6	
-268,90000000E-3	-241,33997612E-6	
-266,70000000E-3	-238,97942771E-6	
-262,90000000E-3	-236,60805341E-6	
-260,70000000E-3	-234,22145345E-6	
-258,30000000E-3	-231,83789170E-6	
-254,60000000E-3	-229,45067243E-6	
-252,10000000E-3	-227,06818130E-6	
-248,60000000E-3	-224,49811128E-6	
-244,90000000E-3	-221,96658794E-6	
-242,20000000E-3	-219,66014777E-6	
-239,90000000E-3	-217,38232933E-6	
-236,50000000E-3	-215,05871148E-6	
-232,80000000E-3	-212,76392368E-6	
-230,40000000E-3	-210,54494875E-6	
-226,70000000E-3	-208,32461577E-6	
-223,70000000E-3	-206,08865743E-6	
-220,70000000E-3	-203,83010077E-6	
-218,30000000E-3	-201,57303359E-6	
-214,30000000E-3	-199,31863302E-6	
-212,00000000E-3	-197,06886271E-6	
-208,40000000E-3	-194,82439119E-6	
-206,20000000E-3	-192,57875295E-6	
-202,50000000E-3	-190,22142235E-6	
-200,10000000E-3	-187,99363127E-6	
-197,80000000E-3	-185,77827561E-6	
-194,10000000E-3	-183,45206527E-6	
-190,40000000E-3	-181,26727685E-6	
-187,80000000E-3	-179,07519833E-6	
-184,50000000E-3	-176,85917544E-6	
-181,40000000E-3	-174,61266869E-6	
-178,90000000E-3	-172,33744155E-6	
-176,00000000E-3	-170,06118745E-6	
-172,30000000E-3	-167,78484544E-6	
-169,70000000E-3	-165,51187217E-6	
-166,00000000E-3	-163,17594285E-6	
-163,60000000E-3	-160,86028372E-6	
-161,00000000E-3	-158,61743240E-6	
-157,30000000E-3	-156,37907921E-6	
-153,60000000E-3	-154,14547710E-6	
-151,00000000E-3	-151,91115811E-6	
-148,60000000E-3	-149,68845362E-6	
-146,00000000E-3	-147,46300488E-6	
-142,30000000E-3	-145,23266317E-6	
-139,00000000E-3	-142,93327750E-6	
-136,40000000E-3	-140,62510061E-6	
-132,70000000E-3	-138,20066172E-6	
-130,30000000E-3	-135,84718730E-6	
-128,10000000E-3	-133,45851842E-6	
-124,40000000E-3	-130,91178310E-6	
-120,70000000E-3	-128,51030592E-6	
-118,50000000E-3	-126,13686057E-6	
-114,80000000E-3	-123,67253161E-6	
-112,20000000E-3	-121,35847650E-6	
-109,30000000E-3	-119,07551081E-6	
-106,20000000E-3	-116,80332916E-6	
-102,50000000E-3	-114,52741019E-6	
-100,30000000E-3	-112,25154050E-6	
-96,20000000E-3	-109,98326767E-6	
-93,90000000E-3	-107,75778129E-6	
-91,20000000E-3	-105,59521879E-6	
-87,60000000E-3	-103,52098864E-6	
-85,30000000E-3	-101,48209751E-6	
-81,30000000E-3	-99,50649143E-6	
-79,00000000E-3	-97,53883518E-6	
-76,70000000E-3	-95,41975439E-6	
-72,70000000E-3	-93,06257852E-6	
-69,00000000E-3	-90,38609687E-6	
-66,80000000E-3	-87,37672063E-6	
-64,10000000E-3	-84,04384139E-6	
-60,50000000E-3	-80,49404072E-6	
-57,80000000E-3	-76,89064691E-6	
-54,20000000E-3	-73,57647605E-6	
-51,80000000E-3	-71,15868704E-6	
-49,20000000E-3	-69,22091790E-6	
-45,50000000E-3	-67,42152999E-6	
-41,80000000E-3	-65,43304658E-6	
-39,40000000E-3	-63,07783302E-6	
-35,70000000E-3	-60,25705207E-6	
-33,50000000E-3	-56,91738388E-6	
-30,80000000E-3	-52,93341547E-6	
-27,20000000E-3	-48,53389057E-6	
-23,70000000E-3	-43,99752249E-6	
-21,30000000E-3	-39,09654668E-6	
-17,60000000E-3	-34,47916893E-6	
-15,30000000E-3	-30,00820257E-6	
-12,60000000E-3	-25,79373305E-6	
-8,90000000E-3	-21,82260599E-6	
-5,20000000E-3	-18,05554655E-6	
-2,60000000E-3	-14,29253644E-6	
-200,00000000E-6	-11,00635337E-6	
2,40000000E-3	-7,97965160E-6	
6,10000000E-3	-5,13585077E-6	
9,80000000E-3	-2,39259263E-6	
12,40000000E-3	323,27979902E-9	
14,80000000E-3	3,03200305E-6	
18,70000000E-3	5,75678994E-6	
21,10000000E-3	8,49227956E-6	
24,60000000E-3	11,33963290E-6	
27,30000000E-3	14,28022407E-6	
29,50000000E-3	17,34372639E-6	
33,60000000E-3	20,67339073E-6	
37,30000000E-3	24,28650741E-6	
39,50000000E-3	28,43264743E-6	
42,30000000E-3	32,65559817E-6	
44,50000000E-3	37,13347846E-6	
48,60000000E-3	42,02333895E-6	
52,10000000E-3	46,66059195E-6	
54,50000000E-3	51,05547757E-6	
57,10000000E-3	55,02852796E-6	
60,80000000E-3	58,48241398E-6	
63,10000000E-3	61,43585119E-6	
67,10000000E-3	64,04406172E-6	
69,40000000E-3	66,06423004E-6	
72,10000000E-3	67,87706669E-6	
75,70000000E-3	69,85355451E-6	
79,40000000E-3	72,40156959E-6	
82,00000000E-3	75,53158067E-6	
84,40000000E-3	78,96204912E-6	
87,90000000E-3	82,49136260E-6	
90,30000000E-3	85,86315951E-6	
93,90000000E-3	89,09398098E-6	
97,60000000E-3	91,80585831E-6	
99,80000000E-3	94,24119613E-6	
102,50000000E-3	96,47505122E-6	
106,10000000E-3	98,57144721E-6	
108,80000000E-3	100,57812166E-6	
112,40000000E-3	102,58241641E-6	
114,80000000E-3	104,62398586E-6	
117,40000000E-3	106,70955185E-6	
121,10000000E-3	108,84211580E-6	
123,70000000E-3	110,99657951E-6	
127,40000000E-3	113,16232739E-6	
129,60000000E-3	115,31955905E-6	
132,40000000E-3	117,46472781E-6	
135,90000000E-3	119,62904002E-6	
138,70000000E-3	121,82945075E-6	
142,20000000E-3	124,20195361E-6	
144,60000000E-3	126,47767467E-6	
147,20000000E-3	128,76090562E-6	
150,90000000E-3	131,14884833E-6	
154,60000000E-3	133,39438862E-6	
157,20000000E-3	135,62638716E-6	
159,50000000E-3	137,84964145E-6	
163,50000000E-3	140,06867119E-6	
165,80000000E-3	142,26738881E-6	
169,50000000E-3	144,46267824E-6	
172,10000000E-3	146,65485763E-6	
174,50000000E-3	148,90688946E-6	
178,50000000E-3	151,26545740E-6	
182,10000000E-3	153,43820421E-6	
184,50000000E-3	155,61147262E-6	
187,10000000E-3	157,86520197E-6	
190,80000000E-3	160,13198008E-6	
194,30000000E-3	162,35464104E-6	
197,10000000E-3	164,57899395E-6	
199,20000000E-3	166,79118516E-6	
202,10000000E-3	168,99312027E-6	
205,50000000E-3	171,17147094E-6	
209,20000000E-3	173,35243706E-6	
211,80000000E-3	175,67480685E-6	
214,20000000E-3	177,97596284E-6	
218,10000000E-3	180,29746066E-6	
220,50000000E-3	182,57178756E-6	
224,10000000E-3	184,97766454E-6	
226,80000000E-3	187,25457628E-6	
229,10000000E-3	189,53350454E-6	
232,80000000E-3	191,92570365E-6	
236,70000000E-3	194,19424478E-6	
239,10000000E-3	196,46049837E-6	
241,80000000E-3	198,72729767E-6	
245,50000000E-3	200,98652827E-6	
247,80000000E-3	203,26542178E-6	
251,80000000E-3	205,57217754E-6	
254,20000000E-3	207,90142657E-6	
256,80000000E-3	210,25027097E-6	
260,50000000E-3	212,59516657E-6	
262,70000000E-3	214,93546292E-6	
266,40000000E-3	217,40274490E-6	
269,00000000E-3	219,74576650E-6	
271,80000000E-3	222,08002204E-6	
275,40000000E-3	224,41439201E-6	
279,00000000E-3	226,75367309E-6	
281,30000000E-3	229,10515898E-6	
284,00000000E-3	231,48159927E-6	
286,30000000E-3	233,86301808E-6	
290,00000000E-3	236,24589713E-6	
293,60000000E-3	238,62296299E-6	
296,00000000E-3	240,99591551E-6	
299,70000000E-3	243,50959276E-6	
302,30000000E-3	245,88771145E-6	
304,50000000E-3	248,27055217E-6	
308,60000000E-3	250,79235741E-6	
312,30000000E-3	253,19855802E-6	
314,50000000E-3	255,60605465E-6	
317,10000000E-3	258,01809613E-6	
320,80000000E-3	260,42791988E-6	
323,40000000E-3	262,83513746E-6	
327,10000000E-3	265,25543382E-6	
329,50000000E-3	267,67836819E-6	
332,10000000E-3	270,11095870E-6	
335,80000000E-3	272,54998385E-6	
338,40000000E-3	275,06853349E-6	
342,10000000E-3	277,57992970E-6	
344,50000000E-3	280,02286918E-6	
347,10000000E-3	282,46912688E-6	
350,80000000E-3	285,13364407E-6	
354,30000000E-3	287,79392484E-6	
357,10000000E-3	290,25672121E-6	
360,60000000E-3	292,72487261E-6	
363,40000000E-3	295,19911330E-6	
366,60000000E-3	297,68847381E-6	
368,90000000E-3	300,17318791E-6	
372,60000000E-3	302,79634271E-6	
376,00000000E-3	305,27802562E-6	
378,20000000E-3	307,76450360E-6	
381,50000000E-3	310,38124757E-6	
385,00000000E-3	312,86038235E-6	
387,30000000E-3	315,34127190E-6	
390,80000000E-3	317,97274184E-6	
394,10000000E-3	320,46646799E-6	
396,50000000E-3	322,96522581E-6	
400,00000000E-3	325,46544742E-6	
403,50000000E-3	327,96473380E-6	
405,70000000E-3	330,46837319E-6	
409,10000000E-3	333,09711077E-6	
412,50000000E-3	335,58464882E-6	
414,60000000E-3	338,07187055E-6	
418,20000000E-3	340,63988607E-6	
421,70000000E-3	343,20589987E-6	
424,10000000E-3	345,70829380E-6	
427,20000000E-3	348,21403848E-6	
430,70000000E-3	350,72086161E-6	
433,00000000E-3	353,23332540E-6	
436,50000000E-3	355,73327635E-6	
439,70000000E-3	358,23120377E-6	
442,30000000E-3	360,86883457E-6	
445,60000000E-3	363,45101463E-6	
448,90000000E-3	366,02758774E-6	
451,20000000E-3	368,53675162E-6	
454,60000000E-3	371,18555849E-6	
458,10000000E-3	373,77163662E-6	
460,60000000E-3	376,35071753E-6	
463,80000000E-3	378,86295196E-6	
466,20000000E-3	381,37653877E-6	
469,60000000E-3	383,88684394E-6	
473,10000000E-3	386,53966206E-6	
475,70000000E-3	389,04842627E-6	
478,70000000E-3	391,55698068E-6	
482,20000000E-3	394,06151298E-6	
484,40000000E-3	396,64086732E-6	
487,70000000E-3	399,21410879E-6	
491,20000000E-3	401,72075266E-6	
494,10000000E-3	404,22499675E-6	
497,10000000E-3	406,72891095E-6	
500,40000000E-3	409,38597450E-6	
503,30000000E-3	411,90103593E-6	
506,20000000E-3	414,42134991E-6	
509,50000000E-3	417,08663806E-6	
511,80000000E-3	419,62077471E-6	
515,40000000E-3	422,14215181E-6	
518,70000000E-3	424,79248682E-6	
521,60000000E-3	427,29619130E-6	
524,30000000E-3	429,87474344E-6	
527,80000000E-3	432,44814022E-6	
530,30000000E-3	434,95607474E-6	
533,70000000E-3	437,46581923E-6	
536,10000000E-3	439,97603431E-6	
539,30000000E-3	442,49363799E-6	
542,60000000E-3	445,00294902E-6	
545,70000000E-3	447,65368584E-6	
548,50000000E-3	450,16460268E-6	
552,00000000E-3	452,75291366E-6	
554,20000000E-3	455,33664506E-6	
557,70000000E-3	457,85754075E-6	
561,00000000E-3	460,38416973E-6	
564,00000000E-3	463,12844265E-6	
566,60000000E-3	465,72434034E-6	
570,10000000E-3	468,24985898E-6	
573,60000000E-3	470,77233758E-6	
576,40000000E-3	473,50751986E-6	
579,30000000E-3	476,08824505E-6	
582,70000000E-3	478,59427581E-6	
584,90000000E-3	481,10223217E-6	
588,40000000E-3	483,61580930E-6	
591,90000000E-3	486,14170732E-6	
594,80000000E-3	488,66101032E-6	
597,60000000E-3	491,17997757E-6	
600,90000000E-3	493,69728313E-6	
603,90000000E-3	496,21751313E-6	
606,50000000E-3	498,75204870E-6	
610,10000000E-3	501,42287733E-6	
612,50000000E-3	504,09350268E-6	
615,90000000E-3	506,62403418E-6	
619,20000000E-3	509,15683980E-6	
622,10000000E-3	511,81095309E-6	
624,80000000E-3	514,31965638E-6	
628,40000000E-3	516,82980884E-6	
630,90000000E-3	519,42041731E-6	
634,00000000E-3	522,00268052E-6	
636,40000000E-3	524,51515675E-6	
639,80000000E-3	527,02731194E-6	
643,20000000E-3	529,53673092E-6	
646,00000000E-3	532,04866119E-6	
649,00000000E-3	534,54739083E-6	
652,40000000E-3	537,04744417E-6	
654,80000000E-3	539,55294207E-6	
658,00000000E-3	542,14583659E-6	
661,50000000E-3	544,74152700E-6	
664,40000000E-3	547,27545835E-6	
667,40000000E-3	549,81176122E-6	
670,60000000E-3	552,34257999E-6	
673,50000000E-3	555,01726129E-6	
676,40000000E-3	557,52960424E-6	
679,50000000E-3	560,03638765E-6	
682,30000000E-3	562,54343457E-6	
685,60000000E-3	565,13192876E-6	
689,00000000E-3	567,71528197E-6	
691,20000000E-3	570,23445902E-6	
694,50000000E-3	572,75911130E-6	
697,60000000E-3	575,28502367E-6	
700,60000000E-3	577,81450504E-6	
703,90000000E-3	580,32626495E-6	
706,30000000E-3	582,82837258E-6	
709,50000000E-3	585,32236310E-6	
713,20000000E-3	587,81492293E-6	
715,50000000E-3	590,32110119E-6	
718,90000000E-3	592,82521180E-6	
721,70000000E-3	595,33757422E-6	
724,60000000E-3	597,86079527E-6	
727,80000000E-3	600,47090929E-6	
730,90000000E-3	603,07687071E-6	
733,60000000E-3	605,61192838E-6	
737,20000000E-3	608,14309400E-6	
739,90000000E-3	610,66548159E-6	
742,90000000E-3	613,18180053E-6	
745,60000000E-3	615,67765921E-6	
748,70000000E-3	618,16956049E-6	
752,10000000E-3	620,66779097E-6	
755,00000000E-3	623,18285081E-6	
757,80000000E-3	625,72634530E-6	
760,50000000E-3	628,27531139E-6	
763,70000000E-3	630,83071129E-6	
767,10000000E-3	633,38702118E-6	
769,50000000E-3	636,01888159E-6	
772,80000000E-3	638,63067024E-6	
776,10000000E-3	641,15625291E-6	
779,10000000E-3	643,66595328E-6	
781,80000000E-3	646,16095979E-6	
785,30000000E-3	648,65268570E-6	
787,70000000E-3	651,13328152E-6	
791,10000000E-3	653,61764813E-6	
794,40000000E-3	656,10879825E-6	
797,20000000E-3	658,82867463E-6	
800,70000000E-3	661,55728987E-6	
803,30000000E-3	664,09290131E-6	
806,90000000E-3	666,63717600E-6	
809,70000000E-3	669,26287760E-6	
812,70000000E-3	671,87587008E-6	
816,10000000E-3	674,40865564E-6	
819,00000000E-3	676,92865625E-6	
821,60000000E-3	679,43241570E-6	
825,20000000E-3	681,92442039E-6	
827,90000000E-3	684,52941684E-6	
830,80000000E-3	686,99221008E-6	
834,20000000E-3	689,46266837E-6	
836,60000000E-3	692,03349426E-6	
840,30000000E-3	694,61588059E-6	
843,40000000E-3	697,15060513E-6	
845,80000000E-3	699,70066865E-6	
849,20000000E-3	702,26405481E-6	
852,00000000E-3	704,84690780E-6	
854,70000000E-3	707,42372460E-6	
858,40000000E-3	709,99280507E-6	
860,70000000E-3	712,54677954E-6	
864,20000000E-3	715,16117775E-6	
867,40000000E-3	717,74512661E-6	
869,70000000E-3	720,23389752E-6	
873,20000000E-3	722,69812071E-6	
876,30000000E-3	725,14451112E-6	
879,40000000E-3	727,73091324E-6	
882,20000000E-3	730,18364425E-6	
885,80000000E-3	732,65398014E-6	
888,10000000E-3	735,14694923E-6	
891,30000000E-3	737,74145631E-6	
894,70000000E-3	740,34815865E-6	
897,70000000E-3	742,90025918E-6	
900,30000000E-3	745,46611878E-6	
903,90000000E-3	748,04099321E-6	
906,80000000E-3	750,62597375E-6	
909,70000000E-3	753,19603828E-6	
912,40000000E-3	755,75299125E-6	
915,20000000E-3	758,29204082E-6	
918,80000000E-3	760,80816450E-6	
922,20000000E-3	763,44440473E-6	
925,10000000E-3	765,91293552E-6	
927,80000000E-3	768,36259558E-6	
930,70000000E-3	770,79905385E-6	
933,50000000E-3	773,24190584E-6	
936,90000000E-3	775,68243756E-6	
939,50000000E-3	778,27573666E-6	
942,80000000E-3	780,76213985E-6	
946,10000000E-3	783,35725876E-6	
949,00000000E-3	785,96953949E-6	
952,40000000E-3	788,53008072E-6	
955,10000000E-3	791,10340029E-6	
958,10000000E-3	793,68582135E-6	
961,10000000E-3	796,28329546E-6	
964,40000000E-3	798,87263838E-6	
967,70000000E-3	801,45650840E-6	
970,70000000E-3	804,02971942E-6	
973,30000000E-3	806,58902424E-6	
976,90000000E-3	809,13659799E-6	
979,70000000E-3	811,64919808E-6	
982,70000000E-3	814,27184041E-6	
985,60000000E-3	816,72789907E-6	
988,30000000E-3	819,16631403E-6	
991,60000000E-3	821,58130982E-6	
995,20000000E-3	823,99232954E-6	
997,40000000E-3	826,40717349E-6	
1,00050000E+0	828,83469840E-6	
1,00230000E+0	831,28946747E-6	
1,00350000E+0	833,72629775E-6	
1,00400000E+0	836,06315650E-6	
1,00390000E+0	838,16243200E-6	
1,00330000E+0	840,00916108E-6	
1,00230000E+0	841,28225130E-6	
1,00140000E+0	841,92056991E-6	
1,00060000E+0	842,08887266E-6	
999,90000000E-3	841,87084170E-6	
999,30000000E-3	841,39049819E-6	
999,10000000E-3	840,79504774E-6	
998,90000000E-3	840,18470589E-6	
998,90000000E-3	839,63822799E-6	
999,00000000E-3	839,19980546E-6	
999,10000000E-3	838,88814503E-6	
999,20000000E-3	838,69385127E-6	
999,40000000E-3	838,59979962E-6	
999,50000000E-3	838,58680395E-6	
