-300,000000E-3	4,905728E-6
-300,000000E-3	4,903386E-6
-299,900000E-3	4,902722E-6
-299,700000E-3	4,903091E-6
-299,400000E-3	4,902218E-6
-298,900000E-3	4,899353E-6
-298,400000E-3	4,897405E-6
-297,600000E-3	4,899728E-6
-297,200000E-3	4,909663E-6
-296,300000E-3	4,930910E-6
-295,800000E-3	4,968386E-6
-294,800000E-3	5,026734E-6
-294,500000E-3	5,092832E-6
-293,700000E-3	5,161270E-6
-293,000000E-3	5,226475E-6
-292,000000E-3	5,280889E-6
-291,400000E-3	5,325310E-6
-290,600000E-3	5,367346E-6
-289,800000E-3	5,414982E-6
-289,000000E-3	5,479696E-6
-288,100000E-3	5,556781E-6
-287,500000E-3	5,644175E-6
-286,400000E-3	5,743696E-6
-285,800000E-3	5,826541E-6
-285,100000E-3	5,909663E-6
-284,400000E-3	6,005090E-6
-283,400000E-3	6,122775E-6
-282,400000E-3	6,262384E-6
-281,700000E-3	6,405643E-6
-280,800000E-3	6,539131E-6
-280,300000E-3	6,639871E-6
-279,200000E-3	6,730231E-6
-278,600000E-3	6,831301E-6
-277,600000E-3	6,954850E-6
-276,900000E-3	7,095664E-6
-276,200000E-3	7,236044E-6
-275,300000E-3	7,358885E-6
-274,500000E-3	7,474779E-6
-273,600000E-3	7,578146E-6
-272,700000E-3	7,699687E-6
-271,700000E-3	7,850592E-6
-271,100000E-3	8,001341E-6
-270,400000E-3	8,146027E-6
-269,700000E-3	8,276923E-6
-268,700000E-3	8,396814E-6
-268,000000E-3	8,515240E-6
-267,200000E-3	8,643230E-6
-266,400000E-3	8,771076E-6
-265,500000E-3	8,894685E-6
-264,500000E-3	9,003669E-6
-263,900000E-3	9,113788E-6
-263,200000E-3	9,234006E-6
-262,100000E-3	9,371165E-6
-261,400000E-3	9,495637E-6
-260,700000E-3	9,602818E-6
-260,100000E-3	9,697042E-6
-259,100000E-3	9,802361E-6
-258,200000E-3	9,947389E-6
-257,300000E-3	10,129492E-6
-256,300000E-3	10,334767E-6
-255,600000E-3	10,521723E-6
-254,900000E-3	10,695180E-6
-254,200000E-3	10,861189E-6
-253,100000E-3	11,024999E-6
-252,500000E-3	11,185851E-6
-251,800000E-3	11,341267E-6
-250,800000E-3	11,492161E-6
-249,900000E-3	11,664462E-6
-249,100000E-3	11,824732E-6
-248,400000E-3	11,988618E-6
-247,300000E-3	12,159763E-6
-246,600000E-3	12,320942E-6
-245,900000E-3	12,492972E-6
-245,300000E-3	12,679342E-6
-244,200000E-3	12,871600E-6
-243,500000E-3	13,054749E-6
-242,600000E-3	13,220464E-6
-241,900000E-3	13,374178E-6
-241,200000E-3	13,530510E-6
-240,500000E-3	13,711873E-6
-239,900000E-3	13,897238E-6
-238,800000E-3	14,097066E-6
-237,700000E-3	14,314476E-6
-237,000000E-3	14,547357E-6
-236,400000E-3	14,784265E-6
-235,400000E-3	15,015312E-6
-234,600000E-3	15,240665E-6
-233,700000E-3	15,483706E-6
-233,000000E-3	15,721169E-6
-232,300000E-3	15,968607E-6
-231,600000E-3	16,232349E-6
-230,900000E-3	16,493067E-6
-229,900000E-3	16,728333E-6
-229,000000E-3	16,928402E-6
-228,200000E-3	17,085415E-6
-227,500000E-3	17,225044E-6
-226,400000E-3	17,363835E-6
-225,800000E-3	17,526347E-6
-224,800000E-3	17,715131E-6
-224,400000E-3	17,898821E-6
-223,400000E-3	18,096809E-6
-222,700000E-3	18,331885E-6
-221,700000E-3	18,599661E-6
-220,800000E-3	18,888224E-6
-220,000000E-3	19,197587E-6
-219,300000E-3	19,512967E-6
-218,300000E-3	19,825713E-6
-217,600000E-3	20,071938E-6
-216,800000E-3	20,256251E-6
-216,200000E-3	20,373265E-6
-215,500000E-3	20,424124E-6
-214,500000E-3	20,420347E-6
-213,800000E-3	20,388006E-6
-212,900000E-3	20,361177E-6
-211,800000E-3	20,373996E-6
-211,100000E-3	20,450244E-6
-210,300000E-3	20,599610E-6
-209,600000E-3	20,814995E-6
-208,600000E-3	21,097667E-6
-207,900000E-3	21,404578E-6
-207,200000E-3	21,747309E-6
-206,500000E-3	22,115447E-6
-205,500000E-3	22,491782E-6
-204,800000E-3	22,864057E-6
-203,800000E-3	23,236991E-6
-203,100000E-3	23,616640E-6
-202,400000E-3	23,955078E-6
-201,400000E-3	24,289525E-6
-200,600000E-3	24,614735E-6
-200,000000E-3	24,941910E-6
-199,400000E-3	25,226529E-6
-198,300000E-3	25,482762E-6
-197,600000E-3	25,702075E-6
-196,600000E-3	25,888981E-6
-195,900000E-3	26,068394E-6
-195,000000E-3	26,271904E-6
-194,100000E-3	26,512783E-6
-193,400000E-3	26,790024E-6
-192,800000E-3	27,121907E-6
-191,700000E-3	27,479497E-6
-191,000000E-3	27,892089E-6
-190,000000E-3	28,387483E-6
-189,300000E-3	28,876452E-6
-188,600000E-3	29,343413E-6
-187,600000E-3	29,749153E-6
-186,800000E-3	30,105275E-6
-185,900000E-3	30,374148E-6
-185,300000E-3	30,610696E-6
-184,600000E-3	30,863954E-6
-183,500000E-3	31,108075E-6
-182,800000E-3	31,351246E-6
-182,100000E-3	31,595611E-6
-181,100000E-3	31,858259E-6
-180,400000E-3	32,158669E-6
-179,700000E-3	32,506919E-6
-178,800000E-3	32,899720E-6
-178,000000E-3	33,371023E-6
-177,000000E-3	33,766805E-6
-176,200000E-3	34,087049E-6
-175,600000E-3	34,328156E-6
-174,600000E-3	34,516426E-6
-173,800000E-3	34,744450E-6
-173,100000E-3	35,047811E-6
-172,100000E-3	35,408096E-6
-171,800000E-3	35,784410E-6
-170,800000E-3	36,139904E-6
-169,700000E-3	36,455409E-6
-169,000000E-3	36,739608E-6
-168,200000E-3	36,995017E-6
-167,300000E-3	37,231293E-6
-166,600000E-3	37,472838E-6
-165,500000E-3	37,758876E-6
-164,800000E-3	38,074567E-6
-164,200000E-3	38,448038E-6
-163,500000E-3	38,878405E-6
-162,800000E-3	39,335933E-6
-161,700000E-3	39,771832E-6
-161,000000E-3	40,157915E-6
-160,000000E-3	40,496754E-6
-159,400000E-3	40,820040E-6
-158,600000E-3	41,131737E-6
-157,600000E-3	41,423528E-6
-156,900000E-3	41,697023E-6
-156,200000E-3	41,983143E-6
-155,200000E-3	42,222253E-6
-154,500000E-3	42,438679E-6
-153,800000E-3	42,615407E-6
-152,800000E-3	42,751929E-6
-152,000000E-3	42,888680E-6
-151,200000E-3	43,092990E-6
-150,400000E-3	43,408388E-6
-149,600000E-3	43,765867E-6
-148,700000E-3	44,145539E-6
-148,000000E-3	44,503033E-6
-147,200000E-3	44,815704E-6
-146,200000E-3	45,035986E-6
-145,500000E-3	45,225324E-6
-144,500000E-3	45,437732E-6
-143,800000E-3	45,635289E-6
-143,100000E-3	45,792712E-6
-142,100000E-3	45,886471E-6
-141,400000E-3	45,914038E-6
-140,600000E-3	45,898577E-6
-139,700000E-3	45,857887E-6
-139,000000E-3	45,813664E-6
-138,300000E-3	45,783154E-6
-137,200000E-3	45,771945E-6
-136,600000E-3	45,801566E-6
-135,900000E-3	45,888305E-6
-135,200000E-3	46,030475E-6
-134,100000E-3	46,218329E-6
-133,400000E-3	46,417820E-6
-132,500000E-3	46,608475E-6
-131,400000E-3	46,765944E-6
-130,700000E-3	46,914072E-6
-129,800000E-3	47,082481E-6
-129,000000E-3	47,257099E-6
-128,300000E-3	47,424661E-6
-127,600000E-3	47,540046E-6
-126,900000E-3	47,574989E-6
-126,300000E-3	47,557884E-6
-125,200000E-3	47,567971E-6
-124,500000E-3	47,676503E-6
-123,700000E-3	47,919541E-6
-122,800000E-3	48,296079E-6
-121,800000E-3	48,770843E-6
-121,100000E-3	49,283616E-6
-120,300000E-3	49,798679E-6
-119,300000E-3	50,222829E-6
-118,600000E-3	50,613593E-6
-118,000000E-3	51,013780E-6
-117,300000E-3	51,453110E-6
-116,200000E-3	51,963167E-6
-115,500000E-3	52,533146E-6
-114,800000E-3	53,126591E-6
-113,800000E-3	53,692100E-6
-113,100000E-3	54,167941E-6
-112,100000E-3	54,571445E-6
-111,300000E-3	54,987087E-6
-110,600000E-3	55,472596E-6
-110,000000E-3	56,033012E-6
-109,300000E-3	56,654528E-6
-108,200000E-3	57,309453E-6
-107,600000E-3	57,946433E-6
-106,900000E-3	58,539183E-6
-105,800000E-3	59,039833E-6
-105,100000E-3	59,433905E-6
-104,300000E-3	59,731405E-6
-103,400000E-3	59,935421E-6
-102,400000E-3	60,023065E-6
-101,700000E-3	60,026825E-6
-101,000000E-3	59,981392E-6
-100,300000E-3	59,898998E-6
-99,600000E-3	59,763242E-6
-98,700000E-3	59,522268E-6
-97,900000E-3	59,123790E-6
-96,900000E-3	58,574543E-6
-96,200000E-3	57,942450E-6
-95,400000E-3	57,274617E-6
-94,500000E-3	56,532429E-6
-93,800000E-3	55,760163E-6
-92,700000E-3	54,896469E-6
-92,000000E-3	53,953972E-6
-91,000000E-3	52,893778E-6
-90,300000E-3	51,872639E-6
-89,600000E-3	50,809400E-6
-88,900000E-3	49,712208E-6
-87,900000E-3	48,588738E-6
-87,200000E-3	47,415139E-6
-86,200000E-3	46,207323E-6
-85,500000E-3	44,812988E-6
-84,400000E-3	43,565672E-6
-83,800000E-3	42,321529E-6
-83,100000E-3	40,972123E-6
-82,000000E-3	39,661526E-6
-81,300000E-3	38,266543E-6
-80,700000E-3	36,741450E-6
-80,000000E-3	35,260188E-6
-79,000000E-3	33,669383E-6
-78,200000E-3	31,951409E-6
-77,500000E-3	30,072925E-6
-76,600000E-3	28,012338E-6
-75,500000E-3	25,801523E-6
-74,800000E-3	23,474081E-6
-74,100000E-3	20,695426E-6
-73,100000E-3	17,933226E-6
-72,100000E-3	14,788073E-6
-71,700000E-3	11,709414E-6
-70,700000E-3	8,451771E-6
-70,000000E-3	5,027667E-6
-69,300000E-3	1,448416E-6
-68,300000E-3	-2,273301E-6
-67,600000E-3	-6,085603E-6
-66,500000E-3	-9,881136E-6
-65,900000E-3	-13,564488E-6
-64,900000E-3	-17,044660E-6
-64,500000E-3	-20,376683E-6
-63,400000E-3	-23,417983E-6
-62,700000E-3	-26,132078E-6
-62,100000E-3	-28,618659E-6
-61,000000E-3	-30,834699E-6
-60,300000E-3	-32,675805E-6
-59,600000E-3	-34,043702E-6
-58,600000E-3	-34,949950E-6
-57,900000E-3	-35,370644E-6
-56,900000E-3	-35,515001E-6
-56,200000E-3	-35,505982E-6
-55,500000E-3	-35,376171E-6
-54,500000E-3	-35,153191E-6
-53,700000E-3	-34,858043E-6
-52,800000E-3	-34,491201E-6
-52,000000E-3	-34,037887E-6
-51,400000E-3	-33,468799E-6
-50,600000E-3	-32,768843E-6
-49,800000E-3	-31,951570E-6
-48,800000E-3	-30,978085E-6
-47,900000E-3	-29,974183E-6
-47,300000E-3	-28,907480E-6
-46,500000E-3	-27,716395E-6
-45,800000E-3	-26,546735E-6
-44,800000E-3	-25,330569E-6
-44,100000E-3	-24,099071E-6
-43,400000E-3	-22,885626E-6
-42,700000E-3	-21,705136E-6
-41,700000E-3	-20,549930E-6
-40,700000E-3	-19,408477E-6
-40,000000E-3	-18,276986E-6
-39,000000E-3	-17,146369E-6
-38,500000E-3	-16,010907E-6
-37,500000E-3	-14,870190E-6
-36,800000E-3	-13,742243E-6
-36,100000E-3	-12,573494E-6
-35,500000E-3	-11,523307E-6
-34,400000E-3	-10,522156E-6
-33,700000E-3	-9,568653E-6
-32,600000E-3	-8,592362E-6
-32,000000E-3	-7,695567E-6
-30,900000E-3	-6,817177E-6
-30,300000E-3	-5,975935E-6
-29,500000E-3	-5,216473E-6
-28,500000E-3	-4,584010E-6
-27,800000E-3	-4,063372E-6
-27,200000E-3	-3,580175E-6
-26,100000E-3	-3,122348E-6
-25,800000E-3	-2,708264E-6
-24,700000E-3	-2,330441E-6
-24,100000E-3	-1,996528E-6
-23,000000E-3	-1,724509E-6
-22,100000E-3	-1,573382E-6
-21,300000E-3	-1,527757E-6
-20,600000E-3	-1,579480E-6
-19,600000E-3	-1,724535E-6
-18,900000E-3	-1,910050E-6
-18,100000E-3	-2,133352E-6
-17,200000E-3	-2,413747E-6
-16,900000E-3	-2,754423E-6
-15,800000E-3	-3,139228E-6
-15,100000E-3	-3,566628E-6
-14,200000E-3	-4,067821E-6
-13,300000E-3	-4,639821E-6
-12,600000E-3	-5,228202E-6
-11,600000E-3	-5,780103E-6
-10,900000E-3	-6,294381E-6
-9,900000E-3	-6,825339E-6
-9,200000E-3	-7,335654E-6
-8,500000E-3	-7,817024E-6
-7,800000E-3	-8,231590E-6
-6,800000E-3	-8,580789E-6
-6,100000E-3	-8,874244E-6
-5,200000E-3	-9,127366E-6
-4,400000E-3	-9,355127E-6
-3,700000E-3	-9,566162E-6
-2,600000E-3	-9,748503E-6
-1,800000E-3	-9,876184E-6
-1,100000E-3	-9,938617E-6
-100,000000E-6	-9,950630E-6
200,000000E-6	-9,923718E-6
1,300000E-3	-9,856485E-6
2,000000E-3	-9,743763E-6
3,000000E-3	-9,595506E-6
3,900000E-3	-9,436082E-6
4,800000E-3	-9,268901E-6
5,500000E-3	-9,091919E-6
6,200000E-3	-8,918940E-6
7,100000E-3	-8,758214E-6
7,900000E-3	-8,596281E-6
8,600000E-3	-8,423142E-6
9,300000E-3	-8,257757E-6
10,300000E-3	-8,104902E-6
11,000000E-3	-7,934547E-6
12,000000E-3	-7,715445E-6
12,700000E-3	-7,430765E-6
13,400000E-3	-7,136276E-6
14,400000E-3	-6,823328E-6
15,200000E-3	-6,505989E-6
15,800000E-3	-6,183401E-6
16,800000E-3	-5,878496E-6
17,500000E-3	-5,535405E-6
18,100000E-3	-5,136029E-6
19,200000E-3	-4,661595E-6
19,900000E-3	-4,207664E-6
21,000000E-3	-3,775494E-6
21,700000E-3	-3,325869E-6
22,700000E-3	-2,970597E-6
23,400000E-3	-2,672066E-6
24,500000E-3	-2,405530E-6
24,800000E-3	-2,184404E-6
25,800000E-3	-1,994909E-6
26,500000E-3	-1,847314E-6
27,500000E-3	-1,749942E-6
28,200000E-3	-1,714945E-6
28,900000E-3	-1,747159E-6
30,000000E-3	-1,842108E-6
30,600000E-3	-1,994905E-6
31,400000E-3	-2,235262E-6
32,400000E-3	-2,565471E-6
33,000000E-3	-3,007857E-6
33,700000E-3	-3,542390E-6
34,400000E-3	-4,152368E-6
35,100000E-3	-4,836594E-6
36,100000E-3	-5,580537E-6
37,100000E-3	-6,397742E-6
37,900000E-3	-7,258019E-6
38,800000E-3	-8,138073E-6
39,600000E-3	-9,060774E-6
40,300000E-3	-10,037390E-6
41,300000E-3	-11,076736E-6
42,000000E-3	-12,171424E-6
42,700000E-3	-13,301057E-6
43,400000E-3	-14,444566E-6
44,100000E-3	-15,583619E-6
45,100000E-3	-16,714499E-6
45,800000E-3	-17,853455E-6
46,800000E-3	-19,052787E-6
47,600000E-3	-20,336204E-6
48,300000E-3	-21,519892E-6
49,300000E-3	-22,706308E-6
50,000000E-3	-23,874321E-6
50,600000E-3	-25,064642E-6
51,700000E-3	-26,127643E-6
52,400000E-3	-27,148861E-6
53,100000E-3	-28,158164E-6
53,800000E-3	-29,160190E-6
54,800000E-3	-30,124561E-6
55,500000E-3	-31,026461E-6
56,500000E-3	-31,793653E-6
57,200000E-3	-32,417929E-6
57,900000E-3	-32,948389E-6
58,300000E-3	-33,418447E-6
59,500000E-3	-33,843836E-6
60,500000E-3	-34,187986E-6
61,300000E-3	-34,376173E-6
61,900000E-3	-34,358464E-6
62,600000E-3	-34,157291E-6
63,700000E-3	-33,796899E-6
64,300000E-3	-33,223183E-6
65,200000E-3	-32,373906E-6
66,100000E-3	-31,198442E-6
66,900000E-3	-29,647647E-6
67,700000E-3	-27,762050E-6
68,500000E-3	-25,585485E-6
69,100000E-3	-23,148350E-6
70,200000E-3	-20,460353E-6
70,900000E-3	-17,515342E-6
71,600000E-3	-13,898147E-6
72,600000E-3	-10,442323E-6
73,300000E-3	-6,709567E-6
74,000000E-3	-2,933136E-6
74,700000E-3	701,936099E-9
75,700000E-3	4,263287E-6
76,500000E-3	7,726247E-6
77,500000E-3	11,264688E-6
78,200000E-3	14,429719E-6
79,200000E-3	17,407661E-6
79,900000E-3	20,177721E-6
80,600000E-3	22,754194E-6
81,300000E-3	25,177580E-6
82,400000E-3	27,539674E-6
83,100000E-3	29,848266E-6
83,800000E-3	31,762449E-6
84,800000E-3	33,521369E-6
85,500000E-3	35,184939E-6
86,200000E-3	36,783000E-6
86,900000E-3	38,311130E-6
87,600000E-3	39,757759E-6
88,700000E-3	41,124050E-6
89,400000E-3	42,421994E-6
90,100000E-3	43,654253E-6
90,900000E-3	44,826696E-6
91,600000E-3	45,994403E-6
92,700000E-3	47,126703E-6
93,400000E-3	48,183931E-6
94,200000E-3	49,187926E-6
95,300000E-3	50,125559E-6
95,900000E-3	50,995631E-6
96,600000E-3	51,824601E-6
97,400000E-3	52,644544E-6
98,400000E-3	53,447495E-6
99,200000E-3	54,199410E-6
99,900000E-3	54,898768E-6
100,600000E-3	55,569415E-6
101,400000E-3	56,244740E-6
102,500000E-3	56,893861E-6
103,200000E-3	57,500159E-6
103,900000E-3	58,084253E-6
104,700000E-3	58,643921E-6
105,700000E-3	59,154130E-6
106,400000E-3	59,566690E-6
107,200000E-3	59,861060E-6
108,300000E-3	59,957824E-6
109,000000E-3	59,908604E-6
109,700000E-3	59,708145E-6
110,800000E-3	59,398121E-6
111,600000E-3	58,991084E-6
112,300000E-3	58,462203E-6
113,300000E-3	57,909989E-6
113,300000E-3	57,348493E-6
114,800000E-3	56,809881E-6
115,500000E-3	56,300041E-6
116,400000E-3	55,804523E-6
117,200000E-3	55,262697E-6
117,900000E-3	54,711650E-6
118,600000E-3	54,107823E-6
119,000000E-3	53,466320E-6
120,200000E-3	52,807923E-6
121,100000E-3	52,163020E-6
121,900000E-3	51,563082E-6
122,600000E-3	51,020900E-6
123,300000E-3	50,526673E-6
124,400000E-3	50,059337E-6
125,100000E-3	49,612059E-6
125,900000E-3	49,196064E-6
126,500000E-3	48,827799E-6
127,300000E-3	48,503883E-6
128,400000E-3	48,205320E-6
129,100000E-3	47,908719E-6
129,800000E-3	47,612689E-6
130,900000E-3	47,373412E-6
131,700000E-3	47,184192E-6
132,400000E-3	47,058561E-6
133,000000E-3	46,993435E-6
134,100000E-3	46,972833E-6
134,900000E-3	46,982739E-6
135,600000E-3	47,012684E-6
136,300000E-3	47,060897E-6
137,400000E-3	47,125068E-6
138,100000E-3	47,218135E-6
138,900000E-3	47,349021E-6
139,600000E-3	47,523233E-6
140,700000E-3	47,698158E-6
141,400000E-3	47,863768E-6
142,100000E-3	48,012728E-6
142,800000E-3	48,148728E-6
143,900000E-3	48,243211E-6
144,700000E-3	48,294494E-6
145,300000E-3	48,314307E-6
146,100000E-3	48,329479E-6
147,200000E-3	48,356610E-6
147,800000E-3	48,389811E-6
148,600000E-3	48,414061E-6
149,500000E-3	48,415026E-6
149,700000E-3	48,386580E-6
150,900000E-3	48,322272E-6
151,900000E-3	48,201974E-6
152,500000E-3	48,017316E-6
153,300000E-3	47,784464E-6
154,000000E-3	47,525011E-6
154,700000E-3	47,243703E-6
155,800000E-3	46,938230E-6
156,500000E-3	46,617381E-6
157,300000E-3	46,286096E-6
158,000000E-3	45,944476E-6
159,100000E-3	45,587700E-6
159,800000E-3	45,211720E-6
160,500000E-3	44,820663E-6
161,200000E-3	44,436020E-6
162,000000E-3	44,081505E-6
163,100000E-3	43,763676E-6
163,800000E-3	43,473150E-6
164,500000E-3	43,179232E-6
165,200000E-3	42,889253E-6
166,300000E-3	42,576070E-6
167,100000E-3	42,210149E-6
167,800000E-3	41,823728E-6
168,900000E-3	41,401647E-6
169,600000E-3	40,948248E-6
170,000000E-3	40,466964E-6
171,200000E-3	39,976124E-6
172,000000E-3	39,512238E-6
173,100000E-3	39,116360E-6
173,800000E-3	38,806477E-6
174,500000E-3	38,565553E-6
175,400000E-3	38,318207E-6
176,100000E-3	38,062998E-6
177,000000E-3	37,743081E-6
177,700000E-3	37,342245E-6
178,500000E-3	36,943047E-6
179,200000E-3	36,559638E-6
180,000000E-3	36,209943E-6
180,700000E-3	35,896301E-6
181,500000E-3	35,611279E-6
182,600000E-3	35,349280E-6
183,300000E-3	35,099745E-6
184,100000E-3	34,871238E-6
185,200000E-3	34,660600E-6
185,900000E-3	34,451004E-6
186,600000E-3	34,238560E-6
187,700000E-3	33,998395E-6
188,500000E-3	33,780991E-6
189,200000E-3	33,550407E-6
190,000000E-3	33,280880E-6
190,700000E-3	33,004261E-6
191,400000E-3	32,701468E-6
192,200000E-3	32,380998E-6
193,000000E-3	32,039694E-6
193,700000E-3	31,666651E-6
194,800000E-3	31,272388E-6
195,500000E-3	30,872325E-6
196,200000E-3	30,482964E-6
197,300000E-3	30,114703E-6
198,100000E-3	29,754245E-6
198,800000E-3	29,378665E-6
199,500000E-3	28,952653E-6
200,600000E-3	28,524923E-6
201,400000E-3	28,111737E-6
202,100000E-3	27,727855E-6
202,900000E-3	27,416147E-6
203,700000E-3	27,145796E-6
204,400000E-3	26,903953E-6
205,100000E-3	26,680785E-6
206,200000E-3	26,466926E-6
207,000000E-3	26,252275E-6
207,700000E-3	26,027198E-6
208,400000E-3	25,783408E-6
209,100000E-3	25,514793E-6
210,200000E-3	25,210782E-6
210,900000E-3	24,886182E-6
211,600000E-3	24,557223E-6
212,400000E-3	24,219160E-6
213,500000E-3	23,872633E-6
214,200000E-3	23,511052E-6
215,000000E-3	23,129215E-6
215,700000E-3	22,705416E-6
216,400000E-3	22,302391E-6
217,100000E-3	21,908239E-6
218,300000E-3	21,532516E-6
219,000000E-3	21,165430E-6
219,800000E-3	20,816696E-6
220,500000E-3	20,485032E-6
221,600000E-3	20,150803E-6
222,300000E-3	19,815743E-6
223,000000E-3	19,491372E-6
223,800000E-3	19,188399E-6
224,500000E-3	18,897587E-6
225,200000E-3	18,657080E-6
226,300000E-3	18,450226E-6
227,100000E-3	18,275113E-6
227,800000E-3	18,105884E-6
228,900000E-3	17,946847E-6
229,600000E-3	17,776315E-6
230,300000E-3	17,587265E-6
231,000000E-3	17,386925E-6
232,000000E-3	17,181413E-6
232,700000E-3	16,961361E-6
233,500000E-3	16,752801E-6
234,600000E-3	16,537686E-6
235,300000E-3	16,312119E-6
236,100000E-3	16,054827E-6
236,800000E-3	15,805147E-6
237,600000E-3	15,558791E-6
238,300000E-3	15,311508E-6
239,100000E-3	15,066559E-6
239,800000E-3	14,830205E-6
241,000000E-3	14,610242E-6
241,700000E-3	14,408065E-6
242,500000E-3	14,219420E-6
243,200000E-3	14,038108E-6
244,300000E-3	13,858267E-6
245,000000E-3	13,675145E-6
245,800000E-3	13,471251E-6
246,500000E-3	13,282311E-6
247,300000E-3	13,107694E-6
248,000000E-3	12,944139E-6
248,800000E-3	12,792173E-6
249,500000E-3	12,648901E-6
250,700000E-3	12,511101E-6
251,500000E-3	12,376612E-6
252,200000E-3	12,235183E-6
253,400000E-3	12,104555E-6
254,100000E-3	11,979456E-6
254,800000E-3	11,855966E-6
255,600000E-3	11,730953E-6
256,300000E-3	11,596234E-6
257,100000E-3	11,441353E-6
257,800000E-3	11,267869E-6
258,600000E-3	11,082630E-6
259,300000E-3	10,891276E-6
260,500000E-3	10,696123E-6
261,200000E-3	10,500146E-6
262,000000E-3	10,297315E-6
263,100000E-3	10,116193E-6
263,800000E-3	9,942617E-6
264,600000E-3	9,765940E-6
265,300000E-3	9,589198E-6
266,100000E-3	9,420434E-6
266,800000E-3	9,260046E-6
267,600000E-3	9,110638E-6
268,300000E-3	8,971013E-6
269,100000E-3	8,839549E-6
270,200000E-3	8,715828E-6
271,000000E-3	8,597392E-6
271,700000E-3	8,475529E-6
272,500000E-3	8,367023E-6
273,600000E-3	8,260522E-6
274,300000E-3	8,155256E-6
275,100000E-3	8,047519E-6
275,800000E-3	7,932662E-6
276,600000E-3	7,813753E-6
277,200000E-3	7,691878E-6
278,000000E-3	7,564546E-6
278,700000E-3	7,430422E-6
279,900000E-3	7,291694E-6
280,600000E-3	7,152019E-6
281,400000E-3	7,008200E-6
282,100000E-3	6,879101E-6
283,200000E-3	6,750420E-6
284,000000E-3	6,616202E-6
284,700000E-3	6,492987E-6
285,500000E-3	6,372235E-6
286,400000E-3	6,261211E-6
287,100000E-3	6,163135E-6
287,900000E-3	6,073104E-6
288,700000E-3	5,983310E-6
289,400000E-3	5,887935E-6
290,200000E-3	5,785888E-6
291,000000E-3	5,681067E-6
291,700000E-3	5,574619E-6
292,800000E-3	5,472248E-6
293,600000E-3	5,370664E-6
294,300000E-3	5,277752E-6
295,400000E-3	5,186442E-6
296,200000E-3	5,094925E-6
296,900000E-3	4,995942E-6
297,600000E-3	4,902258E-6
298,400000E-3	4,811167E-6
299,300000E-3	4,724635E-6
