-300,000000E-3	5,828620E-6
-300,000000E-3	5,831531E-6
-300,000000E-3	5,830295E-6
-299,800000E-3	5,829480E-6
-299,500000E-3	5,830962E-6
-299,100000E-3	5,834717E-6
-298,500000E-3	5,839709E-6
-298,000000E-3	5,846213E-6
-297,200000E-3	5,855906E-6
-296,700000E-3	5,871953E-6
-295,800000E-3	5,893560E-6
-295,200000E-3	5,920286E-6
-294,600000E-3	5,951420E-6
-294,000000E-3	5,986412E-6
-293,400000E-3	6,025138E-6
-292,400000E-3	6,068366E-6
-291,700000E-3	6,113715E-6
-290,800000E-3	6,158997E-6
-290,200000E-3	6,204743E-6
-289,200000E-3	6,251609E-6
-288,500000E-3	6,300264E-6
-287,900000E-3	6,351059E-6
-287,200000E-3	6,404674E-6
-286,200000E-3	6,461166E-6
-285,500000E-3	6,519510E-6
-284,500000E-3	6,580351E-6
-283,800000E-3	6,643837E-6
-283,100000E-3	6,708322E-6
-282,100000E-3	6,771819E-6
-281,400000E-3	6,834217E-6
-280,700000E-3	6,899306E-6
-280,000000E-3	6,968858E-6
-279,000000E-3	7,040959E-6
-278,300000E-3	7,114265E-6
-277,300000E-3	7,188774E-6
-276,600000E-3	7,268508E-6
-275,600000E-3	7,343360E-6
-274,900000E-3	7,420338E-6
-274,200000E-3	7,501519E-6
-273,500000E-3	7,584302E-6
-272,800000E-3	7,669325E-6
-271,900000E-3	7,752544E-6
-270,800000E-3	7,833290E-6
-270,100000E-3	7,920313E-6
-269,100000E-3	8,002379E-6
-268,400000E-3	8,083952E-6
-267,700000E-3	8,176182E-6
-266,700000E-3	8,259738E-6
-266,000000E-3	8,345770E-6
-265,300000E-3	8,434250E-6
-264,600000E-3	8,525685E-6
-263,600000E-3	8,619799E-6
-262,600000E-3	8,716291E-6
-261,900000E-3	8,813644E-6
-261,200000E-3	8,917336E-6
-260,200000E-3	9,014636E-6
-259,500000E-3	9,110908E-6
-258,800000E-3	9,207432E-6
-258,100000E-3	9,306761E-6
-257,400000E-3	9,409339E-6
-256,400000E-3	9,515375E-6
-255,400000E-3	9,625461E-6
-254,700000E-3	9,746885E-6
-253,700000E-3	9,863469E-6
-253,000000E-3	9,980680E-6
-252,200000E-3	10,098271E-6
-251,600000E-3	10,225866E-6
-250,500000E-3	10,348881E-6
-249,900000E-3	10,472030E-6
-249,000000E-3	10,594711E-6
-248,100000E-3	10,725916E-6
-247,100000E-3	10,849359E-6
-246,400000E-3	10,974683E-6
-245,800000E-3	11,104538E-6
-245,100000E-3	11,236900E-6
-244,400000E-3	11,370481E-6
-243,300000E-3	11,504223E-6
-242,700000E-3	11,637524E-6
-241,600000E-3	11,778854E-6
-240,800000E-3	11,913888E-6
-239,900000E-3	12,051277E-6
-239,200000E-3	12,191930E-6
-238,500000E-3	12,335956E-6
-237,800000E-3	12,483014E-6
-236,900000E-3	12,631416E-6
-236,100000E-3	12,786320E-6
-235,400000E-3	12,940750E-6
-234,400000E-3	13,090597E-6
-233,600000E-3	13,241145E-6
-232,800000E-3	13,391879E-6
-232,000000E-3	13,541217E-6
-231,400000E-3	13,689683E-6
-230,600000E-3	13,839111E-6
-229,700000E-3	13,988664E-6
-229,000000E-3	14,138215E-6
-228,300000E-3	14,288969E-6
-227,300000E-3	14,440730E-6
-226,300000E-3	14,597519E-6
-225,500000E-3	14,752653E-6
-224,900000E-3	14,902699E-6
-224,200000E-3	15,055713E-6
-223,100000E-3	15,214192E-6
-222,400000E-3	15,376856E-6
-221,800000E-3	15,539661E-6
-220,800000E-3	15,710157E-6
-219,900000E-3	15,867838E-6
-219,000000E-3	16,023068E-6
-218,300000E-3	16,183643E-6
-217,200000E-3	16,336878E-6
-216,600000E-3	16,489907E-6
-216,000000E-3	16,649899E-6
-214,900000E-3	16,802754E-6
-214,200000E-3	16,957185E-6
-213,500000E-3	17,110769E-6
-212,500000E-3	17,273279E-6
-211,600000E-3	17,429914E-6
-210,800000E-3	17,593325E-6
-210,100000E-3	17,763915E-6
-209,400000E-3	17,939911E-6
-208,700000E-3	18,121418E-6
-207,700000E-3	18,308825E-6
-207,000000E-3	18,503137E-6
-206,300000E-3	18,703808E-6
-205,300000E-3	18,910823E-6
-204,400000E-3	19,123132E-6
-203,600000E-3	19,337591E-6
-202,900000E-3	19,551718E-6
-202,200000E-3	19,766538E-6
-201,600000E-3	19,983543E-6
-200,500000E-3	20,203344E-6
-199,800000E-3	20,424552E-6
-199,000000E-3	20,647395E-6
-198,100000E-3	20,887079E-6
-197,100000E-3	21,113016E-6
-196,400000E-3	21,339590E-6
-195,700000E-3	21,568750E-6
-195,100000E-3	21,800871E-6
-194,000000E-3	22,034104E-6
-193,300000E-3	22,267201E-6
-192,600000E-3	22,499780E-6
-191,600000E-3	22,733554E-6
-190,900000E-3	22,968714E-6
-189,900000E-3	23,202570E-6
-189,200000E-3	23,431240E-6
-188,500000E-3	23,664304E-6
-187,800000E-3	23,895055E-6
-186,800000E-3	24,116579E-6
-186,100000E-3	24,333321E-6
-185,400000E-3	24,560640E-6
-184,400000E-3	24,775690E-6
-183,500000E-3	24,994410E-6
-182,700000E-3	25,216943E-6
-182,000000E-3	25,458939E-6
-180,900000E-3	25,692227E-6
-180,300000E-3	25,930025E-6
-179,600000E-3	26,179043E-6
-178,900000E-3	26,427241E-6
-177,900000E-3	26,666019E-6
-177,200000E-3	26,905537E-6
-176,200000E-3	27,147566E-6
-175,500000E-3	27,393531E-6
-174,900000E-3	27,644141E-6
-173,800000E-3	27,899703E-6
-173,100000E-3	28,156718E-6
-172,400000E-3	28,411554E-6
-171,800000E-3	28,664360E-6
-170,700000E-3	28,915895E-6
-169,900000E-3	29,176900E-6
-169,000000E-3	29,454357E-6
-168,000000E-3	29,709229E-6
-167,300000E-3	29,964445E-6
-166,600000E-3	30,220802E-6
-165,900000E-3	30,478402E-6
-165,200000E-3	30,736549E-6
-164,300000E-3	30,993061E-6
-163,500000E-3	31,248612E-6
-162,700000E-3	31,502628E-6
-161,900000E-3	31,755999E-6
-161,200000E-3	32,010181E-6
-160,100000E-3	32,273782E-6
-159,400000E-3	32,564978E-6
-158,400000E-3	32,808954E-6
-157,700000E-3	33,043582E-6
-157,100000E-3	33,284183E-6
-156,000000E-3	33,504566E-6
-155,300000E-3	33,720372E-6
-154,500000E-3	33,931403E-6
-153,600000E-3	34,136269E-6
-152,900000E-3	34,342282E-6
-151,900000E-3	34,541763E-6
-151,200000E-3	34,730004E-6
-150,600000E-3	34,915706E-6
-149,900000E-3	35,101800E-6
-148,800000E-3	35,290182E-6
-148,100000E-3	35,480846E-6
-147,100000E-3	35,670112E-6
-146,400000E-3	35,853194E-6
-145,400000E-3	36,028540E-6
-144,700000E-3	36,193530E-6
-144,000000E-3	36,346082E-6
-143,400000E-3	36,497936E-6
-142,300000E-3	36,628870E-6
-141,600000E-3	36,748749E-6
-140,900000E-3	36,864678E-6
-140,000000E-3	36,978802E-6
-139,300000E-3	37,092228E-6
-138,200000E-3	37,203202E-6
-137,500000E-3	37,312438E-6
-136,800000E-3	37,422834E-6
-135,800000E-3	37,537518E-6
-135,100000E-3	37,657714E-6
-134,400000E-3	37,783018E-6
-133,500000E-3	37,920593E-6
-132,800000E-3	38,049629E-6
-131,700000E-3	38,175893E-6
-131,000000E-3	38,299995E-6
-130,300000E-3	38,425101E-6
-129,700000E-3	38,552143E-6
-128,600000E-3	38,682488E-6
-128,000000E-3	38,817936E-6
-127,300000E-3	38,961156E-6
-126,400000E-3	39,116179E-6
-125,600000E-3	39,286708E-6
-124,500000E-3	39,473959E-6
-123,800000E-3	39,679574E-6
-123,100000E-3	39,923536E-6
-122,200000E-3	40,177716E-6
-121,500000E-3	40,454779E-6
-120,800000E-3	40,748701E-6
-120,000000E-3	41,073834E-6
-119,100000E-3	41,389363E-6
-118,100000E-3	41,717360E-6
-117,400000E-3	42,060327E-6
-116,700000E-3	42,418261E-6
-116,000000E-3	42,787290E-6
-115,000000E-3	43,163333E-6
-114,300000E-3	43,554230E-6
-113,600000E-3	43,938808E-6
-112,800000E-3	44,306273E-6
-111,900000E-3	44,673112E-6
-110,900000E-3	45,041253E-6
-110,200000E-3	45,431660E-6
-109,100000E-3	45,793017E-6
-108,500000E-3	46,142575E-6
-107,800000E-3	46,470571E-6
-107,100000E-3	46,768981E-6
-106,400000E-3	47,032236E-6
-105,400000E-3	47,258158E-6
-104,500000E-3	47,445113E-6
-103,700000E-3	47,585709E-6
-103,000000E-3	47,673398E-6
-102,300000E-3	47,703081E-6
-101,200000E-3	47,675942E-6
-100,600000E-3	47,595127E-6
-100,000000E-3	47,461160E-6
-99,100000E-3	47,269414E-6
-98,200000E-3	47,012236E-6
-97,200000E-3	46,688524E-6
-96,500000E-3	46,303163E-6
-95,800000E-3	45,829231E-6
-94,800000E-3	45,303925E-6
-94,100000E-3	44,721528E-6
-93,400000E-3	44,107567E-6
-92,700000E-3	43,448386E-6
-91,700000E-3	42,744940E-6
-91,000000E-3	41,994717E-6
-90,000000E-3	41,146676E-6
-89,300000E-3	40,302448E-6
-88,300000E-3	39,416753E-6
-87,600000E-3	38,490543E-6
-86,900000E-3	37,462707E-6
-85,900000E-3	36,451441E-6
-85,200000E-3	35,408236E-6
-84,500000E-3	34,325701E-6
-83,800000E-3	33,200019E-6
-82,700000E-3	32,023544E-6
-81,900000E-3	30,793245E-6
-81,000000E-3	29,503945E-6
-80,300000E-3	28,150416E-6
-79,600000E-3	26,724992E-6
-79,000000E-3	25,216722E-6
-77,900000E-3	23,614674E-6
-77,200000E-3	21,915474E-6
-76,400000E-3	20,121875E-6
-75,500000E-3	18,165741E-6
-74,600000E-3	16,116836E-6
-73,900000E-3	14,022212E-6
-73,200000E-3	11,681085E-6
-72,100000E-3	9,372341E-6
-71,500000E-3	6,972197E-6
-70,800000E-3	4,485723E-6
-70,000000E-3	1,932866E-6
-69,200000E-3	-666,328922E-9
-68,400000E-3	-3,279869E-6
-67,300000E-3	-5,883536E-6
-66,600000E-3	-8,537703E-6
-65,900000E-3	-11,111873E-6
-64,900000E-3	-13,509874E-6
-64,100000E-3	-15,779756E-6
-63,500000E-3	-17,892351E-6
-62,800000E-3	-19,833407E-6
-61,800000E-3	-21,586120E-6
-61,100000E-3	-23,134179E-6
-60,200000E-3	-24,466705E-6
-59,400000E-3	-25,637071E-6
-58,400000E-3	-26,511707E-6
-57,600000E-3	-27,177870E-6
-57,000000E-3	-27,670780E-6
-56,300000E-3	-27,988665E-6
-55,200000E-3	-28,150586E-6
-54,600000E-3	-28,187489E-6
-53,900000E-3	-28,114228E-6
-52,900000E-3	-27,940281E-6
-52,200000E-3	-27,671368E-6
-51,200000E-3	-27,312734E-6
-50,500000E-3	-26,869157E-6
-49,800000E-3	-26,279642E-6
-48,700000E-3	-25,684581E-6
-48,100000E-3	-25,028749E-6
-47,400000E-3	-24,326555E-6
-46,600000E-3	-23,581802E-6
-45,700000E-3	-22,798179E-6
-44,800000E-3	-21,982693E-6
-43,900000E-3	-21,141048E-6
-43,300000E-3	-20,283031E-6
-42,600000E-3	-19,418423E-6
-41,600000E-3	-18,552522E-6
-40,900000E-3	-17,687514E-6
-40,200000E-3	-16,826693E-6
-39,200000E-3	-15,974043E-6
-38,300000E-3	-15,131295E-6
-37,500000E-3	-14,272346E-6
-36,800000E-3	-13,379017E-6
-35,800000E-3	-12,576432E-6
-35,100000E-3	-11,792504E-6
-34,400000E-3	-11,031857E-6
-33,700000E-3	-10,295048E-6
-33,000000E-3	-9,583431E-6
-32,000000E-3	-8,895359E-6
-31,300000E-3	-8,234268E-6
-30,200000E-3	-7,569768E-6
-29,500000E-3	-6,970450E-6
-28,500000E-3	-6,425407E-6
-27,800000E-3	-5,947443E-6
-27,100000E-3	-5,516144E-6
-26,100000E-3	-5,128100E-6
-25,400000E-3	-4,780500E-6
-24,700000E-3	-4,474661E-6
-24,000000E-3	-4,213053E-6
-23,000000E-3	-4,001328E-6
-22,300000E-3	-3,843580E-6
-21,400000E-3	-3,741075E-6
-20,600000E-3	-3,691468E-6
-19,900000E-3	-3,689125E-6
-19,200000E-3	-3,730081E-6
-18,100000E-3	-3,811605E-6
-17,500000E-3	-3,941466E-6
-16,900000E-3	-4,106917E-6
-15,800000E-3	-4,308809E-6
-15,000000E-3	-4,540757E-6
-14,200000E-3	-4,819095E-6
-13,400000E-3	-5,107050E-6
-12,300000E-3	-5,410570E-6
-11,600000E-3	-5,717739E-6
-11,000000E-3	-6,031904E-6
-10,000000E-3	-6,338515E-6
-9,200000E-3	-6,628435E-6
-8,500000E-3	-6,905331E-6
-7,900000E-3	-7,163553E-6
-7,200000E-3	-7,400439E-6
-6,100000E-3	-7,613064E-6
-5,100000E-3	-7,803160E-6
-4,400000E-3	-7,984944E-6
-3,500000E-3	-8,138929E-6
-2,600000E-3	-8,274624E-6
-1,900000E-3	-8,388399E-6
-1,200000E-3	-8,483441E-6
-100,000000E-6	-8,549266E-6
600,000000E-6	-8,594813E-6
1,200000E-3	-8,620889E-6
2,000000E-3	-8,625673E-6
3,000000E-3	-8,606327E-6
3,700000E-3	-8,561004E-6
4,700000E-3	-8,489817E-6
5,400000E-3	-8,382704E-6
6,400000E-3	-8,268909E-6
7,100000E-3	-8,138818E-6
7,800000E-3	-8,000395E-6
8,900000E-3	-7,858861E-6
9,600000E-3	-7,711676E-6
10,300000E-3	-7,563226E-6
10,900000E-3	-7,414956E-6
11,900000E-3	-7,260024E-6
12,700000E-3	-7,092400E-6
13,700000E-3	-6,913415E-6
14,400000E-3	-6,724916E-6
15,000000E-3	-6,516487E-6
16,100000E-3	-6,316205E-6
16,800000E-3	-6,106480E-6
17,500000E-3	-5,890885E-6
18,200000E-3	-5,673005E-6
19,100000E-3	-5,448910E-6
19,800000E-3	-5,226415E-6
21,000000E-3	-4,999711E-6
21,700000E-3	-4,799618E-6
22,600000E-3	-4,617088E-6
23,300000E-3	-4,456691E-6
24,000000E-3	-4,311784E-6
25,100000E-3	-4,198351E-6
25,800000E-3	-4,108879E-6
26,200000E-3	-4,050272E-6
27,400000E-3	-4,027655E-6
28,100000E-3	-4,045545E-6
28,800000E-3	-4,109325E-6
29,500000E-3	-4,224278E-6
30,500000E-3	-4,393759E-6
31,200000E-3	-4,618015E-6
32,300000E-3	-4,897150E-6
33,000000E-3	-5,253140E-6
33,600000E-3	-5,641998E-6
34,600000E-3	-6,080857E-6
35,700000E-3	-6,590408E-6
36,100000E-3	-7,152739E-6
37,100000E-3	-7,748594E-6
37,700000E-3	-8,388986E-6
38,500000E-3	-9,067519E-6
39,500000E-3	-9,779572E-6
40,100000E-3	-10,520215E-6
41,200000E-3	-11,287420E-6
41,900000E-3	-12,079126E-6
42,600000E-3	-12,896457E-6
43,300000E-3	-13,734100E-6
44,300000E-3	-14,585866E-6
44,900000E-3	-15,475569E-6
45,600000E-3	-16,368938E-6
46,400000E-3	-17,236648E-6
47,400000E-3	-18,100639E-6
48,300000E-3	-18,955101E-6
49,100000E-3	-19,795142E-6
49,800000E-3	-20,615973E-6
50,900000E-3	-21,411199E-6
51,600000E-3	-22,178688E-6
52,200000E-3	-22,912771E-6
52,900000E-3	-23,652755E-6
53,600000E-3	-24,306587E-6
54,700000E-3	-24,932609E-6
55,700000E-3	-25,495992E-6
56,400000E-3	-25,978305E-6
57,100000E-3	-26,391963E-6
57,700000E-3	-26,732895E-6
58,800000E-3	-26,996288E-6
59,400000E-3	-27,177193E-6
60,100000E-3	-27,264206E-6
60,800000E-3	-27,239401E-6
61,900000E-3	-27,085387E-6
62,600000E-3	-26,788755E-6
63,600000E-3	-26,337620E-6
64,300000E-3	-25,694749E-6
65,300000E-3	-24,862092E-6
66,000000E-3	-23,855687E-6
66,700000E-3	-22,644426E-6
67,400000E-3	-21,137725E-6
68,500000E-3	-19,521696E-6
69,100000E-3	-17,724175E-6
69,800000E-3	-15,758227E-6
70,800000E-3	-13,634065E-6
71,600000E-3	-11,359806E-6
72,600000E-3	-8,958976E-6
73,300000E-3	-6,456189E-6
73,900000E-3	-3,717326E-6
75,000000E-3	-1,115376E-6
75,600000E-3	1,482980E-6
76,400000E-3	4,055899E-6
77,100000E-3	6,581976E-6
77,700000E-3	9,044937E-6
78,800000E-3	11,435012E-6
79,500000E-3	13,736958E-6
80,500000E-3	15,946410E-6
81,200000E-3	18,054176E-6
82,000000E-3	20,059380E-6
82,900000E-3	21,955450E-6
83,600000E-3	23,803070E-6
84,300000E-3	25,531073E-6
85,000000E-3	27,108853E-6
86,000000E-3	28,599630E-6
86,700000E-3	30,015115E-6
87,700000E-3	31,439368E-6
88,400000E-3	32,708408E-6
89,400000E-3	33,907919E-6
90,000000E-3	35,043975E-6
90,700000E-3	36,122753E-6
91,600000E-3	37,149287E-6
92,700000E-3	38,125872E-6
93,400000E-3	39,055490E-6
94,000000E-3	39,930101E-6
94,600000E-3	40,753608E-6
95,700000E-3	41,527660E-6
96,700000E-3	42,253598E-6
97,400000E-3	42,938026E-6
98,000000E-3	43,586035E-6
98,700000E-3	44,198760E-6
99,600000E-3	44,774726E-6
100,700000E-3	45,310708E-6
101,400000E-3	45,805709E-6
102,000000E-3	46,258129E-6
102,600000E-3	46,668084E-6
103,700000E-3	47,045152E-6
104,600000E-3	47,369004E-6
104,900000E-3	47,626483E-6
106,300000E-3	47,822418E-6
106,900000E-3	47,956727E-6
108,100000E-3	48,031938E-6
108,400000E-3	48,048211E-6
109,400000E-3	48,004387E-6
110,000000E-3	47,901909E-6
110,900000E-3	47,744529E-6
111,700000E-3	47,534318E-6
112,400000E-3	47,274824E-6
112,900000E-3	46,960649E-6
114,300000E-3	46,614274E-6
115,000000E-3	46,259386E-6
115,600000E-3	45,895566E-6
116,600000E-3	45,526007E-6
117,400000E-3	45,148776E-6
118,300000E-3	44,760355E-6
119,000000E-3	44,359954E-6
119,600000E-3	43,950576E-6
120,400000E-3	43,536062E-6
121,400000E-3	43,123654E-6
122,300000E-3	42,720562E-6
122,500000E-3	42,332314E-6
123,800000E-3	41,957761E-6
124,400000E-3	41,600818E-6
125,400000E-3	41,263955E-6
126,400000E-3	40,950419E-6
127,100000E-3	40,663070E-6
127,700000E-3	40,401920E-6
128,700000E-3	40,165623E-6
129,400000E-3	39,951191E-6
130,200000E-3	39,756327E-6
131,100000E-3	39,581020E-6
131,700000E-3	39,426440E-6
132,400000E-3	39,293260E-6
133,200000E-3	39,180824E-6
134,200000E-3	39,084276E-6
135,000000E-3	39,005049E-6
136,100000E-3	38,941273E-6
136,700000E-3	38,896602E-6
137,300000E-3	38,864300E-6
138,300000E-3	38,841929E-6
139,300000E-3	38,832954E-6
140,000000E-3	38,834817E-6
140,700000E-3	38,843769E-6
141,700000E-3	38,852742E-6
142,300000E-3	38,855007E-6
143,300000E-3	38,848228E-6
144,000000E-3	38,832777E-6
144,900000E-3	38,810269E-6
145,600000E-3	38,780562E-6
146,300000E-3	38,740495E-6
147,300000E-3	38,687968E-6
148,100000E-3	38,619538E-6
148,600000E-3	38,544089E-6
149,400000E-3	38,455667E-6
150,300000E-3	38,353867E-6
151,300000E-3	38,238670E-6
151,900000E-3	38,103151E-6
152,600000E-3	37,949113E-6
153,600000E-3	37,781777E-6
154,500000E-3	37,598799E-6
155,200000E-3	37,377513E-6
156,200000E-3	37,167518E-6
156,800000E-3	36,945090E-6
157,600000E-3	36,697670E-6
158,500000E-3	36,456577E-6
159,500000E-3	36,209536E-6
160,100000E-3	35,955522E-6
160,700000E-3	35,681026E-6
161,600000E-3	35,419047E-6
162,400000E-3	35,155955E-6
163,300000E-3	34,892305E-6
164,300000E-3	34,627840E-6
165,000000E-3	34,361382E-6
166,000000E-3	34,074015E-6
166,700000E-3	33,798665E-6
167,300000E-3	33,519976E-6
168,200000E-3	33,238052E-6
169,100000E-3	32,944071E-6
170,000000E-3	32,649554E-6
170,700000E-3	32,364429E-6
171,300000E-3	32,080868E-6
172,300000E-3	31,799196E-6
173,200000E-3	31,520067E-6
174,000000E-3	31,244439E-6
174,700000E-3	30,973886E-6
175,300000E-3	30,708833E-6
176,300000E-3	30,448850E-6
177,300000E-3	30,191694E-6
178,000000E-3	29,936949E-6
178,600000E-3	29,683399E-6
179,300000E-3	29,429895E-6
180,300000E-3	29,181140E-6
181,300000E-3	28,938887E-6
182,000000E-3	28,703534E-6
182,700000E-3	28,472088E-6
183,300000E-3	28,243844E-6
184,300000E-3	28,019077E-6
185,200000E-3	27,798152E-6
186,000000E-3	27,579674E-6
187,000000E-3	27,348867E-6
187,600000E-3	27,132390E-6
188,300000E-3	26,914233E-6
189,100000E-3	26,685276E-6
190,100000E-3	26,453965E-6
190,900000E-3	26,227740E-6
191,600000E-3	25,999473E-6
192,300000E-3	25,768008E-6
193,200000E-3	25,519100E-6
194,100000E-3	25,282481E-6
194,900000E-3	25,042478E-6
195,600000E-3	24,797547E-6
196,200000E-3	24,548948E-6
197,200000E-3	24,299547E-6
198,000000E-3	24,041693E-6
198,900000E-3	23,770514E-6
199,900000E-3	23,524583E-6
200,500000E-3	23,279733E-6
201,100000E-3	23,036982E-6
202,000000E-3	22,797555E-6
203,000000E-3	22,561354E-6
203,800000E-3	22,326474E-6
204,500000E-3	22,091043E-6
205,200000E-3	21,855555E-6
206,000000E-3	21,620935E-6
207,000000E-3	21,387086E-6
207,800000E-3	21,144877E-6
208,500000E-3	20,903265E-6
209,500000E-3	20,668833E-6
210,100000E-3	20,434330E-6
211,000000E-3	20,198178E-6
211,800000E-3	19,961178E-6
212,800000E-3	19,709477E-6
213,200000E-3	19,442613E-6
214,400000E-3	19,205544E-6
215,100000E-3	18,968859E-6
215,800000E-3	18,718981E-6
216,500000E-3	18,487564E-6
217,400000E-3	18,260125E-6
218,300000E-3	18,035929E-6
219,300000E-3	17,814364E-6
219,800000E-3	17,594828E-6
220,800000E-3	17,378326E-6
221,200000E-3	17,166289E-6
222,600000E-3	16,959075E-6
223,200000E-3	16,755774E-6
223,900000E-3	16,554923E-6
224,500000E-3	16,357784E-6
225,500000E-3	16,158753E-6
226,300000E-3	15,965473E-6
227,200000E-3	15,782101E-6
227,900000E-3	15,603586E-6
228,800000E-3	15,430340E-6
229,500000E-3	15,261637E-6
230,300000E-3	15,095658E-6
231,200000E-3	14,920157E-6
232,100000E-3	14,755138E-6
232,800000E-3	14,591373E-6
233,600000E-3	14,428304E-6
234,400000E-3	14,259423E-6
235,200000E-3	14,090494E-6
235,900000E-3	13,925379E-6
236,900000E-3	13,759799E-6
237,600000E-3	13,596016E-6
238,600000E-3	13,435758E-6
239,000000E-3	13,278696E-6
240,100000E-3	13,123941E-6
240,800000E-3	12,970919E-6
241,400000E-3	12,820051E-6
242,100000E-3	12,670259E-6
243,100000E-3	12,522118E-6
243,900000E-3	12,376751E-6
244,500000E-3	12,230031E-6
245,600000E-3	12,086770E-6
246,300000E-3	11,940334E-6
247,300000E-3	11,803582E-6
248,300000E-3	11,669981E-6
249,000000E-3	11,538701E-6
249,700000E-3	11,407598E-6
250,400000E-3	11,276273E-6
251,100000E-3	11,145523E-6
252,100000E-3	11,016483E-6
252,800000E-3	10,888674E-6
253,900000E-3	10,756038E-6
254,700000E-3	10,623472E-6
255,600000E-3	10,496122E-6
256,300000E-3	10,362628E-6
257,000000E-3	10,238524E-6
258,000000E-3	10,115339E-6
258,700000E-3	9,991090E-6
259,400000E-3	9,858014E-6
260,100000E-3	9,734168E-6
261,100000E-3	9,613154E-6
261,900000E-3	9,493787E-6
262,800000E-3	9,371123E-6
263,700000E-3	9,249917E-6
264,600000E-3	9,134134E-6
265,300000E-3	9,021043E-6
266,000000E-3	8,909315E-6
266,700000E-3	8,797933E-6
267,700000E-3	8,688610E-6
268,400000E-3	8,583084E-6
269,100000E-3	8,480411E-6
269,900000E-3	8,379388E-6
270,800000E-3	8,279803E-6
271,800000E-3	8,182146E-6
272,500000E-3	8,083667E-6
273,200000E-3	7,988185E-6
274,200000E-3	7,896749E-6
274,900000E-3	7,806194E-6
275,600000E-3	7,717015E-6
276,300000E-3	7,628957E-6
277,300000E-3	7,541934E-6
278,100000E-3	7,455823E-6
279,000000E-3	7,371432E-6
279,700000E-3	7,277821E-6
280,600000E-3	7,195227E-6
281,400000E-3	7,113072E-6
282,100000E-3	7,035503E-6
282,800000E-3	6,961729E-6
283,700000E-3	6,888366E-6
284,400000E-3	6,816811E-6
285,500000E-3	6,744454E-6
286,500000E-3	6,679479E-6
287,200000E-3	6,613528E-6
287,900000E-3	6,544085E-6
288,500000E-3	6,473180E-6
289,300000E-3	6,403000E-6
290,300000E-3	6,331659E-6
291,000000E-3	6,262514E-6
291,800000E-3	6,192930E-6
292,700000E-3	6,127948E-6
293,700000E-3	6,063790E-6
294,000000E-3	6,002696E-6
295,200000E-3	5,943880E-6
295,900000E-3	5,886378E-6
297,000000E-3	5,830436E-6
297,300000E-3	5,775076E-6
298,400000E-3	5,720611E-6
299,000000E-3	5,666904E-6
299,900000E-3	5,608647E-6
300,500000E-3	5,553087E-6
300,900000E-3	5,497759E-6
301,100000E-3	5,445370E-6
301,300000E-3	5,399618E-6
301,300000E-3	5,361569E-6
301,300000E-3	5,330612E-6
301,200000E-3	5,304813E-6
301,200000E-3	5,283537E-6
301,000000E-3	5,267749E-6
300,900000E-3	5,261398E-6
300,800000E-3	5,261865E-6
300,500000E-3	5,265879E-6
300,500000E-3	5,270891E-6
