-300,000000E-3	6,005032E-6
-300,000000E-3	6,003315E-6
-300,000000E-3	6,003935E-6
-299,800000E-3	6,003861E-6
-299,500000E-3	6,005402E-6
-299,000000E-3	6,010347E-6
-298,300000E-3	6,017151E-6
-297,800000E-3	6,025360E-6
-297,300000E-3	6,037059E-6
-296,800000E-3	6,052891E-6
-296,000000E-3	6,073674E-6
-295,100000E-3	6,097557E-6
-294,500000E-3	6,124760E-6
-293,600000E-3	6,156155E-6
-293,000000E-3	6,188380E-6
-292,300000E-3	6,224170E-6
-291,500000E-3	6,264332E-6
-290,500000E-3	6,311711E-6
-289,900000E-3	6,359901E-6
-289,300000E-3	6,407027E-6
-288,300000E-3	6,450417E-6
-287,700000E-3	6,493485E-6
-286,700000E-3	6,538276E-6
-286,000000E-3	6,585550E-6
-285,300000E-3	6,635300E-6
-284,400000E-3	6,687312E-6
-283,700000E-3	6,740677E-6
-282,700000E-3	6,795762E-6
-282,000000E-3	6,853189E-6
-281,000000E-3	6,913105E-6
-280,300000E-3	6,974261E-6
-279,600000E-3	7,035720E-6
-278,700000E-3	7,098158E-6
-278,100000E-3	7,163186E-6
-277,400000E-3	7,229961E-6
-276,500000E-3	7,296234E-6
-275,400000E-3	7,360887E-6
-274,700000E-3	7,424227E-6
-274,100000E-3	7,488199E-6
-273,100000E-3	7,555894E-6
-272,400000E-3	7,627690E-6
-271,500000E-3	7,700848E-6
-270,800000E-3	7,773040E-6
-269,800000E-3	7,844350E-6
-269,100000E-3	7,918664E-6
-268,500000E-3	7,993435E-6
-267,600000E-3	8,065532E-6
-266,600000E-3	8,142208E-6
-265,800000E-3	8,217680E-6
-265,200000E-3	8,297707E-6
-264,500000E-3	8,379721E-6
-263,500000E-3	8,468318E-6
-262,700000E-3	8,552409E-6
-261,800000E-3	8,636792E-6
-261,200000E-3	8,725433E-6
-260,200000E-3	8,816303E-6
-259,500000E-3	8,906230E-6
-258,700000E-3	8,996701E-6
-257,600000E-3	9,093006E-6
-256,900000E-3	9,185286E-6
-256,200000E-3	9,279516E-6
-255,500000E-3	9,376275E-6
-254,500000E-3	9,481872E-6
-253,500000E-3	9,582779E-6
-252,800000E-3	9,685572E-6
-252,200000E-3	9,794844E-6
-251,200000E-3	9,905291E-6
-250,500000E-3	10,012345E-6
-249,500000E-3	10,118789E-6
-248,900000E-3	10,226566E-6
-247,900000E-3	10,337759E-6
-247,200000E-3	10,451449E-6
-246,500000E-3	10,564552E-6
-245,700000E-3	10,677144E-6
-244,600000E-3	10,798282E-6
-243,900000E-3	10,914506E-6
-243,200000E-3	11,032208E-6
-242,500000E-3	11,151788E-6
-241,600000E-3	11,279298E-6
-240,600000E-3	11,400517E-6
-239,900000E-3	11,521902E-6
-239,300000E-3	11,644339E-6
-238,300000E-3	11,769436E-6
-237,600000E-3	11,896048E-6
-236,700000E-3	12,022720E-6
-236,000000E-3	12,150579E-6
-234,900000E-3	12,280196E-6
-234,300000E-3	12,409400E-6
-233,600000E-3	12,538112E-6
-232,800000E-3	12,672313E-6
-231,800000E-3	12,815751E-6
-230,900000E-3	12,948149E-6
-230,300000E-3	13,080852E-6
-229,600000E-3	13,214077E-6
-228,600000E-3	13,357744E-6
-227,900000E-3	13,492422E-6
-226,900000E-3	13,623456E-6
-226,200000E-3	13,753429E-6
-225,200000E-3	13,885960E-6
-224,500000E-3	14,021658E-6
-223,900000E-3	14,159971E-6
-223,200000E-3	14,298756E-6
-222,500000E-3	14,439208E-6
-221,400000E-3	14,581594E-6
-220,500000E-3	14,724687E-6
-219,800000E-3	14,867810E-6
-219,100000E-3	15,010184E-6
-218,000000E-3	15,159313E-6
-217,400000E-3	15,296698E-6
-216,700000E-3	15,432825E-6
-216,000000E-3	15,570257E-6
-215,000000E-3	15,710400E-6
-214,100000E-3	15,858609E-6
-213,300000E-3	16,008940E-6
-212,600000E-3	16,156698E-6
-211,600000E-3	16,306048E-6
-210,900000E-3	16,456671E-6
-210,200000E-3	16,611414E-6
-209,600000E-3	16,771881E-6
-208,500000E-3	16,946973E-6
-207,500000E-3	17,113736E-6
-206,900000E-3	17,282759E-6
-206,200000E-3	17,456332E-6
-205,100000E-3	17,647243E-6
-204,500000E-3	17,828903E-6
-203,800000E-3	18,011876E-6
-203,000000E-3	18,196515E-6
-202,100000E-3	18,383342E-6
-201,000000E-3	18,572596E-6
-200,400000E-3	18,765072E-6
-199,700000E-3	18,960461E-6
-198,700000E-3	19,157408E-6
-198,000000E-3	19,354709E-6
-197,400000E-3	19,551519E-6
-196,500000E-3	19,750105E-6
-195,700000E-3	19,952719E-6
-194,600000E-3	20,165004E-6
-194,000000E-3	20,374821E-6
-193,300000E-3	20,576781E-6
-192,600000E-3	20,780157E-6
-191,600000E-3	20,986244E-6
-190,900000E-3	21,192316E-6
-190,100000E-3	21,396333E-6
-189,200000E-3	21,598728E-6
-188,100000E-3	21,798681E-6
-187,800000E-3	21,997152E-6
-186,800000E-3	22,194310E-6
-186,100000E-3	22,389853E-6
-185,400000E-3	22,592173E-6
-184,400000E-3	22,796478E-6
-183,600000E-3	22,996099E-6
-182,700000E-3	23,196877E-6
-182,000000E-3	23,400480E-6
-181,000000E-3	23,607568E-6
-180,300000E-3	23,817150E-6
-179,600000E-3	24,027502E-6
-178,900000E-3	24,237957E-6
-177,900000E-3	24,448636E-6
-177,000000E-3	24,660092E-6
-176,300000E-3	24,872825E-6
-175,600000E-3	25,088402E-6
-174,900000E-3	25,306729E-6
-173,800000E-3	25,526037E-6
-173,200000E-3	25,747874E-6
-172,600000E-3	25,970041E-6
-171,500000E-3	26,191487E-6
-170,800000E-3	26,412613E-6
-169,800000E-3	26,649342E-6
-169,100000E-3	26,873286E-6
-168,400000E-3	27,096653E-6
-167,800000E-3	27,318076E-6
-166,800000E-3	27,552866E-6
-165,900000E-3	27,782694E-6
-165,100000E-3	28,028390E-6
-164,000000E-3	28,254491E-6
-163,400000E-3	28,479715E-6
-162,700000E-3	28,702732E-6
-162,000000E-3	28,922718E-6
-161,000000E-3	29,139790E-6
-160,300000E-3	29,355323E-6
-159,500000E-3	29,569025E-6
-158,600000E-3	29,777794E-6
-157,900000E-3	29,980230E-6
-156,900000E-3	30,178646E-6
-156,300000E-3	30,375966E-6
-155,600000E-3	30,570978E-6
-154,900000E-3	30,762988E-6
-153,800000E-3	30,951371E-6
-153,000000E-3	31,134674E-6
-152,200000E-3	31,310989E-6
-151,500000E-3	31,482843E-6
-150,500000E-3	31,663731E-6
-149,800000E-3	31,833664E-6
-149,100000E-3	32,002651E-6
-148,400000E-3	32,169146E-6
-147,400000E-3	32,346882E-6
-146,400000E-3	32,509356E-6
-145,700000E-3	32,662720E-6
-144,700000E-3	32,819486E-6
-144,000000E-3	32,958694E-6
-143,300000E-3	33,089110E-6
-142,600000E-3	33,222452E-6
-141,600000E-3	33,346288E-6
-140,900000E-3	33,468481E-6
-139,900000E-3	33,587607E-6
-139,200000E-3	33,704611E-6
-138,100000E-3	33,819339E-6
-137,500000E-3	33,930186E-6
-136,800000E-3	34,040506E-6
-136,100000E-3	34,152823E-6
-135,400000E-3	34,266419E-6
-134,400000E-3	34,379486E-6
-133,800000E-3	34,493283E-6
-132,800000E-3	34,608678E-6
-132,100000E-3	34,727093E-6
-131,000000E-3	34,848516E-6
-130,400000E-3	34,971708E-6
-129,700000E-3	35,096257E-6
-129,000000E-3	35,223859E-6
-128,000000E-3	35,361268E-6
-127,300000E-3	35,504372E-6
-126,300000E-3	35,651607E-6
-125,600000E-3	35,809324E-6
-124,600000E-3	35,991868E-6
-123,900000E-3	36,179856E-6
-123,200000E-3	36,383437E-6
-122,500000E-3	36,601516E-6
-121,500000E-3	36,833837E-6
-120,900000E-3	37,079434E-6
-119,800000E-3	37,337263E-6
-119,100000E-3	37,614006E-6
-118,100000E-3	37,897262E-6
-117,800000E-3	38,181591E-6
-116,800000E-3	38,479918E-6
-116,100000E-3	38,789024E-6
-115,100000E-3	39,120379E-6
-114,400000E-3	39,427707E-6
-113,400000E-3	39,730214E-6
-112,600000E-3	40,027935E-6
-112,000000E-3	40,322661E-6
-111,000000E-3	40,615713E-6
-110,300000E-3	40,906527E-6
-109,600000E-3	41,200407E-6
-108,500000E-3	41,480174E-6
-107,900000E-3	41,730910E-6
-107,200000E-3	41,955668E-6
-106,100000E-3	42,151902E-6
-105,400000E-3	42,337457E-6
-104,400000E-3	42,468659E-6
-103,700000E-3	42,562833E-6
-102,800000E-3	42,616237E-6
-102,000000E-3	42,618686E-6
-101,300000E-3	42,573408E-6
-100,600000E-3	42,482140E-6
-100,000000E-3	42,346293E-6
-99,000000E-3	42,163335E-6
-98,100000E-3	41,927331E-6
-97,200000E-3	41,635609E-6
-96,600000E-3	41,292468E-6
-95,600000E-3	40,873742E-6
-94,900000E-3	40,427924E-6
-94,100000E-3	39,932018E-6
-93,500000E-3	39,390249E-6
-92,500000E-3	38,804140E-6
-91,800000E-3	38,151864E-6
-90,700000E-3	37,456714E-6
-90,100000E-3	36,736597E-6
-89,000000E-3	35,972391E-6
-88,300000E-3	35,165022E-6
-87,700000E-3	34,317068E-6
-87,000000E-3	33,428766E-6
-85,900000E-3	32,501873E-6
-85,300000E-3	31,534415E-6
-84,500000E-3	30,526323E-6
-83,500000E-3	29,472496E-6
-82,600000E-3	28,225761E-6
-81,800000E-3	27,065577E-6
-81,100000E-3	25,849586E-6
-80,100000E-3	24,489996E-6
-79,400000E-3	23,140985E-6
-78,700000E-3	21,719869E-6
-78,000000E-3	20,223370E-6
-77,000000E-3	18,548708E-6
-76,300000E-3	16,893616E-6
-75,300000E-3	15,166490E-6
-74,600000E-3	13,364433E-6
-73,600000E-3	11,417797E-6
-72,900000E-3	9,397562E-6
-72,200000E-3	7,364808E-6
-71,500000E-3	5,266215E-6
-70,500000E-3	3,113269E-6
-69,800000E-3	922,680390E-9
-69,000000E-3	-1,289182E-6
-68,100000E-3	-3,497320E-6
-67,100000E-3	-5,819703E-6
-66,400000E-3	-7,961623E-6
-65,600000E-3	-10,045365E-6
-65,000000E-3	-12,044808E-6
-64,300000E-3	-13,946576E-6
-63,200000E-3	-15,716716E-6
-62,500000E-3	-17,348249E-6
-61,700000E-3	-18,831778E-6
-60,800000E-3	-20,153190E-6
-59,900000E-3	-21,307849E-6
-59,200000E-3	-22,292651E-6
-58,500000E-3	-23,110452E-6
-57,800000E-3	-23,764936E-6
-57,100000E-3	-24,268079E-6
-56,100000E-3	-24,631501E-6
-55,400000E-3	-24,868191E-6
-54,400000E-3	-24,991099E-6
-53,700000E-3	-25,010067E-6
-52,700000E-3	-24,928637E-6
-52,000000E-3	-24,759372E-6
-51,300000E-3	-24,508790E-6
-50,600000E-3	-24,184122E-6
-49,600000E-3	-23,791829E-6
-48,900000E-3	-23,338817E-6
-48,100000E-3	-22,831782E-6
-47,200000E-3	-22,278749E-6
-46,500000E-3	-21,683307E-6
-45,600000E-3	-21,051701E-6
-44,900000E-3	-20,388836E-6
-44,200000E-3	-19,675538E-6
-43,400000E-3	-18,944508E-6
-42,400000E-3	-18,221158E-6
-41,800000E-3	-17,491174E-6
-40,700000E-3	-16,758551E-6
-40,100000E-3	-16,026033E-6
-39,000000E-3	-15,293031E-6
-38,300000E-3	-14,563456E-6
-38,000000E-3	-13,840787E-6
-37,000000E-3	-13,130074E-6
-36,300000E-3	-12,433217E-6
-35,300000E-3	-11,710991E-6
-34,200000E-3	-11,047373E-6
-33,500000E-3	-10,405961E-6
-32,500000E-3	-9,744307E-6
-31,800000E-3	-9,142781E-6
-31,100000E-3	-8,566034E-6
-30,500000E-3	-8,020312E-6
-29,800000E-3	-7,508023E-6
-28,800000E-3	-7,032052E-6
-28,000000E-3	-6,595658E-6
-27,100000E-3	-6,198946E-6
-26,400000E-3	-5,840919E-6
-25,300000E-3	-5,518787E-6
-24,600000E-3	-5,223133E-6
-23,900000E-3	-4,966772E-6
-23,300000E-3	-4,757162E-6
-22,300000E-3	-4,589882E-6
-21,600000E-3	-4,467785E-6
-20,600000E-3	-4,388221E-6
-19,900000E-3	-4,347818E-6
-18,900000E-3	-4,345449E-6
-18,200000E-3	-4,379696E-6
-17,500000E-3	-4,449138E-6
-16,800000E-3	-4,552519E-6
-15,800000E-3	-4,686020E-6
-15,100000E-3	-4,846251E-6
-14,400000E-3	-5,028968E-6
-13,400000E-3	-5,230014E-6
-12,700000E-3	-5,442484E-6
-11,600000E-3	-5,661502E-6
-11,000000E-3	-5,883369E-6
-10,300000E-3	-6,106253E-6
-9,700000E-3	-6,326966E-6
-9,000000E-3	-6,541092E-6
-8,000000E-3	-6,744660E-6
-7,200000E-3	-6,934788E-6
-6,200000E-3	-7,111194E-6
-5,500000E-3	-7,274321E-6
-4,500000E-3	-7,433849E-6
-3,800000E-3	-7,569610E-6
-3,100000E-3	-7,691528E-6
-2,300000E-3	-7,796797E-6
-1,300000E-3	-7,883305E-6
-600,000000E-6	-7,951369E-6
400,000000E-6	-8,003373E-6
1,200000E-3	-8,039808E-6
2,200000E-3	-8,059940E-6
2,800000E-3	-8,059820E-6
3,500000E-3	-8,039475E-6
4,300000E-3	-7,994740E-6
5,300000E-3	-7,927534E-6
6,000000E-3	-7,846534E-6
6,600000E-3	-7,754450E-6
7,600000E-3	-7,653261E-6
8,700000E-3	-7,544502E-6
9,400000E-3	-7,429521E-6
10,000000E-3	-7,309934E-6
10,800000E-3	-7,187225E-6
11,500000E-3	-7,061239E-6
12,400000E-3	-6,928905E-6
13,100000E-3	-6,789596E-6
14,100000E-3	-6,645653E-6
14,900000E-3	-6,497674E-6
15,900000E-3	-6,346569E-6
16,500000E-3	-6,192105E-6
17,200000E-3	-6,034659E-6
17,900000E-3	-5,874600E-6
18,600000E-3	-5,714139E-6
19,600000E-3	-5,544715E-6
20,500000E-3	-5,388365E-6
21,300000E-3	-5,239112E-6
22,000000E-3	-5,102432E-6
23,100000E-3	-4,982951E-6
23,100000E-3	-4,883862E-6
24,400000E-3	-4,802917E-6
25,100000E-3	-4,743880E-6
26,100000E-3	-4,711455E-6
26,800000E-3	-4,709051E-6
27,500000E-3	-4,741193E-6
28,500000E-3	-4,811368E-6
29,200000E-3	-4,921078E-6
30,200000E-3	-5,072345E-6
30,900000E-3	-5,267457E-6
31,600000E-3	-5,522803E-6
32,300000E-3	-5,806267E-6
33,300000E-3	-6,133585E-6
33,900000E-3	-6,507049E-6
34,700000E-3	-6,921415E-6
35,700000E-3	-7,373465E-6
36,700000E-3	-7,860604E-6
37,400000E-3	-8,384277E-6
38,100000E-3	-8,946401E-6
38,800000E-3	-9,542670E-6
39,500000E-3	-10,165263E-6
40,500000E-3	-10,811287E-6
41,100000E-3	-11,479576E-6
42,100000E-3	-12,168239E-6
42,800000E-3	-12,873206E-6
43,900000E-3	-13,593220E-6
44,600000E-3	-14,348187E-6
45,300000E-3	-15,103282E-6
45,900000E-3	-15,835037E-6
46,900000E-3	-16,562866E-6
47,600000E-3	-17,285226E-6
48,400000E-3	-17,997094E-6
49,400000E-3	-18,693974E-6
50,100000E-3	-19,369153E-6
51,100000E-3	-20,020107E-6
51,800000E-3	-20,641134E-6
52,500000E-3	-21,262185E-6
53,500000E-3	-21,824903E-6
54,200000E-3	-22,343071E-6
54,900000E-3	-22,795906E-6
55,600000E-3	-23,193287E-6
56,600000E-3	-23,531246E-6
57,500000E-3	-23,805108E-6
58,300000E-3	-24,008153E-6
59,000000E-3	-24,136189E-6
59,600000E-3	-24,183460E-6
60,600000E-3	-24,141068E-6
61,300000E-3	-23,998219E-6
62,000000E-3	-23,739927E-6
63,000000E-3	-23,350870E-6
63,700000E-3	-22,820964E-6
64,700000E-3	-22,150044E-6
65,400000E-3	-21,332160E-6
66,100000E-3	-20,291270E-6
67,100000E-3	-19,146110E-6
67,800000E-3	-17,841261E-6
68,500000E-3	-16,386424E-6
69,200000E-3	-14,789919E-6
70,300000E-3	-13,063380E-6
71,000000E-3	-11,218167E-6
72,000000E-3	-9,265282E-6
72,700000E-3	-6,949608E-6
73,700000E-3	-4,822608E-6
74,300000E-3	-2,644113E-6
75,100000E-3	-440,889776E-9
75,700000E-3	1,767590E-6
76,800000E-3	4,094038E-6
77,700000E-3	6,250767E-6
78,500000E-3	8,361227E-6
79,200000E-3	10,418692E-6
80,200000E-3	12,533368E-6
80,900000E-3	14,452086E-6
81,600000E-3	16,354824E-6
82,600000E-3	18,166980E-6
83,300000E-3	19,839338E-6
84,000000E-3	21,428986E-6
84,700000E-3	22,932540E-6
85,600000E-3	24,441495E-6
86,700000E-3	25,788402E-6
87,400000E-3	27,071424E-6
88,100000E-3	28,292579E-6
89,100000E-3	29,522567E-6
89,800000E-3	30,655466E-6
90,500000E-3	31,721708E-6
91,200000E-3	32,699300E-6
92,200000E-3	33,625568E-6
92,900000E-3	34,504125E-6
94,000000E-3	35,337295E-6
94,600000E-3	36,122931E-6
95,700000E-3	36,904280E-6
96,400000E-3	37,589088E-6
97,000000E-3	38,231766E-6
98,100000E-3	38,838026E-6
98,800000E-3	39,407042E-6
99,500000E-3	39,953140E-6
100,300000E-3	40,455029E-6
101,100000E-3	40,898880E-6
102,200000E-3	41,300279E-6
102,800000E-3	41,659087E-6
103,500000E-3	41,974666E-6
104,300000E-3	42,245042E-6
105,300000E-3	42,470022E-6
106,000000E-3	42,648123E-6
106,600000E-3	42,779440E-6
107,600000E-3	42,865386E-6
108,300000E-3	42,906612E-6
109,300000E-3	42,900975E-6
110,000000E-3	42,845784E-6
110,700000E-3	42,746275E-6
111,400000E-3	42,605104E-6
112,400000E-3	42,424494E-6
113,100000E-3	42,206973E-6
114,000000E-3	41,957164E-6
114,900000E-3	41,683838E-6
115,900000E-3	41,396251E-6
116,600000E-3	41,100119E-6
117,200000E-3	40,797523E-6
117,900000E-3	40,488590E-6
118,600000E-3	40,172455E-6
119,600000E-3	39,827206E-6
120,400000E-3	39,499658E-6
121,300000E-3	39,170143E-6
122,300000E-3	38,821934E-6
123,100000E-3	38,501733E-6
123,700000E-3	38,194755E-6
124,400000E-3	37,905319E-6
125,100000E-3	37,633949E-6
126,100000E-3	37,378360E-6
126,700000E-3	37,138222E-6
127,800000E-3	36,913608E-6
128,600000E-3	36,696879E-6
129,500000E-3	36,496135E-6
130,200000E-3	36,317405E-6
130,900000E-3	36,153109E-6
131,600000E-3	36,003610E-6
132,300000E-3	35,870855E-6
133,200000E-3	35,747860E-6
133,800000E-3	35,646619E-6
134,900000E-3	35,558066E-6
135,800000E-3	35,480807E-6
136,600000E-3	35,410374E-6
137,300000E-3	35,354076E-6
138,300000E-3	35,306922E-6
139,000000E-3	35,267781E-6
139,700000E-3	35,235546E-6
140,400000E-3	35,206684E-6
141,400000E-3	35,177643E-6
142,100000E-3	35,147414E-6
142,800000E-3	35,116779E-6
143,800000E-3	35,083652E-6
144,500000E-3	35,044523E-6
145,500000E-3	34,998693E-6
146,100000E-3	34,945694E-6
146,800000E-3	34,885739E-6
147,600000E-3	34,816754E-6
148,600000E-3	34,739227E-6
149,200000E-3	34,652123E-6
150,200000E-3	34,553295E-6
150,900000E-3	34,444135E-6
152,000000E-3	34,324491E-6
152,600000E-3	34,192541E-6
153,300000E-3	34,046538E-6
154,200000E-3	33,888953E-6
154,800000E-3	33,723129E-6
155,900000E-3	33,549595E-6
156,600000E-3	33,366765E-6
157,600000E-3	33,166847E-6
158,300000E-3	32,956995E-6
159,300000E-3	32,744476E-6
160,000000E-3	32,526407E-6
160,700000E-3	32,306057E-6
161,400000E-3	32,085572E-6
162,100000E-3	31,863323E-6
163,100000E-3	31,623764E-6
163,800000E-3	31,393706E-6
164,800000E-3	31,159489E-6
165,800000E-3	30,907412E-6
166,500000E-3	30,659747E-6
167,200000E-3	30,410595E-6
168,200000E-3	30,149927E-6
168,900000E-3	29,902207E-6
169,500000E-3	29,653727E-6
170,200000E-3	29,405969E-6
171,300000E-3	29,159773E-6
172,000000E-3	28,916458E-6
173,000000E-3	28,674549E-6
173,700000E-3	28,433380E-6
174,000000E-3	28,194361E-6
175,400000E-3	27,951751E-6
176,000000E-3	27,713330E-6
176,700000E-3	27,482948E-6
177,700000E-3	27,254546E-6
178,500000E-3	27,029215E-6
179,100000E-3	26,808868E-6
179,800000E-3	26,593614E-6
180,800000E-3	26,382336E-6
181,700000E-3	26,172602E-6
182,600000E-3	25,964563E-6
183,300000E-3	25,759098E-6
184,000000E-3	25,556292E-6
184,900000E-3	25,355177E-6
185,600000E-3	25,149095E-6
186,300000E-3	24,945120E-6
187,200000E-3	24,747466E-6
188,000000E-3	24,550374E-6
188,900000E-3	24,352765E-6
189,900000E-3	24,152384E-6
190,500000E-3	23,948620E-6
191,100000E-3	23,744875E-6
192,100000E-3	23,541239E-6
192,800000E-3	23,335692E-6
193,800000E-3	23,128829E-6
194,500000E-3	22,921238E-6
195,400000E-3	22,705810E-6
196,200000E-3	22,491152E-6
196,900000E-3	22,269526E-6
197,600000E-3	22,059796E-6
198,700000E-3	21,848033E-6
199,300000E-3	21,634012E-6
200,000000E-3	21,419667E-6
200,700000E-3	21,208652E-6
201,700000E-3	21,001336E-6
202,400000E-3	20,795319E-6
203,100000E-3	20,587534E-6
204,100000E-3	20,377246E-6
205,200000E-3	20,167297E-6
205,900000E-3	19,961325E-6
206,800000E-3	19,756241E-6
207,600000E-3	19,551094E-6
208,300000E-3	19,345795E-6
208,900000E-3	19,140674E-6
209,500000E-3	18,936066E-6
210,600000E-3	18,731758E-6
211,300000E-3	18,526280E-6
212,400000E-3	18,320523E-6
213,000000E-3	18,115461E-6
213,700000E-3	17,898899E-6
214,700000E-3	17,688475E-6
215,400000E-3	17,479310E-6
216,400000E-3	17,278724E-6
217,100000E-3	17,081570E-6
217,800000E-3	16,886256E-6
218,800000E-3	16,692958E-6
219,500000E-3	16,502366E-6
220,500000E-3	16,301564E-6
221,200000E-3	16,114705E-6
221,900000E-3	15,932948E-6
222,900000E-3	15,745538E-6
223,600000E-3	15,571875E-6
224,300000E-3	15,399356E-6
225,000000E-3	15,228105E-6
226,100000E-3	15,059978E-6
226,800000E-3	14,894180E-6
227,800000E-3	14,730261E-6
228,400000E-3	14,569327E-6
229,200000E-3	14,411789E-6
230,200000E-3	14,247259E-6
230,800000E-3	14,094536E-6
231,600000E-3	13,942324E-6
232,400000E-3	13,790099E-6
233,100000E-3	13,633747E-6
233,800000E-3	13,479302E-6
234,800000E-3	13,330117E-6
235,800000E-3	13,182549E-6
236,500000E-3	13,037760E-6
237,200000E-3	12,880423E-6
238,200000E-3	12,742450E-6
238,900000E-3	12,602576E-6
239,600000E-3	12,453563E-6
240,300000E-3	12,315837E-6
241,300000E-3	12,177898E-6
242,000000E-3	12,043482E-6
243,000000E-3	11,913900E-6
243,400000E-3	11,785512E-6
244,500000E-3	11,659461E-6
245,600000E-3	11,533968E-6
246,300000E-3	11,408969E-6
246,600000E-3	11,284436E-6
248,000000E-3	11,159357E-6
248,700000E-3	11,034411E-6
249,400000E-3	10,912145E-6
250,100000E-3	10,793727E-6
251,100000E-3	10,674310E-6
251,800000E-3	10,556332E-6
252,700000E-3	10,440780E-6
253,600000E-3	10,325149E-6
254,500000E-3	10,212177E-6
255,300000E-3	10,102416E-6
256,000000E-3	9,987594E-6
256,700000E-3	9,880221E-6
257,600000E-3	9,772085E-6
258,400000E-3	9,661551E-6
259,100000E-3	9,549442E-6
259,900000E-3	9,438931E-6
260,800000E-3	9,330632E-6
261,800000E-3	9,224917E-6
262,500000E-3	9,121223E-6
263,200000E-3	9,019841E-6
263,900000E-3	8,920698E-6
265,000000E-3	8,821792E-6
265,700000E-3	8,722562E-6
266,300000E-3	8,623360E-6
267,200000E-3	8,525018E-6
268,100000E-3	8,428549E-6
269,000000E-3	8,333518E-6
269,700000E-3	8,239573E-6
270,400000E-3	8,139141E-6
271,500000E-3	8,047304E-6
272,100000E-3	7,960132E-6
272,900000E-3	7,875367E-6
273,500000E-3	7,792805E-6
274,600000E-3	7,712986E-6
275,200000E-3	7,636367E-6
276,000000E-3	7,561749E-6
277,000000E-3	7,486137E-6
277,700000E-3	7,407325E-6
278,700000E-3	7,327202E-6
279,400000E-3	7,251277E-6
280,100000E-3	7,179038E-6
280,800000E-3	7,108998E-6
281,900000E-3	7,040072E-6
282,500000E-3	6,971237E-6
283,200000E-3	6,905269E-6
283,900000E-3	6,842147E-6
284,900000E-3	6,779533E-6
286,000000E-3	6,717497E-6
286,700000E-3	6,657179E-6
287,300000E-3	6,593146E-6
288,400000E-3	6,532333E-6
289,100000E-3	6,471777E-6
289,700000E-3	6,408555E-6
290,500000E-3	6,350813E-6
291,500000E-3	6,293394E-6
292,200000E-3	6,235984E-6
292,900000E-3	6,177959E-6
293,900000E-3	6,119502E-6
294,600000E-3	6,062273E-6
295,600000E-3	6,007985E-6
296,300000E-3	5,956637E-6
297,000000E-3	5,904126E-6
297,700000E-3	5,855336E-6
298,700000E-3	5,804076E-6
299,400000E-3	5,752316E-6
300,000000E-3	5,702700E-6
300,600000E-3	5,654805E-6
300,900000E-3	5,609787E-6
301,200000E-3	5,568788E-6
301,300000E-3	5,531607E-6
301,300000E-3	5,498354E-6
301,300000E-3	5,470007E-6
301,200000E-3	5,448077E-6
301,100000E-3	5,432886E-6
301,000000E-3	5,426368E-6
300,800000E-3	5,426013E-6
300,700000E-3	5,428381E-6
300,600000E-3	5,431402E-6
