-300,000000E-3	6,203020E-6
-300,000000E-3	6,202929E-6
-299,900000E-3	6,202352E-6
-299,500000E-3	6,201749E-6
-299,200000E-3	6,203452E-6
-298,500000E-3	6,208958E-6
-297,700000E-3	6,217362E-6
-297,500000E-3	6,228431E-6
-296,600000E-3	6,241359E-6
-296,100000E-3	6,257936E-6
-295,400000E-3	6,278362E-6
-294,400000E-3	6,302676E-6
-293,800000E-3	6,331182E-6
-293,200000E-3	6,362111E-6
-292,200000E-3	6,395366E-6
-291,800000E-3	6,426281E-6
-290,800000E-3	6,459105E-6
-290,100000E-3	6,494045E-6
-289,400000E-3	6,532081E-6
-288,500000E-3	6,572968E-6
-287,600000E-3	6,618543E-6
-286,900000E-3	6,664415E-6
-286,100000E-3	6,709831E-6
-285,400000E-3	6,753918E-6
-284,500000E-3	6,797521E-6
-283,700000E-3	6,842900E-6
-283,000000E-3	6,891424E-6
-282,200000E-3	6,941569E-6
-281,500000E-3	6,991669E-6
-280,500000E-3	7,042983E-6
-279,600000E-3	7,105017E-6
-279,000000E-3	7,160965E-6
-278,200000E-3	7,215858E-6
-277,100000E-3	7,271847E-6
-276,800000E-3	7,327512E-6
-275,700000E-3	7,382904E-6
-275,000000E-3	7,440158E-6
-274,300000E-3	7,500308E-6
-273,200000E-3	7,562182E-6
-272,400000E-3	7,623791E-6
-271,700000E-3	7,683858E-6
-271,000000E-3	7,742923E-6
-269,900000E-3	7,805509E-6
-269,200000E-3	7,870433E-6
-268,500000E-3	7,935483E-6
-267,800000E-3	8,001967E-6
-266,700000E-3	8,070325E-6
-265,900000E-3	8,139881E-6
-265,200000E-3	8,208860E-6
-264,600000E-3	8,277330E-6
-263,800000E-3	8,348128E-6
-263,100000E-3	8,423140E-6
-262,000000E-3	8,500220E-6
-261,300000E-3	8,577351E-6
-260,600000E-3	8,654706E-6
-259,900000E-3	8,736113E-6
-258,700000E-3	8,818467E-6
-258,000000E-3	8,898914E-6
-257,300000E-3	8,985271E-6
-256,200000E-3	9,067920E-6
-255,500000E-3	9,151140E-6
-254,800000E-3	9,234693E-6
-253,700000E-3	9,319658E-6
-253,000000E-3	9,408331E-6
-252,200000E-3	9,499815E-6
-251,500000E-3	9,591463E-6
-250,800000E-3	9,686670E-6
-249,700000E-3	9,781639E-6
-249,300000E-3	9,874046E-6
-248,300000E-3	9,968193E-6
-247,200000E-3	10,077323E-6
-246,400000E-3	10,176206E-6
-245,700000E-3	10,275288E-6
-244,600000E-3	10,373782E-6
-244,200000E-3	10,471886E-6
-243,500000E-3	10,570515E-6
-242,500000E-3	10,670202E-6
-241,800000E-3	10,775256E-6
-240,700000E-3	10,882090E-6
-240,000000E-3	10,987607E-6
-239,200000E-3	11,093692E-6
-238,300000E-3	11,199807E-6
-237,600000E-3	11,305769E-6
-236,600000E-3	11,411364E-6
-235,900000E-3	11,518342E-6
-235,200000E-3	11,626920E-6
-234,400000E-3	11,749522E-6
-233,600000E-3	11,863841E-6
-232,700000E-3	11,987614E-6
-232,000000E-3	12,102746E-6
-231,200000E-3	12,218091E-6
-230,500000E-3	12,333178E-6
-229,400000E-3	12,447075E-6
-228,700000E-3	12,559936E-6
-228,000000E-3	12,673619E-6
-227,200000E-3	12,788921E-6
-226,500000E-3	12,905528E-6
-225,400000E-3	13,024214E-6
-224,700000E-3	13,145621E-6
-224,100000E-3	13,272339E-6
-222,900000E-3	13,397086E-6
-222,500000E-3	13,517230E-6
-221,800000E-3	13,637888E-6
-220,700000E-3	13,760069E-6
-219,900000E-3	13,883181E-6
-219,200000E-3	14,013672E-6
-218,600000E-3	14,135900E-6
-217,400000E-3	14,258830E-6
-216,700000E-3	14,384579E-6
-215,500000E-3	14,512513E-6
-214,900000E-3	14,644713E-6
-214,100000E-3	14,775523E-6
-213,300000E-3	14,903653E-6
-212,500000E-3	15,035098E-6
-211,900000E-3	15,171460E-6
-211,100000E-3	15,311792E-6
-210,200000E-3	15,453401E-6
-209,300000E-3	15,595022E-6
-208,600000E-3	15,737936E-6
-207,800000E-3	15,882905E-6
-207,100000E-3	16,030020E-6
-206,400000E-3	16,179080E-6
-205,200000E-3	16,330198E-6
-204,500000E-3	16,489194E-6
-203,700000E-3	16,650536E-6
-202,600000E-3	16,809739E-6
-201,900000E-3	16,980387E-6
-201,500000E-3	17,143555E-6
-200,500000E-3	17,309110E-6
-199,400000E-3	17,476301E-6
-198,600000E-3	17,643337E-6
-197,900000E-3	17,809886E-6
-197,300000E-3	17,977794E-6
-196,400000E-3	18,148730E-6
-195,400000E-3	18,333779E-6
-194,600000E-3	18,508076E-6
-193,900000E-3	18,680902E-6
-193,200000E-3	18,854686E-6
-192,500000E-3	19,041255E-6
-191,600000E-3	19,217385E-6
-190,900000E-3	19,392374E-6
-189,700000E-3	19,565899E-6
-189,000000E-3	19,737811E-6
-188,300000E-3	19,910069E-6
-187,500000E-3	20,083099E-6
-186,800000E-3	20,256032E-6
-185,600000E-3	20,434528E-6
-185,000000E-3	20,612372E-6
-184,200000E-3	20,786591E-6
-183,500000E-3	20,963132E-6
-182,600000E-3	21,150903E-6
-182,000000E-3	21,328061E-6
-181,200000E-3	21,507342E-6
-180,100000E-3	21,690231E-6
-179,700000E-3	21,874391E-6
-178,600000E-3	22,056407E-6
-177,900000E-3	22,235501E-6
-177,100000E-3	22,419660E-6
-176,000000E-3	22,605442E-6
-175,300000E-3	22,789368E-6
-174,500000E-3	22,976731E-6
-173,800000E-3	23,165114E-6
-173,000000E-3	23,353248E-6
-172,300000E-3	23,541863E-6
-171,500000E-3	23,731901E-6
-170,800000E-3	23,921958E-6
-170,000000E-3	24,111409E-6
-168,900000E-3	24,300452E-6
-168,600000E-3	24,491038E-6
-167,400000E-3	24,683113E-6
-166,600000E-3	24,875135E-6
-165,500000E-3	25,065711E-6
-164,800000E-3	25,256874E-6
-164,100000E-3	25,448493E-6
-163,300000E-3	25,639500E-6
-162,600000E-3	25,829649E-6
-161,800000E-3	26,018561E-6
-161,100000E-3	26,216601E-6
-160,300000E-3	26,400889E-6
-159,600000E-3	26,583292E-6
-158,500000E-3	26,761881E-6
-157,700000E-3	26,935420E-6
-157,000000E-3	27,111188E-6
-155,900000E-3	27,285282E-6
-155,500000E-3	27,464894E-6
-154,500000E-3	27,632424E-6
-153,700000E-3	27,796659E-6
-152,700000E-3	27,955594E-6
-151,900000E-3	28,108144E-6
-151,200000E-3	28,256404E-6
-150,500000E-3	28,403926E-6
-149,800000E-3	28,551383E-6
-149,100000E-3	28,698262E-6
-148,000000E-3	28,843439E-6
-147,500000E-3	28,985722E-6
-146,600000E-3	29,122823E-6
-145,600000E-3	29,256585E-6
-144,800000E-3	29,388104E-6
-144,400000E-3	29,515941E-6
-143,500000E-3	29,639963E-6
-142,700000E-3	29,759925E-6
-141,700000E-3	29,876404E-6
-141,000000E-3	29,996235E-6
-140,300000E-3	30,106696E-6
-139,300000E-3	30,215026E-6
-138,500000E-3	30,321414E-6
-137,800000E-3	30,429590E-6
-136,900000E-3	30,535620E-6
-136,000000E-3	30,638898E-6
-135,200000E-3	30,750056E-6
-134,500000E-3	30,855076E-6
-133,700000E-3	30,961365E-6
-133,000000E-3	31,068568E-6
-131,800000E-3	31,175387E-6
-131,500000E-3	31,282481E-6
-130,400000E-3	31,392110E-6
-129,600000E-3	31,505838E-6
-128,500000E-3	31,629026E-6
-127,700000E-3	31,756986E-6
-127,000000E-3	31,885469E-6
-126,200000E-3	32,019078E-6
-125,500000E-3	32,169017E-6
-124,800000E-3	32,320894E-6
-124,000000E-3	32,483424E-6
-123,300000E-3	32,655419E-6
-122,200000E-3	32,838255E-6
-121,400000E-3	33,031885E-6
-120,700000E-3	33,234454E-6
-119,900000E-3	33,444368E-6
-119,200000E-3	33,667696E-6
-118,000000E-3	33,897655E-6
-117,300000E-3	34,128736E-6
-116,600000E-3	34,366679E-6
-115,800000E-3	34,608016E-6
-115,100000E-3	34,864365E-6
-114,300000E-3	35,102130E-6
-113,600000E-3	35,337334E-6
-112,500000E-3	35,570557E-6
-111,800000E-3	35,799820E-6
-111,000000E-3	36,021929E-6
-110,200000E-3	36,244153E-6
-109,100000E-3	36,455455E-6
-108,400000E-3	36,647616E-6
-107,600000E-3	36,823001E-6
-106,900000E-3	36,977495E-6
-106,100000E-3	37,110641E-6
-105,400000E-3	37,227010E-6
-104,600000E-3	37,308114E-6
-103,900000E-3	37,357703E-6
-102,700000E-3	37,373796E-6
-102,000000E-3	37,353960E-6
-101,200000E-3	37,295525E-6
-100,500000E-3	37,194432E-6
-99,800000E-3	37,044004E-6
-98,700000E-3	36,865299E-6
-98,000000E-3	36,645466E-6
-97,100000E-3	36,383120E-6
-96,500000E-3	36,058593E-6
-95,600000E-3	35,708858E-6
-95,000000E-3	35,315385E-6
-93,800000E-3	34,877793E-6
-93,100000E-3	34,399285E-6
-92,300000E-3	33,861775E-6
-91,600000E-3	33,283574E-6
-90,800000E-3	32,679504E-6
-90,100000E-3	32,033447E-6
-89,300000E-3	31,347098E-6
-88,200000E-3	30,620639E-6
-87,500000E-3	29,855803E-6
-86,700000E-3	29,000666E-6
-86,000000E-3	28,154492E-6
-85,200000E-3	27,268017E-6
-84,100000E-3	26,338330E-6
-83,800000E-3	25,366435E-6
-83,000000E-3	24,315679E-6
-81,900000E-3	23,216338E-6
-80,800000E-3	22,097091E-6
-80,400000E-3	20,923650E-6
-79,200000E-3	19,696678E-6
-78,500000E-3	18,410479E-6
-77,800000E-3	17,063957E-6
-77,000000E-3	15,565895E-6
-76,200000E-3	14,097619E-6
-75,600000E-3	12,572323E-6
-74,800000E-3	10,992305E-6
-73,900000E-3	9,298071E-6
-73,000000E-3	7,556914E-6
-72,300000E-3	5,818504E-6
-71,400000E-3	4,040292E-6
-70,700000E-3	2,228547E-6
-69,800000E-3	398,664752E-9
-69,000000E-3	-1,435628E-6
-68,200000E-3	-3,259044E-6
-67,400000E-3	-5,058498E-6
-66,400000E-3	-6,931340E-6
-65,700000E-3	-8,643407E-6
-64,900000E-3	-10,287805E-6
-64,100000E-3	-11,904345E-6
-63,300000E-3	-13,415702E-6
-62,400000E-3	-14,774318E-6
-61,600000E-3	-16,018510E-6
-60,900000E-3	-17,140722E-6
-60,200000E-3	-18,137209E-6
-59,500000E-3	-19,006833E-6
-58,500000E-3	-19,750482E-6
-57,400000E-3	-20,368018E-6
-57,100000E-3	-20,865040E-6
-56,000000E-3	-21,247431E-6
-55,200000E-3	-21,524201E-6
-54,500000E-3	-21,708595E-6
-53,500000E-3	-21,798593E-6
-53,200000E-3	-21,802093E-6
-52,200000E-3	-21,728952E-6
-51,400000E-3	-21,583495E-6
-50,700000E-3	-21,371126E-6
-49,700000E-3	-21,099953E-6
-48,800000E-3	-20,777439E-6
-48,100000E-3	-20,406085E-6
-47,400000E-3	-19,989464E-6
-46,400000E-3	-19,532621E-6
-45,700000E-3	-19,042344E-6
-44,800000E-3	-18,522053E-6
-44,100000E-3	-17,972856E-6
-43,100000E-3	-17,404810E-6
-42,800000E-3	-16,822273E-6
-41,800000E-3	-16,231300E-6
-40,800000E-3	-15,633826E-6
-40,100000E-3	-15,031996E-6
-39,200000E-3	-14,428401E-6
-38,700000E-3	-13,824749E-6
-37,500000E-3	-13,223821E-6
-36,900000E-3	-12,629856E-6
-36,200000E-3	-12,045624E-6
-35,200000E-3	-11,471711E-6
-34,500000E-3	-10,910523E-6
-33,700000E-3	-10,345000E-6
-32,700000E-3	-9,735125E-6
-31,900000E-3	-9,226140E-6
-31,200000E-3	-8,735528E-6
-30,200000E-3	-8,268903E-6
-29,600000E-3	-7,829786E-6
-28,700000E-3	-7,420247E-6
-27,900000E-3	-7,042042E-6
-27,200000E-3	-6,694534E-6
-26,500000E-3	-6,357475E-6
-25,700000E-3	-6,070548E-6
-24,700000E-3	-5,816180E-6
-23,900000E-3	-5,593259E-6
-22,900000E-3	-5,401443E-6
-22,200000E-3	-5,240719E-6
-21,600000E-3	-5,111965E-6
-20,600000E-3	-5,014169E-6
-19,900000E-3	-4,947418E-6
-19,200000E-3	-4,911569E-6
-18,200000E-3	-4,908853E-6
-17,700000E-3	-4,932822E-6
-16,700000E-3	-4,988498E-6
-15,600000E-3	-5,067744E-6
-15,000000E-3	-5,167447E-6
-13,900000E-3	-5,286946E-6
-13,300000E-3	-5,422461E-6
-12,600000E-3	-5,569313E-6
-11,800000E-3	-5,720849E-6
-10,800000E-3	-5,873215E-6
-10,000000E-3	-6,033865E-6
-9,300000E-3	-6,184248E-6
-8,700000E-3	-6,334623E-6
-7,800000E-3	-6,483065E-6
-6,800000E-3	-6,626117E-6
-6,000000E-3	-6,760603E-6
-5,300000E-3	-6,884853E-6
-4,700000E-3	-6,998391E-6
-3,700000E-3	-7,107208E-6
-3,000000E-3	-7,196439E-6
-1,900000E-3	-7,272414E-6
-1,300000E-3	-7,336622E-6
-300,000000E-6	-7,389404E-6
400,000000E-6	-7,430609E-6
1,400000E-3	-7,460284E-6
2,100000E-3	-7,478800E-6
2,800000E-3	-7,483360E-6
3,800000E-3	-7,469358E-6
4,400000E-3	-7,437421E-6
5,400000E-3	-7,390014E-6
6,300000E-3	-7,329799E-6
6,800000E-3	-7,259857E-6
7,800000E-3	-7,182146E-6
8,400000E-3	-7,098960E-6
9,300000E-3	-7,011803E-6
10,200000E-3	-6,921288E-6
10,800000E-3	-6,827090E-6
11,800000E-3	-6,728968E-6
12,400000E-3	-6,623778E-6
13,200000E-3	-6,514745E-6
14,100000E-3	-6,405558E-6
15,100000E-3	-6,295121E-6
15,800000E-3	-6,184061E-6
16,500000E-3	-6,072527E-6
17,500000E-3	-5,963314E-6
18,100000E-3	-5,850212E-6
19,100000E-3	-5,745825E-6
19,800000E-3	-5,644509E-6
20,500000E-3	-5,549007E-6
21,300000E-3	-5,462543E-6
22,100000E-3	-5,386494E-6
23,200000E-3	-5,326972E-6
23,800000E-3	-5,285751E-6
24,500000E-3	-5,261463E-6
25,300000E-3	-5,256332E-6
26,200000E-3	-5,273650E-6
27,100000E-3	-5,315521E-6
27,800000E-3	-5,395159E-6
28,800000E-3	-5,498260E-6
29,500000E-3	-5,633907E-6
30,500000E-3	-5,816433E-6
31,400000E-3	-6,024639E-6
32,100000E-3	-6,266701E-6
32,800000E-3	-6,540926E-6
33,400000E-3	-6,846515E-6
34,400000E-3	-7,182810E-6
35,400000E-3	-7,549665E-6
36,100000E-3	-7,949302E-6
36,700000E-3	-8,381104E-6
37,400000E-3	-8,842651E-6
38,400000E-3	-9,329689E-6
39,300000E-3	-9,839501E-6
40,000000E-3	-10,369634E-6
40,700000E-3	-10,953171E-6
41,700000E-3	-11,516551E-6
42,400000E-3	-12,092340E-6
43,200000E-3	-12,680091E-6
44,100000E-3	-13,277167E-6
44,700000E-3	-13,880886E-6
45,700000E-3	-14,485001E-6
46,400000E-3	-15,083597E-6
47,200000E-3	-15,674102E-6
48,000000E-3	-16,254772E-6
48,700000E-3	-16,823907E-6
49,600000E-3	-17,378108E-6
50,400000E-3	-17,929284E-6
51,300000E-3	-18,448083E-6
51,900000E-3	-18,919795E-6
53,000000E-3	-19,358224E-6
53,600000E-3	-19,761943E-6
54,300000E-3	-20,126252E-6
55,300000E-3	-20,446979E-6
56,300000E-3	-20,717816E-6
56,900000E-3	-20,931471E-6
57,300000E-3	-21,083554E-6
58,500000E-3	-21,171285E-6
59,100000E-3	-21,190500E-6
60,100000E-3	-21,134411E-6
61,000000E-3	-20,993066E-6
61,700000E-3	-20,759571E-6
62,400000E-3	-20,426660E-6
63,400000E-3	-19,926415E-6
64,200000E-3	-19,362760E-6
65,000000E-3	-18,683407E-6
66,000000E-3	-17,883782E-6
66,700000E-3	-16,961741E-6
67,400000E-3	-15,916467E-6
68,100000E-3	-14,754342E-6
69,000000E-3	-13,479925E-6
70,000000E-3	-12,005219E-6
70,600000E-3	-10,518139E-6
71,300000E-3	-8,940516E-6
72,000000E-3	-7,283050E-6
73,000000E-3	-5,556112E-6
74,000000E-3	-3,774230E-6
74,600000E-3	-1,956899E-6
75,300000E-3	-121,667600E-9
76,000000E-3	1,721077E-6
76,900000E-3	3,555855E-6
78,000000E-3	5,374185E-6
78,700000E-3	7,164403E-6
79,300000E-3	8,921238E-6
80,000000E-3	10,641863E-6
80,900000E-3	12,303969E-6
81,700000E-3	13,909979E-6
82,700000E-3	15,453535E-6
83,400000E-3	16,933340E-6
84,100000E-3	18,431080E-6
84,900000E-3	19,855553E-6
85,600000E-3	21,134121E-6
86,600000E-3	22,352029E-6
87,300000E-3	23,512742E-6
88,300000E-3	24,723313E-6
89,000000E-3	25,805687E-6
90,100000E-3	26,921641E-6
91,000000E-3	27,856974E-6
91,800000E-3	28,740838E-6
92,400000E-3	29,675175E-6
93,500000E-3	30,456474E-6
94,100000E-3	31,193741E-6
94,800000E-3	31,886393E-6
95,500000E-3	32,558210E-6
96,500000E-3	33,184230E-6
97,600000E-3	33,753748E-6
98,200000E-3	34,319232E-6
98,500000E-3	34,813557E-6
100,000000E-3	35,268506E-6
100,600000E-3	35,684301E-6
101,600000E-3	36,062533E-6
102,400000E-3	36,404955E-6
103,000000E-3	36,709584E-6
104,100000E-3	36,973964E-6
104,800000E-3	37,206013E-6
105,400000E-3	37,395227E-6
106,400000E-3	37,544074E-6
107,300000E-3	37,642671E-6
108,200000E-3	37,705045E-6
108,800000E-3	37,734267E-6
109,500000E-3	37,727985E-6
110,200000E-3	37,686170E-6
111,200000E-3	37,610580E-6
111,900000E-3	37,501934E-6
112,900000E-3	37,363002E-6
113,600000E-3	37,190867E-6
114,600000E-3	36,997249E-6
115,300000E-3	36,793877E-6
116,300000E-3	36,566109E-6
116,300000E-3	36,342971E-6
117,700000E-3	36,111448E-6
118,600000E-3	35,870932E-6
119,400000E-3	35,623745E-6
120,100000E-3	35,356116E-6
120,900000E-3	35,102339E-6
121,800000E-3	34,848261E-6
122,500000E-3	34,595027E-6
123,200000E-3	34,346923E-6
124,100000E-3	34,107099E-6
124,900000E-3	33,878103E-6
125,900000E-3	33,659324E-6
126,600000E-3	33,450745E-6
127,300000E-3	33,241561E-6
127,900000E-3	33,057606E-6
129,000000E-3	32,885755E-6
129,600000E-3	32,725868E-6
130,300000E-3	32,577606E-6
131,300000E-3	32,440652E-6
132,200000E-3	32,311100E-6
133,100000E-3	32,186620E-6
133,700000E-3	32,081417E-6
134,800000E-3	31,984326E-6
135,500000E-3	31,896955E-6
136,100000E-3	31,814828E-6
136,800000E-3	31,745877E-6
137,800000E-3	31,683619E-6
138,600000E-3	31,626736E-6
139,500000E-3	31,573538E-6
139,900000E-3	31,523314E-6
141,400000E-3	31,475644E-6
142,000000E-3	31,430176E-6
142,700000E-3	31,385217E-6
143,400000E-3	31,338821E-6
144,100000E-3	31,287555E-6
145,100000E-3	31,228903E-6
145,800000E-3	31,164088E-6
146,800000E-3	31,095670E-6
147,500000E-3	31,023499E-6
148,400000E-3	30,940306E-6
149,200000E-3	30,853247E-6
149,900000E-3	30,757485E-6
150,600000E-3	30,650810E-6
151,600000E-3	30,537041E-6
152,400000E-3	30,418302E-6
153,200000E-3	30,291858E-6
153,900000E-3	30,159036E-6
154,700000E-3	30,020837E-6
155,400000E-3	29,876077E-6
156,200000E-3	29,714009E-6
157,100000E-3	29,553345E-6
158,100000E-3	29,385572E-6
158,800000E-3	29,210897E-6
159,500000E-3	29,019175E-6
160,500000E-3	28,835987E-6
161,200000E-3	28,649485E-6
161,900000E-3	28,460332E-6
162,800000E-3	28,269921E-6
163,600000E-3	28,075963E-6
164,600000E-3	27,877655E-6
165,300000E-3	27,677078E-6
166,000000E-3	27,461167E-6
166,700000E-3	27,254701E-6
167,700000E-3	27,048630E-6
168,400000E-3	26,843583E-6
169,100000E-3	26,630181E-6
170,100000E-3	26,417161E-6
170,800000E-3	26,211323E-6
171,200000E-3	26,005683E-6
172,500000E-3	25,801441E-6
173,500000E-3	25,599552E-6
174,200000E-3	25,397436E-6
175,200000E-3	25,182188E-6
175,900000E-3	24,982598E-6
176,600000E-3	24,787629E-6
177,600000E-3	24,594378E-6
178,300000E-3	24,394221E-6
178,900000E-3	24,195737E-6
179,800000E-3	24,006381E-6
180,700000E-3	23,819754E-6
181,600000E-3	23,636674E-6
182,000000E-3	23,456497E-6
183,100000E-3	23,277549E-6
183,700000E-3	23,098818E-6
184,400000E-3	22,920394E-6
185,500000E-3	22,742267E-6
186,200000E-3	22,565902E-6
187,200000E-3	22,393125E-6
188,000000E-3	22,223169E-6
188,500000E-3	22,040589E-6
189,600000E-3	21,864850E-6
190,200000E-3	21,686936E-6
190,900000E-3	21,508016E-6
192,000000E-3	21,329745E-6
192,600000E-3	21,152792E-6
193,500000E-3	20,976241E-6
194,400000E-3	20,800188E-6
195,000000E-3	20,603473E-6
196,100000E-3	20,426688E-6
196,700000E-3	20,239591E-6
197,400000E-3	20,051992E-6
197,800000E-3	19,870597E-6
199,200000E-3	19,690652E-6
200,200000E-3	19,512003E-6
200,900000E-3	19,333362E-6
201,600000E-3	19,155873E-6
202,300000E-3	18,979845E-6
203,000000E-3	18,804520E-6
204,000000E-3	18,629384E-6
204,700000E-3	18,454359E-6
205,400000E-3	18,267696E-6
206,400000E-3	18,085598E-6
207,400000E-3	17,904364E-6
208,100000E-3	17,717449E-6
208,800000E-3	17,541509E-6
209,800000E-3	17,366814E-6
210,500000E-3	17,192846E-6
211,100000E-3	17,019190E-6
211,900000E-3	16,846406E-6
212,900000E-3	16,675612E-6
213,600000E-3	16,506616E-6
214,600000E-3	16,338714E-6
215,300000E-3	16,165152E-6
216,300000E-3	15,993365E-6
216,700000E-3	15,827524E-6
217,900000E-3	15,662273E-6
218,600000E-3	15,499191E-6
219,200000E-3	15,338974E-6
220,200000E-3	15,180249E-6
220,900000E-3	15,021897E-6
221,700000E-3	14,863469E-6
222,700000E-3	14,705471E-6
223,600000E-3	14,549355E-6
224,400000E-3	14,396374E-6
225,000000E-3	14,247279E-6
225,800000E-3	14,095777E-6
226,800000E-3	13,947407E-6
227,400000E-3	13,805807E-6
228,100000E-3	13,665961E-6
229,000000E-3	13,527832E-6
229,900000E-3	13,375067E-6
230,900000E-3	13,241086E-6
231,600000E-3	13,108504E-6
232,600000E-3	12,969164E-6
233,300000E-3	12,839440E-6
234,000000E-3	12,710988E-6
234,700000E-3	12,583592E-6
235,400000E-3	12,456280E-6
236,400000E-3	12,330117E-6
237,000000E-3	12,206019E-6
238,000000E-3	12,084400E-6
238,700000E-3	11,964929E-6
239,800000E-3	11,846784E-6
240,400000E-3	11,729599E-6
241,200000E-3	11,613397E-6
241,800000E-3	11,497863E-6
242,500000E-3	11,382969E-6
243,600000E-3	11,269521E-6
244,200000E-3	11,153598E-6
245,300000E-3	11,032000E-6
245,900000E-3	10,921545E-6
246,900000E-3	10,811873E-6
247,600000E-3	10,703881E-6
248,300000E-3	10,597961E-6
249,400000E-3	10,493429E-6
250,100000E-3	10,390002E-6
250,900000E-3	10,286979E-6
251,900000E-3	10,184289E-6
252,900000E-3	10,067671E-6
253,600000E-3	9,963587E-6
254,300000E-3	9,858841E-6
255,300000E-3	9,748202E-6
256,000000E-3	9,646453E-6
256,700000E-3	9,546889E-6
257,400000E-3	9,449646E-6
258,400000E-3	9,355983E-6
259,100000E-3	9,265429E-6
260,100000E-3	9,175426E-6
260,800000E-3	9,084819E-6
261,500000E-3	8,994931E-6
262,100000E-3	8,903243E-6
263,200000E-3	8,812661E-6
263,900000E-3	8,724203E-6
264,700000E-3	8,634650E-6
265,600000E-3	8,544982E-6
266,300000E-3	8,457788E-6
267,000000E-3	8,373990E-6
267,700000E-3	8,292511E-6
268,700000E-3	8,212565E-6
269,700000E-3	8,134891E-6
270,400000E-3	8,058780E-6
271,100000E-3	7,981820E-6
271,800000E-3	7,901639E-6
272,800000E-3	7,823139E-6
273,500000E-3	7,749151E-6
274,500000E-3	7,675845E-6
275,400000E-3	7,598020E-6
276,200000E-3	7,525407E-6
277,000000E-3	7,454253E-6
277,600000E-3	7,384826E-6
278,200000E-3	7,317415E-6
279,300000E-3	7,251999E-6
280,000000E-3	7,188160E-6
280,900000E-3	7,125314E-6
281,700000E-3	7,062497E-6
282,800000E-3	7,002523E-6
283,400000E-3	6,945580E-6
284,100000E-3	6,888345E-6
285,200000E-3	6,827506E-6
285,800000E-3	6,771217E-6
286,500000E-3	6,716887E-6
287,200000E-3	6,664093E-6
288,300000E-3	6,608094E-6
289,000000E-3	6,553753E-6
289,900000E-3	6,496621E-6
290,700000E-3	6,441332E-6
291,700000E-3	6,390174E-6
292,300000E-3	6,340698E-6
293,000000E-3	6,291789E-6
293,700000E-3	6,242771E-6
294,800000E-3	6,194591E-6
295,400000E-3	6,146826E-6
296,100000E-3	6,098239E-6
297,200000E-3	6,049560E-6
297,900000E-3	6,002599E-6
298,500000E-3	5,957985E-6
299,300000E-3	5,915075E-6
