-300,000000E-3	6,407952E-6
-300,000000E-3	6,415679E-6
-299,900000E-3	6,415641E-6
-299,800000E-3	6,415795E-6
-299,500000E-3	6,416176E-6
-299,000000E-3	6,416006E-6
-298,400000E-3	6,415666E-6
-297,800000E-3	6,417446E-6
-297,200000E-3	6,424653E-6
-296,600000E-3	6,438450E-6
-296,100000E-3	6,457102E-6
-295,300000E-3	6,478617E-6
-294,600000E-3	6,502780E-6
-294,000000E-3	6,528369E-6
-293,100000E-3	6,554201E-6
-292,500000E-3	6,581832E-6
-291,700000E-3	6,612493E-6
-290,800000E-3	6,646914E-6
-290,100000E-3	6,678924E-6
-289,100000E-3	6,711142E-6
-288,500000E-3	6,746028E-6
-287,900000E-3	6,783986E-6
-287,200000E-3	6,823730E-6
-286,200000E-3	6,865128E-6
-285,300000E-3	6,905750E-6
-284,400000E-3	6,944705E-6
-283,700000E-3	6,984435E-6
-282,700000E-3	7,027432E-6
-282,000000E-3	7,072888E-6
-281,300000E-3	7,120727E-6
-280,700000E-3	7,165039E-6
-279,700000E-3	7,210138E-6
-278,900000E-3	7,257490E-6
-278,000000E-3	7,306283E-6
-277,300000E-3	7,355448E-6
-276,400000E-3	7,407532E-6
-275,600000E-3	7,460105E-6
-274,900000E-3	7,510865E-6
-274,200000E-3	7,562247E-6
-273,100000E-3	7,614013E-6
-272,400000E-3	7,665396E-6
-271,800000E-3	7,717438E-6
-271,100000E-3	7,771582E-6
-270,000000E-3	7,827519E-6
-269,200000E-3	7,884011E-6
-268,300000E-3	7,940495E-6
-267,700000E-3	7,997316E-6
-267,000000E-3	8,057515E-6
-266,000000E-3	8,119389E-6
-265,300000E-3	8,179644E-6
-264,700000E-3	8,239960E-6
-263,700000E-3	8,302392E-6
-262,900000E-3	8,367887E-6
-261,900000E-3	8,434837E-6
-261,200000E-3	8,501703E-6
-260,500000E-3	8,571964E-6
-259,500000E-3	8,637450E-6
-258,700000E-3	8,704119E-6
-258,100000E-3	8,781022E-6
-257,100000E-3	8,855521E-6
-256,300000E-3	8,928323E-6
-255,700000E-3	9,000287E-6
-254,600000E-3	9,071297E-6
-253,900000E-3	9,142789E-6
-253,100000E-3	9,216265E-6
-252,200000E-3	9,293792E-6
-251,500000E-3	9,380528E-6
-250,500000E-3	9,463748E-6
-249,800000E-3	9,545989E-6
-249,100000E-3	9,628923E-6
-248,400000E-3	9,711316E-6
-247,300000E-3	9,792383E-6
-246,600000E-3	9,875698E-6
-245,900000E-3	9,966754E-6
-244,900000E-3	10,052773E-6
-243,900000E-3	10,138108E-6
-243,200000E-3	10,224197E-6
-242,500000E-3	10,316360E-6
-241,400000E-3	10,402269E-6
-240,800000E-3	10,486569E-6
-240,100000E-3	10,573686E-6
-239,400000E-3	10,662815E-6
-238,400000E-3	10,751812E-6
-237,700000E-3	10,843014E-6
-236,900000E-3	10,941490E-6
-236,200000E-3	11,035340E-6
-235,200000E-3	11,130165E-6
-234,200000E-3	11,226026E-6
-233,500000E-3	11,328177E-6
-232,800000E-3	11,424413E-6
-231,700000E-3	11,524392E-6
-231,000000E-3	11,629834E-6
-230,400000E-3	11,726292E-6
-229,400000E-3	11,823019E-6
-228,700000E-3	11,919619E-6
-228,000000E-3	12,016896E-6
-227,300000E-3	12,116469E-6
-226,200000E-3	12,217766E-6
-225,400000E-3	12,319131E-6
-224,500000E-3	12,427580E-6
-223,900000E-3	12,531265E-6
-222,800000E-3	12,640285E-6
-222,100000E-3	12,763142E-6
-221,100000E-3	12,869183E-6
-220,400000E-3	12,973928E-6
-219,700000E-3	13,083639E-6
-218,600000E-3	13,187328E-6
-218,000000E-3	13,293047E-6
-217,200000E-3	13,401508E-6
-216,500000E-3	13,512161E-6
-215,700000E-3	13,623665E-6
-214,800000E-3	13,739744E-6
-213,900000E-3	13,857743E-6
-213,100000E-3	13,974622E-6
-212,400000E-3	14,092942E-6
-211,400000E-3	14,211916E-6
-210,600000E-3	14,331609E-6
-210,000000E-3	14,466213E-6
-209,000000E-3	14,585409E-6
-208,300000E-3	14,706285E-6
-207,600000E-3	14,843776E-6
-206,500000E-3	14,976766E-6
-205,800000E-3	15,107429E-6
-205,200000E-3	15,238837E-6
-204,200000E-3	15,371011E-6
-203,100000E-3	15,504932E-6
-202,400000E-3	15,640865E-6
-201,700000E-3	15,778839E-6
-201,000000E-3	15,927066E-6
-200,000000E-3	16,068615E-6
-199,300000E-3	16,212023E-6
-198,600000E-3	16,356922E-6
-197,900000E-3	16,506710E-6
-196,800000E-3	16,655686E-6
-196,100000E-3	16,800739E-6
-195,300000E-3	16,955769E-6
-194,400000E-3	17,102955E-6
-193,400000E-3	17,249781E-6
-192,700000E-3	17,395296E-6
-192,000000E-3	17,540761E-6
-191,300000E-3	17,686757E-6
-190,200000E-3	17,832286E-6
-189,600000E-3	17,976864E-6
-188,900000E-3	18,128522E-6
-188,200000E-3	18,283120E-6
-187,100000E-3	18,433547E-6
-186,400000E-3	18,582862E-6
-185,500000E-3	18,740398E-6
-184,800000E-3	18,889300E-6
-183,700000E-3	19,040729E-6
-183,000000E-3	19,195427E-6
-182,300000E-3	19,360700E-6
-181,700000E-3	19,514748E-6
-180,600000E-3	19,668260E-6
-179,900000E-3	19,826170E-6
-179,300000E-3	19,982777E-6
-178,200000E-3	20,135626E-6
-177,500000E-3	20,291529E-6
-176,800000E-3	20,449558E-6
-175,900000E-3	20,607058E-6
-175,000000E-3	20,762811E-6
-174,000000E-3	20,916746E-6
-173,300000E-3	21,070848E-6
-172,600000E-3	21,237089E-6
-171,900000E-3	21,396894E-6
-170,900000E-3	21,558892E-6
-170,200000E-3	21,721394E-6
-169,500000E-3	21,881942E-6
-168,500000E-3	22,041680E-6
-167,800000E-3	22,201834E-6
-167,000000E-3	22,362099E-6
-166,100000E-3	22,531877E-6
-165,400000E-3	22,691986E-6
-164,400000E-3	22,852013E-6
-163,600000E-3	23,010607E-6
-163,000000E-3	23,184921E-6
-162,000000E-3	23,343732E-6
-161,300000E-3	23,512102E-6
-160,600000E-3	23,665289E-6
-159,600000E-3	23,816572E-6
-158,900000E-3	23,966280E-6
-157,900000E-3	24,126136E-6
-157,100000E-3	24,277854E-6
-156,100000E-3	24,427888E-6
-155,400000E-3	24,574178E-6
-154,700000E-3	24,724196E-6
-153,700000E-3	24,864930E-6
-153,000000E-3	25,008438E-6
-152,300000E-3	25,137463E-6
-151,300000E-3	25,266080E-6
-150,500000E-3	25,394849E-6
-149,800000E-3	25,530714E-6
-149,200000E-3	25,656288E-6
-148,200000E-3	25,778331E-6
-147,100000E-3	25,897052E-6
-146,400000E-3	26,020585E-6
-145,400000E-3	26,133880E-6
-144,700000E-3	26,243643E-6
-144,000000E-3	26,352073E-6
-143,300000E-3	26,458725E-6
-142,600000E-3	26,562429E-6
-141,600000E-3	26,662718E-6
-140,900000E-3	26,761083E-6
-139,900000E-3	26,858783E-6
-139,200000E-3	26,961623E-6
-138,300000E-3	27,056180E-6
-137,400000E-3	27,148712E-6
-136,800000E-3	27,249905E-6
-135,700000E-3	27,346102E-6
-135,000000E-3	27,440420E-6
-134,300000E-3	27,541564E-6
-133,700000E-3	27,636937E-6
-132,700000E-3	27,732284E-6
-131,900000E-3	27,827729E-6
-131,300000E-3	27,923281E-6
-130,300000E-3	28,019868E-6
-129,200000E-3	28,120222E-6
-128,500000E-3	28,225633E-6
-127,800000E-3	28,350956E-6
-126,800000E-3	28,466376E-6
-126,100000E-3	28,584597E-6
-125,400000E-3	28,714036E-6
-124,700000E-3	28,841383E-6
-123,700000E-3	28,975835E-6
-123,000000E-3	29,118810E-6
-122,300000E-3	29,269972E-6
-121,300000E-3	29,428782E-6
-120,600000E-3	29,593189E-6
-119,500000E-3	29,760160E-6
-118,900000E-3	29,934495E-6
-118,100000E-3	30,112476E-6
-117,200000E-3	30,291010E-6
-116,400000E-3	30,475099E-6
-115,700000E-3	30,672661E-6
-115,000000E-3	30,856002E-6
-114,100000E-3	31,034351E-6
-113,400000E-3	31,206588E-6
-112,400000E-3	31,383157E-6
-111,600000E-3	31,544116E-6
-110,600000E-3	31,697808E-6
-109,900000E-3	31,848836E-6
-109,200000E-3	31,990016E-6
-108,200000E-3	32,115034E-6
-107,500000E-3	32,224296E-6
-106,800000E-3	32,315317E-6
-106,100000E-3	32,388806E-6
-105,400000E-3	32,443128E-6
-104,400000E-3	32,473525E-6
-103,500000E-3	32,476900E-6
-102,700000E-3	32,452560E-6
-102,000000E-3	32,399638E-6
-101,300000E-3	32,316887E-6
-100,200000E-3	32,197499E-6
-99,500000E-3	32,032161E-6
-98,600000E-3	31,844574E-6
-97,900000E-3	31,623807E-6
-97,100000E-3	31,370045E-6
-96,500000E-3	31,082701E-6
-95,600000E-3	30,758347E-6
-94,800000E-3	30,394815E-6
-93,700000E-3	29,991386E-6
-93,000000E-3	29,492849E-6
-92,000000E-3	28,994837E-6
-91,300000E-3	28,430466E-6
-90,600000E-3	27,877736E-6
-89,600000E-3	27,287581E-6
-88,900000E-3	26,660655E-6
-88,200000E-3	25,953410E-6
-87,500000E-3	25,249514E-6
-86,500000E-3	24,505291E-6
-85,800000E-3	23,721286E-6
-84,800000E-3	22,899016E-6
-84,000000E-3	22,009922E-6
-83,000000E-3	21,086097E-6
-82,300000E-3	20,151009E-6
-81,600000E-3	19,172958E-6
-81,000000E-3	18,150601E-6
-79,900000E-3	17,081509E-6
-79,200000E-3	15,965035E-6
-78,600000E-3	14,801066E-6
-77,700000E-3	13,589058E-6
-76,900000E-3	12,334169E-6
-75,800000E-3	11,037191E-6
-75,100000E-3	9,701130E-6
-74,400000E-3	8,326065E-6
-73,800000E-3	6,864838E-6
-72,700000E-3	5,375087E-6
-72,000000E-3	3,901561E-6
-71,300000E-3	2,405481E-6
-70,400000E-3	897,796276E-9
-69,600000E-3	-614,806948E-9
-68,600000E-3	-2,121086E-6
-67,900000E-3	-3,608563E-6
-67,200000E-3	-5,069585E-6
-66,500000E-3	-6,493988E-6
-65,400000E-3	-7,873947E-6
-64,800000E-3	-9,195271E-6
-64,100000E-3	-10,493630E-6
-63,000000E-3	-11,710170E-6
-62,400000E-3	-12,808858E-6
-61,700000E-3	-13,819128E-6
-60,600000E-3	-14,735359E-6
-59,900000E-3	-15,556074E-6
-59,000000E-3	-16,280341E-6
-58,200000E-3	-16,907494E-6
-57,500000E-3	-17,439606E-6
-56,800000E-3	-17,880358E-6
-56,100000E-3	-18,231044E-6
-55,200000E-3	-18,496324E-6
-54,400000E-3	-18,682787E-6
-53,500000E-3	-18,803122E-6
-52,700000E-3	-18,848040E-6
-51,600000E-3	-18,830733E-6
-51,000000E-3	-18,753709E-6
-50,300000E-3	-18,620098E-6
-49,500000E-3	-18,434810E-6
-48,500000E-3	-18,203643E-6
-47,900000E-3	-17,930260E-6
-47,200000E-3	-17,619022E-6
-46,300000E-3	-17,274294E-6
-45,400000E-3	-16,900384E-6
-44,600000E-3	-16,500126E-6
-43,800000E-3	-16,062494E-6
-43,100000E-3	-15,606711E-6
-42,400000E-3	-15,150871E-6
-41,400000E-3	-14,684076E-6
-40,700000E-3	-14,207375E-6
-40,000000E-3	-13,722261E-6
-39,300000E-3	-13,231927E-6
-38,200000E-3	-12,740647E-6
-37,400000E-3	-12,250066E-6
-36,500000E-3	-11,762672E-6
-35,800000E-3	-11,279691E-6
-35,100000E-3	-10,807149E-6
-34,100000E-3	-10,332444E-6
-33,400000E-3	-9,874044E-6
-32,700000E-3	-9,415946E-6
-31,600000E-3	-8,999576E-6
-31,000000E-3	-8,597601E-6
-30,300000E-3	-8,211194E-6
-29,300000E-3	-7,842875E-6
-28,600000E-3	-7,497859E-6
-27,600000E-3	-7,179424E-6
-26,900000E-3	-6,888138E-6
-26,200000E-3	-6,604853E-6
-25,200000E-3	-6,352848E-6
-24,500000E-3	-6,127222E-6
-23,800000E-3	-5,934578E-6
-23,100000E-3	-5,765413E-6
-22,100000E-3	-5,621316E-6
-21,400000E-3	-5,504705E-6
-20,300000E-3	-5,414591E-6
-19,600000E-3	-5,348766E-6
-19,000000E-3	-5,305502E-6
-18,000000E-3	-5,284096E-6
-17,200000E-3	-5,284355E-6
-16,500000E-3	-5,307564E-6
-15,500000E-3	-5,348406E-6
-14,900000E-3	-5,404411E-6
-14,100000E-3	-5,475044E-6
-13,300000E-3	-5,557721E-6
-12,400000E-3	-5,648997E-6
-11,500000E-3	-5,744578E-6
-10,700000E-3	-5,848697E-6
-10,000000E-3	-5,949514E-6
-9,000000E-3	-6,051718E-6
-8,200000E-3	-6,154198E-6
-7,600000E-3	-6,264580E-6
-6,600000E-3	-6,364364E-6
-5,800000E-3	-6,457506E-6
-5,200000E-3	-6,546184E-6
-4,500000E-3	-6,626458E-6
-3,400000E-3	-6,697967E-6
-2,700000E-3	-6,763234E-6
-1,600000E-3	-6,821900E-6
-900,000000E-6	-6,874786E-6
100,000000E-6	-6,915179E-6
800,000000E-6	-6,946399E-6
1,500000E-3	-6,969503E-6
2,300000E-3	-6,980778E-6
3,300000E-3	-6,980376E-6
4,000000E-3	-6,966252E-6
4,600000E-3	-6,938736E-6
5,600000E-3	-6,901177E-6
6,400000E-3	-6,857916E-6
7,200000E-3	-6,809996E-6
8,000000E-3	-6,756799E-6
8,800000E-3	-6,699216E-6
9,600000E-3	-6,637891E-6
10,700000E-3	-6,571677E-6
11,400000E-3	-6,500664E-6
12,100000E-3	-6,424629E-6
12,800000E-3	-6,347499E-6
13,900000E-3	-6,270312E-6
14,700000E-3	-6,191251E-6
15,400000E-3	-6,107802E-6
16,000000E-3	-6,032292E-6
17,000000E-3	-5,959597E-6
17,900000E-3	-5,889705E-6
18,600000E-3	-5,821115E-6
19,300000E-3	-5,763899E-6
20,100000E-3	-5,712176E-6
21,000000E-3	-5,667995E-6
21,800000E-3	-5,634457E-6
22,600000E-3	-5,613107E-6
23,300000E-3	-5,605450E-6
24,100000E-3	-5,612048E-6
25,000000E-3	-5,633114E-6
25,800000E-3	-5,670177E-6
26,600000E-3	-5,726218E-6
27,300000E-3	-5,802450E-6
28,100000E-3	-5,899845E-6
28,800000E-3	-6,021090E-6
29,700000E-3	-6,168114E-6
30,600000E-3	-6,348906E-6
31,300000E-3	-6,557387E-6
32,100000E-3	-6,787529E-6
33,100000E-3	-7,043268E-6
33,900000E-3	-7,322033E-6
34,600000E-3	-7,622963E-6
35,300000E-3	-7,947337E-6
36,000000E-3	-8,296269E-6
37,100000E-3	-8,666594E-6
37,800000E-3	-9,056202E-6
38,500000E-3	-9,463682E-6
39,200000E-3	-9,888426E-6
40,000000E-3	-10,343468E-6
41,100000E-3	-10,810666E-6
41,800000E-3	-11,273408E-6
42,500000E-3	-11,744532E-6
43,200000E-3	-12,222228E-6
44,400000E-3	-12,704711E-6
45,100000E-3	-13,188375E-6
45,800000E-3	-13,670050E-6
46,500000E-3	-14,146949E-6
47,600000E-3	-14,614434E-6
48,300000E-3	-15,070051E-6
49,000000E-3	-15,537025E-6
49,800000E-3	-15,972755E-6
50,900000E-3	-16,385721E-6
51,600000E-3	-16,784408E-6
52,700000E-3	-17,130337E-6
53,400000E-3	-17,442597E-6
54,100000E-3	-17,717450E-6
54,800000E-3	-17,965087E-6
55,600000E-3	-18,153950E-6
56,700000E-3	-18,295289E-6
57,400000E-3	-18,384583E-6
58,100000E-3	-18,419140E-6
59,200000E-3	-18,393327E-6
60,000000E-3	-18,304912E-6
60,600000E-3	-18,147192E-6
61,400000E-3	-17,914934E-6
62,500000E-3	-17,583111E-6
63,200000E-3	-17,186436E-6
63,900000E-3	-16,703710E-6
64,600000E-3	-16,132561E-6
65,400000E-3	-15,468989E-6
66,500000E-3	-14,711801E-6
67,200000E-3	-13,859878E-6
67,900000E-3	-12,881483E-6
68,600000E-3	-11,747677E-6
69,700000E-3	-10,623851E-6
70,500000E-3	-9,421114E-6
71,200000E-3	-8,145936E-6
71,900000E-3	-6,803476E-6
72,800000E-3	-5,404781E-6
73,500000E-3	-3,962401E-6
74,400000E-3	-2,485964E-6
75,200000E-3	-889,042450E-9
75,800000E-3	683,227555E-9
76,600000E-3	2,253636E-6
77,700000E-3	3,864832E-6
78,300000E-3	5,368258E-6
79,100000E-3	6,851225E-6
80,200000E-3	8,310517E-6
80,900000E-3	9,825583E-6
81,600000E-3	11,214170E-6
82,300000E-3	12,559353E-6
83,200000E-3	13,857746E-6
84,200000E-3	15,104939E-6
84,900000E-3	16,342776E-6
85,600000E-3	17,522742E-6
86,300000E-3	18,620613E-6
87,400000E-3	19,673752E-6
88,200000E-3	20,682967E-6
88,900000E-3	21,645235E-6
89,600000E-3	22,561542E-6
90,500000E-3	23,430743E-6
91,300000E-3	24,255820E-6
92,000000E-3	25,038741E-6
92,700000E-3	25,779921E-6
93,500000E-3	26,480489E-6
94,400000E-3	27,161602E-6
95,200000E-3	27,797890E-6
96,100000E-3	28,374690E-6
97,000000E-3	28,914681E-6
97,700000E-3	29,418638E-6
98,500000E-3	29,886946E-6
99,400000E-3	30,345022E-6
100,200000E-3	30,740753E-6
101,000000E-3	31,102929E-6
101,200000E-3	31,432737E-6
102,600000E-3	31,728090E-6
103,400000E-3	31,989368E-6
104,200000E-3	32,225158E-6
104,900000E-3	32,426014E-6
105,700000E-3	32,587983E-6
106,400000E-3	32,718275E-6
107,600000E-3	32,816311E-6
108,200000E-3	32,883150E-6
109,100000E-3	32,921888E-6
109,800000E-3	32,933356E-6
110,600000E-3	32,916640E-6
111,200000E-3	32,869566E-6
112,300000E-3	32,801536E-6
113,000000E-3	32,708407E-6
113,700000E-3	32,593160E-6
114,800000E-3	32,462011E-6
115,500000E-3	32,317692E-6
116,200000E-3	32,164981E-6
117,200000E-3	32,004006E-6
118,000000E-3	31,834164E-6
118,700000E-3	31,655543E-6
119,600000E-3	31,470400E-6
120,500000E-3	31,280736E-6
121,200000E-3	31,076633E-6
121,900000E-3	30,883410E-6
122,300000E-3	30,685493E-6
123,600000E-3	30,493146E-6
124,300000E-3	30,312726E-6
125,100000E-3	30,138013E-6
125,800000E-3	29,968517E-6
126,600000E-3	29,804864E-6
127,700000E-3	29,650184E-6
128,400000E-3	29,504627E-6
129,200000E-3	29,366770E-6
129,900000E-3	29,235549E-6
131,100000E-3	29,110843E-6
131,800000E-3	28,993418E-6
132,500000E-3	28,879792E-6
133,300000E-3	28,774415E-6
134,000000E-3	28,678611E-6
134,800000E-3	28,588595E-6
135,500000E-3	28,503671E-6
136,200000E-3	28,423699E-6
137,000000E-3	28,349907E-6
138,100000E-3	28,283072E-6
138,900000E-3	28,220479E-6
139,600000E-3	28,158486E-6
140,800000E-3	28,093102E-6
141,400000E-3	28,035153E-6
142,200000E-3	27,980260E-6
142,900000E-3	27,928085E-6
143,700000E-3	27,876450E-6
144,600000E-3	27,822886E-6
145,300000E-3	27,766483E-6
146,000000E-3	27,703214E-6
146,800000E-3	27,631593E-6
147,500000E-3	27,554604E-6
148,300000E-3	27,475904E-6
149,000000E-3	27,395082E-6
150,200000E-3	27,309051E-6
150,900000E-3	27,215379E-6
152,000000E-3	27,110797E-6
152,800000E-3	27,000616E-6
153,500000E-3	26,889737E-6
154,300000E-3	26,774578E-6
155,000000E-3	26,654834E-6
155,700000E-3	26,530844E-6
156,500000E-3	26,400653E-6
157,500000E-3	26,261791E-6
158,200000E-3	26,103943E-6
159,000000E-3	25,950295E-6
159,700000E-3	25,797189E-6
160,600000E-3	25,646149E-6
161,400000E-3	25,484174E-6
162,100000E-3	25,329067E-6
163,000000E-3	25,171182E-6
163,900000E-3	25,011270E-6
164,700000E-3	24,849174E-6
165,400000E-3	24,685082E-6
166,200000E-3	24,518234E-6
166,900000E-3	24,348750E-6
168,000000E-3	24,176756E-6
168,400000E-3	24,003822E-6
169,500000E-3	23,831828E-6
170,200000E-3	23,660749E-6
170,900000E-3	23,483613E-6
172,000000E-3	23,307097E-6
172,800000E-3	23,137639E-6
173,400000E-3	22,969649E-6
174,200000E-3	22,801484E-6
175,300000E-3	22,622151E-6
176,100000E-3	22,455218E-6
176,800000E-3	22,292137E-6
177,600000E-3	22,130751E-6
178,300000E-3	21,968179E-6
179,000000E-3	21,805552E-6
180,000000E-3	21,638909E-6
180,900000E-3	21,455308E-6
181,600000E-3	21,298322E-6
182,400000E-3	21,142730E-6
183,100000E-3	20,988291E-6
183,900000E-3	20,833681E-6
184,500000E-3	20,678737E-6
185,700000E-3	20,524284E-6
186,700000E-3	20,362523E-6
187,500000E-3	20,212185E-6
188,200000E-3	20,055714E-6
189,100000E-3	19,887836E-6
190,000000E-3	19,735363E-6
190,700000E-3	19,586032E-6
191,600000E-3	19,428873E-6
192,500000E-3	19,280397E-6
193,200000E-3	19,130654E-6
193,900000E-3	18,979130E-6
194,600000E-3	18,826107E-6
195,700000E-3	18,672677E-6
196,400000E-3	18,518766E-6
197,100000E-3	18,359002E-6
198,200000E-3	18,200624E-6
198,900000E-3	18,048845E-6
199,600000E-3	17,899046E-6
200,300000E-3	17,749638E-6
201,400000E-3	17,579993E-6
202,200000E-3	17,427055E-6
202,900000E-3	17,272673E-6
203,700000E-3	17,111006E-6
204,400000E-3	16,956952E-6
205,200000E-3	16,804869E-6
205,900000E-3	16,657137E-6
207,000000E-3	16,509709E-6
207,800000E-3	16,362267E-6
208,600000E-3	16,213751E-6
209,200000E-3	16,064374E-6
210,300000E-3	15,916084E-6
211,000000E-3	15,769547E-6
211,700000E-3	15,624656E-6
212,100000E-3	15,481511E-6
213,100000E-3	15,340605E-6
214,200000E-3	15,199626E-6
214,500000E-3	15,052356E-6
215,900000E-3	14,905958E-6
216,600000E-3	14,765314E-6
217,300000E-3	14,626308E-6
218,200000E-3	14,487786E-6
219,100000E-3	14,350049E-6
219,800000E-3	14,215351E-6
220,600000E-3	14,077102E-6
221,400000E-3	13,947820E-6
222,400000E-3	13,816734E-6
223,000000E-3	13,684593E-6
224,000000E-3	13,543902E-6
224,400000E-3	13,415194E-6
225,100000E-3	13,291315E-6
226,200000E-3	13,169941E-6
226,900000E-3	13,049778E-6
227,800000E-3	12,930564E-6
228,600000E-3	12,804027E-6
229,600000E-3	12,683527E-6
230,300000E-3	12,563347E-6
230,900000E-3	12,445315E-6
231,700000E-3	12,330161E-6
232,100000E-3	12,217903E-6
232,700000E-3	12,103642E-6
234,200000E-3	11,992077E-6
235,000000E-3	11,886190E-6
235,300000E-3	11,780609E-6
236,600000E-3	11,673672E-6
237,400000E-3	11,566039E-6
238,200000E-3	11,458665E-6
239,100000E-3	11,352359E-6
239,800000E-3	11,247348E-6
240,800000E-3	11,143438E-6
241,200000E-3	11,039236E-6
242,400000E-3	10,936508E-6
243,100000E-3	10,834253E-6
244,100000E-3	10,734496E-6
244,800000E-3	10,638860E-6
244,800000E-3	10,545037E-6
246,300000E-3	10,452703E-6
247,000000E-3	10,360762E-6
248,000000E-3	10,269027E-6
248,700000E-3	10,178370E-6
249,500000E-3	10,089546E-6
250,300000E-3	10,000850E-6
251,400000E-3	9,910427E-6
252,200000E-3	9,818159E-6
253,000000E-3	9,725412E-6
253,600000E-3	9,633587E-6
254,800000E-3	9,538933E-6
255,500000E-3	9,452443E-6
256,100000E-3	9,368001E-6
256,900000E-3	9,283577E-6
257,800000E-3	9,199328E-6
258,400000E-3	9,117996E-6
259,500000E-3	9,039499E-6
260,100000E-3	8,960864E-6
260,900000E-3	8,881162E-6
261,800000E-3	8,798186E-6
262,700000E-3	8,718925E-6
263,700000E-3	8,636137E-6
264,400000E-3	8,561937E-6
265,000000E-3	8,488805E-6
266,000000E-3	8,416377E-6
267,100000E-3	8,334388E-6
267,700000E-3	8,258964E-6
268,300000E-3	8,181798E-6
269,400000E-3	8,107123E-6
270,100000E-3	8,036046E-6
271,000000E-3	7,964968E-6
271,700000E-3	7,896904E-6
272,800000E-3	7,832371E-6
273,300000E-3	7,768098E-6
274,000000E-3	7,704157E-6
274,900000E-3	7,639763E-6
275,700000E-3	7,575310E-6
276,700000E-3	7,508456E-6
277,300000E-3	7,447010E-6
278,000000E-3	7,385789E-6
279,000000E-3	7,325759E-6
279,800000E-3	7,267019E-6
280,700000E-3	7,209673E-6
280,900000E-3	7,153253E-6
282,300000E-3	7,097814E-6
282,900000E-3	7,045083E-6
283,600000E-3	6,993788E-6
284,600000E-3	6,941392E-6
285,300000E-3	6,888217E-6
286,300000E-3	6,836147E-6
286,900000E-3	6,786139E-6
287,600000E-3	6,738072E-6
288,500000E-3	6,691342E-6
289,400000E-3	6,645231E-6
290,300000E-3	6,598650E-6
290,900000E-3	6,552124E-6
291,500000E-3	6,506390E-6
292,400000E-3	6,461685E-6
293,500000E-3	6,417317E-6
294,300000E-3	6,372247E-6
294,800000E-3	6,326266E-6
295,600000E-3	6,279910E-6
296,600000E-3	6,234932E-6
297,500000E-3	6,192691E-6
298,100000E-3	6,151852E-6
298,800000E-3	6,108747E-6
299,700000E-3	6,066591E-6
