-300,000000E-3	6,529049E-6
-300,000000E-3	6,529109E-6
-300,000000E-3	6,525409E-6
-299,700000E-3	6,522117E-6
-299,400000E-3	6,519560E-6
-299,000000E-3	6,519512E-6
-298,300000E-3	6,524519E-6
-297,700000E-3	6,533544E-6
-297,300000E-3	6,545814E-6
-296,600000E-3	6,560688E-6
-296,100000E-3	6,578407E-6
-295,300000E-3	6,596373E-6
-294,700000E-3	6,617197E-6
-293,700000E-3	6,641298E-6
-293,000000E-3	6,668221E-6
-292,300000E-3	6,697120E-6
-291,600000E-3	6,726824E-6
-290,600000E-3	6,761521E-6
-289,800000E-3	6,793379E-6
-289,100000E-3	6,824305E-6
-288,400000E-3	6,855846E-6
-287,700000E-3	6,887188E-6
-286,900000E-3	6,922952E-6
-286,200000E-3	6,960605E-6
-285,400000E-3	6,998069E-6
-284,400000E-3	7,036686E-6
-283,500000E-3	7,076757E-6
-282,900000E-3	7,117832E-6
-281,800000E-3	7,158490E-6
-281,000000E-3	7,197799E-6
-280,300000E-3	7,237029E-6
-279,500000E-3	7,278431E-6
-278,800000E-3	7,325803E-6
-278,000000E-3	7,373421E-6
-277,300000E-3	7,420965E-6
-276,500000E-3	7,466684E-6
-275,400000E-3	7,511870E-6
-274,600000E-3	7,557699E-6
-273,900000E-3	7,605646E-6
-273,200000E-3	7,655295E-6
-272,000000E-3	7,704689E-6
-271,300000E-3	7,753238E-6
-270,500000E-3	7,802003E-6
-269,800000E-3	7,851911E-6
-269,000000E-3	7,905698E-6
-268,400000E-3	7,958015E-6
-267,600000E-3	8,010681E-6
-266,900000E-3	8,063749E-6
-265,700000E-3	8,120081E-6
-265,000000E-3	8,178001E-6
-264,200000E-3	8,236185E-6
-263,500000E-3	8,294385E-6
-262,700000E-3	8,353043E-6
-261,700000E-3	8,412752E-6
-260,900000E-3	8,474186E-6
-260,200000E-3	8,537113E-6
-259,400000E-3	8,600521E-6
-258,700000E-3	8,666665E-6
-257,900000E-3	8,733152E-6
-257,200000E-3	8,798230E-6
-256,400000E-3	8,864746E-6
-255,300000E-3	8,932150E-6
-254,500000E-3	8,998683E-6
-253,800000E-3	9,065238E-6
-253,000000E-3	9,133081E-6
-251,800000E-3	9,206841E-6
-251,100000E-3	9,277244E-6
-250,400000E-3	9,348816E-6
-249,600000E-3	9,421428E-6
-248,900000E-3	9,499845E-6
-248,200000E-3	9,573651E-6
-247,400000E-3	9,648567E-6
-246,700000E-3	9,725496E-6
-245,500000E-3	9,803825E-6
-244,800000E-3	9,882114E-6
-244,000000E-3	9,960494E-6
-243,300000E-3	10,039058E-6
-242,500000E-3	10,117881E-6
-241,400000E-3	10,197287E-6
-240,700000E-3	10,276214E-6
-239,900000E-3	10,354375E-6
-239,300000E-3	10,435938E-6
-238,500000E-3	10,519776E-6
-237,800000E-3	10,602372E-6
-237,000000E-3	10,685215E-6
-236,300000E-3	10,767718E-6
-235,100000E-3	10,849460E-6
-234,400000E-3	10,932110E-6
-233,600000E-3	11,016762E-6
-232,900000E-3	11,103346E-6
-232,100000E-3	11,190864E-6
-231,000000E-3	11,279342E-6
-230,300000E-3	11,368845E-6
-229,500000E-3	11,460927E-6
-228,800000E-3	11,556805E-6
-228,000000E-3	11,645715E-6
-227,300000E-3	11,735844E-6
-226,500000E-3	11,826275E-6
-225,400000E-3	11,917591E-6
-224,700000E-3	12,010664E-6
-224,000000E-3	12,104452E-6
-223,300000E-3	12,197938E-6
-222,500000E-3	12,290855E-6
-221,400000E-3	12,384341E-6
-220,700000E-3	12,478844E-6
-219,900000E-3	12,577726E-6
-218,800000E-3	12,682571E-6
-218,000000E-3	12,778913E-6
-217,300000E-3	12,876900E-6
-216,600000E-3	12,977013E-6
-215,800000E-3	13,084432E-6
-215,100000E-3	13,186656E-6
-214,300000E-3	13,290746E-6
-213,700000E-3	13,396648E-6
-212,600000E-3	13,503806E-6
-211,900000E-3	13,611892E-6
-211,100000E-3	13,719987E-6
-210,200000E-3	13,827614E-6
-209,500000E-3	13,937438E-6
-208,700000E-3	14,057654E-6
-207,900000E-3	14,173348E-6
-207,100000E-3	14,289748E-6
-206,200000E-3	14,413712E-6
-205,400000E-3	14,531613E-6
-204,500000E-3	14,650898E-6
-203,700000E-3	14,772161E-6
-202,900000E-3	14,894389E-6
-202,100000E-3	15,019763E-6
-201,200000E-3	15,145105E-6
-200,500000E-3	15,267585E-6
-199,500000E-3	15,391103E-6
-198,700000E-3	15,515623E-6
-198,000000E-3	15,642326E-6
-197,200000E-3	15,772490E-6
-196,500000E-3	15,905082E-6
-195,400000E-3	16,038137E-6
-194,700000E-3	16,171238E-6
-193,900000E-3	16,303387E-6
-193,200000E-3	16,434435E-6
-192,200000E-3	16,573516E-6
-191,500000E-3	16,704245E-6
-190,800000E-3	16,834688E-6
-190,100000E-3	16,965515E-6
-189,100000E-3	17,097951E-6
-188,400000E-3	17,231751E-6
-187,700000E-3	17,366168E-6
-186,700000E-3	17,500000E-6
-186,000000E-3	17,633711E-6
-185,000000E-3	17,767172E-6
-184,300000E-3	17,900494E-6
-183,600000E-3	18,034741E-6
-182,900000E-3	18,170316E-6
-182,200000E-3	18,311137E-6
-181,200000E-3	18,452390E-6
-180,200000E-3	18,591424E-6
-179,500000E-3	18,732031E-6
-178,500000E-3	18,873886E-6
-177,800000E-3	19,016633E-6
-177,100000E-3	19,158793E-6
-176,500000E-3	19,299154E-6
-175,800000E-3	19,438529E-6
-174,700000E-3	19,577787E-6
-174,000000E-3	19,718303E-6
-173,100000E-3	19,859752E-6
-172,300000E-3	20,006108E-6
-171,300000E-3	20,151998E-6
-170,600000E-3	20,293206E-6
-170,000000E-3	20,434402E-6
-169,300000E-3	20,576395E-6
-168,600000E-3	20,718643E-6
-167,500000E-3	20,860897E-6
-166,700000E-3	21,004322E-6
-165,800000E-3	21,147602E-6
-165,200000E-3	21,289841E-6
-164,100000E-3	21,440069E-6
-163,400000E-3	21,581185E-6
-162,800000E-3	21,721542E-6
-162,100000E-3	21,859608E-6
-161,100000E-3	21,996283E-6
-160,300000E-3	22,131699E-6
-159,300000E-3	22,266136E-6
-158,600000E-3	22,399403E-6
-157,600000E-3	22,539786E-6
-157,000000E-3	22,670162E-6
-156,300000E-3	22,798494E-6
-155,600000E-3	22,924830E-6
-154,600000E-3	23,048419E-6
-153,800000E-3	23,169249E-6
-152,900000E-3	23,294028E-6
-152,200000E-3	23,432450E-6
-151,100000E-3	23,548495E-6
-150,500000E-3	23,660716E-6
-149,400000E-3	23,778108E-6
-148,700000E-3	23,889440E-6
-148,100000E-3	23,999644E-6
-147,400000E-3	24,106033E-6
-146,700000E-3	24,209597E-6
-145,700000E-3	24,311903E-6
-144,900000E-3	24,415622E-6
-143,900000E-3	24,515456E-6
-142,900000E-3	24,615311E-6
-142,200000E-3	24,708434E-6
-141,500000E-3	24,801891E-6
-140,900000E-3	24,895680E-6
-139,900000E-3	24,987353E-6
-139,100000E-3	25,075481E-6
-138,500000E-3	25,161286E-6
-137,400000E-3	25,246297E-6
-136,800000E-3	25,339778E-6
-135,800000E-3	25,428300E-6
-135,100000E-3	25,513107E-6
-134,000000E-3	25,601381E-6
-133,400000E-3	25,684444E-6
-132,700000E-3	25,769147E-6
-132,000000E-3	25,856442E-6
-130,900000E-3	25,946611E-6
-130,200000E-3	26,038447E-6
-129,300000E-3	26,132015E-6
-128,600000E-3	26,227486E-6
-127,500000E-3	26,335365E-6
-126,800000E-3	26,441062E-6
-126,200000E-3	26,547106E-6
-125,200000E-3	26,662724E-6
-124,500000E-3	26,775227E-6
-123,800000E-3	26,890352E-6
-123,100000E-3	27,009390E-6
-122,100000E-3	27,144542E-6
-121,100000E-3	27,279916E-6
-120,300000E-3	27,420479E-6
-119,700000E-3	27,563462E-6
-118,700000E-3	27,708411E-6
-118,000000E-3	27,853140E-6
-117,300000E-3	27,998473E-6
-116,600000E-3	28,146127E-6
-115,800000E-3	28,295312E-6
-114,900000E-3	28,442721E-6
-113,900000E-3	28,585938E-6
-113,200000E-3	28,724361E-6
-112,500000E-3	28,856848E-6
-111,500000E-3	28,983522E-6
-110,800000E-3	29,105484E-6
-110,200000E-3	29,221775E-6
-109,400000E-3	29,327904E-6
-108,400000E-3	29,422555E-6
-107,400000E-3	29,500620E-6
-106,700000E-3	29,560029E-6
-106,000000E-3	29,602965E-6
-105,000000E-3	29,629764E-6
-104,300000E-3	29,635470E-6
-103,600000E-3	29,619552E-6
-102,900000E-3	29,579965E-6
-102,000000E-3	29,511118E-6
-101,200000E-3	29,418960E-6
-100,200000E-3	29,292934E-6
-99,200000E-3	29,127320E-6
-98,500000E-3	28,946923E-6
-97,900000E-3	28,736698E-6
-97,200000E-3	28,492946E-6
-96,500000E-3	28,214856E-6
-95,700000E-3	27,902701E-6
-94,700000E-3	27,557417E-6
-94,100000E-3	27,179147E-6
-93,000000E-3	26,743085E-6
-92,000000E-3	26,298956E-6
-91,300000E-3	25,803055E-6
-90,600000E-3	25,271431E-6
-89,600000E-3	24,721544E-6
-88,900000E-3	24,138274E-6
-88,200000E-3	23,522172E-6
-87,500000E-3	22,872413E-6
-86,500000E-3	22,187033E-6
-85,800000E-3	21,464120E-6
-84,800000E-3	20,704212E-6
-84,100000E-3	19,908554E-6
-83,400000E-3	19,076803E-6
-82,400000E-3	18,210621E-6
-81,800000E-3	17,276367E-6
-81,000000E-3	16,307484E-6
-80,000000E-3	15,265122E-6
-79,300000E-3	14,243150E-6
-78,300000E-3	13,179436E-6
-77,600000E-3	12,076617E-6
-76,600000E-3	10,865347E-6
-75,900000E-3	9,689832E-6
-75,200000E-3	8,481038E-6
-74,600000E-3	7,238597E-6
-73,900000E-3	5,967730E-6
-72,800000E-3	4,629295E-6
-72,100000E-3	3,275957E-6
-71,200000E-3	1,950913E-6
-70,100000E-3	618,435920E-9
-69,400000E-3	-711,703852E-9
-68,700000E-3	-2,033433E-6
-68,000000E-3	-3,335753E-6
-67,400000E-3	-4,613528E-6
-66,300000E-3	-5,860797E-6
-65,600000E-3	-7,069563E-6
-64,800000E-3	-8,231251E-6
-63,900000E-3	-9,338407E-6
-62,900000E-3	-10,450480E-6
-62,200000E-3	-11,422075E-6
-61,500000E-3	-12,322482E-6
-60,900000E-3	-13,149213E-6
-60,200000E-3	-13,899382E-6
-59,100000E-3	-14,566556E-6
-58,400000E-3	-15,150018E-6
-57,500000E-3	-15,650914E-6
-56,700000E-3	-16,122372E-6
-55,700000E-3	-16,464988E-6
-55,000000E-3	-16,736929E-6
-54,300000E-3	-16,949753E-6
-53,400000E-3	-17,080742E-6
-52,600000E-3	-17,149711E-6
-51,900000E-3	-17,162578E-6
-51,100000E-3	-17,124823E-6
-50,100000E-3	-17,039310E-6
-49,200000E-3	-16,908603E-6
-48,500000E-3	-16,735441E-6
-47,800000E-3	-16,524392E-6
-46,800000E-3	-16,278728E-6
-46,100000E-3	-16,000946E-6
-45,500000E-3	-15,693820E-6
-44,700000E-3	-15,349451E-6
-43,700000E-3	-14,961548E-6
-43,100000E-3	-14,588817E-6
-42,000000E-3	-14,200771E-6
-41,000000E-3	-13,775056E-6
-40,300000E-3	-13,364328E-6
-39,600000E-3	-12,946906E-6
-38,900000E-3	-12,524583E-6
-38,200000E-3	-12,100589E-6
-37,200000E-3	-11,676754E-6
-36,600000E-3	-11,256932E-6
-35,600000E-3	-10,828686E-6
-34,800000E-3	-10,408389E-6
-33,800000E-3	-10,004990E-6
-33,200000E-3	-9,608662E-6
-32,400000E-3	-9,223642E-6
-31,800000E-3	-8,852763E-6
-30,700000E-3	-8,496105E-6
-30,100000E-3	-8,153941E-6
-29,200000E-3	-7,829521E-6
-28,400000E-3	-7,524834E-6
-27,300000E-3	-7,224519E-6
-26,600000E-3	-6,954196E-6
-26,000000E-3	-6,706003E-6
-25,000000E-3	-6,486277E-6
-24,600000E-3	-6,287088E-6
-23,500000E-3	-6,108836E-6
-22,800000E-3	-5,950831E-6
-21,800000E-3	-5,804193E-6
-21,200000E-3	-5,687476E-6
-20,100000E-3	-5,593000E-6
-19,500000E-3	-5,520635E-6
-18,400000E-3	-5,462556E-6
-17,700000E-3	-5,433292E-6
-17,000000E-3	-5,425292E-6
-16,000000E-3	-5,435693E-6
-15,300000E-3	-5,458350E-6
-14,600000E-3	-5,491009E-6
-13,900000E-3	-5,535222E-6
-13,000000E-3	-5,591707E-6
-12,000000E-3	-5,657932E-6
-11,200000E-3	-5,729173E-6
-10,500000E-3	-5,802250E-6
-9,500000E-3	-5,876693E-6
-8,800000E-3	-5,953556E-6
-8,200000E-3	-6,032882E-6
-7,500000E-3	-6,113541E-6
-6,500000E-3	-6,197819E-6
-5,600000E-3	-6,272751E-6
-4,700000E-3	-6,341736E-6
-4,000000E-3	-6,404585E-6
-3,000000E-3	-6,466449E-6
-2,300000E-3	-6,521870E-6
-1,500000E-3	-6,572170E-6
-900,000000E-6	-6,613925E-6
200,000000E-6	-6,647346E-6
900,000000E-6	-6,671655E-6
1,900000E-3	-6,686903E-6
2,800000E-3	-6,693189E-6
3,700000E-3	-6,689827E-6
4,400000E-3	-6,678413E-6
5,100000E-3	-6,658519E-6
6,100000E-3	-6,629272E-6
6,400000E-3	-6,592740E-6
7,500000E-3	-6,552531E-6
8,200000E-3	-6,509620E-6
9,200000E-3	-6,463677E-6
10,100000E-3	-6,410560E-6
10,900000E-3	-6,357368E-6
11,600000E-3	-6,302684E-6
12,200000E-3	-6,248219E-6
13,300000E-3	-6,194179E-6
14,000000E-3	-6,138171E-6
14,700000E-3	-6,078664E-6
15,600000E-3	-6,018844E-6
16,300000E-3	-5,960243E-6
17,300000E-3	-5,911586E-6
18,100000E-3	-5,867520E-6
18,800000E-3	-5,825773E-6
19,800000E-3	-5,788895E-6
20,500000E-3	-5,758800E-6
21,200000E-3	-5,737066E-6
21,900000E-3	-5,726318E-6
22,600000E-3	-5,727080E-6
23,600000E-3	-5,738510E-6
24,300000E-3	-5,761742E-6
25,300000E-3	-5,799759E-6
26,000000E-3	-5,854136E-6
27,000000E-3	-5,926146E-6
27,700000E-3	-6,017105E-6
28,400000E-3	-6,126572E-6
29,100000E-3	-6,255475E-6
29,800000E-3	-6,404450E-6
30,800000E-3	-6,575105E-6
31,700000E-3	-6,766824E-6
32,600000E-3	-6,978406E-6
33,200000E-3	-7,210714E-6
34,300000E-3	-7,481978E-6
34,900000E-3	-7,760653E-6
35,600000E-3	-8,058845E-6
36,300000E-3	-8,372759E-6
37,400000E-3	-8,700797E-6
38,100000E-3	-9,044740E-6
38,800000E-3	-9,417571E-6
39,700000E-3	-9,828269E-6
40,600000E-3	-10,217079E-6
41,500000E-3	-10,615782E-6
42,200000E-3	-11,020272E-6
43,300000E-3	-11,453773E-6
43,900000E-3	-11,864805E-6
44,600000E-3	-12,277039E-6
45,300000E-3	-12,687962E-6
46,300000E-3	-13,094748E-6
47,000000E-3	-13,495274E-6
47,400000E-3	-13,889132E-6
48,500000E-3	-14,270412E-6
49,500000E-3	-14,636206E-6
50,100000E-3	-14,981789E-6
50,900000E-3	-15,306776E-6
51,900000E-3	-15,609236E-6
52,600000E-3	-15,884095E-6
53,300000E-3	-16,127570E-6
54,400000E-3	-16,337508E-6
55,000000E-3	-16,512233E-6
56,000000E-3	-16,648035E-6
56,700000E-3	-16,741653E-6
57,400000E-3	-16,789259E-6
58,100000E-3	-16,782705E-6
59,200000E-3	-16,719499E-6
59,800000E-3	-16,599378E-6
60,500000E-3	-16,419155E-6
61,200000E-3	-16,174062E-6
62,100000E-3	-15,859160E-6
62,900000E-3	-15,470162E-6
63,800000E-3	-15,006018E-6
64,700000E-3	-14,429466E-6
65,700000E-3	-13,808001E-6
66,400000E-3	-13,082135E-6
67,100000E-3	-12,276263E-6
67,700000E-3	-11,414646E-6
68,400000E-3	-10,480175E-6
69,500000E-3	-9,474965E-6
70,500000E-3	-8,403972E-6
71,100000E-3	-7,274826E-6
72,000000E-3	-6,092312E-6
72,900000E-3	-4,860961E-6
73,500000E-3	-3,587732E-6
74,200000E-3	-2,199631E-6
75,200000E-3	-870,892986E-9
76,000000E-3	517,411881E-9
77,000000E-3	1,903486E-6
77,300000E-3	3,245751E-6
78,300000E-3	4,580873E-6
79,400000E-3	5,903568E-6
80,100000E-3	7,210690E-6
80,900000E-3	8,493547E-6
81,400000E-3	9,748158E-6
82,500000E-3	10,968472E-6
83,200000E-3	12,153157E-6
83,900000E-3	13,297164E-6
84,600000E-3	14,400332E-6
85,500000E-3	15,498041E-6
86,400000E-3	16,550741E-6
87,300000E-3	17,588968E-6
88,000000E-3	18,522873E-6
89,000000E-3	19,414822E-6
89,700000E-3	20,268063E-6
90,400000E-3	21,080789E-6
91,400000E-3	21,853314E-6
92,100000E-3	22,585981E-6
92,800000E-3	23,279681E-6
93,800000E-3	23,935722E-6
94,600000E-3	24,554907E-6
95,300000E-3	25,176819E-6
96,300000E-3	25,722964E-6
96,900000E-3	26,232861E-6
97,600000E-3	26,706336E-6
98,300000E-3	27,146558E-6
99,200000E-3	27,555801E-6
100,100000E-3	27,935324E-6
101,100000E-3	28,283857E-6
101,800000E-3	28,601353E-6
102,400000E-3	28,887468E-6
102,800000E-3	29,141166E-6
104,100000E-3	29,361181E-6
105,200000E-3	29,553765E-6
105,900000E-3	29,713795E-6
106,700000E-3	29,840361E-6
107,700000E-3	29,940309E-6
108,300000E-3	30,013990E-6
109,000000E-3	30,063081E-6
109,700000E-3	30,089755E-6
110,700000E-3	30,094482E-6
111,400000E-3	30,075672E-6
112,100000E-3	30,033709E-6
113,000000E-3	29,971683E-6
113,900000E-3	29,891780E-6
114,900000E-3	29,796455E-6
115,600000E-3	29,688440E-6
116,300000E-3	29,570045E-6
116,900000E-3	29,442020E-6
117,300000E-3	29,305931E-6
118,700000E-3	29,162785E-6
119,400000E-3	29,005107E-6
120,100000E-3	28,853316E-6
120,800000E-3	28,699011E-6
121,800000E-3	28,542984E-6
122,800000E-3	28,385655E-6
123,500000E-3	28,229350E-6
124,200000E-3	28,075280E-6
125,200000E-3	27,918351E-6
125,500000E-3	27,767687E-6
126,600000E-3	27,628963E-6
127,600000E-3	27,498039E-6
128,300000E-3	27,366758E-6
129,300000E-3	27,249616E-6
130,000000E-3	27,136764E-6
130,900000E-3	27,027806E-6
131,800000E-3	26,923276E-6
132,400000E-3	26,824113E-6
133,100000E-3	26,730189E-6
133,800000E-3	26,638421E-6
134,500000E-3	26,553430E-6
135,600000E-3	26,477325E-6
136,200000E-3	26,405794E-6
137,100000E-3	26,341918E-6
137,900000E-3	26,301407E-6
138,600000E-3	26,277613E-6
139,700000E-3	26,232940E-6
140,300000E-3	26,161200E-6
141,000000E-3	26,079113E-6
141,800000E-3	26,002528E-6
142,400000E-3	25,934645E-6
143,400000E-3	25,868176E-6
144,400000E-3	25,800285E-6
145,200000E-3	25,731980E-6
145,900000E-3	25,663504E-6
146,800000E-3	25,595287E-6
147,600000E-3	25,521562E-6
148,600000E-3	25,449774E-6
149,300000E-3	25,373596E-6
150,100000E-3	25,291074E-6
151,100000E-3	25,198089E-6
151,800000E-3	25,105607E-6
152,400000E-3	25,010991E-6
153,500000E-3	24,914603E-6
154,100000E-3	24,812389E-6
155,000000E-3	24,704933E-6
155,200000E-3	24,592992E-6
156,700000E-3	24,475788E-6
157,300000E-3	24,353455E-6
158,100000E-3	24,219876E-6
158,800000E-3	24,092013E-6
159,900000E-3	23,961191E-6
160,500000E-3	23,828229E-6
161,300000E-3	23,685050E-6
161,900000E-3	23,547367E-6
162,900000E-3	23,406536E-6
163,900000E-3	23,264389E-6
164,600000E-3	23,111244E-6
165,600000E-3	22,963136E-6
166,400000E-3	22,811535E-6
167,100000E-3	22,659765E-6
167,700000E-3	22,509207E-6
168,400000E-3	22,359486E-6
169,500000E-3	22,209227E-6
170,100000E-3	22,052552E-6
170,900000E-3	21,895651E-6
171,700000E-3	21,744564E-6
172,600000E-3	21,594267E-6
173,600000E-3	21,443721E-6
174,300000E-3	21,283510E-6
175,000000E-3	21,133684E-6
176,000000E-3	20,984651E-6
176,700000E-3	20,836259E-6
177,400000E-3	20,688142E-6
178,100000E-3	20,541341E-6
179,100000E-3	20,396289E-6
179,800000E-3	20,247698E-6
180,600000E-3	20,099601E-6
181,500000E-3	19,955347E-6
182,500000E-3	19,812220E-6
183,300000E-3	19,671307E-6
184,000000E-3	19,523632E-6
185,000000E-3	19,386269E-6
185,800000E-3	19,249432E-6
186,500000E-3	19,112620E-6
187,100000E-3	18,975880E-6
187,800000E-3	18,839764E-6
188,900000E-3	18,698898E-6
189,600000E-3	18,558215E-6
190,400000E-3	18,423090E-6
191,300000E-3	18,288305E-6
192,100000E-3	18,152076E-6
193,000000E-3	18,015535E-6
193,700000E-3	17,872881E-6
194,400000E-3	17,739651E-6
195,400000E-3	17,604048E-6
196,100000E-3	17,466310E-6
196,800000E-3	17,330298E-6
197,700000E-3	17,197024E-6
198,500000E-3	17,059143E-6
199,500000E-3	16,918045E-6
200,300000E-3	16,777518E-6
201,000000E-3	16,636874E-6
201,900000E-3	16,499393E-6
202,700000E-3	16,365012E-6
203,400000E-3	16,215373E-6
204,500000E-3	16,081364E-6
205,200000E-3	15,946872E-6
205,900000E-3	15,813695E-6
206,500000E-3	15,682874E-6
207,200000E-3	15,552427E-6
208,200000E-3	15,421778E-6
209,000000E-3	15,288849E-6
210,000000E-3	15,146683E-6
210,600000E-3	15,014851E-6
211,700000E-3	14,886071E-6
212,400000E-3	14,759046E-6
213,100000E-3	14,631656E-6
213,700000E-3	14,503157E-6
214,800000E-3	14,374605E-6
215,500000E-3	14,247380E-6
216,200000E-3	14,110228E-6
217,200000E-3	13,983026E-6
217,900000E-3	13,861131E-6
218,900000E-3	13,740641E-6
219,600000E-3	13,621626E-6
220,500000E-3	13,502920E-6
221,400000E-3	13,385252E-6
222,000000E-3	13,269001E-6
222,700000E-3	13,145804E-6
223,500000E-3	13,029948E-6
224,500000E-3	12,915390E-6
225,100000E-3	12,798313E-6
225,800000E-3	12,682526E-6
226,900000E-3	12,570685E-6
227,800000E-3	12,460198E-6
228,600000E-3	12,351948E-6
229,300000E-3	12,246512E-6
230,000000E-3	12,142827E-6
231,000000E-3	12,039258E-6
231,700000E-3	11,936828E-6
232,400000E-3	11,829967E-6
233,100000E-3	11,730774E-6
234,200000E-3	11,632546E-6
234,800000E-3	11,530646E-6
235,800000E-3	11,427846E-6
236,500000E-3	11,328507E-6
237,600000E-3	11,229709E-6
238,300000E-3	11,131812E-6
238,900000E-3	11,036011E-6
239,600000E-3	10,942895E-6
240,700000E-3	10,850705E-6
241,400000E-3	10,758264E-6
242,000000E-3	10,666053E-6
242,800000E-3	10,574749E-6
243,500000E-3	10,483919E-6
244,900000E-3	10,390296E-6
245,500000E-3	10,298200E-6
246,200000E-3	10,209982E-6
247,300000E-3	10,122835E-6
248,000000E-3	10,037282E-6
248,700000E-3	9,953132E-6
249,400000E-3	9,868832E-6
250,200000E-3	9,785152E-6
251,200000E-3	9,704171E-6
252,200000E-3	9,625951E-6
252,900000E-3	9,548465E-6
253,600000E-3	9,469551E-6
254,600000E-3	9,380586E-6
255,300000E-3	9,296659E-6
256,000000E-3	9,217761E-6
256,700000E-3	9,141935E-6
257,800000E-3	9,067256E-6
258,400000E-3	8,992630E-6
259,100000E-3	8,918299E-6
260,200000E-3	8,841003E-6
261,100000E-3	8,769595E-6
261,900000E-3	8,699253E-6
262,500000E-3	8,628908E-6
263,600000E-3	8,549074E-6
264,300000E-3	8,479150E-6
265,000000E-3	8,411104E-6
265,700000E-3	8,344393E-6
266,700000E-3	8,277427E-6
267,400000E-3	8,209123E-6
268,100000E-3	8,140302E-6
268,800000E-3	8,072628E-6
269,900000E-3	8,007676E-6
270,600000E-3	7,945029E-6
271,600000E-3	7,883302E-6
272,300000E-3	7,822311E-6
273,000000E-3	7,759705E-6
274,000000E-3	7,697462E-6
274,700000E-3	7,638141E-6
275,400000E-3	7,580013E-6
276,100000E-3	7,522146E-6
277,100000E-3	7,464278E-6
277,800000E-3	7,406470E-6
278,700000E-3	7,350337E-6
279,500000E-3	7,297130E-6
280,200000E-3	7,246538E-6
281,000000E-3	7,196603E-6
282,000000E-3	7,145925E-6
282,600000E-3	7,092832E-6
283,400000E-3	7,040486E-6
284,200000E-3	6,991301E-6
285,100000E-3	6,943185E-6
286,000000E-3	6,896377E-6
286,900000E-3	6,850124E-6
287,500000E-3	6,803658E-6
288,200000E-3	6,756984E-6
289,000000E-3	6,710617E-6
290,000000E-3	6,664731E-6
290,700000E-3	6,620319E-6
291,400000E-3	6,578014E-6
292,400000E-3	6,534305E-6
293,100000E-3	6,494531E-6
294,100000E-3	6,455217E-6
294,800000E-3	6,414279E-6
295,500000E-3	6,371155E-6
296,500000E-3	6,327487E-6
297,200000E-3	6,285599E-6
297,900000E-3	6,246184E-6
298,600000E-3	6,207832E-6
299,200000E-3	6,169410E-6
