-300,000000E-3	6,601473E-6
-300,000000E-3	6,602962E-6
-299,900000E-3	6,601369E-6
-299,700000E-3	6,600189E-6
-299,500000E-3	6,601080E-6
-299,000000E-3	6,604195E-6
-298,500000E-3	6,607340E-6
-298,000000E-3	6,611078E-6
-297,300000E-3	6,617220E-6
-296,600000E-3	6,626893E-6
-295,800000E-3	6,642435E-6
-295,200000E-3	6,662945E-6
-294,500000E-3	6,684444E-6
-293,700000E-3	6,708628E-6
-293,000000E-3	6,732761E-6
-292,400000E-3	6,756167E-6
-291,700000E-3	6,780216E-6
-290,700000E-3	6,807136E-6
-290,100000E-3	6,837335E-6
-289,200000E-3	6,869672E-6
-288,400000E-3	6,903100E-6
-287,600000E-3	6,940536E-6
-286,700000E-3	6,978022E-6
-286,000000E-3	7,015479E-6
-285,400000E-3	7,054049E-6
-284,300000E-3	7,089089E-6
-283,600000E-3	7,124740E-6
-282,500000E-3	7,165387E-6
-281,900000E-3	7,205811E-6
-281,300000E-3	7,247722E-6
-280,200000E-3	7,289827E-6
-279,500000E-3	7,333609E-6
-278,800000E-3	7,374170E-6
-277,900000E-3	7,414232E-6
-277,100000E-3	7,453949E-6
-276,400000E-3	7,495321E-6
-275,400000E-3	7,539649E-6
-274,600000E-3	7,585458E-6
-273,900000E-3	7,630902E-6
-273,300000E-3	7,678401E-6
-272,200000E-3	7,723403E-6
-271,500000E-3	7,770828E-6
-270,500000E-3	7,819898E-6
-269,900000E-3	7,871534E-6
-269,000000E-3	7,919973E-6
-268,100000E-3	7,968382E-6
-267,400000E-3	8,018916E-6
-266,300000E-3	8,070792E-6
-265,700000E-3	8,122583E-6
-265,000000E-3	8,175513E-6
-264,300000E-3	8,230111E-6
-263,600000E-3	8,285752E-6
-262,600000E-3	8,340898E-6
-261,900000E-3	8,394793E-6
-260,900000E-3	8,449039E-6
-260,200000E-3	8,505571E-6
-259,200000E-3	8,567120E-6
-258,400000E-3	8,624970E-6
-257,700000E-3	8,684536E-6
-257,000000E-3	8,747444E-6
-256,000000E-3	8,811552E-6
-255,300000E-3	8,874938E-6
-254,600000E-3	8,938399E-6
-253,900000E-3	9,003443E-6
-252,900000E-3	9,071139E-6
-252,000000E-3	9,139308E-6
-251,100000E-3	9,205572E-6
-250,500000E-3	9,271365E-6
-249,700000E-3	9,338495E-6
-248,700000E-3	9,407290E-6
-248,000000E-3	9,477692E-6
-247,300000E-3	9,550988E-6
-246,600000E-3	9,623178E-6
-245,600000E-3	9,691886E-6
-244,900000E-3	9,759837E-6
-243,900000E-3	9,828963E-6
-243,200000E-3	9,900396E-6
-242,100000E-3	9,979080E-6
-241,400000E-3	10,055235E-6
-240,800000E-3	10,131904E-6
-240,100000E-3	10,207687E-6
-239,000000E-3	10,283134E-6
-238,300000E-3	10,363209E-6
-237,600000E-3	10,444810E-6
-236,900000E-3	10,523759E-6
-235,900000E-3	10,602814E-6
-235,200000E-3	10,682988E-6
-234,200000E-3	10,763548E-6
-233,400000E-3	10,842869E-6
-232,400000E-3	10,925945E-6
-231,800000E-3	11,005350E-6
-231,000000E-3	11,085870E-6
-230,300000E-3	11,165792E-6
-229,700000E-3	11,246909E-6
-228,700000E-3	11,333582E-6
-228,000000E-3	11,421659E-6
-227,300000E-3	11,512595E-6
-226,200000E-3	11,598865E-6
-225,300000E-3	11,686383E-6
-224,500000E-3	11,774024E-6
-223,800000E-3	11,860714E-6
-222,800000E-3	11,948374E-6
-222,100000E-3	12,037801E-6
-221,300000E-3	12,128320E-6
-220,700000E-3	12,219912E-6
-220,000000E-3	12,314888E-6
-219,000000E-3	12,409278E-6
-218,300000E-3	12,501041E-6
-217,500000E-3	12,593109E-6
-216,600000E-3	12,684846E-6
-215,700000E-3	12,777024E-6
-214,800000E-3	12,870331E-6
-214,100000E-3	12,965468E-6
-213,100000E-3	13,069656E-6
-212,400000E-3	13,170266E-6
-211,700000E-3	13,271476E-6
-211,000000E-3	13,372865E-6
-210,300000E-3	13,479065E-6
-209,400000E-3	13,586530E-6
-208,600000E-3	13,691684E-6
-207,700000E-3	13,797743E-6
-206,800000E-3	13,903390E-6
-205,800000E-3	14,009664E-6
-205,200000E-3	14,118450E-6
-204,500000E-3	14,230219E-6
-203,800000E-3	14,343287E-6
-203,000000E-3	14,456443E-6
-202,000000E-3	14,570810E-6
-201,300000E-3	14,686438E-6
-200,500000E-3	14,806141E-6
-199,600000E-3	14,926059E-6
-198,600000E-3	15,043640E-6
-197,900000E-3	15,162192E-6
-197,200000E-3	15,283018E-6
-196,100000E-3	15,412561E-6
-195,400000E-3	15,533094E-6
-194,800000E-3	15,651597E-6
-194,100000E-3	15,769927E-6
-193,400000E-3	15,890083E-6
-192,300000E-3	16,012736E-6
-191,600000E-3	16,135851E-6
-190,800000E-3	16,258795E-6
-189,900000E-3	16,389589E-6
-188,900000E-3	16,513917E-6
-188,200000E-3	16,638457E-6
-187,500000E-3	16,762806E-6
-186,400000E-3	16,894465E-6
-185,700000E-3	17,018810E-6
-185,000000E-3	17,143991E-6
-184,300000E-3	17,271172E-6
-183,700000E-3	17,399017E-6
-182,700000E-3	17,525965E-6
-181,900000E-3	17,657809E-6
-180,900000E-3	17,790834E-6
-180,100000E-3	17,927778E-6
-179,300000E-3	18,055634E-6
-178,600000E-3	18,182730E-6
-177,800000E-3	18,310350E-6
-176,700000E-3	18,438754E-6
-176,100000E-3	18,567702E-6
-175,400000E-3	18,697064E-6
-174,700000E-3	18,826755E-6
-174,000000E-3	18,957065E-6
-173,000000E-3	19,088614E-6
-172,300000E-3	19,221932E-6
-171,300000E-3	19,352899E-6
-170,500000E-3	19,481310E-6
-169,500000E-3	19,609698E-6
-168,800000E-3	19,739959E-6
-168,100000E-3	19,872238E-6
-167,400000E-3	20,004200E-6
-166,800000E-3	20,134583E-6
-166,100000E-3	20,264541E-6
-165,000000E-3	20,395907E-6
-164,200000E-3	20,527857E-6
-163,300000E-3	20,659335E-6
-162,300000E-3	20,801813E-6
-161,500000E-3	20,933037E-6
-160,800000E-3	21,057353E-6
-160,200000E-3	21,180463E-6
-159,100000E-3	21,303812E-6
-158,400000E-3	21,426768E-6
-157,800000E-3	21,547795E-6
-157,100000E-3	21,667411E-6
-156,300000E-3	21,786062E-6
-155,400000E-3	21,902502E-6
-154,500000E-3	22,016158E-6
-153,600000E-3	22,128253E-6
-152,500000E-3	22,246909E-6
-151,800000E-3	22,356511E-6
-151,200000E-3	22,462965E-6
-150,400000E-3	22,566958E-6
-149,400000E-3	22,676785E-6
-148,700000E-3	22,779149E-6
-148,000000E-3	22,879706E-6
-147,400000E-3	22,978189E-6
-146,600000E-3	23,075264E-6
-145,600000E-3	23,170125E-6
-144,900000E-3	23,262303E-6
-144,000000E-3	23,352005E-6
-143,100000E-3	23,443765E-6
-142,200000E-3	23,533866E-6
-141,400000E-3	23,618718E-6
-140,700000E-3	23,701234E-6
-139,600000E-3	23,788165E-6
-138,900000E-3	23,869445E-6
-138,200000E-3	23,950293E-6
-137,600000E-3	24,030877E-6
-136,500000E-3	24,116312E-6
-135,800000E-3	24,196125E-6
-135,100000E-3	24,275597E-6
-134,400000E-3	24,355581E-6
-133,700000E-3	24,435634E-6
-132,600000E-3	24,516476E-6
-131,900000E-3	24,597846E-6
-131,200000E-3	24,678686E-6
-130,500000E-3	24,764384E-6
-129,500000E-3	24,847057E-6
-128,700000E-3	24,931583E-6
-128,000000E-3	25,018040E-6
-127,300000E-3	25,108522E-6
-126,200000E-3	25,203295E-6
-125,400000E-3	25,302530E-6
-124,700000E-3	25,410957E-6
-124,000000E-3	25,522762E-6
-122,900000E-3	25,633135E-6
-122,200000E-3	25,746128E-6
-121,500000E-3	25,862591E-6
-120,700000E-3	25,981566E-6
-120,000000E-3	26,103477E-6
-118,900000E-3	26,228116E-6
-118,200000E-3	26,354668E-6
-117,500000E-3	26,482322E-6
-116,700000E-3	26,610337E-6
-115,700000E-3	26,737355E-6
-115,000000E-3	26,866319E-6
-114,300000E-3	26,991236E-6
-113,600000E-3	27,108544E-6
-112,500000E-3	27,221696E-6
-111,700000E-3	27,329179E-6
-111,000000E-3	27,429251E-6
-110,300000E-3	27,520517E-6
-109,500000E-3	27,603374E-6
-108,500000E-3	27,677509E-6
-107,700000E-3	27,740276E-6
-107,000000E-3	27,789120E-6
-106,300000E-3	27,822192E-6
-105,200000E-3	27,836556E-6
-104,500000E-3	27,831405E-6
-103,800000E-3	27,806840E-6
-103,000000E-3	27,760570E-6
-101,900000E-3	27,685989E-6
-101,200000E-3	27,593569E-6
-100,600000E-3	27,478815E-6
-99,800000E-3	27,338912E-6
-98,700000E-3	27,171916E-6
-98,000000E-3	26,975433E-6
-97,300000E-3	26,748358E-6
-96,600000E-3	26,490321E-6
-95,800000E-3	26,161755E-6
-94,700000E-3	25,838517E-6
-94,000000E-3	25,486337E-6
-93,200000E-3	25,103797E-6
-92,400000E-3	24,688432E-6
-91,500000E-3	24,241096E-6
-90,700000E-3	23,762608E-6
-90,000000E-3	23,251459E-6
-89,300000E-3	22,672919E-6
-88,400000E-3	22,094566E-6
-87,500000E-3	21,483814E-6
-86,700000E-3	20,839515E-6
-86,000000E-3	20,117433E-6
-85,100000E-3	19,405365E-6
-84,400000E-3	18,658835E-6
-83,700000E-3	17,877613E-6
-82,800000E-3	17,065167E-6
-82,000000E-3	16,219771E-6
-81,300000E-3	15,339573E-6
-80,500000E-3	14,421817E-6
-79,500000E-3	13,407442E-6
-78,800000E-3	12,414733E-6
-78,000000E-3	11,387076E-6
-77,400000E-3	10,286543E-6
-76,300000E-3	9,158218E-6
-75,500000E-3	8,037245E-6
-74,800000E-3	6,894418E-6
-74,000000E-3	5,727876E-6
-73,400000E-3	4,540464E-6
-72,300000E-3	3,336598E-6
-71,600000E-3	2,119060E-6
-70,900000E-3	892,520930E-9
-70,100000E-3	-333,938886E-9
-69,000000E-3	-1,549954E-6
-68,300000E-3	-2,749138E-6
-67,600000E-3	-3,924369E-6
-66,900000E-3	-5,077723E-6
-66,100000E-3	-6,194809E-6
-65,000000E-3	-7,272203E-6
-64,300000E-3	-8,303766E-6
-63,600000E-3	-9,283332E-6
-62,900000E-3	-10,208260E-6
-62,100000E-3	-11,072103E-6
-61,000000E-3	-11,871317E-6
-60,300000E-3	-12,599914E-6
-59,600000E-3	-13,256253E-6
-58,900000E-3	-13,839318E-6
-57,700000E-3	-14,350979E-6
-57,000000E-3	-14,793348E-6
-56,300000E-3	-15,178636E-6
-55,200000E-3	-15,507911E-6
-54,500000E-3	-15,741678E-6
-53,800000E-3	-15,913723E-6
-53,100000E-3	-16,027180E-6
-52,400000E-3	-16,087589E-6
-51,300000E-3	-16,098863E-6
-50,500000E-3	-16,063057E-6
-49,800000E-3	-15,983985E-6
-49,100000E-3	-15,864621E-6
-48,400000E-3	-15,706468E-6
-47,300000E-3	-15,505009E-6
-46,600000E-3	-15,271634E-6
-45,800000E-3	-15,001444E-6
-44,700000E-3	-14,722523E-6
-44,000000E-3	-14,421857E-6
-43,200000E-3	-14,101468E-6
-42,400000E-3	-13,742113E-6
-41,400000E-3	-13,389556E-6
-40,700000E-3	-13,026740E-6
-39,900000E-3	-12,656258E-6
-39,200000E-3	-12,278703E-6
-38,400000E-3	-11,882821E-6
-37,500000E-3	-11,486647E-6
-36,700000E-3	-11,104258E-6
-36,000000E-3	-10,724258E-6
-35,300000E-3	-10,349238E-6
-34,500000E-3	-9,979602E-6
-33,800000E-3	-9,617127E-6
-33,000000E-3	-9,262843E-6
-32,000000E-3	-8,918023E-6
-31,300000E-3	-8,582910E-6
-30,500000E-3	-8,259521E-6
-29,800000E-3	-7,951565E-6
-29,100000E-3	-7,652494E-6
-28,000000E-3	-7,374381E-6
-27,300000E-3	-7,121553E-6
-26,500000E-3	-6,885934E-6
-25,400000E-3	-6,667503E-6
-24,600000E-3	-6,466236E-6
-23,900000E-3	-6,282207E-6
-23,200000E-3	-6,117660E-6
-22,500000E-3	-5,973282E-6
-21,500000E-3	-5,848821E-6
-20,700000E-3	-5,743846E-6
-20,000000E-3	-5,657151E-6
-19,200000E-3	-5,587153E-6
-18,100000E-3	-5,531192E-6
-17,400000E-3	-5,497629E-6
-16,700000E-3	-5,481815E-6
-16,000000E-3	-5,481963E-6
-15,200000E-3	-5,493931E-6
-14,100000E-3	-5,515129E-6
-13,400000E-3	-5,546630E-6
-12,600000E-3	-5,589476E-6
-11,900000E-3	-5,645032E-6
-11,100000E-3	-5,702833E-6
-10,400000E-3	-5,763049E-6
-9,600000E-3	-5,826981E-6
-8,500000E-3	-5,892925E-6
-7,800000E-3	-5,960108E-6
-7,000000E-3	-6,027745E-6
-6,300000E-3	-6,091598E-6
-5,600000E-3	-6,151791E-6
-4,500000E-3	-6,211018E-6
-3,800000E-3	-6,268919E-6
-3,000000E-3	-6,321801E-6
-2,200000E-3	-6,367830E-6
-1,400000E-3	-6,406702E-6
-300,000000E-6	-6,438025E-6
500,000000E-6	-6,463579E-6
1,200000E-3	-6,484706E-6
2,000000E-3	-6,499423E-6
2,700000E-3	-6,506978E-6
3,500000E-3	-6,507263E-6
4,200000E-3	-6,499896E-6
5,000000E-3	-6,485033E-6
5,700000E-3	-6,462526E-6
6,800000E-3	-6,433952E-6
7,600000E-3	-6,401819E-6
8,300000E-3	-6,366487E-6
9,100000E-3	-6,327845E-6
10,200000E-3	-6,282604E-6
10,900000E-3	-6,236159E-6
11,700000E-3	-6,188943E-6
12,400000E-3	-6,138410E-6
13,200000E-3	-6,090124E-6
13,900000E-3	-6,042507E-6
14,700000E-3	-5,996285E-6
15,800000E-3	-5,952947E-6
16,600000E-3	-5,912882E-6
17,300000E-3	-5,876154E-6
18,100000E-3	-5,843001E-6
19,200000E-3	-5,811853E-6
19,900000E-3	-5,788527E-6
20,700000E-3	-5,772920E-6
21,400000E-3	-5,764802E-6
22,200000E-3	-5,765597E-6
22,900000E-3	-5,776984E-6
23,600000E-3	-5,800856E-6
24,400000E-3	-5,837312E-6
25,100000E-3	-5,885183E-6
25,900000E-3	-5,945803E-6
27,000000E-3	-6,021104E-6
27,700000E-3	-6,112867E-6
28,500000E-3	-6,222296E-6
29,200000E-3	-6,351476E-6
30,300000E-3	-6,506078E-6
31,100000E-3	-6,679272E-6
31,800000E-3	-6,866245E-6
32,600000E-3	-7,072884E-6
33,300000E-3	-7,298507E-6
34,100000E-3	-7,541359E-6
34,800000E-3	-7,800943E-6
35,600000E-3	-8,076699E-6
36,700000E-3	-8,367304E-6
37,500000E-3	-8,670311E-6
38,200000E-3	-8,987946E-6
39,000000E-3	-9,321631E-6
39,700000E-3	-9,681487E-6
40,800000E-3	-10,048420E-6
41,600000E-3	-10,409733E-6
42,200000E-3	-10,775741E-6
43,100000E-3	-11,169628E-6
43,700000E-3	-11,542399E-6
44,500000E-3	-11,912861E-6
45,200000E-3	-12,278915E-6
46,400000E-3	-12,640028E-6
47,100000E-3	-12,994411E-6
47,900000E-3	-13,338461E-6
48,200000E-3	-13,671018E-6
49,500000E-3	-13,991313E-6
50,300000E-3	-14,294159E-6
51,100000E-3	-14,594743E-6
51,800000E-3	-14,854162E-6
52,500000E-3	-15,086722E-6
53,600000E-3	-15,290113E-6
54,300000E-3	-15,461765E-6
55,000000E-3	-15,598207E-6
55,700000E-3	-15,695104E-6
56,800000E-3	-15,749932E-6
57,500000E-3	-15,762953E-6
58,200000E-3	-15,732053E-6
58,900000E-3	-15,645512E-6
60,000000E-3	-15,509107E-6
60,800000E-3	-15,314124E-6
61,500000E-3	-15,059224E-6
62,300000E-3	-14,743056E-6
63,000000E-3	-14,363318E-6
63,800000E-3	-13,916311E-6
64,500000E-3	-13,400784E-6
65,300000E-3	-12,815276E-6
66,000000E-3	-12,159965E-6
67,200000E-3	-11,435991E-6
67,900000E-3	-10,643744E-6
68,700000E-3	-9,754434E-6
69,400000E-3	-8,801008E-6
70,500000E-3	-7,817597E-6
71,300000E-3	-6,780765E-6
72,000000E-3	-5,559564E-6
72,800000E-3	-4,430259E-6
73,500000E-3	-3,263877E-6
74,200000E-3	-2,068952E-6
75,000000E-3	-853,563396E-9
75,700000E-3	372,496962E-9
76,900000E-3	1,606021E-6
77,600000E-3	2,884784E-6
78,300000E-3	4,156211E-6
79,500000E-3	5,382674E-6
80,200000E-3	6,593816E-6
81,000000E-3	7,785166E-6
81,600000E-3	9,021939E-6
82,400000E-3	10,156261E-6
83,300000E-3	11,258115E-6
84,000000E-3	12,327157E-6
84,700000E-3	13,359485E-6
85,500000E-3	14,355905E-6
86,600000E-3	15,315007E-6
87,300000E-3	16,241304E-6
88,100000E-3	17,127236E-6
88,800000E-3	17,977567E-6
89,500000E-3	18,789092E-6
90,600000E-3	19,560650E-6
91,400000E-3	20,295962E-6
92,100000E-3	20,995316E-6
93,200000E-3	21,739126E-6
94,000000E-3	22,362105E-6
94,700000E-3	22,949948E-6
95,500000E-3	23,557931E-6
96,200000E-3	24,093364E-6
97,000000E-3	24,577182E-6
97,700000E-3	25,025349E-6
98,800000E-3	25,442079E-6
99,600000E-3	25,829118E-6
100,300000E-3	26,187526E-6
101,100000E-3	26,516339E-6
101,800000E-3	26,815721E-6
102,900000E-3	27,085073E-6
103,700000E-3	27,324675E-6
104,400000E-3	27,534659E-6
105,000000E-3	27,722437E-6
105,800000E-3	27,881881E-6
106,600000E-3	28,010026E-6
107,600000E-3	28,112719E-6
108,400000E-3	28,189224E-6
109,100000E-3	28,240973E-6
109,800000E-3	28,270907E-6
110,900000E-3	28,280603E-6
111,700000E-3	28,270075E-6
112,400000E-3	28,239329E-6
113,000000E-3	28,189972E-6
113,700000E-3	28,125596E-6
114,400000E-3	28,049992E-6
115,100000E-3	27,961102E-6
116,400000E-3	27,861992E-6
117,100000E-3	27,755922E-6
117,800000E-3	27,641447E-6
118,600000E-3	27,520241E-6
119,700000E-3	27,391952E-6
120,400000E-3	27,259321E-6
121,100000E-3	27,124570E-6
121,900000E-3	26,979805E-6
123,000000E-3	26,843197E-6
123,600000E-3	26,707692E-6
124,300000E-3	26,569885E-6
125,000000E-3	26,436371E-6
126,000000E-3	26,310253E-6
127,100000E-3	26,186650E-6
127,700000E-3	26,065474E-6
128,400000E-3	25,941771E-6
129,400000E-3	25,831299E-6
130,100000E-3	25,727271E-6
130,800000E-3	25,629504E-6
131,400000E-3	25,537207E-6
132,500000E-3	25,448714E-6
133,200000E-3	25,363883E-6
134,200000E-3	25,281486E-6
134,900000E-3	25,199610E-6
135,900000E-3	25,127818E-6
136,600000E-3	25,059356E-6
137,600000E-3	24,988449E-6
138,300000E-3	24,930642E-6
139,000000E-3	24,874302E-6
139,700000E-3	24,816748E-6
140,500000E-3	24,758505E-6
141,600000E-3	24,700202E-6
142,400000E-3	24,641701E-6
143,100000E-3	24,583681E-6
143,800000E-3	24,526076E-6
144,400000E-3	24,467894E-6
145,400000E-3	24,406309E-6
146,100000E-3	24,341621E-6
147,000000E-3	24,276627E-6
147,800000E-3	24,211458E-6
148,900000E-3	24,144040E-6
149,600000E-3	24,072545E-6
150,200000E-3	23,995261E-6
150,900000E-3	23,912517E-6
151,600000E-3	23,826679E-6
152,600000E-3	23,734267E-6
153,300000E-3	23,637677E-6
154,300000E-3	23,533266E-6
155,100000E-3	23,431018E-6
156,100000E-3	23,327387E-6
156,800000E-3	23,224053E-6
157,500000E-3	23,117233E-6
158,500000E-3	23,004440E-6
159,200000E-3	22,887651E-6
159,800000E-3	22,767352E-6
160,600000E-3	22,642696E-6
161,500000E-3	22,511064E-6
162,400000E-3	22,378638E-6
163,300000E-3	22,249915E-6
164,000000E-3	22,111253E-6
164,900000E-3	21,977385E-6
165,600000E-3	21,841541E-6
166,400000E-3	21,705653E-6
167,100000E-3	21,569574E-6
168,000000E-3	21,432884E-6
168,700000E-3	21,295938E-6
169,700000E-3	21,157951E-6
170,500000E-3	21,018743E-6
171,100000E-3	20,874866E-6
172,100000E-3	20,733490E-6
172,800000E-3	20,596629E-6
173,500000E-3	20,459325E-6
174,300000E-3	20,323800E-6
175,200000E-3	20,191058E-6
176,100000E-3	20,056479E-6
177,000000E-3	19,917302E-6
177,600000E-3	19,767691E-6
178,700000E-3	19,629769E-6
179,400000E-3	19,495469E-6
180,000000E-3	19,359512E-6
180,700000E-3	19,224696E-6
181,700000E-3	19,094007E-6
182,700000E-3	18,963389E-6
183,100000E-3	18,830698E-6
183,800000E-3	18,695836E-6
185,200000E-3	18,563332E-6
185,800000E-3	18,436077E-6
186,600000E-3	18,304443E-6
187,200000E-3	18,179486E-6
188,300000E-3	18,052341E-6
189,000000E-3	17,923865E-6
189,600000E-3	17,790510E-6
190,700000E-3	17,656896E-6
191,500000E-3	17,527022E-6
192,400000E-3	17,399077E-6
193,000000E-3	17,273612E-6
193,700000E-3	17,149995E-6
194,800000E-3	17,026750E-6
195,400000E-3	16,902598E-6
196,200000E-3	16,776001E-6
197,000000E-3	16,649458E-6
197,800000E-3	16,524703E-6
198,700000E-3	16,400895E-6
199,500000E-3	16,273490E-6
200,200000E-3	16,148792E-6
200,900000E-3	16,028670E-6
202,000000E-3	15,905465E-6
202,600000E-3	15,778381E-6
203,300000E-3	15,650121E-6
204,200000E-3	15,522635E-6
205,000000E-3	15,396630E-6
206,100000E-3	15,274729E-6
206,800000E-3	15,155967E-6
207,500000E-3	15,036118E-6
208,100000E-3	14,913325E-6
209,200000E-3	14,790552E-6
209,900000E-3	14,668619E-6
210,500000E-3	14,547773E-6
211,600000E-3	14,428358E-6
212,300000E-3	14,310250E-6
213,200000E-3	14,191539E-6
214,000000E-3	14,071551E-6
214,700000E-3	13,944887E-6
215,600000E-3	13,827288E-6
216,300000E-3	13,710836E-6
217,000000E-3	13,594995E-6
217,900000E-3	13,480095E-6
218,700000E-3	13,367140E-6
219,700000E-3	13,253214E-6
220,400000E-3	13,128581E-6
221,400000E-3	13,021453E-6
222,100000E-3	12,914418E-6
222,800000E-3	12,799920E-6
223,500000E-3	12,690867E-6
224,500000E-3	12,582272E-6
225,200000E-3	12,476487E-6
226,000000E-3	12,366805E-6
226,900000E-3	12,259595E-6
227,900000E-3	12,151291E-6
228,700000E-3	12,040455E-6
229,700000E-3	11,938556E-6
230,300000E-3	11,839744E-6
231,100000E-3	11,742462E-6
231,800000E-3	11,646203E-6
232,400000E-3	11,550503E-6
233,400000E-3	11,454750E-6
233,700000E-3	11,359587E-6
235,200000E-3	11,266319E-6
235,200000E-3	11,170854E-6
237,000000E-3	11,077133E-6
237,500000E-3	10,989057E-6
238,300000E-3	10,902306E-6
239,000000E-3	10,814492E-6
240,100000E-3	10,726905E-6
240,700000E-3	10,641237E-6
241,400000E-3	10,557112E-6
242,400000E-3	10,473140E-6
243,100000E-3	10,387860E-6
243,900000E-3	10,302070E-6
244,600000E-3	10,217695E-6
245,600000E-3	10,135538E-6
246,400000E-3	10,054380E-6
247,000000E-3	9,974768E-6
247,700000E-3	9,895925E-6
248,400000E-3	9,817046E-6
249,500000E-3	9,739315E-6
250,500000E-3	9,661888E-6
251,200000E-3	9,583326E-6
252,000000E-3	9,504695E-6
252,500000E-3	9,428486E-6
253,300000E-3	9,354484E-6
254,400000E-3	9,280672E-6
255,100000E-3	9,207400E-6
256,100000E-3	9,127399E-6
256,900000E-3	9,052920E-6
257,800000E-3	8,980824E-6
258,600000E-3	8,908843E-6
259,200000E-3	8,837184E-6
260,200000E-3	8,766090E-6
260,900000E-3	8,695745E-6
261,600000E-3	8,626025E-6
262,600000E-3	8,557380E-6
263,300000E-3	8,490124E-6
264,300000E-3	8,424656E-6
264,900000E-3	8,361940E-6
265,700000E-3	8,299938E-6
266,400000E-3	8,235418E-6
267,300000E-3	8,174688E-6
268,300000E-3	8,111468E-6
269,100000E-3	8,046229E-6
269,800000E-3	7,977097E-6
270,800000E-3	7,913327E-6
271,500000E-3	7,851606E-6
272,100000E-3	7,793145E-6
272,800000E-3	7,737338E-6
273,900000E-3	7,681754E-6
274,500000E-3	7,623689E-6
275,600000E-3	7,567392E-6
276,200000E-3	7,515683E-6
277,300000E-3	7,464761E-6
277,600000E-3	7,411878E-6
278,800000E-3	7,356527E-6
279,600000E-3	7,301590E-6
280,200000E-3	7,249625E-6
280,900000E-3	7,200766E-6
281,900000E-3	7,150453E-6
282,800000E-3	7,102428E-6
283,700000E-3	7,053286E-6
284,700000E-3	7,006634E-6
285,400000E-3	6,960936E-6
286,100000E-3	6,913671E-6
287,100000E-3	6,867087E-6
287,400000E-3	6,823140E-6
288,300000E-3	6,781327E-6
289,200000E-3	6,739952E-6
290,200000E-3	6,697971E-6
291,000000E-3	6,655848E-6
291,600000E-3	6,614327E-6
292,300000E-3	6,574161E-6
293,200000E-3	6,535309E-6
293,900000E-3	6,493957E-6
294,600000E-3	6,450827E-6
295,500000E-3	6,406327E-6
296,200000E-3	6,366210E-6
297,300000E-3	6,328407E-6
297,900000E-3	6,290790E-6
298,800000E-3	6,252208E-6
299,600000E-3	6,214359E-6
