-300,000000E-3	6,658549E-6
-300,000000E-3	6,663724E-6
-300,000000E-3	6,659706E-6
-299,700000E-3	6,655167E-6
-299,500000E-3	6,652354E-6
-299,000000E-3	6,652300E-6
-298,500000E-3	6,654834E-6
-297,900000E-3	6,661269E-6
-297,200000E-3	6,673010E-6
-296,400000E-3	6,687222E-6
-295,800000E-3	6,703117E-6
-295,200000E-3	6,721480E-6
-294,600000E-3	6,744526E-6
-293,700000E-3	6,767602E-6
-293,100000E-3	6,791389E-6
-292,400000E-3	6,815957E-6
-291,400000E-3	6,840884E-6
-290,700000E-3	6,866672E-6
-289,800000E-3	6,894533E-6
-289,200000E-3	6,925938E-6
-288,500000E-3	6,959567E-6
-287,900000E-3	6,992330E-6
-286,800000E-3	7,023459E-6
-286,200000E-3	7,054201E-6
-285,400000E-3	7,086561E-6
-284,400000E-3	7,121093E-6
-283,500000E-3	7,157704E-6
-282,700000E-3	7,195717E-6
-282,000000E-3	7,234016E-6
-281,300000E-3	7,271975E-6
-280,700000E-3	7,308968E-6
-279,700000E-3	7,346452E-6
-278,900000E-3	7,385024E-6
-278,000000E-3	7,423265E-6
-277,200000E-3	7,461827E-6
-276,200000E-3	7,502097E-6
-275,500000E-3	7,544126E-6
-274,800000E-3	7,588354E-6
-274,100000E-3	7,631717E-6
-273,100000E-3	7,673399E-6
-272,500000E-3	7,715251E-6
-271,800000E-3	7,758126E-6
-270,700000E-3	7,803455E-6
-269,900000E-3	7,852639E-6
-269,000000E-3	7,904210E-6
-268,400000E-3	7,954440E-6
-267,700000E-3	8,001658E-6
-267,000000E-3	8,047298E-6
-266,000000E-3	8,094102E-6
-265,300000E-3	8,145278E-6
-264,600000E-3	8,198404E-6
-263,500000E-3	8,249355E-6
-262,500000E-3	8,298750E-6
-261,900000E-3	8,349024E-6
-261,200000E-3	8,404904E-6
-260,500000E-3	8,457507E-6
-259,500000E-3	8,510123E-6
-258,800000E-3	8,565419E-6
-258,100000E-3	8,623587E-6
-257,400000E-3	8,683035E-6
-256,400000E-3	8,742346E-6
-255,300000E-3	8,801288E-6
-254,600000E-3	8,859658E-6
-254,000000E-3	8,917622E-6
-253,200000E-3	8,975582E-6
-252,200000E-3	9,034188E-6
-251,500000E-3	9,094317E-6
-250,900000E-3	9,156617E-6
-249,800000E-3	9,220373E-6
-249,100000E-3	9,285138E-6
-248,100000E-3	9,351599E-6
-247,100000E-3	9,418359E-6
-246,700000E-3	9,489281E-6
-245,700000E-3	9,560466E-6
-245,000000E-3	9,633102E-6
-244,400000E-3	9,701653E-6
-243,600000E-3	9,768706E-6
-242,600000E-3	9,836428E-6
-241,600000E-3	9,904488E-6
-240,900000E-3	9,978849E-6
-239,900000E-3	10,045533E-6
-239,200000E-3	10,115108E-6
-238,500000E-3	10,190879E-6
-237,800000E-3	10,265505E-6
-236,800000E-3	10,340710E-6
-236,100000E-3	10,414618E-6
-235,400000E-3	10,488240E-6
-234,400000E-3	10,561440E-6
-233,500000E-3	10,634790E-6
-232,700000E-3	10,709360E-6
-232,000000E-3	10,790431E-6
-230,900000E-3	10,867642E-6
-230,300000E-3	10,945481E-6
-229,600000E-3	11,024955E-6
-229,000000E-3	11,107073E-6
-227,900000E-3	11,186617E-6
-227,200000E-3	11,261436E-6
-226,300000E-3	11,336493E-6
-225,400000E-3	11,413933E-6
-224,900000E-3	11,493627E-6
-223,800000E-3	11,575362E-6
-223,100000E-3	11,657817E-6
-222,400000E-3	11,739204E-6
-221,700000E-3	11,820703E-6
-220,700000E-3	11,903584E-6
-219,900000E-3	11,988306E-6
-219,000000E-3	12,075900E-6
-218,400000E-3	12,165053E-6
-217,300000E-3	12,252914E-6
-216,600000E-3	12,339645E-6
-216,000000E-3	12,426502E-6
-215,000000E-3	12,515122E-6
-214,600000E-3	12,604750E-6
-213,600000E-3	12,695211E-6
-212,500000E-3	12,787818E-6
-211,800000E-3	12,882235E-6
-211,200000E-3	12,981481E-6
-210,500000E-3	13,073827E-6
-209,400000E-3	13,166716E-6
-208,700000E-3	13,264896E-6
-208,100000E-3	13,364327E-6
-207,000000E-3	13,462929E-6
-206,400000E-3	13,563978E-6
-205,300000E-3	13,666654E-6
-204,600000E-3	13,770396E-6
-204,000000E-3	13,876581E-6
-202,900000E-3	13,984925E-6
-201,900000E-3	14,093802E-6
-201,500000E-3	14,201476E-6
-200,900000E-3	14,307482E-6
-199,800000E-3	14,412944E-6
-199,000000E-3	14,522807E-6
-198,100000E-3	14,634413E-6
-197,500000E-3	14,744224E-6
-196,500000E-3	14,855196E-6
-195,700000E-3	14,966962E-6
-195,100000E-3	15,087408E-6
-194,400000E-3	15,201943E-6
-193,400000E-3	15,316117E-6
-192,700000E-3	15,428735E-6
-191,600000E-3	15,547459E-6
-191,000000E-3	15,660117E-6
-189,900000E-3	15,779292E-6
-189,300000E-3	15,906795E-6
-188,600000E-3	16,022226E-6
-187,500000E-3	16,136670E-6
-186,800000E-3	16,250953E-6
-186,100000E-3	16,364617E-6
-185,100000E-3	16,479263E-6
-184,500000E-3	16,596665E-6
-183,400000E-3	16,714927E-6
-182,700000E-3	16,839812E-6
-182,000000E-3	16,956301E-6
-181,000000E-3	17,073952E-6
-180,300000E-3	17,192216E-6
-179,600000E-3	17,316876E-6
-178,600000E-3	17,432875E-6
-178,000000E-3	17,548980E-6
-177,300000E-3	17,666901E-6
-176,200000E-3	17,786931E-6
-175,500000E-3	17,906603E-6
-174,900000E-3	18,024903E-6
-173,800000E-3	18,144081E-6
-173,100000E-3	18,264585E-6
-172,500000E-3	18,384724E-6
-171,700000E-3	18,508913E-6
-170,700000E-3	18,633817E-6
-169,800000E-3	18,755243E-6
-169,000000E-3	18,874749E-6
-168,400000E-3	18,992698E-6
-167,400000E-3	19,111205E-6
-166,700000E-3	19,232155E-6
-166,000000E-3	19,355076E-6
-165,300000E-3	19,478173E-6
-164,200000E-3	19,599688E-6
-163,600000E-3	19,719294E-6
-162,500000E-3	19,837845E-6
-161,500000E-3	19,963973E-6
-160,800000E-3	20,080826E-6
-160,200000E-3	20,194780E-6
-159,500000E-3	20,305435E-6
-158,800000E-3	20,413944E-6
-158,100000E-3	20,521561E-6
-157,100000E-3	20,629173E-6
-156,200000E-3	20,737185E-6
-155,400000E-3	20,844772E-6
-154,700000E-3	20,951343E-6
-153,600000E-3	21,056991E-6
-153,000000E-3	21,162173E-6
-152,300000E-3	21,265520E-6
-151,600000E-3	21,371584E-6
-150,700000E-3	21,466584E-6
-149,900000E-3	21,559276E-6
-148,800000E-3	21,651725E-6
-148,200000E-3	21,744744E-6
-147,500000E-3	21,837155E-6
-146,500000E-3	21,926605E-6
-145,800000E-3	22,013766E-6
-145,100000E-3	22,099028E-6
-144,400000E-3	22,182176E-6
-143,500000E-3	22,262854E-6
-142,600000E-3	22,341782E-6
-141,700000E-3	22,423237E-6
-141,000000E-3	22,503600E-6
-139,900000E-3	22,579412E-6
-139,300000E-3	22,652758E-6
-138,600000E-3	22,724764E-6
-137,900000E-3	22,797909E-6
-137,000000E-3	22,872835E-6
-136,200000E-3	22,948833E-6
-135,500000E-3	23,024869E-6
-134,500000E-3	23,105105E-6
-133,700000E-3	23,180343E-6
-132,700000E-3	23,255512E-6
-132,100000E-3	23,331074E-6
-131,000000E-3	23,411573E-6
-130,700000E-3	23,488182E-6
-129,700000E-3	23,564452E-6
-129,000000E-3	23,640409E-6
-128,000000E-3	23,723544E-6
-127,100000E-3	23,805559E-6
-126,300000E-3	23,890394E-6
-125,600000E-3	23,978548E-6
-124,900000E-3	24,075358E-6
-123,900000E-3	24,172005E-6
-123,200000E-3	24,271694E-6
-122,200000E-3	24,372886E-6
-121,600000E-3	24,477629E-6
-120,800000E-3	24,583867E-6
-119,800000E-3	24,689606E-6
-119,000000E-3	24,800764E-6
-118,400000E-3	24,905797E-6
-117,400000E-3	25,012345E-6
-116,700000E-3	25,119930E-6
-116,000000E-3	25,227824E-6
-115,300000E-3	25,335255E-6
-114,300000E-3	25,444896E-6
-113,300000E-3	25,550800E-6
-112,700000E-3	25,649056E-6
-112,000000E-3	25,740798E-6
-111,100000E-3	25,824102E-6
-110,200000E-3	25,898356E-6
-109,500000E-3	25,971520E-6
-108,500000E-3	26,026138E-6
-107,800000E-3	26,067844E-6
-107,100000E-3	26,094642E-6
-106,400000E-3	26,108023E-6
-105,400000E-3	26,107199E-6
-104,700000E-3	26,089507E-6
-103,900000E-3	26,052226E-6
-103,000000E-3	25,993802E-6
-102,000000E-3	25,914215E-6
-101,300000E-3	25,812236E-6
-100,600000E-3	25,687042E-6
-99,900000E-3	25,539123E-6
-99,200000E-3	25,368614E-6
-98,200000E-3	25,172352E-6
-97,500000E-3	24,948559E-6
-96,500000E-3	24,661858E-6
-95,600000E-3	24,376163E-6
-94,800000E-3	24,059966E-6
-94,100000E-3	23,690913E-6
-93,000000E-3	23,313951E-6
-92,300000E-3	22,909770E-6
-91,400000E-3	22,478037E-6
-91,000000E-3	22,016472E-6
-90,100000E-3	21,524172E-6
-89,300000E-3	21,003827E-6
-88,200000E-3	20,454410E-6
-87,500000E-3	19,853628E-6
-86,900000E-3	19,220840E-6
-85,800000E-3	18,575226E-6
-85,100000E-3	17,897803E-6
-84,400000E-3	17,143075E-6
-83,700000E-3	16,398062E-6
-82,700000E-3	15,621177E-6
-82,000000E-3	14,811723E-6
-81,000000E-3	13,918213E-6
-80,200000E-3	13,045948E-6
-79,500000E-3	12,144977E-6
-78,600000E-3	11,180634E-6
-77,900000E-3	10,189520E-6
-76,800000E-3	9,198326E-6
-76,200000E-3	8,180395E-6
-75,500000E-3	7,070804E-6
-74,800000E-3	6,006201E-6
-73,700000E-3	4,922569E-6
-73,000000E-3	3,822600E-6
-72,200000E-3	2,638280E-6
-71,400000E-3	1,516122E-6
-70,300000E-3	391,653296E-9
-69,300000E-3	-733,133361E-9
-68,900000E-3	-1,911005E-6
-68,300000E-3	-3,001798E-6
-67,200000E-3	-4,071903E-6
-66,500000E-3	-5,114679E-6
-65,800000E-3	-6,124691E-6
-65,000000E-3	-7,094972E-6
-64,000000E-3	-8,023524E-6
-63,100000E-3	-8,904369E-6
-62,400000E-3	-9,833604E-6
-61,400000E-3	-10,626559E-6
-60,700000E-3	-11,395192E-6
-59,700000E-3	-12,033207E-6
-58,900000E-3	-12,607696E-6
-58,300000E-3	-13,119373E-6
-57,600000E-3	-13,566627E-6
-56,900000E-3	-13,950049E-6
-56,000000E-3	-14,272571E-6
-55,100000E-3	-14,539232E-6
-54,200000E-3	-14,752104E-6
-53,400000E-3	-14,911107E-6
-52,700000E-3	-15,017486E-6
-51,700000E-3	-15,075556E-6
-51,000000E-3	-15,088395E-6
-50,300000E-3	-15,059547E-6
-49,600000E-3	-14,991506E-6
-48,900000E-3	-14,886182E-6
-47,900000E-3	-14,746877E-6
-47,200000E-3	-14,577475E-6
-46,400000E-3	-14,367612E-6
-45,400000E-3	-14,143267E-6
-44,500000E-3	-13,894600E-6
-43,700000E-3	-13,623889E-6
-43,100000E-3	-13,305320E-6
-42,000000E-3	-12,991262E-6
-41,300000E-3	-12,676269E-6
-40,600000E-3	-12,332150E-6
-39,600000E-3	-11,999855E-6
-38,900000E-3	-11,660804E-6
-38,300000E-3	-11,315654E-6
-37,200000E-3	-10,944853E-6
-36,500000E-3	-10,595733E-6
-35,600000E-3	-10,250637E-6
-34,800000E-3	-9,878541E-6
-33,800000E-3	-9,534878E-6
-33,000000E-3	-9,208603E-6
-32,400000E-3	-8,891900E-6
-31,700000E-3	-8,585649E-6
-31,000000E-3	-8,288648E-6
-29,900000E-3	-8,002133E-6
-29,300000E-3	-7,727364E-6
-28,400000E-3	-7,467185E-6
-27,600000E-3	-7,223241E-6
-26,600000E-3	-6,995082E-6
-25,800000E-3	-6,783102E-6
-25,100000E-3	-6,580962E-6
-24,400000E-3	-6,397273E-6
-23,400000E-3	-6,236525E-6
-22,700000E-3	-6,092400E-6
-22,000000E-3	-5,963481E-6
-21,300000E-3	-5,850390E-6
-20,400000E-3	-5,755284E-6
-19,600000E-3	-5,678108E-6
-18,700000E-3	-5,616473E-6
-17,900000E-3	-5,569807E-6
-17,200000E-3	-5,537908E-6
-16,200000E-3	-5,519942E-6
-15,500000E-3	-5,515864E-6
-14,800000E-3	-5,525406E-6
-14,100000E-3	-5,544564E-6
-13,000000E-3	-5,572382E-6
-12,300000E-3	-5,606622E-6
-11,700000E-3	-5,644882E-6
-10,600000E-3	-5,687687E-6
-9,700000E-3	-5,734964E-6
-9,000000E-3	-5,785309E-6
-8,300000E-3	-5,837491E-6
-7,600000E-3	-5,891448E-6
-6,900000E-3	-5,947295E-6
-6,200000E-3	-6,003649E-6
-5,200000E-3	-6,059137E-6
-4,500000E-3	-6,108228E-6
-3,400000E-3	-6,150318E-6
-2,700000E-3	-6,190848E-6
-1,800000E-3	-6,230010E-6
-900,000000E-6	-6,264303E-6
-200,000000E-6	-6,290774E-6
500,000000E-6	-6,309681E-6
1,500000E-3	-6,322628E-6
2,200000E-3	-6,331984E-6
3,000000E-3	-6,337995E-6
3,600000E-3	-6,337214E-6
4,700000E-3	-6,326931E-6
5,700000E-3	-6,309716E-6
6,400000E-3	-6,287202E-6
7,400000E-3	-6,263277E-6
8,100000E-3	-6,237114E-6
8,900000E-3	-6,203879E-6
9,900000E-3	-6,172101E-6
10,500000E-3	-6,139275E-6
11,200000E-3	-6,101863E-6
11,900000E-3	-6,062199E-6
13,000000E-3	-6,020890E-6
13,700000E-3	-5,978193E-6
14,800000E-3	-5,939562E-6
15,400000E-3	-5,903667E-6
16,400000E-3	-5,872231E-6
17,100000E-3	-5,845452E-6
17,800000E-3	-5,822517E-6
18,800000E-3	-5,804093E-6
19,500000E-3	-5,791279E-6
20,200000E-3	-5,785183E-6
20,900000E-3	-5,787718E-6
21,900000E-3	-5,798582E-6
22,600000E-3	-5,817668E-6
23,600000E-3	-5,847093E-6
24,300000E-3	-5,887572E-6
25,200000E-3	-5,938653E-6
26,100000E-3	-6,001479E-6
26,800000E-3	-6,084022E-6
27,500000E-3	-6,178718E-6
28,800000E-3	-6,289542E-6
29,200000E-3	-6,415993E-6
29,800000E-3	-6,562221E-6
30,800000E-3	-6,722088E-6
31,900000E-3	-6,893171E-6
32,600000E-3	-7,083691E-6
33,300000E-3	-7,293131E-6
34,000000E-3	-7,519039E-6
34,600000E-3	-7,759453E-6
35,700000E-3	-8,013554E-6
36,500000E-3	-8,281642E-6
37,300000E-3	-8,562111E-6
38,000000E-3	-8,852403E-6
39,100000E-3	-9,151567E-6
39,800000E-3	-9,461064E-6
40,500000E-3	-9,780720E-6
41,200000E-3	-10,106397E-6
41,800000E-3	-10,437985E-6
42,900000E-3	-10,772191E-6
43,600000E-3	-11,106289E-6
44,400000E-3	-11,438129E-6
45,300000E-3	-11,788793E-6
46,300000E-3	-12,113488E-6
47,000000E-3	-12,430323E-6
47,700000E-3	-12,738017E-6
48,400000E-3	-13,035056E-6
49,400000E-3	-13,317388E-6
50,100000E-3	-13,589619E-6
50,800000E-3	-13,839048E-6
51,500000E-3	-14,058134E-6
52,600000E-3	-14,254024E-6
53,300000E-3	-14,424011E-6
54,300000E-3	-14,564686E-6
55,000000E-3	-14,672875E-6
55,700000E-3	-14,746334E-6
56,800000E-3	-14,782239E-6
57,400000E-3	-14,777312E-6
58,100000E-3	-14,729352E-6
58,700000E-3	-14,636810E-6
59,500000E-3	-14,492143E-6
60,500000E-3	-14,297113E-6
61,400000E-3	-14,054652E-6
62,200000E-3	-13,735705E-6
63,200000E-3	-13,373968E-6
64,000000E-3	-12,950418E-6
64,700000E-3	-12,401246E-6
65,700000E-3	-11,847638E-6
66,400000E-3	-11,231190E-6
67,100000E-3	-10,483748E-6
68,100000E-3	-9,717026E-6
68,800000E-3	-8,918043E-6
69,400000E-3	-8,063924E-6
70,200000E-3	-7,158073E-6
71,200000E-3	-6,204026E-6
72,000000E-3	-5,208054E-6
72,900000E-3	-4,174594E-6
73,600000E-3	-3,110401E-6
74,600000E-3	-2,021373E-6
75,300000E-3	-909,661307E-9
76,000000E-3	217,282113E-9
76,700000E-3	1,426678E-6
77,800000E-3	2,560634E-6
78,400000E-3	3,693850E-6
79,100000E-3	4,820762E-6
79,800000E-3	5,937370E-6
80,900000E-3	7,037487E-6
81,700000E-3	8,119668E-6
82,600000E-3	9,177017E-6
83,200000E-3	10,206128E-6
84,300000E-3	11,263645E-6
85,000000E-3	12,225887E-6
85,700000E-3	13,156801E-6
86,400000E-3	14,090818E-6
87,400000E-3	14,989806E-6
88,100000E-3	15,828328E-6
88,800000E-3	16,630493E-6
89,800000E-3	17,394897E-6
90,500000E-3	18,123064E-6
91,500000E-3	18,816286E-6
92,300000E-3	19,476306E-6
93,000000E-3	20,105970E-6
93,600000E-3	20,741985E-6
94,600000E-3	21,307941E-6
95,400000E-3	21,840088E-6
96,100000E-3	22,339794E-6
96,800000E-3	22,805619E-6
97,900000E-3	23,239822E-6
98,500000E-3	23,644483E-6
99,500000E-3	24,020818E-6
100,300000E-3	24,368717E-6
100,900000E-3	24,689266E-6
102,000000E-3	24,982088E-6
102,600000E-3	25,247014E-6
103,300000E-3	25,483809E-6
104,000000E-3	25,693712E-6
104,700000E-3	25,876471E-6
105,700000E-3	26,032770E-6
106,500000E-3	26,168346E-6
107,500000E-3	26,280001E-6
108,400000E-3	26,367320E-6
109,300000E-3	26,435466E-6
109,900000E-3	26,482859E-6
111,000000E-3	26,510171E-6
111,700000E-3	26,514290E-6
112,300000E-3	26,502138E-6
113,300000E-3	26,474079E-6
114,000000E-3	26,429734E-6
114,700000E-3	26,368014E-6
115,400000E-3	26,295152E-6
116,400000E-3	26,216098E-6
117,100000E-3	26,128444E-6
118,000000E-3	26,032392E-6
118,900000E-3	25,929628E-6
119,600000E-3	25,822997E-6
120,300000E-3	25,713858E-6
121,300000E-3	25,602017E-6
122,000000E-3	25,488706E-6
122,600000E-3	25,375681E-6
123,400000E-3	25,262855E-6
124,400000E-3	25,149944E-6
125,300000E-3	25,034073E-6
126,100000E-3	24,906490E-6
127,100000E-3	24,797987E-6
127,900000E-3	24,692073E-6
128,500000E-3	24,584008E-6
129,200000E-3	24,487258E-6
130,200000E-3	24,396127E-6
130,900000E-3	24,309996E-6
131,600000E-3	24,226114E-6
132,300000E-3	24,143535E-6
133,300000E-3	24,063607E-6
134,000000E-3	23,989169E-6
135,100000E-3	23,920374E-6
135,700000E-3	23,852525E-6
136,800000E-3	23,792207E-6
137,400000E-3	23,733861E-6
138,200000E-3	23,675541E-6
138,800000E-3	23,616866E-6
139,500000E-3	23,559745E-6
140,600000E-3	23,505459E-6
141,300000E-3	23,452946E-6
142,100000E-3	23,394992E-6
142,900000E-3	23,339387E-6
144,000000E-3	23,284171E-6
144,700000E-3	23,222717E-6
145,700000E-3	23,162201E-6
146,400000E-3	23,101169E-6
147,100000E-3	23,035443E-6
147,800000E-3	22,971315E-6
148,800000E-3	22,905698E-6
149,500000E-3	22,837677E-6
150,100000E-3	22,766266E-6
151,200000E-3	22,691098E-6
151,900000E-3	22,612081E-6
152,900000E-3	22,529073E-6
153,600000E-3	22,442783E-6
154,300000E-3	22,346794E-6
155,000000E-3	22,252941E-6
156,100000E-3	22,158207E-6
156,700000E-3	22,061466E-6
157,400000E-3	21,960558E-6
158,300000E-3	21,855916E-6
159,100000E-3	21,749423E-6
160,000000E-3	21,640535E-6
160,800000E-3	21,520398E-6
161,500000E-3	21,404429E-6
162,600000E-3	21,286751E-6
163,300000E-3	21,168495E-6
164,000000E-3	21,041819E-6
164,600000E-3	20,920258E-6
165,600000E-3	20,797376E-6
166,300000E-3	20,672752E-6
167,100000E-3	20,547142E-6
168,100000E-3	20,421503E-6
168,800000E-3	20,296607E-6
169,800000E-3	20,167589E-6
170,500000E-3	20,030491E-6
171,500000E-3	19,903895E-6
172,300000E-3	19,776098E-6
173,000000E-3	19,639861E-6
173,600000E-3	19,512878E-6
174,700000E-3	19,387688E-6
175,400000E-3	19,261990E-6
176,100000E-3	19,126880E-6
177,100000E-3	19,000021E-6
177,900000E-3	18,870754E-6
178,500000E-3	18,744465E-6
179,200000E-3	18,623168E-6
180,600000E-3	18,502021E-6
181,300000E-3	18,381119E-6
182,000000E-3	18,260264E-6
182,700000E-3	18,138444E-6
183,000000E-3	18,016142E-6
184,400000E-3	17,893510E-6
185,100000E-3	17,773053E-6
185,900000E-3	17,656408E-6
186,500000E-3	17,541399E-6
187,200000E-3	17,426518E-6
188,300000E-3	17,310410E-6
189,100000E-3	17,192029E-6
189,800000E-3	17,071027E-6
190,500000E-3	16,950715E-6
191,600000E-3	16,833670E-6
192,300000E-3	16,719023E-6
193,100000E-3	16,604177E-6
193,700000E-3	16,487044E-6
194,500000E-3	16,368640E-6
195,600000E-3	16,250827E-6
196,300000E-3	16,133851E-6
197,000000E-3	16,017703E-6
197,800000E-3	15,902324E-6
198,500000E-3	15,782847E-6
199,600000E-3	15,662477E-6
200,300000E-3	15,544591E-6
201,000000E-3	15,427735E-6
201,800000E-3	15,312826E-6
202,800000E-3	15,199519E-6
203,600000E-3	15,085860E-6
204,300000E-3	14,971223E-6
205,000000E-3	14,857098E-6
206,100000E-3	14,742580E-6
206,800000E-3	14,627312E-6
207,500000E-3	14,512183E-6
208,300000E-3	14,391039E-6
209,400000E-3	14,279407E-6
210,100000E-3	14,169915E-6
210,800000E-3	14,061454E-6
211,600000E-3	13,952300E-6
212,300000E-3	13,841731E-6
213,300000E-3	13,730569E-6
214,100000E-3	13,619967E-6
214,800000E-3	13,510047E-6
215,500000E-3	13,401955E-6
216,600000E-3	13,296505E-6
217,300000E-3	13,193105E-6
218,000000E-3	13,091010E-6
218,800000E-3	12,982679E-6
219,700000E-3	12,880107E-6
220,600000E-3	12,777668E-6
221,300000E-3	12,675377E-6
222,100000E-3	12,572971E-6
222,800000E-3	12,471652E-6
223,600000E-3	12,371797E-6
224,600000E-3	12,273114E-6
224,600000E-3	12,176446E-6
226,000000E-3	12,081903E-6
226,700000E-3	11,987739E-6
227,500000E-3	11,892823E-6
228,200000E-3	11,793809E-6
229,300000E-3	11,696620E-6
230,300000E-3	11,604846E-6
230,700000E-3	11,513727E-6
231,400000E-3	11,421558E-6
232,500000E-3	11,329595E-6
233,300000E-3	11,238174E-6
234,300000E-3	11,148705E-6
234,700000E-3	11,062796E-6
235,400000E-3	10,979071E-6
236,500000E-3	10,895798E-6
236,500000E-3	10,813240E-6
238,000000E-3	10,729296E-6
238,800000E-3	10,645198E-6
239,500000E-3	10,562187E-6
240,600000E-3	10,479580E-6
241,000000E-3	10,398996E-6
241,900000E-3	10,318722E-6
242,700000E-3	10,236859E-6
243,500000E-3	10,153942E-6
244,600000E-3	10,073530E-6
245,300000E-3	9,997163E-6
246,000000E-3	9,918418E-6
246,700000E-3	9,844294E-6
247,800000E-3	9,768086E-6
248,600000E-3	9,693161E-6
249,300000E-3	9,621597E-6
250,400000E-3	9,550691E-6
251,200000E-3	9,478673E-6
251,900000E-3	9,405399E-6
252,600000E-3	9,333075E-6
253,300000E-3	9,263441E-6
254,400000E-3	9,193952E-6
255,200000E-3	9,123126E-6
255,900000E-3	9,042444E-6
256,800000E-3	8,972822E-6
257,600000E-3	8,904912E-6
258,500000E-3	8,836917E-6
259,200000E-3	8,769395E-6
259,900000E-3	8,701978E-6
260,800000E-3	8,636358E-6
261,500000E-3	8,572717E-6
262,400000E-3	8,508441E-6
263,200000E-3	8,443460E-6
263,900000E-3	8,378957E-6
264,600000E-3	8,315552E-6
265,600000E-3	8,246941E-6
266,500000E-3	8,184039E-6
267,200000E-3	8,125493E-6
268,000000E-3	8,068578E-6
269,000000E-3	8,012612E-6
269,700000E-3	7,957073E-6
270,500000E-3	7,900962E-6
271,200000E-3	7,844726E-6
271,900000E-3	7,788887E-6
273,000000E-3	7,733268E-6
273,700000E-3	7,678399E-6
274,500000E-3	7,624935E-6
275,200000E-3	7,572360E-6
276,300000E-3	7,521992E-6
277,000000E-3	7,472888E-6
277,700000E-3	7,416780E-6
278,800000E-3	7,366889E-6
279,500000E-3	7,317328E-6
280,300000E-3	7,264421E-6
281,000000E-3	7,214490E-6
282,100000E-3	7,166204E-6
282,800000E-3	7,120895E-6
283,500000E-3	7,075613E-6
284,600000E-3	7,029978E-6
285,400000E-3	6,984521E-6
286,100000E-3	6,939425E-6
286,900000E-3	6,895267E-6
287,500000E-3	6,852793E-6
288,400000E-3	6,811968E-6
289,100000E-3	6,771501E-6
290,100000E-3	6,731538E-6
290,800000E-3	6,692746E-6
291,500000E-3	6,654311E-6
292,300000E-3	6,614759E-6
293,100000E-3	6,571870E-6
294,100000E-3	6,529708E-6
294,800000E-3	6,491572E-6
295,600000E-3	6,454441E-6
296,300000E-3	6,417192E-6
297,100000E-3	6,381128E-6
297,800000E-3	6,345596E-6
298,500000E-3	6,309205E-6
299,500000E-3	6,271434E-6
