-300,000000E-3	6,752646E-6
-300,000000E-3	6,754080E-6
-299,900000E-3	6,753748E-6
-299,600000E-3	6,754419E-6
-299,200000E-3	6,756560E-6
-298,900000E-3	6,758493E-6
-298,400000E-3	6,759317E-6
-297,900000E-3	6,760921E-6
-297,200000E-3	6,766302E-6
-296,600000E-3	6,777053E-6
-295,700000E-3	6,791723E-6
-295,100000E-3	6,808313E-6
-294,200000E-3	6,825965E-6
-293,600000E-3	6,844567E-6
-293,000000E-3	6,865795E-6
-292,300000E-3	6,891269E-6
-291,600000E-3	6,919595E-6
-290,800000E-3	6,946919E-6
-290,100000E-3	6,971447E-6
-289,300000E-3	6,996182E-6
-288,500000E-3	7,024936E-6
-287,600000E-3	7,056865E-6
-286,700000E-3	7,089206E-6
-286,000000E-3	7,122206E-6
-285,300000E-3	7,156073E-6
-284,600000E-3	7,189251E-6
-283,900000E-3	7,223242E-6
-282,800000E-3	7,258580E-6
-282,200000E-3	7,293183E-6
-281,100000E-3	7,326879E-6
-280,500000E-3	7,356725E-6
-279,400000E-3	7,388356E-6
-278,700000E-3	7,423461E-6
-278,000000E-3	7,464931E-6
-277,000000E-3	7,505949E-6
-276,400000E-3	7,545860E-6
-275,600000E-3	7,584056E-6
-274,600000E-3	7,620418E-6
-273,900000E-3	7,656836E-6
-273,200000E-3	7,695200E-6
-272,600000E-3	7,735072E-6
-271,500000E-3	7,776688E-6
-270,600000E-3	7,818162E-6
-269,800000E-3	7,857800E-6
-269,100000E-3	7,896805E-6
-268,400000E-3	7,939844E-6
-267,400000E-3	7,982841E-6
-266,500000E-3	8,027436E-6
-265,800000E-3	8,075258E-6
-265,100000E-3	8,125102E-6
-264,300000E-3	8,174844E-6
-263,400000E-3	8,224934E-6
-262,500000E-3	8,273607E-6
-261,800000E-3	8,321688E-6
-261,100000E-3	8,371021E-6
-260,400000E-3	8,421210E-6
-259,500000E-3	8,471293E-6
-258,600000E-3	8,521149E-6
-257,900000E-3	8,570351E-6
-257,200000E-3	8,621006E-6
-256,300000E-3	8,675914E-6
-255,300000E-3	8,734688E-6
-254,600000E-3	8,787768E-6
-253,800000E-3	8,840272E-6
-253,100000E-3	8,892566E-6
-252,000000E-3	8,949744E-6
-251,300000E-3	9,006564E-6
-250,600000E-3	9,064950E-6
-249,800000E-3	9,122711E-6
-248,800000E-3	9,181027E-6
-248,000000E-3	9,240978E-6
-247,300000E-3	9,302950E-6
-246,600000E-3	9,363669E-6
-245,500000E-3	9,422021E-6
-244,700000E-3	9,481383E-6
-244,100000E-3	9,542974E-6
-243,400000E-3	9,606583E-6
-242,600000E-3	9,670501E-6
-241,500000E-3	9,734612E-6
-240,800000E-3	9,798573E-6
-240,100000E-3	9,861818E-6
-239,400000E-3	9,924575E-6
-238,700000E-3	9,987617E-6
-237,500000E-3	10,053170E-6
-236,800000E-3	10,119448E-6
-235,700000E-3	10,189102E-6
-235,000000E-3	10,256279E-6
-234,300000E-3	10,325035E-6
-233,500000E-3	10,393381E-6
-232,500000E-3	10,468952E-6
-231,700000E-3	10,536865E-6
-231,000000E-3	10,605678E-6
-229,900000E-3	10,680720E-6
-229,200000E-3	10,751873E-6
-228,500000E-3	10,821791E-6
-227,700000E-3	10,896113E-6
-226,900000E-3	10,965822E-6
-226,200000E-3	11,035293E-6
-225,300000E-3	11,105461E-6
-224,500000E-3	11,181043E-6
-223,800000E-3	11,252618E-6
-223,000000E-3	11,325623E-6
-222,200000E-3	11,400569E-6
-221,300000E-3	11,482036E-6
-220,500000E-3	11,558861E-6
-219,800000E-3	11,635019E-6
-219,100000E-3	11,710718E-6
-218,000000E-3	11,786676E-6
-217,300000E-3	11,863198E-6
-216,600000E-3	11,941829E-6
-215,800000E-3	12,022717E-6
-214,800000E-3	12,104581E-6
-214,100000E-3	12,186720E-6
-213,300000E-3	12,270471E-6
-212,600000E-3	12,356199E-6
-211,800000E-3	12,447064E-6
-210,800000E-3	12,529755E-6
-210,100000E-3	12,611642E-6
-209,300000E-3	12,695043E-6
-208,600000E-3	12,780163E-6
-207,600000E-3	12,866646E-6
-206,800000E-3	12,955069E-6
-206,000000E-3	13,045381E-6
-205,300000E-3	13,135624E-6
-204,600000E-3	13,225172E-6
-203,500000E-3	13,316228E-6
-202,800000E-3	13,410753E-6
-202,000000E-3	13,510833E-6
-201,300000E-3	13,610660E-6
-200,200000E-3	13,706652E-6
-199,600000E-3	13,801682E-6
-198,800000E-3	13,897974E-6
-198,100000E-3	13,996248E-6
-197,400000E-3	14,095447E-6
-196,300000E-3	14,195118E-6
-195,500000E-3	14,295451E-6
-194,900000E-3	14,394992E-6
-194,200000E-3	14,494200E-6
-193,100000E-3	14,595114E-6
-192,300000E-3	14,695886E-6
-191,600000E-3	14,798686E-6
-190,500000E-3	14,901900E-6
-189,800000E-3	15,003918E-6
-189,000000E-3	15,106202E-6
-188,300000E-3	15,206963E-6
-187,600000E-3	15,306358E-6
-186,800000E-3	15,406148E-6
-185,800000E-3	15,507999E-6
-185,000000E-3	15,611847E-6
-184,300000E-3	15,715303E-6
-183,200000E-3	15,825050E-6
-182,500000E-3	15,932723E-6
-181,800000E-3	16,039802E-6
-181,000000E-3	16,143038E-6
-179,900000E-3	16,246816E-6
-179,200000E-3	16,351157E-6
-178,500000E-3	16,456604E-6
-177,800000E-3	16,562915E-6
-176,800000E-3	16,668910E-6
-176,000000E-3	16,773956E-6
-175,200000E-3	16,878480E-6
-174,500000E-3	16,982738E-6
-173,600000E-3	17,094823E-6
-172,700000E-3	17,206672E-6
-172,000000E-3	17,318587E-6
-171,200000E-3	17,426418E-6
-170,500000E-3	17,532633E-6
-169,600000E-3	17,636572E-6
-168,800000E-3	17,739086E-6
-168,000000E-3	17,841975E-6
-167,300000E-3	17,951924E-6
-166,600000E-3	18,055301E-6
-165,700000E-3	18,159859E-6
-164,900000E-3	18,265275E-6
-164,000000E-3	18,372877E-6
-163,300000E-3	18,476898E-6
-162,500000E-3	18,576372E-6
-161,800000E-3	18,677392E-6
-160,700000E-3	18,779364E-6
-160,000000E-3	18,882333E-6
-159,300000E-3	18,983841E-6
-158,600000E-3	19,080378E-6
-157,800000E-3	19,172962E-6
-156,700000E-3	19,265516E-6
-155,900000E-3	19,358388E-6
-155,200000E-3	19,450178E-6
-154,100000E-3	19,551826E-6
-153,300000E-3	19,641280E-6
-152,600000E-3	19,729866E-6
-151,900000E-3	19,817920E-6
-150,900000E-3	19,910632E-6
-150,100000E-3	19,995983E-6
-149,300000E-3	20,079483E-6
-148,600000E-3	20,166158E-6
-147,700000E-3	20,245527E-6
-146,900000E-3	20,325055E-6
-146,200000E-3	20,408309E-6
-145,400000E-3	20,488808E-6
-144,600000E-3	20,562297E-6
-143,900000E-3	20,632091E-6
-143,100000E-3	20,700212E-6
-142,400000E-3	20,767570E-6
-141,700000E-3	20,834757E-6
-140,500000E-3	20,902419E-6
-139,800000E-3	20,969964E-6
-138,700000E-3	21,041843E-6
-137,900000E-3	21,108473E-6
-137,200000E-3	21,173035E-6
-136,500000E-3	21,237763E-6
-135,600000E-3	21,302313E-6
-134,900000E-3	21,366738E-6
-133,900000E-3	21,432321E-6
-133,200000E-3	21,497320E-6
-132,400000E-3	21,561169E-6
-131,700000E-3	21,623898E-6
-130,900000E-3	21,685975E-6
-130,200000E-3	21,747862E-6
-129,400000E-3	21,811150E-6
-128,800000E-3	21,876991E-6
-127,600000E-3	21,944806E-6
-126,900000E-3	22,017284E-6
-125,800000E-3	22,096619E-6
-125,100000E-3	22,171503E-6
-124,300000E-3	22,248142E-6
-123,600000E-3	22,328159E-6
-122,800000E-3	22,411059E-6
-122,100000E-3	22,494834E-6
-121,300000E-3	22,577874E-6
-120,600000E-3	22,660000E-6
-119,800000E-3	22,740611E-6
-119,100000E-3	22,820837E-6
-117,900000E-3	22,902810E-6
-117,200000E-3	22,990771E-6
-116,100000E-3	23,084309E-6
-115,300000E-3	23,167592E-6
-114,600000E-3	23,245506E-6
-113,900000E-3	23,316193E-6
-113,100000E-3	23,386549E-6
-112,300000E-3	23,451258E-6
-111,600000E-3	23,511928E-6
-110,800000E-3	23,564167E-6
-110,100000E-3	23,605813E-6
-108,900000E-3	23,638258E-6
-108,200000E-3	23,661183E-6
-107,400000E-3	23,673828E-6
-106,300000E-3	23,676406E-6
-105,600000E-3	23,666964E-6
-104,900000E-3	23,643150E-6
-104,200000E-3	23,603926E-6
-103,400000E-3	23,542904E-6
-102,700000E-3	23,465092E-6
-101,900000E-3	23,367366E-6
-101,200000E-3	23,249043E-6
-100,400000E-3	23,109421E-6
-99,300000E-3	22,942107E-6
-98,500000E-3	22,751304E-6
-97,800000E-3	22,542860E-6
-96,700000E-3	22,296992E-6
-95,900000E-3	22,040270E-6
-95,200000E-3	21,757132E-6
-94,400000E-3	21,447111E-6
-93,700000E-3	21,089644E-6
-92,900000E-3	20,727142E-6
-92,200000E-3	20,339219E-6
-91,400000E-3	19,909571E-6
-90,300000E-3	19,453824E-6
-89,500000E-3	18,984044E-6
-88,800000E-3	18,486808E-6
-87,700000E-3	17,927239E-6
-86,900000E-3	17,373189E-6
-86,300000E-3	16,792278E-6
-85,400000E-3	16,184623E-6
-84,800000E-3	15,549202E-6
-84,000000E-3	14,887485E-6
-83,300000E-3	14,199272E-6
-82,500000E-3	13,485426E-6
-81,800000E-3	12,716666E-6
-80,600000E-3	11,919691E-6
-79,900000E-3	11,116381E-6
-79,100000E-3	10,287636E-6
-78,000000E-3	9,381625E-6
-77,300000E-3	8,503886E-6
-76,500000E-3	7,602753E-6
-75,800000E-3	6,682432E-6
-75,000000E-3	5,688666E-6
-74,300000E-3	4,739919E-6
-73,500000E-3	3,776896E-6
-72,800000E-3	2,797365E-6
-72,000000E-3	1,813484E-6
-70,900000E-3	826,173616E-9
-70,100000E-3	-157,352513E-9
-69,400000E-3	-1,133254E-6
-68,300000E-3	-2,155668E-6
-67,600000E-3	-3,101733E-6
-66,900000E-3	-4,026143E-6
-66,100000E-3	-4,926242E-6
-65,400000E-3	-5,848939E-6
-64,600000E-3	-6,682019E-6
-63,900000E-3	-7,504341E-6
-63,100000E-3	-8,282245E-6
-62,000000E-3	-8,991431E-6
-61,300000E-3	-9,653600E-6
-60,500000E-3	-10,265133E-6
-59,800000E-3	-10,825700E-6
-58,600000E-3	-11,332874E-6
-57,900000E-3	-11,786232E-6
-57,100000E-3	-12,186096E-6
-56,400000E-3	-12,535323E-6
-55,600000E-3	-12,853269E-6
-54,900000E-3	-13,104045E-6
-54,100000E-3	-13,307204E-6
-53,400000E-3	-13,462603E-6
-52,700000E-3	-13,572105E-6
-51,500000E-3	-13,637775E-6
-50,800000E-3	-13,663863E-6
-50,000000E-3	-13,654863E-6
-49,300000E-3	-13,614391E-6
-48,500000E-3	-13,544680E-6
-47,400000E-3	-13,445596E-6
-46,700000E-3	-13,316752E-6
-45,900000E-3	-13,159381E-6
-45,200000E-3	-12,977675E-6
-44,400000E-3	-12,756459E-6
-43,700000E-3	-12,530839E-6
-43,000000E-3	-12,295434E-6
-41,800000E-3	-12,046038E-6
-41,100000E-3	-11,784773E-6
-40,300000E-3	-11,514774E-6
-39,600000E-3	-11,237272E-6
-38,500000E-3	-10,935489E-6
-37,800000E-3	-10,645271E-6
-37,000000E-3	-10,351853E-6
-36,300000E-3	-10,057868E-6
-35,500000E-3	-9,747050E-6
-34,800000E-3	-9,458394E-6
-34,100000E-3	-9,173520E-6
-33,000000E-3	-8,859475E-6
-32,300000E-3	-8,587055E-6
-31,500000E-3	-8,321455E-6
-30,800000E-3	-8,063476E-6
-29,700000E-3	-7,814912E-6
-29,000000E-3	-7,577194E-6
-28,300000E-3	-7,350293E-6
-27,400000E-3	-7,134656E-6
-26,500000E-3	-6,918291E-6
-25,800000E-3	-6,730822E-6
-25,000000E-3	-6,558025E-6
-24,200000E-3	-6,398299E-6
-23,300000E-3	-6,251048E-6
-22,700000E-3	-6,117544E-6
-21,700000E-3	-5,999849E-6
-20,800000E-3	-5,897806E-6
-20,200000E-3	-5,803666E-6
-19,300000E-3	-5,729026E-6
-18,400000E-3	-5,667536E-6
-17,600000E-3	-5,615935E-6
-16,800000E-3	-5,576201E-6
-15,900000E-3	-5,549935E-6
-15,200000E-3	-5,535202E-6
-14,500000E-3	-5,530962E-6
-13,800000E-3	-5,535130E-6
-12,800000E-3	-5,546840E-6
-12,100000E-3	-5,566592E-6
-11,400000E-3	-5,594101E-6
-10,600000E-3	-5,627528E-6
-9,700000E-3	-5,664129E-6
-8,700000E-3	-5,701764E-6
-8,000000E-3	-5,738845E-6
-7,300000E-3	-5,777483E-6
-6,300000E-3	-5,816212E-6
-5,600000E-3	-5,852402E-6
-5,000000E-3	-5,886313E-6
-4,300000E-3	-5,918478E-6
-3,200000E-3	-5,952168E-6
-2,400000E-3	-5,983233E-6
-1,300000E-3	-6,012196E-6
-700,000000E-6	-6,038594E-6
100,000000E-6	-6,060920E-6
1,100000E-3	-6,077030E-6
1,800000E-3	-6,087681E-6
2,400000E-3	-6,093776E-6
3,500000E-3	-6,095558E-6
4,200000E-3	-6,093641E-6
5,200000E-3	-6,087070E-6
6,100000E-3	-6,075468E-6
6,900000E-3	-6,060828E-6
7,600000E-3	-6,042823E-6
8,300000E-3	-6,022040E-6
9,300000E-3	-5,997565E-6
10,000000E-3	-5,971793E-6
10,700000E-3	-5,944831E-6
11,400000E-3	-5,918342E-6
12,400000E-3	-5,892449E-6
13,400000E-3	-5,865920E-6
14,100000E-3	-5,838077E-6
15,200000E-3	-5,810760E-6
15,800000E-3	-5,790131E-6
16,600000E-3	-5,774087E-6
17,200000E-3	-5,761459E-6
17,900000E-3	-5,752992E-6
19,000000E-3	-5,749759E-6
19,700000E-3	-5,752148E-6
20,700000E-3	-5,759935E-6
21,300000E-3	-5,773645E-6
22,100000E-3	-5,795036E-6
23,100000E-3	-5,825714E-6
23,800000E-3	-5,865419E-6
24,500000E-3	-5,914532E-6
25,100000E-3	-5,974765E-6
26,100000E-3	-6,046823E-6
27,000000E-3	-6,131273E-6
27,800000E-3	-6,226994E-6
28,500000E-3	-6,333829E-6
29,600000E-3	-6,464267E-6
30,200000E-3	-6,600560E-6
30,900000E-3	-6,745413E-6
31,600000E-3	-6,903058E-6
32,600000E-3	-7,076116E-6
33,300000E-3	-7,265482E-6
34,300000E-3	-7,468841E-6
35,000000E-3	-7,683471E-6
36,000000E-3	-7,908473E-6
36,400000E-3	-8,142980E-6
37,400000E-3	-8,386011E-6
38,100000E-3	-8,636706E-6
38,800000E-3	-8,905746E-6
39,900000E-3	-9,183154E-6
40,500000E-3	-9,459301E-6
41,600000E-3	-9,738375E-6
42,400000E-3	-10,035161E-6
43,300000E-3	-10,314619E-6
44,000000E-3	-10,594689E-6
44,600000E-3	-10,873484E-6
45,400000E-3	-11,149443E-6
46,400000E-3	-11,418780E-6
47,100000E-3	-11,678581E-6
47,700000E-3	-11,926901E-6
48,700000E-3	-12,171040E-6
49,800000E-3	-12,399981E-6
50,400000E-3	-12,604416E-6
51,100000E-3	-12,787947E-6
51,800000E-3	-12,951516E-6
52,800000E-3	-13,096030E-6
53,500000E-3	-13,217810E-6
54,300000E-3	-13,311220E-6
55,000000E-3	-13,373293E-6
56,000000E-3	-13,404624E-6
56,800000E-3	-13,404503E-6
57,400000E-3	-13,364674E-6
58,500000E-3	-13,286253E-6
59,100000E-3	-13,167427E-6
60,200000E-3	-13,004945E-6
60,800000E-3	-12,797640E-6
61,900000E-3	-12,526611E-6
62,600000E-3	-12,223371E-6
63,200000E-3	-11,870750E-6
63,900000E-3	-11,467776E-6
64,600000E-3	-11,015848E-6
65,700000E-3	-10,512436E-6
66,500000E-3	-9,955075E-6
67,300000E-3	-9,321575E-6
68,300000E-3	-8,596689E-6
69,100000E-3	-7,887389E-6
69,700000E-3	-7,136799E-6
70,400000E-3	-6,343503E-6
71,100000E-3	-5,510156E-6
72,100000E-3	-4,639337E-6
72,800000E-3	-3,735981E-6
73,800000E-3	-2,801941E-6
74,500000E-3	-1,843584E-6
75,500000E-3	-867,140675E-9
76,200000E-3	153,413511E-9
76,900000E-3	1,176270E-6
78,000000E-3	2,230139E-6
78,600000E-3	3,221754E-6
79,300000E-3	4,210552E-6
80,200000E-3	5,194382E-6
81,000000E-3	6,166513E-6
81,700000E-3	7,123675E-6
82,800000E-3	8,061825E-6
83,400000E-3	8,977183E-6
84,500000E-3	10,007393E-6
85,100000E-3	10,895009E-6
86,200000E-3	11,831630E-6
86,800000E-3	12,635720E-6
87,500000E-3	13,411766E-6
88,300000E-3	14,159917E-6
89,200000E-3	14,879340E-6
89,900000E-3	15,568790E-6
90,900000E-3	16,229477E-6
91,600000E-3	16,861133E-6
92,700000E-3	17,502127E-6
93,300000E-3	18,069944E-6
94,000000E-3	18,607154E-6
94,700000E-3	19,147250E-6
95,700000E-3	19,629487E-6
96,400000E-3	20,085431E-6
97,400000E-3	20,514271E-6
97,800000E-3	20,915152E-6
99,000000E-3	21,289634E-6
99,700000E-3	21,658781E-6
100,400000E-3	21,980476E-6
101,400000E-3	22,284415E-6
102,100000E-3	22,557035E-6
103,000000E-3	22,793852E-6
103,800000E-3	23,008011E-6
104,800000E-3	23,200991E-6
105,600000E-3	23,372507E-6
106,200000E-3	23,522188E-6
107,200000E-3	23,650196E-6
107,900000E-3	23,755977E-6
108,600000E-3	23,840878E-6
109,300000E-3	23,907998E-6
110,300000E-3	23,958966E-6
111,000000E-3	23,993150E-6
111,900000E-3	24,009476E-6
112,900000E-3	24,008299E-6
113,800000E-3	23,994294E-6
114,100000E-3	23,970844E-6
114,800000E-3	23,937941E-6
115,700000E-3	23,896303E-6
116,400000E-3	23,846219E-6
117,500000E-3	23,787212E-6
118,200000E-3	23,719204E-6
118,800000E-3	23,644163E-6
119,800000E-3	23,564750E-6
120,600000E-3	23,481256E-6
121,200000E-3	23,393146E-6
122,000000E-3	23,298764E-6
122,900000E-3	23,205797E-6
123,600000E-3	23,112502E-6
124,700000E-3	23,024754E-6
125,700000E-3	22,935184E-6
126,400000E-3	22,847044E-6
127,100000E-3	22,759422E-6
128,100000E-3	22,681321E-6
128,800000E-3	22,604302E-6
129,700000E-3	22,526945E-6
130,400000E-3	22,447989E-6
131,100000E-3	22,370263E-6
132,000000E-3	22,296808E-6
132,800000E-3	22,227613E-6
133,800000E-3	22,158649E-6
134,500000E-3	22,096776E-6
135,200000E-3	22,038243E-6
135,900000E-3	21,977101E-6
136,900000E-3	21,925407E-6
137,600000E-3	21,874165E-6
138,300000E-3	21,819865E-6
139,300000E-3	21,765090E-6
140,200000E-3	21,714078E-6
141,000000E-3	21,664711E-6
141,700000E-3	21,614691E-6
142,400000E-3	21,564123E-6
143,000000E-3	21,514100E-6
144,000000E-3	21,464726E-6
144,900000E-3	21,415328E-6
145,700000E-3	21,363703E-6
146,300000E-3	21,305333E-6
147,300000E-3	21,248177E-6
148,000000E-3	21,190145E-6
149,000000E-3	21,131360E-6
149,700000E-3	21,066374E-6
150,100000E-3	21,001607E-6
151,700000E-3	20,931649E-6
152,400000E-3	20,857702E-6
153,100000E-3	20,783023E-6
153,700000E-3	20,708580E-6
154,800000E-3	20,633039E-6
155,500000E-3	20,553830E-6
156,100000E-3	20,469880E-6
157,200000E-3	20,381735E-6
158,000000E-3	20,288118E-6
158,900000E-3	20,194570E-6
159,600000E-3	20,103053E-6
160,300000E-3	20,008667E-6
161,200000E-3	19,909801E-6
161,600000E-3	19,808357E-6
162,700000E-3	19,706338E-6
163,500000E-3	19,603660E-6
164,300000E-3	19,499241E-6
165,200000E-3	19,394310E-6
166,100000E-3	19,289485E-6
166,800000E-3	19,183284E-6
167,400000E-3	19,070346E-6
168,400000E-3	18,956390E-6
169,100000E-3	18,846198E-6
169,800000E-3	18,735769E-6
170,700000E-3	18,625089E-6
171,500000E-3	18,501037E-6
172,400000E-3	18,390922E-6
173,300000E-3	18,280382E-6
173,900000E-3	18,155616E-6
175,000000E-3	18,041545E-6
176,000000E-3	17,922397E-6
176,700000E-3	17,814395E-6
177,400000E-3	17,706486E-6
178,000000E-3	17,598050E-6
179,100000E-3	17,488949E-6
179,800000E-3	17,379479E-6
180,500000E-3	17,270967E-6
181,500000E-3	17,163677E-6
182,500000E-3	17,056497E-6
183,200000E-3	16,947711E-6
183,900000E-3	16,837662E-6
184,600000E-3	16,724892E-6
185,500000E-3	16,615407E-6
186,300000E-3	16,510790E-6
187,000000E-3	16,407506E-6
187,800000E-3	16,305735E-6
188,700000E-3	16,204473E-6
189,300000E-3	16,095932E-6
190,400000E-3	15,991598E-6
191,100000E-3	15,886532E-6
192,100000E-3	15,782853E-6
192,400000E-3	15,679522E-6
193,500000E-3	15,571710E-6
194,400000E-3	15,464362E-6
195,300000E-3	15,347682E-6
196,100000E-3	15,243576E-6
196,900000E-3	15,139115E-6
197,600000E-3	15,028418E-6
198,400000E-3	14,926717E-6
199,000000E-3	14,827362E-6
199,800000E-3	14,727248E-6
201,200000E-3	14,611928E-6
201,900000E-3	14,508355E-6
202,600000E-3	14,406051E-6
203,600000E-3	14,292454E-6
204,300000E-3	14,191055E-6
205,000000E-3	14,089310E-6
206,000000E-3	13,988092E-6
206,700000E-3	13,888611E-6
207,400000E-3	13,791426E-6
208,200000E-3	13,695100E-6
209,100000E-3	13,598095E-6
210,200000E-3	13,494381E-6
210,700000E-3	13,396809E-6
211,500000E-3	13,298822E-6
212,600000E-3	13,195400E-6
213,300000E-3	13,098530E-6
213,900000E-3	13,001040E-6
214,500000E-3	12,903332E-6
215,600000E-3	12,800747E-6
216,300000E-3	12,705890E-6
217,300000E-3	12,613223E-6
218,300000E-3	12,519044E-6
219,000000E-3	12,425751E-6
219,700000E-3	12,335709E-6
220,500000E-3	12,246033E-6
221,400000E-3	12,156168E-6
221,900000E-3	12,067086E-6
222,800000E-3	11,980106E-6
223,800000E-3	11,893853E-6
224,500000E-3	11,806091E-6
225,400000E-3	11,717716E-6
225,900000E-3	11,630689E-6
226,900000E-3	11,545427E-6
227,600000E-3	11,460712E-6
228,300000E-3	11,374870E-6
229,000000E-3	11,288712E-6
230,000000E-3	11,203717E-6
231,100000E-3	11,121318E-6
231,800000E-3	11,041843E-6
232,600000E-3	10,964913E-6
233,500000E-3	10,889247E-6
234,200000E-3	10,812712E-6
234,500000E-3	10,733811E-6
235,800000E-3	10,649116E-6
236,500000E-3	10,570830E-6
237,200000E-3	10,493999E-6
237,900000E-3	10,415658E-6
239,000000E-3	10,338287E-6
239,600000E-3	10,264431E-6
240,500000E-3	10,192695E-6
241,500000E-3	10,117706E-6
242,400000E-3	10,046482E-6
243,000000E-3	9,974325E-6
243,700000E-3	9,902124E-6
244,400000E-3	9,829439E-6
245,500000E-3	9,756856E-6
246,200000E-3	9,686513E-6
246,800000E-3	9,618440E-6
247,900000E-3	9,549303E-6
248,600000E-3	9,483996E-6
249,500000E-3	9,414810E-6
250,300000E-3	9,336257E-6
251,300000E-3	9,268916E-6
252,100000E-3	9,203332E-6
253,200000E-3	9,134554E-6
253,900000E-3	9,071147E-6
254,600000E-3	9,006959E-6
255,600000E-3	8,939331E-6
256,000000E-3	8,877791E-6
257,200000E-3	8,816217E-6
257,500000E-3	8,754622E-6
258,500000E-3	8,693281E-6
259,600000E-3	8,632669E-6
260,300000E-3	8,569890E-6
261,000000E-3	8,513319E-6
261,600000E-3	8,457906E-6
262,700000E-3	8,400386E-6
263,400000E-3	8,339064E-6
264,100000E-3	8,279493E-6
265,000000E-3	8,224116E-6
266,200000E-3	8,168923E-6
266,700000E-3	8,113601E-6
267,600000E-3	8,058234E-6
268,300000E-3	8,002516E-6
269,300000E-3	7,948235E-6
270,300000E-3	7,895695E-6
270,700000E-3	7,842050E-6
270,900000E-3	7,793063E-6
272,400000E-3	7,741653E-6
273,500000E-3	7,688932E-6
274,100000E-3	7,637793E-6
275,000000E-3	7,585132E-6
275,800000E-3	7,538248E-6
276,500000E-3	7,492799E-6
277,300000E-3	7,446770E-6
278,200000E-3	7,398888E-6
278,600000E-3	7,350709E-6
279,600000E-3	7,304373E-6
280,300000E-3	7,260111E-6
281,300000E-3	7,216719E-6
282,000000E-3	7,171830E-6
283,100000E-3	7,127222E-6
283,400000E-3	7,083890E-6
284,500000E-3	7,041783E-6
285,500000E-3	7,002645E-6
286,200000E-3	6,965104E-6
287,200000E-3	6,926539E-6
287,900000E-3	6,885956E-6
288,600000E-3	6,843664E-6
289,300000E-3	6,799096E-6
290,000000E-3	6,759999E-6
291,000000E-3	6,722092E-6
291,700000E-3	6,684840E-6
292,400000E-3	6,649125E-6
293,300000E-3	6,612883E-6
294,000000E-3	6,574400E-6
295,000000E-3	6,534951E-6
295,900000E-3	6,494022E-6
296,600000E-3	6,456223E-6
297,500000E-3	6,420854E-6
298,500000E-3	6,388627E-6
298,900000E-3	6,357703E-6
299,900000E-3	6,326395E-6
