-300,000000E-3	6,840174E-6
-300,000000E-3	6,837940E-6
-300,000000E-3	6,838603E-6
-299,700000E-3	6,839055E-6
-299,500000E-3	6,838501E-6
-299,100000E-3	6,839709E-6
-298,500000E-3	6,844375E-6
-297,900000E-3	6,849033E-6
-297,200000E-3	6,853962E-6
-296,300000E-3	6,863239E-6
-295,800000E-3	6,877512E-6
-295,200000E-3	6,896296E-6
-294,300000E-3	6,915886E-6
-293,700000E-3	6,934552E-6
-293,100000E-3	6,954933E-6
-292,500000E-3	6,977452E-6
-291,500000E-3	7,000026E-6
-290,600000E-3	7,022384E-6
-289,800000E-3	7,043305E-6
-289,200000E-3	7,065534E-6
-288,200000E-3	7,090422E-6
-287,600000E-3	7,114431E-6
-286,800000E-3	7,140607E-6
-285,800000E-3	7,169400E-6
-285,200000E-3	7,199042E-6
-284,500000E-3	7,228382E-6
-283,500000E-3	7,256299E-6
-282,800000E-3	7,284252E-6
-281,700000E-3	7,313771E-6
-281,100000E-3	7,344154E-6
-280,300000E-3	7,375908E-6
-279,700000E-3	7,407994E-6
-279,000000E-3	7,439340E-6
-278,000000E-3	7,471982E-6
-277,300000E-3	7,506103E-6
-276,300000E-3	7,539239E-6
-275,400000E-3	7,574183E-6
-274,500000E-3	7,608612E-6
-273,900000E-3	7,643493E-6
-273,100000E-3	7,678113E-6
-272,100000E-3	7,712686E-6
-271,500000E-3	7,748144E-6
-270,800000E-3	7,784595E-6
-270,000000E-3	7,821252E-6
-269,000000E-3	7,859418E-6
-268,100000E-3	7,898768E-6
-267,400000E-3	7,938450E-6
-266,700000E-3	7,977522E-6
-265,700000E-3	8,018207E-6
-264,900000E-3	8,056484E-6
-264,300000E-3	8,094341E-6
-263,600000E-3	8,132016E-6
-262,600000E-3	8,170003E-6
-261,700000E-3	8,209766E-6
-260,900000E-3	8,252121E-6
-260,200000E-3	8,295672E-6
-259,500000E-3	8,338051E-6
-258,500000E-3	8,382726E-6
-257,800000E-3	8,430429E-6
-257,100000E-3	8,478247E-6
-256,500000E-3	8,523801E-6
-255,400000E-3	8,566612E-6
-254,500000E-3	8,610359E-6
-253,700000E-3	8,657620E-6
-253,000000E-3	8,706364E-6
-252,300000E-3	8,754867E-6
-251,200000E-3	8,802554E-6
-250,600000E-3	8,848157E-6
-249,900000E-3	8,892452E-6
-249,200000E-3	8,937730E-6
-248,100000E-3	8,988617E-6
-247,300000E-3	9,038498E-6
-246,400000E-3	9,090488E-6
-245,700000E-3	9,144242E-6
-244,700000E-3	9,197203E-6
-244,000000E-3	9,248089E-6
-243,300000E-3	9,298396E-6
-242,600000E-3	9,348126E-6
-241,900000E-3	9,397664E-6
-240,900000E-3	9,448161E-6
-240,200000E-3	9,500120E-6
-239,200000E-3	9,554009E-6
-238,500000E-3	9,611185E-6
-237,400000E-3	9,667604E-6
-236,800000E-3	9,720018E-6
-236,100000E-3	9,771992E-6
-235,500000E-3	9,824890E-6
-234,400000E-3	9,882526E-6
-233,700000E-3	9,938777E-6
-232,900000E-3	9,996372E-6
-232,000000E-3	10,053429E-6
-231,000000E-3	10,112984E-6
-230,200000E-3	10,168429E-6
-229,600000E-3	10,224592E-6
-228,600000E-3	10,289210E-6
-227,900000E-3	10,348136E-6
-227,100000E-3	10,408379E-6
-226,500000E-3	10,467836E-6
-225,500000E-3	10,526188E-6
-224,800000E-3	10,585800E-6
-223,800000E-3	10,646622E-6
-223,000000E-3	10,708398E-6
-222,100000E-3	10,775423E-6
-221,300000E-3	10,840324E-6
-220,600000E-3	10,904028E-6
-219,600000E-3	10,965896E-6
-218,900000E-3	11,029028E-6
-218,200000E-3	11,093116E-6
-217,600000E-3	11,156421E-6
-216,800000E-3	11,218814E-6
-215,800000E-3	11,282430E-6
-214,900000E-3	11,347788E-6
-214,100000E-3	11,414830E-6
-213,400000E-3	11,483769E-6
-212,400000E-3	11,553843E-6
-211,600000E-3	11,624543E-6
-211,000000E-3	11,695404E-6
-210,300000E-3	11,765370E-6
-209,600000E-3	11,834513E-6
-208,600000E-3	11,908036E-6
-207,900000E-3	11,979751E-6
-206,900000E-3	12,053754E-6
-206,200000E-3	12,132273E-6
-205,100000E-3	12,205480E-6
-204,400000E-3	12,280011E-6
-203,700000E-3	12,356160E-6
-202,700000E-3	12,440013E-6
-202,000000E-3	12,520092E-6
-201,300000E-3	12,598525E-6
-200,600000E-3	12,676401E-6
-199,500000E-3	12,753909E-6
-198,900000E-3	12,831674E-6
-197,900000E-3	12,909868E-6
-197,000000E-3	12,997896E-6
-196,200000E-3	13,076251E-6
-195,500000E-3	13,154775E-6
-194,800000E-3	13,233116E-6
-193,700000E-3	13,315267E-6
-193,000000E-3	13,399269E-6
-192,300000E-3	13,480902E-6
-191,300000E-3	13,561153E-6
-190,600000E-3	13,641249E-6
-189,900000E-3	13,722954E-6
-189,000000E-3	13,806665E-6
-188,200000E-3	13,890078E-6
-187,500000E-3	13,971939E-6
-186,800000E-3	14,052994E-6
-185,800000E-3	14,134502E-6
-185,100000E-3	14,217564E-6
-184,400000E-3	14,305107E-6
-183,300000E-3	14,393191E-6
-182,600000E-3	14,476860E-6
-182,000000E-3	14,557956E-6
-181,000000E-3	14,643157E-6
-179,900000E-3	14,724268E-6
-179,200000E-3	14,806866E-6
-178,500000E-3	14,890589E-6
-177,500000E-3	14,979758E-6
-176,800000E-3	15,063890E-6
-176,100000E-3	15,148132E-6
-175,400000E-3	15,234340E-6
-174,400000E-3	15,320875E-6
-173,700000E-3	15,406644E-6
-173,000000E-3	15,492493E-6
-172,100000E-3	15,577505E-6
-171,200000E-3	15,661010E-6
-170,200000E-3	15,742889E-6
-169,600000E-3	15,823804E-6
-168,800000E-3	15,905216E-6
-167,800000E-3	15,998716E-6
-167,100000E-3	16,084721E-6
-166,100000E-3	16,173990E-6
-165,400000E-3	16,254476E-6
-164,700000E-3	16,332841E-6
-164,000000E-3	16,410211E-6
-163,100000E-3	16,493726E-6
-162,300000E-3	16,573163E-6
-161,500000E-3	16,652035E-6
-160,600000E-3	16,731185E-6
-159,500000E-3	16,810324E-6
-158,900000E-3	16,887786E-6
-158,200000E-3	16,966478E-6
-157,200000E-3	17,047756E-6
-156,400000E-3	17,119262E-6
-155,700000E-3	17,188166E-6
-155,100000E-3	17,255912E-6
-154,400000E-3	17,324169E-6
-153,400000E-3	17,393752E-6
-152,300000E-3	17,464097E-6
-151,600000E-3	17,533096E-6
-150,900000E-3	17,599260E-6
-149,900000E-3	17,663133E-6
-149,200000E-3	17,727652E-6
-148,500000E-3	17,791071E-6
-147,800000E-3	17,856008E-6
-146,800000E-3	17,916311E-6
-146,100000E-3	17,973477E-6
-145,400000E-3	18,028498E-6
-144,300000E-3	18,086613E-6
-143,600000E-3	18,141472E-6
-142,700000E-3	18,197157E-6
-141,900000E-3	18,252119E-6
-140,900000E-3	18,304430E-6
-140,200000E-3	18,355707E-6
-139,500000E-3	18,404090E-6
-138,800000E-3	18,450507E-6
-138,200000E-3	18,499749E-6
-137,100000E-3	18,551809E-6
-136,500000E-3	18,604182E-6
-135,500000E-3	18,656157E-6
-134,700000E-3	18,709560E-6
-133,900000E-3	18,757187E-6
-133,000000E-3	18,802149E-6
-132,300000E-3	18,845246E-6
-131,200000E-3	18,892149E-6
-130,600000E-3	18,938171E-6
-129,900000E-3	18,986438E-6
-129,200000E-3	19,036985E-6
-128,200000E-3	19,091095E-6
-127,500000E-3	19,140893E-6
-126,500000E-3	19,189173E-6
-125,800000E-3	19,236162E-6
-124,800000E-3	19,287362E-6
-124,100000E-3	19,337858E-6
-123,400000E-3	19,388488E-6
-122,300000E-3	19,441384E-6
-121,700000E-3	19,491457E-6
-121,000000E-3	19,542792E-6
-120,300000E-3	19,594223E-6
-119,300000E-3	19,648668E-6
-118,600000E-3	19,698642E-6
-117,700000E-3	19,745360E-6
-116,900000E-3	19,788532E-6
-115,900000E-3	19,830397E-6
-115,200000E-3	19,871333E-6
-114,500000E-3	19,910266E-6
-113,800000E-3	19,946207E-6
-113,100000E-3	19,977334E-6
-112,100000E-3	20,001798E-6
-111,500000E-3	20,019810E-6
-110,500000E-3	20,031362E-6
-109,700000E-3	20,035610E-6
-108,600000E-3	20,031211E-6
-108,000000E-3	20,016896E-6
-107,300000E-3	19,991659E-6
-106,600000E-3	19,955744E-6
-105,600000E-3	19,909184E-6
-104,800000E-3	19,851698E-6
-104,200000E-3	19,782100E-6
-103,500000E-3	19,696092E-6
-102,500000E-3	19,594376E-6
-101,400000E-3	19,478192E-6
-100,700000E-3	19,344264E-6
-100,100000E-3	19,193759E-6
-99,000000E-3	19,015667E-6
-98,300000E-3	18,829210E-6
-97,600000E-3	18,623699E-6
-96,900000E-3	18,399645E-6
-95,900000E-3	18,156813E-6
-95,200000E-3	17,894457E-6
-94,500000E-3	17,611559E-6
-93,600000E-3	17,305356E-6
-92,700000E-3	16,977206E-6
-91,800000E-3	16,603386E-6
-91,100000E-3	16,230080E-6
-90,400000E-3	15,835789E-6
-89,300000E-3	15,366601E-6
-88,600000E-3	14,925552E-6
-87,900000E-3	14,461334E-6
-86,900000E-3	13,975303E-6
-86,200000E-3	13,466333E-6
-85,500000E-3	12,915667E-6
-84,600000E-3	12,344559E-6
-83,800000E-3	11,768732E-6
-82,700000E-3	11,171583E-6
-82,000000E-3	10,553496E-6
-81,400000E-3	9,915546E-6
-80,700000E-3	9,258990E-6
-79,600000E-3	8,583963E-6
-78,900000E-3	7,890085E-6
-78,200000E-3	7,179416E-6
-77,400000E-3	6,451907E-6
-76,500000E-3	5,663442E-6
-75,800000E-3	4,905719E-6
-75,000000E-3	4,142103E-6
-74,100000E-3	3,371391E-6
-73,100000E-3	2,548005E-6
-72,400000E-3	1,768887E-6
-71,700000E-3	988,887877E-9
-71,000000E-3	209,874930E-9
-70,400000E-3	-564,209058E-9
-69,300000E-3	-1,333002E-6
-68,600000E-3	-2,091789E-6
-67,700000E-3	-2,836080E-6
-66,900000E-3	-3,561125E-6
-65,900000E-3	-4,311201E-6
-65,100000E-3	-4,993010E-6
-64,500000E-3	-5,648592E-6
-63,400000E-3	-6,313190E-6
-62,800000E-3	-6,908315E-6
-62,000000E-3	-7,472925E-6
-61,300000E-3	-8,003823E-6
-60,600000E-3	-8,498124E-6
-59,600000E-3	-8,953156E-6
-59,000000E-3	-9,370654E-6
-57,900000E-3	-9,750988E-6
-57,200000E-3	-10,095235E-6
-56,100000E-3	-10,402400E-6
-55,500000E-3	-10,669157E-6
-54,800000E-3	-10,897641E-6
-54,100000E-3	-11,089488E-6
-53,400000E-3	-11,245945E-6
-52,400000E-3	-11,367557E-6
-51,700000E-3	-11,456710E-6
-50,700000E-3	-11,516988E-6
-50,000000E-3	-11,550841E-6
-49,200000E-3	-11,557524E-6
-48,300000E-3	-11,537114E-6
-47,900000E-3	-11,492573E-6
-46,900000E-3	-11,425278E-6
-46,200000E-3	-11,331782E-6
-45,100000E-3	-11,217820E-6
-44,500000E-3	-11,090822E-6
-43,600000E-3	-10,949049E-6
-42,800000E-3	-10,792225E-6
-41,700000E-3	-10,622020E-6
-41,000000E-3	-10,441568E-6
-40,300000E-3	-10,252297E-6
-39,600000E-3	-10,053640E-6
-38,600000E-3	-9,834157E-6
-37,900000E-3	-9,622467E-6
-37,200000E-3	-9,401394E-6
-36,600000E-3	-9,179491E-6
-35,500000E-3	-8,962940E-6
-34,800000E-3	-8,745407E-6
-33,800000E-3	-8,529118E-6
-33,000000E-3	-8,316466E-6
-32,000000E-3	-8,094100E-6
-31,300000E-3	-7,887490E-6
-30,600000E-3	-7,684433E-6
-29,900000E-3	-7,487310E-6
-28,900000E-3	-7,299343E-6
-28,300000E-3	-7,120661E-6
-27,600000E-3	-6,944917E-6
-26,600000E-3	-6,768982E-6
-25,800000E-3	-6,617090E-6
-24,800000E-3	-6,473784E-6
-24,100000E-3	-6,338859E-6
-23,100000E-3	-6,213202E-6
-22,400000E-3	-6,098643E-6
-21,700000E-3	-5,995094E-6
-21,000000E-3	-5,901020E-6
-20,300000E-3	-5,817066E-6
-19,200000E-3	-5,744477E-6
-18,600000E-3	-5,681890E-6
-17,700000E-3	-5,630583E-6
-16,900000E-3	-5,589527E-6
-15,900000E-3	-5,555873E-6
-15,100000E-3	-5,528026E-6
-14,500000E-3	-5,505492E-6
-13,700000E-3	-5,489436E-6
-13,000000E-3	-5,479541E-6
-12,000000E-3	-5,475565E-6
-11,300000E-3	-5,476827E-6
-10,600000E-3	-5,482340E-6
-9,600000E-3	-5,492087E-6
-9,000000E-3	-5,505639E-6
-7,900000E-3	-5,522453E-6
-7,200000E-3	-5,541899E-6
-6,500000E-3	-5,562888E-6
-5,800000E-3	-5,584598E-6
-4,700000E-3	-5,606003E-6
-4,100000E-3	-5,625946E-6
-3,500000E-3	-5,644905E-6
-2,700000E-3	-5,663078E-6
-1,600000E-3	-5,679517E-6
-700,000000E-6	-5,694020E-6
100,000000E-6	-5,707740E-6
900,000000E-6	-5,721051E-6
1,600000E-3	-5,731792E-6
2,600000E-3	-5,738085E-6
3,300000E-3	-5,741063E-6
4,000000E-3	-5,741874E-6
4,700000E-3	-5,741168E-6
5,700000E-3	-5,738647E-6
6,400000E-3	-5,733317E-6
7,500000E-3	-5,724660E-6
8,100000E-3	-5,712318E-6
9,200000E-3	-5,699813E-6
9,900000E-3	-5,688164E-6
10,600000E-3	-5,677414E-6
11,600000E-3	-5,666432E-6
12,300000E-3	-5,657267E-6
13,000000E-3	-5,649586E-6
13,700000E-3	-5,642625E-6
14,600000E-3	-5,635833E-6
15,400000E-3	-5,629642E-6
16,400000E-3	-5,626456E-6
17,200000E-3	-5,628814E-6
17,800000E-3	-5,636722E-6
18,900000E-3	-5,649414E-6
19,500000E-3	-5,665261E-6
20,300000E-3	-5,683908E-6
21,000000E-3	-5,708036E-6
22,000000E-3	-5,739651E-6
22,700000E-3	-5,777686E-6
23,700000E-3	-5,822725E-6
24,400000E-3	-5,876225E-6
24,800000E-3	-5,938182E-6
25,900000E-3	-6,007911E-6
26,600000E-3	-6,090246E-6
27,600000E-3	-6,175662E-6
28,300000E-3	-6,269245E-6
29,000000E-3	-6,373023E-6
29,800000E-3	-6,491414E-6
30,800000E-3	-6,619236E-6
31,500000E-3	-6,752859E-6
32,600000E-3	-6,895995E-6
33,200000E-3	-7,047663E-6
33,900000E-3	-7,206251E-6
35,000000E-3	-7,371153E-6
35,600000E-3	-7,544373E-6
36,300000E-3	-7,737706E-6
37,000000E-3	-7,926351E-6
38,100000E-3	-8,119057E-6
38,800000E-3	-8,316254E-6
39,500000E-3	-8,525553E-6
40,500000E-3	-8,738667E-6
41,400000E-3	-8,946412E-6
42,200000E-3	-9,154306E-6
42,900000E-3	-9,361989E-6
43,600000E-3	-9,566955E-6
44,600000E-3	-9,767273E-6
45,300000E-3	-9,963567E-6
46,000000E-3	-10,164598E-6
46,600000E-3	-10,342860E-6
47,700000E-3	-10,510987E-6
48,400000E-3	-10,676250E-6
49,200000E-3	-10,830218E-6
49,900000E-3	-10,965659E-6
50,900000E-3	-11,084775E-6
51,700000E-3	-11,186067E-6
52,400000E-3	-11,268108E-6
53,100000E-3	-11,329159E-6
53,900000E-3	-11,368246E-6
55,100000E-3	-11,385028E-6
55,800000E-3	-11,378004E-6
56,700000E-3	-11,344064E-6
57,500000E-3	-11,279789E-6
58,200000E-3	-11,172646E-6
58,900000E-3	-11,038648E-6
60,000000E-3	-10,866788E-6
60,700000E-3	-10,671663E-6
61,400000E-3	-10,442056E-6
62,100000E-3	-10,177471E-6
62,900000E-3	-9,877739E-6
63,900000E-3	-9,540439E-6
64,700000E-3	-9,162506E-6
65,400000E-3	-8,744600E-6
66,200000E-3	-8,289583E-6
66,900000E-3	-7,779896E-6
67,900000E-3	-7,233730E-6
68,700000E-3	-6,666977E-6
69,400000E-3	-6,067267E-6
70,100000E-3	-5,436652E-6
71,200000E-3	-4,778894E-6
71,900000E-3	-4,095684E-6
72,600000E-3	-3,388275E-6
73,400000E-3	-2,658128E-6
74,100000E-3	-1,907922E-6
75,200000E-3	-1,143143E-6
75,900000E-3	-366,825929E-9
76,600000E-3	415,847198E-9
77,300000E-3	1,230690E-6
78,400000E-3	2,044824E-6
79,100000E-3	2,836871E-6
79,900000E-3	3,626669E-6
80,600000E-3	4,411761E-6
81,700000E-3	5,189107E-6
82,400000E-3	5,956775E-6
83,100000E-3	6,710462E-6
84,200000E-3	7,539727E-6
84,900000E-3	8,260620E-6
85,600000E-3	8,989305E-6
86,400000E-3	9,694995E-6
87,500000E-3	10,359151E-6
88,200000E-3	11,001049E-6
88,900000E-3	11,620579E-6
89,600000E-3	12,252848E-6
90,600000E-3	12,824669E-6
91,500000E-3	13,374777E-6
92,200000E-3	13,903051E-6
92,900000E-3	14,409680E-6
93,700000E-3	14,894563E-6
94,600000E-3	15,355492E-6
95,500000E-3	15,807178E-6
96,200000E-3	16,255188E-6
96,900000E-3	16,639809E-6
97,700000E-3	17,002400E-6
98,700000E-3	17,386099E-6
99,400000E-3	17,707218E-6
100,200000E-3	18,007619E-6
100,900000E-3	18,286609E-6
102,000000E-3	18,543745E-6
102,600000E-3	18,778931E-6
103,400000E-3	18,992689E-6
104,100000E-3	19,185425E-6
104,800000E-3	19,359704E-6
105,900000E-3	19,516051E-6
106,600000E-3	19,653741E-6
107,400000E-3	19,773516E-6
108,100000E-3	19,879039E-6
108,800000E-3	19,971623E-6
110,100000E-3	20,050846E-6
110,600000E-3	20,118087E-6
111,300000E-3	20,173212E-6
112,200000E-3	20,213627E-6
113,000000E-3	20,239229E-6
113,700000E-3	20,252860E-6
114,600000E-3	20,256544E-6
115,500000E-3	20,252536E-6
116,300000E-3	20,241509E-6
117,400000E-3	20,223620E-6
117,700000E-3	20,198938E-6
118,800000E-3	20,168956E-6
119,900000E-3	20,135515E-6
120,300000E-3	20,094928E-6
121,000000E-3	20,050193E-6
122,100000E-3	20,000712E-6
122,800000E-3	19,946570E-6
123,600000E-3	19,890775E-6
124,300000E-3	19,835672E-6
125,400000E-3	19,780368E-6
126,200000E-3	19,725875E-6
127,100000E-3	19,669277E-6
127,900000E-3	19,618080E-6
128,600000E-3	19,568256E-6
129,000000E-3	19,518047E-6
130,200000E-3	19,466694E-6
130,900000E-3	19,415661E-6
131,800000E-3	19,367375E-6
132,600000E-3	19,320748E-6
133,300000E-3	19,276071E-6
134,000000E-3	19,233114E-6
134,700000E-3	19,189029E-6
135,800000E-3	19,144351E-6
136,500000E-3	19,101754E-6
137,300000E-3	19,061146E-6
138,000000E-3	19,021062E-6
138,700000E-3	18,981646E-6
139,600000E-3	18,940463E-6
140,500000E-3	18,901880E-6
141,200000E-3	18,862536E-6
142,100000E-3	18,821164E-6
143,000000E-3	18,783268E-6
143,700000E-3	18,744892E-6
144,500000E-3	18,704157E-6
145,600000E-3	18,659225E-6
145,900000E-3	18,611020E-6
147,000000E-3	18,563499E-6
147,700000E-3	18,517514E-6
148,500000E-3	18,468494E-6
149,200000E-3	18,422013E-6
150,400000E-3	18,372128E-6
151,400000E-3	18,315853E-6
152,200000E-3	18,261225E-6
152,900000E-3	18,204361E-6
153,500000E-3	18,146387E-6
154,400000E-3	18,083111E-6
155,400000E-3	18,020213E-6
156,100000E-3	17,955211E-6
156,900000E-3	17,890414E-6
157,600000E-3	17,820558E-6
158,400000E-3	17,750758E-6
159,400000E-3	17,678026E-6
160,100000E-3	17,605038E-6
160,800000E-3	17,532686E-6
161,600000E-3	17,459473E-6
162,400000E-3	17,383332E-6
163,400000E-3	17,304434E-6
164,100000E-3	17,219895E-6
164,800000E-3	17,139973E-6
165,600000E-3	17,058734E-6
166,300000E-3	16,976395E-6
167,300000E-3	16,884713E-6
168,100000E-3	16,796468E-6
168,800000E-3	16,709836E-6
169,700000E-3	16,623961E-6
170,400000E-3	16,538846E-6
171,200000E-3	16,453643E-6
171,900000E-3	16,367424E-6
173,000000E-3	16,280330E-6
173,700000E-3	16,194071E-6
174,500000E-3	16,104245E-6
175,500000E-3	16,019687E-6
176,300000E-3	15,934453E-6
177,000000E-3	15,849308E-6
177,700000E-3	15,760264E-6
178,800000E-3	15,676325E-6
179,500000E-3	15,591989E-6
180,200000E-3	15,506235E-6
181,000000E-3	15,419571E-6
181,700000E-3	15,333604E-6
182,800000E-3	15,247944E-6
183,600000E-3	15,162901E-6
184,300000E-3	15,068102E-6
185,100000E-3	14,980382E-6
185,800000E-3	14,893072E-6
186,600000E-3	14,809564E-6
187,300000E-3	14,727121E-6
188,500000E-3	14,644190E-6
189,200000E-3	14,560008E-6
190,000000E-3	14,469944E-6
191,100000E-3	14,385670E-6
191,800000E-3	14,301881E-6
192,500000E-3	14,218002E-6
193,300000E-3	14,133552E-6
194,000000E-3	14,049188E-6
194,800000E-3	13,965308E-6
195,500000E-3	13,881811E-6
196,300000E-3	13,798136E-6
197,000000E-3	13,716226E-6
197,800000E-3	13,637235E-6
198,900000E-3	13,558971E-6
199,700000E-3	13,479002E-6
200,400000E-3	13,390996E-6
201,500000E-3	13,306192E-6
202,200000E-3	13,221382E-6
203,000000E-3	13,138136E-6
203,800000E-3	13,048982E-6
204,500000E-3	12,965287E-6
205,300000E-3	12,882767E-6
206,000000E-3	12,800605E-6
206,700000E-3	12,720128E-6
207,900000E-3	12,641230E-6
208,600000E-3	12,561444E-6
209,300000E-3	12,470413E-6
210,500000E-3	12,389940E-6
211,200000E-3	12,310898E-6
212,000000E-3	12,232817E-6
212,700000E-3	12,150695E-6
213,500000E-3	12,067595E-6
214,200000E-3	11,987279E-6
215,000000E-3	11,909292E-6
215,700000E-3	11,834451E-6
216,800000E-3	11,759671E-6
217,600000E-3	11,682997E-6
218,300000E-3	11,607195E-6
219,100000E-3	11,535826E-6
219,900000E-3	11,467040E-6
221,000000E-3	11,396159E-6
221,700000E-3	11,322377E-6
222,400000E-3	11,245300E-6
223,200000E-3	11,169082E-6
224,000000E-3	11,095844E-6
224,700000E-3	11,024643E-6
225,400000E-3	10,956124E-6
226,100000E-3	10,888442E-6
227,300000E-3	10,819867E-6
228,000000E-3	10,749201E-6
228,800000E-3	10,676106E-6
229,500000E-3	10,602138E-6
230,300000E-3	10,530641E-6
231,300000E-3	10,464259E-6
232,100000E-3	10,400321E-6
232,500000E-3	10,335606E-6
233,600000E-3	10,270812E-6
234,700000E-3	10,201842E-6
235,400000E-3	10,137537E-6
235,400000E-3	10,075492E-6
237,000000E-3	10,014793E-6
237,800000E-3	9,952523E-6
238,500000E-3	9,887845E-6
239,300000E-3	9,818329E-6
240,000000E-3	9,754147E-6
240,800000E-3	9,692058E-6
241,500000E-3	9,630138E-6
242,300000E-3	9,570041E-6
243,400000E-3	9,512538E-6
244,200000E-3	9,455089E-6
245,300000E-3	9,389042E-6
246,000000E-3	9,328937E-6
246,800000E-3	9,269368E-6
247,500000E-3	9,208187E-6
248,200000E-3	9,153011E-6
249,000000E-3	9,099720E-6
249,700000E-3	9,046220E-6
250,700000E-3	8,992018E-6
251,300000E-3	8,936999E-6
252,300000E-3	8,880321E-6
253,000000E-3	8,822287E-6
253,800000E-3	8,764871E-6
254,600000E-3	8,708107E-6
255,600000E-3	8,651980E-6
256,400000E-3	8,598960E-6
257,100000E-3	8,549878E-6
257,900000E-3	8,502947E-6
258,700000E-3	8,456328E-6
259,800000E-3	8,407483E-6
260,600000E-3	8,353655E-6
261,300000E-3	8,296057E-6
262,100000E-3	8,243775E-6
262,800000E-3	8,191228E-6
263,700000E-3	8,139175E-6
264,400000E-3	8,088207E-6
265,300000E-3	8,038698E-6
266,100000E-3	7,992194E-6
266,800000E-3	7,948486E-6
267,600000E-3	7,905378E-6
268,300000E-3	7,861518E-6
269,100000E-3	7,814906E-6
270,200000E-3	7,768124E-6
271,200000E-3	7,720215E-6
271,900000E-3	7,677063E-6
272,700000E-3	7,636313E-6
273,400000E-3	7,595754E-6
274,200000E-3	7,553530E-6
274,900000E-3	7,510367E-6
275,700000E-3	7,468474E-6
276,400000E-3	7,428452E-6
277,200000E-3	7,389055E-6
277,900000E-3	7,349390E-6
278,700000E-3	7,307623E-6
280,100000E-3	7,266456E-6
280,600000E-3	7,221820E-6
281,600000E-3	7,181000E-6
282,400000E-3	7,140002E-6
283,100000E-3	7,097914E-6
283,500000E-3	7,059777E-6
284,700000E-3	7,022366E-6
285,700000E-3	6,985933E-6
286,400000E-3	6,950582E-6
287,100000E-3	6,915689E-6
287,900000E-3	6,880333E-6
288,900000E-3	6,844305E-6
289,600000E-3	6,807977E-6
290,500000E-3	6,771714E-6
291,100000E-3	6,735933E-6
292,100000E-3	6,700358E-6
292,900000E-3	6,662755E-6
293,500000E-3	6,628883E-6
294,500000E-3	6,598649E-6
295,200000E-3	6,571163E-6
295,900000E-3	6,543407E-6
297,100000E-3	6,511606E-6
297,800000E-3	6,477322E-6
298,400000E-3	6,443480E-6
299,500000E-3	6,411046E-6
300,100000E-3	6,381369E-6
