-300,000000E-3	6,832196E-6
-300,000000E-3	6,841103E-6
-300,000000E-3	6,839384E-6
-299,800000E-3	6,839869E-6
-299,500000E-3	6,841814E-6
-299,100000E-3	6,842839E-6
-298,500000E-3	6,843334E-6
-298,000000E-3	6,845820E-6
-297,300000E-3	6,851882E-6
-296,700000E-3	6,860150E-6
-296,100000E-3	6,868558E-6
-295,200000E-3	6,877854E-6
-294,600000E-3	6,889327E-6
-294,000000E-3	6,903839E-6
-293,400000E-3	6,921699E-6
-292,400000E-3	6,941163E-6
-291,800000E-3	6,959979E-6
-290,800000E-3	6,977506E-6
-290,100000E-3	6,996576E-6
-289,100000E-3	7,017753E-6
-288,500000E-3	7,038962E-6
-287,800000E-3	7,059238E-6
-287,100000E-3	7,077565E-6
-286,400000E-3	7,094194E-6
-285,400000E-3	7,111832E-6
-284,700000E-3	7,133428E-6
-284,000000E-3	7,158612E-6
-283,000000E-3	7,184483E-6
-281,900000E-3	7,208821E-6
-281,200000E-3	7,231576E-6
-280,500000E-3	7,255826E-6
-279,900000E-3	7,280847E-6
-278,900000E-3	7,305310E-6
-278,100000E-3	7,327805E-6
-277,500000E-3	7,352152E-6
-276,800000E-3	7,378141E-6
-275,800000E-3	7,405002E-6
-275,100000E-3	7,431185E-6
-274,000000E-3	7,456117E-6
-273,300000E-3	7,480926E-6
-272,300000E-3	7,508603E-6
-271,600000E-3	7,537302E-6
-270,900000E-3	7,566996E-6
-269,800000E-3	7,595538E-6
-269,100000E-3	7,622877E-6
-268,500000E-3	7,649147E-6
-267,800000E-3	7,676211E-6
-267,100000E-3	7,705684E-6
-266,100000E-3	7,734395E-6
-265,100000E-3	7,760416E-6
-264,400000E-3	7,786618E-6
-263,700000E-3	7,815168E-6
-262,600000E-3	7,847980E-6
-261,900000E-3	7,878957E-6
-261,200000E-3	7,909243E-6
-260,600000E-3	7,940796E-6
-259,500000E-3	7,973877E-6
-258,900000E-3	8,006012E-6
-258,200000E-3	8,036552E-6
-257,200000E-3	8,070426E-6
-256,500000E-3	8,101542E-6
-255,400000E-3	8,134976E-6
-254,400000E-3	8,173363E-6
-253,700000E-3	8,208064E-6
-252,900000E-3	8,239986E-6
-251,900000E-3	8,273941E-6
-251,600000E-3	8,305604E-6
-250,600000E-3	8,336580E-6
-249,900000E-3	8,368564E-6
-249,100000E-3	8,403703E-6
-248,100000E-3	8,441254E-6
-247,400000E-3	8,479266E-6
-246,300000E-3	8,516696E-6
-245,700000E-3	8,554508E-6
-244,700000E-3	8,590479E-6
-244,000000E-3	8,623900E-6
-243,300000E-3	8,658386E-6
-242,600000E-3	8,695619E-6
-241,500000E-3	8,734336E-6
-240,900000E-3	8,773173E-6
-240,200000E-3	8,812675E-6
-239,100000E-3	8,851018E-6
-238,400000E-3	8,888696E-6
-237,400000E-3	8,923139E-6
-236,700000E-3	8,958596E-6
-236,100000E-3	8,995539E-6
-235,100000E-3	9,031734E-6
-234,400000E-3	9,067910E-6
-233,600000E-3	9,106258E-6
-232,700000E-3	9,146002E-6
-231,700000E-3	9,185976E-6
-231,100000E-3	9,226034E-6
-230,500000E-3	9,266532E-6
-229,600000E-3	9,307905E-6
-228,600000E-3	9,354972E-6
-227,800000E-3	9,395219E-6
-227,100000E-3	9,433626E-6
-226,500000E-3	9,471609E-6
-225,500000E-3	9,510613E-6
-224,700000E-3	9,550297E-6
-223,800000E-3	9,589277E-6
-223,100000E-3	9,628095E-6
-222,500000E-3	9,668515E-6
-221,500000E-3	9,710398E-6
-220,700000E-3	9,752481E-6
-219,900000E-3	9,794149E-6
-219,100000E-3	9,836463E-6
-218,100000E-3	9,879799E-6
-217,500000E-3	9,923263E-6
-216,700000E-3	9,968168E-6
-215,700000E-3	10,016121E-6
-214,900000E-3	10,060415E-6
-214,200000E-3	10,103718E-6
-213,500000E-3	10,146931E-6
-212,500000E-3	10,193993E-6
-211,700000E-3	10,239193E-6
-210,900000E-3	10,284016E-6
-210,200000E-3	10,328598E-6
-209,200000E-3	10,375114E-6
-208,600000E-3	10,426947E-6
-207,600000E-3	10,480902E-6
-206,600000E-3	10,536159E-6
-205,900000E-3	10,585900E-6
-205,300000E-3	10,633525E-6
-204,600000E-3	10,680663E-6
-203,600000E-3	10,732211E-6
-202,600000E-3	10,781153E-6
-201,900000E-3	10,829119E-6
-201,300000E-3	10,877373E-6
-200,600000E-3	10,926454E-6
-199,600000E-3	10,976708E-6
-198,700000E-3	11,026019E-6
-198,000000E-3	11,075337E-6
-197,400000E-3	11,127089E-6
-196,400000E-3	11,180119E-6
-195,400000E-3	11,233330E-6
-194,700000E-3	11,285420E-6
-193,800000E-3	11,339235E-6
-193,100000E-3	11,389347E-6
-192,400000E-3	11,439219E-6
-191,400000E-3	11,488405E-6
-190,400000E-3	11,540433E-6
-189,700000E-3	11,590267E-6
-189,000000E-3	11,641399E-6
-188,400000E-3	11,692793E-6
-187,400000E-3	11,745464E-6
-186,600000E-3	11,799424E-6
-185,800000E-3	11,852480E-6
-185,100000E-3	11,903910E-6
-184,400000E-3	11,955255E-6
-183,400000E-3	12,007791E-6
-182,600000E-3	12,059626E-6
-181,800000E-3	12,109518E-6
-181,100000E-3	12,158636E-6
-180,400000E-3	12,211093E-6
-179,500000E-3	12,265879E-6
-178,600000E-3	12,319234E-6
-177,800000E-3	12,370936E-6
-176,800000E-3	12,420647E-6
-176,100000E-3	12,469045E-6
-175,500000E-3	12,518438E-6
-174,500000E-3	12,570076E-6
-173,800000E-3	12,621764E-6
-172,800000E-3	12,671373E-6
-172,100000E-3	12,719012E-6
-171,600000E-3	12,767178E-6
-170,500000E-3	12,818228E-6
-169,900000E-3	12,869502E-6
-168,900000E-3	12,919611E-6
-168,200000E-3	12,969435E-6
-167,600000E-3	13,017611E-6
-166,700000E-3	13,063217E-6
-165,700000E-3	13,105928E-6
-164,900000E-3	13,147238E-6
-164,200000E-3	13,190180E-6
-163,600000E-3	13,236533E-6
-162,500000E-3	13,285589E-6
-161,700000E-3	13,334283E-6
-160,900000E-3	13,380880E-6
-160,200000E-3	13,425037E-6
-159,500000E-3	13,467562E-6
-158,600000E-3	13,509957E-6
-157,800000E-3	13,551078E-6
-156,900000E-3	13,588859E-6
-156,300000E-3	13,624109E-6
-155,600000E-3	13,659684E-6
-154,600000E-3	13,697556E-6
-153,700000E-3	13,735890E-6
-153,000000E-3	13,772156E-6
-152,300000E-3	13,807473E-6
-151,600000E-3	13,844359E-6
-150,700000E-3	13,880797E-6
-149,700000E-3	13,915227E-6
-148,600000E-3	13,949420E-6
-148,000000E-3	13,980861E-6
-147,300000E-3	14,013617E-6
-146,700000E-3	14,046634E-6
-145,700000E-3	14,079560E-6
-144,800000E-3	14,108297E-6
-144,000000E-3	14,137157E-6
-143,300000E-3	14,164851E-6
-142,700000E-3	14,188642E-6
-141,700000E-3	14,209775E-6
-140,800000E-3	14,230309E-6
-140,000000E-3	14,251523E-6
-139,400000E-3	14,274518E-6
-138,700000E-3	14,298523E-6
-137,700000E-3	14,321170E-6
-136,900000E-3	14,340277E-6
-136,000000E-3	14,357585E-6
-135,000000E-3	14,376376E-6
-134,300000E-3	14,394568E-6
-133,700000E-3	14,412393E-6
-132,700000E-3	14,429465E-6
-131,800000E-3	14,447934E-6
-131,100000E-3	14,465215E-6
-130,400000E-3	14,481225E-6
-129,800000E-3	14,494754E-6
-128,800000E-3	14,505538E-6
-127,700000E-3	14,515360E-6
-127,100000E-3	14,525957E-6
-126,100000E-3	14,537985E-6
-125,400000E-3	14,550012E-6
-124,800000E-3	14,562312E-6
-124,000000E-3	14,573788E-6
-123,000000E-3	14,583728E-6
-122,200000E-3	14,590151E-6
-121,500000E-3	14,594360E-6
-120,800000E-3	14,597248E-6
-119,800000E-3	14,600424E-6
-119,000000E-3	14,602634E-6
-118,200000E-3	14,601383E-6
-117,500000E-3	14,596208E-6
-116,900000E-3	14,587842E-6
-115,800000E-3	14,576681E-6
-114,900000E-3	14,563278E-6
-114,200000E-3	14,546998E-6
-113,200000E-3	14,525422E-6
-112,900000E-3	14,498913E-6
-111,900000E-3	14,466070E-6
-110,900000E-3	14,427921E-6
-110,000000E-3	14,380665E-6
-109,200000E-3	14,329805E-6
-108,600000E-3	14,273783E-6
-107,900000E-3	14,212813E-6
-107,000000E-3	14,141740E-6
-106,100000E-3	14,066826E-6
-105,200000E-3	13,982751E-6
-104,600000E-3	13,889198E-6
-104,000000E-3	13,787190E-6
-102,900000E-3	13,675414E-6
-102,100000E-3	13,552588E-6
-101,300000E-3	13,418823E-6
-100,300000E-3	13,263467E-6
-99,600000E-3	13,104661E-6
-99,000000E-3	12,934778E-6
-98,100000E-3	12,753975E-6
-97,100000E-3	12,549814E-6
-96,600000E-3	12,345580E-6
-95,700000E-3	12,121031E-6
-95,000000E-3	11,884403E-6
-94,000000E-3	11,641716E-6
-93,000000E-3	11,384861E-6
-92,300000E-3	11,114330E-6
-91,600000E-3	10,830351E-6
-90,600000E-3	10,512919E-6
-90,000000E-3	10,198789E-6
-89,300000E-3	9,870109E-6
-88,500000E-3	9,506359E-6
-87,600000E-3	9,151153E-6
-86,600000E-3	8,782060E-6
-85,800000E-3	8,402294E-6
-84,800000E-3	7,985212E-6
-84,100000E-3	7,579245E-6
-83,400000E-3	7,161974E-6
-82,800000E-3	6,734649E-6
-82,100000E-3	6,298222E-6
-81,100000E-3	5,852371E-6
-80,300000E-3	5,395811E-6
-79,400000E-3	4,926685E-6
-78,700000E-3	4,447426E-6
-77,700000E-3	3,913465E-6
-76,900000E-3	3,407220E-6
-76,000000E-3	2,881014E-6
-75,200000E-3	2,381714E-6
-74,600000E-3	1,880682E-6
-73,700000E-3	1,379017E-6
-72,800000E-3	847,288791E-9
-71,900000E-3	347,943463E-9
-71,200000E-3	-148,397677E-9
-70,500000E-3	-641,624155E-9
-69,800000E-3	-1,129785E-6
-68,800000E-3	-1,627858E-6
-68,100000E-3	-2,113515E-6
-67,300000E-3	-2,574031E-6
-66,400000E-3	-3,023391E-6
-65,400000E-3	-3,460560E-6
-64,700000E-3	-3,883296E-6
-64,000000E-3	-4,289555E-6
-63,300000E-3	-4,679872E-6
-62,300000E-3	-5,055365E-6
-61,600000E-3	-5,415894E-6
-61,000000E-3	-5,755924E-6
-59,900000E-3	-6,072484E-6
-58,900000E-3	-6,386152E-6
-58,200000E-3	-6,660502E-6
-57,500000E-3	-6,913924E-6
-56,800000E-3	-7,146978E-6
-56,100000E-3	-7,360904E-6
-55,100000E-3	-7,556194E-6
-54,500000E-3	-7,730584E-6
-53,400000E-3	-7,882135E-6
-52,600000E-3	-8,020693E-6
-51,800000E-3	-8,133249E-6
-51,100000E-3	-8,226948E-6
-50,400000E-3	-8,299950E-6
-49,700000E-3	-8,354096E-6
-48,600000E-3	-8,391765E-6
-48,000000E-3	-8,415615E-6
-46,900000E-3	-8,426655E-6
-46,300000E-3	-8,424905E-6
-45,200000E-3	-8,410077E-6
-44,600000E-3	-8,381317E-6
-43,900000E-3	-8,339375E-6
-43,200000E-3	-8,285741E-6
-42,500000E-3	-8,222272E-6
-41,600000E-3	-8,150510E-6
-40,900000E-3	-8,071566E-6
-39,800000E-3	-7,987002E-6
-39,100000E-3	-7,893193E-6
-38,100000E-3	-7,793351E-6
-37,500000E-3	-7,691208E-6
-36,800000E-3	-7,584802E-6
-36,000000E-3	-7,475178E-6
-35,100000E-3	-7,355229E-6
-34,200000E-3	-7,239257E-6
-33,300000E-3	-7,122558E-6
-32,300000E-3	-7,000563E-6
-31,600000E-3	-6,889189E-6
-30,900000E-3	-6,780733E-6
-30,300000E-3	-6,673552E-6
-29,600000E-3	-6,565166E-6
-28,600000E-3	-6,448862E-6
-27,800000E-3	-6,342664E-6
-26,800000E-3	-6,241403E-6
-26,100000E-3	-6,144361E-6
-25,100000E-3	-6,051263E-6
-24,400000E-3	-5,962538E-6
-23,800000E-3	-5,879083E-6
-23,100000E-3	-5,801159E-6
-22,100000E-3	-5,722843E-6
-21,200000E-3	-5,650675E-6
-20,400000E-3	-5,575750E-6
-19,400000E-3	-5,516399E-6
-18,700000E-3	-5,460991E-6
-17,600000E-3	-5,405927E-6
-17,000000E-3	-5,359993E-6
-16,300000E-3	-5,320658E-6
-15,700000E-3	-5,286503E-6
-14,600000E-3	-5,256008E-6
-13,900000E-3	-5,232016E-6
-13,000000E-3	-5,212288E-6
-12,000000E-3	-5,195342E-6
-11,200000E-3	-5,182027E-6
-10,500000E-3	-5,170149E-6
-9,800000E-3	-5,158606E-6
-8,800000E-3	-5,148867E-6
-8,500000E-3	-5,144193E-6
-7,500000E-3	-5,144672E-6
-6,400000E-3	-5,146410E-6
-5,800000E-3	-5,146938E-6
-4,700000E-3	-5,146924E-6
-4,100000E-3	-5,148337E-6
-3,300000E-3	-5,151388E-6
-2,600000E-3	-5,155653E-6
-1,600000E-3	-5,159707E-6
-900,000000E-6	-5,162286E-6
-0,000000E+0	-5,164255E-6
800,000000E-6	-5,167337E-6
1,900000E-3	-5,172034E-6
2,600000E-3	-5,175973E-6
3,300000E-3	-5,178130E-6
4,000000E-3	-5,180149E-6
4,600000E-3	-5,182179E-6
5,700000E-3	-5,183987E-6
6,700000E-3	-5,185841E-6
7,300000E-3	-5,186815E-6
8,000000E-3	-5,187722E-6
9,100000E-3	-5,191578E-6
9,700000E-3	-5,197828E-6
10,400000E-3	-5,204078E-6
11,100000E-3	-5,209062E-6
12,100000E-3	-5,214358E-6
13,200000E-3	-5,219873E-6
13,800000E-3	-5,226287E-6
14,500000E-3	-5,235168E-6
15,600000E-3	-5,247213E-6
16,200000E-3	-5,261399E-6
16,900000E-3	-5,278128E-6
17,700000E-3	-5,298167E-6
18,600000E-3	-5,321619E-6
19,600000E-3	-5,344121E-6
20,300000E-3	-5,368355E-6
21,300000E-3	-5,399734E-6
22,000000E-3	-5,435946E-6
22,700000E-3	-5,477984E-6
23,400000E-3	-5,527061E-6
24,400000E-3	-5,580406E-6
25,100000E-3	-5,633819E-6
25,900000E-3	-5,687948E-6
26,800000E-3	-5,745055E-6
27,800000E-3	-5,807662E-6
28,500000E-3	-5,875653E-6
29,200000E-3	-5,947650E-6
29,900000E-3	-6,023195E-6
30,500000E-3	-6,103020E-6
31,500000E-3	-6,187240E-6
32,300000E-3	-6,275641E-6
33,300000E-3	-6,372371E-6
34,000000E-3	-6,472675E-6
35,000000E-3	-6,571967E-6
35,300000E-3	-6,674033E-6
36,400000E-3	-6,780162E-6
37,000000E-3	-6,889236E-6
38,100000E-3	-6,999034E-6
38,800000E-3	-7,108052E-6
39,700000E-3	-7,214794E-6
40,500000E-3	-7,319714E-6
41,500000E-3	-7,430713E-6
42,200000E-3	-7,534160E-6
42,900000E-3	-7,636407E-6
43,500000E-3	-7,735493E-6
44,200000E-3	-7,829848E-6
45,200000E-3	-7,918543E-6
45,900000E-3	-8,001923E-6
47,000000E-3	-8,079073E-6
47,600000E-3	-8,148738E-6
48,400000E-3	-8,210485E-6
49,300000E-3	-8,263587E-6
50,000000E-3	-8,308112E-6
50,800000E-3	-8,342349E-6
51,400000E-3	-8,364463E-6
52,500000E-3	-8,370809E-6
53,100000E-3	-8,362761E-6
54,100000E-3	-8,340420E-6
55,000000E-3	-8,301342E-6
55,900000E-3	-8,248978E-6
56,600000E-3	-8,178863E-6
57,200000E-3	-8,083530E-6
58,200000E-3	-7,973951E-6
58,900000E-3	-7,846300E-6
59,600000E-3	-7,700400E-6
60,600000E-3	-7,535496E-6
61,300000E-3	-7,350038E-6
62,400000E-3	-7,145306E-6
62,700000E-3	-6,919503E-6
63,900000E-3	-6,672160E-6
64,500000E-3	-6,404173E-6
65,200000E-3	-6,097184E-6
65,900000E-3	-5,788600E-6
66,900000E-3	-5,462759E-6
67,600000E-3	-5,119653E-6
68,700000E-3	-4,734864E-6
69,400000E-3	-4,352325E-6
70,400000E-3	-3,934941E-6
71,000000E-3	-3,473791E-6
71,700000E-3	-3,038238E-6
72,700000E-3	-2,589761E-6
73,400000E-3	-2,129004E-6
74,100000E-3	-1,656082E-6
74,900000E-3	-1,173412E-6
75,900000E-3	-682,905869E-9
76,800000E-3	-187,550833E-9
77,500000E-3	314,061396E-9
78,300000E-3	821,182612E-9
79,300000E-3	1,329097E-6
80,000000E-3	1,837376E-6
80,600000E-3	2,341701E-6
81,300000E-3	2,845850E-6
82,000000E-3	3,348518E-6
83,100000E-3	3,847804E-6
84,000000E-3	4,343209E-6
84,800000E-3	4,830790E-6
85,400000E-3	5,308967E-6
86,100000E-3	5,775411E-6
87,200000E-3	6,230409E-6
87,800000E-3	6,675335E-6
88,700000E-3	7,112132E-6
89,400000E-3	7,540424E-6
90,400000E-3	7,983956E-6
91,100000E-3	8,385876E-6
92,100000E-3	8,773594E-6
92,800000E-3	9,148515E-6
93,500000E-3	9,511175E-6
94,200000E-3	9,862758E-6
95,200000E-3	10,200839E-6
95,900000E-3	10,524035E-6
96,600000E-3	10,831253E-6
97,600000E-3	11,141200E-6
98,500000E-3	11,419059E-6
99,200000E-3	11,692969E-6
100,200000E-3	11,950200E-6
100,900000E-3	12,199703E-6
101,600000E-3	12,448478E-6
102,600000E-3	12,656965E-6
103,300000E-3	12,853724E-6
104,000000E-3	13,036855E-6
105,000000E-3	13,205772E-6
105,700000E-3	13,362167E-6
106,700000E-3	13,508947E-6
107,400000E-3	13,650413E-6
108,100000E-3	13,778146E-6
108,800000E-3	13,888897E-6
109,900000E-3	13,988960E-6
110,600000E-3	14,080659E-6
111,600000E-3	14,166165E-6
112,200000E-3	14,245049E-6
112,600000E-3	14,317486E-6
113,900000E-3	14,387531E-6
114,600000E-3	14,444189E-6
115,600000E-3	14,490522E-6
116,300000E-3	14,529463E-6
117,100000E-3	14,565188E-6
117,700000E-3	14,593220E-6
118,700000E-3	14,614525E-6
119,400000E-3	14,629225E-6
120,100000E-3	14,641406E-6
121,100000E-3	14,652635E-6
122,100000E-3	14,662996E-6
122,100000E-3	14,670094E-6
123,700000E-3	14,672766E-6
124,400000E-3	14,671611E-6
125,100000E-3	14,667725E-6
125,800000E-3	14,661750E-6
126,900000E-3	14,654462E-6
127,500000E-3	14,646450E-6
128,200000E-3	14,638172E-6
129,200000E-3	14,628758E-6
129,900000E-3	14,617860E-6
130,900000E-3	14,606678E-6
131,600000E-3	14,594673E-6
132,600000E-3	14,583191E-6
133,400000E-3	14,571627E-6
134,000000E-3	14,559393E-6
134,700000E-3	14,547239E-6
135,700000E-3	14,534946E-6
136,400000E-3	14,520699E-6
137,100000E-3	14,504044E-6
138,100000E-3	14,486579E-6
139,100000E-3	14,471989E-6
139,900000E-3	14,458940E-6
140,500000E-3	14,446596E-6
141,500000E-3	14,431990E-6
142,300000E-3	14,415847E-6
142,900000E-3	14,398541E-6
143,600000E-3	14,381660E-6
144,600000E-3	14,363262E-6
145,300000E-3	14,345059E-6
146,300000E-3	14,325939E-6
147,000000E-3	14,304178E-6
147,700000E-3	14,279153E-6
148,300000E-3	14,253629E-6
149,400000E-3	14,229960E-6
150,100000E-3	14,207664E-6
150,800000E-3	14,185198E-6
151,800000E-3	14,160248E-6
152,800000E-3	14,132067E-6
153,500000E-3	14,101991E-6
154,200000E-3	14,069803E-6
155,200000E-3	14,037177E-6
155,900000E-3	14,005930E-6
156,600000E-3	13,974353E-6
157,300000E-3	13,940675E-6
158,000000E-3	13,904556E-6
159,000000E-3	13,866888E-6
160,000000E-3	13,828951E-6
160,600000E-3	13,790436E-6
161,400000E-3	13,750290E-6
162,000000E-3	13,708714E-6
163,100000E-3	13,666201E-6
163,800000E-3	13,622524E-6
164,600000E-3	13,576181E-6
165,500000E-3	13,529660E-6
166,500000E-3	13,484736E-6
167,200000E-3	13,440430E-6
167,900000E-3	13,396087E-6
168,600000E-3	13,349198E-6
169,200000E-3	13,298086E-6
170,300000E-3	13,245467E-6
170,900000E-3	13,195575E-6
171,800000E-3	13,148232E-6
172,600000E-3	13,101015E-6
173,700000E-3	13,052765E-6
174,400000E-3	13,000677E-6
175,100000E-3	12,943816E-6
176,100000E-3	12,891996E-6
176,800000E-3	12,842203E-6
177,500000E-3	12,794660E-6
178,300000E-3	12,747135E-6
178,900000E-3	12,697238E-6
179,900000E-3	12,644738E-6
180,600000E-3	12,592073E-6
181,600000E-3	12,540394E-6
182,300000E-3	12,488402E-6
183,300000E-3	12,435573E-6
184,000000E-3	12,380941E-6
184,700000E-3	12,324482E-6
185,800000E-3	12,273296E-6
186,400000E-3	12,222141E-6
187,100000E-3	12,172394E-6
188,100000E-3	12,121310E-6
188,900000E-3	12,073448E-6
189,900000E-3	12,023540E-6
190,500000E-3	11,969487E-6
191,200000E-3	11,907182E-6
192,200000E-3	11,850336E-6
192,900000E-3	11,797925E-6
193,600000E-3	11,745888E-6
194,700000E-3	11,693738E-6
195,300000E-3	11,641119E-6
196,400000E-3	11,587158E-6
197,000000E-3	11,528124E-6
198,000000E-3	11,473977E-6
198,800000E-3	11,422606E-6
199,500000E-3	11,372010E-6
200,100000E-3	11,320602E-6
200,800000E-3	11,268109E-6
201,800000E-3	11,217501E-6
202,500000E-3	11,169163E-6
203,500000E-3	11,117233E-6
204,500000E-3	11,068197E-6
204,500000E-3	11,018805E-6
205,400000E-3	10,967624E-6
206,600000E-3	10,914128E-6
207,600000E-3	10,860459E-6
208,300000E-3	10,808256E-6
209,000000E-3	10,753243E-6
209,700000E-3	10,700143E-6
211,000000E-3	10,647072E-6
211,700000E-3	10,594704E-6
212,400000E-3	10,543934E-6
213,100000E-3	10,494794E-6
213,800000E-3	10,446153E-6
214,800000E-3	10,396989E-6
215,500000E-3	10,347191E-6
216,500000E-3	10,297439E-6
217,300000E-3	10,244488E-6
218,200000E-3	10,194196E-6
218,900000E-3	10,144635E-6
219,600000E-3	10,093872E-6
220,700000E-3	10,042558E-6
221,300000E-3	9,992798E-6
222,000000E-3	9,943562E-6
222,900000E-3	9,895403E-6
223,700000E-3	9,845796E-6
224,700000E-3	9,799181E-6
225,100000E-3	9,751862E-6
226,300000E-3	9,705304E-6
226,900000E-3	9,660376E-6
227,700000E-3	9,612635E-6
228,300000E-3	9,566281E-6
229,400000E-3	9,521372E-6
230,000000E-3	9,478512E-6
231,100000E-3	9,435146E-6
231,800000E-3	9,389113E-6
232,600000E-3	9,342137E-6
233,500000E-3	9,296393E-6
234,500000E-3	9,252022E-6
234,900000E-3	9,204830E-6
235,900000E-3	9,160709E-6
236,600000E-3	9,116884E-6
237,200000E-3	9,072955E-6
238,100000E-3	9,028455E-6
239,000000E-3	8,984895E-6
239,800000E-3	8,941507E-6
240,600000E-3	8,893309E-6
241,300000E-3	8,848597E-6
242,400000E-3	8,806979E-6
243,100000E-3	8,768089E-6
244,100000E-3	8,727830E-6
244,400000E-3	8,689685E-6
245,500000E-3	8,651515E-6
246,200000E-3	8,610568E-6
247,100000E-3	8,563683E-6
247,800000E-3	8,519048E-6
248,900000E-3	8,475706E-6
249,600000E-3	8,435560E-6
250,200000E-3	8,398944E-6
251,200000E-3	8,363169E-6
252,000000E-3	8,326103E-6
253,100000E-3	8,287107E-6
253,800000E-3	8,246686E-6
254,400000E-3	8,206143E-6
255,100000E-3	8,166161E-6
256,200000E-3	8,125713E-6
256,900000E-3	8,086314E-6
257,500000E-3	8,048113E-6
258,600000E-3	8,009966E-6
259,500000E-3	7,971796E-6
260,300000E-3	7,933809E-6
261,000000E-3	7,894244E-6
262,000000E-3	7,857104E-6
262,700000E-3	7,820871E-6
263,400000E-3	7,785839E-6
263,800000E-3	7,750788E-6
265,100000E-3	7,714612E-6
265,800000E-3	7,675636E-6
266,900000E-3	7,642825E-6
267,500000E-3	7,610359E-6
268,200000E-3	7,577567E-6
268,900000E-3	7,543863E-6
269,900000E-3	7,509255E-6
271,000000E-3	7,473535E-6
271,700000E-3	7,437788E-6
272,300000E-3	7,402774E-6
273,400000E-3	7,371587E-6
274,100000E-3	7,339494E-6
275,000000E-3	7,305638E-6
275,400000E-3	7,270691E-6
276,400000E-3	7,236501E-6
277,300000E-3	7,203123E-6
278,100000E-3	7,167770E-6
279,000000E-3	7,134169E-6
279,800000E-3	7,102609E-6
280,500000E-3	7,074109E-6
281,500000E-3	7,046226E-6
282,300000E-3	7,020164E-6
282,900000E-3	6,993881E-6
283,600000E-3	6,965688E-6
284,600000E-3	6,934222E-6
285,500000E-3	6,901772E-6
286,300000E-3	6,870240E-6
287,000000E-3	6,839688E-6
287,700000E-3	6,809878E-6
288,400000E-3	6,781320E-6
289,400000E-3	6,754792E-6
290,500000E-3	6,730480E-6
290,900000E-3	6,707852E-6
291,800000E-3	6,683451E-6
292,800000E-3	6,655456E-6
293,600000E-3	6,626698E-6
294,600000E-3	6,598179E-6
295,200000E-3	6,571958E-6
295,900000E-3	6,544085E-6
296,600000E-3	6,515725E-6
297,300000E-3	6,488376E-6
298,300000E-3	6,461943E-6
299,100000E-3	6,431767E-6
300,000000E-3	6,395570E-6
