-300,000000E-3	6,633451E-6
-300,000000E-3	6,638792E-6
-299,900000E-3	6,636401E-6
-299,800000E-3	6,632614E-6
-299,500000E-3	6,628577E-6
-299,100000E-3	6,627413E-6
-298,500000E-3	6,629670E-6
-297,900000E-3	6,633126E-6
-297,300000E-3	6,637641E-6
-296,600000E-3	6,644077E-6
-296,100000E-3	6,652942E-6
-295,200000E-3	6,662316E-6
-294,600000E-3	6,672050E-6
-294,000000E-3	6,684694E-6
-293,000000E-3	6,699208E-6
-292,300000E-3	6,713507E-6
-291,700000E-3	6,727003E-6
-290,700000E-3	6,739718E-6
-290,000000E-3	6,752856E-6
-289,200000E-3	6,767042E-6
-288,400000E-3	6,781838E-6
-287,700000E-3	6,796762E-6
-287,100000E-3	6,811960E-6
-286,000000E-3	6,828225E-6
-285,600000E-3	6,843642E-6
-284,700000E-3	6,857277E-6
-284,000000E-3	6,871087E-6
-283,000000E-3	6,887241E-6
-282,000000E-3	6,903610E-6
-281,200000E-3	6,920284E-6
-280,200000E-3	6,938459E-6
-279,500000E-3	6,956228E-6
-278,800000E-3	6,974886E-6
-278,100000E-3	6,994056E-6
-277,400000E-3	7,012000E-6
-276,300000E-3	7,028796E-6
-275,700000E-3	7,046071E-6
-275,000000E-3	7,065646E-6
-274,000000E-3	7,087732E-6
-273,200000E-3	7,107221E-6
-272,300000E-3	7,124122E-6
-271,600000E-3	7,139052E-6
-270,800000E-3	7,155762E-6
-270,100000E-3	7,174832E-6
-269,100000E-3	7,197550E-6
-268,200000E-3	7,220006E-6
-267,400000E-3	7,240032E-6
-266,700000E-3	7,259076E-6
-266,000000E-3	7,278250E-6
-264,900000E-3	7,297692E-6
-264,300000E-3	7,315617E-6
-263,300000E-3	7,335613E-6
-262,600000E-3	7,357529E-6
-261,600000E-3	7,380406E-6
-260,900000E-3	7,400174E-6
-260,200000E-3	7,419390E-6
-259,500000E-3	7,438999E-6
-258,500000E-3	7,459881E-6
-258,000000E-3	7,481725E-6
-257,200000E-3	7,504666E-6
-256,100000E-3	7,528576E-6
-255,400000E-3	7,552891E-6
-254,700000E-3	7,573591E-6
-253,600000E-3	7,593630E-6
-252,900000E-3	7,614347E-6
-251,900000E-3	7,635613E-6
-251,200000E-3	7,655481E-6
-250,500000E-3	7,676841E-6
-249,500000E-3	7,699877E-6
-248,800000E-3	7,723606E-6
-248,000000E-3	7,745949E-6
-247,100000E-3	7,767433E-6
-246,200000E-3	7,793150E-6
-245,400000E-3	7,817700E-6
-244,700000E-3	7,842763E-6
-243,600000E-3	7,871378E-6
-242,900000E-3	7,894757E-6
-242,000000E-3	7,916784E-6
-241,300000E-3	7,938291E-6
-240,600000E-3	7,962226E-6
-239,900000E-3	7,987001E-6
-238,900000E-3	8,011093E-6
-238,200000E-3	8,035196E-6
-237,300000E-3	8,060192E-6
-236,500000E-3	8,084523E-6
-235,700000E-3	8,106862E-6
-235,100000E-3	8,129917E-6
-234,000000E-3	8,153108E-6
-233,300000E-3	8,174750E-6
-232,300000E-3	8,195857E-6
-231,600000E-3	8,216125E-6
-230,900000E-3	8,236052E-6
-230,200000E-3	8,258155E-6
-229,200000E-3	8,283415E-6
-228,500000E-3	8,311961E-6
-227,500000E-3	8,338339E-6
-226,700000E-3	8,363687E-6
-226,100000E-3	8,387690E-6
-225,000000E-3	8,411337E-6
-224,700000E-3	8,434589E-6
-223,600000E-3	8,457542E-6
-223,000000E-3	8,481635E-6
-221,900000E-3	8,506746E-6
-221,300000E-3	8,531838E-6
-220,200000E-3	8,556467E-6
-219,500000E-3	8,581413E-6
-218,500000E-3	8,609934E-6
-217,900000E-3	8,638365E-6
-217,200000E-3	8,665934E-6
-216,400000E-3	8,691311E-6
-215,700000E-3	8,715206E-6
-214,700000E-3	8,739834E-6
-214,100000E-3	8,766017E-6
-213,000000E-3	8,793250E-6
-212,100000E-3	8,821605E-6
-211,200000E-3	8,849572E-6
-210,700000E-3	8,875923E-6
-209,900000E-3	8,901396E-6
-209,300000E-3	8,926557E-6
-208,200000E-3	8,951482E-6
-207,400000E-3	8,977607E-6
-206,800000E-3	9,005536E-6
-205,800000E-3	9,036013E-6
-204,900000E-3	9,065752E-6
-204,000000E-3	9,091688E-6
-203,400000E-3	9,116671E-6
-202,700000E-3	9,143451E-6
-201,700000E-3	9,171051E-6
-201,300000E-3	9,198605E-6
-200,300000E-3	9,226703E-6
-199,500000E-3	9,254207E-6
-198,600000E-3	9,280424E-6
-197,600000E-3	9,305841E-6
-196,900000E-3	9,331467E-6
-196,200000E-3	9,359856E-6
-195,200000E-3	9,392235E-6
-194,500000E-3	9,422242E-6
-193,800000E-3	9,449988E-6
-193,100000E-3	9,475086E-6
-192,100000E-3	9,500429E-6
-191,200000E-3	9,525917E-6
-190,400000E-3	9,553556E-6
-189,800000E-3	9,581226E-6
-188,700000E-3	9,609934E-6
-188,400000E-3	9,637872E-6
-186,900000E-3	9,668312E-6
-186,200000E-3	9,693994E-6
-185,600000E-3	9,719063E-6
-184,900000E-3	9,743468E-6
-183,900000E-3	9,768200E-6
-183,200000E-3	9,793303E-6
-182,100000E-3	9,817698E-6
-181,500000E-3	9,841005E-6
-180,500000E-3	9,863664E-6
-179,800000E-3	9,888704E-6
-179,100000E-3	9,916934E-6
-178,400000E-3	9,946617E-6
-177,700000E-3	9,975270E-6
-176,700000E-3	10,000284E-6
-175,900000E-3	10,022802E-6
-175,000000E-3	10,044750E-6
-174,000000E-3	10,067121E-6
-173,300000E-3	10,087015E-6
-172,600000E-3	10,107619E-6
-171,900000E-3	10,129770E-6
-170,900000E-3	10,152379E-6
-170,200000E-3	10,174639E-6
-169,400000E-3	10,195233E-6
-168,500000E-3	10,214713E-6
-167,500000E-3	10,237577E-6
-166,800000E-3	10,261060E-6
-166,200000E-3	10,283495E-6
-165,400000E-3	10,302775E-6
-164,800000E-3	10,319965E-6
-163,700000E-3	10,337527E-6
-163,100000E-3	10,356461E-6
-162,200000E-3	10,375710E-6
-161,300000E-3	10,392908E-6
-160,300000E-3	10,406824E-6
-159,600000E-3	10,419814E-6
-158,900000E-3	10,433405E-6
-157,900000E-3	10,446878E-6
-157,200000E-3	10,458848E-6
-156,500000E-3	10,470670E-6
-155,800000E-3	10,481841E-6
-154,800000E-3	10,493357E-6
-153,900000E-3	10,505604E-6
-153,100000E-3	10,518616E-6
-152,400000E-3	10,531399E-6
-151,800000E-3	10,541261E-6
-151,000000E-3	10,547434E-6
-150,000000E-3	10,552683E-6
-149,400000E-3	10,559385E-6
-148,300000E-3	10,568135E-6
-147,600000E-3	10,577248E-6
-146,800000E-3	10,585292E-6
-146,000000E-3	10,589359E-6
-145,300000E-3	10,588377E-6
-144,200000E-3	10,586143E-6
-143,500000E-3	10,585931E-6
-142,800000E-3	10,586452E-6
-141,900000E-3	10,585706E-6
-141,200000E-3	10,584286E-6
-140,300000E-3	10,583366E-6
-139,500000E-3	10,582858E-6
-138,400000E-3	10,581067E-6
-137,700000E-3	10,576836E-6
-137,000000E-3	10,570946E-6
-136,300000E-3	10,565225E-6
-135,300000E-3	10,559765E-6
-134,600000E-3	10,553401E-6
-133,900000E-3	10,546102E-6
-133,100000E-3	10,537476E-6
-132,200000E-3	10,527493E-6
-131,200000E-3	10,516084E-6
-130,500000E-3	10,503470E-6
-129,800000E-3	10,490219E-6
-129,200000E-3	10,475871E-6
-128,200000E-3	10,458865E-6
-127,500000E-3	10,439348E-6
-126,800000E-3	10,417950E-6
-125,900000E-3	10,396364E-6
-125,100000E-3	10,374997E-6
-124,100000E-3	10,354292E-6
-123,400000E-3	10,330853E-6
-122,700000E-3	10,303275E-6
-121,700000E-3	10,275293E-6
-121,000000E-3	10,247425E-6
-120,300000E-3	10,219585E-6
-119,300000E-3	10,186447E-6
-118,500000E-3	10,150494E-6
-117,600000E-3	10,110807E-6
-116,900000E-3	10,069439E-6
-115,900000E-3	10,026957E-6
-115,200000E-3	9,979712E-6
-114,500000E-3	9,928696E-6
-113,400000E-3	9,875674E-6
-112,800000E-3	9,819225E-6
-112,100000E-3	9,759839E-6
-111,100000E-3	9,696786E-6
-110,500000E-3	9,628709E-6
-109,300000E-3	9,551133E-6
-108,600000E-3	9,473845E-6
-108,000000E-3	9,391723E-6
-107,300000E-3	9,303563E-6
-106,200000E-3	9,209783E-6
-105,700000E-3	9,110794E-6
-105,000000E-3	9,007345E-6
-103,900000E-3	8,899482E-6
-102,800000E-3	8,780913E-6
-102,200000E-3	8,664955E-6
-101,500000E-3	8,543380E-6
-100,800000E-3	8,414857E-6
-99,800000E-3	8,278863E-6
-99,100000E-3	8,134641E-6
-98,400000E-3	7,983349E-6
-97,400000E-3	7,825426E-6
-96,700000E-3	7,660975E-6
-95,700000E-3	7,478148E-6
-95,000000E-3	7,299060E-6
-94,300000E-3	7,113334E-6
-93,600000E-3	6,921440E-6
-93,000000E-3	6,724288E-6
-91,900000E-3	6,519769E-6
-91,200000E-3	6,306446E-6
-90,200000E-3	6,084947E-6
-89,200000E-3	5,842581E-6
-88,600000E-3	5,608335E-6
-87,900000E-3	5,369372E-6
-87,100000E-3	5,115642E-6
-86,100000E-3	4,854689E-6
-85,400000E-3	4,593516E-6
-84,800000E-3	4,327241E-6
-84,100000E-3	4,057501E-6
-83,000000E-3	3,785567E-6
-81,900000E-3	3,509354E-6
-81,200000E-3	3,227242E-6
-80,700000E-3	2,940217E-6
-79,600000E-3	2,630579E-6
-78,800000E-3	2,335437E-6
-78,100000E-3	2,037865E-6
-77,600000E-3	1,728478E-6
-76,500000E-3	1,419427E-6
-75,600000E-3	1,120661E-6
-74,700000E-3	823,178656E-9
-74,100000E-3	526,459738E-9
-73,100000E-3	227,909209E-9
-72,400000E-3	-71,615478E-9
-71,700000E-3	-368,509519E-9
-71,000000E-3	-659,941319E-9
-70,300000E-3	-947,950301E-9
-69,300000E-3	-1,250404E-6
-68,300000E-3	-1,539689E-6
-67,600000E-3	-1,821401E-6
-66,900000E-3	-2,088653E-6
-65,900000E-3	-2,349742E-6
-65,200000E-3	-2,604134E-6
-64,500000E-3	-2,850371E-6
-63,500000E-3	-3,088601E-6
-62,900000E-3	-3,317849E-6
-62,100000E-3	-3,538941E-6
-61,100000E-3	-3,752369E-6
-60,400000E-3	-3,956842E-6
-59,300000E-3	-4,150994E-6
-59,100000E-3	-4,335782E-6
-58,000000E-3	-4,517867E-6
-57,400000E-3	-4,688606E-6
-56,300000E-3	-4,842664E-6
-55,700000E-3	-4,984636E-6
-54,800000E-3	-5,115920E-6
-53,800000E-3	-5,237890E-6
-53,200000E-3	-5,357227E-6
-52,200000E-3	-5,459662E-6
-51,500000E-3	-5,553320E-6
-50,800000E-3	-5,638257E-6
-49,800000E-3	-5,714141E-6
-49,000000E-3	-5,781254E-6
-48,300000E-3	-5,835033E-6
-47,700000E-3	-5,877206E-6
-46,600000E-3	-5,913353E-6
-45,900000E-3	-5,944954E-6
-44,900000E-3	-5,970362E-6
-44,200000E-3	-5,987254E-6
-43,200000E-3	-5,996058E-6
-42,600000E-3	-5,997081E-6
-41,900000E-3	-5,992166E-6
-41,100000E-3	-5,982043E-6
-40,100000E-3	-5,967755E-6
-39,500000E-3	-5,948591E-6
-38,800000E-3	-5,926352E-6
-37,800000E-3	-5,901849E-6
-37,100000E-3	-5,873151E-6
-35,900000E-3	-5,838838E-6
-35,300000E-3	-5,799220E-6
-34,600000E-3	-5,755696E-6
-33,900000E-3	-5,707651E-6
-33,200000E-3	-5,663033E-6
-32,100000E-3	-5,617993E-6
-31,500000E-3	-5,570340E-6
-30,800000E-3	-5,519811E-6
-29,800000E-3	-5,470218E-6
-29,100000E-3	-5,424340E-6
-28,100000E-3	-5,380536E-6
-27,000000E-3	-5,334839E-6
-26,300000E-3	-5,292557E-6
-25,600000E-3	-5,249573E-6
-24,900000E-3	-5,203909E-6
-23,900000E-3	-5,153760E-6
-23,200000E-3	-5,107207E-6
-22,500000E-3	-5,063750E-6
-21,800000E-3	-5,023948E-6
-20,800000E-3	-4,988037E-6
-20,200000E-3	-4,954405E-6
-19,000000E-3	-4,920891E-6
-18,300000E-3	-4,883762E-6
-17,300000E-3	-4,854028E-6
-16,600000E-3	-4,828613E-6
-15,700000E-3	-4,804098E-6
-15,300000E-3	-4,781829E-6
-14,300000E-3	-4,760180E-6
-13,500000E-3	-4,739701E-6
-12,500000E-3	-4,721062E-6
-11,900000E-3	-4,704835E-6
-11,200000E-3	-4,691308E-6
-10,100000E-3	-4,679712E-6
-9,400000E-3	-4,668212E-6
-8,400000E-3	-4,658473E-6
-7,700000E-3	-4,650318E-6
-7,000000E-3	-4,642836E-6
-6,300000E-3	-4,636084E-6
-5,300000E-3	-4,631556E-6
-4,200000E-3	-4,626207E-6
-3,900000E-3	-4,620870E-6
-2,800000E-3	-4,616932E-6
-2,100000E-3	-4,614663E-6
-1,400000E-3	-4,613878E-6
-300,000000E-6	-4,614780E-6
700,000000E-6	-4,616243E-6
1,400000E-3	-4,617275E-6
2,100000E-3	-4,618342E-6
3,200000E-3	-4,618883E-6
3,500000E-3	-4,619520E-6
4,500000E-3	-4,622457E-6
5,300000E-3	-4,626434E-6
5,900000E-3	-4,629567E-6
7,000000E-3	-4,632596E-6
7,800000E-3	-4,637596E-6
8,600000E-3	-4,645273E-6
9,500000E-3	-4,654588E-6
10,400000E-3	-4,663106E-6
10,800000E-3	-4,668707E-6
11,900000E-3	-4,675127E-6
12,500000E-3	-4,684399E-6
13,600000E-3	-4,695568E-6
14,200000E-3	-4,707568E-6
15,000000E-3	-4,720550E-6
15,700000E-3	-4,735384E-6
16,700000E-3	-4,752290E-6
17,400000E-3	-4,770816E-6
18,400000E-3	-4,790048E-6
19,100000E-3	-4,808994E-6
20,100000E-3	-4,830096E-6
20,800000E-3	-4,851256E-6
21,500000E-3	-4,873651E-6
22,200000E-3	-4,898212E-6
23,300000E-3	-4,925000E-6
24,000000E-3	-4,953320E-6
24,600000E-3	-4,982533E-6
25,700000E-3	-5,013358E-6
26,400000E-3	-5,047258E-6
26,800000E-3	-5,084856E-6
27,900000E-3	-5,127464E-6
28,900000E-3	-5,168044E-6
29,500000E-3	-5,207871E-6
30,200000E-3	-5,247484E-6
31,000000E-3	-5,287280E-6
31,700000E-3	-5,327584E-6
32,700000E-3	-5,369273E-6
33,300000E-3	-5,415529E-6
34,400000E-3	-5,465102E-6
35,100000E-3	-5,513207E-6
36,100000E-3	-5,559170E-6
36,900000E-3	-5,602613E-6
37,500000E-3	-5,645575E-6
38,200000E-3	-5,682885E-6
39,200000E-3	-5,718829E-6
39,900000E-3	-5,755503E-6
40,700000E-3	-5,792833E-6
41,400000E-3	-5,829582E-6
42,300000E-3	-5,865756E-6
43,400000E-3	-5,898383E-6
44,100000E-3	-5,926081E-6
44,800000E-3	-5,949543E-6
45,800000E-3	-5,968444E-6
46,500000E-3	-5,981768E-6
47,200000E-3	-5,988737E-6
47,900000E-3	-5,989563E-6
48,600000E-3	-5,985609E-6
49,500000E-3	-5,976984E-6
50,200000E-3	-5,963046E-6
51,200000E-3	-5,942507E-6
52,000000E-3	-5,915305E-6
53,000000E-3	-5,878732E-6
53,700000E-3	-5,830641E-6
54,400000E-3	-5,775810E-6
55,400000E-3	-5,711935E-6
56,100000E-3	-5,638883E-6
56,800000E-3	-5,556603E-6
57,500000E-3	-5,466073E-6
58,600000E-3	-5,366497E-6
59,200000E-3	-5,255925E-6
60,300000E-3	-5,134728E-6
61,000000E-3	-4,994124E-6
61,900000E-3	-4,852296E-6
62,700000E-3	-4,701385E-6
63,400000E-3	-4,531281E-6
64,100000E-3	-4,361274E-6
65,100000E-3	-4,182122E-6
65,800000E-3	-3,993291E-6
66,500000E-3	-3,794145E-6
67,100000E-3	-3,584565E-6
68,200000E-3	-3,365044E-6
68,900000E-3	-3,135405E-6
69,900000E-3	-2,897254E-6
70,600000E-3	-2,642595E-6
71,500000E-3	-2,380787E-6
72,300000E-3	-2,120918E-6
73,000000E-3	-1,855838E-6
73,700000E-3	-1,584832E-6
74,500000E-3	-1,308141E-6
75,500000E-3	-1,026329E-6
76,300000E-3	-738,311896E-9
77,000000E-3	-426,506134E-9
77,700000E-3	-130,007550E-9
78,700000E-3	167,312048E-9
79,500000E-3	476,047508E-9
80,300000E-3	783,613023E-9
81,000000E-3	1,081400E-6
82,000000E-3	1,378846E-6
82,700000E-3	1,678173E-6
83,300000E-3	1,979666E-6
84,300000E-3	2,282141E-6
85,300000E-3	2,582062E-6
86,000000E-3	2,877937E-6
86,700000E-3	3,168717E-6
87,200000E-3	3,454808E-6
88,300000E-3	3,735957E-6
89,300000E-3	4,012056E-6
89,900000E-3	4,292774E-6
90,600000E-3	4,566908E-6
91,700000E-3	4,828168E-6
92,700000E-3	5,083786E-6
93,300000E-3	5,348751E-6
94,300000E-3	5,591172E-6
94,900000E-3	5,826018E-6
95,900000E-3	6,066251E-6
96,300000E-3	6,285407E-6
97,200000E-3	6,499077E-6
98,100000E-3	6,713747E-6
98,900000E-3	6,920768E-6
99,900000E-3	7,115438E-6
100,600000E-3	7,303603E-6
101,200000E-3	7,482491E-6
102,100000E-3	7,652512E-6
103,100000E-3	7,815510E-6
103,900000E-3	7,971740E-6
104,600000E-3	8,121071E-6
105,200000E-3	8,262529E-6
106,200000E-3	8,398037E-6
106,800000E-3	8,529271E-6
107,600000E-3	8,654954E-6
108,500000E-3	8,777106E-6
109,500000E-3	8,891365E-6
110,200000E-3	8,995119E-6
110,900000E-3	9,092710E-6
111,900000E-3	9,185678E-6
112,500000E-3	9,274472E-6
113,400000E-3	9,360431E-6
114,200000E-3	9,443089E-6
115,200000E-3	9,519709E-6
115,800000E-3	9,589957E-6
116,200000E-3	9,656469E-6
117,300000E-3	9,719066E-6
117,900000E-3	9,778889E-6
119,000000E-3	9,834770E-6
119,700000E-3	9,885395E-6
120,400000E-3	9,931919E-6
121,700000E-3	9,975463E-6
122,300000E-3	10,017283E-6
123,100000E-3	10,059114E-6
124,100000E-3	10,094483E-6
124,600000E-3	10,126225E-6
125,500000E-3	10,156030E-6
126,300000E-3	10,184126E-6
127,000000E-3	10,210508E-6
128,000000E-3	10,235694E-6
128,600000E-3	10,259682E-6
129,500000E-3	10,282177E-6
130,200000E-3	10,304112E-6
131,200000E-3	10,327028E-6
131,900000E-3	10,349457E-6
132,500000E-3	10,368235E-6
133,600000E-3	10,383329E-6
134,200000E-3	10,397540E-6
135,000000E-3	10,411957E-6
135,800000E-3	10,423669E-6
136,900000E-3	10,433293E-6
137,500000E-3	10,441583E-6
138,100000E-3	10,450273E-6
139,200000E-3	10,460071E-6
140,000000E-3	10,470272E-6
140,800000E-3	10,479473E-6
141,800000E-3	10,488338E-6
142,500000E-3	10,496681E-6
143,100000E-3	10,504564E-6
144,100000E-3	10,510184E-6
144,800000E-3	10,513119E-6
145,400000E-3	10,514970E-6
146,400000E-3	10,515329E-6
147,100000E-3	10,514214E-6
148,000000E-3	10,514024E-6
149,100000E-3	10,515477E-6
149,400000E-3	10,515900E-6
150,200000E-3	10,514067E-6
151,100000E-3	10,510167E-6
152,100000E-3	10,505737E-6
152,800000E-3	10,501796E-6
153,400000E-3	10,496547E-6
154,700000E-3	10,488060E-6
155,300000E-3	10,479551E-6
156,300000E-3	10,472597E-6
157,000000E-3	10,465132E-6
158,000000E-3	10,458166E-6
158,700000E-3	10,450640E-6
159,300000E-3	10,441328E-6
160,300000E-3	10,429390E-6
161,200000E-3	10,416367E-6
162,000000E-3	10,402558E-6
162,700000E-3	10,388469E-6
163,700000E-3	10,374020E-6
164,300000E-3	10,358987E-6
165,200000E-3	10,342592E-6
166,100000E-3	10,325259E-6
167,000000E-3	10,308187E-6
167,700000E-3	10,291549E-6
168,300000E-3	10,275273E-6
169,300000E-3	10,257594E-6
170,300000E-3	10,236133E-6
171,000000E-3	10,215265E-6
171,600000E-3	10,194313E-6
172,300000E-3	10,172698E-6
173,300000E-3	10,151676E-6
174,300000E-3	10,130437E-6
174,900000E-3	10,105688E-6
175,600000E-3	10,077273E-6
176,600000E-3	10,047877E-6
177,300000E-3	10,020264E-6
178,100000E-3	9,995508E-6
178,900000E-3	9,972823E-6
180,000000E-3	9,949198E-6
180,600000E-3	9,925562E-6
181,200000E-3	9,900783E-6
182,100000E-3	9,874825E-6
183,100000E-3	9,844368E-6
183,900000E-3	9,810059E-6
184,600000E-3	9,780328E-6
185,200000E-3	9,758809E-6
186,200000E-3	9,739870E-6
187,100000E-3	9,718399E-6
187,900000E-3	9,694660E-6
188,500000E-3	9,669848E-6
189,200000E-3	9,643985E-6
190,200000E-3	9,617575E-6
191,200000E-3	9,591489E-6
191,800000E-3	9,564034E-6
192,900000E-3	9,535012E-6
193,500000E-3	9,506352E-6
194,200000E-3	9,478419E-6
195,200000E-3	9,450602E-6
195,900000E-3	9,422512E-6
196,800000E-3	9,393422E-6
197,500000E-3	9,367435E-6
198,200000E-3	9,342102E-6
199,000000E-3	9,316244E-6
199,800000E-3	9,286925E-6
200,500000E-3	9,256860E-6
201,600000E-3	9,227393E-6
202,600000E-3	9,200118E-6
203,200000E-3	9,174155E-6
203,900000E-3	9,148949E-6
204,600000E-3	9,123411E-6
205,700000E-3	9,094786E-6
206,400000E-3	9,066854E-6
207,200000E-3	9,037990E-6
208,000000E-3	9,008356E-6
208,900000E-3	8,978946E-6
208,900000E-3	8,948852E-6
210,400000E-3	8,919273E-6
210,700000E-3	8,892935E-6
212,200000E-3	8,869548E-6
212,900000E-3	8,847053E-6
213,500000E-3	8,823681E-6
214,500000E-3	8,799371E-6
215,200000E-3	8,774202E-6
216,200000E-3	8,748253E-6
216,900000E-3	8,721900E-6
217,500000E-3	8,695638E-6
218,500000E-3	8,666879E-6
219,300000E-3	8,637916E-6
220,200000E-3	8,608956E-6
220,900000E-3	8,580228E-6
221,900000E-3	8,551582E-6
222,400000E-3	8,524420E-6
223,100000E-3	8,498530E-6
224,200000E-3	8,472487E-6
224,800000E-3	8,445793E-6
225,900000E-3	8,418535E-6
226,600000E-3	8,391173E-6
227,300000E-3	8,364404E-6
227,900000E-3	8,339159E-6
228,600000E-3	8,313766E-6
229,600000E-3	8,287901E-6
230,000000E-3	8,261834E-6
231,300000E-3	8,234169E-6
232,200000E-3	8,205109E-6
233,000000E-3	8,175375E-6
233,700000E-3	8,145786E-6
234,400000E-3	8,114465E-6
235,400000E-3	8,084907E-6
236,100000E-3	8,055772E-6
236,800000E-3	8,026494E-6
237,800000E-3	7,999908E-6
238,700000E-3	7,972372E-6
239,500000E-3	7,944270E-6
240,100000E-3	7,915171E-6
240,800000E-3	7,888308E-6
241,900000E-3	7,861504E-6
242,700000E-3	7,834480E-6
243,300000E-3	7,807356E-6
244,300000E-3	7,780661E-6
245,100000E-3	7,754969E-6
245,700000E-3	7,732930E-6
246,900000E-3	7,709204E-6
247,800000E-3	7,680548E-6
248,500000E-3	7,651444E-6
248,800000E-3	7,621643E-6
249,900000E-3	7,593046E-6
251,000000E-3	7,566116E-6
251,700000E-3	7,540408E-6
252,300000E-3	7,515699E-6
253,000000E-3	7,492437E-6
254,100000E-3	7,470246E-6
254,800000E-3	7,447076E-6
255,800000E-3	7,422025E-6
256,500000E-3	7,395949E-6
257,200000E-3	7,370014E-6
258,300000E-3	7,345252E-6
258,900000E-3	7,321325E-6
259,600000E-3	7,296625E-6
260,200000E-3	7,271475E-6
261,300000E-3	7,247061E-6
262,300000E-3	7,223100E-6
263,000000E-3	7,198493E-6
263,700000E-3	7,173037E-6
264,400000E-3	7,146979E-6
265,400000E-3	7,121496E-6
266,100000E-3	7,097303E-6
266,700000E-3	7,073044E-6
267,800000E-3	7,049463E-6
268,600000E-3	7,027380E-6
269,500000E-3	7,005324E-6
270,200000E-3	6,979967E-6
271,200000E-3	6,957102E-6
271,900000E-3	6,933816E-6
272,500000E-3	6,910225E-6
273,200000E-3	6,887086E-6
274,300000E-3	6,864970E-6
275,100000E-3	6,843080E-6
276,000000E-3	6,819899E-6
276,700000E-3	6,795069E-6
277,700000E-3	6,772025E-6
278,400000E-3	6,749727E-6
279,100000E-3	6,726383E-6
279,700000E-3	6,703946E-6
280,800000E-3	6,682535E-6
281,600000E-3	6,662951E-6
282,500000E-3	6,643791E-6
283,100000E-3	6,623085E-6
284,200000E-3	6,600919E-6
284,900000E-3	6,578217E-6
285,500000E-3	6,555664E-6
286,100000E-3	6,530875E-6
287,200000E-3	6,502961E-6
288,000000E-3	6,475224E-6
288,900000E-3	6,450621E-6
289,600000E-3	6,428075E-6
290,200000E-3	6,405224E-6
291,300000E-3	6,381937E-6
292,000000E-3	6,358202E-6
292,600000E-3	6,334211E-6
293,700000E-3	6,311645E-6
294,700000E-3	6,290734E-6
295,400000E-3	6,270718E-6
296,000000E-3	6,249207E-6
296,700000E-3	6,228514E-6
297,700000E-3	6,209882E-6
298,400000E-3	6,193764E-6
299,100000E-3	6,177598E-6
