-300,000000E-3	5,303390E-6
-300,000000E-3	5,304157E-6
-299,900000E-3	5,303908E-6
-299,400000E-3	5,301797E-6
-299,100000E-3	5,300535E-6
-298,500000E-3	5,304437E-6
-297,700000E-3	5,314195E-6
-297,500000E-3	5,331773E-6
-296,900000E-3	5,356094E-6
-296,200000E-3	5,387363E-6
-295,500000E-3	5,422700E-6
-294,900000E-3	5,460238E-6
-294,000000E-3	5,502306E-6
-293,300000E-3	5,549831E-6
-292,400000E-3	5,604114E-6
-291,800000E-3	5,665629E-6
-291,100000E-3	5,728542E-6
-290,400000E-3	5,788439E-6
-289,400000E-3	5,844840E-6
-288,800000E-3	5,903817E-6
-288,100000E-3	5,964489E-6
-287,100000E-3	6,033419E-6
-286,500000E-3	6,110330E-6
-285,500000E-3	6,204865E-6
-284,600000E-3	6,294888E-6
-283,700000E-3	6,391424E-6
-283,000000E-3	6,498878E-6
-282,000000E-3	6,600506E-6
-281,300000E-3	6,699451E-6
-280,600000E-3	6,794062E-6
-280,000000E-3	6,886964E-6
-278,900000E-3	6,983082E-6
-278,200000E-3	7,084880E-6
-277,200000E-3	7,192239E-6
-276,500000E-3	7,310460E-6
-275,900000E-3	7,422016E-6
-274,800000E-3	7,533465E-6
-274,200000E-3	7,648506E-6
-273,500000E-3	7,769249E-6
-272,700000E-3	7,893571E-6
-271,800000E-3	8,018048E-6
-271,100000E-3	8,141676E-6
-270,100000E-3	8,263602E-6
-269,200000E-3	8,391379E-6
-268,300000E-3	8,509973E-6
-267,700000E-3	8,631453E-6
-266,900000E-3	8,750802E-6
-266,300000E-3	8,865458E-6
-265,200000E-3	8,979755E-6
-264,500000E-3	9,093072E-6
-263,900000E-3	9,206185E-6
-262,800000E-3	9,319163E-6
-262,100000E-3	9,432149E-6
-261,100000E-3	9,547522E-6
-260,300000E-3	9,667863E-6
-259,700000E-3	9,793602E-6
-259,100000E-3	9,922862E-6
-258,000000E-3	10,055010E-6
-257,300000E-3	10,192327E-6
-256,600000E-3	10,333180E-6
-255,900000E-3	10,477037E-6
-254,800000E-3	10,623445E-6
-254,100000E-3	10,770910E-6
-253,100000E-3	10,919848E-6
-252,400000E-3	11,080196E-6
-251,700000E-3	11,232908E-6
-250,600000E-3	11,386766E-6
-249,900000E-3	11,539678E-6
-249,300000E-3	11,698039E-6
-248,500000E-3	11,848795E-6
-247,500000E-3	11,999303E-6
-246,800000E-3	12,150711E-6
-246,000000E-3	12,309723E-6
-245,200000E-3	12,475105E-6
-244,300000E-3	12,642335E-6
-243,400000E-3	12,807782E-6
-242,800000E-3	12,970476E-6
-242,100000E-3	13,132423E-6
-241,100000E-3	13,296881E-6
-240,400000E-3	13,466877E-6
-239,600000E-3	13,644605E-6
-238,800000E-3	13,830925E-6
-238,000000E-3	14,028309E-6
-236,900000E-3	14,234155E-6
-236,300000E-3	14,445841E-6
-235,600000E-3	14,675889E-6
-234,900000E-3	14,895896E-6
-233,800000E-3	15,115410E-6
-233,100000E-3	15,332483E-6
-232,400000E-3	15,546938E-6
-231,700000E-3	15,757752E-6
-230,700000E-3	15,961081E-6
-229,700000E-3	16,153479E-6
-229,000000E-3	16,335096E-6
-228,400000E-3	16,512893E-6
-227,400000E-3	16,682874E-6
-226,600000E-3	16,844289E-6
-225,900000E-3	17,016858E-6
-225,300000E-3	17,183762E-6
-224,200000E-3	17,359562E-6
-223,500000E-3	17,550913E-6
-222,500000E-3	17,777815E-6
-221,700000E-3	18,013098E-6
-220,800000E-3	18,259039E-6
-220,100000E-3	18,503027E-6
-219,400000E-3	18,736470E-6
-218,700000E-3	18,951992E-6
-217,700000E-3	19,145853E-6
-217,000000E-3	19,313604E-6
-216,300000E-3	19,455208E-6
-215,600000E-3	19,572119E-6
-214,700000E-3	19,667033E-6
-213,800000E-3	19,747888E-6
-212,800000E-3	19,829176E-6
-212,100000E-3	19,934739E-6
-211,400000E-3	20,068014E-6
-210,400000E-3	20,241530E-6
-209,700000E-3	20,460952E-6
-208,600000E-3	20,711604E-6
-207,900000E-3	20,980992E-6
-207,200000E-3	21,270676E-6
-206,500000E-3	21,610967E-6
-205,400000E-3	21,920039E-6
-204,700000E-3	22,229356E-6
-203,600000E-3	22,533729E-6
-203,300000E-3	22,832974E-6
-202,600000E-3	23,127888E-6
-201,500000E-3	23,419753E-6
-200,800000E-3	23,709080E-6
-200,000000E-3	23,993418E-6
-199,300000E-3	24,272938E-6
-198,400000E-3	24,543648E-6
-197,600000E-3	24,804046E-6
-196,800000E-3	25,055856E-6
-196,100000E-3	25,307478E-6
-195,200000E-3	25,567663E-6
-194,300000E-3	25,840103E-6
-193,700000E-3	26,125025E-6
-192,900000E-3	26,424969E-6
-192,200000E-3	26,745812E-6
-191,300000E-3	27,088742E-6
-190,300000E-3	27,458333E-6
-189,600000E-3	27,822943E-6
-188,900000E-3	28,157628E-6
-187,800000E-3	28,464551E-6
-187,100000E-3	28,739904E-6
-186,300000E-3	28,984176E-6
-185,600000E-3	29,204944E-6
-184,800000E-3	29,412754E-6
-183,700000E-3	29,622239E-6
-182,900000E-3	29,847001E-6
-182,200000E-3	30,093994E-6
-181,400000E-3	30,365036E-6
-180,700000E-3	30,670929E-6
-179,900000E-3	31,000930E-6
-179,200000E-3	31,340918E-6
-178,400000E-3	31,688389E-6
-177,300000E-3	32,025502E-6
-176,600000E-3	32,341139E-6
-175,800000E-3	32,636219E-6
-175,100000E-3	32,926815E-6
-174,300000E-3	33,231368E-6
-173,200000E-3	33,556773E-6
-172,600000E-3	33,895138E-6
-171,700000E-3	34,236598E-6
-171,100000E-3	34,573566E-6
-170,300000E-3	34,898409E-6
-169,600000E-3	35,204866E-6
-168,800000E-3	35,495223E-6
-168,100000E-3	35,773092E-6
-167,300000E-3	36,044389E-6
-166,200000E-3	36,316379E-6
-165,400000E-3	36,597784E-6
-164,700000E-3	36,894657E-6
-163,900000E-3	37,231644E-6
-162,800000E-3	37,566289E-6
-162,100000E-3	37,905886E-6
-161,300000E-3	38,238547E-6
-160,600000E-3	38,575794E-6
-159,800000E-3	38,912771E-6
-159,100000E-3	39,240490E-6
-158,300000E-3	39,558459E-6
-157,700000E-3	39,857405E-6
-156,900000E-3	40,131084E-6
-155,800000E-3	40,379005E-6
-155,000000E-3	40,602423E-6
-154,300000E-3	40,812090E-6
-153,200000E-3	40,984586E-6
-152,400000E-3	41,148499E-6
-151,700000E-3	41,336723E-6
-150,900000E-3	41,559907E-6
-150,100000E-3	41,809520E-6
-149,400000E-3	42,082306E-6
-148,700000E-3	42,367367E-6
-147,500000E-3	42,650444E-6
-147,200000E-3	42,915018E-6
-146,000000E-3	43,157583E-6
-145,300000E-3	43,385359E-6
-144,500000E-3	43,605582E-6
-143,800000E-3	43,774599E-6
-142,700000E-3	43,898433E-6
-141,900000E-3	43,986142E-6
-141,200000E-3	44,042137E-6
-140,400000E-3	44,073732E-6
-139,700000E-3	44,095489E-6
-138,900000E-3	44,117966E-6
-138,200000E-3	44,145682E-6
-137,400000E-3	44,185493E-6
-136,400000E-3	44,249507E-6
-135,700000E-3	44,346668E-6
-135,000000E-3	44,477241E-6
-134,200000E-3	44,636733E-6
-133,100000E-3	44,812318E-6
-132,400000E-3	44,992604E-6
-131,800000E-3	45,160993E-6
-130,900000E-3	45,314728E-6
-130,300000E-3	45,464591E-6
-129,300000E-3	45,613882E-6
-128,500000E-3	45,756490E-6
-127,800000E-3	45,877183E-6
-126,800000E-3	45,972650E-6
-126,000000E-3	46,061808E-6
-125,300000E-3	46,176278E-6
-124,500000E-3	46,344137E-6
-123,700000E-3	46,582363E-6
-122,900000E-3	46,890170E-6
-122,000000E-3	47,249793E-6
-121,100000E-3	47,631243E-6
-120,300000E-3	48,034241E-6
-119,700000E-3	48,406193E-6
-118,700000E-3	48,784679E-6
-118,000000E-3	49,189027E-6
-117,300000E-3	49,632260E-6
-116,700000E-3	50,121317E-6
-115,600000E-3	50,650250E-6
-114,800000E-3	51,195484E-6
-113,900000E-3	51,722365E-6
-113,200000E-3	52,214057E-6
-112,200000E-3	52,697373E-6
-111,500000E-3	53,183395E-6
-110,800000E-3	53,715453E-6
-110,100000E-3	54,254261E-6
-109,100000E-3	54,819099E-6
-108,400000E-3	55,382325E-6
-107,400000E-3	55,913233E-6
-106,700000E-3	56,395668E-6
-105,700000E-3	56,821922E-6
-105,000000E-3	57,179704E-6
-104,300000E-3	57,454960E-6
-103,200000E-3	57,636940E-6
-102,900000E-3	57,726535E-6
-101,900000E-3	57,740670E-6
-101,200000E-3	57,705747E-6
-100,200000E-3	57,633563E-6
-99,500000E-3	57,497654E-6
-98,500000E-3	57,276420E-6
-97,800000E-3	56,937182E-6
-97,100000E-3	56,447295E-6
-96,500000E-3	55,890322E-6
-95,400000E-3	55,269310E-6
-94,700000E-3	54,587502E-6
-93,800000E-3	53,787110E-6
-93,000000E-3	52,971034E-6
-92,000000E-3	52,104111E-6
-91,300000E-3	51,195164E-6
-90,600000E-3	50,247598E-6
-89,900000E-3	49,262108E-6
-88,900000E-3	48,227493E-6
-88,200000E-3	47,137263E-6
-87,500000E-3	45,999224E-6
-86,500000E-3	44,832810E-6
-85,800000E-3	43,647433E-6
-84,800000E-3	42,454503E-6
-84,100000E-3	41,204275E-6
-83,400000E-3	39,923323E-6
-82,700000E-3	38,632459E-6
-81,700000E-3	37,292493E-6
-81,000000E-3	35,906187E-6
-80,300000E-3	34,457787E-6
-79,300000E-3	32,918657E-6
-78,600000E-3	31,255734E-6
-77,600000E-3	29,451108E-6
-76,900000E-3	27,498743E-6
-76,200000E-3	25,282532E-6
-75,200000E-3	23,076152E-6
-74,600000E-3	20,656744E-6
-73,800000E-3	18,071190E-6
-72,900000E-3	15,383228E-6
-72,100000E-3	12,520174E-6
-71,100000E-3	9,495344E-6
-70,400000E-3	6,110138E-6
-69,300000E-3	2,783979E-6
-68,600000E-3	-654,680217E-9
-68,000000E-3	-4,158627E-6
-67,300000E-3	-7,675817E-6
-66,700000E-3	-11,138665E-6
-65,600000E-3	-14,601105E-6
-64,800000E-3	-17,856857E-6
-63,900000E-3	-20,959926E-6
-63,000000E-3	-23,645314E-6
-62,200000E-3	-26,105540E-6
-61,500000E-3	-28,570837E-6
-60,500000E-3	-30,425840E-6
-59,800000E-3	-31,889554E-6
-59,100000E-3	-32,977795E-6
-58,000000E-3	-33,619713E-6
-57,300000E-3	-33,957474E-6
-56,700000E-3	-34,090419E-6
-55,600000E-3	-34,084881E-6
-54,900000E-3	-33,961767E-6
-53,900000E-3	-33,733479E-6
-53,300000E-3	-33,410694E-6
-52,600000E-3	-32,997078E-6
-51,900000E-3	-32,485895E-6
-50,900000E-3	-31,871255E-6
-50,200000E-3	-31,154272E-6
-49,500000E-3	-30,344851E-6
-48,400000E-3	-29,452366E-6
-47,800000E-3	-28,489403E-6
-46,700000E-3	-27,483019E-6
-46,000000E-3	-26,436325E-6
-45,400000E-3	-25,280965E-6
-44,800000E-3	-24,155258E-6
-43,700000E-3	-23,009124E-6
-43,000000E-3	-21,864751E-6
-42,000000E-3	-20,739695E-6
-41,300000E-3	-19,634903E-6
-40,300000E-3	-18,551456E-6
-39,600000E-3	-17,487963E-6
-38,900000E-3	-16,305354E-6
-37,900000E-3	-15,261374E-6
-37,200000E-3	-14,221896E-6
-36,500000E-3	-13,192558E-6
-35,800000E-3	-12,187539E-6
-34,800000E-3	-11,220732E-6
-33,900000E-3	-10,300320E-6
-33,100000E-3	-9,417754E-6
-32,000000E-3	-8,560305E-6
-31,700000E-3	-7,718599E-6
-31,000000E-3	-6,894621E-6
-30,000000E-3	-6,110005E-6
-29,300000E-3	-5,395213E-6
-28,200000E-3	-4,766160E-6
-27,600000E-3	-4,214042E-6
-26,500000E-3	-3,711718E-6
-25,700000E-3	-3,249072E-6
-25,200000E-3	-2,829508E-6
-24,500000E-3	-2,457163E-6
-23,900000E-3	-2,141860E-6
-22,800000E-3	-1,904705E-6
-22,100000E-3	-1,761015E-6
-21,100000E-3	-1,712346E-6
-20,300000E-3	-1,755432E-6
-19,400000E-3	-1,863904E-6
-18,700000E-3	-2,020922E-6
-18,000000E-3	-2,230090E-6
-17,300000E-3	-2,508590E-6
-16,200000E-3	-2,855139E-6
-15,600000E-3	-3,243162E-6
-14,900000E-3	-3,665401E-6
-13,900000E-3	-4,131666E-6
-13,100000E-3	-4,632599E-6
-12,200000E-3	-5,138681E-6
-11,500000E-3	-5,626554E-6
-10,800000E-3	-6,095940E-6
-10,100000E-3	-6,554054E-6
-9,100000E-3	-7,012416E-6
-8,400000E-3	-7,440128E-6
-7,700000E-3	-7,810481E-6
-6,700000E-3	-8,133071E-6
-5,700000E-3	-8,417442E-6
-5,000000E-3	-8,676898E-6
-4,300000E-3	-8,932978E-6
-3,300000E-3	-9,151591E-6
-2,500000E-3	-9,334582E-6
-1,900000E-3	-9,468502E-6
-1,100000E-3	-9,553067E-6
-100,000000E-6	-9,603436E-6
700,000000E-6	-9,636844E-6
1,700000E-3	-9,653934E-6
2,700000E-3	-9,634221E-6
3,400000E-3	-9,563402E-6
4,100000E-3	-9,444319E-6
4,800000E-3	-9,286627E-6
5,400000E-3	-9,100874E-6
6,500000E-3	-8,903006E-6
7,200000E-3	-8,708208E-6
7,900000E-3	-8,515242E-6
8,900000E-3	-8,298654E-6
9,900000E-3	-8,100232E-6
10,600000E-3	-7,906404E-6
11,300000E-3	-7,712860E-6
12,300000E-3	-7,487053E-6
13,100000E-3	-7,227111E-6
13,700000E-3	-6,940703E-6
14,400000E-3	-6,637275E-6
15,400000E-3	-6,334508E-6
16,300000E-3	-6,043056E-6
17,100000E-3	-5,747706E-6
17,800000E-3	-5,423553E-6
18,500000E-3	-5,049559E-6
19,500000E-3	-4,649950E-6
20,200000E-3	-4,210031E-6
21,300000E-3	-3,837896E-6
21,900000E-3	-3,498934E-6
22,600000E-3	-3,210367E-6
23,700000E-3	-2,974036E-6
24,400000E-3	-2,771556E-6
25,300000E-3	-2,589596E-6
26,000000E-3	-2,430887E-6
26,700000E-3	-2,301020E-6
27,800000E-3	-2,218617E-6
28,500000E-3	-2,195824E-6
29,100000E-3	-2,235513E-6
29,800000E-3	-2,339049E-6
30,900000E-3	-2,507407E-6
31,800000E-3	-2,749622E-6
32,500000E-3	-3,079439E-6
33,200000E-3	-3,528574E-6
33,900000E-3	-4,033613E-6
35,000000E-3	-4,613769E-6
35,600000E-3	-5,270132E-6
36,300000E-3	-6,018421E-6
37,300000E-3	-6,823400E-6
38,000000E-3	-7,656825E-6
39,000000E-3	-8,535641E-6
39,900000E-3	-9,448320E-6
40,400000E-3	-10,394784E-6
41,500000E-3	-11,385236E-6
42,200000E-3	-12,418392E-6
42,800000E-3	-13,484805E-6
43,400000E-3	-14,568560E-6
44,500000E-3	-15,661572E-6
45,400000E-3	-16,759040E-6
46,300000E-3	-17,904605E-6
46,900000E-3	-19,055351E-6
47,600000E-3	-20,177736E-6
48,600000E-3	-21,302300E-6
49,400000E-3	-22,421325E-6
50,000000E-3	-23,514930E-6
50,800000E-3	-24,566754E-6
51,700000E-3	-25,575677E-6
52,700000E-3	-26,553601E-6
53,400000E-3	-27,516606E-6
54,100000E-3	-28,514901E-6
55,100000E-3	-29,401921E-6
55,800000E-3	-30,226676E-6
56,600000E-3	-30,936010E-6
56,600000E-3	-31,518971E-6
58,100000E-3	-32,020227E-6
59,200000E-3	-32,460026E-6
59,900000E-3	-32,856846E-6
60,800000E-3	-33,126941E-6
61,500000E-3	-33,250239E-6
62,300000E-3	-33,181249E-6
63,200000E-3	-32,928648E-6
64,000000E-3	-32,475168E-6
64,900000E-3	-31,783995E-6
65,600000E-3	-30,805460E-6
66,200000E-3	-29,503365E-6
67,000000E-3	-27,875342E-6
68,100000E-3	-25,947753E-6
68,800000E-3	-23,612854E-6
69,800000E-3	-21,173809E-6
70,500000E-3	-18,513854E-6
71,500000E-3	-15,631586E-6
71,900000E-3	-12,321499E-6
72,900000E-3	-8,891706E-6
73,900000E-3	-5,342622E-6
74,600000E-3	-1,866977E-6
74,600000E-3	1,571611E-6
76,100000E-3	4,926223E-6
76,900000E-3	8,183579E-6
77,900000E-3	11,323967E-6
78,600000E-3	14,321372E-6
79,200000E-3	17,325587E-6
80,300000E-3	19,974975E-6
81,000000E-3	22,455186E-6
81,600000E-3	24,781082E-6
82,400000E-3	27,092239E-6
83,300000E-3	29,102600E-6
84,200000E-3	30,963761E-6
85,000000E-3	32,700377E-6
85,700000E-3	34,340718E-6
86,400000E-3	35,905506E-6
87,400000E-3	37,400537E-6
88,200000E-3	38,819364E-6
88,800000E-3	40,166653E-6
89,700000E-3	41,448454E-6
90,700000E-3	42,674854E-6
91,500000E-3	43,849633E-6
92,200000E-3	45,015382E-6
92,900000E-3	46,125175E-6
93,900000E-3	47,143537E-6
94,600000E-3	48,104312E-6
95,300000E-3	49,004161E-6
96,100000E-3	49,843534E-6
97,000000E-3	50,638206E-6
97,900000E-3	51,408226E-6
98,800000E-3	52,151885E-6
99,400000E-3	52,856510E-6
100,100000E-3	53,520795E-6
100,800000E-3	54,156306E-6
101,900000E-3	54,786908E-6
102,500000E-3	55,384819E-6
103,400000E-3	55,933296E-6
104,200000E-3	56,446049E-6
105,100000E-3	56,907575E-6
106,000000E-3	57,287791E-6
106,700000E-3	57,571256E-6
107,700000E-3	57,712108E-6
108,400000E-3	57,735322E-6
109,100000E-3	57,650278E-6
109,800000E-3	57,467819E-6
110,800000E-3	57,194291E-6
111,500000E-3	56,819438E-6
112,300000E-3	56,370054E-6
113,200000E-3	55,850541E-6
114,200000E-3	55,334789E-6
114,900000E-3	54,817972E-6
115,600000E-3	54,282431E-6
116,700000E-3	53,788566E-6
117,300000E-3	53,289948E-6
118,100000E-3	52,771352E-6
118,700000E-3	52,225027E-6
119,700000E-3	51,635854E-6
120,100000E-3	51,036432E-6
121,500000E-3	50,462518E-6
121,500000E-3	49,913283E-6
122,700000E-3	49,396962E-6
123,700000E-3	48,911550E-6
124,400000E-3	48,451860E-6
125,200000E-3	48,018981E-6
126,100000E-3	47,622120E-6
126,800000E-3	47,273776E-6
127,700000E-3	46,973792E-6
128,600000E-3	46,695872E-6
129,200000E-3	46,454770E-6
130,300000E-3	46,240597E-6
130,900000E-3	46,046632E-6
131,700000E-3	45,891962E-6
132,700000E-3	45,770535E-6
133,300000E-3	45,682843E-6
134,000000E-3	45,623748E-6
135,000000E-3	45,590953E-6
135,700000E-3	45,586057E-6
136,600000E-3	45,609875E-6
137,500000E-3	45,660227E-6
138,200000E-3	45,740095E-6
139,200000E-3	45,850965E-6
139,900000E-3	45,986989E-6
140,600000E-3	46,149761E-6
141,200000E-3	46,302828E-6
142,300000E-3	46,441319E-6
143,000000E-3	46,552583E-6
143,900000E-3	46,630645E-6
144,700000E-3	46,667874E-6
145,700000E-3	46,681266E-6
146,300000E-3	46,684182E-6
147,100000E-3	46,687153E-6
148,000000E-3	46,691185E-6
148,700000E-3	46,686808E-6
149,400000E-3	46,659448E-6
150,100000E-3	46,597352E-6
151,000000E-3	46,494887E-6
151,900000E-3	46,348946E-6
152,900000E-3	46,159092E-6
153,600000E-3	45,915725E-6
154,300000E-3	45,657491E-6
155,300000E-3	45,379158E-6
156,000000E-3	45,075190E-6
156,700000E-3	44,757091E-6
157,400000E-3	44,432202E-6
158,400000E-3	44,092695E-6
159,100000E-3	43,743139E-6
160,100000E-3	43,389414E-6
160,800000E-3	43,039461E-6
161,700000E-3	42,701279E-6
162,600000E-3	42,378498E-6
163,300000E-3	42,068182E-6
163,900000E-3	41,763095E-6
164,500000E-3	41,456464E-6
165,600000E-3	41,139114E-6
166,400000E-3	40,792034E-6
167,000000E-3	40,425890E-6
167,900000E-3	40,050524E-6
168,800000E-3	39,653742E-6
169,800000E-3	39,238510E-6
170,500000E-3	38,814052E-6
171,200000E-3	38,393780E-6
172,200000E-3	37,992642E-6
172,900000E-3	37,624918E-6
173,600000E-3	37,278908E-6
173,900000E-3	36,987408E-6
175,400000E-3	36,701436E-6
176,400000E-3	36,409497E-6
177,100000E-3	36,103851E-6
177,800000E-3	35,772343E-6
178,800000E-3	35,425020E-6
179,500000E-3	35,076482E-6
180,200000E-3	34,742848E-6
180,900000E-3	34,434091E-6
181,600000E-3	34,151437E-6
182,600000E-3	33,889814E-6
183,300000E-3	33,645146E-6
184,200000E-3	33,415242E-6
185,100000E-3	33,198939E-6
186,100000E-3	32,991036E-6
186,800000E-3	32,785813E-6
187,500000E-3	32,574471E-6
188,200000E-3	32,349940E-6
189,200000E-3	32,094242E-6
189,900000E-3	31,838286E-6
190,600000E-3	31,570752E-6
191,300000E-3	31,292423E-6
192,300000E-3	30,983052E-6
193,100000E-3	30,675632E-6
193,900000E-3	30,353279E-6
194,700000E-3	30,006654E-6
195,800000E-3	29,652475E-6
196,500000E-3	29,304997E-6
197,100000E-3	28,958649E-6
197,800000E-3	28,616035E-6
198,900000E-3	28,277877E-6
199,600000E-3	27,941231E-6
200,300000E-3	27,605857E-6
201,100000E-3	27,275897E-6
202,000000E-3	26,939186E-6
203,000000E-3	26,640329E-6
203,700000E-3	26,358693E-6
204,500000E-3	26,088150E-6
205,500000E-3	25,810080E-6
206,100000E-3	25,552204E-6
206,800000E-3	25,296099E-6
207,500000E-3	25,038368E-6
208,500000E-3	24,773485E-6
209,300000E-3	24,497892E-6
210,200000E-3	24,209694E-6
210,900000E-3	23,908553E-6
211,600000E-3	23,596482E-6
212,600000E-3	23,279521E-6
213,300000E-3	22,960687E-6
214,000000E-3	22,627327E-6
214,700000E-3	22,289014E-6
215,000000E-3	21,956145E-6
216,500000E-3	21,602649E-6
217,500000E-3	21,273550E-6
218,200000E-3	20,949529E-6
218,900000E-3	20,630067E-6
219,600000E-3	20,312902E-6
220,400000E-3	19,997618E-6
221,400000E-3	19,683656E-6
222,400000E-3	19,373651E-6
223,000000E-3	19,074246E-6
223,800000E-3	18,791059E-6
224,400000E-3	18,529238E-6
225,300000E-3	18,285613E-6
226,100000E-3	18,059051E-6
226,800000E-3	17,849954E-6
227,800000E-3	17,656650E-6
228,600000E-3	17,464879E-6
229,400000E-3	17,290254E-6
230,300000E-3	17,115780E-6
231,000000E-3	16,938191E-6
231,700000E-3	16,753676E-6
232,700000E-3	16,560518E-6
233,400000E-3	16,352849E-6
234,100000E-3	16,139963E-6
234,800000E-3	15,929742E-6
235,700000E-3	15,718172E-6
236,500000E-3	15,508756E-6
237,500000E-3	15,301033E-6
238,500000E-3	15,067016E-6
239,200000E-3	14,860792E-6
239,900000E-3	14,660542E-6
240,600000E-3	14,467005E-6
240,900000E-3	14,279724E-6
242,400000E-3	14,096287E-6
243,100000E-3	13,915256E-6
243,400000E-3	13,736260E-6
244,700000E-3	13,560959E-6
245,700000E-3	13,379749E-6
246,400000E-3	13,215877E-6
246,700000E-3	13,059071E-6
247,700000E-3	12,908896E-6
248,800000E-3	12,763309E-6
249,400000E-3	12,619314E-6
250,200000E-3	12,474504E-6
251,100000E-3	12,329436E-6
251,900000E-3	12,179440E-6
252,700000E-3	12,029926E-6
253,700000E-3	11,885793E-6
254,400000E-3	11,741693E-6
255,500000E-3	11,596633E-6
256,200000E-3	11,451620E-6
256,900000E-3	11,306390E-6
257,600000E-3	11,157993E-6
258,300000E-3	11,002591E-6
259,300000E-3	10,838146E-6
260,000000E-3	10,666734E-6
261,000000E-3	10,492739E-6
261,700000E-3	10,310401E-6
262,600000E-3	10,146323E-6
263,500000E-3	9,989972E-6
264,100000E-3	9,839200E-6
264,700000E-3	9,682214E-6
265,900000E-3	9,536526E-6
266,500000E-3	9,394542E-6
267,300000E-3	9,248603E-6
268,200000E-3	9,115591E-6
268,900000E-3	8,986041E-6
270,000000E-3	8,860417E-6
270,700000E-3	8,730383E-6
271,800000E-3	8,609139E-6
272,400000E-3	8,487643E-6
273,100000E-3	8,367620E-6
273,800000E-3	8,249229E-6
274,500000E-3	8,132199E-6
275,600000E-3	8,015570E-6
276,200000E-3	7,899276E-6
276,900000E-3	7,784758E-6
277,900000E-3	7,671642E-6
278,800000E-3	7,558676E-6
279,600000E-3	7,445948E-6
280,300000E-3	7,331831E-6
281,000000E-3	7,220952E-6
282,100000E-3	7,113851E-6
282,800000E-3	7,006732E-6
283,500000E-3	6,902013E-6
284,100000E-3	6,800048E-6
285,000000E-3	6,698583E-6
285,900000E-3	6,597620E-6
286,900000E-3	6,499914E-6
287,600000E-3	6,406521E-6
288,300000E-3	6,310308E-6
289,300000E-3	6,221624E-6
290,000000E-3	6,131208E-6
290,700000E-3	6,042880E-6
291,400000E-3	5,958507E-6
292,500000E-3	5,874281E-6
293,200000E-3	5,788374E-6
293,900000E-3	5,699398E-6
294,700000E-3	5,609644E-6
295,500000E-3	5,522799E-6
296,500000E-3	5,439792E-6
297,300000E-3	5,359172E-6
298,000000E-3	5,274925E-6
299,000000E-3	5,195178E-6
299,700000E-3	5,119657E-6
