-300,000000E-3	6,264201E-6
-300,000000E-3	6,265873E-6
-299,900000E-3	6,268656E-6
-299,700000E-3	6,270711E-6
-299,500000E-3	6,271491E-6
-299,000000E-3	6,270563E-6
-298,500000E-3	6,269300E-6
-297,800000E-3	6,270230E-6
-297,300000E-3	6,272880E-6
-296,400000E-3	6,275544E-6
-295,800000E-3	6,279639E-6
-295,200000E-3	6,287671E-6
-294,700000E-3	6,299893E-6
-294,000000E-3	6,312153E-6
-293,100000E-3	6,321207E-6
-292,500000E-3	6,329602E-6
-291,500000E-3	6,339516E-6
-290,900000E-3	6,349933E-6
-289,800000E-3	6,359529E-6
-289,200000E-3	6,369468E-6
-288,500000E-3	6,380104E-6
-287,800000E-3	6,390412E-6
-287,200000E-3	6,399668E-6
-286,200000E-3	6,408391E-6
-285,200000E-3	6,418373E-6
-284,500000E-3	6,431218E-6
-283,500000E-3	6,444041E-6
-282,800000E-3	6,455286E-6
-282,000000E-3	6,466880E-6
-281,400000E-3	6,479566E-6
-280,700000E-3	6,492250E-6
-279,700000E-3	6,503434E-6
-279,000000E-3	6,513080E-6
-278,000000E-3	6,521210E-6
-277,300000E-3	6,527857E-6
-276,300000E-3	6,537455E-6
-275,600000E-3	6,551804E-6
-274,900000E-3	6,570943E-6
-274,200000E-3	6,588967E-6
-273,200000E-3	6,603925E-6
-272,500000E-3	6,615698E-6
-271,600000E-3	6,627892E-6
-270,800000E-3	6,639795E-6
-269,800000E-3	6,650561E-6
-269,100000E-3	6,661422E-6
-268,400000E-3	6,675577E-6
-267,300000E-3	6,690902E-6
-266,700000E-3	6,705985E-6
-266,000000E-3	6,719322E-6
-265,300000E-3	6,729996E-6
-264,500000E-3	6,739488E-6
-263,600000E-3	6,750409E-6
-262,600000E-3	6,763179E-6
-261,900000E-3	6,776748E-6
-261,200000E-3	6,790521E-6
-260,500000E-3	6,803991E-6
-259,500000E-3	6,816110E-6
-258,800000E-3	6,827743E-6
-258,100000E-3	6,840597E-6
-257,200000E-3	6,854841E-6
-256,200000E-3	6,868467E-6
-255,400000E-3	6,880077E-6
-254,700000E-3	6,891277E-6
-254,000000E-3	6,903503E-6
-252,600000E-3	6,917043E-6
-252,200000E-3	6,931454E-6
-251,600000E-3	6,945740E-6
-250,700000E-3	6,959777E-6
-249,900000E-3	6,975105E-6
-248,800000E-3	6,992379E-6
-248,200000E-3	7,009555E-6
-247,500000E-3	7,024683E-6
-246,800000E-3	7,037627E-6
-245,700000E-3	7,049042E-6
-245,000000E-3	7,060510E-6
-244,400000E-3	7,073621E-6
-243,400000E-3	7,087327E-6
-242,500000E-3	7,099487E-6
-241,700000E-3	7,110480E-6
-241,000000E-3	7,124031E-6
-240,300000E-3	7,139934E-6
-239,300000E-3	7,155659E-6
-238,600000E-3	7,168959E-6
-237,900000E-3	7,180440E-6
-237,100000E-3	7,192162E-6
-236,200000E-3	7,205440E-6
-235,200000E-3	7,218101E-6
-234,500000E-3	7,229398E-6
-233,800000E-3	7,241433E-6
-233,200000E-3	7,254727E-6
-232,100000E-3	7,269386E-6
-231,400000E-3	7,284575E-6
-230,700000E-3	7,298616E-6
-229,700000E-3	7,311886E-6
-229,000000E-3	7,326275E-6
-228,000000E-3	7,341916E-6
-227,300000E-3	7,357240E-6
-226,600000E-3	7,372708E-6
-225,600000E-3	7,387355E-6
-224,900000E-3	7,401755E-6
-224,200000E-3	7,414507E-6
-223,500000E-3	7,425609E-6
-222,500000E-3	7,437398E-6
-221,500000E-3	7,450033E-6
-220,800000E-3	7,462630E-6
-220,200000E-3	7,474878E-6
-219,400000E-3	7,487961E-6
-218,400000E-3	7,502003E-6
-217,700000E-3	7,515148E-6
-217,000000E-3	7,526821E-6
-216,000000E-3	7,537737E-6
-215,300000E-3	7,549397E-6
-214,300000E-3	7,562262E-6
-213,600000E-3	7,576428E-6
-212,900000E-3	7,590544E-6
-211,800000E-3	7,604589E-6
-211,200000E-3	7,616672E-6
-210,500000E-3	7,627894E-6
-209,800000E-3	7,640601E-6
-208,800000E-3	7,654986E-6
-208,000000E-3	7,669202E-6
-207,100000E-3	7,683957E-6
-206,400000E-3	7,698733E-6
-205,400000E-3	7,711905E-6
-204,700000E-3	7,725180E-6
-204,000000E-3	7,740347E-6
-202,900000E-3	7,753518E-6
-202,300000E-3	7,765762E-6
-201,600000E-3	7,779290E-6
-200,600000E-3	7,794191E-6
-199,900000E-3	7,808579E-6
-199,200000E-3	7,821733E-6
-198,200000E-3	7,833809E-6
-197,400000E-3	7,843596E-6
-196,800000E-3	7,851300E-6
-195,700000E-3	7,858748E-6
-195,100000E-3	7,867987E-6
-194,400000E-3	7,879359E-6
-193,400000E-3	7,890910E-6
-192,700000E-3	7,901129E-6
-191,700000E-3	7,910537E-6
-191,000000E-3	7,920537E-6
-190,300000E-3	7,931166E-6
-189,600000E-3	7,940610E-6
-188,600000E-3	7,951145E-6
-187,900000E-3	7,962044E-6
-187,200000E-3	7,972905E-6
-186,200000E-3	7,984614E-6
-185,200000E-3	7,995859E-6
-184,500000E-3	8,005228E-6
-183,800000E-3	8,012240E-6
-182,700000E-3	8,019738E-6
-182,100000E-3	8,029848E-6
-181,400000E-3	8,042220E-6
-180,700000E-3	8,053190E-6
-179,700000E-3	8,061895E-6
-178,900000E-3	8,069235E-6
-178,000000E-3	8,075206E-6
-177,300000E-3	8,081001E-6
-176,600000E-3	8,088151E-6
-175,600000E-3	8,096681E-6
-175,000000E-3	8,104657E-6
-174,300000E-3	8,111105E-6
-173,400000E-3	8,116693E-6
-172,500000E-3	8,121426E-6
-171,500000E-3	8,125490E-6
-170,800000E-3	8,129688E-6
-170,100000E-3	8,134523E-6
-169,100000E-3	8,139031E-6
-168,400000E-3	8,141674E-6
-167,700000E-3	8,141323E-6
-166,700000E-3	8,138235E-6
-166,000000E-3	8,133998E-6
-165,300000E-3	8,131993E-6
-164,300000E-3	8,133438E-6
-163,300000E-3	8,136272E-6
-162,600000E-3	8,139863E-6
-161,900000E-3	8,142867E-6
-161,300000E-3	8,143946E-6
-160,200000E-3	8,143671E-6
-159,500000E-3	8,142020E-6
-158,800000E-3	8,138678E-6
-157,800000E-3	8,133882E-6
-157,000000E-3	8,128910E-6
-156,100000E-3	8,124229E-6
-155,400000E-3	8,119635E-6
-154,700000E-3	8,115764E-6
-153,700000E-3	8,112571E-6
-153,000000E-3	8,108452E-6
-152,300000E-3	8,101272E-6
-151,600000E-3	8,091282E-6
-150,600000E-3	8,081087E-6
-149,700000E-3	8,072334E-6
-148,900000E-3	8,064062E-6
-148,200000E-3	8,053857E-6
-147,200000E-3	8,042314E-6
-146,500000E-3	8,030066E-6
-145,800000E-3	8,017332E-6
-145,100000E-3	8,005997E-6
-144,100000E-3	7,994293E-6
-143,400000E-3	7,981460E-6
-142,700000E-3	7,967454E-6
-141,800000E-3	7,951522E-6
-140,900000E-3	7,933584E-6
-139,900000E-3	7,915221E-6
-139,200000E-3	7,897554E-6
-138,500000E-3	7,878355E-6
-137,500000E-3	7,858281E-6
-136,800000E-3	7,836886E-6
-136,100000E-3	7,815147E-6
-135,400000E-3	7,793064E-6
-134,700000E-3	7,770220E-6
-133,700000E-3	7,746163E-6
-132,700000E-3	7,719549E-6
-132,000000E-3	7,692066E-6
-130,900000E-3	7,664505E-6
-130,300000E-3	7,634785E-6
-129,500000E-3	7,604091E-6
-128,900000E-3	7,574734E-6
-128,200000E-3	7,545507E-6
-127,200000E-3	7,513605E-6
-126,500000E-3	7,478467E-6
-125,800000E-3	7,441758E-6
-125,000000E-3	7,403982E-6
-124,000000E-3	7,365075E-6
-123,000000E-3	7,323840E-6
-122,300000E-3	7,279523E-6
-121,700000E-3	7,237664E-6
-120,600000E-3	7,193880E-6
-119,900000E-3	7,147830E-6
-119,200000E-3	7,099574E-6
-118,500000E-3	7,048211E-6
-117,600000E-3	6,993610E-6
-116,800000E-3	6,937803E-6
-116,000000E-3	6,882339E-6
-115,100000E-3	6,825677E-6
-114,400000E-3	6,765852E-6
-113,400000E-3	6,699989E-6
-112,700000E-3	6,631263E-6
-112,000000E-3	6,562771E-6
-111,400000E-3	6,491621E-6
-110,300000E-3	6,417149E-6
-109,600000E-3	6,339606E-6
-108,700000E-3	6,254444E-6
-107,900000E-3	6,173270E-6
-106,900000E-3	6,091234E-6
-106,200000E-3	6,005899E-6
-105,500000E-3	5,915299E-6
-104,800000E-3	5,816624E-6
-103,700000E-3	5,714698E-6
-103,000000E-3	5,612932E-6
-102,400000E-3	5,507650E-6
-101,700000E-3	5,399000E-6
-100,600000E-3	5,287925E-6
-99,900000E-3	5,174337E-6
-99,200000E-3	5,057736E-6
-98,200000E-3	4,937557E-6
-97,600000E-3	4,814558E-6
-96,500000E-3	4,688748E-6
-95,800000E-3	4,557882E-6
-95,000000E-3	4,421184E-6
-94,400000E-3	4,280200E-6
-93,400000E-3	4,138240E-6
-92,700000E-3	3,993480E-6
-92,000000E-3	3,844074E-6
-91,000000E-3	3,690529E-6
-90,300000E-3	3,534324E-6
-89,500000E-3	3,375853E-6
-88,500000E-3	3,214058E-6
-87,900000E-3	3,038646E-6
-87,200000E-3	2,871439E-6
-86,100000E-3	2,702825E-6
-85,400000E-3	2,531059E-6
-84,700000E-3	2,344643E-6
-84,000000E-3	2,166934E-6
-83,000000E-3	1,987384E-6
-82,400000E-3	1,806269E-6
-81,300000E-3	1,613000E-6
-80,600000E-3	1,430940E-6
-79,700000E-3	1,248986E-6
-78,800000E-3	1,066121E-6
-78,200000E-3	881,924567E-9
-77,500000E-3	696,614740E-9
-76,400000E-3	512,081017E-9
-75,800000E-3	328,966434E-9
-75,100000E-3	146,412665E-9
-74,300000E-3	-35,527466E-9
-73,500000E-3	-218,480637E-9
-72,700000E-3	-401,180699E-9
-71,600000E-3	-582,340638E-9
-70,900000E-3	-770,920368E-9
-70,000000E-3	-945,936547E-9
-69,100000E-3	-1,120309E-6
-68,500000E-3	-1,291966E-6
-67,800000E-3	-1,468819E-6
-66,700000E-3	-1,629912E-6
-66,000000E-3	-1,794456E-6
-65,300000E-3	-1,956874E-6
-64,700000E-3	-2,109839E-6
-63,600000E-3	-2,257608E-6
-62,900000E-3	-2,401207E-6
-61,900000E-3	-2,549418E-6
-61,200000E-3	-2,683976E-6
-60,200000E-3	-2,813594E-6
-59,400000E-3	-2,937536E-6
-58,800000E-3	-3,063118E-6
-57,800000E-3	-3,176959E-6
-57,100000E-3	-3,287710E-6
-56,400000E-3	-3,393707E-6
-55,700000E-3	-3,494001E-6
-54,800000E-3	-3,588605E-6
-53,900000E-3	-3,677115E-6
-53,100000E-3	-3,759471E-6
-52,200000E-3	-3,841014E-6
-51,500000E-3	-3,912423E-6
-50,500000E-3	-3,978648E-6
-49,800000E-3	-4,041357E-6
-49,100000E-3	-4,105923E-6
-48,400000E-3	-4,164515E-6
-47,400000E-3	-4,217596E-6
-46,700000E-3	-4,263574E-6
-45,700000E-3	-4,303302E-6
-45,000000E-3	-4,337820E-6
-44,300000E-3	-4,367614E-6
-43,200000E-3	-4,392176E-6
-42,500000E-3	-4,412583E-6
-41,800000E-3	-4,431133E-6
-40,800000E-3	-4,447814E-6
-40,100000E-3	-4,460676E-6
-39,400000E-3	-4,469858E-6
-38,700000E-3	-4,475922E-6
-37,700000E-3	-4,480667E-6
-37,000000E-3	-4,484881E-6
-36,000000E-3	-4,487048E-6
-35,300000E-3	-4,484648E-6
-34,300000E-3	-4,479204E-6
-33,600000E-3	-4,473107E-6
-32,900000E-3	-4,465151E-6
-31,800000E-3	-4,454173E-6
-31,100000E-3	-4,440999E-6
-30,500000E-3	-4,427724E-6
-29,800000E-3	-4,414213E-6
-28,700000E-3	-4,399836E-6
-28,100000E-3	-4,386358E-6
-27,300000E-3	-4,375269E-6
-26,300000E-3	-4,364594E-6
-25,700000E-3	-4,351798E-6
-24,600000E-3	-4,336387E-6
-23,900000E-3	-4,320661E-6
-23,200000E-3	-4,305247E-6
-22,500000E-3	-4,290894E-6
-21,500000E-3	-4,275467E-6
-20,800000E-3	-4,259371E-6
-20,100000E-3	-4,244067E-6
-19,400000E-3	-4,230502E-6
-18,300000E-3	-4,219098E-6
-17,600000E-3	-4,209673E-6
-16,600000E-3	-4,198007E-6
-15,600000E-3	-4,186004E-6
-14,900000E-3	-4,174064E-6
-14,200000E-3	-4,162081E-6
-13,500000E-3	-4,151398E-6
-12,500000E-3	-4,139862E-6
-11,800000E-3	-4,127461E-6
-11,100000E-3	-4,118108E-6
-10,400000E-3	-4,113090E-6
-9,400000E-3	-4,109195E-6
-8,700000E-3	-4,103579E-6
-7,700000E-3	-4,097469E-6
-7,000000E-3	-4,092777E-6
-5,900000E-3	-4,089332E-6
-5,300000E-3	-4,085962E-6
-4,500000E-3	-4,082045E-6
-3,900000E-3	-4,078031E-6
-2,700000E-3	-4,075763E-6
-2,100000E-3	-4,075445E-6
-1,400000E-3	-4,075448E-6
-500,000000E-6	-4,074906E-6
400,000000E-6	-4,074724E-6
1,400000E-3	-4,074834E-6
2,100000E-3	-4,073814E-6
2,900000E-3	-4,071191E-6
3,500000E-3	-4,069232E-6
4,500000E-3	-4,070032E-6
5,200000E-3	-4,072636E-6
5,900000E-3	-4,077035E-6
6,700000E-3	-4,084025E-6
7,600000E-3	-4,090879E-6
8,700000E-3	-4,094743E-6
9,300000E-3	-4,096475E-6
10,400000E-3	-4,099719E-6
11,100000E-3	-4,105589E-6
11,800000E-3	-4,112580E-6
12,800000E-3	-4,119336E-6
13,400000E-3	-4,125739E-6
14,100000E-3	-4,130794E-6
14,800000E-3	-4,136623E-6
15,900000E-3	-4,145226E-6
16,800000E-3	-4,156309E-6
17,600000E-3	-4,168445E-6
18,300000E-3	-4,181628E-6
19,300000E-3	-4,191815E-6
20,000000E-3	-4,202115E-6
20,800000E-3	-4,214747E-6
21,400000E-3	-4,228744E-6
22,100000E-3	-4,242069E-6
23,200000E-3	-4,254470E-6
23,500000E-3	-4,266810E-6
24,900000E-3	-4,279590E-6
25,600000E-3	-4,293576E-6
26,600000E-3	-4,307695E-6
26,900000E-3	-4,322176E-6
27,800000E-3	-4,339116E-6
28,800000E-3	-4,356509E-6
29,600000E-3	-4,370644E-6
30,600000E-3	-4,383041E-6
31,300000E-3	-4,396669E-6
32,000000E-3	-4,410812E-6
33,000000E-3	-4,424106E-6
33,800000E-3	-4,437335E-6
34,400000E-3	-4,450987E-6
35,100000E-3	-4,464703E-6
35,800000E-3	-4,478619E-6
36,800000E-3	-4,490687E-6
37,900000E-3	-4,500350E-6
38,600000E-3	-4,506791E-6
39,300000E-3	-4,510560E-6
40,000000E-3	-4,512149E-6
41,000000E-3	-4,512505E-6
41,700000E-3	-4,512111E-6
42,300000E-3	-4,511026E-6
43,000000E-3	-4,508629E-6
44,000000E-3	-4,502946E-6
44,800000E-3	-4,493436E-6
45,800000E-3	-4,481087E-6
46,700000E-3	-4,466271E-6
47,500000E-3	-4,448354E-6
48,200000E-3	-4,427178E-6
48,800000E-3	-4,403024E-6
49,900000E-3	-4,375925E-6
50,600000E-3	-4,346212E-6
51,600000E-3	-4,311377E-6
52,300000E-3	-4,274029E-6
53,000000E-3	-4,229942E-6
54,000000E-3	-4,176291E-6
54,400000E-3	-4,121031E-6
55,400000E-3	-4,061778E-6
55,700000E-3	-3,997814E-6
57,100000E-3	-3,928746E-6
57,800000E-3	-3,854249E-6
58,600000E-3	-3,769209E-6
59,600000E-3	-3,683788E-6
60,300000E-3	-3,593935E-6
60,900000E-3	-3,500505E-6
61,600000E-3	-3,403677E-6
62,700000E-3	-3,300986E-6
63,500000E-3	-3,191432E-6
64,300000E-3	-3,072386E-6
65,000000E-3	-2,941568E-6
66,100000E-3	-2,817444E-6
66,800000E-3	-2,689656E-6
67,400000E-3	-2,548782E-6
68,100000E-3	-2,410498E-6
69,200000E-3	-2,267436E-6
69,800000E-3	-2,120554E-6
70,800000E-3	-1,969603E-6
71,500000E-3	-1,815367E-6
72,500000E-3	-1,658235E-6
73,300000E-3	-1,496306E-6
73,900000E-3	-1,328854E-6
74,600000E-3	-1,156440E-6
75,300000E-3	-982,915406E-9
76,300000E-3	-809,525876E-9
77,200000E-3	-635,139074E-9
78,000000E-3	-446,566070E-9
78,700000E-3	-264,997361E-9
79,800000E-3	-81,407553E-9
80,500000E-3	102,351814E-9
81,200000E-3	287,239503E-9
81,800000E-3	473,153699E-9
82,500000E-3	665,579349E-9
83,500000E-3	856,093211E-9
84,400000E-3	1,040342E-6
85,200000E-3	1,223498E-6
86,200000E-3	1,405459E-6
87,000000E-3	1,586755E-6
87,600000E-3	1,767465E-6
88,300000E-3	1,947339E-6
89,000000E-3	2,126065E-6
90,000000E-3	2,303296E-6
90,700000E-3	2,478110E-6
91,700000E-3	2,666513E-6
92,600000E-3	2,840829E-6
93,400000E-3	3,007633E-6
94,100000E-3	3,181018E-6
94,800000E-3	3,340795E-6
95,800000E-3	3,498671E-6
96,500000E-3	3,653015E-6
97,200000E-3	3,802845E-6
98,000000E-3	3,948544E-6
98,900000E-3	4,091943E-6
99,900000E-3	4,233877E-6
100,600000E-3	4,386848E-6
101,600000E-3	4,526749E-6
102,300000E-3	4,658131E-6
102,700000E-3	4,785347E-6
103,900000E-3	4,909547E-6
104,600000E-3	5,029319E-6
105,600000E-3	5,144292E-6
106,300000E-3	5,254459E-6
106,900000E-3	5,359840E-6
107,900000E-3	5,462548E-6
108,700000E-3	5,570742E-6
109,700000E-3	5,674096E-6
110,400000E-3	5,772779E-6
111,400000E-3	5,868298E-6
112,100000E-3	5,952563E-6
112,800000E-3	6,033592E-6
113,500000E-3	6,115178E-6
114,200000E-3	6,196436E-6
115,200000E-3	6,273728E-6
116,100000E-3	6,346520E-6
116,900000E-3	6,416603E-6
117,800000E-3	6,488126E-6
118,600000E-3	6,554537E-6
119,300000E-3	6,618076E-6
120,100000E-3	6,677660E-6
121,100000E-3	6,736220E-6
121,700000E-3	6,793824E-6
122,400000E-3	6,848828E-6
123,300000E-3	6,899911E-6
124,100000E-3	6,950433E-6
125,100000E-3	6,995884E-6
125,800000E-3	7,040499E-6
126,900000E-3	7,088791E-6
127,500000E-3	7,134497E-6
128,200000E-3	7,178563E-6
128,900000E-3	7,220317E-6
129,600000E-3	7,259639E-6
130,600000E-3	7,296640E-6
131,400000E-3	7,331597E-6
132,300000E-3	7,364645E-6
133,300000E-3	7,400725E-6
134,000000E-3	7,432636E-6
134,700000E-3	7,463409E-6
135,400000E-3	7,492134E-6
136,100000E-3	7,519663E-6
137,100000E-3	7,545790E-6
137,800000E-3	7,570219E-6
138,700000E-3	7,593402E-6
139,600000E-3	7,615980E-6
140,500000E-3	7,636812E-6
141,100000E-3	7,654585E-6
141,900000E-3	7,671330E-6
142,500000E-3	7,689040E-6
143,600000E-3	7,706942E-6
144,300000E-3	7,724491E-6
145,100000E-3	7,742039E-6
146,000000E-3	7,759388E-6
147,000000E-3	7,776812E-6
147,700000E-3	7,793672E-6
148,300000E-3	7,812273E-6
149,100000E-3	7,831085E-6
149,800000E-3	7,846893E-6
150,800000E-3	7,858579E-6
151,400000E-3	7,868076E-6
152,300000E-3	7,877340E-6
153,200000E-3	7,887709E-6
154,200000E-3	7,898646E-6
154,900000E-3	7,909829E-6
155,600000E-3	7,921478E-6
156,300000E-3	7,932005E-6
157,300000E-3	7,939065E-6
158,000000E-3	7,944209E-6
158,700000E-3	7,950677E-6
159,700000E-3	7,958429E-6
160,500000E-3	7,964146E-6
161,400000E-3	7,968151E-6
162,000000E-3	7,972463E-6
162,800000E-3	7,977530E-6
163,800000E-3	7,980996E-6
164,400000E-3	7,981604E-6
165,100000E-3	7,980507E-6
166,000000E-3	7,977572E-6
166,800000E-3	7,973671E-6
167,900000E-3	7,970706E-6
168,500000E-3	7,968931E-6
169,200000E-3	7,968489E-6
170,300000E-3	7,968328E-6
171,000000E-3	7,966400E-6
171,700000E-3	7,963556E-6
172,300000E-3	7,961156E-6
173,400000E-3	7,959010E-6
174,300000E-3	7,956671E-6
175,000000E-3	7,952782E-6
176,100000E-3	7,946464E-6
176,800000E-3	7,939557E-6
177,500000E-3	7,932764E-6
178,200000E-3	7,927760E-6
178,900000E-3	7,925139E-6
179,900000E-3	7,923933E-6
180,500000E-3	7,923212E-6
181,600000E-3	7,921291E-6
182,400000E-3	7,915961E-6
183,200000E-3	7,908200E-6
184,000000E-3	7,897789E-6
184,700000E-3	7,886140E-6
185,400000E-3	7,875400E-6
186,200000E-3	7,864242E-6
187,200000E-3	7,852305E-6
187,800000E-3	7,841369E-6
188,900000E-3	7,832223E-6
189,600000E-3	7,825523E-6
190,600000E-3	7,818032E-6
191,300000E-3	7,809530E-6
192,000000E-3	7,801413E-6
193,000000E-3	7,792762E-6
193,300000E-3	7,782398E-6
194,800000E-3	7,770522E-6
195,400000E-3	7,757670E-6
196,100000E-3	7,744812E-6
196,800000E-3	7,733395E-6
197,800000E-3	7,723631E-6
198,500000E-3	7,714559E-6
199,200000E-3	7,705045E-6
199,500000E-3	7,693718E-6
201,200000E-3	7,679870E-6
201,900000E-3	7,667678E-6
202,600000E-3	7,656763E-6
203,600000E-3	7,643493E-6
204,300000E-3	7,626827E-6
205,000000E-3	7,606900E-6
205,700000E-3	7,586064E-6
206,700000E-3	7,567062E-6
207,500000E-3	7,551495E-6
208,400000E-3	7,538617E-6
209,000000E-3	7,526791E-6
209,800000E-3	7,515588E-6
210,800000E-3	7,505796E-6
211,500000E-3	7,496530E-6
212,100000E-3	7,484973E-6
212,800000E-3	7,469897E-6
213,900000E-3	7,452075E-6
214,500000E-3	7,433296E-6
215,600000E-3	7,415505E-6
216,300000E-3	7,399504E-6
217,300000E-3	7,386055E-6
218,000000E-3	7,372555E-6
218,700000E-3	7,358878E-6
219,400000E-3	7,345406E-6
220,100000E-3	7,331911E-6
221,100000E-3	7,317166E-6
221,900000E-3	7,301147E-6
222,800000E-3	7,285242E-6
223,900000E-3	7,270164E-6
224,600000E-3	7,255462E-6
225,200000E-3	7,241046E-6
225,900000E-3	7,225574E-6
226,600000E-3	7,206554E-6
227,700000E-3	7,188062E-6
228,400000E-3	7,171560E-6
229,200000E-3	7,157179E-6
230,000000E-3	7,143932E-6
230,400000E-3	7,130241E-6
231,700000E-3	7,116482E-6
232,500000E-3	7,102783E-6
233,100000E-3	7,089070E-6
234,200000E-3	7,075566E-6
234,900000E-3	7,061415E-6
235,500000E-3	7,046389E-6
236,200000E-3	7,029861E-6
237,200000E-3	7,011639E-6
238,100000E-3	6,993591E-6
239,000000E-3	6,976390E-6
239,600000E-3	6,960830E-6
240,600000E-3	6,946818E-6
241,400000E-3	6,933602E-6
242,100000E-3	6,920412E-6
242,700000E-3	6,905541E-6
243,600000E-3	6,889570E-6
244,400000E-3	6,875389E-6
245,300000E-3	6,863829E-6
246,100000E-3	6,852702E-6
246,800000E-3	6,840701E-6
247,500000E-3	6,827747E-6
247,800000E-3	6,812985E-6
248,900000E-3	6,796955E-6
250,100000E-3	6,780967E-6
251,100000E-3	6,764570E-6
251,800000E-3	6,747030E-6
252,500000E-3	6,729545E-6
253,200000E-3	6,713093E-6
254,000000E-3	6,696910E-6
254,900000E-3	6,679297E-6
255,700000E-3	6,663449E-6
256,400000E-3	6,650581E-6
257,400000E-3	6,640362E-6
258,200000E-3	6,628773E-6
259,100000E-3	6,611261E-6
260,200000E-3	6,591244E-6
260,900000E-3	6,571998E-6
261,600000E-3	6,554260E-6
262,300000E-3	6,539211E-6
263,300000E-3	6,524353E-6
264,000000E-3	6,507449E-6
264,700000E-3	6,487587E-6
265,400000E-3	6,467044E-6
266,400000E-3	6,447669E-6
267,100000E-3	6,428582E-6
268,200000E-3	6,410201E-6
268,800000E-3	6,393034E-6
269,700000E-3	6,376395E-6
270,600000E-3	6,360384E-6
271,300000E-3	6,344606E-6
272,000000E-3	6,328868E-6
272,600000E-3	6,315520E-6
273,700000E-3	6,307066E-6
274,300000E-3	6,300514E-6
275,100000E-3	6,291240E-6
276,100000E-3	6,277834E-6
276,800000E-3	6,261578E-6
277,800000E-3	6,245436E-6
278,500000E-3	6,230043E-6
279,200000E-3	6,214116E-6
280,200000E-3	6,197789E-6
281,000000E-3	6,182226E-6
281,600000E-3	6,166895E-6
282,300000E-3	6,149949E-6
283,000000E-3	6,131430E-6
284,100000E-3	6,112453E-6
285,000000E-3	6,094509E-6
285,800000E-3	6,074125E-6
286,800000E-3	6,056451E-6
287,500000E-3	6,039982E-6
288,500000E-3	6,028719E-6
289,100000E-3	6,021977E-6
289,900000E-3	6,017614E-6
290,600000E-3	6,011272E-6
291,300000E-3	5,999260E-6
292,200000E-3	5,981559E-6
292,600000E-3	5,962015E-6
294,000000E-3	5,944654E-6
294,700000E-3	5,929025E-6
295,100000E-3	5,914037E-6
296,300000E-3	5,898488E-6
297,000000E-3	5,883754E-6
298,000000E-3	5,867873E-6
298,700000E-3	5,850439E-6
299,700000E-3	5,833265E-6
300,200000E-3	5,819682E-6
