-300,000000E-3	5,812562E-6
-300,000000E-3	5,803312E-6
-299,900000E-3	5,802995E-6
-299,700000E-3	5,806623E-6
-299,400000E-3	5,811735E-6
-298,800000E-3	5,813956E-6
-298,400000E-3	5,813009E-6
-297,800000E-3	5,812330E-6
-297,300000E-3	5,815302E-6
-296,500000E-3	5,819922E-6
-295,800000E-3	5,822542E-6
-295,100000E-3	5,823724E-6
-294,500000E-3	5,826713E-6
-293,800000E-3	5,833728E-6
-293,000000E-3	5,844074E-6
-292,200000E-3	5,854741E-6
-291,600000E-3	5,862872E-6
-290,800000E-3	5,867307E-6
-290,100000E-3	5,869604E-6
-289,200000E-3	5,873134E-6
-288,400000E-3	5,878984E-6
-287,700000E-3	5,886550E-6
-287,000000E-3	5,893670E-6
-286,100000E-3	5,901164E-6
-285,300000E-3	5,909233E-6
-284,400000E-3	5,916952E-6
-283,800000E-3	5,922024E-6
-283,100000E-3	5,925788E-6
-282,200000E-3	5,931280E-6
-281,300000E-3	5,938116E-6
-280,500000E-3	5,945796E-6
-279,800000E-3	5,953215E-6
-279,100000E-3	5,959844E-6
-278,100000E-3	5,967227E-6
-277,300000E-3	5,975177E-6
-276,500000E-3	5,982901E-6
-275,900000E-3	5,990437E-6
-275,100000E-3	5,998085E-6
-274,000000E-3	6,006604E-6
-273,300000E-3	6,015546E-6
-272,500000E-3	6,024208E-6
-271,800000E-3	6,033004E-6
-271,100000E-3	6,041948E-6
-270,000000E-3	6,051019E-6
-269,300000E-3	6,060280E-6
-268,500000E-3	6,068566E-6
-267,800000E-3	6,074579E-6
-267,200000E-3	6,078112E-6
-266,100000E-3	6,080283E-6
-265,300000E-3	6,083463E-6
-264,600000E-3	6,089174E-6
-263,500000E-3	6,095777E-6
-262,700000E-3	6,104010E-6
-262,100000E-3	6,113610E-6
-261,000000E-3	6,121638E-6
-260,300000E-3	6,130569E-6
-259,500000E-3	6,141905E-6
-258,800000E-3	6,154365E-6
-257,700000E-3	6,163330E-6
-257,000000E-3	6,168469E-6
-256,200000E-3	6,172089E-6
-255,500000E-3	6,176636E-6
-254,800000E-3	6,182881E-6
-253,700000E-3	6,189548E-6
-253,000000E-3	6,195739E-6
-252,200000E-3	6,203120E-6
-251,100000E-3	6,209893E-6
-250,300000E-3	6,216872E-6
-249,600000E-3	6,224852E-6
-249,000000E-3	6,231312E-6
-248,000000E-3	6,235934E-6
-247,300000E-3	6,240972E-6
-246,300000E-3	6,247721E-6
-245,700000E-3	6,255357E-6
-244,900000E-3	6,262509E-6
-244,200000E-3	6,268910E-6
-243,300000E-3	6,276714E-6
-242,400000E-3	6,285611E-6
-241,700000E-3	6,293629E-6
-240,900000E-3	6,300221E-6
-240,200000E-3	6,306882E-6
-239,100000E-3	6,313261E-6
-238,400000E-3	6,317634E-6
-237,700000E-3	6,320059E-6
-237,000000E-3	6,321984E-6
-236,200000E-3	6,325144E-6
-235,100000E-3	6,330455E-6
-234,400000E-3	6,336859E-6
-233,700000E-3	6,342500E-6
-232,900000E-3	6,347298E-6
-232,200000E-3	6,353047E-6
-231,100000E-3	6,360421E-6
-230,400000E-3	6,368310E-6
-229,800000E-3	6,376358E-6
-229,000000E-3	6,383618E-6
-227,900000E-3	6,388737E-6
-227,200000E-3	6,392478E-6
-226,500000E-3	6,397429E-6
-225,400000E-3	6,402884E-6
-224,600000E-3	6,408770E-6
-223,900000E-3	6,415350E-6
-223,100000E-3	6,422059E-6
-222,500000E-3	6,426722E-6
-221,400000E-3	6,429047E-6
-220,700000E-3	6,432133E-6
-219,900000E-3	6,436981E-6
-219,200000E-3	6,442243E-6
-218,100000E-3	6,447694E-6
-217,400000E-3	6,452913E-6
-216,700000E-3	6,457472E-6
-215,600000E-3	6,461324E-6
-214,900000E-3	6,465697E-6
-214,200000E-3	6,470528E-6
-213,400000E-3	6,475560E-6
-212,300000E-3	6,480506E-6
-211,600000E-3	6,486471E-6
-210,900000E-3	6,493334E-6
-210,200000E-3	6,499145E-6
-209,400000E-3	6,502346E-6
-208,300000E-3	6,504007E-6
-207,600000E-3	6,505154E-6
-206,900000E-3	6,505803E-6
-206,000000E-3	6,506701E-6
-205,200000E-3	6,509572E-6
-204,400000E-3	6,513855E-6
-203,600000E-3	6,519016E-6
-202,900000E-3	6,524074E-6
-202,200000E-3	6,527970E-6
-201,400000E-3	6,529892E-6
-200,700000E-3	6,531063E-6
-199,900000E-3	6,533058E-6
-198,700000E-3	6,535815E-6
-197,900000E-3	6,539182E-6
-197,300000E-3	6,541263E-6
-196,500000E-3	6,540427E-6
-195,700000E-3	6,537938E-6
-194,600000E-3	6,536277E-6
-193,900000E-3	6,535528E-6
-193,200000E-3	6,534705E-6
-192,400000E-3	6,534383E-6
-191,700000E-3	6,535010E-6
-190,900000E-3	6,536297E-6
-190,200000E-3	6,537525E-6
-189,000000E-3	6,536982E-6
-188,300000E-3	6,534519E-6
-187,500000E-3	6,531683E-6
-186,800000E-3	6,530898E-6
-186,000000E-3	6,532463E-6
-184,900000E-3	6,534174E-6
-184,200000E-3	6,535826E-6
-183,400000E-3	6,538025E-6
-182,700000E-3	6,539557E-6
-181,900000E-3	6,538401E-6
-181,200000E-3	6,534663E-6
-180,400000E-3	6,530741E-6
-179,700000E-3	6,528184E-6
-178,500000E-3	6,526017E-6
-177,800000E-3	6,521196E-6
-177,000000E-3	6,512600E-6
-176,300000E-3	6,502949E-6
-175,600000E-3	6,495826E-6
-174,400000E-3	6,491540E-6
-173,800000E-3	6,489080E-6
-172,900000E-3	6,486388E-6
-172,300000E-3	6,481670E-6
-171,500000E-3	6,476418E-6
-170,800000E-3	6,470654E-6
-170,000000E-3	6,464107E-6
-168,900000E-3	6,457312E-6
-168,200000E-3	6,449841E-6
-167,400000E-3	6,440465E-6
-166,700000E-3	6,428622E-6
-165,600000E-3	6,418124E-6
-164,800000E-3	6,408437E-6
-164,100000E-3	6,398111E-6
-163,300000E-3	6,388035E-6
-162,600000E-3	6,379753E-6
-161,800000E-3	6,372323E-6
-161,100000E-3	6,363788E-6
-160,300000E-3	6,353684E-6
-159,200000E-3	6,342032E-6
-158,400000E-3	6,328378E-6
-157,700000E-3	6,313167E-6
-156,900000E-3	6,295315E-6
-155,800000E-3	6,279896E-6
-155,100000E-3	6,265746E-6
-154,300000E-3	6,251010E-6
-153,600000E-3	6,235570E-6
-152,800000E-3	6,218164E-6
-152,200000E-3	6,199327E-6
-151,300000E-3	6,179499E-6
-150,300000E-3	6,161367E-6
-149,500000E-3	6,145174E-6
-148,800000E-3	6,128548E-6
-148,000000E-3	6,110320E-6
-146,900000E-3	6,090504E-6
-146,200000E-3	6,069620E-6
-145,400000E-3	6,048354E-6
-144,700000E-3	6,026129E-6
-143,900000E-3	6,000344E-6
-143,200000E-3	5,972588E-6
-142,400000E-3	5,945904E-6
-141,700000E-3	5,920060E-6
-140,900000E-3	5,894751E-6
-139,800000E-3	5,869081E-6
-139,000000E-3	5,844122E-6
-138,300000E-3	5,820102E-6
-137,500000E-3	5,795382E-6
-136,800000E-3	5,768942E-6
-135,700000E-3	5,740208E-6
-134,900000E-3	5,708768E-6
-134,300000E-3	5,672358E-6
-133,400000E-3	5,638615E-6
-132,700000E-3	5,606779E-6
-132,000000E-3	5,574202E-6
-131,300000E-3	5,539844E-6
-130,100000E-3	5,504565E-6
-129,400000E-3	5,469247E-6
-128,600000E-3	5,433882E-6
-127,900000E-3	5,397382E-6
-126,800000E-3	5,358458E-6
-126,000000E-3	5,317521E-6
-125,300000E-3	5,275956E-6
-124,500000E-3	5,233018E-6
-123,800000E-3	5,188784E-6
-123,000000E-3	5,143864E-6
-122,300000E-3	5,097797E-6
-121,500000E-3	5,050172E-6
-120,800000E-3	5,001611E-6
-119,700000E-3	4,952138E-6
-119,000000E-3	4,901011E-6
-118,200000E-3	4,847781E-6
-117,500000E-3	4,788617E-6
-116,400000E-3	4,732113E-6
-115,600000E-3	4,675565E-6
-114,900000E-3	4,615961E-6
-114,200000E-3	4,555267E-6
-113,400000E-3	4,494964E-6
-112,700000E-3	4,433233E-6
-111,900000E-3	4,369701E-6
-111,200000E-3	4,304485E-6
-110,000000E-3	4,236904E-6
-109,300000E-3	4,167425E-6
-108,500000E-3	4,097523E-6
-107,800000E-3	4,027555E-6
-107,000000E-3	3,956813E-6
-105,900000E-3	3,882424E-6
-105,200000E-3	3,800956E-6
-104,400000E-3	3,717961E-6
-103,700000E-3	3,636850E-6
-102,900000E-3	3,554599E-6
-102,200000E-3	3,471324E-6
-101,400000E-3	3,386518E-6
-100,700000E-3	3,299174E-6
-99,900000E-3	3,209433E-6
-98,800000E-3	3,117914E-6
-98,000000E-3	3,024692E-6
-97,300000E-3	2,923909E-6
-96,200000E-3	2,827921E-6
-95,400000E-3	2,730420E-6
-94,800000E-3	2,631859E-6
-94,000000E-3	2,531566E-6
-93,200000E-3	2,429592E-6
-92,500000E-3	2,325936E-6
-91,800000E-3	2,220500E-6
-91,000000E-3	2,113208E-6
-90,300000E-3	2,005421E-6
-89,100000E-3	1,897144E-6
-88,400000E-3	1,787688E-6
-87,600000E-3	1,678141E-6
-86,900000E-3	1,562732E-6
-86,100000E-3	1,448660E-6
-85,000000E-3	1,331737E-6
-84,300000E-3	1,217336E-6
-83,500000E-3	1,103452E-6
-82,800000E-3	988,466860E-9
-82,000000E-3	871,225950E-9
-81,300000E-3	751,413433E-9
-80,500000E-3	630,591839E-9
-79,800000E-3	511,111371E-9
-78,700000E-3	393,186436E-9
-77,900000E-3	276,949290E-9
-77,100000E-3	162,468467E-9
-76,400000E-3	41,866745E-9
-75,300000E-3	-71,233836E-9
-74,500000E-3	-185,173569E-9
-73,900000E-3	-300,292067E-9
-73,000000E-3	-415,472326E-9
-72,300000E-3	-529,503566E-9
-71,600000E-3	-641,536789E-9
-70,900000E-3	-750,225244E-9
-70,100000E-3	-856,595381E-9
-69,400000E-3	-962,001264E-9
-68,400000E-3	-1,066725E-6
-67,600000E-3	-1,171186E-6
-66,900000E-3	-1,275061E-6
-66,000000E-3	-1,380203E-6
-65,100000E-3	-1,481121E-6
-64,400000E-3	-1,576574E-6
-63,500000E-3	-1,676108E-6
-62,600000E-3	-1,767926E-6
-61,900000E-3	-1,857452E-6
-61,000000E-3	-1,943426E-6
-60,100000E-3	-2,031515E-6
-59,400000E-3	-2,112611E-6
-58,500000E-3	-2,192786E-6
-57,600000E-3	-2,274351E-6
-56,900000E-3	-2,351968E-6
-56,000000E-3	-2,422325E-6
-55,100000E-3	-2,488867E-6
-54,400000E-3	-2,557648E-6
-53,700000E-3	-2,621975E-6
-52,700000E-3	-2,685548E-6
-51,900000E-3	-2,747710E-6
-51,200000E-3	-2,811298E-6
-50,200000E-3	-2,867667E-6
-49,500000E-3	-2,918447E-6
-48,900000E-3	-2,965219E-6
-48,100000E-3	-3,008330E-6
-47,000000E-3	-3,048371E-6
-46,400000E-3	-3,088238E-6
-45,800000E-3	-3,128357E-6
-44,700000E-3	-3,167169E-6
-43,900000E-3	-3,196922E-6
-43,000000E-3	-3,221892E-6
-42,400000E-3	-3,246044E-6
-41,600000E-3	-3,272047E-6
-41,000000E-3	-3,299649E-6
-39,900000E-3	-3,326480E-6
-39,300000E-3	-3,351380E-6
-38,600000E-3	-3,373228E-6
-37,500000E-3	-3,391642E-6
-36,500000E-3	-3,407423E-6
-35,800000E-3	-3,422511E-6
-35,200000E-3	-3,437084E-6
-34,500000E-3	-3,450445E-6
-33,400000E-3	-3,461241E-6
-32,700000E-3	-3,471184E-6
-32,100000E-3	-3,480217E-6
-31,000000E-3	-3,487794E-6
-30,300000E-3	-3,495270E-6
-29,400000E-3	-3,502635E-6
-28,600000E-3	-3,507538E-6
-27,700000E-3	-3,508910E-6
-26,900000E-3	-3,509652E-6
-26,200000E-3	-3,510951E-6
-25,200000E-3	-3,512631E-6
-24,600000E-3	-3,513920E-6
-23,900000E-3	-3,514835E-6
-23,200000E-3	-3,516770E-6
-22,100000E-3	-3,517818E-6
-21,100000E-3	-3,516513E-6
-20,400000E-3	-3,514654E-6
-19,700000E-3	-3,513386E-6
-19,100000E-3	-3,511646E-6
-18,000000E-3	-3,509502E-6
-17,300000E-3	-3,508582E-6
-16,700000E-3	-3,509065E-6
-15,600000E-3	-3,509103E-6
-14,800000E-3	-3,507385E-6
-13,900000E-3	-3,503946E-6
-13,200000E-3	-3,501218E-6
-12,200000E-3	-3,501273E-6
-11,500000E-3	-3,503262E-6
-10,800000E-3	-3,503838E-6
-9,800000E-3	-3,501500E-6
-9,100000E-3	-3,497474E-6
-8,500000E-3	-3,492590E-6
-7,600000E-3	-3,488199E-6
-6,500000E-3	-3,485177E-6
-5,700000E-3	-3,483013E-6
-5,100000E-3	-3,482423E-6
-4,300000E-3	-3,485072E-6
-3,300000E-3	-3,488266E-6
-2,500000E-3	-3,489528E-6
-1,800000E-3	-3,489508E-6
-1,100000E-3	-3,488859E-6
-100,000000E-6	-3,487767E-6
800,000000E-6	-3,488213E-6
1,700000E-3	-3,489299E-6
2,300000E-3	-3,488447E-6
3,400000E-3	-3,486850E-6
4,100000E-3	-3,485262E-6
4,800000E-3	-3,485505E-6
5,800000E-3	-3,489604E-6
6,500000E-3	-3,495313E-6
7,200000E-3	-3,499474E-6
8,200000E-3	-3,501058E-6
8,900000E-3	-3,500938E-6
9,900000E-3	-3,500250E-6
10,600000E-3	-3,500717E-6
11,300000E-3	-3,502613E-6
12,000000E-3	-3,504514E-6
12,900000E-3	-3,506653E-6
13,700000E-3	-3,510115E-6
14,500000E-3	-3,513316E-6
15,400000E-3	-3,515390E-6
16,300000E-3	-3,518085E-6
17,100000E-3	-3,521725E-6
17,800000E-3	-3,525316E-6
18,900000E-3	-3,527385E-6
19,600000E-3	-3,528090E-6
20,200000E-3	-3,528306E-6
20,800000E-3	-3,530004E-6
21,800000E-3	-3,533027E-6
22,600000E-3	-3,534801E-6
23,600000E-3	-3,535984E-6
24,300000E-3	-3,538935E-6
25,000000E-3	-3,543168E-6
26,000000E-3	-3,546338E-6
26,700000E-3	-3,547701E-6
27,400000E-3	-3,548194E-6
28,100000E-3	-3,547569E-6
29,100000E-3	-3,546738E-6
30,000000E-3	-3,546304E-6
30,800000E-3	-3,545562E-6
31,500000E-3	-3,543369E-6
32,500000E-3	-3,540840E-6
33,200000E-3	-3,537912E-6
33,900000E-3	-3,532945E-6
34,900000E-3	-3,527194E-6
35,600000E-3	-3,521568E-6
36,300000E-3	-3,515557E-6
37,300000E-3	-3,507470E-6
38,200000E-3	-3,497906E-6
39,000000E-3	-3,488111E-6
39,700000E-3	-3,478961E-6
40,400000E-3	-3,468400E-6
41,100000E-3	-3,455133E-6
42,100000E-3	-3,440275E-6
42,800000E-3	-3,425100E-6
43,700000E-3	-3,409296E-6
44,500000E-3	-3,390211E-6
45,500000E-3	-3,366170E-6
46,300000E-3	-3,338167E-6
46,900000E-3	-3,307667E-6
47,900000E-3	-3,279767E-6
48,700000E-3	-3,251365E-6
49,300000E-3	-3,221209E-6
49,900000E-3	-3,188578E-6
51,000000E-3	-3,152480E-6
51,800000E-3	-3,114600E-6
52,700000E-3	-3,075545E-6
53,000000E-3	-3,034246E-6
54,200000E-3	-2,991081E-6
55,200000E-3	-2,942183E-6
55,900000E-3	-2,892512E-6
56,300000E-3	-2,840103E-6
57,500000E-3	-2,784928E-6
58,300000E-3	-2,726437E-6
58,600000E-3	-2,664770E-6
59,700000E-3	-2,598076E-6
60,800000E-3	-2,528743E-6
61,500000E-3	-2,455011E-6
62,600000E-3	-2,384694E-6
63,200000E-3	-2,313988E-6
64,200000E-3	-2,241045E-6
64,900000E-3	-2,164473E-6
65,600000E-3	-2,085042E-6
66,400000E-3	-2,003296E-6
66,900000E-3	-1,918157E-6
68,000000E-3	-1,824605E-6
68,700000E-3	-1,730159E-6
69,700000E-3	-1,633123E-6
70,400000E-3	-1,536731E-6
71,100000E-3	-1,438658E-6
71,800000E-3	-1,340541E-6
72,800000E-3	-1,242896E-6
73,800000E-3	-1,142561E-6
74,500000E-3	-1,037850E-6
75,200000E-3	-931,001553E-9
75,900000E-3	-823,250211E-9
76,500000E-3	-713,703547E-9
77,500000E-3	-601,934959E-9
78,200000E-3	-485,082208E-9
79,300000E-3	-368,560444E-9
80,100000E-3	-257,127035E-9
81,000000E-3	-147,186672E-9
81,700000E-3	-35,854075E-9
82,700000E-3	93,468919E-9
83,400000E-3	211,453973E-9
84,100000E-3	330,102161E-9
84,700000E-3	448,263012E-9
85,600000E-3	565,852721E-9
86,500000E-3	683,107703E-9
87,300000E-3	802,775401E-9
88,200000E-3	926,706100E-9
89,200000E-3	1,039902E-6
89,900000E-3	1,154420E-6
90,600000E-3	1,269485E-6
91,300000E-3	1,383621E-6
92,300000E-3	1,494911E-6
93,000000E-3	1,603674E-6
93,700000E-3	1,711994E-6
94,500000E-3	1,827799E-6
95,600000E-3	1,936578E-6
96,400000E-3	2,043497E-6
97,100000E-3	2,147993E-6
97,800000E-3	2,251105E-6
98,500000E-3	2,352690E-6
99,500000E-3	2,453161E-6
100,200000E-3	2,553621E-6
100,800000E-3	2,652471E-6
101,900000E-3	2,754566E-6
102,800000E-3	2,848353E-6
103,700000E-3	2,940701E-6
104,400000E-3	3,032110E-6
105,000000E-3	3,122600E-6
106,100000E-3	3,213521E-6
106,700000E-3	3,300566E-6
107,400000E-3	3,383198E-6
108,300000E-3	3,464954E-6
109,200000E-3	3,545183E-6
110,200000E-3	3,623331E-6
110,800000E-3	3,699029E-6
111,500000E-3	3,773165E-6
112,500000E-3	3,847065E-6
113,200000E-3	3,921397E-6
113,900000E-3	3,994732E-6
114,600000E-3	4,064626E-6
115,300000E-3	4,133971E-6
116,300000E-3	4,201702E-6
117,400000E-3	4,265750E-6
118,000000E-3	4,330232E-6
119,100000E-3	4,388321E-6
119,800000E-3	4,445184E-6
120,500000E-3	4,501204E-6
121,200000E-3	4,556431E-6
121,800000E-3	4,610857E-6
122,800000E-3	4,664224E-6
123,700000E-3	4,717191E-6
124,600000E-3	4,770608E-6
125,200000E-3	4,824916E-6
126,200000E-3	4,875496E-6
127,000000E-3	4,919955E-6
127,700000E-3	4,960882E-6
128,400000E-3	5,001397E-6
129,300000E-3	5,044592E-6
130,000000E-3	5,088770E-6
131,000000E-3	5,131461E-6
131,900000E-3	5,177658E-6
132,700000E-3	5,216487E-6
133,400000E-3	5,254380E-6
134,100000E-3	5,290289E-6
134,900000E-3	5,327793E-6
136,000000E-3	5,362371E-6
136,700000E-3	5,399696E-6
137,200000E-3	5,436853E-6
138,300000E-3	5,470336E-6
139,000000E-3	5,501365E-6
140,100000E-3	5,530730E-6
141,100000E-3	5,558238E-6
141,400000E-3	5,589318E-6
142,500000E-3	5,619289E-6
143,500000E-3	5,647578E-6
144,200000E-3	5,673413E-6
144,500000E-3	5,695115E-6
145,500000E-3	5,713943E-6
146,600000E-3	5,733467E-6
147,400000E-3	5,756749E-6
148,200000E-3	5,780413E-6
148,900000E-3	5,805737E-6
149,600000E-3	5,832646E-6
150,600000E-3	5,859846E-6
151,300000E-3	5,881542E-6
152,000000E-3	5,900555E-6
153,000000E-3	5,919888E-6
153,700000E-3	5,941509E-6
154,700000E-3	5,960401E-6
155,400000E-3	5,977741E-6
156,100000E-3	5,996485E-6
157,200000E-3	6,012222E-6
157,800000E-3	6,026020E-6
158,500000E-3	6,038597E-6
159,600000E-3	6,051441E-6
160,300000E-3	6,066873E-6
160,900000E-3	6,084190E-6
162,000000E-3	6,101838E-6
162,800000E-3	6,117296E-6
163,700000E-3	6,130676E-6
164,500000E-3	6,142592E-6
165,300000E-3	6,155513E-6
166,100000E-3	6,167481E-6
166,800000E-3	6,178235E-6
167,400000E-3	6,188879E-6
168,400000E-3	6,201118E-6
169,100000E-3	6,214394E-6
170,100000E-3	6,226429E-6
171,000000E-3	6,235186E-6
171,500000E-3	6,240484E-6
172,500000E-3	6,244585E-6
173,200000E-3	6,248527E-6
174,000000E-3	6,252607E-6
174,900000E-3	6,257039E-6
175,600000E-3	6,261895E-6
176,300000E-3	6,266819E-6
177,200000E-3	6,273258E-6
177,900000E-3	6,282174E-6
178,800000E-3	6,291119E-6
179,700000E-3	6,298903E-6
180,700000E-3	6,305013E-6
181,400000E-3	6,309131E-6
182,100000E-3	6,309739E-6
182,800000E-3	6,309197E-6
184,000000E-3	6,309924E-6
184,700000E-3	6,311561E-6
185,400000E-3	6,312050E-6
186,400000E-3	6,312682E-6
186,900000E-3	6,315853E-6
187,800000E-3	6,320368E-6
188,800000E-3	6,325494E-6
189,600000E-3	6,331624E-6
190,200000E-3	6,336876E-6
190,900000E-3	6,339258E-6
192,000000E-3	6,339372E-6
192,300000E-3	6,338161E-6
193,700000E-3	6,336601E-6
194,400000E-3	6,334481E-6
195,300000E-3	6,331760E-6
196,100000E-3	6,329954E-6
196,800000E-3	6,330386E-6
197,400000E-3	6,332078E-6
198,200000E-3	6,332579E-6
199,100000E-3	6,332445E-6
200,100000E-3	6,332859E-6
200,800000E-3	6,332982E-6
201,500000E-3	6,331560E-6
202,500000E-3	6,327940E-6
203,200000E-3	6,323316E-6
203,900000E-3	6,320264E-6
204,600000E-3	6,319036E-6
205,600000E-3	6,319099E-6
206,300000E-3	6,318631E-6
207,300000E-3	6,315811E-6
208,200000E-3	6,311816E-6
208,400000E-3	6,305560E-6
209,900000E-3	6,297211E-6
210,600000E-3	6,289162E-6
211,600000E-3	6,284932E-6
212,300000E-3	6,285183E-6
213,000000E-3	6,286063E-6
214,100000E-3	6,283003E-6
214,800000E-3	6,275969E-6
215,400000E-3	6,269336E-6
216,300000E-3	6,264938E-6
216,900000E-3	6,261986E-6
217,900000E-3	6,260349E-6
218,700000E-3	6,256938E-6
219,400000E-3	6,249880E-6
219,700000E-3	6,240503E-6
221,300000E-3	6,230837E-6
222,000000E-3	6,223149E-6
222,600000E-3	6,216189E-6
223,700000E-3	6,209340E-6
224,400000E-3	6,204316E-6
225,100000E-3	6,201942E-6
225,600000E-3	6,201318E-6
226,800000E-3	6,200084E-6
227,800000E-3	6,195160E-6
228,100000E-3	6,186618E-6
228,800000E-3	6,175939E-6
230,200000E-3	6,165796E-6
230,800000E-3	6,158673E-6
231,500000E-3	6,154453E-6
232,200000E-3	6,149791E-6
233,100000E-3	6,143701E-6
233,900000E-3	6,137058E-6
234,800000E-3	6,129443E-6
234,900000E-3	6,121022E-6
236,200000E-3	6,112942E-6
237,200000E-3	6,105296E-6
237,900000E-3	6,097206E-6
238,700000E-3	6,088213E-6
239,400000E-3	6,080196E-6
240,000000E-3	6,073761E-6
241,000000E-3	6,065692E-6
242,100000E-3	6,056262E-6
242,800000E-3	6,046567E-6
243,400000E-3	6,037351E-6
244,500000E-3	6,028925E-6
245,200000E-3	6,021182E-6
245,900000E-3	6,013298E-6
246,600000E-3	6,005488E-6
247,600000E-3	5,998035E-6
248,600000E-3	5,990607E-6
249,300000E-3	5,982678E-6
250,000000E-3	5,973340E-6
251,100000E-3	5,961783E-6
251,700000E-3	5,950194E-6
252,500000E-3	5,941503E-6
253,200000E-3	5,935615E-6
253,900000E-3	5,930639E-6
254,900000E-3	5,924559E-6
255,600000E-3	5,915743E-6
256,500000E-3	5,904478E-6
257,700000E-3	5,895274E-6
258,400000E-3	5,888807E-6
259,000000E-3	5,882088E-6
259,700000E-3	5,873946E-6
260,800000E-3	5,865313E-6
261,400000E-3	5,856249E-6
262,500000E-3	5,847324E-6
263,200000E-3	5,838407E-6
264,200000E-3	5,828062E-6
264,900000E-3	5,816877E-6
265,600000E-3	5,805794E-6
266,300000E-3	5,794066E-6
266,900000E-3	5,781900E-6
268,000000E-3	5,771452E-6
268,700000E-3	5,762145E-6
269,700000E-3	5,752533E-6
270,400000E-3	5,741431E-6
271,400000E-3	5,732247E-6
272,200000E-3	5,727094E-6
272,200000E-3	5,724504E-6
273,500000E-3	5,720084E-6
274,500000E-3	5,710943E-6
275,300000E-3	5,698238E-6
275,900000E-3	5,684639E-6
276,900000E-3	5,671821E-6
277,700000E-3	5,660561E-6
278,300000E-3	5,650870E-6
279,400000E-3	5,643602E-6
280,100000E-3	5,635204E-6
280,700000E-3	5,625430E-6
281,800000E-3	5,614425E-6
282,500000E-3	5,603144E-6
283,500000E-3	5,593669E-6
284,200000E-3	5,585826E-6
284,900000E-3	5,576536E-6
285,600000E-3	5,565755E-6
286,600000E-3	5,554877E-6
287,200000E-3	5,545480E-6
287,900000E-3	5,537958E-6
288,700000E-3	5,531241E-6
289,700000E-3	5,522933E-6
290,500000E-3	5,512427E-6
291,400000E-3	5,501138E-6
292,100000E-3	5,491373E-6
292,800000E-3	5,483773E-6
293,900000E-3	5,476733E-6
294,500000E-3	5,468496E-6
295,200000E-3	5,459063E-6
296,200000E-3	5,450256E-6
296,900000E-3	5,439733E-6
297,800000E-3	5,427703E-6
298,600000E-3	5,416302E-6
299,600000E-3	5,405151E-6
300,200000E-3	5,393520E-6
