-300,000000E-3	5,343081E-6
-300,000000E-3	5,339921E-6
-299,900000E-3	5,340502E-6
-299,700000E-3	5,342633E-6
-299,400000E-3	5,345698E-6
-298,900000E-3	5,348853E-6
-298,500000E-3	5,351428E-6
-297,900000E-3	5,353802E-6
-297,300000E-3	5,354922E-6
-296,600000E-3	5,354228E-6
-295,800000E-3	5,353694E-6
-295,200000E-3	5,354005E-6
-294,500000E-3	5,354681E-6
-294,000000E-3	5,356297E-6
-293,100000E-3	5,359930E-6
-292,400000E-3	5,364524E-6
-291,800000E-3	5,368773E-6
-290,800000E-3	5,372176E-6
-290,100000E-3	5,374226E-6
-289,100000E-3	5,375304E-6
-288,500000E-3	5,375826E-6
-287,800000E-3	5,376548E-6
-286,800000E-3	5,377468E-6
-286,100000E-3	5,379965E-6
-285,500000E-3	5,385088E-6
-284,600000E-3	5,392014E-6
-283,700000E-3	5,399300E-6
-283,000000E-3	5,405880E-6
-282,000000E-3	5,411528E-6
-281,300000E-3	5,415631E-6
-280,700000E-3	5,418260E-6
-279,900000E-3	5,420146E-6
-278,900000E-3	5,420953E-6
-278,100000E-3	5,421448E-6
-277,200000E-3	5,424044E-6
-276,400000E-3	5,428450E-6
-275,500000E-3	5,433212E-6
-274,900000E-3	5,436844E-6
-274,200000E-3	5,438401E-6
-273,500000E-3	5,438989E-6
-272,400000E-3	5,440575E-6
-271,800000E-3	5,443523E-6
-270,900000E-3	5,447078E-6
-270,000000E-3	5,449599E-6
-269,000000E-3	5,452638E-6
-268,300000E-3	5,457464E-6
-267,300000E-3	5,463496E-6
-266,600000E-3	5,469557E-6
-265,900000E-3	5,474433E-6
-265,200000E-3	5,477515E-6
-264,600000E-3	5,478849E-6
-263,800000E-3	5,479683E-6
-262,900000E-3	5,480195E-6
-261,800000E-3	5,481144E-6
-261,200000E-3	5,484836E-6
-260,500000E-3	5,490562E-6
-259,400000E-3	5,496394E-6
-258,700000E-3	5,500155E-6
-258,000000E-3	5,501121E-6
-257,300000E-3	5,500808E-6
-256,300000E-3	5,502402E-6
-255,600000E-3	5,506397E-6
-254,500000E-3	5,511119E-6
-253,700000E-3	5,514633E-6
-252,900000E-3	5,517208E-6
-252,100000E-3	5,519116E-6
-251,400000E-3	5,520832E-6
-250,400000E-3	5,523121E-6
-249,800000E-3	5,525640E-6
-249,000000E-3	5,527917E-6
-248,300000E-3	5,529493E-6
-247,300000E-3	5,530198E-6
-246,300000E-3	5,531625E-6
-245,600000E-3	5,534622E-6
-244,900000E-3	5,538798E-6
-243,800000E-3	5,541329E-6
-243,200000E-3	5,541522E-6
-242,500000E-3	5,542485E-6
-241,500000E-3	5,544337E-6
-240,800000E-3	5,544719E-6
-240,100000E-3	5,543941E-6
-239,000000E-3	5,542966E-6
-238,400000E-3	5,542480E-6
-237,500000E-3	5,542419E-6
-236,600000E-3	5,543533E-6
-235,600000E-3	5,545865E-6
-235,200000E-3	5,548825E-6
-234,500000E-3	5,551466E-6
-233,500000E-3	5,552187E-6
-232,900000E-3	5,550805E-6
-231,800000E-3	5,549225E-6
-231,200000E-3	5,548814E-6
-230,000000E-3	5,549667E-6
-229,500000E-3	5,550513E-6
-228,700000E-3	5,551869E-6
-227,700000E-3	5,553989E-6
-227,000000E-3	5,555415E-6
-225,900000E-3	5,554712E-6
-225,600000E-3	5,552875E-6
-224,600000E-3	5,551094E-6
-223,900000E-3	5,549422E-6
-223,100000E-3	5,547958E-6
-222,300000E-3	5,547177E-6
-221,500000E-3	5,546538E-6
-220,500000E-3	5,545129E-6
-219,700000E-3	5,542466E-6
-219,000000E-3	5,539723E-6
-218,300000E-3	5,538926E-6
-217,300000E-3	5,540366E-6
-216,600000E-3	5,542668E-6
-215,900000E-3	5,543547E-6
-215,200000E-3	5,541091E-6
-214,200000E-3	5,536590E-6
-213,600000E-3	5,532864E-6
-212,700000E-3	5,532758E-6
-211,800000E-3	5,535261E-6
-210,700000E-3	5,535795E-6
-210,100000E-3	5,532801E-6
-209,400000E-3	5,527673E-6
-208,700000E-3	5,521627E-6
-207,700000E-3	5,515455E-6
-207,000000E-3	5,510629E-6
-206,200000E-3	5,508224E-6
-205,300000E-3	5,507049E-6
-204,500000E-3	5,503857E-6
-203,800000E-3	5,498911E-6
-203,000000E-3	5,494502E-6
-202,100000E-3	5,489886E-6
-201,400000E-3	5,483685E-6
-200,400000E-3	5,477150E-6
-199,700000E-3	5,471336E-6
-198,700000E-3	5,468703E-6
-198,300000E-3	5,469693E-6
-197,300000E-3	5,470235E-6
-196,600000E-3	5,467636E-6
-195,700000E-3	5,462422E-6
-194,900000E-3	5,456621E-6
-194,200000E-3	5,450706E-6
-193,200000E-3	5,442797E-6
-192,400000E-3	5,433422E-6
-191,700000E-3	5,424583E-6
-191,100000E-3	5,418544E-6
-190,100000E-3	5,414423E-6
-189,400000E-3	5,410143E-6
-188,700000E-3	5,404110E-6
-187,900000E-3	5,397367E-6
-186,900000E-3	5,391239E-6
-186,000000E-3	5,384767E-6
-185,200000E-3	5,375761E-6
-184,500000E-3	5,364333E-6
-183,500000E-3	5,351150E-6
-182,800000E-3	5,337637E-6
-182,100000E-3	5,327176E-6
-181,400000E-3	5,320362E-6
-180,700000E-3	5,314809E-6
-179,700000E-3	5,309174E-6
-178,700000E-3	5,302582E-6
-178,000000E-3	5,293308E-6
-177,100000E-3	5,282947E-6
-176,200000E-3	5,271362E-6
-175,500000E-3	5,257726E-6
-174,800000E-3	5,243390E-6
-173,900000E-3	5,232140E-6
-173,100000E-3	5,221724E-6
-172,500000E-3	5,211081E-6
-171,800000E-3	5,199646E-6
-170,900000E-3	5,187774E-6
-170,100000E-3	5,175164E-6
-169,100000E-3	5,161434E-6
-168,400000E-3	5,147080E-6
-167,600000E-3	5,132044E-6
-166,900000E-3	5,117803E-6
-165,900000E-3	5,104377E-6
-165,200000E-3	5,090333E-6
-164,500000E-3	5,076348E-6
-163,500000E-3	5,061138E-6
-162,800000E-3	5,045974E-6
-162,100000E-3	5,031124E-6
-161,300000E-3	5,015737E-6
-160,400000E-3	4,999433E-6
-159,300000E-3	4,982261E-6
-158,600000E-3	4,964259E-6
-157,900000E-3	4,945426E-6
-157,200000E-3	4,924411E-6
-155,900000E-3	4,901158E-6
-155,500000E-3	4,876562E-6
-154,400000E-3	4,852360E-6
-154,100000E-3	4,831570E-6
-153,200000E-3	4,813892E-6
-152,100000E-3	4,795342E-6
-151,400000E-3	4,771993E-6
-150,500000E-3	4,748391E-6
-149,600000E-3	4,725042E-6
-149,000000E-3	4,702702E-6
-148,300000E-3	4,679688E-6
-146,900000E-3	4,658210E-6
-146,500000E-3	4,633884E-6
-145,800000E-3	4,608690E-6
-144,800000E-3	4,582872E-6
-144,100000E-3	4,556753E-6
-143,400000E-3	4,530209E-6
-142,300000E-3	4,504471E-6
-141,700000E-3	4,478342E-6
-140,900000E-3	4,449845E-6
-140,000000E-3	4,418744E-6
-139,300000E-3	4,384322E-6
-138,300000E-3	4,352496E-6
-137,600000E-3	4,321859E-6
-136,500000E-3	4,292838E-6
-136,200000E-3	4,264651E-6
-135,100000E-3	4,235788E-6
-134,400000E-3	4,204216E-6
-133,600000E-3	4,170544E-6
-132,700000E-3	4,132241E-6
-131,700000E-3	4,097887E-6
-131,000000E-3	4,063852E-6
-130,300000E-3	4,028555E-6
-129,600000E-3	3,994788E-6
-128,600000E-3	3,958231E-6
-127,900000E-3	3,919372E-6
-127,300000E-3	3,880817E-6
-126,500000E-3	3,842462E-6
-125,400000E-3	3,803164E-6
-124,800000E-3	3,762930E-6
-124,100000E-3	3,721774E-6
-123,100000E-3	3,679001E-6
-122,100000E-3	3,635090E-6
-121,300000E-3	3,590450E-6
-120,600000E-3	3,543536E-6
-119,900000E-3	3,496301E-6
-119,300000E-3	3,449491E-6
-118,300000E-3	3,401795E-6
-117,200000E-3	3,354011E-6
-116,800000E-3	3,306132E-6
-116,000000E-3	3,256842E-6
-115,200000E-3	3,204562E-6
-114,100000E-3	3,150515E-6
-113,400000E-3	3,096713E-6
-112,700000E-3	3,040638E-6
-111,700000E-3	2,988125E-6
-111,000000E-3	2,932389E-6
-110,300000E-3	2,871432E-6
-109,300000E-3	2,815040E-6
-108,600000E-3	2,758650E-6
-107,900000E-3	2,697001E-6
-106,900000E-3	2,637119E-6
-106,200000E-3	2,577559E-6
-105,400000E-3	2,517884E-6
-104,400000E-3	2,452519E-6
-103,600000E-3	2,387884E-6
-102,700000E-3	2,322196E-6
-101,700000E-3	2,258670E-6
-101,300000E-3	2,196338E-6
-100,600000E-3	2,132180E-6
-100,000000E-3	2,065093E-6
-98,900000E-3	1,996742E-6
-98,200000E-3	1,928224E-6
-97,200000E-3	1,859054E-6
-96,500000E-3	1,788182E-6
-95,600000E-3	1,716918E-6
-94,800000E-3	1,646187E-6
-94,000000E-3	1,575022E-6
-93,300000E-3	1,502214E-6
-92,600000E-3	1,425616E-6
-91,700000E-3	1,348052E-6
-91,000000E-3	1,272328E-6
-90,300000E-3	1,197643E-6
-89,200000E-3	1,122693E-6
-88,300000E-3	1,047366E-6
-87,500000E-3	971,983745E-9
-86,800000E-3	896,912440E-9
-86,100000E-3	822,252305E-9
-85,000000E-3	747,501607E-9
-84,300000E-3	672,109555E-9
-83,300000E-3	584,921571E-9
-82,700000E-3	505,860633E-9
-81,900000E-3	427,079576E-9
-81,300000E-3	349,996427E-9
-80,500000E-3	274,526678E-9
-79,500000E-3	198,828828E-9
-78,700000E-3	121,982523E-9
-77,800000E-3	43,969799E-9
-77,100000E-3	-33,613925E-9
-76,400000E-3	-109,942921E-9
-75,400000E-3	-185,505777E-9
-74,300000E-3	-261,090296E-9
-73,900000E-3	-344,725338E-9
-72,900000E-3	-421,311993E-9
-72,200000E-3	-492,037255E-9
-71,600000E-3	-561,334157E-9
-70,600000E-3	-631,603575E-9
-69,800000E-3	-701,762775E-9
-68,800000E-3	-769,914374E-9
-68,100000E-3	-836,855137E-9
-67,400000E-3	-907,296687E-9
-66,700000E-3	-972,506599E-9
-65,700000E-3	-1,037736E-6
-64,900000E-3	-1,105756E-6
-64,000000E-3	-1,173060E-6
-63,500000E-3	-1,236805E-6
-62,500000E-3	-1,298987E-6
-61,900000E-3	-1,359734E-6
-60,800000E-3	-1,422113E-6
-60,100000E-3	-1,478673E-6
-59,100000E-3	-1,533847E-6
-58,200000E-3	-1,592019E-6
-57,700000E-3	-1,646171E-6
-56,700000E-3	-1,699497E-6
-55,900000E-3	-1,753957E-6
-55,300000E-3	-1,807139E-6
-54,300000E-3	-1,856031E-6
-53,600000E-3	-1,902386E-6
-52,900000E-3	-1,946317E-6
-52,000000E-3	-1,987838E-6
-51,200000E-3	-2,027726E-6
-50,100000E-3	-2,067236E-6
-49,400000E-3	-2,106947E-6
-48,700000E-3	-2,148537E-6
-47,700000E-3	-2,186380E-6
-47,000000E-3	-2,222421E-6
-46,300000E-3	-2,256542E-6
-45,600000E-3	-2,289399E-6
-44,900000E-3	-2,321778E-6
-43,800000E-3	-2,352349E-6
-43,200000E-3	-2,380806E-6
-42,300000E-3	-2,407774E-6
-41,500000E-3	-2,434414E-6
-40,700000E-3	-2,460699E-6
-39,700000E-3	-2,485212E-6
-39,100000E-3	-2,507219E-6
-38,300000E-3	-2,528324E-6
-37,700000E-3	-2,547998E-6
-36,600000E-3	-2,570645E-6
-35,900000E-3	-2,594007E-6
-35,300000E-3	-2,615350E-6
-34,200000E-3	-2,635318E-6
-33,500000E-3	-2,652204E-6
-32,400000E-3	-2,666377E-6
-31,700000E-3	-2,680822E-6
-31,100000E-3	-2,693334E-6
-30,100000E-3	-2,705483E-6
-29,400000E-3	-2,717890E-6
-28,600000E-3	-2,730733E-6
-28,000000E-3	-2,744108E-6
-27,000000E-3	-2,756085E-6
-26,300000E-3	-2,765554E-6
-25,200000E-3	-2,773848E-6
-24,500000E-3	-2,781091E-6
-23,800000E-3	-2,789017E-6
-22,800000E-3	-2,797302E-6
-22,100000E-3	-2,804722E-6
-21,000000E-3	-2,812736E-6
-20,300000E-3	-2,820415E-6
-19,300000E-3	-2,826917E-6
-18,600000E-3	-2,831793E-6
-17,900000E-3	-2,836491E-6
-17,200000E-3	-2,841532E-6
-16,200000E-3	-2,845318E-6
-15,500000E-3	-2,848513E-6
-14,900000E-3	-2,851858E-6
-14,200000E-3	-2,855175E-6
-13,100000E-3	-2,858199E-6
-12,200000E-3	-2,860815E-6
-11,300000E-3	-2,862838E-6
-10,700000E-3	-2,864988E-6
-9,700000E-3	-2,868392E-6
-9,000000E-3	-2,873115E-6
-8,300000E-3	-2,878041E-6
-7,600000E-3	-2,882202E-6
-6,900000E-3	-2,884221E-6
-5,900000E-3	-2,884462E-6
-5,200000E-3	-2,883745E-6
-4,200000E-3	-2,883092E-6
-3,500000E-3	-2,883552E-6
-2,300000E-3	-2,884892E-6
-1,500000E-3	-2,887202E-6
-900,000000E-6	-2,889764E-6
100,000000E-6	-2,892075E-6
900,000000E-6	-2,893104E-6
1,500000E-3	-2,892188E-6
2,200000E-3	-2,890574E-6
3,300000E-3	-2,889846E-6
3,900000E-3	-2,890442E-6
4,800000E-3	-2,891323E-6
5,600000E-3	-2,890896E-6
6,300000E-3	-2,889552E-6
7,400000E-3	-2,888962E-6
8,100000E-3	-2,889456E-6
8,800000E-3	-2,890823E-6
9,600000E-3	-2,892550E-6
10,100000E-3	-2,893194E-6
11,200000E-3	-2,892286E-6
11,900000E-3	-2,890580E-6
12,800000E-3	-2,890145E-6
13,600000E-3	-2,890807E-6
14,300000E-3	-2,890660E-6
15,200000E-3	-2,890009E-6
15,900000E-3	-2,888667E-6
16,600000E-3	-2,886262E-6
17,400000E-3	-2,883656E-6
18,500000E-3	-2,881372E-6
19,200000E-3	-2,878234E-6
19,900000E-3	-2,873769E-6
21,000000E-3	-2,869083E-6
21,800000E-3	-2,864968E-6
22,500000E-3	-2,861252E-6
23,200000E-3	-2,856153E-6
24,100000E-3	-2,848579E-6
24,800000E-3	-2,840828E-6
25,500000E-3	-2,836007E-6
26,600000E-3	-2,832397E-6
27,400000E-3	-2,826837E-6
28,100000E-3	-2,820369E-6
28,800000E-3	-2,813740E-6
29,900000E-3	-2,807836E-6
30,600000E-3	-2,802241E-6
31,300000E-3	-2,795379E-6
32,100000E-3	-2,786791E-6
33,100000E-3	-2,777088E-6
33,900000E-3	-2,766983E-6
34,600000E-3	-2,755562E-6
35,300000E-3	-2,742467E-6
36,400000E-3	-2,727665E-6
37,100000E-3	-2,713643E-6
37,900000E-3	-2,699443E-6
38,600000E-3	-2,683973E-6
39,600000E-3	-2,667535E-6
40,400000E-3	-2,649680E-6
41,100000E-3	-2,629671E-6
41,800000E-3	-2,608551E-6
42,700000E-3	-2,590390E-6
43,600000E-3	-2,572152E-6
44,400000E-3	-2,551196E-6
45,100000E-3	-2,526405E-6
45,800000E-3	-2,502777E-6
46,700000E-3	-2,478195E-6
47,600000E-3	-2,452022E-6
48,300000E-3	-2,424340E-6
49,100000E-3	-2,394953E-6
49,900000E-3	-2,364989E-6
50,800000E-3	-2,332331E-6
51,600000E-3	-2,299184E-6
52,300000E-3	-2,264287E-6
53,000000E-3	-2,229807E-6
53,900000E-3	-2,196233E-6
54,800000E-3	-2,161630E-6
55,600000E-3	-2,124176E-6
56,300000E-3	-2,081647E-6
57,000000E-3	-2,035803E-6
58,100000E-3	-1,990308E-6
58,800000E-3	-1,945540E-6
59,500000E-3	-1,901803E-6
60,300000E-3	-1,857100E-6
61,300000E-3	-1,807279E-6
62,000000E-3	-1,758314E-6
62,800000E-3	-1,706977E-6
63,500000E-3	-1,654350E-6
64,200000E-3	-1,600890E-6
65,200000E-3	-1,543414E-6
66,000000E-3	-1,483257E-6
66,700000E-3	-1,422710E-6
67,400000E-3	-1,361519E-6
68,600000E-3	-1,301570E-6
69,300000E-3	-1,241865E-6
70,000000E-3	-1,175433E-6
71,100000E-3	-1,110324E-6
71,800000E-3	-1,046007E-6
72,500000E-3	-983,428932E-9
73,200000E-3	-920,423102E-9
73,900000E-3	-855,220251E-9
75,000000E-3	-784,353253E-9
75,800000E-3	-710,888966E-9
76,900000E-3	-633,764841E-9
77,600000E-3	-560,917770E-9
78,300000E-3	-487,579387E-9
79,000000E-3	-412,972622E-9
80,000000E-3	-334,537315E-9
80,800000E-3	-262,689132E-9
81,500000E-3	-191,920958E-9
82,200000E-3	-120,746124E-9
83,300000E-3	-42,121695E-9
84,000000E-3	33,205084E-9
84,800000E-3	108,905876E-9
85,500000E-3	190,116283E-9
86,600000E-3	266,756283E-9
87,300000E-3	343,558767E-9
88,000000E-3	419,841871E-9
88,800000E-3	500,063710E-9
89,700000E-3	574,824483E-9
90,600000E-3	648,169069E-9
91,300000E-3	721,825210E-9
92,100000E-3	799,585935E-9
92,800000E-3	877,548674E-9
93,700000E-3	952,013146E-9
94,600000E-3	1,025001E-6
95,300000E-3	1,103232E-6
96,100000E-3	1,179529E-6
96,800000E-3	1,255726E-6
97,700000E-3	1,329156E-6
98,500000E-3	1,399905E-6
99,300000E-3	1,470120E-6
100,000000E-3	1,540703E-6
100,900000E-3	1,610902E-6
101,800000E-3	1,684606E-6
102,500000E-3	1,752734E-6
103,300000E-3	1,819351E-6
104,000000E-3	1,885535E-6
105,100000E-3	1,958003E-6
105,800000E-3	2,026725E-6
106,600000E-3	2,093936E-6
107,300000E-3	2,158561E-6
108,000000E-3	2,220292E-6
109,000000E-3	2,280333E-6
109,700000E-3	2,340016E-6
110,500000E-3	2,402014E-6
111,200000E-3	2,464334E-6
112,300000E-3	2,525822E-6
113,000000E-3	2,587743E-6
113,800000E-3	2,647912E-6
114,500000E-3	2,705213E-6
115,600000E-3	2,758871E-6
116,200000E-3	2,810024E-6
117,000000E-3	2,860510E-6
117,700000E-3	2,911182E-6
118,500000E-3	2,962626E-6
119,200000E-3	3,013946E-6
119,900000E-3	3,066009E-6
121,100000E-3	3,117195E-6
121,800000E-3	3,167216E-6
122,900000E-3	3,216692E-6
123,700000E-3	3,264028E-6
124,400000E-3	3,311995E-6
125,100000E-3	3,355997E-6
125,900000E-3	3,398919E-6
126,600000E-3	3,441049E-6
127,400000E-3	3,482348E-6
128,100000E-3	3,522969E-6
129,200000E-3	3,563518E-6
129,900000E-3	3,606104E-6
130,700000E-3	3,648770E-6
131,400000E-3	3,690334E-6
132,500000E-3	3,732324E-6
133,300000E-3	3,772002E-6
133,900000E-3	3,810665E-6
135,100000E-3	3,842160E-6
135,800000E-3	3,874702E-6
136,500000E-3	3,910705E-6
137,300000E-3	3,944785E-6
138,000000E-3	3,978460E-6
138,800000E-3	4,012094E-6
139,500000E-3	4,046825E-6
140,300000E-3	4,081251E-6
141,500000E-3	4,113616E-6
142,200000E-3	4,143035E-6
142,900000E-3	4,170360E-6
143,700000E-3	4,198285E-6
144,400000E-3	4,227997E-6
145,500000E-3	4,258011E-6
146,300000E-3	4,285683E-6
147,000000E-3	4,312310E-6
147,800000E-3	4,337311E-6
148,500000E-3	4,361247E-6
149,300000E-3	4,383703E-6
150,100000E-3	4,406841E-6
151,000000E-3	4,431449E-6
151,700000E-3	4,457536E-6
152,500000E-3	4,482293E-6
153,200000E-3	4,504009E-6
154,000000E-3	4,524772E-6
155,100000E-3	4,545482E-6
155,900000E-3	4,565640E-6
156,600000E-3	4,588421E-6
157,700000E-3	4,610328E-6
158,400000E-3	4,631001E-6
159,200000E-3	4,652375E-6
159,900000E-3	4,671491E-6
160,700000E-3	4,689949E-6
161,400000E-3	4,708360E-6
162,200000E-3	4,725841E-6
162,900000E-3	4,740457E-6
164,100000E-3	4,749146E-6
164,800000E-3	4,756716E-6
165,500000E-3	4,771654E-6
166,600000E-3	4,791779E-6
167,400000E-3	4,814014E-6
168,100000E-3	4,836791E-6
168,900000E-3	4,859455E-6
169,600000E-3	4,877718E-6
170,400000E-3	4,893118E-6
171,200000E-3	4,906971E-6
171,900000E-3	4,920804E-6
172,600000E-3	4,934724E-6
173,800000E-3	4,948082E-6
174,500000E-3	4,960671E-6
175,200000E-3	4,972685E-6
175,900000E-3	4,984103E-6
177,000000E-3	4,995382E-6
177,800000E-3	5,008228E-6
178,500000E-3	5,022631E-6
179,300000E-3	5,036143E-6
180,000000E-3	5,045937E-6
180,800000E-3	5,051018E-6
181,500000E-3	5,054546E-6
182,300000E-3	5,059516E-6
183,000000E-3	5,066359E-6
183,800000E-3	5,075048E-6
184,900000E-3	5,085893E-6
185,700000E-3	5,098493E-6
186,400000E-3	5,111125E-6
187,500000E-3	5,122157E-6
188,300000E-3	5,130842E-6
189,000000E-3	5,138174E-6
189,800000E-3	5,145653E-6
190,400000E-3	5,153547E-6
191,200000E-3	5,160726E-6
192,300000E-3	5,166443E-6
193,000000E-3	5,171397E-6
193,700000E-3	5,177124E-6
194,900000E-3	5,182950E-6
195,600000E-3	5,187212E-6
196,300000E-3	5,190129E-6
197,100000E-3	5,194418E-6
197,800000E-3	5,201041E-6
198,600000E-3	5,206716E-6
199,300000E-3	5,211866E-6
200,100000E-3	5,217856E-6
201,200000E-3	5,223253E-6
202,000000E-3	5,227253E-6
202,700000E-3	5,231309E-6
203,400000E-3	5,236870E-6
204,200000E-3	5,242981E-6
205,200000E-3	5,248668E-6
206,000000E-3	5,252226E-6
206,700000E-3	5,254344E-6
207,500000E-3	5,255939E-6
208,200000E-3	5,257427E-6
209,000000E-3	5,259271E-6
209,700000E-3	5,261226E-6
210,500000E-3	5,262662E-6
211,600000E-3	5,265178E-6
212,400000E-3	5,269514E-6
213,100000E-3	5,273261E-6
213,900000E-3	5,275617E-6
215,000000E-3	5,276492E-6
215,700000E-3	5,277890E-6
216,500000E-3	5,280902E-6
217,200000E-3	5,283678E-6
218,000000E-3	5,285066E-6
218,700000E-3	5,287091E-6
219,400000E-3	5,290308E-6
220,200000E-3	5,292949E-6
221,300000E-3	5,294275E-6
221,700000E-3	5,294184E-6
222,800000E-3	5,293384E-6
223,600000E-3	5,292356E-6
224,300000E-3	5,291176E-6
225,400000E-3	5,288931E-6
226,100000E-3	5,286111E-6
226,900000E-3	5,284619E-6
227,600000E-3	5,283612E-6
228,400000E-3	5,281697E-6
229,100000E-3	5,279892E-6
229,900000E-3	5,280142E-6
230,600000E-3	5,282360E-6
231,300000E-3	5,283195E-6
232,100000E-3	5,281583E-6
232,900000E-3	5,279675E-6
233,700000E-3	5,278161E-6
234,400000E-3	5,276249E-6
235,600000E-3	5,275148E-6
236,700000E-3	5,275381E-6
237,400000E-3	5,275806E-6
237,400000E-3	5,275297E-6
238,800000E-3	5,273212E-6
239,700000E-3	5,271043E-6
240,400000E-3	5,269790E-6
241,200000E-3	5,268216E-6
241,900000E-3	5,265953E-6
242,700000E-3	5,264350E-6
243,400000E-3	5,263504E-6
244,200000E-3	5,261797E-6
245,300000E-3	5,258800E-6
246,100000E-3	5,254574E-6
246,800000E-3	5,250385E-6
247,200000E-3	5,247767E-6
248,500000E-3	5,247094E-6
249,500000E-3	5,246412E-6
249,900000E-3	5,242370E-6
251,000000E-3	5,235747E-6
251,700000E-3	5,230149E-6
252,800000E-3	5,226167E-6
253,600000E-3	5,223002E-6
254,300000E-3	5,221594E-6
255,300000E-3	5,221565E-6
256,000000E-3	5,220492E-6
256,800000E-3	5,217024E-6
257,500000E-3	5,212003E-6
258,500000E-3	5,206877E-6
259,300000E-3	5,202804E-6
260,000000E-3	5,198991E-6
260,700000E-3	5,194892E-6
261,800000E-3	5,191753E-6
262,500000E-3	5,191714E-6
263,200000E-3	5,191376E-6
264,000000E-3	5,185070E-6
265,100000E-3	5,176168E-6
265,800000E-3	5,168735E-6
266,800000E-3	5,163630E-6
267,600000E-3	5,159391E-6
268,200000E-3	5,154239E-6
268,900000E-3	5,147513E-6
269,600000E-3	5,140521E-6
270,600000E-3	5,134597E-6
271,300000E-3	5,129679E-6
272,300000E-3	5,125260E-6
273,000000E-3	5,121116E-6
274,000000E-3	5,116571E-6
274,700000E-3	5,112006E-6
275,400000E-3	5,108528E-6
276,100000E-3	5,105944E-6
276,800000E-3	5,103385E-6
277,800000E-3	5,100564E-6
278,300000E-3	5,097089E-6
279,400000E-3	5,093144E-6
280,300000E-3	5,088808E-6
281,100000E-3	5,085134E-6
281,700000E-3	5,082616E-6
282,400000E-3	5,078811E-6
283,500000E-3	5,073007E-6
284,100000E-3	5,066287E-6
284,800000E-3	5,059706E-6
285,800000E-3	5,054250E-6
286,600000E-3	5,049455E-6
287,600000E-3	5,044513E-6
288,200000E-3	5,038971E-6
288,900000E-3	5,033065E-6
289,600000E-3	5,026879E-6
290,700000E-3	5,019679E-6
291,300000E-3	5,013051E-6
292,200000E-3	5,007726E-6
293,000000E-3	5,003718E-6
294,100000E-3	5,000289E-6
294,900000E-3	4,994453E-6
295,400000E-3	4,985764E-6
296,500000E-3	4,978010E-6
297,500000E-3	4,971916E-6
297,900000E-3	4,967454E-6
298,500000E-3	4,962951E-6
299,500000E-3	4,956778E-6
