-300,000000E-3	5,700900E-6
-300,000000E-3	5,697987E-6
-300,000000E-3	5,700105E-6
-299,800000E-3	5,700593E-6
-299,500000E-3	5,700500E-6
-299,100000E-3	5,701086E-6
-298,500000E-3	5,703764E-6
-297,800000E-3	5,710523E-6
-297,300000E-3	5,724014E-6
-296,700000E-3	5,746457E-6
-295,800000E-3	5,773558E-6
-295,200000E-3	5,805217E-6
-294,600000E-3	5,839477E-6
-294,000000E-3	5,874712E-6
-293,400000E-3	5,912736E-6
-292,400000E-3	5,957400E-6
-291,800000E-3	6,007057E-6
-290,800000E-3	6,061386E-6
-290,000000E-3	6,112749E-6
-289,200000E-3	6,163470E-6
-288,400000E-3	6,214581E-6
-287,800000E-3	6,267870E-6
-287,200000E-3	6,324268E-6
-286,100000E-3	6,384629E-6
-285,400000E-3	6,450179E-6
-284,700000E-3	6,520300E-6
-284,000000E-3	6,592089E-6
-283,000000E-3	6,664566E-6
-282,000000E-3	6,738371E-6
-281,300000E-3	6,813772E-6
-280,500000E-3	6,889958E-6
-279,900000E-3	6,967665E-6
-278,900000E-3	7,047428E-6
-278,100000E-3	7,128532E-6
-277,500000E-3	7,211376E-6
-276,800000E-3	7,296962E-6
-275,800000E-3	7,383605E-6
-275,000000E-3	7,471326E-6
-274,000000E-3	7,561192E-6
-273,400000E-3	7,661193E-6
-272,300000E-3	7,754898E-6
-271,700000E-3	7,845881E-6
-271,000000E-3	7,938296E-6
-270,300000E-3	8,032390E-6
-269,200000E-3	8,128051E-6
-268,500000E-3	8,224939E-6
-267,800000E-3	8,321399E-6
-266,800000E-3	8,416476E-6
-266,100000E-3	8,509784E-6
-265,100000E-3	8,603620E-6
-264,400000E-3	8,699811E-6
-263,700000E-3	8,804322E-6
-262,600000E-3	8,904723E-6
-262,000000E-3	9,007911E-6
-261,300000E-3	9,112899E-6
-260,600000E-3	9,218900E-6
-259,600000E-3	9,325980E-6
-258,900000E-3	9,433500E-6
-257,900000E-3	9,543854E-6
-257,200000E-3	9,658510E-6
-256,500000E-3	9,775872E-6
-255,800000E-3	9,895217E-6
-254,800000E-3	10,018127E-6
-254,100000E-3	10,146051E-6
-253,400000E-3	10,278235E-6
-252,600000E-3	10,411122E-6
-251,600000E-3	10,543687E-6
-250,900000E-3	10,675513E-6
-249,900000E-3	10,805919E-6
-249,200000E-3	10,943960E-6
-248,200000E-3	11,076193E-6
-247,500000E-3	11,213120E-6
-246,800000E-3	11,353780E-6
-246,100000E-3	11,495925E-6
-245,400000E-3	11,637531E-6
-244,300000E-3	11,779346E-6
-243,700000E-3	11,928922E-6
-242,700000E-3	12,080432E-6
-242,000000E-3	12,227894E-6
-240,900000E-3	12,377413E-6
-240,300000E-3	12,531083E-6
-239,600000E-3	12,698259E-6
-238,500000E-3	12,859144E-6
-237,800000E-3	13,023701E-6
-237,100000E-3	13,190919E-6
-236,500000E-3	13,358455E-6
-235,400000E-3	13,525058E-6
-234,700000E-3	13,690425E-6
-233,600000E-3	13,857318E-6
-233,000000E-3	14,026433E-6
-232,400000E-3	14,209005E-6
-231,300000E-3	14,380741E-6
-230,600000E-3	14,549665E-6
-229,900000E-3	14,735020E-6
-228,800000E-3	14,895936E-6
-228,200000E-3	15,053317E-6
-227,500000E-3	15,208711E-6
-226,800000E-3	15,365054E-6
-225,800000E-3	15,530872E-6
-224,800000E-3	15,701123E-6
-224,000000E-3	15,881037E-6
-223,300000E-3	16,053528E-6
-222,300000E-3	16,229739E-6
-221,600000E-3	16,409873E-6
-220,900000E-3	16,589526E-6
-220,300000E-3	16,764657E-6
-219,200000E-3	16,934180E-6
-218,500000E-3	17,097952E-6
-217,800000E-3	17,255695E-6
-216,800000E-3	17,408215E-6
-216,100000E-3	17,559343E-6
-215,100000E-3	17,708426E-6
-214,400000E-3	17,855769E-6
-213,700000E-3	18,003296E-6
-213,000000E-3	18,152528E-6
-212,300000E-3	18,306664E-6
-211,300000E-3	18,470286E-6
-210,600000E-3	18,646765E-6
-209,600000E-3	18,835103E-6
-208,800000E-3	19,032717E-6
-207,800000E-3	19,236976E-6
-207,100000E-3	19,447849E-6
-206,500000E-3	19,668183E-6
-205,700000E-3	19,907087E-6
-204,700000E-3	20,153629E-6
-204,100000E-3	20,398460E-6
-203,300000E-3	20,646522E-6
-202,700000E-3	20,893258E-6
-201,600000E-3	21,137238E-6
-200,800000E-3	21,379586E-6
-199,900000E-3	21,622959E-6
-199,100000E-3	21,882355E-6
-198,100000E-3	22,125682E-6
-197,400000E-3	22,367228E-6
-196,700000E-3	22,617661E-6
-196,100000E-3	22,869921E-6
-195,100000E-3	23,119231E-6
-194,300000E-3	23,373543E-6
-193,500000E-3	23,648195E-6
-192,800000E-3	23,908637E-6
-191,800000E-3	24,171268E-6
-191,100000E-3	24,436605E-6
-190,400000E-3	24,718976E-6
-189,300000E-3	24,979863E-6
-188,500000E-3	25,232635E-6
-187,800000E-3	25,485082E-6
-187,100000E-3	25,729598E-6
-186,200000E-3	25,960355E-6
-185,200000E-3	26,185893E-6
-184,500000E-3	26,409627E-6
-183,800000E-3	26,636196E-6
-183,200000E-3	26,868277E-6
-182,200000E-3	27,108610E-6
-181,200000E-3	27,358518E-6
-180,500000E-3	27,632343E-6
-179,500000E-3	27,894185E-6
-178,800000E-3	28,158191E-6
-178,200000E-3	28,423910E-6
-177,400000E-3	28,688372E-6
-176,600000E-3	28,953088E-6
-175,500000E-3	29,219538E-6
-174,900000E-3	29,491322E-6
-174,200000E-3	29,769141E-6
-173,400000E-3	30,052343E-6
-172,500000E-3	30,338009E-6
-171,600000E-3	30,622412E-6
-170,900000E-3	30,903541E-6
-170,200000E-3	31,199854E-6
-169,400000E-3	31,477626E-6
-168,500000E-3	31,763782E-6
-167,600000E-3	32,064587E-6
-166,900000E-3	32,338231E-6
-165,900000E-3	32,611419E-6
-165,300000E-3	32,888120E-6
-164,300000E-3	33,186768E-6
-163,300000E-3	33,471650E-6
-162,600000E-3	33,757460E-6
-161,900000E-3	34,041792E-6
-161,300000E-3	34,324960E-6
-160,300000E-3	34,618063E-6
-159,300000E-3	34,907981E-6
-158,600000E-3	35,199320E-6
-157,900000E-3	35,462544E-6
-156,900000E-3	35,713371E-6
-156,400000E-3	35,950499E-6
-155,500000E-3	36,189202E-6
-154,600000E-3	36,406703E-6
-153,700000E-3	36,619059E-6
-153,000000E-3	36,825655E-6
-152,400000E-3	37,028335E-6
-151,500000E-3	37,240559E-6
-150,500000E-3	37,457238E-6
-149,700000E-3	37,670452E-6
-149,000000E-3	37,883456E-6
-148,400000E-3	38,094412E-6
-147,400000E-3	38,301248E-6
-146,400000E-3	38,500294E-6
-145,700000E-3	38,699862E-6
-145,000000E-3	38,874088E-6
-144,100000E-3	39,032189E-6
-143,400000E-3	39,172047E-6
-142,400000E-3	39,294955E-6
-141,700000E-3	39,405138E-6
-140,700000E-3	39,506691E-6
-140,100000E-3	39,604963E-6
-139,400000E-3	39,703043E-6
-138,500000E-3	39,800063E-6
-137,800000E-3	39,896701E-6
-136,800000E-3	39,996993E-6
-136,200000E-3	40,103046E-6
-135,300000E-3	40,216561E-6
-134,600000E-3	40,340086E-6
-133,900000E-3	40,475257E-6
-132,900000E-3	40,617582E-6
-132,300000E-3	40,759382E-6
-131,300000E-3	40,907619E-6
-130,300000E-3	41,044294E-6
-129,600000E-3	41,180291E-6
-128,900000E-3	41,317057E-6
-128,300000E-3	41,454543E-6
-127,300000E-3	41,591849E-6
-126,500000E-3	41,734961E-6
-125,600000E-3	41,892895E-6
-124,900000E-3	42,085163E-6
-124,300000E-3	42,294473E-6
-123,300000E-3	42,536214E-6
-122,500000E-3	42,820070E-6
-121,600000E-3	43,130664E-6
-121,000000E-3	43,450179E-6
-120,000000E-3	43,783109E-6
-119,300000E-3	44,128466E-6
-118,500000E-3	44,488247E-6
-117,700000E-3	44,864384E-6
-117,000000E-3	45,261491E-6
-115,900000E-3	45,680090E-6
-115,400000E-3	46,140543E-6
-114,400000E-3	46,574046E-6
-113,400000E-3	46,997498E-6
-112,700000E-3	47,424482E-6
-112,000000E-3	47,847974E-6
-111,400000E-3	48,264861E-6
-110,400000E-3	48,692233E-6
-109,400000E-3	49,126900E-6
-108,700000E-3	49,582529E-6
-108,000000E-3	49,988696E-6
-107,100000E-3	50,361602E-6
-106,400000E-3	50,693413E-6
-105,600000E-3	50,994111E-6
-104,600000E-3	51,230119E-6
-103,700000E-3	51,406594E-6
-103,000000E-3	51,516425E-6
-102,500000E-3	51,563795E-6
-101,400000E-3	51,550009E-6
-100,600000E-3	51,477419E-6
-99,800000E-3	51,345542E-6
-99,100000E-3	51,148698E-6
-98,500000E-3	50,879921E-6
-97,500000E-3	50,536075E-6
-96,600000E-3	50,118251E-6
-95,800000E-3	49,598670E-6
-95,100000E-3	49,020251E-6
-94,100000E-3	48,380806E-6
-93,500000E-3	47,707044E-6
-92,500000E-3	46,987361E-6
-91,500000E-3	46,221751E-6
-90,800000E-3	45,407826E-6
-90,200000E-3	44,546190E-6
-89,500000E-3	43,638317E-6
-88,500000E-3	42,683923E-6
-87,500000E-3	41,687644E-6
-86,800000E-3	40,654358E-6
-86,200000E-3	39,484185E-6
-85,200000E-3	38,351698E-6
-84,500000E-3	37,222815E-6
-83,700000E-3	36,053285E-6
-82,900000E-3	34,836765E-6
-82,200000E-3	33,565940E-6
-81,200000E-3	32,240076E-6
-80,500000E-3	30,850435E-6
-79,700000E-3	29,384834E-6
-78,900000E-3	27,825526E-6
-77,900000E-3	26,161208E-6
-77,200000E-3	24,382135E-6
-76,600000E-3	22,302363E-6
-75,500000E-3	20,230988E-6
-74,700000E-3	18,112826E-6
-73,900000E-3	15,726097E-6
-72,900000E-3	13,344091E-6
-72,200000E-3	10,831792E-6
-71,600000E-3	8,202015E-6
-70,700000E-3	5,285978E-6
-69,700000E-3	2,448725E-6
-68,900000E-3	-453,058305E-9
-68,200000E-3	-3,388085E-6
-67,600000E-3	-6,330093E-6
-66,700000E-3	-9,221520E-6
-65,700000E-3	-12,044078E-6
-64,900000E-3	-14,752773E-6
-64,200000E-3	-17,465139E-6
-63,300000E-3	-19,830192E-6
-62,600000E-3	-21,998664E-6
-61,900000E-3	-23,948275E-6
-61,000000E-3	-25,753496E-6
-60,200000E-3	-27,171042E-6
-59,300000E-3	-28,306494E-6
-58,400000E-3	-29,193942E-6
-57,700000E-3	-29,823524E-6
-57,100000E-3	-30,224444E-6
-56,000000E-3	-30,451995E-6
-55,300000E-3	-30,530799E-6
-54,600000E-3	-30,483133E-6
-53,700000E-3	-30,325948E-6
-53,000000E-3	-30,067834E-6
-51,900000E-3	-29,712080E-6
-51,200000E-3	-29,229967E-6
-50,500000E-3	-28,683759E-6
-49,500000E-3	-28,032762E-6
-48,900000E-3	-27,262220E-6
-48,100000E-3	-26,490833E-6
-47,100000E-3	-25,667729E-6
-46,400000E-3	-24,801074E-6
-45,600000E-3	-23,899167E-6
-44,700000E-3	-22,966787E-6
-43,700000E-3	-22,013758E-6
-43,000000E-3	-21,049404E-6
-42,400000E-3	-20,084119E-6
-41,700000E-3	-19,121106E-6
-41,000000E-3	-18,163647E-6
-40,000000E-3	-17,184844E-6
-39,200000E-3	-16,222253E-6
-38,500000E-3	-15,299783E-6
-37,500000E-3	-14,387002E-6
-36,500000E-3	-13,488846E-6
-35,800000E-3	-12,608238E-6
-35,100000E-3	-11,698707E-6
-34,100000E-3	-10,868674E-6
-33,400000E-3	-10,065310E-6
-32,700000E-3	-9,286609E-6
-32,000000E-3	-8,532846E-6
-31,100000E-3	-7,781794E-6
-30,300000E-3	-7,074126E-6
-29,300000E-3	-6,364505E-6
-28,400000E-3	-5,797513E-6
-27,600000E-3	-5,291573E-6
-26,900000E-3	-4,812180E-6
-26,200000E-3	-4,407047E-6
-25,200000E-3	-4,043743E-6
-24,500000E-3	-3,725937E-6
-23,800000E-3	-3,458250E-6
-23,200000E-3	-3,243641E-6
-22,100000E-3	-3,101521E-6
-21,100000E-3	-3,035644E-6
-20,400000E-3	-3,033426E-6
-19,700000E-3	-3,083231E-6
-18,700000E-3	-3,173063E-6
-18,000000E-3	-3,300510E-6
-17,300000E-3	-3,486981E-6
-16,600000E-3	-3,716286E-6
-15,600000E-3	-3,991381E-6
-14,800000E-3	-4,300271E-6
-13,900000E-3	-4,672690E-6
-13,000000E-3	-5,048100E-6
-12,200000E-3	-5,425859E-6
-11,500000E-3	-5,804419E-6
-10,800000E-3	-6,176273E-6
-9,800000E-3	-6,536334E-6
-9,100000E-3	-6,882001E-6
-8,400000E-3	-7,208410E-6
-7,600000E-3	-7,508383E-6
-6,700000E-3	-7,776672E-6
-5,700000E-3	-8,014464E-6
-5,100000E-3	-8,224954E-6
-4,400000E-3	-8,434018E-6
-3,200000E-3	-8,594604E-6
-2,500000E-3	-8,728075E-6
-1,800000E-3	-8,831447E-6
-1,200000E-3	-8,905574E-6
-100,000000E-6	-8,953776E-6
1,000000E-3	-8,982363E-6
1,600000E-3	-8,996590E-6
2,300000E-3	-8,991195E-6
3,000000E-3	-8,955752E-6
4,100000E-3	-8,887637E-6
4,700000E-3	-8,790544E-6
5,400000E-3	-8,669696E-6
6,200000E-3	-8,532884E-6
7,100000E-3	-8,387170E-6
8,200000E-3	-8,235476E-6
8,900000E-3	-8,075303E-6
9,500000E-3	-7,908828E-6
10,200000E-3	-7,743178E-6
10,900000E-3	-7,576209E-6
11,900000E-3	-7,396297E-6
12,600000E-3	-7,198608E-6
13,700000E-3	-6,970396E-6
14,500000E-3	-6,741235E-6
15,400000E-3	-6,494176E-6
16,100000E-3	-6,245357E-6
16,800000E-3	-6,001594E-6
17,800000E-3	-5,748332E-6
18,500000E-3	-5,479508E-6
19,200000E-3	-5,179847E-6
20,200000E-3	-4,892949E-6
20,900000E-3	-4,613093E-6
21,600000E-3	-4,350329E-6
22,700000E-3	-4,100685E-6
23,500000E-3	-3,897655E-6
24,300000E-3	-3,721066E-6
25,000000E-3	-3,569009E-6
25,700000E-3	-3,445108E-6
26,500000E-3	-3,356319E-6
27,200000E-3	-3,308780E-6
28,200000E-3	-3,308480E-6
29,100000E-3	-3,361637E-6
29,900000E-3	-3,472101E-6
30,600000E-3	-3,653571E-6
31,700000E-3	-3,885302E-6
32,300000E-3	-4,180488E-6
33,000000E-3	-4,543778E-6
33,700000E-3	-4,991183E-6
34,700000E-3	-5,502928E-6
35,400000E-3	-6,060185E-6
36,100000E-3	-6,673563E-6
37,200000E-3	-7,426793E-6
38,000000E-3	-8,149702E-6
38,900000E-3	-8,916016E-6
39,900000E-3	-9,770052E-6
40,600000E-3	-10,604461E-6
41,300000E-3	-11,468985E-6
41,900000E-3	-12,365648E-6
42,600000E-3	-13,286527E-6
43,700000E-3	-14,229233E-6
44,400000E-3	-15,184926E-6
45,100000E-3	-16,148301E-6
46,100000E-3	-17,234431E-6
47,000000E-3	-18,198757E-6
47,800000E-3	-19,161122E-6
48,500000E-3	-20,117652E-6
49,500000E-3	-21,062112E-6
50,300000E-3	-21,981427E-6
50,900000E-3	-22,899890E-6
51,600000E-3	-23,778511E-6
52,600000E-3	-24,595586E-6
53,300000E-3	-25,377222E-6
54,000000E-3	-26,120566E-6
54,900000E-3	-26,814024E-6
55,800000E-3	-27,444092E-6
56,700000E-3	-28,001807E-6
57,400000E-3	-28,481348E-6
58,100000E-3	-28,882917E-6
59,200000E-3	-29,224630E-6
59,200000E-3	-29,461115E-6
60,500000E-3	-29,598914E-6
61,400000E-3	-29,612033E-6
62,100000E-3	-29,478455E-6
63,200000E-3	-29,182038E-6
63,700000E-3	-28,707652E-6
64,600000E-3	-28,035213E-6
65,300000E-3	-27,142912E-6
66,400000E-3	-26,011656E-6
67,100000E-3	-24,631524E-6
67,800000E-3	-22,906174E-6
68,500000E-3	-21,057132E-6
69,200000E-3	-19,009522E-6
70,100000E-3	-16,689606E-6
71,000000E-3	-14,186370E-6
71,800000E-3	-11,580887E-6
72,500000E-3	-8,832923E-6
73,300000E-3	-5,979913E-6
74,000000E-3	-3,072359E-6
75,100000E-3	-148,990458E-9
75,800000E-3	2,748961E-6
76,600000E-3	5,597486E-6
77,300000E-3	8,373031E-6
78,100000E-3	11,062310E-6
79,200000E-3	13,645329E-6
79,900000E-3	16,190910E-6
80,700000E-3	18,599574E-6
81,400000E-3	20,806596E-6
82,200000E-3	22,889744E-6
82,900000E-3	24,846886E-6
83,900000E-3	26,683407E-6
84,500000E-3	28,403756E-6
85,300000E-3	30,022891E-6
86,000000E-3	31,552941E-6
87,100000E-3	33,007609E-6
87,900000E-3	34,389489E-6
88,600000E-3	35,700939E-6
89,400000E-3	36,941601E-6
90,100000E-3	38,155115E-6
91,200000E-3	39,303109E-6
92,000000E-3	40,360745E-6
92,700000E-3	41,368669E-6
93,500000E-3	42,326322E-6
94,200000E-3	43,236090E-6
95,000000E-3	44,093905E-6
95,700000E-3	44,896833E-6
96,500000E-3	45,649274E-6
97,600000E-3	46,365832E-6
98,400000E-3	47,052841E-6
99,100000E-3	47,706819E-6
99,900000E-3	48,359209E-6
100,900000E-3	48,928499E-6
101,700000E-3	49,457614E-6
102,400000E-3	49,946068E-6
103,200000E-3	50,392638E-6
103,900000E-3	50,790915E-6
104,700000E-3	51,134451E-6
105,400000E-3	51,415799E-6
106,200000E-3	51,628619E-6
106,900000E-3	51,768277E-6
108,100000E-3	51,835200E-6
108,800000E-3	51,832193E-6
109,500000E-3	51,759226E-6
110,300000E-3	51,613386E-6
111,100000E-3	51,396427E-6
112,200000E-3	51,114361E-6
112,900000E-3	50,777800E-6
113,600000E-3	50,397696E-6
114,400000E-3	49,988338E-6
115,500000E-3	49,538210E-6
115,500000E-3	49,110698E-6
116,600000E-3	48,680438E-6
117,600000E-3	48,242010E-6
118,300000E-3	47,790596E-6
119,100000E-3	47,325294E-6
119,800000E-3	46,835499E-6
120,200000E-3	46,345900E-6
121,700000E-3	45,877987E-6
122,400000E-3	45,423851E-6
123,100000E-3	44,988563E-6
123,900000E-3	44,573521E-6
124,600000E-3	44,182297E-6
125,700000E-3	43,818654E-6
126,500000E-3	43,487785E-6
127,200000E-3	43,190143E-6
128,000000E-3	42,921573E-6
129,100000E-3	42,675954E-6
129,800000E-3	42,442641E-6
130,600000E-3	42,231531E-6
131,300000E-3	42,049780E-6
132,000000E-3	41,895430E-6
132,800000E-3	41,771815E-6
133,500000E-3	41,677665E-6
134,300000E-3	41,607306E-6
135,000000E-3	41,558940E-6
136,200000E-3	41,533087E-6
136,900000E-3	41,526882E-6
137,300000E-3	41,536800E-6
138,500000E-3	41,560946E-6
139,600000E-3	41,597518E-6
140,400000E-3	41,646013E-6
141,100000E-3	41,695300E-6
141,900000E-3	41,744383E-6
142,600000E-3	41,791029E-6
143,300000E-3	41,824342E-6
144,100000E-3	41,844722E-6
144,800000E-3	41,852054E-6
145,900000E-3	41,845430E-6
146,300000E-3	41,825156E-6
147,000000E-3	41,792765E-6
148,200000E-3	41,748661E-6
148,900000E-3	41,687618E-6
150,000000E-3	41,607490E-6
150,800000E-3	41,509155E-6
151,500000E-3	41,388945E-6
152,200000E-3	41,244717E-6
153,000000E-3	41,074659E-6
153,700000E-3	40,880573E-6
154,500000E-3	40,666987E-6
155,200000E-3	40,437159E-6
156,000000E-3	40,193316E-6
157,100000E-3	39,936605E-6
157,900000E-3	39,668286E-6
158,600000E-3	39,388684E-6
159,400000E-3	39,099980E-6
160,400000E-3	38,808649E-6
161,200000E-3	38,516524E-6
161,900000E-3	38,225430E-6
162,700000E-3	37,935338E-6
163,400000E-3	37,646310E-6
164,200000E-3	37,357387E-6
164,900000E-3	37,066998E-6
165,700000E-3	36,770536E-6
166,400000E-3	36,466251E-6
167,200000E-3	36,154320E-6
168,300000E-3	35,835466E-6
169,100000E-3	35,512922E-6
169,800000E-3	35,177760E-6
170,500000E-3	34,826019E-6
171,600000E-3	34,506333E-6
172,300000E-3	34,188101E-6
173,400000E-3	33,875441E-6
173,700000E-3	33,572391E-6
174,800000E-3	33,279441E-6
175,500000E-3	32,993630E-6
176,200000E-3	32,710744E-6
177,300000E-3	32,428630E-6
177,600000E-3	32,146575E-6
178,700000E-3	31,857700E-6
179,400000E-3	31,576707E-6
180,500000E-3	31,313031E-6
181,200000E-3	31,056094E-6
181,900000E-3	30,804961E-6
182,600000E-3	30,559143E-6
183,400000E-3	30,318755E-6
184,100000E-3	30,084469E-6
185,300000E-3	29,856695E-6
186,000000E-3	29,634109E-6
186,800000E-3	29,412631E-6
187,900000E-3	29,189696E-6
188,300000E-3	28,939779E-6
189,300000E-3	28,697288E-6
190,100000E-3	28,438636E-6
190,800000E-3	28,189068E-6
191,500000E-3	27,935376E-6
192,600000E-3	27,677213E-6
193,300000E-3	27,398237E-6
194,300000E-3	27,131570E-6
195,000000E-3	26,861675E-6
195,700000E-3	26,587474E-6
196,300000E-3	26,299460E-6
197,300000E-3	26,010351E-6
198,000000E-3	25,730692E-6
199,100000E-3	25,453440E-6
199,800000E-3	25,180296E-6
200,800000E-3	24,911065E-6
201,500000E-3	24,644817E-6
201,600000E-3	24,381768E-6
203,200000E-3	24,123499E-6
203,800000E-3	23,871689E-6
204,600000E-3	23,623596E-6
205,200000E-3	23,375659E-6
205,900000E-3	23,126604E-6
206,900000E-3	22,868687E-6
207,800000E-3	22,612073E-6
208,600000E-3	22,364505E-6
209,300000E-3	22,115111E-6
210,400000E-3	21,859675E-6
211,000000E-3	21,597216E-6
211,700000E-3	21,297740E-6
212,800000E-3	21,030171E-6
213,400000E-3	20,762113E-6
214,100000E-3	20,493307E-6
215,100000E-3	20,215496E-6
216,000000E-3	19,939634E-6
216,800000E-3	19,674271E-6
217,500000E-3	19,411803E-6
218,200000E-3	19,152883E-6
219,200000E-3	18,897192E-6
219,900000E-3	18,646395E-6
220,600000E-3	18,400255E-6
221,300000E-3	18,158190E-6
222,300000E-3	17,919636E-6
223,200000E-3	17,685703E-6
224,000000E-3	17,458547E-6
225,000000E-3	17,211924E-6
225,800000E-3	17,001857E-6
226,500000E-3	16,799618E-6
227,100000E-3	16,592083E-6
228,200000E-3	16,403788E-6
228,800000E-3	16,222670E-6
229,900000E-3	16,046397E-6
230,600000E-3	15,870681E-6
231,300000E-3	15,693065E-6
231,500000E-3	15,513723E-6
232,900000E-3	15,334964E-6
233,500000E-3	15,149471E-6
234,500000E-3	14,962508E-6
235,200000E-3	14,779720E-6
235,900000E-3	14,597631E-6
236,800000E-3	14,417454E-6
237,600000E-3	14,239472E-6
238,600000E-3	14,064973E-6
239,400000E-3	13,893940E-6
240,100000E-3	13,725442E-6
240,700000E-3	13,557311E-6
241,700000E-3	13,388499E-6
242,400000E-3	13,220250E-6
243,300000E-3	13,055981E-6
244,100000E-3	12,891241E-6
245,100000E-3	12,730122E-6
245,800000E-3	12,576008E-6
246,500000E-3	12,424182E-6
247,200000E-3	12,274636E-6
247,900000E-3	12,128304E-6
249,100000E-3	11,985882E-6
249,800000E-3	11,845990E-6
250,400000E-3	11,707027E-6
251,200000E-3	11,566565E-6
252,300000E-3	11,423769E-6
253,000000E-3	11,280809E-6
253,900000E-3	11,135762E-6
255,000000E-3	10,987611E-6
255,700000E-3	10,856136E-6
256,300000E-3	10,727416E-6
257,100000E-3	10,599974E-6
257,700000E-3	10,471194E-6
258,800000E-3	10,339930E-6
259,500000E-3	10,205358E-6
260,500000E-3	10,068884E-6
261,200000E-3	9,933034E-6
261,800000E-3	9,798113E-6
262,900000E-3	9,665408E-6
263,700000E-3	9,535420E-6
264,300000E-3	9,409678E-6
264,900000E-3	9,288199E-6
265,700000E-3	9,179049E-6
266,700000E-3	9,104479E-6
267,700000E-3	9,037513E-6
268,400000E-3	8,934783E-6
269,200000E-3	8,797235E-6
270,100000E-3	8,648627E-6
270,800000E-3	8,506191E-6
271,500000E-3	8,377364E-6
272,200000E-3	8,260874E-6
273,100000E-3	8,151855E-6
273,900000E-3	8,042731E-6
274,900000E-3	7,935681E-6
275,900000E-3	7,822337E-6
276,600000E-3	7,725669E-6
277,300000E-3	7,632796E-6
278,000000E-3	7,543572E-6
278,700000E-3	7,456595E-6
279,800000E-3	7,364201E-6
280,800000E-3	7,276589E-6
281,500000E-3	7,188740E-6
282,500000E-3	7,100811E-6
282,900000E-3	7,011102E-6
283,900000E-3	6,930964E-6
284,600000E-3	6,852050E-6
285,300000E-3	6,772750E-6
286,100000E-3	6,693313E-6
287,000000E-3	6,614816E-6
287,900000E-3	6,538866E-6
288,600000E-3	6,464113E-6
289,300000E-3	6,385637E-6
290,400000E-3	6,313592E-6
291,100000E-3	6,240080E-6
291,700000E-3	6,166515E-6
292,800000E-3	6,095462E-6
293,500000E-3	6,024277E-6
294,100000E-3	5,953042E-6
295,200000E-3	5,883456E-6
295,900000E-3	5,816747E-6
296,900000E-3	5,751775E-6
297,200000E-3	5,687355E-6
298,300000E-3	5,623637E-6
299,000000E-3	5,561947E-6
299,600000E-3	5,503406E-6
300,400000E-3	5,447639E-6
300,800000E-3	5,393862E-6
301,100000E-3	5,341337E-6
301,300000E-3	5,286256E-6
301,300000E-3	5,239140E-6
301,300000E-3	5,201384E-6
301,200000E-3	5,173338E-6
301,200000E-3	5,152747E-6
301,100000E-3	5,138603E-6
300,900000E-3	5,129942E-6
300,800000E-3	5,124898E-6
300,600000E-3	5,123382E-6
300,500000E-3	5,126783E-6
