65,36100000E+0	12,28362794E-6	
65,35550000E+0	12,28242508E-6	
65,33070000E+0	12,28108872E-6	
65,30840000E+0	12,27913188E-6	
65,28810000E+0	12,27631176E-6	
65,26840000E+0	12,27278838E-6	
65,24170000E+0	12,26910354E-6	
65,22240000E+0	12,26579694E-6	
65,20170000E+0	12,26308814E-6	
65,18110000E+0	12,26075275E-6	
65,15860000E+0	12,25853418E-6	
65,13790000E+0	12,25631880E-6	
65,11620000E+0	12,25405826E-6	
65,09310000E+0	12,25188641E-6	
65,07280000E+0	12,24990191E-6	
65,05170000E+0	12,24820694E-6	
65,02800000E+0	12,24667907E-6	
65,00960000E+0	12,24506667E-6	
64,98500000E+0	12,24315627E-6	
64,96340000E+0	12,24089907E-6	
64,94100000E+0	12,23833802E-6	
64,91800000E+0	12,23545034E-6	
64,90000000E+0	12,23254352E-6	
64,87850000E+0	12,22978680E-6	
64,86200000E+0	12,22736939E-6	
64,83740000E+0	12,22541202E-6	
64,82100000E+0	12,22379157E-6	
64,80150000E+0	12,22222185E-6	
64,78250000E+0	12,22047868E-6	
64,76270000E+0	12,21847225E-6	
64,74440000E+0	12,21622531E-6	
64,72240000E+0	12,21384593E-6	
64,70430000E+0	12,21141441E-6	
64,68520000E+0	12,20896910E-6	
64,66310000E+0	12,20649410E-6	
64,64090000E+0	12,20391021E-6	
64,62310000E+0	12,20124491E-6	
64,60480000E+0	12,19872281E-6	
64,58050000E+0	12,19646149E-6	
64,56330000E+0	12,19418129E-6	
64,54400000E+0	12,19147416E-6	
64,52420000E+0	12,18829648E-6	
64,50460000E+0	12,18494383E-6	
64,48470000E+0	12,18166310E-6	
64,46350000E+0	12,17851139E-6	
64,44340000E+0	12,17548534E-6	
64,42510000E+0	12,17260343E-6	
64,40300000E+0	12,16987877E-6	
64,38520000E+0	12,16734208E-6	
64,36550000E+0	12,16501521E-6	
64,34460000E+0	12,16280245E-6	
64,32550000E+0	12,16051261E-6	
64,30630000E+0	12,15802460E-6	
64,28660000E+0	12,15542507E-6	
64,26520000E+0	12,15296582E-6	
64,24510000E+0	12,15083944E-6	
64,22620000E+0	12,14901504E-6	
64,20500000E+0	12,14739127E-6	
64,18320000E+0	12,14593603E-6	
64,16100000E+0	12,14458479E-6	
64,14220000E+0	12,14318461E-6	
64,12340000E+0	12,14158894E-6	
64,10250000E+0	12,13964499E-6	
64,08140000E+0	12,13714409E-6	
64,06190000E+0	12,13402187E-6	
64,04360000E+0	12,13051836E-6	
64,02010000E+0	12,12696555E-6	
63,99890000E+0	12,12358358E-6	
63,98250000E+0	12,12042423E-6	
63,96230000E+0	12,11741505E-6	
63,94150000E+0	12,11453634E-6	
63,92130000E+0	12,11183792E-6	
63,89810000E+0	12,10937875E-6	
63,88140000E+0	12,10720242E-6	
63,85960000E+0	12,10515341E-6	
63,84060000E+0	12,10289863E-6	
63,82110000E+0	12,10022221E-6	
63,79660000E+0	12,09723011E-6	
63,77800000E+0	12,09423284E-6	
63,75680000E+0	12,09153037E-6	
63,73690000E+0	12,08922027E-6	
63,71800000E+0	12,08705716E-6	
63,69490000E+0	12,08463367E-6	
63,67770000E+0	12,08185624E-6	
63,65510000E+0	12,07875677E-6	
63,63380000E+0	12,07548054E-6	
63,61410000E+0	12,07213627E-6	
63,59100000E+0	12,06875300E-6	
63,57110000E+0	12,06528788E-6	
63,55300000E+0	12,06174190E-6	
63,53050000E+0	12,05827201E-6	
63,51170000E+0	12,05509001E-6	
63,49330000E+0	12,05226915E-6	
63,46880000E+0	12,04983759E-6	
63,44680000E+0	12,04780749E-6	
63,42970000E+0	12,04607357E-6	
63,40820000E+0	12,04440977E-6	
63,38530000E+0	12,04256105E-6	
63,36370000E+0	12,04034387E-6	
63,34420000E+0	12,03770091E-6	
63,32520000E+0	12,03477396E-6	
63,30430000E+0	12,03190354E-6	
63,28570000E+0	12,02937150E-6	
63,26330000E+0	12,02719890E-6	
63,24330000E+0	12,02516003E-6	
63,22370000E+0	12,02294982E-6	
63,19830000E+0	12,02043142E-6	
63,18220000E+0	12,01771409E-6	
63,15960000E+0	12,01504158E-6	
63,13410000E+0	12,01254669E-6	
63,12090000E+0	12,01009822E-6	
63,09560000E+0	12,00743332E-6	
63,07620000E+0	12,00441268E-6	
63,05420000E+0	12,00123574E-6	
63,03300000E+0	11,99817067E-6	
63,01250000E+0	11,99518460E-6	
62,98770000E+0	11,99212066E-6	
62,96970000E+0	11,98895189E-6	
62,94700000E+0	11,98582725E-6	
62,92660000E+0	11,98297494E-6	
62,90810000E+0	11,98042066E-6	
62,88640000E+0	11,97791017E-6	
62,86600000E+0	11,97530884E-6	
62,84100000E+0	11,97278819E-6	
62,82140000E+0	11,97046568E-6	
62,80140000E+0	11,96827118E-6	
62,77850000E+0	11,96613549E-6	
62,75990000E+0	11,96404708E-6	
62,74060000E+0	11,96195106E-6	
62,71670000E+0	11,95970901E-6	
62,69790000E+0	11,95718932E-6	
62,67420000E+0	11,95442265E-6	
62,65290000E+0	11,95157299E-6	
62,62940000E+0	11,94879421E-6	
62,60710000E+0	11,94617643E-6	
62,58750000E+0	11,94373883E-6	
62,56620000E+0	11,94146551E-6	
62,54370000E+0	11,93932469E-6	
62,52350000E+0	11,93719317E-6	
62,50260000E+0	11,93497692E-6	
62,48020000E+0	11,93270440E-6	
62,46160000E+0	11,93030958E-6	
62,43930000E+0	11,92759387E-6	
62,41620000E+0	11,92443333E-6	
62,39480000E+0	11,92086630E-6	
62,37430000E+0	11,91714599E-6	
62,35370000E+0	11,91362143E-6	
62,33070000E+0	11,91050019E-6	
62,30990000E+0	11,90781283E-6	
62,29020000E+0	11,90549702E-6	
62,26410000E+0	11,90339047E-6	
62,24340000E+0	11,90128853E-6	
62,22610000E+0	11,89914594E-6	
62,20340000E+0	11,89709532E-6	
62,18020000E+0	11,89522607E-6	
62,15890000E+0	11,89342819E-6	
62,13500000E+0	11,89142714E-6	
62,11690000E+0	11,88891208E-6	
62,09300000E+0	11,88583913E-6	
62,07090000E+0	11,88249103E-6	
62,04910000E+0	11,87924913E-6	
62,02680000E+0	11,87636063E-6	
62,00500000E+0	11,87371459E-6	
61,98330000E+0	11,87097915E-6	
61,96440000E+0	11,86796266E-6	
61,94140000E+0	11,86468177E-6	
61,91770000E+0	11,86127540E-6	
61,89910000E+0	11,85801503E-6	
61,87540000E+0	11,85511752E-6	
61,85280000E+0	11,85256778E-6	
61,83190000E+0	11,85029771E-6	
61,81260000E+0	11,84823801E-6	
61,78820000E+0	11,84617104E-6	
61,76200000E+0	11,84383851E-6	
61,74350000E+0	11,84108965E-6	
61,72050000E+0	11,83796331E-6	
61,69920000E+0	11,83468750E-6	
61,67620000E+0	11,83147763E-6	
61,65290000E+0	11,82841744E-6	
61,63120000E+0	11,82549001E-6	
61,61010000E+0	11,82258122E-6	
61,58870000E+0	11,81959431E-6	
61,57090000E+0	11,81662361E-6	
61,54680000E+0	11,81388542E-6	
61,52350000E+0	11,81144235E-6	
61,50370000E+0	11,80912608E-6	
61,47930000E+0	11,80676743E-6	
61,45890000E+0	11,80432828E-6	
61,43560000E+0	11,80184855E-6	
61,41700000E+0	11,79933766E-6	
61,39170000E+0	11,79673486E-6	
61,36760000E+0	11,79400340E-6	
61,34820000E+0	11,79121047E-6	
61,32510000E+0	11,78841509E-6	
61,30240000E+0	11,78555494E-6	
61,27670000E+0	11,78255460E-6	
61,25800000E+0	11,77934560E-6	
61,23260000E+0	11,77595409E-6	
61,21200000E+0	11,77261575E-6	
61,19090000E+0	11,76962072E-6	
61,16620000E+0	11,76703481E-6	
61,14540000E+0	11,76464939E-6	
61,12380000E+0	11,76228962E-6	
61,10100000E+0	11,75987159E-6	
61,07520000E+0	11,75731347E-6	
61,05550000E+0	11,75464552E-6	
61,03270000E+0	11,75209277E-6	
61,00860000E+0	11,74983176E-6	
60,98700000E+0	11,74775330E-6	
60,96590000E+0	11,74556084E-6	
60,94240000E+0	11,74312334E-6	
60,92060000E+0	11,74061199E-6	
60,89570000E+0	11,73823207E-6	
60,87440000E+0	11,73601707E-6	
60,84890000E+0	11,73381504E-6	
60,83000000E+0	11,73144901E-6	
60,80430000E+0	11,72883164E-6	
60,78130000E+0	11,72591232E-6	
60,76060000E+0	11,72269154E-6	
60,73600000E+0	11,71920016E-6	
60,71380000E+0	11,71554975E-6	
60,69330000E+0	11,71201487E-6	
60,67100000E+0	11,70884754E-6	
60,64650000E+0	11,70607568E-6	
60,62370000E+0	11,70353214E-6	
60,60300000E+0	11,70105369E-6	
60,57690000E+0	11,69853419E-6	
60,55520000E+0	11,69588604E-6	
60,52980000E+0	11,69307158E-6	
60,50890000E+0	11,69006752E-6	
60,48660000E+0	11,68678594E-6	
60,46380000E+0	11,68324068E-6	
60,43830000E+0	11,67968842E-6	
60,41240000E+0	11,67649153E-6	
60,39370000E+0	11,67410860E-6	
60,37150000E+0	11,67248815E-6	
60,34830000E+0	11,67122966E-6	
60,32350000E+0	11,66978834E-6	
60,29930000E+0	11,66777980E-6	
60,27730000E+0	11,66483357E-6	
60,25470000E+0	11,66036566E-6	
60,23140000E+0	11,65408428E-6	
60,20910000E+0	11,64639068E-6	
60,18600000E+0	11,63801021E-6	
60,16100000E+0	11,62965569E-6	
60,13760000E+0	11,62198720E-6	
60,11230000E+0	11,61544110E-6	
60,09050000E+0	11,61001656E-6	
60,06810000E+0	11,60536479E-6	
60,04310000E+0	11,60108296E-6	
60,02060000E+0	11,59692769E-6	
59,99360000E+0	11,59290565E-6	
59,97470000E+0	11,58918788E-6	
59,94780000E+0	11,58594002E-6	
59,92640000E+0	11,58319854E-6	
59,90370000E+0	11,58083328E-6	
59,88280000E+0	11,57862561E-6	
59,86260000E+0	11,57638475E-6	
59,84380000E+0	11,57405399E-6	
59,82170000E+0	11,57162434E-6	
59,79990000E+0	11,56903551E-6	
59,78010000E+0	11,56613287E-6	
59,75730000E+0	11,56280226E-6	
59,73830000E+0	11,55916424E-6	
59,71780000E+0	11,55559078E-6	
59,69520000E+0	11,55237315E-6	
59,67400000E+0	11,54966395E-6	
59,65080000E+0	11,54727447E-6	
59,63090000E+0	11,54504487E-6	
59,61050000E+0	11,54282445E-6	
59,58720000E+0	11,54041451E-6	
59,56910000E+0	11,53782612E-6	
59,54790000E+0	11,53511476E-6	
59,52480000E+0	11,53237224E-6	
59,50400000E+0	11,52945733E-6	
59,48180000E+0	11,52641401E-6	
59,46110000E+0	11,52346092E-6	
59,43760000E+0	11,52103943E-6	
59,41630000E+0	11,51936892E-6	
59,39600000E+0	11,51818513E-6	
59,37390000E+0	11,51695350E-6	
59,34980000E+0	11,51532354E-6	
59,33240000E+0	11,51333616E-6	
59,30820000E+0	11,51126299E-6	
59,28790000E+0	11,50931820E-6	
59,26670000E+0	11,50750756E-6	
59,24720000E+0	11,50565756E-6	
59,22470000E+0	11,50359742E-6	
59,20080000E+0	11,50129956E-6	
59,17990000E+0	11,49892994E-6	
59,15880000E+0	11,49673944E-6	
59,13630000E+0	11,49480140E-6	
59,11400000E+0	11,49298851E-6	
59,09470000E+0	11,49108838E-6	
59,07080000E+0	11,48900067E-6	
59,04780000E+0	11,48675584E-6	
59,02610000E+0	11,48435539E-6	
59,00520000E+0	11,48181898E-6	
58,98610000E+0	11,47931333E-6	
58,96050000E+0	11,47707848E-6	
58,93990000E+0	11,47517226E-6	
58,91710000E+0	11,47335071E-6	
58,89650000E+0	11,47127545E-6	
58,87320000E+0	11,46880154E-6	
58,85290000E+0	11,46603893E-6	
58,82890000E+0	11,46314802E-6	
58,80840000E+0	11,46014232E-6	
58,78740000E+0	11,45699646E-6	
58,76510000E+0	11,45381043E-6	
58,74150000E+0	11,45075287E-6	
58,71790000E+0	11,44792949E-6	
58,69940000E+0	11,44537610E-6	
58,67790000E+0	11,44312385E-6	
58,65530000E+0	11,44114174E-6	
58,63300000E+0	11,43925586E-6	
58,61000000E+0	11,43728294E-6	
58,58870000E+0	11,43521334E-6	
58,56280000E+0	11,43321932E-6	
58,54150000E+0	11,43145868E-6	
58,52160000E+0	11,42994629E-6	
58,49660000E+0	11,42856760E-6	
58,47560000E+0	11,42708169E-6	
58,45440000E+0	11,42526979E-6	
58,43280000E+0	11,42311859E-6	
58,40860000E+0	11,42076157E-6	
58,38500000E+0	11,41826526E-6	
58,36400000E+0	11,41558650E-6	
58,34310000E+0	11,41270391E-6	
58,32130000E+0	11,40970822E-6	
58,29980000E+0	11,40675374E-6	
58,27400000E+0	11,40390705E-6	
58,25390000E+0	11,40114447E-6	
58,23210000E+0	11,39847221E-6	
58,20930000E+0	11,39590705E-6	
58,18250000E+0	11,39344795E-6	
58,16080000E+0	11,39115898E-6	
58,13860000E+0	11,38905350E-6	
58,11550000E+0	11,38688405E-6	
58,09750000E+0	11,38433165E-6	
58,06990000E+0	11,38140756E-6	
58,04750000E+0	11,37841120E-6	
58,02530000E+0	11,37564786E-6	
58,00570000E+0	11,37325409E-6	
57,98220000E+0	11,37120344E-6	
57,95900000E+0	11,36939054E-6	
57,93570000E+0	11,36759778E-6	
57,90990000E+0	11,36563637E-6	
57,88930000E+0	11,36343863E-6	
57,86470000E+0	11,36102591E-6	
57,84330000E+0	11,35847860E-6	
57,81970000E+0	11,35582317E-6	
57,79940000E+0	11,35304093E-6	
57,77740000E+0	11,35015326E-6	
57,75590000E+0	11,34725042E-6	
57,72950000E+0	11,34443657E-6	
57,70680000E+0	11,34173834E-6	
57,68300000E+0	11,33914184E-6	
57,66310000E+0	11,33670496E-6	
57,63530000E+0	11,33449209E-6	
57,61390000E+0	11,33238883E-6	
57,59140000E+0	11,33019261E-6	
57,56940000E+0	11,32792293E-6	
57,54540000E+0	11,32578833E-6	
57,51930000E+0	11,32385424E-6	
57,50080000E+0	11,32197215E-6	
57,47680000E+0	11,31996477E-6	
57,45100000E+0	11,31777671E-6	
57,42850000E+0	11,31550250E-6	
57,40600000E+0	11,31324312E-6	
57,38400000E+0	11,31098892E-6	
57,35840000E+0	11,30864855E-6	
57,33770000E+0	11,30615846E-6	
57,31370000E+0	11,30360029E-6	
57,28840000E+0	11,30111147E-6	
57,26620000E+0	11,29870424E-6	
57,24320000E+0	11,29629321E-6	
57,21680000E+0	11,29382922E-6	
57,19590000E+0	11,29129309E-6	
57,17140000E+0	11,28864469E-6	
57,14940000E+0	11,28587210E-6	
57,12470000E+0	11,28306495E-6	
57,10080000E+0	11,28036360E-6	
57,07720000E+0	11,27782083E-6	
57,05440000E+0	11,27538678E-6	
57,03050000E+0	11,27303602E-6	
57,00590000E+0	11,27073744E-6	
56,98200000E+0	11,26835677E-6	
56,96130000E+0	11,26581861E-6	
56,93650000E+0	11,26322801E-6	
56,91080000E+0	11,26075190E-6	
56,88960000E+0	11,25847218E-6	
56,86320000E+0	11,25626951E-6	
56,84060000E+0	11,25396611E-6	
56,81650000E+0	11,25150771E-6	
56,79140000E+0	11,24894403E-6	
56,76810000E+0	11,24637106E-6	
56,74260000E+0	11,24384754E-6	
56,71750000E+0	11,24142366E-6	
56,69130000E+0	11,23921892E-6	
56,67230000E+0	11,23732795E-6	
56,64710000E+0	11,23567844E-6	
56,62420000E+0	11,23404200E-6	
56,59700000E+0	11,23206764E-6	
56,57350000E+0	11,22946950E-6	
56,55140000E+0	11,22624966E-6	
56,52690000E+0	11,22273565E-6	
56,50150000E+0	11,21939622E-6	
56,47920000E+0	11,21653944E-6	
56,45330000E+0	11,21414441E-6	
56,42950000E+0	11,21206350E-6	
56,40460000E+0	11,21025576E-6	
56,38300000E+0	11,20872844E-6	
56,35860000E+0	11,20737846E-6	
56,33300000E+0	11,20592468E-6	
56,30750000E+0	11,20401342E-6	
56,28200000E+0	11,20144155E-6	
56,25750000E+0	11,19836030E-6	
56,23440000E+0	11,19517627E-6	
56,20840000E+0	11,19214352E-6	
56,18760000E+0	11,18928155E-6	
56,15980000E+0	11,18662312E-6	
56,13650000E+0	11,18423853E-6	
56,11250000E+0	11,18208606E-6	
56,08770000E+0	11,18003318E-6	
56,06440000E+0	11,17797316E-6	
56,03800000E+0	11,17585242E-6	
56,01360000E+0	11,17368569E-6	
55,98910000E+0	11,17162602E-6	
55,96490000E+0	11,16984569E-6	
55,93930000E+0	11,16825736E-6	
55,91490000E+0	11,16654126E-6	
55,89050000E+0	11,16444212E-6	
55,86560000E+0	11,16195957E-6	
55,84200000E+0	11,15933513E-6	
55,81720000E+0	11,15686288E-6	
55,79200000E+0	11,15466420E-6	
55,76610000E+0	11,15269470E-6	
55,74010000E+0	11,15088532E-6	
55,71780000E+0	11,14918477E-6	
55,69330000E+0	11,14747358E-6	
55,66840000E+0	11,14552673E-6	
55,64040000E+0	11,14315693E-6	
55,61650000E+0	11,14036670E-6	
55,59210000E+0	11,13735478E-6	
55,56690000E+0	11,13438267E-6	
55,54250000E+0	11,13157706E-6	
55,51750000E+0	11,12888460E-6	
55,49150000E+0	11,12622580E-6	
55,46330000E+0	11,12357318E-6	
55,44020000E+0	11,12099326E-6	
55,41570000E+0	11,11856158E-6	
55,38980000E+0	11,11625726E-6	
55,36690000E+0	11,11399262E-6	
55,34050000E+0	11,11160610E-6	
55,31320000E+0	11,10903904E-6	
55,28760000E+0	11,10649921E-6	
55,26260000E+0	11,10426868E-6	
55,23700000E+0	11,10244250E-6	
55,21160000E+0	11,10093447E-6	
55,18470000E+0	11,09961000E-6	
55,16100000E+0	11,09832136E-6	
55,13470000E+0	11,09698757E-6	
55,10770000E+0	11,09552664E-6	
55,08510000E+0	11,09377548E-6	
55,05640000E+0	11,09158601E-6	
55,03410000E+0	11,08894117E-6	
55,00590000E+0	11,08602742E-6	
54,98290000E+0	11,08313087E-6	
54,95640000E+0	11,08041443E-6	
54,92900000E+0	11,07781396E-6	
54,90650000E+0	11,07511697E-6	
54,88520000E+0	11,07225367E-6	
54,86210000E+0	11,06949037E-6	
54,83830000E+0	11,06707806E-6	
54,81410000E+0	11,06492303E-6	
54,79090000E+0	11,06279602E-6	
54,76850000E+0	11,06063215E-6	
54,74410000E+0	11,05848643E-6	
54,72150000E+0	11,05635130E-6	
54,69680000E+0	11,05410695E-6	
54,67450000E+0	11,05162310E-6	
54,65060000E+0	11,04893471E-6	
54,62740000E+0	11,04627291E-6	
54,60410000E+0	11,04382055E-6	
54,58130000E+0	11,04153035E-6	
54,56080000E+0	11,03925591E-6	
54,53710000E+0	11,03694137E-6	
54,51370000E+0	11,03462885E-6	
54,49070000E+0	11,03226436E-6	
54,46640000E+0	11,02972383E-6	
54,44400000E+0	11,02703809E-6	
54,41840000E+0	11,02433311E-6	
54,39460000E+0	11,02162399E-6	
54,37190000E+0	11,01892101E-6	
54,34710000E+0	11,01636656E-6	
54,32620000E+0	11,01411962E-6	
54,29890000E+0	11,01218933E-6	
54,27710000E+0	11,01048133E-6	
54,25600000E+0	11,00888286E-6	
54,23200000E+0	11,00727479E-6	
54,20780000E+0	11,00558963E-6	
54,18380000E+0	11,00385113E-6	
54,15980000E+0	11,00210201E-6	
54,13490000E+0	11,00033466E-6	
54,10960000E+0	10,99846398E-6	
54,08820000E+0	10,99634969E-6	
54,06570000E+0	10,99392376E-6	
54,04080000E+0	10,99117155E-6	
54,01720000E+0	10,98804487E-6	
53,99330000E+0	10,98461389E-6	
53,97080000E+0	10,98118572E-6	
53,94570000E+0	10,97818412E-6	
53,92210000E+0	10,97582097E-6	
53,89780000E+0	10,97392046E-6	
53,87290000E+0	10,97213125E-6	
53,84860000E+0	10,97024307E-6	
53,82590000E+0	10,96827902E-6	
53,80130000E+0	10,96632918E-6	
53,77780000E+0	10,96446651E-6	
53,75480000E+0	10,96271738E-6	
53,72880000E+0	10,96106102E-6	
53,70680000E+0	10,95948966E-6	
53,68260000E+0	10,95801918E-6	
53,65900000E+0	10,95666074E-6	
53,63620000E+0	10,95539202E-6	
53,61260000E+0	10,95412457E-6	
53,58590000E+0	10,95280560E-6	
53,56230000E+0	10,95142708E-6	
53,53980000E+0	10,94988368E-6	
53,51260000E+0	10,94813189E-6	
53,49000000E+0	10,94614634E-6	
53,46450000E+0	10,94373558E-6	
53,44230000E+0	10,94075398E-6	
53,41490000E+0	10,93740661E-6	
53,39170000E+0	10,93415722E-6	
53,36660000E+0	10,93131963E-6	
53,34150000E+0	10,92884819E-6	
53,31970000E+0	10,92655299E-6	
53,29050000E+0	10,92435989E-6	
53,26840000E+0	10,92234189E-6	
53,24410000E+0	10,92061183E-6	
53,22220000E+0	10,91909284E-6	
53,19630000E+0	10,91729733E-6	
53,16990000E+0	10,91472537E-6	
53,14760000E+0	10,91140498E-6	
53,12270000E+0	10,90782303E-6	
53,09810000E+0	10,90455301E-6	
53,07540000E+0	10,90189287E-6	
53,04780000E+0	10,89981119E-6	
53,02260000E+0	10,89818498E-6	
53,00110000E+0	10,89690411E-6	
52,97340000E+0	10,89579168E-6	
52,95160000E+0	10,89460221E-6	
52,92210000E+0	10,89317886E-6	
52,89810000E+0	10,89156689E-6	
52,87180000E+0	10,88991931E-6	
52,84900000E+0	10,88827426E-6	
52,82000000E+0	10,88654824E-6	
52,79730000E+0	10,88468724E-6	
52,77290000E+0	10,88263110E-6	
52,74920000E+0	10,88035659E-6	
52,72360000E+0	10,87798197E-6	
52,69900000E+0	10,87564112E-6	
52,67200000E+0	10,87339549E-6	
52,64870000E+0	10,87131864E-6	
52,62290000E+0	10,86944669E-6	
52,59780000E+0	10,86773707E-6	
52,57420000E+0	10,86613309E-6	
52,54780000E+0	10,86458705E-6	
52,52320000E+0	10,86300135E-6	
52,49910000E+0	10,86125103E-6	
52,47020000E+0	10,85924403E-6	
52,44760000E+0	10,85690911E-6	
52,41750000E+0	10,85429797E-6	
52,39490000E+0	10,85163390E-6	
52,36760000E+0	10,84912888E-6	
52,34250000E+0	10,84683719E-6	
52,32040000E+0	10,84468674E-6	
52,29350000E+0	10,84262536E-6	
52,26670000E+0	10,84073082E-6	
52,24070000E+0	10,83910062E-6	
52,21410000E+0	10,83765329E-6	
52,19170000E+0	10,83617784E-6	
52,16500000E+0	10,83453808E-6	
52,13800000E+0	10,83269933E-6	
52,11370000E+0	10,83057999E-6	
52,08720000E+0	10,82809483E-6	
52,06210000E+0	10,82534303E-6	
52,03700000E+0	10,82264505E-6	
52,01220000E+0	10,82028304E-6	
51,98760000E+0	10,81830580E-6	
51,95970000E+0	10,81663967E-6	
51,93550000E+0	10,81514537E-6	
51,90560000E+0	10,81362015E-6	
51,88070000E+0	10,81190325E-6	
51,85620000E+0	10,80996067E-6	
51,82840000E+0	10,80789630E-6	
51,80310000E+0	10,80580661E-6	
51,77680000E+0	10,80372997E-6	
51,75130000E+0	10,80166141E-6	
51,72480000E+0	10,79953844E-6	
51,70050000E+0	10,79731274E-6	
51,67480000E+0	10,79495298E-6	
51,64880000E+0	10,79248457E-6	
51,62080000E+0	10,79005283E-6	
51,59590000E+0	10,78788828E-6	
51,57220000E+0	10,78607377E-6	
51,54320000E+0	10,78448946E-6	
51,51960000E+0	10,78304476E-6	
51,49180000E+0	10,78168928E-6	
51,46690000E+0	10,78024967E-6	
51,43680000E+0	10,77848797E-6	
51,41170000E+0	10,77626756E-6	
51,38450000E+0	10,77358992E-6	
51,35970000E+0	10,77064963E-6	
51,33040000E+0	10,76783091E-6	
51,30470000E+0	10,76550842E-6	
51,28000000E+0	10,76372910E-6	
51,25260000E+0	10,76223275E-6	
51,22870000E+0	10,76083123E-6	
51,19930000E+0	10,75952649E-6	
51,17390000E+0	10,75830603E-6	
51,14530000E+0	10,75707368E-6	
51,12060000E+0	10,75576852E-6	
51,09230000E+0	10,75437134E-6	
51,06650000E+0	10,75278731E-6	
51,04090000E+0	10,75098575E-6	
51,01370000E+0	10,74910387E-6	
50,98510000E+0	10,74726388E-6	
50,96030000E+0	10,74544386E-6	
50,93320000E+0	10,74359019E-6	
50,90550000E+0	10,74165380E-6	
50,87750000E+0	10,73955191E-6	
50,85050000E+0	10,73725657E-6	
50,82270000E+0	10,73488588E-6	
50,79840000E+0	10,73267657E-6	
50,76960000E+0	10,73080035E-6	
50,74590000E+0	10,72928755E-6	
50,71650000E+0	10,72807546E-6	
50,68800000E+0	10,72698746E-6	
50,66080000E+0	10,72582916E-6	
50,63310000E+0	10,72457319E-6	
50,60840000E+0	10,72331434E-6	
50,58150000E+0	10,72209286E-6	
50,55180000E+0	10,72076996E-6	
50,52580000E+0	10,71911129E-6	
50,49870000E+0	10,71696343E-6	
50,47060000E+0	10,71436657E-6	
50,44420000E+0	10,71148323E-6	
50,41500000E+0	10,70845873E-6	
50,38830000E+0	10,70555119E-6	
50,36230000E+0	10,70314724E-6	
50,33640000E+0	10,70135488E-6	
50,30530000E+0	10,69985110E-6	
50,27760000E+0	10,69823778E-6	
50,24880000E+0	10,69632103E-6	
50,22290000E+0	10,69414283E-6	
50,19620000E+0	10,69186606E-6	
50,16610000E+0	10,68967660E-6	
50,14210000E+0	10,68766392E-6	
50,11240000E+0	10,68579360E-6	
50,08530000E+0	10,68408559E-6	
50,05570000E+0	10,68259814E-6	
50,03000000E+0	10,68139906E-6	
50,00170000E+0	10,68055709E-6	
49,97060000E+0	10,67997368E-6	
49,94560000E+0	10,67942086E-6	
49,91860000E+0	10,67869736E-6	
49,89430000E+0	10,67772730E-6	
49,86780000E+0	10,67661217E-6	
49,84130000E+0	10,67542152E-6	
49,81780000E+0	10,67397363E-6	
49,78990000E+0	10,67199680E-6	
49,76130000E+0	10,66948593E-6	
49,73740000E+0	10,66673008E-6	
49,71140000E+0	10,66400719E-6	
49,68430000E+0	10,66141491E-6	
49,65840000E+0	10,65887983E-6	
49,63470000E+0	10,65633905E-6	
49,60880000E+0	10,65387329E-6	
49,58190000E+0	10,65163438E-6	
49,55590000E+0	10,64967441E-6	
49,53170000E+0	10,64800307E-6	
49,50400000E+0	10,64665145E-6	
49,47960000E+0	10,64561468E-6	
49,45370000E+0	10,64482258E-6	
49,42660000E+0	10,64415117E-6	
49,40110000E+0	10,64347318E-6	
49,37780000E+0	10,64262837E-6	
49,34920000E+0	10,64146418E-6	
49,32250000E+0	10,63995605E-6	
49,30040000E+0	10,63814374E-6	
49,26830000E+0	10,63597673E-6	
49,24770000E+0	10,63339866E-6	
49,21860000E+0	10,63060018E-6	
49,19270000E+0	10,62797200E-6	
49,16580000E+0	10,62576150E-6	
49,13860000E+0	10,62404421E-6	
49,11260000E+0	10,62280274E-6	
49,08600000E+0	10,62190432E-6	
49,06020000E+0	10,62115842E-6	
49,03230000E+0	10,62036002E-6	
49,00820000E+0	10,61931277E-6	
48,98160000E+0	10,61785383E-6	
48,95390000E+0	10,61592188E-6	
48,92810000E+0	10,61363696E-6	
48,90050000E+0	10,61114421E-6	
48,87260000E+0	10,60851015E-6	
48,84730000E+0	10,60573290E-6	
48,82430000E+0	10,60292655E-6	
48,79400000E+0	10,60044000E-6	
48,76850000E+0	10,59857447E-6	
48,73760000E+0	10,59731262E-6	
48,71210000E+0	10,59637892E-6	
48,68500000E+0	10,59542183E-6	
48,65880000E+0	10,59426487E-6	
48,63130000E+0	10,59297904E-6	
48,60550000E+0	10,59171525E-6	
48,57700000E+0	10,59046180E-6	
48,55250000E+0	10,58912536E-6	
48,52260000E+0	10,58756707E-6	
48,49540000E+0	10,58570920E-6	
48,47100000E+0	10,58354049E-6	
48,44090000E+0	10,58112914E-6	
48,41460000E+0	10,57855964E-6	
48,38600000E+0	10,57598311E-6	
48,36110000E+0	10,57366575E-6	
48,33200000E+0	10,57177015E-6	
48,30340000E+0	10,57017621E-6	
48,27710000E+0	10,56861737E-6	
48,25030000E+0	10,56689595E-6	
48,22160000E+0	10,56496325E-6	
48,19530000E+0	10,56281388E-6	
48,16740000E+0	10,56051715E-6	
48,14040000E+0	10,55827848E-6	
48,11180000E+0	10,55634637E-6	
48,08460000E+0	10,55488951E-6	
48,05860000E+0	10,55386090E-6	
48,03050000E+0	10,55298675E-6	
48,00230000E+0	10,55196223E-6	
47,97600000E+0	10,55077751E-6	
47,94770000E+0	10,54964951E-6	
47,91920000E+0	10,54863292E-6	
47,89450000E+0	10,54757263E-6	
47,86750000E+0	10,54622967E-6	
47,83990000E+0	10,54436706E-6	
47,81530000E+0	10,54207446E-6	
47,78930000E+0	10,53990039E-6	
47,76020000E+0	10,53831602E-6	
47,73660000E+0	10,53730971E-6	
47,71100000E+0	10,53654639E-6	
47,68260000E+0	10,53565548E-6	
47,65410000E+0	10,53442355E-6	
47,62970000E+0	10,53281636E-6	
47,60480000E+0	10,53079164E-6	
47,57820000E+0	10,52826464E-6	
47,55340000E+0	10,52534559E-6	
47,52610000E+0	10,52234277E-6	
47,49970000E+0	10,51957122E-6	
47,47260000E+0	10,51724852E-6	
47,44680000E+0	10,51548647E-6	
47,42150000E+0	10,51429792E-6	
47,39290000E+0	10,51345816E-6	
47,36750000E+0	10,51259562E-6	
47,33990000E+0	10,51153328E-6	
47,31430000E+0	10,51035560E-6	
47,28750000E+0	10,50923942E-6	
47,25800000E+0	10,50836563E-6	
47,23270000E+0	10,50788477E-6	
47,20590000E+0	10,50779037E-6	
47,17680000E+0	10,50783337E-6	
47,15110000E+0	10,50760117E-6	
47,12410000E+0	10,50674199E-6	
47,09510000E+0	10,50515637E-6	
47,07070000E+0	10,50309089E-6	
47,04370000E+0	10,50094358E-6	
47,02060000E+0	10,49883678E-6	
46,99210000E+0	10,49661574E-6	
46,96400000E+0	10,49416949E-6	
46,93730000E+0	10,49156866E-6	
46,91180000E+0	10,48895047E-6	
46,88020000E+0	10,48642273E-6	
46,85630000E+0	10,48407618E-6	
46,82780000E+0	10,48201232E-6	
46,80130000E+0	10,48030965E-6	
46,77530000E+0	10,47890972E-6	
46,74870000E+0	10,47761891E-6	
46,71810000E+0	10,47628013E-6	
46,68780000E+0	10,47501985E-6	
46,66010000E+0	10,47420118E-6	
46,63550000E+0	10,47399543E-6	
46,60700000E+0	10,47409471E-6	
46,57950000E+0	10,47394474E-6	
46,55160000E+0	10,47315199E-6	
46,52300000E+0	10,47165322E-6	
46,49730000E+0	10,46955925E-6	
46,46890000E+0	10,46702054E-6	
46,44140000E+0	10,46432019E-6	
46,41450000E+0	10,46185704E-6	
46,38680000E+0	10,45987854E-6	
46,35670000E+0	10,45835720E-6	
46,33060000E+0	10,45711948E-6	
46,30110000E+0	10,45597397E-6	
46,27350000E+0	10,45478402E-6	
46,24760000E+0	10,45343015E-6	
46,21970000E+0	10,45190615E-6	
46,18970000E+0	10,45038295E-6	
46,16110000E+0	10,44902995E-6	
46,13250000E+0	10,44791477E-6	
46,10340000E+0	10,44702026E-6	
46,07480000E+0	10,44624519E-6	
46,04700000E+0	10,44547028E-6	
46,01920000E+0	10,44462859E-6	
45,99090000E+0	10,44363132E-6	
45,95920000E+0	10,44236227E-6	
45,93350000E+0	10,44078860E-6	
45,90420000E+0	10,43904741E-6	
45,87610000E+0	10,43735232E-6	
45,84890000E+0	10,43586884E-6	
45,81980000E+0	10,43456545E-6	
45,79090000E+0	10,43320689E-6	
45,76360000E+0	10,43162300E-6	
45,73430000E+0	10,42988472E-6	
45,70400000E+0	10,42814564E-6	
45,67680000E+0	10,42644938E-6	
45,64870000E+0	10,42473902E-6	
45,62040000E+0	10,42293312E-6	
45,58710000E+0	10,42103963E-6	
45,55810000E+0	10,41922843E-6	
45,53110000E+0	10,41771126E-6	
45,50060000E+0	10,41662410E-6	
45,47160000E+0	10,41596557E-6	
45,44350000E+0	10,41562823E-6	
45,41320000E+0	10,41551358E-6	
45,38480000E+0	10,41555212E-6	
45,35570000E+0	10,41560155E-6	
45,32540000E+0	10,41539545E-6	
45,29600000E+0	10,41464259E-6	
45,26630000E+0	10,41327270E-6	
45,23860000E+0	10,41147623E-6	
45,20630000E+0	10,40930176E-6	
45,17640000E+0	10,40675508E-6	
45,14590000E+0	10,40383976E-6	
45,11840000E+0	10,40077252E-6	
45,08660000E+0	10,39788164E-6	
45,05550000E+0	10,39548731E-6	
45,02640000E+0	10,39368130E-6	
44,99880000E+0	10,39223338E-6	
44,96720000E+0	10,39081256E-6	
44,93660000E+0	10,38933134E-6	
44,90750000E+0	10,38784798E-6	
44,88230000E+0	10,38631021E-6	
44,85250000E+0	10,38466349E-6	
44,82480000E+0	10,38299704E-6	
44,79680000E+0	10,38151644E-6	
44,77120000E+0	10,38035976E-6	
44,74100000E+0	10,37943972E-6	
44,71270000E+0	10,37850857E-6	
44,68560000E+0	10,37736683E-6	
44,65840000E+0	10,37604113E-6	
44,62670000E+0	10,37488036E-6	
44,60380000E+0	10,37428929E-6	
44,57410000E+0	10,37427515E-6	
44,54480000E+0	10,37435895E-6	
44,51670000E+0	10,37405488E-6	
44,48990000E+0	10,37321352E-6	
44,45990000E+0	10,37189389E-6	
44,43170000E+0	10,37018358E-6	
44,40380000E+0	10,36816444E-6	
44,37450000E+0	10,36598339E-6	
44,34750000E+0	10,36388521E-6	
44,31790000E+0	10,36208791E-6	
44,28940000E+0	10,36059894E-6	
44,25980000E+0	10,35927601E-6	
44,23130000E+0	10,35795586E-6	
44,20290000E+0	10,35658498E-6	
44,17660000E+0	10,35520158E-6	
44,14640000E+0	10,35386023E-6	
44,11890000E+0	10,35262009E-6	
44,08850000E+0	10,35157015E-6	
44,06040000E+0	10,35082783E-6	
44,03020000E+0	10,35052290E-6	
43,99900000E+0	10,35065025E-6	
43,97030000E+0	10,35104597E-6	
43,93960000E+0	10,35156318E-6	
43,91110000E+0	10,35200585E-6	
43,88250000E+0	10,35204495E-6	
43,85390000E+0	10,35155646E-6	
43,82470000E+0	10,35067598E-6	
43,79450000E+0	10,34944375E-6	
43,76580000E+0	10,34769923E-6	
43,73680000E+0	10,34550495E-6	
43,70620000E+0	10,34306982E-6	
43,67750000E+0	10,34067174E-6	
43,64750000E+0	10,33838515E-6	
43,61840000E+0	10,33606747E-6	
43,58850000E+0	10,33369935E-6	
43,55570000E+0	10,33157072E-6	
43,52700000E+0	10,32996478E-6	
43,49520000E+0	10,32878217E-6	
43,46720000E+0	10,32773435E-6	
43,43720000E+0	10,32667852E-6	
43,40630000E+0	10,32565534E-6	
43,37720000E+0	10,32481350E-6	
43,34790000E+0	10,32431826E-6	
43,31690000E+0	10,32414770E-6	
43,28730000E+0	10,32398909E-6	
43,25640000E+0	10,32345491E-6	
43,22570000E+0	10,32242073E-6	
43,19730000E+0	10,32110594E-6	
43,16820000E+0	10,31989877E-6	
43,13600000E+0	10,31896852E-6	
43,10350000E+0	10,31818739E-6	
43,07240000E+0	10,31736152E-6	
43,04250000E+0	10,31642678E-6	
43,01220000E+0	10,31546729E-6	
42,98180000E+0	10,31454751E-6	
42,95230000E+0	10,31349481E-6	
42,92170000E+0	10,31199385E-6	
42,89050000E+0	10,30995823E-6	
42,85980000E+0	10,30764978E-6	
42,82830000E+0	10,30542600E-6	
42,79780000E+0	10,30353897E-6	
42,76690000E+0	10,30218461E-6	
42,73610000E+0	10,30150982E-6	
42,70580000E+0	10,30138469E-6	
42,67420000E+0	10,30129388E-6	
42,64490000E+0	10,30065463E-6	
42,61230000E+0	10,29923820E-6	
42,58110000E+0	10,29735068E-6	
42,54970000E+0	10,29556417E-6	
42,51750000E+0	10,29423007E-6	
42,48770000E+0	10,29329498E-6	
42,45760000E+0	10,29251808E-6	
42,42180000E+0	10,29165719E-6	
42,39060000E+0	10,29050374E-6	
42,35970000E+0	10,28907452E-6	
42,32570000E+0	10,28766640E-6	
42,29740000E+0	10,28657102E-6	
42,26310000E+0	10,28584052E-6	
42,23370000E+0	10,28537210E-6	
42,20210000E+0	10,28506219E-6	
42,16760000E+0	10,28482089E-6	
42,14010000E+0	10,28456940E-6	
42,10400000E+0	10,28420795E-6	
42,07330000E+0	10,28357440E-6	
42,04480000E+0	10,28249864E-6	
42,01300000E+0	10,28089544E-6	
41,98150000E+0	10,27881880E-6	
41,95030000E+0	10,27647574E-6	
41,91750000E+0	10,27414256E-6	
41,88840000E+0	10,27205121E-6	
41,85510000E+0	10,27032474E-6	
41,82650000E+0	10,26895271E-6	
41,79530000E+0	10,26779178E-6	
41,76450000E+0	10,26663991E-6	
41,73570000E+0	10,26531460E-6	
41,70860000E+0	10,26375946E-6	
41,67600000E+0	10,26216380E-6	
41,64910000E+0	10,26075804E-6	
41,61680000E+0	10,25957221E-6	
41,58690000E+0	10,25852924E-6	
41,55680000E+0	10,25766864E-6	
41,52770000E+0	10,25712562E-6	
41,49580000E+0	10,25695725E-6	
41,46690000E+0	10,25702491E-6	
41,43380000E+0	10,25706996E-6	
41,40640000E+0	10,25684728E-6	
41,37490000E+0	10,25630644E-6	
41,34470000E+0	10,25556691E-6	
41,31550000E+0	10,25471230E-6	
41,28330000E+0	10,25370880E-6	
41,25140000E+0	10,25248285E-6	
41,22060000E+0	10,25099372E-6	
41,18770000E+0	10,24923819E-6	
41,15900000E+0	10,24725074E-6	
41,12590000E+0	10,24517916E-6	
41,09410000E+0	10,24324276E-6	
41,06370000E+0	10,24156112E-6	
41,03240000E+0	10,24002545E-6	
41,00150000E+0	10,23846604E-6	
40,97200000E+0	10,23696350E-6	
40,93850000E+0	10,23579629E-6	
40,90860000E+0	10,23513067E-6	
40,87770000E+0	10,23488902E-6	
40,84570000E+0	10,23489913E-6	
40,81260000E+0	10,23499280E-6	
40,78170000E+0	10,23493584E-6	
40,75230000E+0	10,23449651E-6	
40,71960000E+0	10,23364589E-6	
40,68830000E+0	10,23263900E-6	
40,65550000E+0	10,23187043E-6	
40,62290000E+0	10,23158198E-6	
40,58700000E+0	10,23168081E-6	
40,55720000E+0	10,23180617E-6	
40,52440000E+0	10,23162350E-6	
40,49260000E+0	10,23114386E-6	
40,45850000E+0	10,23063315E-6	
40,42760000E+0	10,23034397E-6	
40,39360000E+0	10,23030942E-6	
40,36310000E+0	10,23030776E-6	
40,33050000E+0	10,23002692E-6	
40,29690000E+0	10,22918563E-6	
40,26490000E+0	10,22761613E-6	
40,23360000E+0	10,22536066E-6	
40,19940000E+0	10,22273506E-6	
40,16830000E+0	10,22022862E-6	
40,13280000E+0	10,21818006E-6	
40,10180000E+0	10,21652769E-6	
40,06820000E+0	10,21500297E-6	
40,03450000E+0	10,21347208E-6	
40,00130000E+0	10,21197406E-6	
39,96720000E+0	10,21057923E-6	
39,93420000E+0	10,20934997E-6	
39,90020000E+0	10,20832955E-6	
39,86660000E+0	10,20749238E-6	
39,83250000E+0	10,20675657E-6	
39,79870000E+0	10,20603551E-6	
39,76480000E+0	10,20532862E-6	
39,73210000E+0	10,20466926E-6	
39,69790000E+0	10,20398951E-6	
39,66370000E+0	10,20331465E-6	
39,63020000E+0	10,20273415E-6	
39,59600000E+0	10,20208609E-6	
39,55780000E+0	10,20109413E-6	
39,52710000E+0	10,19968773E-6	
39,49040000E+0	10,19803374E-6	
39,45550000E+0	10,19638443E-6	
39,42210000E+0	10,19498096E-6	
39,38980000E+0	10,19395510E-6	
39,35610000E+0	10,19324667E-6	
39,32330000E+0	10,19261603E-6	
39,28950000E+0	10,19177444E-6	
39,25250000E+0	10,19056369E-6	
39,21790000E+0	10,18902299E-6	
39,18180000E+0	10,18727935E-6	
39,14640000E+0	10,18555126E-6	
39,11070000E+0	10,18415542E-6	
39,08000000E+0	10,18327997E-6	
39,04310000E+0	10,18295183E-6	
39,00680000E+0	10,18311350E-6	
38,97350000E+0	10,18357201E-6	
38,93690000E+0	10,18407151E-6	
38,90540000E+0	10,18447342E-6	
38,87230000E+0	10,18479440E-6	
38,83830000E+0	10,18498288E-6	
38,80420000E+0	10,18489564E-6	
38,77230000E+0	10,18451808E-6	
38,74140000E+0	10,18394612E-6	
38,70670000E+0	10,18322723E-6	
38,67310000E+0	10,18238535E-6	
38,64110000E+0	10,18149590E-6	
38,60750000E+0	10,18064244E-6	
38,57730000E+0	10,17982474E-6	
38,54350000E+0	10,17903942E-6	
38,50880000E+0	10,17826441E-6	
38,47760000E+0	10,17761475E-6	
38,44500000E+0	10,17732163E-6	
38,41060000E+0	10,17743417E-6	
38,37720000E+0	10,17768490E-6	
38,34350000E+0	10,17767939E-6	
38,30770000E+0	10,17712523E-6	
38,27450000E+0	10,17594241E-6	
38,23830000E+0	10,17419025E-6	
38,20640000E+0	10,17198837E-6	
38,17190000E+0	10,16953299E-6	
38,13790000E+0	10,16708534E-6	
38,10400000E+0	10,16488443E-6	
38,07080000E+0	10,16303391E-6	
38,03470000E+0	10,16152355E-6	
38,00160000E+0	10,16030115E-6	
37,96650000E+0	10,15931016E-6	
37,93260000E+0	10,15851410E-6	
37,89760000E+0	10,15791096E-6	
37,86300000E+0	10,15747425E-6	
37,82830000E+0	10,15711193E-6	
37,79330000E+0	10,15673449E-6	
37,75990000E+0	10,15624982E-6	
37,72310000E+0	10,15561047E-6	
37,68960000E+0	10,15482260E-6	
37,65180000E+0	10,15388951E-6	
37,61620000E+0	10,15290016E-6	
37,57880000E+0	10,15204514E-6	
37,54500000E+0	10,15154250E-6	
37,50970000E+0	10,15144459E-6	
37,47490000E+0	10,15154595E-6	
37,43830000E+0	10,15154556E-6	
37,40330000E+0	10,15123923E-6	
37,36610000E+0	10,15058598E-6	
37,33190000E+0	10,14971689E-6	
37,29620000E+0	10,14882756E-6	
37,25750000E+0	10,14810138E-6	
37,22150000E+0	10,14759994E-6	
37,18560000E+0	10,14722488E-6	
37,14870000E+0	10,14694003E-6	
37,11360000E+0	10,14679286E-6	
37,07820000E+0	10,14669692E-6	
37,03830000E+0	10,14635851E-6	
36,99970000E+0	10,14550970E-6	
36,96710000E+0	10,14421493E-6	
36,92600000E+0	10,14274970E-6	
36,89040000E+0	10,14130336E-6	
36,85190000E+0	10,13989624E-6	
36,81430000E+0	10,13852127E-6	
36,77650000E+0	10,13722091E-6	
36,74060000E+0	10,13599143E-6	
36,70290000E+0	10,13479913E-6	
36,66450000E+0	10,13367875E-6	
36,62590000E+0	10,13273870E-6	
36,59010000E+0	10,13198268E-6	
36,55150000E+0	10,13117445E-6	
36,51390000E+0	10,13011880E-6	
36,47550000E+0	10,12880386E-6	
36,43740000E+0	10,12732337E-6	
36,39810000E+0	10,12581722E-6	
36,35860000E+0	10,12450016E-6	
36,32240000E+0	10,12355665E-6	
36,28310000E+0	10,12300306E-6	
36,24550000E+0	10,12269096E-6	
36,20590000E+0	10,12251063E-6	
36,16670000E+0	10,12245755E-6	
36,12730000E+0	10,12244991E-6	
36,08670000E+0	10,12227475E-6	
36,04810000E+0	10,12180141E-6	
36,00710000E+0	10,12107231E-6	
35,97050000E+0	10,12026187E-6	
35,93180000E+0	10,11960687E-6	
35,89580000E+0	10,11931561E-6	
35,85840000E+0	10,11949692E-6	
35,82270000E+0	10,12000576E-6	
35,78580000E+0	10,12044716E-6	
35,74990000E+0	10,12050085E-6	
35,71300000E+0	10,12010809E-6	
35,67600000E+0	10,11935675E-6	
35,64100000E+0	10,11841812E-6	
35,60080000E+0	10,11754664E-6	
35,56310000E+0	10,11699668E-6	
35,52740000E+0	10,11682383E-6	
35,48930000E+0	10,11687915E-6	
35,45170000E+0	10,11707576E-6	
35,41460000E+0	10,11742535E-6	
35,37780000E+0	10,11777541E-6	
35,34110000E+0	10,11779158E-6	
35,30370000E+0	10,11725505E-6	
35,26570000E+0	10,11620868E-6	
35,22570000E+0	10,11482922E-6	
35,19030000E+0	10,11329541E-6	
35,15130000E+0	10,11186576E-6	
35,11340000E+0	10,11088152E-6	
35,07580000E+0	10,11047318E-6	
35,03750000E+0	10,11033951E-6	
35,00000000E+0	10,10998708E-6	
34,95990000E+0	10,10917494E-6	
34,92070000E+0	10,10802233E-6	
34,88130000E+0	10,10682096E-6	
34,83850000E+0	10,10578252E-6	
34,80110000E+0	10,10500211E-6	
34,76250000E+0	10,10449477E-6	
34,72230000E+0	10,10422137E-6	
34,68200000E+0	10,10415658E-6	
34,64310000E+0	10,10420398E-6	
34,60350000E+0	10,10424037E-6	
34,56190000E+0	10,10423439E-6	
34,52510000E+0	10,10417990E-6	
34,48470000E+0	10,10410626E-6	
34,44370000E+0	10,10407908E-6	
34,40390000E+0	10,10400070E-6	
34,36210000E+0	10,10357706E-6	
34,32250000E+0	10,10263074E-6	
34,28140000E+0	10,10136446E-6	
34,23940000E+0	10,10030291E-6	
34,19920000E+0	10,09993402E-6	
34,15870000E+0	10,10038470E-6	
34,11280000E+0	10,10136788E-6	
34,07310000E+0	10,10238067E-6	
34,03050000E+0	10,10289108E-6	
33,98800000E+0	10,10259506E-6	
33,94750000E+0	10,10163641E-6	
33,90530000E+0	10,10050536E-6	
33,86310000E+0	10,09970712E-6	
33,82140000E+0	10,09945610E-6	
33,77770000E+0	10,09964222E-6	
33,73450000E+0	10,10001763E-6	
33,69380000E+0	10,10037456E-6	
33,65170000E+0	10,10050070E-6	
33,60940000E+0	10,10015567E-6	
33,56470000E+0	10,09920319E-6	
33,52090000E+0	10,09769478E-6	
33,47920000E+0	10,09586016E-6	
33,43430000E+0	10,09395570E-6	
33,39070000E+0	10,09218527E-6	
33,34710000E+0	10,09073998E-6	
33,30130000E+0	10,08980115E-6	
33,25680000E+0	10,08943821E-6	
33,21090000E+0	10,08947649E-6	
33,16860000E+0	10,08952179E-6	
33,12200000E+0	10,08924582E-6	
33,07630000E+0	10,08867767E-6	
33,03400000E+0	10,08813713E-6	
32,98870000E+0	10,08791227E-6	
32,94660000E+0	10,08799205E-6	
32,90460000E+0	10,08805249E-6	
32,86440000E+0	10,08778837E-6	
32,82200000E+0	10,08716019E-6	
32,78040000E+0	10,08632900E-6	
32,73940000E+0	10,08546763E-6	
32,69540000E+0	10,08468139E-6	
32,65290000E+0	10,08409656E-6	
32,60980000E+0	10,08377323E-6	
32,56840000E+0	10,08368579E-6	
32,52180000E+0	10,08373471E-6	
32,47830000E+0	10,08376699E-6	
32,43480000E+0	10,08361455E-6	
32,39100000E+0	10,08331888E-6	
32,34730000E+0	10,08310049E-6	
32,30430000E+0	10,08298782E-6	
32,26110000E+0	10,08274482E-6	
32,21760000E+0	10,08221574E-6	
32,17180000E+0	10,08149224E-6	
32,12840000E+0	10,08074407E-6	
32,08370000E+0	10,08004052E-6	
32,03800000E+0	10,07935738E-6	
31,99410000E+0	10,07863170E-6	
31,94900000E+0	10,07787343E-6	
31,90540000E+0	10,07734547E-6	
31,85890000E+0	10,07735347E-6	
31,81430000E+0	10,07786313E-6	
31,76760000E+0	10,07858875E-6	
31,72210000E+0	10,07924605E-6	
31,67440000E+0	10,07966588E-6	
31,62550000E+0	10,07982474E-6	
31,57800000E+0	10,07985522E-6	
31,53110000E+0	10,07989593E-6	
31,48480000E+0	10,07993315E-6	
31,43710000E+0	10,07981584E-6	
31,39050000E+0	10,07945141E-6	
31,34330000E+0	10,07893071E-6	
31,29430000E+0	10,07840615E-6	
31,24790000E+0	10,07799626E-6	
31,19990000E+0	10,07777238E-6	
31,15180000E+0	10,07762841E-6	
31,10210000E+0	10,07737918E-6	
31,05310000E+0	10,07699902E-6	
31,00490000E+0	10,07664478E-6	
30,95510000E+0	10,07633130E-6	
30,90770000E+0	10,07592341E-6	
30,85310000E+0	10,07536096E-6	
30,80800000E+0	10,07466351E-6	
30,76310000E+0	10,07390762E-6	
30,71430000E+0	10,07324690E-6	
30,66870000E+0	10,07284745E-6	
30,62130000E+0	10,07277787E-6	
30,57360000E+0	10,07287180E-6	
30,52740000E+0	10,07281134E-6	
30,47960000E+0	10,07250202E-6	
30,43200000E+0	10,07216553E-6	
30,38670000E+0	10,07195394E-6	
30,33660000E+0	10,07180539E-6	
30,28820000E+0	10,07167293E-6	
30,24000000E+0	10,07162827E-6	
30,19100000E+0	10,07178950E-6	
30,14250000E+0	10,07223071E-6	
30,09440000E+0	10,07293319E-6	
30,04450000E+0	10,07386074E-6	
29,99430000E+0	10,07493402E-6	
29,93990000E+0	10,07606434E-6	
29,88900000E+0	10,07729575E-6	
29,84130000E+0	10,07858157E-6	
29,78990000E+0	10,07952014E-6	
29,73930000E+0	10,07961488E-6	
29,69000000E+0	10,07878189E-6	
29,63760000E+0	10,07741616E-6	
29,58530000E+0	10,07589806E-6	
29,53370000E+0	10,07435729E-6	
29,48260000E+0	10,07285071E-6	
29,43000000E+0	10,07154260E-6	
29,37800000E+0	10,07070788E-6	
29,32600000E+0	10,07049930E-6	
29,27310000E+0	10,07072436E-6	
29,21820000E+0	10,07103468E-6	
29,16620000E+0	10,07112211E-6	
29,11140000E+0	10,07082705E-6	
29,05800000E+0	10,07024181E-6	
29,00670000E+0	10,06962968E-6	
28,95710000E+0	10,06927428E-6	
28,90440000E+0	10,06933705E-6	
28,85530000E+0	10,06968791E-6	
28,80280000E+0	10,06998394E-6	
28,75190000E+0	10,07001290E-6	
28,69900000E+0	10,06978233E-6	
28,64640000E+0	10,06936689E-6	
28,59500000E+0	10,06886463E-6	
28,54180000E+0	10,06842792E-6	
28,48800000E+0	10,06820196E-6	
28,43560000E+0	10,06828706E-6	
28,38070000E+0	10,06869438E-6	
28,32760000E+0	10,06931144E-6	
28,27360000E+0	10,07001556E-6	
28,21810000E+0	10,07068767E-6	
28,16280000E+0	10,07117209E-6	
28,10770000E+0	10,07142100E-6	
28,04640000E+0	10,07159474E-6	
27,99270000E+0	10,07192980E-6	
27,93600000E+0	10,07251761E-6	
27,88050000E+0	10,07322007E-6	
27,82150000E+0	10,07378675E-6	
27,76690000E+0	10,07407568E-6	
27,70770000E+0	10,07417313E-6	
27,65060000E+0	10,07424509E-6	
27,59360000E+0	10,07440791E-6	
27,53300000E+0	10,07480948E-6	
27,47720000E+0	10,07553324E-6	
27,41960000E+0	10,07655192E-6	
27,36370000E+0	10,07780506E-6	
27,30810000E+0	10,07912330E-6	
27,25220000E+0	10,08025359E-6	
27,19610000E+0	10,08103255E-6	
27,14080000E+0	10,08148558E-6	
27,08290000E+0	10,08174536E-6	
27,02510000E+0	10,08195818E-6	
26,96780000E+0	10,08222040E-6	
26,90450000E+0	10,08255772E-6	
26,84610000E+0	10,08298112E-6	
26,78770000E+0	10,08350854E-6	
26,72600000E+0	10,08412947E-6	
26,66680000E+0	10,08477617E-6	
26,60710000E+0	10,08536033E-6	
26,54750000E+0	10,08577702E-6	
26,48730000E+0	10,08592725E-6	
26,42500000E+0	10,08580424E-6	
26,36410000E+0	10,08560111E-6	
26,30280000E+0	10,08565438E-6	
26,24080000E+0	10,08616507E-6	
26,17850000E+0	10,08708308E-6	
26,11480000E+0	10,08820666E-6	
26,05090000E+0	10,08939324E-6	
25,98730000E+0	10,09086481E-6	
25,92330000E+0	10,09300474E-6	
25,86170000E+0	10,09558566E-6	
25,80030000E+0	10,09778746E-6	
25,73980000E+0	10,09894502E-6	
25,67410000E+0	10,09893901E-6	
25,61290000E+0	10,09803852E-6	
25,54980000E+0	10,09668723E-6	
25,48590000E+0	10,09529596E-6	
25,42530000E+0	10,09412109E-6	
25,36260000E+0	10,09334422E-6	
25,29880000E+0	10,09315445E-6	
25,23410000E+0	10,09367528E-6	
25,16920000E+0	10,09475575E-6	
25,10500000E+0	10,09590260E-6	
25,03960000E+0	10,09660785E-6	
24,97380000E+0	10,09683424E-6	
24,90900000E+0	10,09695986E-6	
24,84010000E+0	10,09727303E-6	
24,77300000E+0	10,09782328E-6	
24,70550000E+0	10,09859542E-6	
24,63820000E+0	10,09951384E-6	
24,56870000E+0	10,10039136E-6	
24,49960000E+0	10,10106710E-6	
24,42450000E+0	10,10158351E-6	
28,12590000E+0	10,10215671E-6	
24,52210000E+0	10,10290487E-6	
25,28200000E+0	10,10379975E-6	
25,48230000E+0	10,10478688E-6	
25,37920000E+0	10,10589219E-6	
25,17580000E+0	10,10717973E-6	
24,94240000E+0	10,10857676E-6	
24,72350000E+0	10,10984488E-6	
24,53700000E+0	10,11077551E-6	
24,38820000E+0	10,11145236E-6	
24,24590000E+0	10,11221559E-6	
24,12280000E+0	10,11336641E-6	
24,00850000E+0	10,11500304E-6	
23,90250000E+0	10,11704174E-6	
23,80110000E+0	10,11921721E-6	
23,70670000E+0	10,12118001E-6	
23,61280000E+0	10,12265905E-6	
23,52340000E+0	10,12355618E-6	
23,43400000E+0	10,12400611E-6	
23,34080000E+0	10,12421843E-6	
23,25620000E+0	10,12434529E-6	
23,17260000E+0	10,12452246E-6	
23,08790000E+0	10,12495693E-6	
23,00470000E+0	10,12585961E-6	
22,92280000E+0	10,12720552E-6	
22,83880000E+0	10,12874645E-6	
22,75660000E+0	10,13023159E-6	
22,67860000E+0	10,13151256E-6	
22,60080000E+0	10,13252462E-6	
22,52400000E+0	10,13338893E-6	
22,44880000E+0	10,13441019E-6	
22,37230000E+0	10,13572748E-6	
22,29250000E+0	10,13707307E-6	
22,21350000E+0	10,13807187E-6	
22,13670000E+0	10,13852574E-6	
22,05020000E+0	10,13852341E-6	
21,97000000E+0	10,13831982E-6	
21,88960000E+0	10,13820925E-6	
21,80880000E+0	10,13850284E-6	
21,72670000E+0	10,13945807E-6	
21,64400000E+0	10,14115418E-6	
21,56030000E+0	10,14348512E-6	
21,47680000E+0	10,14628388E-6	
21,39200000E+0	10,14943629E-6	
21,30500000E+0	10,15283238E-6	
21,21980000E+0	10,15621172E-6	
21,13350000E+0	10,15925235E-6	
21,05230000E+0	10,16185636E-6	
20,96900000E+0	10,16422519E-6	
20,88640000E+0	10,16664913E-6	
20,80200000E+0	10,16931310E-6	
20,71710000E+0	10,17223096E-6	
20,63200000E+0	10,17527519E-6	
20,54480000E+0	10,17826373E-6	
20,45760000E+0	10,18102886E-6	
20,36250000E+0	10,18344001E-6	
20,27310000E+0	10,18541834E-6	
20,18480000E+0	10,18707608E-6	
20,09250000E+0	10,18872689E-6	
20,00370000E+0	10,19072064E-6	
19,91800000E+0	10,19323313E-6	
19,82890000E+0	10,19616726E-6	
19,74020000E+0	10,19930011E-6	
19,65070000E+0	10,20249005E-6	
19,55940000E+0	10,20572899E-6	
19,46690000E+0	10,20903713E-6	
19,37380000E+0	10,21241332E-6	
19,27850000E+0	10,21573332E-6	
19,18410000E+0	10,21883841E-6	
19,08900000E+0	10,22173564E-6	
18,99560000E+0	10,22456392E-6	
18,90260000E+0	10,22745362E-6	
18,80890000E+0	10,23049138E-6	
18,71380000E+0	10,23365866E-6	
18,61600000E+0	10,23676644E-6	
18,51110000E+0	10,23966275E-6	
18,41150000E+0	10,24234471E-6	
18,31060000E+0	10,24495134E-6	
18,20860000E+0	10,24761195E-6	
18,10790000E+0	10,25027916E-6	
18,01130000E+0	10,25294620E-6	
17,91320000E+0	10,25584893E-6	
17,81390000E+0	10,25933519E-6	
17,71230000E+0	10,26336436E-6	
17,61070000E+0	10,26786953E-6	
17,50780000E+0	10,27265751E-6	
17,40290000E+0	10,27753154E-6	
17,29610000E+0	10,28238752E-6	
17,18830000E+0	10,28723610E-6	
17,08580000E+0	10,29215136E-6	
16,98100000E+0	10,29721752E-6	
16,86820000E+0	10,30245846E-6	
16,76140000E+0	10,30785111E-6	
16,65510000E+0	10,31337227E-6	
16,55300000E+0	10,31892639E-6	
16,44230000E+0	10,32436067E-6	
16,32890000E+0	10,32960736E-6	
16,21420000E+0	10,33480032E-6	
16,10580000E+0	10,34018007E-6	
15,99720000E+0	10,34587911E-6	
15,88670000E+0	10,35174238E-6	
15,77380000E+0	10,35745238E-6	
15,65940000E+0	10,36301162E-6	
15,54300000E+0	10,36883651E-6	
15,42450000E+0	10,37502583E-6	
15,30430000E+0	10,38178949E-6	
15,17770000E+0	10,38904598E-6	
15,06330000E+0	10,39654483E-6	
14,94740000E+0	10,40412642E-6	
14,83060000E+0	10,41185100E-6	
14,70980000E+0	10,41982683E-6	
14,58720000E+0	10,42808322E-6	
14,46350000E+0	10,43655130E-6	
14,33670000E+0	10,44506862E-6	
14,21370000E+0	10,45359530E-6	
14,09450000E+0	10,46242417E-6	
13,97290000E+0	10,47194005E-6	
13,84930000E+0	10,48214441E-6	
13,72550000E+0	10,49272400E-6	
13,59590000E+0	10,50335831E-6	
13,46320000E+0	10,51382392E-6	
13,32960000E+0	10,52407959E-6	
13,20140000E+0	10,53431392E-6	
13,07620000E+0	10,54483464E-6	
12,94720000E+0	10,55591680E-6	
12,81670000E+0	10,56771139E-6	
12,67180000E+0	10,58016249E-6	
12,53480000E+0	10,59312407E-6	
12,39460000E+0	10,60654710E-6	
12,25730000E+0	10,62042299E-6	
12,12720000E+0	10,63474202E-6	
11,99510000E+0	10,64946979E-6	
11,86000000E+0	10,66458514E-6	
11,72130000E+0	10,68012809E-6	
11,57960000E+0	10,69616749E-6	
11,43420000E+0	10,71275448E-6	
11,28710000E+0	10,72989742E-6	
11,15200000E+0	10,74752021E-6	
11,01550000E+0	10,76548837E-6	
10,87510000E+0	10,78374322E-6	
10,73200000E+0	10,80239683E-6	
10,58430000E+0	10,82162129E-6	
10,43390000E+0	10,84151431E-6	
10,27850000E+0	10,86210023E-6	
10,13750000E+0	10,88337993E-6	
9,99670000E+0	10,90535063E-6	
9,84060000E+0	10,92807749E-6	
9,69090000E+0	10,95175667E-6	
9,53780000E+0	10,97658707E-6	
9,38040000E+0	11,00259324E-6	
9,22000000E+0	11,02963900E-6	
9,07780000E+0	11,05757293E-6	
8,93460000E+0	11,08640110E-6	
8,78660000E+0	11,11629154E-6	
8,63400000E+0	11,14741399E-6	
8,47650000E+0	11,17988398E-6	
8,31470000E+0	11,21372405E-6	
8,15300000E+0	11,24896692E-6	
8,01210000E+0	11,28572999E-6	
7,86690000E+0	11,32406877E-6	
7,71730000E+0	11,36392342E-6	
7,56220000E+0	11,40521135E-6	
7,40230000E+0	11,44787287E-6	
7,23790000E+0	11,49187431E-6	
7,08020000E+0	11,53744184E-6	
6,93920000E+0	11,58502373E-6	
6,78160000E+0	11,63510511E-6	
6,63170000E+0	11,68800690E-6	
6,47730000E+0	11,74362543E-6	
6,31710000E+0	11,80180321E-6	
6,16110000E+0	11,86266143E-6	
6,02360000E+0	11,92651654E-6	
5,88230000E+0	11,99371211E-6	
5,73680000E+0	12,06425699E-6	
5,58670000E+0	12,13779626E-6	
5,45160000E+0	12,21427019E-6	
5,31980000E+0	12,29417405E-6	
5,18490000E+0	12,37800927E-6	
5,05310000E+0	12,46607176E-6	
4,93470000E+0	12,55813632E-6	
4,81300000E+0	12,65338793E-6	
4,69100000E+0	12,75115973E-6	
4,57100000E+0	12,85130902E-6	
5,50640000E+0	12,95436342E-6	
4,35260000E+0	13,06140221E-6	
4,24390000E+0	13,17276580E-6	
4,13410000E+0	13,28741530E-6	
4,03870000E+0	13,40375585E-6	
3,94780000E+0	13,52095238E-6	
3,86080000E+0	13,63948921E-6	
3,77640000E+0	13,76014560E-6	
3,69820000E+0	13,88301054E-6	
3,62210000E+0	14,00709089E-6	
3,55250000E+0	14,13096226E-6	
3,48460000E+0	14,25434803E-6	
3,41830000E+0	14,37735181E-6	
3,35870000E+0	14,49870272E-6	
3,30170000E+0	14,61677069E-6	
3,24600000E+0	14,73126101E-6	
3,19310000E+0	14,84368346E-6	
3,14580000E+0	14,95650409E-6	
3,09980000E+0	15,07043727E-6	
3,05460000E+0	15,18348013E-6	
3,01150000E+0	15,29282599E-6	
2,97260000E+0	15,39759146E-6	
2,93270000E+0	15,49980363E-6	
2,89780000E+0	15,60186364E-6	
2,86270000E+0	15,70239037E-6	
2,82970000E+0	15,79706791E-6	
2,79770000E+0	15,88347901E-6	
2,76980000E+0	15,96351827E-6	
2,74300000E+0	16,04060417E-6	
2,71770000E+0	16,11560657E-6	
2,69270000E+0	16,18742480E-6	
2,66710000E+0	16,25548471E-6	
2,64270000E+0	16,32058620E-6	
2,61930000E+0	16,38500334E-6	
2,59660000E+0	16,45049950E-6	
2,57740000E+0	16,51608886E-6	
2,55800000E+0	16,57889809E-6	
2,53960000E+0	16,63678838E-6	
2,52150000E+0	16,69020098E-6	
2,50370000E+0	16,74073139E-6	
2,48700000E+0	16,78819298E-6	
2,47020000E+0	16,83137832E-6	
2,45440000E+0	16,87032536E-6	
2,43830000E+0	16,90771881E-6	
2,42500000E+0	16,94821236E-6	
2,41210000E+0	16,99398486E-6	
2,40080000E+0	17,04188633E-6	
2,39200000E+0	17,08658686E-6	
2,38380000E+0	17,12493110E-6	
2,37600000E+0	17,15751739E-6	
2,36870000E+0	17,18662211E-6	
2,36210000E+0	17,21414989E-6	
2,35720000E+0	17,24122593E-6	
2,35280000E+0	17,26825181E-6	
2,34820000E+0	17,29532382E-6	
2,34590000E+0	17,32289453E-6	
2,34680000E+0	17,35053837E-6	
2,34980000E+0	17,37623092E-6	
2,35520000E+0	17,39758477E-6	
2,36240000E+0	17,41347488E-6	
2,37150000E+0	17,42530748E-6	
2,38270000E+0	17,43517206E-6	
2,39450000E+0	17,44306853E-6	
2,40910000E+0	17,44738372E-6	
2,42680000E+0	17,44686180E-6	
2,44510000E+0	17,44220365E-6	
2,46440000E+0	17,43628408E-6	
2,48430000E+0	17,43062661E-6	
2,50400000E+0	17,42271460E-6	
2,52440000E+0	17,40808557E-6	
2,54520000E+0	17,38422982E-6	
2,56580000E+0	17,35237336E-6	
2,58630000E+0	17,31544052E-6	
2,60680000E+0	17,27536046E-6	
2,62900000E+0	17,23253996E-6	
2,65000000E+0	17,18702482E-6	
2,66950000E+0	17,14025612E-6	
2,68830000E+0	17,09499440E-6	
2,70660000E+0	17,05204145E-6	
2,72430000E+0	17,00927378E-6	
2,74200000E+0	16,96449656E-6	
2,75770000E+0	16,91837718E-6	
2,77520000E+0	16,87447615E-6	
2,79370000E+0	16,83513353E-6	
2,81170000E+0	16,79873471E-6	
2,83010000E+0	16,76186328E-6	
2,84790000E+0	16,72199732E-6	
2,86440000E+0	16,67880947E-6	
2,88000000E+0	16,63397542E-6	
2,89450000E+0	16,58972832E-6	
2,90770000E+0	16,54778090E-6	
2,91950000E+0	16,50923314E-6	
2,93040000E+0	16,47497834E-6	
2,93990000E+0	16,44538890E-6	
2,94870000E+0	16,41916493E-6	
2,95650000E+0	16,39379662E-6	
2,96360000E+0	16,36720713E-6	
2,97000000E+0	16,33893208E-6	
2,97590000E+0	16,31095524E-6	
2,98140000E+0	16,28647923E-6	
2,98680000E+0	16,26651497E-6	
2,99350000E+0	16,24913628E-6	
2,99990000E+0	16,23171575E-6	
3,00690000E+0	16,21294212E-6	
3,01400000E+0	16,19332126E-6	
3,02090000E+0	16,17431352E-6	
3,02770000E+0	16,15670636E-6	
3,03400000E+0	16,14004794E-6	
3,03990000E+0	16,12402192E-6	
3,04530000E+0	16,10950702E-6	
3,05050000E+0	16,09716529E-6	
3,05520000E+0	16,08634888E-6	
3,05950000E+0	16,07582010E-6	
3,06390000E+0	16,06488824E-6	
3,06740000E+0	16,05414213E-6	
3,07080000E+0	16,04484120E-6	
3,07390000E+0	16,03684142E-6	
3,07670000E+0	16,02855696E-6	
3,07960000E+0	16,01887437E-6	
3,08210000E+0	16,00842226E-6	
3,08440000E+0	15,99955272E-6	
3,08670000E+0	15,99382940E-6	
3,08870000E+0	15,99024539E-6	
3,09070000E+0	15,98686842E-6	
3,09260000E+0	15,98272729E-6	
3,09430000E+0	15,97861186E-6	
3,09580000E+0	15,97657149E-6	
3,09730000E+0	15,97696740E-6	
3,09840000E+0	15,97712103E-6	
3,09970000E+0	15,97389643E-6	
3,10060000E+0	15,96686449E-6	
3,10150000E+0	15,95855558E-6	
3,10250000E+0	15,95133850E-6	
3,10330000E+0	15,94558980E-6	
3,10380000E+0	15,94070389E-6	
3,10460000E+0	15,93636190E-6	
3,10530000E+0	15,93336823E-6	
3,10580000E+0	15,93282261E-6	
3,10650000E+0	15,93397281E-6	
3,10700000E+0	15,93460436E-6	
3,10750000E+0	15,93314613E-6	
3,10790000E+0	15,93027426E-6	
3,10830000E+0	15,92857573E-6	
3,10840000E+0	15,92929358E-6	
3,10860000E+0	15,93077408E-6	
3,10900000E+0	15,93041500E-6	
3,10930000E+0	15,92749437E-6	
3,10930000E+0	15,92418497E-6	
3,10970000E+0	15,92261447E-6	
3,11000000E+0	15,92237207E-6	
3,11040000E+0	15,92193945E-6	
3,11100000E+0	15,92031063E-6	
3,11130000E+0	15,91773535E-6	
3,11160000E+0	15,91501455E-6	
3,11170000E+0	15,91212753E-6	
3,11200000E+0	15,90832943E-6	
3,11230000E+0	15,90307644E-6	
3,11250000E+0	15,89665878E-6	
3,11270000E+0	15,89089346E-6	
3,11300000E+0	15,88766962E-6	
3,11320000E+0	15,88690033E-6	
3,11360000E+0	15,88686629E-6	
3,11380000E+0	15,88657196E-6	
3,11420000E+0	15,88695133E-6	
3,11450000E+0	15,88924120E-6	
3,11480000E+0	15,89298387E-6	
3,11510000E+0	15,89641948E-6	
3,11540000E+0	15,89800916E-6	
3,11570000E+0	15,89738851E-6	
3,11600000E+0	15,89536170E-6	
3,11630000E+0	15,89292226E-6	
3,11650000E+0	15,89044355E-6	
3,11700000E+0	15,88797420E-6	
3,11740000E+0	15,88569275E-6	
3,11780000E+0	15,88419372E-6	
3,11810000E+0	15,88393192E-6	
3,11810000E+0	15,88464958E-6	
3,11830000E+0	15,88574630E-6	
3,11830000E+0	15,88670726E-6	
3,11830000E+0	15,88773504E-6	
3,11850000E+0	15,89013866E-6	
3,11850000E+0	15,89458698E-6	
3,11840000E+0	15,89989796E-6	
3,11850000E+0	15,90406180E-6	
3,11860000E+0	15,90641208E-6	
3,11870000E+0	15,90917248E-6	
3,11930000E+0	15,91527116E-6	
3,11940000E+0	15,92443764E-6	
3,11930000E+0	15,93321924E-6	
3,11930000E+0	15,93815936E-6	
3,11930000E+0	15,93855536E-6	
3,11920000E+0	15,93639826E-6	
3,11920000E+0	15,93395198E-6	
3,11890000E+0	15,93201862E-6	
3,11890000E+0	15,93060947E-6	
3,11850000E+0	15,93093357E-6	
3,11850000E+0	15,93534880E-6	
3,11830000E+0	15,94437865E-6	
3,11850000E+0	15,95538997E-6	
3,11870000E+0	15,96477793E-6	
3,11890000E+0	15,97058586E-6	
3,11930000E+0	15,97374464E-6	
3,11950000E+0	15,97698157E-6	
3,11960000E+0	15,98112131E-6	
3,11990000E+0	15,98408730E-6	
3,12020000E+0	15,98371389E-6	
3,12020000E+0	15,98035260E-6	
3,12020000E+0	15,97759487E-6	
3,12020000E+0	15,97911952E-6	
3,12020000E+0	15,98440069E-6	
3,12030000E+0	15,98907085E-6	
3,12030000E+0	15,98893905E-6	
3,12020000E+0	15,98351866E-6	
3,12030000E+0	15,97532087E-6	
3,12040000E+0	15,96668228E-6	
3,12030000E+0	15,95886364E-6	
3,12040000E+0	15,95297129E-6	
3,12050000E+0	15,95013363E-6	
3,12060000E+0	15,95101540E-6	
3,12070000E+0	15,95473605E-6	
3,12080000E+0	15,95887171E-6	
3,12080000E+0	15,96134459E-6	
3,12080000E+0	15,96177773E-6	
3,12080000E+0	15,96159994E-6	
3,12070000E+0	15,96286995E-6	
3,12070000E+0	15,96623258E-6	
3,12080000E+0	15,97036598E-6	
3,12050000E+0	15,97305514E-6	
3,12050000E+0	15,97281580E-6	
3,12060000E+0	15,96990149E-6	
3,12050000E+0	15,96556298E-6	
3,12050000E+0	15,96118766E-6	
3,12070000E+0	15,95791366E-6	
3,12070000E+0	15,95619642E-6	
3,12070000E+0	15,95637995E-6	
3,12050000E+0	15,95849003E-6	
3,12060000E+0	15,96103522E-6	
3,12060000E+0	15,96197332E-6	
3,12040000E+0	15,96070471E-6	
3,12030000E+0	15,95910027E-6	
3,12000000E+0	15,96012557E-6	
3,12000000E+0	15,96423392E-6	
3,11980000E+0	15,96915200E-6	
3,11960000E+0	15,97256302E-6	
3,11950000E+0	15,97376926E-6	
3,11920000E+0	15,97418998E-6	
3,11930000E+0	15,97584819E-6	
3,11920000E+0	15,97861788E-6	
3,11920000E+0	15,98069520E-6	
3,11920000E+0	15,98111087E-6	
3,11930000E+0	15,98036037E-6	
3,11950000E+0	15,97910351E-6	
3,11960000E+0	15,97730586E-6	
3,11970000E+0	15,97500899E-6	
3,11960000E+0	15,97229529E-6	
3,11970000E+0	15,96941136E-6	
3,11990000E+0	15,96760674E-6	
3,12000000E+0	15,96783171E-6	
3,12000000E+0	15,96896047E-6	
3,12000000E+0	15,96889011E-6	
3,12010000E+0	15,96684631E-6	
3,12000000E+0	15,96482813E-6	
3,12000000E+0	15,96562153E-6	
3,12020000E+0	15,96907766E-6	
3,12010000E+0	15,97233243E-6	
3,12020000E+0	15,97312473E-6	
3,12020000E+0	15,97192744E-6	
3,12030000E+0	15,97109160E-6	
3,12030000E+0	15,97157871E-6	
3,12050000E+0	15,97189281E-6	
3,12050000E+0	15,97061859E-6	
3,12030000E+0	15,96806511E-6	
3,12030000E+0	15,96600493E-6	
3,12010000E+0	15,96579511E-6	
3,12030000E+0	15,96688882E-6	
3,12030000E+0	15,96775842E-6	
3,12040000E+0	15,96729591E-6	
3,12030000E+0	15,96557677E-6	
3,12030000E+0	15,96371744E-6	
3,12000000E+0	15,96260490E-6	
3,12010000E+0	15,96241609E-6	
3,11980000E+0	15,96297270E-6	
3,11980000E+0	15,96414610E-6	
3,11980000E+0	15,96624257E-6	
3,11950000E+0	15,96954794E-6	
3,11970000E+0	15,97376203E-6	
3,11990000E+0	15,97792862E-6	
3,11980000E+0	15,98109285E-6	
3,11990000E+0	15,98342393E-6	
3,12000000E+0	15,98545533E-6	
3,12020000E+0	15,98642343E-6	
3,12010000E+0	15,98494968E-6	
3,12000000E+0	15,98070755E-6	
3,12000000E+0	15,97500379E-6	
3,12030000E+0	15,97042774E-6	
3,12000000E+0	15,96855666E-6	
3,12000000E+0	15,96837412E-6	
3,11980000E+0	15,96741284E-6	
3,11990000E+0	15,96409009E-6	
3,11990000E+0	15,95961019E-6	
3,12010000E+0	15,95673367E-6	
3,12020000E+0	15,95636777E-6	
3,12030000E+0	15,95705260E-6	
3,12030000E+0	15,95700966E-6	
3,12050000E+0	15,95611897E-6	
3,12040000E+0	15,95636771E-6	
3,12040000E+0	15,95940043E-6	
3,12050000E+0	15,96414720E-6	
3,12040000E+0	15,96779619E-6	
3,12050000E+0	15,96857993E-6	
3,12020000E+0	15,96721309E-6	
3,12010000E+0	15,96523600E-6	
3,12010000E+0	15,96275421E-6	
3,12000000E+0	15,95931176E-6	
3,12000000E+0	15,95510928E-6	
3,12000000E+0	15,95153331E-6	
3,12000000E+0	15,95073853E-6	
3,12010000E+0	15,95317447E-6	
3,12010000E+0	15,95671235E-6	
3,12010000E+0	15,95874508E-6	
3,12010000E+0	15,95849397E-6	
3,12000000E+0	15,95750016E-6	
3,12000000E+0	15,95777678E-6	
3,12000000E+0	15,95957261E-6	
3,11990000E+0	15,96140052E-6	
3,11990000E+0	15,96184611E-6	
3,12010000E+0	15,96157959E-6	
3,12020000E+0	15,96317073E-6	
3,12040000E+0	15,96795714E-6	
3,12050000E+0	15,97414525E-6	
3,12070000E+0	15,97851172E-6	
3,12060000E+0	15,97922908E-6	
3,12070000E+0	15,97716993E-6	
3,12090000E+0	15,97417154E-6	
3,12090000E+0	15,97102461E-6	
3,12090000E+0	15,96729968E-6	
3,12110000E+0	15,96265861E-6	
3,12110000E+0	15,95854122E-6	
3,12100000E+0	15,95724737E-6	
3,12100000E+0	15,95914025E-6	
3,12090000E+0	15,96216513E-6	
3,12080000E+0	15,96387341E-6	
3,12080000E+0	15,96310546E-6	
3,12060000E+0	15,96019650E-6	
3,12050000E+0	15,95610714E-6	
3,12040000E+0	15,95196436E-6	
3,12020000E+0	15,94877322E-6	
3,12000000E+0	15,94669663E-6	
3,11990000E+0	15,94505470E-6	
3,11970000E+0	15,94302732E-6	
3,11960000E+0	15,94001977E-6	
3,11960000E+0	15,93602274E-6	
3,11960000E+0	15,93198984E-6	
3,11970000E+0	15,92966424E-6	
3,11970000E+0	15,93068098E-6	
3,11950000E+0	15,93503810E-6	
3,11960000E+0	15,94082452E-6	
3,11940000E+0	15,94554959E-6	
3,11930000E+0	15,94814605E-6	
3,11910000E+0	15,94948229E-6	
3,11920000E+0	15,95056850E-6	
3,11910000E+0	15,95133164E-6	
3,11920000E+0	15,95122219E-6	
3,11900000E+0	15,95017081E-6	
3,11910000E+0	15,94941377E-6	
3,11920000E+0	15,95116320E-6	
3,11910000E+0	15,95613294E-6	
3,11940000E+0	15,96259007E-6	
3,11940000E+0	15,96780281E-6	
3,11950000E+0	15,96984588E-6	
3,11950000E+0	15,96869431E-6	
3,11940000E+0	15,96582067E-6	
3,11940000E+0	15,96295001E-6	
3,11930000E+0	15,96113800E-6	
3,11930000E+0	15,96043086E-6	
3,11930000E+0	15,96090510E-6	
3,11920000E+0	15,96309120E-6	
3,11920000E+0	15,96613822E-6	
3,11900000E+0	15,96793072E-6	
3,11890000E+0	15,96731530E-6	
3,11870000E+0	15,96510334E-6	
3,11870000E+0	15,96305870E-6	
3,11830000E+0	15,96211021E-6	
3,11830000E+0	15,96191822E-6	
3,11810000E+0	15,96181419E-6	
3,11820000E+0	15,96158976E-6	
3,11800000E+0	15,96147178E-6	
3,11800000E+0	15,96162120E-6	
3,11820000E+0	15,96192316E-6	
3,11820000E+0	15,96211904E-6	
3,11820000E+0	15,96199895E-6	
3,11840000E+0	15,96189751E-6	
3,11840000E+0	15,96261006E-6	
3,11860000E+0	15,96388791E-6	
3,11890000E+0	15,96453376E-6	
3,11900000E+0	15,96398164E-6	
3,11910000E+0	15,96294429E-6	
3,11930000E+0	15,96347960E-6	
3,11950000E+0	15,96743774E-6	
3,11960000E+0	15,97403208E-6	
3,11970000E+0	15,98040585E-6	
3,11970000E+0	15,98424788E-6	
3,11970000E+0	15,98563299E-6	
3,11990000E+0	15,98649066E-6	
3,11990000E+0	15,98777194E-6	
3,12010000E+0	15,98863553E-6	
3,12010000E+0	15,98783868E-6	
3,12020000E+0	15,98521486E-6	
3,12040000E+0	15,98289538E-6	
3,12020000E+0	15,98389364E-6	
3,12060000E+0	15,98828441E-6	
3,12560000E+0	15,99300168E-6	
3,13620000E+0	15,99511970E-6	
3,14560000E+0	15,99431109E-6	
3,15090000E+0	15,99208277E-6	
3,12010000E+0	15,98938014E-6	
3,04710000E+0	15,98581995E-6	
2,93700000E+0	15,98101855E-6	
2,81130000E+0	15,97689033E-6	
2,68790000E+0	15,97909594E-6	
2,58150000E+0	15,99557763E-6	
2,48380000E+0	16,03416351E-6	
2,39750000E+0	16,10063599E-6	
2,32780000E+0	16,19722002E-6	
2,26370000E+0	16,32306460E-6	
2,20570000E+0	16,47453572E-6	
2,15930000E+0	16,64392963E-6	
2,11610000E+0	16,82102923E-6	
2,07900000E+0	16,99642000E-6	
2,04500000E+0	17,16424410E-6	
2,01440000E+0	17,32272692E-6	
1,98900000E+0	17,47099616E-6	
1,96800000E+0	17,60647121E-6	
1,94930000E+0	17,72603481E-6	
1,93290000E+0	17,82864136E-6	
1,91760000E+0	17,91703826E-6	
1,90360000E+0	17,99571633E-6	
1,89130000E+0	18,06672420E-6	
1,88030000E+0	18,12942167E-6	
1,87060000E+0	18,18331125E-6	
1,86170000E+0	18,23035365E-6	
1,85350000E+0	18,27448244E-6	
1,84630000E+0	18,31761101E-6	
1,84000000E+0	18,35800860E-6	
1,83420000E+0	18,39256181E-6	
1,82890000E+0	18,41980116E-6	
1,82360000E+0	18,44198004E-6	
1,81900000E+0	18,46346960E-6	
1,81470000E+0	18,48554657E-6	
1,81070000E+0	18,50567243E-6	
1,80690000E+0	18,52016270E-6	
1,80350000E+0	18,52955510E-6	
1,79990000E+0	18,53680321E-6	
1,79690000E+0	18,54414239E-6	
1,79400000E+0	18,55155865E-6	
1,79170000E+0	18,55817258E-6	
1,78950000E+0	18,56391685E-6	
1,78750000E+0	18,57048560E-6	
1,78550000E+0	18,57916890E-6	
1,78360000E+0	18,58835222E-6	
1,78180000E+0	18,59519877E-6	
1,78010000E+0	18,59868213E-6	
1,77830000E+0	18,60005983E-6	
1,77660000E+0	18,60097921E-6	
1,77510000E+0	18,60219035E-6	
1,77360000E+0	18,60421541E-6	
1,77230000E+0	18,60734017E-6	
1,77120000E+0	18,61144121E-6	
1,77000000E+0	18,61582101E-6	
1,76900000E+0	18,61966915E-6	
1,76810000E+0	18,62293475E-6	
1,76720000E+0	18,62610668E-6	
1,76630000E+0	18,62978738E-6	
1,76560000E+0	18,63538875E-6	
1,76490000E+0	18,64428567E-6	
1,76430000E+0	18,65588095E-6	
1,76360000E+0	18,66755407E-6	
1,76290000E+0	18,67655866E-6	
1,76220000E+0	18,68239628E-6	
1,76140000E+0	18,68677720E-6	
1,76080000E+0	18,69032331E-6	
1,76010000E+0	18,69222792E-6	
1,75950000E+0	18,69258300E-6	
1,75880000E+0	18,69241155E-6	
1,75810000E+0	18,69238182E-6	
1,75730000E+0	18,69243175E-6	
1,75660000E+0	18,69212810E-6	
1,75590000E+0	18,69125093E-6	
1,75510000E+0	18,69025146E-6	
1,75430000E+0	18,69046760E-6	
1,75350000E+0	18,69326504E-6	
1,75260000E+0	18,69806461E-6	
1,75170000E+0	18,70291253E-6	
1,75090000E+0	18,70628444E-6	
1,75010000E+0	18,70780551E-6	
1,74940000E+0	18,70809380E-6	
1,74850000E+0	18,70775109E-6	
1,74770000E+0	18,70645773E-6	
1,74700000E+0	18,70356967E-6	
1,74610000E+0	18,69921863E-6	
1,74540000E+0	18,69413683E-6	
1,74460000E+0	18,68882046E-6	
1,74380000E+0	18,68343429E-6	
1,74300000E+0	18,67816881E-6	
1,74220000E+0	18,67347139E-6	
1,74150000E+0	18,66984729E-6	
1,74060000E+0	18,66744399E-6	
1,73980000E+0	18,66632335E-6	
1,73900000E+0	18,66684482E-6	
1,73830000E+0	18,66927749E-6	
1,73740000E+0	18,67355305E-6	
1,73670000E+0	18,67963885E-6	
1,73590000E+0	18,68762177E-6	
1,73520000E+0	18,69687454E-6	
1,73460000E+0	18,70622578E-6	
1,73380000E+0	18,71525504E-6	
1,73310000E+0	18,72494977E-6	
1,73240000E+0	18,73755625E-6	
1,73170000E+0	18,75368794E-6	
1,73090000E+0	18,77048069E-6	
1,73010000E+0	18,78387681E-6	
1,72940000E+0	18,79225087E-6	
1,72870000E+0	18,79820070E-6	
1,72800000E+0	18,80562929E-6	
1,72750000E+0	18,81503955E-6	
1,72680000E+0	18,82343192E-6	
1,72620000E+0	18,82761995E-6	
1,72560000E+0	18,82777079E-6	
1,72490000E+0	18,82830278E-6	
1,72430000E+0	18,83286124E-6	
1,72370000E+0	18,83933716E-6	
1,72310000E+0	18,84227384E-6	
1,72260000E+0	18,83867349E-6	
1,72210000E+0	18,83035099E-6	
1,72150000E+0	18,82080096E-6	
1,72090000E+0	18,81195321E-6	
1,72040000E+0	18,80463206E-6	
1,71980000E+0	18,79839169E-6	
1,71940000E+0	18,79362154E-6	
1,71890000E+0	18,79212530E-6	
1,71850000E+0	18,79433615E-6	
1,71800000E+0	18,79797173E-6	
1,71760000E+0	18,80007411E-6	
1,71730000E+0	18,79939574E-6	
1,71690000E+0	18,79850363E-6	
1,71660000E+0	18,80143678E-6	
1,71640000E+0	18,80837090E-6	
1,71610000E+0	18,81522238E-6	
1,71580000E+0	18,81751927E-6	
1,71560000E+0	18,81416135E-6	
1,71530000E+0	18,80812205E-6	
1,71500000E+0	18,80259235E-6	
1,71480000E+0	18,79789578E-6	
1,71450000E+0	18,79284855E-6	
1,71430000E+0	18,78766284E-6	
1,71400000E+0	18,78450044E-6	
1,71400000E+0	18,78477359E-6	
1,71370000E+0	18,78751053E-6	
1,71350000E+0	18,79049938E-6	
1,71340000E+0	18,79244534E-6	
1,71310000E+0	18,79476813E-6	
1,71300000E+0	18,79957810E-6	
1,71290000E+0	18,80551105E-6	
1,71280000E+0	18,80884749E-6	
1,71260000E+0	18,80767860E-6	
1,71260000E+0	18,80417340E-6	
1,71250000E+0	18,80398701E-6	
1,71250000E+0	18,81135357E-6	
1,71250000E+0	18,82430311E-6	
1,71240000E+0	18,83679833E-6	
1,71260000E+0	18,84439162E-6	
1,71270000E+0	18,84753743E-6	
1,71280000E+0	18,84908777E-6	
1,71300000E+0	18,84957416E-6	
1,71320000E+0	18,84739639E-6	
1,71340000E+0	18,84176803E-6	
1,71370000E+0	18,83469889E-6	
1,71380000E+0	18,82979573E-6	
1,71410000E+0	18,82776949E-6	
1,71430000E+0	18,82583896E-6	
1,71460000E+0	18,82155410E-6	
1,71490000E+0	18,81521330E-6	
1,71540000E+0	18,80877420E-6	
1,71570000E+0	18,80363718E-6	
1,71610000E+0	18,79951986E-6	
1,71660000E+0	18,79513058E-6	
1,71710000E+0	18,78969627E-6	
1,71750000E+0	18,78458400E-6	
1,71810000E+0	18,78326250E-6	
1,71870000E+0	18,78724486E-6	
1,71920000E+0	18,79341438E-6	
1,71970000E+0	18,79700507E-6	
1,72040000E+0	18,79571662E-6	
1,72090000E+0	18,79082981E-6	
1,72160000E+0	18,78451865E-6	
1,72230000E+0	18,77751103E-6	
1,72290000E+0	18,76957635E-6	
1,72360000E+0	18,76071690E-6	
1,72440000E+0	18,75142231E-6	
1,72510000E+0	18,74266123E-6	
1,72590000E+0	18,73562824E-6	
1,72680000E+0	18,73097448E-6	
1,72760000E+0	18,72865682E-6	
1,72840000E+0	18,72902839E-6	
1,72920000E+0	18,73315681E-6	
1,73010000E+0	18,74094844E-6	
1,73100000E+0	18,75043989E-6	
1,73190000E+0	18,75908582E-6	
1,73280000E+0	18,76528912E-6	
1,73360000E+0	18,77040484E-6	
1,73450000E+0	18,77751017E-6	
