0,00000000E+0	-13,93980200E-6	
-0,00000000E+0	-13,93392120E-6	
0,00000000E+0	-13,93232325E-6	
-100,00000000E-6	-13,93200812E-6	
-600,00000000E-6	-13,93260519E-6	
-1,00000000E-3	-13,93312161E-6	
-1,70000000E-3	-13,93289946E-6	
-2,40000000E-3	-13,93243220E-6	
-3,10000000E-3	-13,93308050E-6	
-3,70000000E-3	-13,93584433E-6	
-4,60000000E-3	-13,94018929E-6	
-5,50000000E-3	-13,94494549E-6	
-6,30000000E-3	-13,95012298E-6	
-7,10000000E-3	-13,95554679E-6	
-8,10000000E-3	-13,95945941E-6	
-8,90000000E-3	-13,96188750E-6	
-9,70000000E-3	-13,96385009E-6	
-10,50000000E-3	-13,96652065E-6	
-11,30000000E-3	-13,97049783E-6	
-12,10000000E-3	-13,97558781E-6	
-13,00000000E-3	-13,98080994E-6	
-14,10000000E-3	-13,98542238E-6	
-15,10000000E-3	-13,98973627E-6	
-15,80000000E-3	-13,99420625E-6	
-16,50000000E-3	-13,99880283E-6	
-17,40000000E-3	-14,00338631E-6	
-18,50000000E-3	-14,00762689E-6	
-19,50000000E-3	-14,01151312E-6	
-20,20000000E-3	-14,01508489E-6	
-20,90000000E-3	-14,01794959E-6	
-22,00000000E-3	-14,01957227E-6	
-23,00000000E-3	-14,01995438E-6	
-23,70000000E-3	-14,02076360E-6	
-24,70000000E-3	-14,02383906E-6	
-25,40000000E-3	-14,02968568E-6	
-26,40000000E-3	-14,03746839E-6	
-27,50000000E-3	-14,04528159E-6	
-28,10000000E-3	-14,05126130E-6	
-29,10000000E-3	-14,05486130E-6	
-30,20000000E-3	-14,05671148E-6	
-30,90000000E-3	-14,05772845E-6	
-31,90000000E-3	-14,05853155E-6	
-33,00000000E-3	-14,05881191E-6	
-33,70000000E-3	-14,05811288E-6	
-34,70000000E-3	-14,05676499E-6	
-35,40000000E-3	-14,05534256E-6	
-36,40000000E-3	-14,05370330E-6	
-37,40000000E-3	-14,05099133E-6	
-38,50000000E-3	-14,04649653E-6	
-39,20000000E-3	-14,04065112E-6	
-40,20000000E-3	-14,03353496E-6	
-41,30000000E-3	-14,02595283E-6	
-42,00000000E-3	-14,01922362E-6	
-43,00000000E-3	-14,01449750E-6	
-44,10000000E-3	-14,01169166E-6	
-44,80000000E-3	-14,00995458E-6	
-45,80000000E-3	-14,00843534E-6	
-46,70000000E-3	-14,00570827E-6	
-47,50000000E-3	-14,00110585E-6	
-48,50000000E-3	-13,99599073E-6	
-49,20000000E-3	-13,99209196E-6	
-50,30000000E-3	-13,99009177E-6	
-51,10000000E-3	-13,98952334E-6	
-52,00000000E-3	-13,98920985E-6	
-52,90000000E-3	-13,98831615E-6	
-53,70000000E-3	-13,98670144E-6	
-54,80000000E-3	-13,98437798E-6	
-55,70000000E-3	-13,98126173E-6	
-56,50000000E-3	-13,97727764E-6	
-57,30000000E-3	-13,97278744E-6	
-58,20000000E-3	-13,96782723E-6	
-59,20000000E-3	-13,96210333E-6	
-60,20000000E-3	-13,95617898E-6	
-61,00000000E-3	-13,95079246E-6	
-61,70000000E-3	-13,94545220E-6	
-62,70000000E-3	-13,93906039E-6	
-63,40000000E-3	-13,93206534E-6	
-64,40000000E-3	-13,92679574E-6	
-65,50000000E-3	-13,92501769E-6	
-66,20000000E-3	-13,92623116E-6	
-67,20000000E-3	-13,92821701E-6	
-68,20000000E-3	-13,92881702E-6	
-68,90000000E-3	-13,92749744E-6	
-70,00000000E-3	-13,92577334E-6	
-71,00000000E-3	-13,92534308E-6	
-71,60000000E-3	-13,92592712E-6	
-72,70000000E-3	-13,92639797E-6	
-73,40000000E-3	-13,92670693E-6	
-74,50000000E-3	-13,92783683E-6	
-75,40000000E-3	-13,92992361E-6	
-76,10000000E-3	-13,93216499E-6	
-77,20000000E-3	-13,93362165E-6	
-78,30000000E-3	-13,93361430E-6	
-78,90000000E-3	-13,93244151E-6	
-79,90000000E-3	-13,93063380E-6	
-80,60000000E-3	-13,92852047E-6	
-81,70000000E-3	-13,92710554E-6	
-82,80000000E-3	-13,92755761E-6	
-83,80000000E-3	-13,92993335E-6	
-84,50000000E-3	-13,93307843E-6	
-85,50000000E-3	-13,93497213E-6	
-86,20000000E-3	-13,93503577E-6	
-87,30000000E-3	-13,93434948E-6	
-87,90000000E-3	-13,93426355E-6	
-88,90000000E-3	-13,93565949E-6	
-90,00000000E-3	-13,93853680E-6	
-90,70000000E-3	-13,94209645E-6	
-91,70000000E-3	-13,94515998E-6	
-92,70000000E-3	-13,94746813E-6	
-93,50000000E-3	-13,94949548E-6	
-94,50000000E-3	-13,95144810E-6	
-95,50000000E-3	-13,95286075E-6	
-96,20000000E-3	-13,95312167E-6	
-97,20000000E-3	-13,95196650E-6	
-98,20000000E-3	-13,94928965E-6	
-99,00000000E-3	-13,94476739E-6	
-100,00000000E-3	-13,93839309E-6	
-100,70000000E-3	-13,93175201E-6	
-101,70000000E-3	-13,92721575E-6	
-102,50000000E-3	-13,92511372E-6	
-103,30000000E-3	-13,92388590E-6	
-104,20000000E-3	-13,92254312E-6	
-105,20000000E-3	-13,92101257E-6	
-106,20000000E-3	-13,91885439E-6	
-107,00000000E-3	-13,91590555E-6	
-107,80000000E-3	-13,91277970E-6	
-108,60000000E-3	-13,91058650E-6	
-109,70000000E-3	-13,90937714E-6	
-110,70000000E-3	-13,90812370E-6	
-111,40000000E-3	-13,90601228E-6	
-112,40000000E-3	-13,90324052E-6	
-113,10000000E-3	-13,90069777E-6	
-114,20000000E-3	-13,89901672E-6	
-114,90000000E-3	-13,89787725E-6	
-115,90000000E-3	-13,89655929E-6	
-116,90000000E-3	-13,89471273E-6	
-117,60000000E-3	-13,89177408E-6	
-118,60000000E-3	-13,88765277E-6	
-119,40000000E-3	-13,88327869E-6	
-120,40000000E-3	-13,87986564E-6	
-121,40000000E-3	-13,87697450E-6	
-122,50000000E-3	-13,87344590E-6	
-123,20000000E-3	-13,86903826E-6	
-124,20000000E-3	-13,86505655E-6	
-125,30000000E-3	-13,86191014E-6	
-125,90000000E-3	-13,85918185E-6	
-126,90000000E-3	-13,85603143E-6	
-127,70000000E-3	-13,85233113E-6	
-128,70000000E-3	-13,84854978E-6	
-129,70000000E-3	-13,84485436E-6	
-130,40000000E-3	-13,84121389E-6	
-131,40000000E-3	-13,83771772E-6	
-132,50000000E-3	-13,83463253E-6	
-133,20000000E-3	-13,83232843E-6	
-134,20000000E-3	-13,83058628E-6	
-135,20000000E-3	-13,82889844E-6	
-135,90000000E-3	-13,82740740E-6	
-137,00000000E-3	-13,82636304E-6	
-137,60000000E-3	-13,82562655E-6	
-138,70000000E-3	-13,82496625E-6	
-139,70000000E-3	-13,82473813E-6	
-140,70000000E-3	-13,82508800E-6	
-141,40000000E-3	-13,82583000E-6	
-142,40000000E-3	-13,82664612E-6	
-143,20000000E-3	-13,82701520E-6	
-144,10000000E-3	-13,82684691E-6	
-145,00000000E-3	-13,82669133E-6	
-146,00000000E-3	-13,82694627E-6	
-146,90000000E-3	-13,82794801E-6	
-147,70000000E-3	-13,82998657E-6	
-148,60000000E-3	-13,83275089E-6	
-149,40000000E-3	-13,83508866E-6	
-150,40000000E-3	-13,83650957E-6	
-151,40000000E-3	-13,83679985E-6	
-152,20000000E-3	-13,83647777E-6	
-153,10000000E-3	-13,83675723E-6	
-153,90000000E-3	-13,83882869E-6	
-154,90000000E-3	-13,84242295E-6	
-155,60000000E-3	-13,84605111E-6	
-156,60000000E-3	-13,84932893E-6	
-157,60000000E-3	-13,85327754E-6	
-158,40000000E-3	-13,85861157E-6	
-159,40000000E-3	-13,86500735E-6	
-160,10000000E-3	-13,87157959E-6	
-161,10000000E-3	-13,87785748E-6	
-162,10000000E-3	-13,88328031E-6	
-162,80000000E-3	-13,88727135E-6	
-163,90000000E-3	-13,88980451E-6	
-164,90000000E-3	-13,89120312E-6	
-166,00000000E-3	-13,89258081E-6	
-166,60000000E-3	-13,89430619E-6	
-167,70000000E-3	-13,89601898E-6	
-168,70000000E-3	-13,89745231E-6	
-169,40000000E-3	-13,89875505E-6	
-170,40000000E-3	-13,90039123E-6	
-171,20000000E-3	-13,90260320E-6	
-172,20000000E-3	-13,90533436E-6	
-173,20000000E-3	-13,90885175E-6	
-173,90000000E-3	-13,91316767E-6	
-175,00000000E-3	-13,91826152E-6	
-175,70000000E-3	-13,92494051E-6	
-176,70000000E-3	-13,93388603E-6	
-177,70000000E-3	-13,94268879E-6	
-178,40000000E-3	-13,95045041E-6	
-179,50000000E-3	-13,95696701E-6	
-180,50000000E-3	-13,96255737E-6	
-181,10000000E-3	-13,96789856E-6	
-182,20000000E-3	-13,97359029E-6	
-183,30000000E-3	-13,97959724E-6	
-184,00000000E-3	-13,98584856E-6	
-184,90000000E-3	-13,99229591E-6	
-185,60000000E-3	-13,99877606E-6	
-186,70000000E-3	-14,00554683E-6	
-187,70000000E-3	-14,01205579E-6	
-188,40000000E-3	-14,01865571E-6	
-189,40000000E-3	-14,02513688E-6	
-190,30000000E-3	-14,03045056E-6	
-191,20000000E-3	-14,03507044E-6	
-192,20000000E-3	-14,03927132E-6	
-192,90000000E-3	-14,04298348E-6	
-193,90000000E-3	-14,04735217E-6	
-194,60000000E-3	-14,05263509E-6	
-195,70000000E-3	-14,05854111E-6	
-196,60000000E-3	-14,06428686E-6	
-197,30000000E-3	-14,06919521E-6	
-198,40000000E-3	-14,07371897E-6	
-199,10000000E-3	-14,07848769E-6	
-200,10000000E-3	-14,08424490E-6	
-200,60000000E-3	-14,09180483E-6	
-200,90000000E-3	-14,10102941E-6	
-201,10000000E-3	-14,10973187E-6	
-201,20000000E-3	-14,11635239E-6	
-201,20000000E-3	-14,12130688E-6	
-201,10000000E-3	-14,12602570E-6	
-200,90000000E-3	-14,13170890E-6	
-200,90000000E-3	-14,13797678E-6	
-200,70000000E-3	-14,14336753E-6	
-200,50000000E-3	-14,14689477E-6	
