-0,00000000E+0	-28,94024234E-6	
0,00000000E+0	-28,93731026E-6	
-100,00000000E-6	-28,92712544E-6	
-700,00000000E-6	-28,91232689E-6	
-1,10000000E-3	-28,89654361E-6	
-1,70000000E-3	-28,88434371E-6	
-2,30000000E-3	-28,87944386E-6	
-2,90000000E-3	-28,87768185E-6	
-3,80000000E-3	-28,86958696E-6	
-4,60000000E-3	-28,84872467E-6	
-5,40000000E-3	-28,81800718E-6	
-6,20000000E-3	-28,78504560E-6	
-6,90000000E-3	-28,75840906E-6	
-7,90000000E-3	-28,74240791E-6	
-8,50000000E-3	-28,74719632E-6	
-9,60000000E-3	-28,77990260E-6	
-10,60000000E-3	-28,83262553E-6	
-11,30000000E-3	-28,89529093E-6	
-11,90000000E-3	-28,95322235E-6	
-13,00000000E-3	-28,99970653E-6	
-13,70000000E-3	-29,03771670E-6	
-14,80000000E-3	-29,07361980E-6	
-15,80000000E-3	-29,10647858E-6	
-16,50000000E-3	-29,12888685E-6	
-17,50000000E-3	-29,13613602E-6	
-18,60000000E-3	-29,13223489E-6	
-19,30000000E-3	-29,12679199E-6	
-20,10000000E-3	-29,12270883E-6	
-20,80000000E-3	-29,11279164E-6	
-21,90000000E-3	-29,08989902E-6	
-23,00000000E-3	-29,05775873E-6	
-23,70000000E-3	-29,02678947E-6	
-24,80000000E-3	-29,00500687E-6	
-25,50000000E-3	-28,99374223E-6	
-26,30000000E-3	-28,99145403E-6	
-27,30000000E-3	-28,99724064E-6	
-28,40000000E-3	-29,00959246E-6	
-29,10000000E-3	-29,02684358E-6	
-30,20000000E-3	-29,05062404E-6	
-31,00000000E-3	-29,08444154E-6	
-31,70000000E-3	-29,12473518E-6	
-32,90000000E-3	-29,15538994E-6	
-33,60000000E-3	-29,15892911E-6	
-34,70000000E-3	-29,12944931E-6	
-35,50000000E-3	-29,07707691E-6	
-36,20000000E-3	-29,01973674E-6	
-37,40000000E-3	-28,96761973E-6	
-38,10000000E-3	-28,91318269E-6	
-39,20000000E-3	-28,84400516E-6	
-39,90000000E-3	-28,75492884E-6	
-40,80000000E-3	-28,65796688E-6	
-41,70000000E-3	-28,56297973E-6	
-42,80000000E-3	-28,46313113E-6	
-43,60000000E-3	-28,34787619E-6	
-44,70000000E-3	-28,21242271E-6	
-45,50000000E-3	-28,06784006E-6	
-46,20000000E-3	-27,93212365E-6	
-47,30000000E-3	-27,81193556E-6	
-48,10000000E-3	-27,68597063E-6	
-49,10000000E-3	-27,52048805E-6	
-49,90000000E-3	-27,30148333E-6	
-50,60000000E-3	-27,04031785E-6	
-51,70000000E-3	-26,76222519E-6	
-52,50000000E-3	-26,47919164E-6	
-53,50000000E-3	-26,21370902E-6	
-54,60000000E-3	-25,97917338E-6	
-55,30000000E-3	-25,76409031E-6	
-56,30000000E-3	-25,53233984E-6	
-57,30000000E-3	-25,29795802E-6	
-58,10000000E-3	-25,05644980E-6	
-58,80000000E-3	-24,81085861E-6	
-59,90000000E-3	-24,56742317E-6	
-61,00000000E-3	-24,32872882E-6	
-61,70000000E-3	-24,10476173E-6	
-62,80000000E-3	-23,90344660E-6	
-63,50000000E-3	-23,72453288E-6	
-64,50000000E-3	-23,54666219E-6	
-65,40000000E-3	-23,38568342E-6	
-66,30000000E-3	-23,23427240E-6	
-67,00000000E-3	-23,09472882E-6	
-68,10000000E-3	-22,98319256E-6	
-68,80000000E-3	-22,91426001E-6	
-69,80000000E-3	-22,88367602E-6	
-70,90000000E-3	-22,86685208E-6	
-71,60000000E-3	-22,84400872E-6	
-72,70000000E-3	-22,82075195E-6	
-73,50000000E-3	-22,82549225E-6	
-74,20000000E-3	-22,88567675E-6	
-75,40000000E-3	-23,00693724E-6	
-76,10000000E-3	-23,17315032E-6	
-77,20000000E-3	-23,36113656E-6	
-78,00000000E-3	-23,53610140E-6	
-78,70000000E-3	-23,68314296E-6	
-79,90000000E-3	-23,82276102E-6	
-81,00000000E-3	-23,96133371E-6	
-81,70000000E-3	-24,12032097E-6	
-82,50000000E-3	-24,29172752E-6	
-83,50000000E-3	-24,45484097E-6	
-84,20000000E-3	-24,59063833E-6	
-85,30000000E-3	-24,69708476E-6	
-86,40000000E-3	-24,77903190E-6	
-87,10000000E-3	-24,85637491E-6	
-88,10000000E-3	-24,95042823E-6	
-89,20000000E-3	-25,05890914E-6	
-89,90000000E-3	-25,16789586E-6	
-90,80000000E-3	-25,26694313E-6	
-91,60000000E-3	-25,34889612E-6	
-92,40000000E-3	-25,40327401E-6	
-93,40000000E-3	-25,42287652E-6	
-94,20000000E-3	-25,40982170E-6	
-95,20000000E-3	-25,37056095E-6	
-95,90000000E-3	-25,30877592E-6	
-97,00000000E-3	-25,22710480E-6	
-98,10000000E-3	-25,12743245E-6	
-98,80000000E-3	-25,01694826E-6	
-99,90000000E-3	-24,89533419E-6	
-100,50000000E-3	-24,77722591E-6	
-101,60000000E-3	-24,65930283E-6	
-102,40000000E-3	-24,54997413E-6	
-103,50000000E-3	-24,44306268E-6	
-104,60000000E-3	-24,33799473E-6	
-105,30000000E-3	-24,22055116E-6	
-106,10000000E-3	-24,08667586E-6	
-107,30000000E-3	-23,93895152E-6	
-108,00000000E-3	-23,78184547E-6	
-109,10000000E-3	-23,62311126E-6	
-109,80000000E-3	-23,47013356E-6	
-110,60000000E-3	-23,34041432E-6	
-111,70000000E-3	-23,23765617E-6	
-112,80000000E-3	-23,14768049E-6	
-113,60000000E-3	-23,05876703E-6	
-114,30000000E-3	-22,96394520E-6	
-115,00000000E-3	-22,85901700E-6	
-116,10000000E-3	-22,74315275E-6	
-117,30000000E-3	-22,62721005E-6	
-118,00000000E-3	-22,52621532E-6	
-118,70000000E-3	-22,44562778E-6	
-119,80000000E-3	-22,38314456E-6	
-120,50000000E-3	-22,33418550E-6	
-121,60000000E-3	-22,29430835E-6	
-122,30000000E-3	-22,25678675E-6	
-123,40000000E-3	-22,21495196E-6	
-124,50000000E-3	-22,16203843E-6	
-125,10000000E-3	-22,09717363E-6	
-126,20000000E-3	-22,02540444E-6	
-127,00000000E-3	-21,97073886E-6	
-128,00000000E-3	-21,93560141E-6	
-128,70000000E-3	-21,91584042E-6	
-129,80000000E-3	-21,90981440E-6	
-130,40000000E-3	-21,91549659E-6	
-131,50000000E-3	-21,92542931E-6	
-132,50000000E-3	-21,93406564E-6	
-133,20000000E-3	-21,94466062E-6	
-134,30000000E-3	-21,96728878E-6	
-135,00000000E-3	-22,01123447E-6	
-136,00000000E-3	-22,07766745E-6	
-137,00000000E-3	-22,15164679E-6	
-138,10000000E-3	-22,21855300E-6	
-138,80000000E-3	-22,27815716E-6	
-139,80000000E-3	-22,33039319E-6	
-140,80000000E-3	-22,36988066E-6	
-141,60000000E-3	-22,40378963E-6	
-142,60000000E-3	-22,43873886E-6	
-143,30000000E-3	-22,47148336E-6	
-144,30000000E-3	-22,50243056E-6	
-145,10000000E-3	-22,53185865E-6	
-146,10000000E-3	-22,56161716E-6	
-147,10000000E-3	-22,59101986E-6	
-148,10000000E-3	-22,61552827E-6	
-149,00000000E-3	-22,63083967E-6	
-149,70000000E-3	-22,64795372E-6	
-150,70000000E-3	-22,68244691E-6	
-151,70000000E-3	-22,73398587E-6	
-152,40000000E-3	-22,79451958E-6	
-153,40000000E-3	-22,85654409E-6	
-154,40000000E-3	-22,91569856E-6	
-155,60000000E-3	-22,98250830E-6	
-156,20000000E-3	-23,06197982E-6	
-157,20000000E-3	-23,15564973E-6	
-158,30000000E-3	-23,25568729E-6	
-159,00000000E-3	-23,34920991E-6	
-159,90000000E-3	-23,42598728E-6	
-160,70000000E-3	-23,48694359E-6	
-161,80000000E-3	-23,54013169E-6	
-162,70000000E-3	-23,59075878E-6	
-163,50000000E-3	-23,63313947E-6	
-164,30000000E-3	-23,65770251E-6	
-165,40000000E-3	-23,66895529E-6	
-166,20000000E-3	-23,68495374E-6	
-167,20000000E-3	-23,71659036E-6	
-167,90000000E-3	-23,76323806E-6	
-168,90000000E-3	-23,81732191E-6	
-169,90000000E-3	-23,87165374E-6	
-170,50000000E-3	-23,92261451E-6	
-171,50000000E-3	-23,97074950E-6	
-172,50000000E-3	-24,01793314E-6	
-173,50000000E-3	-24,06576227E-6	
-174,50000000E-3	-24,11410468E-6	
-175,20000000E-3	-24,16259716E-6	
-176,20000000E-3	-24,21575135E-6	
-177,20000000E-3	-24,27094884E-6	
-178,20000000E-3	-24,33363553E-6	
-178,80000000E-3	-24,40858690E-6	
-179,80000000E-3	-24,48565031E-6	
-180,40000000E-3	-24,56236379E-6	
-181,50000000E-3	-24,63452890E-6	
-182,40000000E-3	-24,70078415E-6	
-183,30000000E-3	-24,76723878E-6	
-184,30000000E-3	-24,83931486E-6	
-185,30000000E-3	-24,91927804E-6	
-186,10000000E-3	-25,00555213E-6	
-187,20000000E-3	-25,09259874E-6	
-188,10000000E-3	-25,16178288E-6	
-188,80000000E-3	-25,21504664E-6	
-189,80000000E-3	-25,25630729E-6	
-190,80000000E-3	-25,28319646E-6	
-191,40000000E-3	-25,30138647E-6	
-192,40000000E-3	-25,31734117E-6	
-193,40000000E-3	-25,33712011E-6	
-194,40000000E-3	-25,36217627E-6	
-195,40000000E-3	-25,39173962E-6	
-196,40000000E-3	-25,42404732E-6	
-197,00000000E-3	-25,45642207E-6	
-198,00000000E-3	-25,48931246E-6	
-198,70000000E-3	-25,52626620E-6	
-199,60000000E-3	-25,57359022E-6	
