0,00000000E+0	-18,65428461E-6	
-0,00000000E+0	-18,64798647E-6	
-100,00000000E-6	-18,64310769E-6	
-400,00000000E-6	-18,63796803E-6	
-800,00000000E-6	-18,63252677E-6	
-1,40000000E-3	-18,62758371E-6	
-2,20000000E-3	-18,62398099E-6	
-2,70000000E-3	-18,62253724E-6	
-3,50000000E-3	-18,62287649E-6	
-4,40000000E-3	-18,62416234E-6	
-4,90000000E-3	-18,62569538E-6	
-5,80000000E-3	-18,62645659E-6	
-6,80000000E-3	-18,62605977E-6	
-7,40000000E-3	-18,62526264E-6	
-8,40000000E-3	-18,62473378E-6	
-9,20000000E-3	-18,62441866E-6	
-10,00000000E-3	-18,62446059E-6	
-11,00000000E-3	-18,62511517E-6	
-11,80000000E-3	-18,62617363E-6	
-12,70000000E-3	-18,62755571E-6	
-13,70000000E-3	-18,62972459E-6	
-14,40000000E-3	-18,63290967E-6	
-15,40000000E-3	-18,63703458E-6	
-16,40000000E-3	-18,64208897E-6	
-17,30000000E-3	-18,64877559E-6	
-18,10000000E-3	-18,65636411E-6	
-19,00000000E-3	-18,66451634E-6	
-19,80000000E-3	-18,67245765E-6	
-20,90000000E-3	-18,67901717E-6	
-21,80000000E-3	-18,68376339E-6	
-22,50000000E-3	-18,68728889E-6	
-23,50000000E-3	-18,68955806E-6	
-24,60000000E-3	-18,68977742E-6	
-25,30000000E-3	-18,68815423E-6	
-26,30000000E-3	-18,68594592E-6	
-27,00000000E-3	-18,68398106E-6	
-28,00000000E-3	-18,68255141E-6	
-29,00000000E-3	-18,68186583E-6	
-29,90000000E-3	-18,68207213E-6	
-30,80000000E-3	-18,68264246E-6	
-31,80000000E-3	-18,68253569E-6	
-32,60000000E-3	-18,68067590E-6	
-33,50000000E-3	-18,67564115E-6	
-34,50000000E-3	-18,66657103E-6	
-35,20000000E-3	-18,65336893E-6	
-36,30000000E-3	-18,63470772E-6	
-37,30000000E-3	-18,60885454E-6	
-38,10000000E-3	-18,57497751E-6	
-39,00000000E-3	-18,53405146E-6	
-40,00000000E-3	-18,49222511E-6	
-40,60000000E-3	-18,44561855E-6	
-41,70000000E-3	-18,39339588E-6	
-42,70000000E-3	-18,33458131E-6	
-43,40000000E-3	-18,26833358E-6	
-44,40000000E-3	-18,19371461E-6	
-45,50000000E-3	-18,11097326E-6	
-46,20000000E-3	-18,01842924E-6	
-47,20000000E-3	-17,92092783E-6	
-48,20000000E-3	-17,82305786E-6	
-48,90000000E-3	-17,72324179E-6	
-50,00000000E-3	-17,62090165E-6	
-50,60000000E-3	-17,51494864E-6	
-51,70000000E-3	-17,40530831E-6	
-52,70000000E-3	-17,29104333E-6	
-53,40000000E-3	-17,17325069E-6	
-54,40000000E-3	-17,05420458E-6	
-55,10000000E-3	-16,93471149E-6	
-56,10000000E-3	-16,81545232E-6	
-57,20000000E-3	-16,69554078E-6	
-58,00000000E-3	-16,57434276E-6	
-58,90000000E-3	-16,44848163E-6	
-59,90000000E-3	-16,32389922E-6	
-60,60000000E-3	-16,20523581E-6	
-61,50000000E-3	-16,09033629E-6	
-62,60000000E-3	-15,98086829E-6	
-63,30000000E-3	-15,87803018E-6	
-64,30000000E-3	-15,78310720E-6	
-65,20000000E-3	-15,69596732E-6	
-66,00000000E-3	-15,61616621E-6	
-67,00000000E-3	-15,54285664E-6	
-67,80000000E-3	-15,47591635E-6	
-68,80000000E-3	-15,41695000E-6	
-69,80000000E-3	-15,36700178E-6	
-70,70000000E-3	-15,32480292E-6	
-71,40000000E-3	-15,29454668E-6	
-72,50000000E-3	-15,27390398E-6	
-73,40000000E-3	-15,26357601E-6	
-74,30000000E-3	-15,26628447E-6	
-75,30000000E-3	-15,28132569E-6	
-75,90000000E-3	-15,30719614E-6	
-77,00000000E-3	-15,34138438E-6	
-78,00000000E-3	-15,38214023E-6	
-78,90000000E-3	-15,43134191E-6	
-79,70000000E-3	-15,48309372E-6	
-80,80000000E-3	-15,53804086E-6	
-81,50000000E-3	-15,59520735E-6	
-82,40000000E-3	-15,65428410E-6	
-83,10000000E-3	-15,71501308E-6	
-84,20000000E-3	-15,77613452E-6	
-85,20000000E-3	-15,83490220E-6	
-86,10000000E-3	-15,89027689E-6	
-87,00000000E-3	-15,94292013E-6	
-87,90000000E-3	-15,99437210E-6	
-88,90000000E-3	-16,04584930E-6	
-89,60000000E-3	-16,09644158E-6	
-90,70000000E-3	-16,14439112E-6	
-91,70000000E-3	-16,18767229E-6	
-92,40000000E-3	-16,22555835E-6	
-93,40000000E-3	-16,25529510E-6	
-94,40000000E-3	-16,27612153E-6	
-95,30000000E-3	-16,28896858E-6	
-96,00000000E-3	-16,29354817E-6	
-97,10000000E-3	-16,28936953E-6	
-97,90000000E-3	-16,27629650E-6	
-98,80000000E-3	-16,25338932E-6	
-99,80000000E-3	-16,22428686E-6	
-100,50000000E-3	-16,18757103E-6	
-101,50000000E-3	-16,14457831E-6	
-102,60000000E-3	-16,09752487E-6	
-103,50000000E-3	-16,04667896E-6	
-104,30000000E-3	-15,99314404E-6	
-105,30000000E-3	-15,93727139E-6	
-106,00000000E-3	-15,88016152E-6	
-107,00000000E-3	-15,82237785E-6	
-108,10000000E-3	-15,76384648E-6	
-108,80000000E-3	-15,70165156E-6	
-109,80000000E-3	-15,63770224E-6	
-110,80000000E-3	-15,57380328E-6	
-111,50000000E-3	-15,50894277E-6	
-112,50000000E-3	-15,44481250E-6	
-113,30000000E-3	-15,38282059E-6	
-114,20000000E-3	-15,31965156E-6	
-115,30000000E-3	-15,26030312E-6	
-116,10000000E-3	-15,20102736E-6	
-116,90000000E-3	-15,14078785E-6	
-117,90000000E-3	-15,08257181E-6	
-118,80000000E-3	-15,02825222E-6	
-119,80000000E-3	-14,97645091E-6	
-120,70000000E-3	-14,92694113E-6	
-121,40000000E-3	-14,87878608E-6	
-122,40000000E-3	-14,83189599E-6	
-123,40000000E-3	-14,78671863E-6	
-124,10000000E-3	-14,74377856E-6	
-125,20000000E-3	-14,70358261E-6	
-125,90000000E-3	-14,66719270E-6	
-126,90000000E-3	-14,63501328E-6	
-127,90000000E-3	-14,61078161E-6	
-128,90000000E-3	-14,59083035E-6	
-129,60000000E-3	-14,57309223E-6	
-130,70000000E-3	-14,55695489E-6	
-131,40000000E-3	-14,54188565E-6	
-132,40000000E-3	-14,52743111E-6	
-133,40000000E-3	-14,51502609E-6	
-134,10000000E-3	-14,50687795E-6	
-135,10000000E-3	-14,50370708E-6	
-135,70000000E-3	-14,50527358E-6	
-136,80000000E-3	-14,51146760E-6	
-137,80000000E-3	-14,52045568E-6	
-138,70000000E-3	-14,53058077E-6	
-139,50000000E-3	-14,54120600E-6	
-140,60000000E-3	-14,55332833E-6	
-141,60000000E-3	-14,56720795E-6	
-142,30000000E-3	-14,58261860E-6	
-143,30000000E-3	-14,59881009E-6	
-144,00000000E-3	-14,61551173E-6	
-145,00000000E-3	-14,63326475E-6	
-145,70000000E-3	-14,65247646E-6	
-146,70000000E-3	-14,67304033E-6	
-147,80000000E-3	-14,69416259E-6	
-148,50000000E-3	-14,71513940E-6	
-149,50000000E-3	-14,73678654E-6	
-150,50000000E-3	-14,75786012E-6	
-151,20000000E-3	-14,78097381E-6	
-152,20000000E-3	-14,80782952E-6	
-153,30000000E-3	-14,83507146E-6	
-154,10000000E-3	-14,86459645E-6	
-155,00000000E-3	-14,89453975E-6	
-155,90000000E-3	-14,92358754E-6	
-157,00000000E-3	-14,95348138E-6	
-157,80000000E-3	-14,98533177E-6	
-158,70000000E-3	-15,01885378E-6	
-159,50000000E-3	-15,05221502E-6	
-160,40000000E-3	-15,08594209E-6	
-161,40000000E-3	-15,11643063E-6	
-162,10000000E-3	-15,14743328E-6	
-163,20000000E-3	-15,17897555E-6	
-164,20000000E-3	-15,21083270E-6	
-165,20000000E-3	-15,24358172E-6	
-165,90000000E-3	-15,27631747E-6	
-166,90000000E-3	-15,30840385E-6	
-167,60000000E-3	-15,33895257E-6	
-168,70000000E-3	-15,36747679E-6	
-169,30000000E-3	-15,39422961E-6	
-170,40000000E-3	-15,42012667E-6	
-171,40000000E-3	-15,44675464E-6	
-172,10000000E-3	-15,47476406E-6	
-173,00000000E-3	-15,50501597E-6	
-174,20000000E-3	-15,53324199E-6	
-174,90000000E-3	-15,56085066E-6	
-175,90000000E-3	-15,58796895E-6	
-176,80000000E-3	-15,61583465E-6	
-177,50000000E-3	-15,64570936E-6	
-178,60000000E-3	-15,67822820E-6	
-179,30000000E-3	-15,71354090E-6	
-180,40000000E-3	-15,75033261E-6	
-181,30000000E-3	-15,78633164E-6	
-182,00000000E-3	-15,82001958E-6	
-183,10000000E-3	-15,85162272E-6	
-184,00000000E-3	-15,88220578E-6	
-184,70000000E-3	-15,91272442E-6	
-185,70000000E-3	-15,94424863E-6	
-186,40000000E-3	-15,97691129E-6	
-187,50000000E-3	-16,01069581E-6	
-188,50000000E-3	-16,04270166E-6	
-189,50000000E-3	-16,07119142E-6	
-190,20000000E-3	-16,09790631E-6	
-191,20000000E-3	-16,12467276E-6	
-192,00000000E-3	-16,15284761E-6	
-193,00000000E-3	-16,18229940E-6	
-194,00000000E-3	-16,21253312E-6	
-194,70000000E-3	-16,24318322E-6	
-195,80000000E-3	-16,27394482E-6	
-196,50000000E-3	-16,30422628E-6	
-197,50000000E-3	-16,33326604E-6	
-198,40000000E-3	-16,36074777E-6	
-199,10000000E-3	-16,38661260E-6	
-200,00000000E-3	-16,41212954E-6	
-200,70000000E-3	-16,43703490E-6	
-200,90000000E-3	-16,46070658E-6	
-201,10000000E-3	-16,48325464E-6	
-201,20000000E-3	-16,50429636E-6	
-201,20000000E-3	-16,52321877E-6	
-201,10000000E-3	-16,53878259E-6	
-201,00000000E-3	-16,55057630E-6	
-200,90000000E-3	-16,55993561E-6	
-200,70000000E-3	-16,56773544E-6	
-200,50000000E-3	-16,57459576E-6	
-200,40000000E-3	-16,57923705E-6	
