0,00000000E+0	-13,76292382E-6	
-0,00000000E+0	-13,76184594E-6	
-100,00000000E-6	-13,75891288E-6	
-500,00000000E-6	-13,75404348E-6	
-1,10000000E-3	-13,75048331E-6	
-1,60000000E-3	-13,74898972E-6	
-2,10000000E-3	-13,74907991E-6	
-2,90000000E-3	-13,74983728E-6	
-3,80000000E-3	-13,75014007E-6	
-4,40000000E-3	-13,74986992E-6	
-5,40000000E-3	-13,74998656E-6	
-6,00000000E-3	-13,75121026E-6	
-6,90000000E-3	-13,75410439E-6	
-7,70000000E-3	-13,75884304E-6	
-8,70000000E-3	-13,76568690E-6	
-9,40000000E-3	-13,77444959E-6	
-10,40000000E-3	-13,78514889E-6	
-11,30000000E-3	-13,79517466E-6	
-12,20000000E-3	-13,80245504E-6	
-12,90000000E-3	-13,80749977E-6	
-14,00000000E-3	-13,81038908E-6	
-15,10000000E-3	-13,81131702E-6	
-15,80000000E-3	-13,81064243E-6	
-16,90000000E-3	-13,80935033E-6	
-17,60000000E-3	-13,80916814E-6	
-18,30000000E-3	-13,81156734E-6	
-19,30000000E-3	-13,81696211E-6	
-20,40000000E-3	-13,82455039E-6	
-21,20000000E-3	-13,83300019E-6	
-22,30000000E-3	-13,84084907E-6	
-23,00000000E-3	-13,84726012E-6	
-23,90000000E-3	-13,85231595E-6	
-24,80000000E-3	-13,85578620E-6	
-25,50000000E-3	-13,85800349E-6	
-26,60000000E-3	-13,85904179E-6	
-27,60000000E-3	-13,85956817E-6	
-28,70000000E-3	-13,86116371E-6	
-29,50000000E-3	-13,86439496E-6	
-30,20000000E-3	-13,86771113E-6	
-30,90000000E-3	-13,86938969E-6	
-32,00000000E-3	-13,86919790E-6	
-33,10000000E-3	-13,86842003E-6	
-33,90000000E-3	-13,86830419E-6	
-34,90000000E-3	-13,86871857E-6	
-35,70000000E-3	-13,86845569E-6	
-36,70000000E-3	-13,86710409E-6	
-37,40000000E-3	-13,86472327E-6	
-38,60000000E-3	-13,86134342E-6	
-39,60000000E-3	-13,85724544E-6	
-40,40000000E-3	-13,85308314E-6	
-41,50000000E-3	-13,84922653E-6	
-42,10000000E-3	-13,84595239E-6	
-42,90000000E-3	-13,84349996E-6	
-44,00000000E-3	-13,84226434E-6	
-44,70000000E-3	-13,84220557E-6	
-45,80000000E-3	-13,84311570E-6	
-46,90000000E-3	-13,84422722E-6	
-47,60000000E-3	-13,84430600E-6	
-48,70000000E-3	-13,84238975E-6	
-49,40000000E-3	-13,83848307E-6	
-50,10000000E-3	-13,83333076E-6	
-51,20000000E-3	-13,82752145E-6	
-51,90000000E-3	-13,82234731E-6	
-53,00000000E-3	-13,81805286E-6	
-54,10000000E-3	-13,81326582E-6	
-54,80000000E-3	-13,80881371E-6	
-55,50000000E-3	-13,80634358E-6	
-56,60000000E-3	-13,80608780E-6	
-57,30000000E-3	-13,80675981E-6	
-58,50000000E-3	-13,80691716E-6	
-59,50000000E-3	-13,80501151E-6	
-60,30000000E-3	-13,80067728E-6	
-61,30000000E-3	-13,79448686E-6	
-62,10000000E-3	-13,78887778E-6	
-63,20000000E-3	-13,78485652E-6	
-63,90000000E-3	-13,78234084E-6	
-65,00000000E-3	-13,78012673E-6	
-66,00000000E-3	-13,77798212E-6	
-66,80000000E-3	-13,77697286E-6	
-67,50000000E-3	-13,77801537E-6	
-68,20000000E-3	-13,78073016E-6	
-69,30000000E-3	-13,78344148E-6	
-70,40000000E-3	-13,78480525E-6	
-71,10000000E-3	-13,78470452E-6	
-72,30000000E-3	-13,78352789E-6	
-73,00000000E-3	-13,78176817E-6	
-73,80000000E-3	-13,78036416E-6	
-74,80000000E-3	-13,77980734E-6	
-75,60000000E-3	-13,77980143E-6	
-76,60000000E-3	-13,77983603E-6	
-77,70000000E-3	-13,77967783E-6	
-78,40000000E-3	-13,77968459E-6	
-79,20000000E-3	-13,78028753E-6	
-80,30000000E-3	-13,78130848E-6	
-81,00000000E-3	-13,78180935E-6	
-82,10000000E-3	-13,78098688E-6	
-82,80000000E-3	-13,77909822E-6	
-83,80000000E-3	-13,77642456E-6	
-84,90000000E-3	-13,77343414E-6	
-85,70000000E-3	-13,77045765E-6	
-86,40000000E-3	-13,76763310E-6	
-87,60000000E-3	-13,76552563E-6	
-88,60000000E-3	-13,76453846E-6	
-89,40000000E-3	-13,76449911E-6	
-90,10000000E-3	-13,76491058E-6	
-91,20000000E-3	-13,76506753E-6	
-92,00000000E-3	-13,76504351E-6	
-93,10000000E-3	-13,76562402E-6	
-93,80000000E-3	-13,76686921E-6	
-94,60000000E-3	-13,76804919E-6	
-95,70000000E-3	-13,76876838E-6	
-96,80000000E-3	-13,76948263E-6	
-97,60000000E-3	-13,77047221E-6	
-98,30000000E-3	-13,77145925E-6	
-99,40000000E-3	-13,77223824E-6	
-100,10000000E-3	-13,77280243E-6	
-101,20000000E-3	-13,77352332E-6	
-102,30000000E-3	-13,77433733E-6	
-103,00000000E-3	-13,77481990E-6	
-103,80000000E-3	-13,77543196E-6	
-104,60000000E-3	-13,77710013E-6	
-105,60000000E-3	-13,77984169E-6	
-106,70000000E-3	-13,78266953E-6	
-107,50000000E-3	-13,78469738E-6	
-108,30000000E-3	-13,78516137E-6	
-109,40000000E-3	-13,78322810E-6	
-110,10000000E-3	-13,77914295E-6	
-111,30000000E-3	-13,77397026E-6	
-112,00000000E-3	-13,76895188E-6	
-112,70000000E-3	-13,76488038E-6	
-113,90000000E-3	-13,76251131E-6	
-114,60000000E-3	-13,76218397E-6	
-115,70000000E-3	-13,76328273E-6	
-116,50000000E-3	-13,76445143E-6	
-117,20000000E-3	-13,76450794E-6	
-118,40000000E-3	-13,76251252E-6	
-119,50000000E-3	-13,75899194E-6	
-120,20000000E-3	-13,75449635E-6	
-120,90000000E-3	-13,74989345E-6	
-122,10000000E-3	-13,74628000E-6	
-122,80000000E-3	-13,74394944E-6	
-123,90000000E-3	-13,74229634E-6	
-124,60000000E-3	-13,74057795E-6	
-125,40000000E-3	-13,73909860E-6	
-126,50000000E-3	-13,73825491E-6	
-127,60000000E-3	-13,73760655E-6	
-128,40000000E-3	-13,73633423E-6	
-129,10000000E-3	-13,73471394E-6	
-130,20000000E-3	-13,73335105E-6	
-131,00000000E-3	-13,73237694E-6	
-132,10000000E-3	-13,73172951E-6	
-132,80000000E-3	-13,73089141E-6	
-133,60000000E-3	-13,72931701E-6	
-134,70000000E-3	-13,72773383E-6	
-135,80000000E-3	-13,72681777E-6	
-136,60000000E-3	-13,72522028E-6	
-137,30000000E-3	-13,72251049E-6	
-138,50000000E-3	-13,72006963E-6	
-139,20000000E-3	-13,71946604E-6	
-140,30000000E-3	-13,72098322E-6	
-141,10000000E-3	-13,72324417E-6	
-141,80000000E-3	-13,72471928E-6	
-142,90000000E-3	-13,72522571E-6	
-143,60000000E-3	-13,72561118E-6	
-144,70000000E-3	-13,72679028E-6	
-145,50000000E-3	-13,72888109E-6	
-146,60000000E-3	-13,73205474E-6	
-147,40000000E-3	-13,73626538E-6	
-148,50000000E-3	-13,74061467E-6	
-149,20000000E-3	-13,74417903E-6	
-150,00000000E-3	-13,74674643E-6	
-151,10000000E-3	-13,74878871E-6	
-151,80000000E-3	-13,75095601E-6	
-153,00000000E-3	-13,75364583E-6	
-153,70000000E-3	-13,75658804E-6	
-154,40000000E-3	-13,75903843E-6	
-155,60000000E-3	-13,76069702E-6	
-156,40000000E-3	-13,76220379E-6	
-157,50000000E-3	-13,76430673E-6	
-158,20000000E-3	-13,76608312E-6	
-158,90000000E-3	-13,76716018E-6	
-160,10000000E-3	-13,76826621E-6	
-161,20000000E-3	-13,77076919E-6	
-161,90000000E-3	-13,77607144E-6	
-162,70000000E-3	-13,78353542E-6	
-163,80000000E-3	-13,79126809E-6	
-164,60000000E-3	-13,79800088E-6	
-165,70000000E-3	-13,80381694E-6	
-166,40000000E-3	-13,80867305E-6	
-167,20000000E-3	-13,81195417E-6	
-168,30000000E-3	-13,81313466E-6	
-169,40000000E-3	-13,81193759E-6	
-170,10000000E-3	-13,80957114E-6	
-170,90000000E-3	-13,80834160E-6	
-172,00000000E-3	-13,80964476E-6	
-173,10000000E-3	-13,81334206E-6	
-173,90000000E-3	-13,81817043E-6	
-174,60000000E-3	-13,82187863E-6	
-175,80000000E-3	-13,82433769E-6	
-176,50000000E-3	-13,82616834E-6	
-177,60000000E-3	-13,82864152E-6	
-178,40000000E-3	-13,83272248E-6	
-179,10000000E-3	-13,83771541E-6	
-180,30000000E-3	-13,84256471E-6	
-181,00000000E-3	-13,84708893E-6	
-182,10000000E-3	-13,85184716E-6	
-182,90000000E-3	-13,85709058E-6	
-183,60000000E-3	-13,86314816E-6	
-184,70000000E-3	-13,87082178E-6	
-185,90000000E-3	-13,87788442E-6	
-186,60000000E-3	-13,88429339E-6	
-187,30000000E-3	-13,88978230E-6	
-188,50000000E-3	-13,89473691E-6	
-189,20000000E-3	-13,89988102E-6	
-190,30000000E-3	-13,90581199E-6	
-191,10000000E-3	-13,91120848E-6	
-191,80000000E-3	-13,91631849E-6	
-193,00000000E-3	-13,92191730E-6	
-194,00000000E-3	-13,92828710E-6	
-194,70000000E-3	-13,93480949E-6	
-195,50000000E-3	-13,94058719E-6	
-196,60000000E-3	-13,94528052E-6	
-197,40000000E-3	-13,94930937E-6	
-198,40000000E-3	-13,95386089E-6	
-199,20000000E-3	-13,96011723E-6	
