-200,00000000E-3	-37,73771203E-6	
-200,00000000E-3	-37,61434191E-6	
-200,00000000E-3	-37,64104206E-6	
-199,80000000E-3	-37,67916404E-6	
-199,20000000E-3	-37,71707815E-6	
-198,70000000E-3	-37,74794686E-6	
-198,20000000E-3	-37,76757477E-6	
-197,50000000E-3	-37,77480394E-6	
-197,00000000E-3	-37,77213514E-6	
-196,10000000E-3	-37,76266969E-6	
-195,20000000E-3	-37,74867214E-6	
-194,60000000E-3	-37,72763610E-6	
-193,80000000E-3	-37,69602291E-6	
-192,80000000E-3	-37,65894724E-6	
-191,80000000E-3	-37,61533765E-6	
-191,10000000E-3	-37,56574278E-6	
-190,20000000E-3	-37,51569627E-6	
-189,50000000E-3	-37,46974220E-6	
-188,60000000E-3	-37,42352922E-6	
-187,60000000E-3	-37,36895898E-6	
-186,90000000E-3	-37,30475059E-6	
-185,90000000E-3	-37,24109304E-6	
-185,20000000E-3	-37,18947750E-6	
-184,20000000E-3	-37,15138269E-6	
-183,20000000E-3	-37,12233038E-6	
-182,50000000E-3	-37,09794117E-6	
-181,50000000E-3	-37,07470094E-6	
-180,50000000E-3	-37,05074813E-6	
-179,80000000E-3	-37,02708742E-6	
-178,70000000E-3	-36,99994753E-6	
-177,70000000E-3	-36,96088094E-6	
-177,10000000E-3	-36,90498741E-6	
-176,00000000E-3	-36,83194122E-6	
-175,30000000E-3	-36,74938118E-6	
-174,30000000E-3	-36,66734437E-6	
-173,30000000E-3	-36,58980141E-6	
-172,60000000E-3	-36,51324019E-6	
-171,50000000E-3	-36,42762873E-6	
-170,60000000E-3	-36,32813701E-6	
-169,90000000E-3	-36,22060017E-6	
-168,80000000E-3	-36,11684896E-6	
-168,20000000E-3	-36,01961755E-6	
-167,10000000E-3	-35,92809507E-6	
-166,10000000E-3	-35,83777252E-6	
-165,40000000E-3	-35,73947205E-6	
-164,40000000E-3	-35,63107675E-6	
-163,40000000E-3	-35,52274179E-6	
-162,70000000E-3	-35,42980253E-6	
-161,60000000E-3	-35,35567893E-6	
-160,90000000E-3	-35,29481725E-6	
-159,90000000E-3	-35,23182761E-6	
-158,90000000E-3	-35,14585197E-6	
-158,20000000E-3	-35,03314338E-6	
-157,20000000E-3	-34,91801808E-6	
-156,20000000E-3	-34,83748231E-6	
-155,50000000E-3	-34,81304820E-6	
-154,50000000E-3	-34,83749654E-6	
-153,40000000E-3	-34,88046622E-6	
-152,70000000E-3	-34,91736782E-6	
-151,70000000E-3	-34,93481444E-6	
-150,90000000E-3	-34,92132947E-6	
-150,00000000E-3	-34,86218372E-6	
-149,00000000E-3	-34,75252863E-6	
-148,10000000E-3	-34,60150930E-6	
-147,30000000E-3	-34,42801300E-6	
-146,20000000E-3	-34,26165400E-6	
-145,50000000E-3	-34,12949004E-6	
-144,50000000E-3	-34,03095711E-6	
-143,60000000E-3	-33,94369811E-6	
-142,80000000E-3	-33,83834784E-6	
-141,80000000E-3	-33,71483687E-6	
-141,10000000E-3	-33,59962449E-6	
-140,00000000E-3	-33,51508232E-6	
-139,10000000E-3	-33,47001907E-6	
-138,40000000E-3	-33,46002635E-6	
-137,30000000E-3	-33,47954891E-6	
-136,30000000E-3	-33,51594585E-6	
-135,50000000E-3	-33,54777841E-6	
-134,60000000E-3	-33,55996975E-6	
-133,80000000E-3	-33,55331638E-6	
-132,90000000E-3	-33,53472164E-6	
-131,80000000E-3	-33,50737517E-6	
-130,80000000E-3	-33,47355415E-6	
-130,00000000E-3	-33,43692197E-6	
-129,20000000E-3	-33,39591834E-6	
-128,30000000E-3	-33,33916426E-6	
-127,20000000E-3	-33,26012302E-6	
-126,40000000E-3	-33,16210805E-6	
-125,50000000E-3	-33,05600051E-6	
-124,70000000E-3	-32,95603459E-6	
-123,70000000E-3	-32,86713491E-6	
-122,60000000E-3	-32,79309085E-6	
-121,80000000E-3	-32,75422967E-6	
-121,00000000E-3	-32,76706968E-6	
-120,00000000E-3	-32,81504738E-6	
-119,20000000E-3	-32,86578471E-6	
-118,20000000E-3	-32,90900686E-6	
-117,30000000E-3	-32,96173971E-6	
-116,50000000E-3	-33,04047204E-6	
-115,40000000E-3	-33,15164520E-6	
-114,60000000E-3	-33,26694205E-6	
-113,80000000E-3	-33,36300512E-6	
-112,90000000E-3	-33,42816265E-6	
-112,00000000E-3	-33,46251125E-6	
-110,90000000E-3	-33,48056624E-6	
-110,10000000E-3	-33,48674939E-6	
-109,10000000E-3	-33,49565287E-6	
-108,20000000E-3	-33,53059078E-6	
-107,40000000E-3	-33,60104601E-6	
-106,60000000E-3	-33,69665510E-6	
-105,70000000E-3	-33,80263242E-6	
-104,60000000E-3	-33,90633690E-6	
-103,70000000E-3	-33,99846425E-6	
-102,80000000E-3	-34,08658880E-6	
-101,90000000E-3	-34,17696187E-6	
-101,00000000E-3	-34,29584113E-6	
-100,10000000E-3	-34,46197137E-6	
-99,30000000E-3	-34,64561160E-6	
-98,30000000E-3	-34,83264874E-6	
-97,60000000E-3	-35,00507746E-6	
-96,50000000E-3	-35,15598225E-6	
-95,50000000E-3	-35,28871257E-6	
-94,70000000E-3	-35,40964868E-6	
-93,80000000E-3	-35,51242227E-6	
-92,90000000E-3	-35,59638473E-6	
-92,10000000E-3	-35,66924289E-6	
-91,10000000E-3	-35,74433797E-6	
-90,10000000E-3	-35,83473182E-6	
-89,20000000E-3	-35,94116100E-6	
-88,30000000E-3	-36,05641491E-6	
-87,50000000E-3	-36,17295206E-6	
-86,50000000E-3	-36,29130544E-6	
-85,60000000E-3	-36,41245623E-6	
-84,80000000E-3	-36,52606841E-6	
-83,90000000E-3	-36,61347913E-6	
-82,90000000E-3	-36,66633320E-6	
-81,90000000E-3	-36,68339431E-6	
-81,20000000E-3	-36,65252500E-6	
-80,20000000E-3	-36,56781424E-6	
-79,30000000E-3	-36,45302847E-6	
-78,40000000E-3	-36,34263645E-6	
-77,40000000E-3	-36,24377021E-6	
-76,70000000E-3	-36,14667525E-6	
-75,70000000E-3	-36,03615212E-6	
-74,70000000E-3	-35,89408871E-6	
-74,00000000E-3	-35,71569759E-6	
-73,00000000E-3	-35,52575360E-6	
-72,20000000E-3	-35,35589284E-6	
-71,20000000E-3	-35,22162672E-6	
-70,20000000E-3	-35,12000702E-6	
-69,30000000E-3	-35,03399978E-6	
-68,50000000E-3	-34,93471125E-6	
-67,60000000E-3	-34,78164984E-6	
-66,80000000E-3	-34,57226666E-6	
-65,90000000E-3	-34,35854236E-6	
-65,00000000E-3	-34,19751661E-6	
-64,00000000E-3	-34,12128139E-6	
-63,00000000E-3	-34,11334830E-6	
-62,30000000E-3	-34,12517853E-6	
-61,40000000E-3	-34,11075197E-6	
-60,50000000E-3	-34,05321321E-6	
-59,60000000E-3	-33,97226082E-6	
-58,50000000E-3	-33,90603777E-6	
-57,80000000E-3	-33,88727028E-6	
-56,90000000E-3	-33,93468794E-6	
-56,00000000E-3	-34,05324684E-6	
-55,10000000E-3	-34,20922478E-6	
-54,00000000E-3	-34,39079478E-6	
-53,30000000E-3	-34,59320675E-6	
-52,30000000E-3	-34,80968443E-6	
-51,30000000E-3	-35,03567710E-6	
-50,50000000E-3	-35,27921713E-6	
-49,60000000E-3	-35,54383080E-6	
-48,70000000E-3	-35,83228923E-6	
-47,80000000E-3	-36,09437803E-6	
-46,80000000E-3	-36,34786929E-6	
-46,10000000E-3	-36,58849500E-6	
-45,10000000E-3	-36,81590092E-6	
-44,10000000E-3	-37,04837978E-6	
-43,40000000E-3	-37,31007311E-6	
-42,30000000E-3	-37,62770247E-6	
-41,70000000E-3	-37,98906785E-6	
-40,60000000E-3	-38,34225311E-6	
-39,60000000E-3	-38,63330687E-6	
-38,70000000E-3	-38,84972872E-6	
-37,90000000E-3	-39,02326424E-6	
-36,80000000E-3	-39,19393400E-6	
-36,20000000E-3	-39,37583448E-6	
-35,20000000E-3	-39,55193871E-6	
-34,30000000E-3	-39,71140132E-6	
-33,40000000E-3	-39,85545483E-6	
-32,40000000E-3	-39,99520249E-6	
-31,70000000E-3	-40,12883110E-6	
-30,70000000E-3	-40,24063014E-6	
-29,60000000E-3	-40,32606245E-6	
-28,90000000E-3	-40,38706562E-6	
-27,90000000E-3	-40,43321359E-6	
-27,20000000E-3	-40,47591414E-6	
-26,20000000E-3	-40,51741910E-6	
-25,20000000E-3	-40,55436496E-6	
-24,40000000E-3	-40,58636093E-6	
-23,40000000E-3	-40,61761330E-6	
-22,40000000E-3	-40,64163182E-6	
-21,70000000E-3	-40,65423973E-6	
-20,70000000E-3	-40,65402767E-6	
-19,60000000E-3	-40,64533924E-6	
-18,90000000E-3	-40,63463450E-6	
-17,90000000E-3	-40,62517817E-6	
-16,90000000E-3	-40,62297354E-6	
-16,20000000E-3	-40,63685965E-6	
-15,10000000E-3	-40,67249748E-6	
-14,10000000E-3	-40,72147628E-6	
-13,40000000E-3	-40,76031385E-6	
-12,40000000E-3	-40,76910190E-6	
-11,70000000E-3	-40,75271069E-6	
-10,60000000E-3	-40,72908945E-6	
-9,60000000E-3	-40,71177869E-6	
-8,50000000E-3	-40,69102177E-6	
-7,90000000E-3	-40,65763174E-6	
-6,90000000E-3	-40,61884263E-6	
-5,80000000E-3	-40,58424698E-6	
-5,10000000E-3	-40,55418102E-6	
-4,10000000E-3	-40,52589799E-6	
-3,20000000E-3	-40,50431304E-6	
-2,30000000E-3	-40,50175791E-6	
-1,20000000E-3	-40,52254097E-6	
-500,00000000E-6	-40,56083933E-6	
500,00000000E-6	-40,60662523E-6	
1,40000000E-3	-40,63913916E-6	
2,30000000E-3	-40,63707739E-6	
3,30000000E-3	-40,59924330E-6	
4,30000000E-3	-40,53832679E-6	
5,00000000E-3	-40,47234241E-6	
6,10000000E-3	-40,41544530E-6	
6,70000000E-3	-40,36520962E-6	
7,80000000E-3	-40,31620047E-6	
8,70000000E-3	-40,27979935E-6	
9,50000000E-3	-40,26814068E-6	
10,60000000E-3	-40,27738787E-6	
11,50000000E-3	-40,29095483E-6	
12,30000000E-3	-40,29393435E-6	
13,10000000E-3	-40,28659056E-6	
14,00000000E-3	-40,27718582E-6	
15,00000000E-3	-40,27562269E-6	
15,80000000E-3	-40,29412018E-6	
16,80000000E-3	-40,33894143E-6	
17,80000000E-3	-40,40722831E-6	
18,50000000E-3	-40,46895366E-6	
19,50000000E-3	-40,50572314E-6	
20,20000000E-3	-40,50835600E-6	
21,20000000E-3	-40,47909701E-6	
22,30000000E-3	-40,43257326E-6	
23,00000000E-3	-40,38662152E-6	
23,80000000E-3	-40,35068728E-6	
24,70000000E-3	-40,33193793E-6	
25,80000000E-3	-40,33376003E-6	
26,80000000E-3	-40,35814865E-6	
27,40000000E-3	-40,40496533E-6	
28,50000000E-3	-40,46627163E-6	
29,60000000E-3	-40,52328878E-6	
30,30000000E-3	-40,56068104E-6	
31,30000000E-3	-40,57854659E-6	
32,00000000E-3	-40,58547301E-6	
33,00000000E-3	-40,58523575E-6	
34,00000000E-3	-40,57887479E-6	
34,70000000E-3	-40,57401969E-6	
35,80000000E-3	-40,57992026E-6	
36,50000000E-3	-40,59481341E-6	
37,50000000E-3	-40,62345354E-6	
38,50000000E-3	-40,67883581E-6	
39,20000000E-3	-40,74742309E-6	
40,30000000E-3	-40,79853802E-6	
41,30000000E-3	-40,80719653E-6	
42,30000000E-3	-40,78609354E-6	
43,00000000E-3	-40,74439466E-6	
44,00000000E-3	-40,68084239E-6	
45,10000000E-3	-40,58839651E-6	
45,70000000E-3	-40,45868148E-6	
46,80000000E-3	-40,28583447E-6	
47,50000000E-3	-40,05451848E-6	
48,60000000E-3	-39,78241414E-6	
49,50000000E-3	-39,47511086E-6	
50,20000000E-3	-39,15508939E-6	
51,00000000E-3	-38,83227218E-6	
52,10000000E-3	-38,50538932E-6	
53,10000000E-3	-38,14871496E-6	
53,90000000E-3	-37,76142872E-6	
54,90000000E-3	-37,37406769E-6	
55,50000000E-3	-37,01855086E-6	
56,60000000E-3	-36,69078465E-6	
57,60000000E-3	-36,37397730E-6	
58,30000000E-3	-36,07120306E-6	
59,30000000E-3	-35,78955134E-6	
60,00000000E-3	-35,52560195E-6	
61,10000000E-3	-35,24929383E-6	
62,10000000E-3	-34,95113680E-6	
62,70000000E-3	-34,64242044E-6	
63,80000000E-3	-34,33486228E-6	
64,90000000E-3	-34,05429536E-6	
65,60000000E-3	-33,81728181E-6	
66,60000000E-3	-33,62837463E-6	
67,20000000E-3	-33,48237764E-6	
68,30000000E-3	-33,35817325E-6	
69,40000000E-3	-33,24379244E-6	
70,40000000E-3	-33,12841339E-6	
71,10000000E-3	-33,02252503E-6	
72,10000000E-3	-32,93306485E-6	
72,80000000E-3	-32,85850376E-6	
73,80000000E-3	-32,78552558E-6	
74,80000000E-3	-32,70885659E-6	
75,50000000E-3	-32,64064960E-6	
76,60000000E-3	-32,60717352E-6	
77,60000000E-3	-32,62406382E-6	
78,30000000E-3	-32,67862755E-6	
79,40000000E-3	-32,72430792E-6	
80,40000000E-3	-32,73607529E-6	
81,10000000E-3	-32,72115256E-6	
82,20000000E-3	-32,71209575E-6	
82,80000000E-3	-32,73823522E-6	
83,80000000E-3	-32,80504364E-6	
84,90000000E-3	-32,89764084E-6	
85,60000000E-3	-32,98928422E-6	
86,60000000E-3	-33,05863433E-6	
87,30000000E-3	-33,10990001E-6	
88,30000000E-3	-33,16310747E-6	
89,40000000E-3	-33,22764453E-6	
90,10000000E-3	-33,29363096E-6	
91,10000000E-3	-33,34793762E-6	
92,00000000E-3	-33,37373949E-6	
92,80000000E-3	-33,36413638E-6	
93,90000000E-3	-33,31207356E-6	
94,90000000E-3	-33,24774463E-6	
95,60000000E-3	-33,20320505E-6	
96,40000000E-3	-33,19367100E-6	
97,30000000E-3	-33,21310305E-6	
98,40000000E-3	-33,23720108E-6	
99,40000000E-3	-33,23843707E-6	
100,10000000E-3	-33,20360811E-6	
100,80000000E-3	-33,12354581E-6	
101,80000000E-3	-32,97305647E-6	
102,90000000E-3	-32,77577882E-6	
103,50000000E-3	-32,56879044E-6	
104,50000000E-3	-32,38507156E-6	
105,60000000E-3	-32,22420791E-6	
106,30000000E-3	-32,06969548E-6	
107,30000000E-3	-31,91337313E-6	
108,30000000E-3	-31,77517482E-6	
109,00000000E-3	-31,64463816E-6	
110,10000000E-3	-31,52019470E-6	
111,10000000E-3	-31,42080270E-6	
111,80000000E-3	-31,32673898E-6	
113,00000000E-3	-31,22060613E-6	
113,70000000E-3	-31,10443809E-6	
114,70000000E-3	-30,98843526E-6	
115,80000000E-3	-30,87985461E-6	
116,40000000E-3	-30,78234107E-6	
117,50000000E-3	-30,69328947E-6	
118,20000000E-3	-30,59624538E-6	
119,20000000E-3	-30,47384711E-6	
120,30000000E-3	-30,32738675E-6	
121,00000000E-3	-30,18180363E-6	
122,10000000E-3	-30,07387684E-6	
123,10000000E-3	-30,02900328E-6	
123,70000000E-3	-30,04692147E-6	
124,80000000E-3	-30,09981472E-6	
125,50000000E-3	-30,15435682E-6	
126,50000000E-3	-30,19187916E-6	
127,50000000E-3	-30,20029856E-6	
128,20000000E-3	-30,18004516E-6	
129,30000000E-3	-30,13460809E-6	
130,20000000E-3	-30,07291319E-6	
131,00000000E-3	-30,01100643E-6	
132,00000000E-3	-29,96731882E-6	
132,90000000E-3	-29,94445585E-6	
133,70000000E-3	-29,92352586E-6	
134,70000000E-3	-29,88478519E-6	
135,50000000E-3	-29,83304312E-6	
136,10000000E-3	-29,79385375E-6	
137,10000000E-3	-29,77661298E-6	
138,10000000E-3	-29,76292047E-6	
138,90000000E-3	-29,73570230E-6	
139,90000000E-3	-29,70050273E-6	
140,60000000E-3	-29,68352523E-6	
141,60000000E-3	-29,69855731E-6	
142,70000000E-3	-29,74191010E-6	
143,30000000E-3	-29,80429562E-6	
144,40000000E-3	-29,87201140E-6	
145,40000000E-3	-29,92831884E-6	
146,10000000E-3	-29,96809995E-6	
147,20000000E-3	-30,00362209E-6	
147,80000000E-3	-30,04615683E-6	
148,80000000E-3	-30,09484273E-6	
149,90000000E-3	-30,14598101E-6	
150,60000000E-3	-30,19291451E-6	
151,60000000E-3	-30,22925648E-6	
152,30000000E-3	-30,25814211E-6	
153,30000000E-3	-30,28613116E-6	
154,40000000E-3	-30,31643206E-6	
155,40000000E-3	-30,34620786E-6	
156,10000000E-3	-30,37253681E-6	
157,20000000E-3	-30,39875559E-6	
157,80000000E-3	-30,42835285E-6	
158,90000000E-3	-30,46331927E-6	
159,90000000E-3	-30,50247038E-6	
160,60000000E-3	-30,55387810E-6	
161,70000000E-3	-30,62132672E-6	
162,40000000E-3	-30,70787123E-6	
163,40000000E-3	-30,81621631E-6	
164,50000000E-3	-30,93857063E-6	
165,20000000E-3	-31,05453777E-6	
166,20000000E-3	-31,15117034E-6	
166,90000000E-3	-31,23018402E-6	
168,10000000E-3	-31,29731583E-6	
168,70000000E-3	-31,35673973E-6	
169,80000000E-3	-31,40712669E-6	
170,40000000E-3	-31,44746101E-6	
171,50000000E-3	-31,48617279E-6	
172,60000000E-3	-31,53368817E-6	
173,30000000E-3	-31,58972983E-6	
174,20000000E-3	-31,65090430E-6	
175,30000000E-3	-31,71089016E-6	
176,00000000E-3	-31,78366450E-6	
177,10000000E-3	-31,88628769E-6	
178,10000000E-3	-32,00267964E-6	
178,70000000E-3	-32,11390157E-6	
179,80000000E-3	-32,20722536E-6	
180,80000000E-3	-32,27177121E-6	
181,70000000E-3	-32,31426961E-6	
182,60000000E-3	-32,32906969E-6	
183,60000000E-3	-32,30550454E-6	
184,40000000E-3	-32,24471404E-6	
185,30000000E-3	-32,15986411E-6	
186,30000000E-3	-32,07410296E-6	
187,10000000E-3	-32,01184164E-6	
188,10000000E-3	-31,98609541E-6	
189,00000000E-3	-31,99685183E-6	
189,80000000E-3	-32,03648376E-6	
190,80000000E-3	-32,10318006E-6	
191,50000000E-3	-32,18614666E-6	
192,20000000E-3	-32,28028344E-6	
193,30000000E-3	-32,37489484E-6	
194,30000000E-3	-32,45665128E-6	
195,30000000E-3	-32,52271238E-6	
196,00000000E-3	-32,58403957E-6	
196,80000000E-3	-32,65414753E-6	
198,00000000E-3	-32,73908944E-6	
198,70000000E-3	-32,82522875E-6	
199,70000000E-3	-32,89006594E-6	
