100,00000000E-6	-13,39931588E-6	
0,00000000E+0	-13,40077058E-6	
-100,00000000E-6	-13,40247571E-6	
-400,00000000E-6	-13,40377476E-6	
-900,00000000E-6	-13,40351294E-6	
-1,40000000E-3	-13,40141219E-6	
-2,10000000E-3	-13,39830987E-6	
-2,80000000E-3	-13,39517578E-6	
-3,50000000E-3	-13,39325738E-6	
-4,40000000E-3	-13,39329332E-6	
-5,00000000E-3	-13,39463815E-6	
-5,80000000E-3	-13,39650868E-6	
-6,80000000E-3	-13,39886983E-6	
-7,60000000E-3	-13,40191988E-6	
-8,40000000E-3	-13,40593692E-6	
-9,30000000E-3	-13,41128607E-6	
-10,20000000E-3	-13,41855195E-6	
-11,00000000E-3	-13,42716367E-6	
-11,90000000E-3	-13,43541983E-6	
-12,70000000E-3	-13,44246218E-6	
-13,70000000E-3	-13,44850534E-6	
-14,50000000E-3	-13,45428315E-6	
-15,40000000E-3	-13,45967491E-6	
-16,30000000E-3	-13,46499106E-6	
-17,30000000E-3	-13,46955446E-6	
-18,10000000E-3	-13,47295110E-6	
-19,10000000E-3	-13,47569035E-6	
-19,90000000E-3	-13,47895101E-6	
-20,80000000E-3	-13,48308419E-6	
-21,80000000E-3	-13,48738375E-6	
-22,60000000E-3	-13,49032527E-6	
-23,70000000E-3	-13,49102437E-6	
-24,50000000E-3	-13,49031720E-6	
-25,40000000E-3	-13,48972959E-6	
-26,20000000E-3	-13,49036274E-6	
-27,20000000E-3	-13,49260404E-6	
-28,20000000E-3	-13,49645472E-6	
-29,10000000E-3	-13,50136717E-6	
-30,00000000E-3	-13,50614555E-6	
-30,90000000E-3	-13,51020359E-6	
-31,70000000E-3	-13,51395335E-6	
-32,60000000E-3	-13,51837650E-6	
-33,40000000E-3	-13,52317543E-6	
-34,50000000E-3	-13,52724835E-6	
-35,50000000E-3	-13,52902153E-6	
-36,30000000E-3	-13,52888818E-6	
-37,20000000E-3	-13,52877369E-6	
-38,10000000E-3	-13,53004303E-6	
-38,90000000E-3	-13,53251150E-6	
-39,90000000E-3	-13,53504708E-6	
-41,00000000E-3	-13,53705250E-6	
-41,70000000E-3	-13,53871924E-6	
-42,70000000E-3	-13,54047148E-6	
-43,60000000E-3	-13,54254783E-6	
-44,50000000E-3	-13,54560628E-6	
-45,30000000E-3	-13,54944644E-6	
-46,20000000E-3	-13,55327671E-6	
-47,10000000E-3	-13,55621918E-6	
-48,10000000E-3	-13,55744120E-6	
-49,10000000E-3	-13,55588257E-6	
-49,90000000E-3	-13,55197956E-6	
-50,80000000E-3	-13,54706328E-6	
-51,70000000E-3	-13,54307637E-6	
-52,80000000E-3	-13,54098577E-6	
-53,60000000E-3	-13,53956908E-6	
-54,40000000E-3	-13,53833402E-6	
-55,50000000E-3	-13,53685283E-6	
-56,30000000E-3	-13,53475791E-6	
-57,30000000E-3	-13,53241488E-6	
-58,20000000E-3	-13,53135286E-6	
-59,10000000E-3	-13,53175791E-6	
-60,00000000E-3	-13,53301896E-6	
-60,80000000E-3	-13,53461199E-6	
-61,80000000E-3	-13,53609670E-6	
-62,50000000E-3	-13,53708979E-6	
-63,60000000E-3	-13,53780642E-6	
-64,50000000E-3	-13,53938004E-6	
-65,40000000E-3	-13,54260385E-6	
-66,20000000E-3	-13,54578849E-6	
-67,10000000E-3	-13,54789828E-6	
-68,00000000E-3	-13,54870297E-6	
-69,00000000E-3	-13,54811502E-6	
-70,00000000E-3	-13,54666203E-6	
-70,80000000E-3	-13,54545389E-6	
-71,70000000E-3	-13,54530117E-6	
-72,70000000E-3	-13,54563275E-6	
-73,60000000E-3	-13,54532764E-6	
-74,40000000E-3	-13,54382928E-6	
-75,50000000E-3	-13,54200676E-6	
-76,10000000E-3	-13,54123865E-6	
-77,20000000E-3	-13,54214568E-6	
-78,20000000E-3	-13,54432276E-6	
-79,10000000E-3	-13,54679558E-6	
-79,90000000E-3	-13,54833274E-6	
-81,00000000E-3	-13,54930844E-6	
-81,70000000E-3	-13,55071184E-6	
-82,70000000E-3	-13,55336464E-6	
-83,70000000E-3	-13,55718540E-6	
-84,40000000E-3	-13,56091940E-6	
-85,50000000E-3	-13,56338990E-6	
-86,30000000E-3	-13,56433842E-6	
-87,10000000E-3	-13,56429126E-6	
-88,20000000E-3	-13,56428802E-6	
-88,80000000E-3	-13,56471000E-6	
-89,90000000E-3	-13,56515704E-6	
-90,90000000E-3	-13,56505464E-6	
-91,80000000E-3	-13,56354865E-6	
-92,60000000E-3	-13,56062692E-6	
-93,60000000E-3	-13,55716968E-6	
-94,50000000E-3	-13,55395071E-6	
-95,30000000E-3	-13,55251138E-6	
-96,40000000E-3	-13,55270053E-6	
-97,10000000E-3	-13,55308728E-6	
-98,10000000E-3	-13,55276667E-6	
-99,10000000E-3	-13,55192130E-6	
-99,60000000E-3	-13,55101238E-6	
-101,00000000E-3	-13,55061269E-6	
-101,70000000E-3	-13,55162617E-6	
-102,70000000E-3	-13,55445095E-6	
-103,40000000E-3	-13,55835938E-6	
-104,40000000E-3	-13,56250982E-6	
-105,50000000E-3	-13,56574952E-6	
-106,50000000E-3	-13,56806973E-6	
-107,20000000E-3	-13,56938401E-6	
-108,20000000E-3	-13,56965654E-6	
-108,80000000E-3	-13,56894443E-6	
-109,90000000E-3	-13,56744403E-6	
-111,00000000E-3	-13,56647477E-6	
-111,60000000E-3	-13,56675655E-6	
-112,60000000E-3	-13,56787363E-6	
-113,70000000E-3	-13,56927396E-6	
-114,30000000E-3	-13,57055609E-6	
-115,40000000E-3	-13,57123637E-6	
-116,00000000E-3	-13,57103598E-6	
-117,10000000E-3	-13,57005105E-6	
-118,10000000E-3	-13,56873303E-6	
-118,80000000E-3	-13,56735794E-6	
-119,80000000E-3	-13,56640086E-6	
-120,90000000E-3	-13,56637511E-6	
-121,50000000E-3	-13,56722226E-6	
-122,60000000E-3	-13,56843916E-6	
-123,60000000E-3	-13,56931691E-6	
-124,30000000E-3	-13,56893452E-6	
-125,30000000E-3	-13,56701716E-6	
-126,40000000E-3	-13,56491337E-6	
-127,00000000E-3	-13,56333086E-6	
-128,00000000E-3	-13,56213502E-6	
-129,10000000E-3	-13,56150919E-6	
-129,80000000E-3	-13,56189868E-6	
-130,80000000E-3	-13,56344918E-6	
-131,80000000E-3	-13,56615292E-6	
-132,50000000E-3	-13,56998406E-6	
-133,50000000E-3	-13,57453525E-6	
-134,20000000E-3	-13,57902324E-6	
-135,20000000E-3	-13,58271875E-6	
-136,30000000E-3	-13,58475175E-6	
-136,90000000E-3	-13,58584566E-6	
-138,00000000E-3	-13,58662308E-6	
-139,00000000E-3	-13,58739246E-6	
-139,70000000E-3	-13,58830731E-6	
-140,70000000E-3	-13,58924519E-6	
-141,80000000E-3	-13,59013512E-6	
-142,80000000E-3	-13,59103072E-6	
-143,50000000E-3	-13,59153708E-6	
-144,50000000E-3	-13,59115863E-6	
-145,20000000E-3	-13,58991209E-6	
-146,20000000E-3	-13,58864427E-6	
-147,30000000E-3	-13,58772489E-6	
-147,90000000E-3	-13,58665600E-6	
-148,90000000E-3	-13,58576555E-6	
-150,00000000E-3	-13,58623429E-6	
-150,70000000E-3	-13,58903016E-6	
-151,70000000E-3	-13,59430597E-6	
-152,70000000E-3	-13,60150012E-6	
-153,40000000E-3	-13,60994696E-6	
-154,50000000E-3	-13,61807134E-6	
-155,50000000E-3	-13,62391862E-6	
-156,20000000E-3	-13,62708577E-6	
-157,30000000E-3	-13,62889505E-6	
-157,90000000E-3	-13,63041376E-6	
-158,90000000E-3	-13,63150302E-6	
-160,00000000E-3	-13,63143093E-6	
-160,70000000E-3	-13,63072898E-6	
-161,70000000E-3	-13,63044279E-6	
-162,80000000E-3	-13,63075585E-6	
-163,40000000E-3	-13,63145890E-6	
-164,50000000E-3	-13,63253618E-6	
-165,30000000E-3	-13,63340341E-6	
-166,20000000E-3	-13,63376632E-6	
-167,10000000E-3	-13,63475337E-6	
-167,90000000E-3	-13,63747896E-6	
-168,90000000E-3	-13,64226553E-6	
-169,90000000E-3	-13,64897644E-6	
-170,60000000E-3	-13,65545815E-6	
-171,60000000E-3	-13,66105660E-6	
-172,40000000E-3	-13,66608228E-6	
-173,40000000E-3	-13,67011314E-6	
-174,40000000E-3	-13,67309507E-6	
-175,10000000E-3	-13,67527437E-6	
-176,20000000E-3	-13,67732561E-6	
-176,90000000E-3	-13,68031445E-6	
-177,90000000E-3	-13,68559354E-6	
-179,00000000E-3	-13,69337015E-6	
-179,60000000E-3	-13,70212565E-6	
-180,70000000E-3	-13,71008432E-6	
-181,40000000E-3	-13,71710363E-6	
-182,30000000E-3	-13,72451481E-6	
-183,40000000E-3	-13,73269294E-6	
-184,10000000E-3	-13,74014793E-6	
-185,20000000E-3	-13,74549812E-6	
-186,10000000E-3	-13,74929808E-6	
-186,80000000E-3	-13,75266202E-6	
-188,00000000E-3	-13,75588178E-6	
-189,00000000E-3	-13,75861077E-6	
-189,60000000E-3	-13,76079762E-6	
-190,60000000E-3	-13,76284630E-6	
-191,30000000E-3	-13,76508437E-6	
-192,40000000E-3	-13,76785112E-6	
-193,40000000E-3	-13,77186573E-6	
-194,20000000E-3	-13,77768829E-6	
-195,10000000E-3	-13,78496710E-6	
-195,80000000E-3	-13,79348000E-6	
-196,90000000E-3	-13,80428176E-6	
-197,90000000E-3	-13,81566471E-6	
-198,60000000E-3	-13,82631453E-6	
-199,60000000E-3	-13,83397516E-6	
