0,00000000E+0	-15,24175280E-6	
-0,00000000E+0	-15,23361454E-6	
100,00000000E-6	-15,23169224E-6	
-100,00000000E-6	-15,22954079E-6	
-700,00000000E-6	-15,22530222E-6	
-1,00000000E-3	-15,21926956E-6	
-1,60000000E-3	-15,21342583E-6	
-2,40000000E-3	-15,20946979E-6	
-3,20000000E-3	-15,20847530E-6	
-3,70000000E-3	-15,20985996E-6	
-4,60000000E-3	-15,21287083E-6	
-5,50000000E-3	-15,21585559E-6	
-6,10000000E-3	-15,21774942E-6	
-7,00000000E-3	-15,21823552E-6	
-8,00000000E-3	-15,21826850E-6	
-8,60000000E-3	-15,21876265E-6	
-9,60000000E-3	-15,21990152E-6	
-10,20000000E-3	-15,22148343E-6	
-11,20000000E-3	-15,22316150E-6	
-12,20000000E-3	-15,22497827E-6	
-12,90000000E-3	-15,22708704E-6	
-13,90000000E-3	-15,22979863E-6	
-15,00000000E-3	-15,23336640E-6	
-15,60000000E-3	-15,23755245E-6	
-16,60000000E-3	-15,24194544E-6	
-17,40000000E-3	-15,24603871E-6	
-18,30000000E-3	-15,24951208E-6	
-19,30000000E-3	-15,25238608E-6	
-20,10000000E-3	-15,25520339E-6	
-21,00000000E-3	-15,25814263E-6	
-22,00000000E-3	-15,26085056E-6	
-22,90000000E-3	-15,26248670E-6	
-23,70000000E-3	-15,26211224E-6	
-24,70000000E-3	-15,25987046E-6	
-25,80000000E-3	-15,25670827E-6	
-26,50000000E-3	-15,25347593E-6	
-27,50000000E-3	-15,25065333E-6	
-28,30000000E-3	-15,24794364E-6	
-29,20000000E-3	-15,24478674E-6	
-30,20000000E-3	-15,24128816E-6	
-31,30000000E-3	-15,23815016E-6	
-31,90000000E-3	-15,23573440E-6	
-33,00000000E-3	-15,23297558E-6	
-33,90000000E-3	-15,22838000E-6	
-34,90000000E-3	-15,22202886E-6	
-35,70000000E-3	-15,21455602E-6	
-36,70000000E-3	-15,20604474E-6	
-36,80000000E-3	-15,19569623E-6	
-38,30000000E-3	-15,18271586E-6	
-39,20000000E-3	-15,16656499E-6	
-40,20000000E-3	-15,15054908E-6	
-41,30000000E-3	-15,13488501E-6	
-42,00000000E-3	-15,12053965E-6	
-43,00000000E-3	-15,10696466E-6	
-43,70000000E-3	-15,09253633E-6	
-44,70000000E-3	-15,07605367E-6	
-45,70000000E-3	-15,05707636E-6	
-46,40000000E-3	-15,03638501E-6	
-47,40000000E-3	-15,01252738E-6	
-48,50000000E-3	-14,98774837E-6	
-49,50000000E-3	-14,96394569E-6	
-50,50000000E-3	-14,94233148E-6	
-51,20000000E-3	-14,92158499E-6	
-52,20000000E-3	-14,89872194E-6	
-53,20000000E-3	-14,87568467E-6	
-53,40000000E-3	-14,85153331E-6	
-55,10000000E-3	-14,82606413E-6	
-55,80000000E-3	-14,79992570E-6	
-56,80000000E-3	-14,77224658E-6	
-57,80000000E-3	-14,74670748E-6	
-58,50000000E-3	-14,72217116E-6	
-59,50000000E-3	-14,69902455E-6	
-60,50000000E-3	-14,67730048E-6	
-61,20000000E-3	-14,65609777E-6	
-62,20000000E-3	-14,63453306E-6	
-63,30000000E-3	-14,61347917E-6	
-63,90000000E-3	-14,59284874E-6	
-65,00000000E-3	-14,57461257E-6	
-66,00000000E-3	-14,55730127E-6	
-66,70000000E-3	-14,54109257E-6	
-67,70000000E-3	-14,52634096E-6	
-68,70000000E-3	-14,51228614E-6	
-69,40000000E-3	-14,49876864E-6	
-70,40000000E-3	-14,48560629E-6	
-71,40000000E-3	-14,47244370E-6	
-72,20000000E-3	-14,45958013E-6	
-73,20000000E-3	-14,44985100E-6	
-74,20000000E-3	-14,44334698E-6	
-74,90000000E-3	-14,43968536E-6	
-75,90000000E-3	-14,43748592E-6	
-76,60000000E-3	-14,43528612E-6	
-77,70000000E-3	-14,43279247E-6	
-78,70000000E-3	-14,43092251E-6	
-79,40000000E-3	-14,43058918E-6	
-80,40000000E-3	-14,43214459E-6	
-81,50000000E-3	-14,43508026E-6	
-82,40000000E-3	-14,43816267E-6	
-83,10000000E-3	-14,44075794E-6	
-84,20000000E-3	-14,44317818E-6	
-85,20000000E-3	-14,44605891E-6	
-86,00000000E-3	-14,44999242E-6	
-86,90000000E-3	-14,45454748E-6	
-87,90000000E-3	-14,45900000E-6	
-88,80000000E-3	-14,46212665E-6	
-89,60000000E-3	-14,46393946E-6	
-90,60000000E-3	-14,46507498E-6	
-91,70000000E-3	-14,46592257E-6	
-92,40000000E-3	-14,46630449E-6	
-93,40000000E-3	-14,46591018E-6	
-94,30000000E-3	-14,46474573E-6	
-95,10000000E-3	-14,46299477E-6	
-96,10000000E-3	-14,46119093E-6	
-97,20000000E-3	-14,45998681E-6	
-97,80000000E-3	-14,45916501E-6	
-98,80000000E-3	-14,45785727E-6	
-99,70000000E-3	-14,45490404E-6	
-100,60000000E-3	-14,44890758E-6	
-101,40000000E-3	-14,43930431E-6	
-102,30000000E-3	-14,42690308E-6	
-103,30000000E-3	-14,41348283E-6	
-104,30000000E-3	-14,40016253E-6	
-105,00000000E-3	-14,38713372E-6	
-106,10000000E-3	-14,37400012E-6	
-106,90000000E-3	-14,36102462E-6	
-107,90000000E-3	-14,34904457E-6	
-108,80000000E-3	-14,33821340E-6	
-109,60000000E-3	-14,32781277E-6	
-110,70000000E-3	-14,31686674E-6	
-111,60000000E-3	-14,30438561E-6	
-112,60000000E-3	-14,28967182E-6	
-113,40000000E-3	-14,27411906E-6	
-114,30000000E-3	-14,25876992E-6	
-115,20000000E-3	-14,24351524E-6	
-116,00000000E-3	-14,22883642E-6	
-117,10000000E-3	-14,21450332E-6	
-118,00000000E-3	-14,20239164E-6	
-118,80000000E-3	-14,19136986E-6	
-119,80000000E-3	-14,17989184E-6	
-120,40000000E-3	-14,16642629E-6	
-121,50000000E-3	-14,15183171E-6	
-122,30000000E-3	-14,13735879E-6	
-123,20000000E-3	-14,12338964E-6	
-124,20000000E-3	-14,11021136E-6	
-125,20000000E-3	-14,09678814E-6	
-125,90000000E-3	-14,08435748E-6	
-127,00000000E-3	-14,07194828E-6	
-127,80000000E-3	-14,05882710E-6	
-128,60000000E-3	-14,04701716E-6	
-129,70000000E-3	-14,03667258E-6	
-130,50000000E-3	-14,02826924E-6	
-131,40000000E-3	-14,02201909E-6	
-132,40000000E-3	-14,01740957E-6	
-133,40000000E-3	-14,01396287E-6	
-134,10000000E-3	-14,01136208E-6	
-135,20000000E-3	-14,00875396E-6	
-136,00000000E-3	-14,00519143E-6	
-136,90000000E-3	-14,00081824E-6	
-137,80000000E-3	-13,99664084E-6	
-138,90000000E-3	-13,99411108E-6	
-139,60000000E-3	-13,99327438E-6	
-140,60000000E-3	-13,99400367E-6	
-141,30000000E-3	-13,99599440E-6	
-142,30000000E-3	-13,99849230E-6	
-143,20000000E-3	-14,00036648E-6	
-144,10000000E-3	-14,00114460E-6	
-145,10000000E-3	-14,00101427E-6	
-146,10000000E-3	-14,00052598E-6	
-146,80000000E-3	-14,00092079E-6	
-147,80000000E-3	-14,00293521E-6	
-148,70000000E-3	-14,00579523E-6	
-149,50000000E-3	-14,00885153E-6	
-150,50000000E-3	-14,01235924E-6	
-151,40000000E-3	-14,01707296E-6	
-152,30000000E-3	-14,02394320E-6	
-153,30000000E-3	-14,03305330E-6	
-154,30000000E-3	-14,04176063E-6	
-155,00000000E-3	-14,04920377E-6	
-156,00000000E-3	-14,05539039E-6	
-156,90000000E-3	-14,06117561E-6	
-157,70000000E-3	-14,06748526E-6	
-158,70000000E-3	-14,07431551E-6	
-159,60000000E-3	-14,08061729E-6	
-160,40000000E-3	-14,08550221E-6	
-161,50000000E-3	-14,08989069E-6	
-162,50000000E-3	-14,09457227E-6	
-163,20000000E-3	-14,09978297E-6	
-164,20000000E-3	-14,10615813E-6	
-165,10000000E-3	-14,11441165E-6	
-165,90000000E-3	-14,12415574E-6	
-167,00000000E-3	-14,13397002E-6	
-168,00000000E-3	-14,14299769E-6	
-168,70000000E-3	-14,15112545E-6	
-169,70000000E-3	-14,15903948E-6	
-170,40000000E-3	-14,16723839E-6	
-171,40000000E-3	-14,17621233E-6	
-172,30000000E-3	-14,18626513E-6	
-173,10000000E-3	-14,19718036E-6	
-174,20000000E-3	-14,20840024E-6	
-175,20000000E-3	-14,21970212E-6	
-175,90000000E-3	-14,22946478E-6	
-176,90000000E-3	-14,23850789E-6	
-177,70000000E-3	-14,24738638E-6	
-178,60000000E-3	-14,25620578E-6	
-179,70000000E-3	-14,26445122E-6	
-180,40000000E-3	-14,27155983E-6	
-181,30000000E-3	-14,27756361E-6	
-182,30000000E-3	-14,28348281E-6	
-183,40000000E-3	-14,29021688E-6	
-184,10000000E-3	-14,29776761E-6	
-185,10000000E-3	-14,30631548E-6	
-186,10000000E-3	-14,31549296E-6	
-186,90000000E-3	-14,32631746E-6	
-187,80000000E-3	-14,33852816E-6	
-188,90000000E-3	-14,35129935E-6	
-189,60000000E-3	-14,36314896E-6	
-190,60000000E-3	-14,37349252E-6	
-191,30000000E-3	-14,38305465E-6	
-192,30000000E-3	-14,39291637E-6	
-193,30000000E-3	-14,40362102E-6	
-194,20000000E-3	-14,41514521E-6	
-195,00000000E-3	-14,42740857E-6	
-196,10000000E-3	-14,43988975E-6	
-196,80000000E-3	-14,45185312E-6	
-197,80000000E-3	-14,46341474E-6	
-198,80000000E-3	-14,47308501E-6	
-199,50000000E-3	-14,48160190E-6	
