-0,00000000E+0	-21,00954273E-6	
0,00000000E+0	-21,00892554E-6	
0,00000000E+0	-21,00812189E-6	
-100,00000000E-6	-21,00600554E-6	
-600,00000000E-6	-21,00332253E-6	
-1,20000000E-3	-21,00182367E-6	
-1,60000000E-3	-21,00217009E-6	
-2,40000000E-3	-21,00501938E-6	
-3,20000000E-3	-21,01073683E-6	
-3,70000000E-3	-21,01966729E-6	
-4,60000000E-3	-21,03169432E-6	
-5,40000000E-3	-21,04357149E-6	
-6,10000000E-3	-21,05422595E-6	
-7,00000000E-3	-21,06208484E-6	
-8,00000000E-3	-21,06732693E-6	
-8,60000000E-3	-21,07161493E-6	
-9,60000000E-3	-21,07666114E-6	
-10,60000000E-3	-21,08384687E-6	
-11,50000000E-3	-21,09330851E-6	
-12,20000000E-3	-21,10481617E-6	
-13,20000000E-3	-21,11719838E-6	
-14,30000000E-3	-21,12951252E-6	
-14,90000000E-3	-21,14152973E-6	
-16,00000000E-3	-21,15327750E-6	
-16,70000000E-3	-21,16449825E-6	
-17,70000000E-3	-21,17529304E-6	
-18,60000000E-3	-21,18383124E-6	
-19,30000000E-3	-21,19029076E-6	
-20,30000000E-3	-21,19528179E-6	
-21,40000000E-3	-21,19957190E-6	
-22,00000000E-3	-21,20275671E-6	
-23,10000000E-3	-21,20363723E-6	
-24,10000000E-3	-21,20283089E-6	
-24,80000000E-3	-21,20190622E-6	
-25,80000000E-3	-21,20133098E-6	
-26,90000000E-3	-21,20040447E-6	
-27,90000000E-3	-21,19875503E-6	
-28,60000000E-3	-21,19708641E-6	
-29,50000000E-3	-21,19683350E-6	
-30,60000000E-3	-21,19989418E-6	
-31,30000000E-3	-21,20819143E-6	
-32,40000000E-3	-21,22201654E-6	
-33,00000000E-3	-21,23856627E-6	
-34,00000000E-3	-21,25285404E-6	
-35,10000000E-3	-21,25651266E-6	
-36,10000000E-3	-21,24636945E-6	
-36,90000000E-3	-21,22383982E-6	
-37,80000000E-3	-21,19010560E-6	
-38,90000000E-3	-21,15114197E-6	
-39,50000000E-3	-21,10392443E-6	
-40,50000000E-3	-21,04280070E-6	
-41,60000000E-3	-20,97452695E-6	
-42,30000000E-3	-20,89708013E-6	
-43,30000000E-3	-20,81087556E-6	
-44,30000000E-3	-20,71413945E-6	
-45,00000000E-3	-20,60545552E-6	
-46,00000000E-3	-20,47858275E-6	
-47,00000000E-3	-20,35170960E-6	
-47,80000000E-3	-20,22160720E-6	
-48,20000000E-3	-20,08753165E-6	
-49,60000000E-3	-19,94485693E-6	
-50,60000000E-3	-19,78983710E-6	
-51,30000000E-3	-19,62541143E-6	
-52,40000000E-3	-19,44606912E-6	
-53,40000000E-3	-19,27244321E-6	
-53,50000000E-3	-19,08961475E-6	
-55,20000000E-3	-18,89498186E-6	
-56,30000000E-3	-18,71554705E-6	
-56,90000000E-3	-18,53696892E-6	
-58,00000000E-3	-18,35249013E-6	
-58,90000000E-3	-18,16853337E-6	
-59,80000000E-3	-17,99096023E-6	
-60,70000000E-3	-17,81523873E-6	
-61,70000000E-3	-17,64208741E-6	
-62,40000000E-3	-17,47443298E-6	
-63,40000000E-3	-17,31007127E-6	
-64,40000000E-3	-17,16817089E-6	
-65,10000000E-3	-17,03854413E-6	
-66,20000000E-3	-16,91170387E-6	
-67,20000000E-3	-16,80090110E-6	
-67,80000000E-3	-16,70191190E-6	
-68,90000000E-3	-16,62090451E-6	
-69,90000000E-3	-16,56171430E-6	
-70,60000000E-3	-16,52071080E-6	
-71,60000000E-3	-16,49074069E-6	
-72,70000000E-3	-16,46875261E-6	
-73,30000000E-3	-16,45855689E-6	
-74,40000000E-3	-16,46686103E-6	
-75,00000000E-3	-16,49938052E-6	
-76,10000000E-3	-16,56127240E-6	
-77,10000000E-3	-16,64147678E-6	
-77,80000000E-3	-16,73477626E-6	
-78,90000000E-3	-16,84142585E-6	
-79,90000000E-3	-16,94699159E-6	
-80,60000000E-3	-17,05630703E-6	
-81,50000000E-3	-17,17010232E-6	
-82,60000000E-3	-17,29345140E-6	
-83,30000000E-3	-17,42030760E-6	
-84,40000000E-3	-17,54132952E-6	
-85,30000000E-3	-17,65262708E-6	
-86,00000000E-3	-17,75034989E-6	
-87,00000000E-3	-17,83559370E-6	
-88,10000000E-3	-17,91165913E-6	
-88,80000000E-3	-17,98297968E-6	
-89,80000000E-3	-18,05140217E-6	
-90,50000000E-3	-18,11694519E-6	
-91,50000000E-3	-18,18150814E-6	
-92,60000000E-3	-18,23457620E-6	
-93,60000000E-3	-18,27622132E-6	
-94,30000000E-3	-18,30359866E-6	
-95,30000000E-3	-18,31521799E-6	
-96,00000000E-3	-18,31142589E-6	
-97,00000000E-3	-18,29384887E-6	
-98,00000000E-3	-18,26428604E-6	
-98,70000000E-3	-18,22368417E-6	
-99,80000000E-3	-18,17171640E-6	
-100,40000000E-3	-18,10964843E-6	
-101,50000000E-3	-18,03588772E-6	
-102,40000000E-3	-17,96107068E-6	
-103,20000000E-3	-17,87971350E-6	
-104,10000000E-3	-17,79251296E-6	
-105,20000000E-3	-17,69967255E-6	
-105,80000000E-3	-17,59952816E-6	
-106,90000000E-3	-17,49479894E-6	
-107,90000000E-3	-17,38754847E-6	
-108,60000000E-3	-17,28058957E-6	
-109,60000000E-3	-17,17681969E-6	
-110,70000000E-3	-17,07938650E-6	
-111,30000000E-3	-16,98840075E-6	
-112,30000000E-3	-16,90115763E-6	
-113,10000000E-3	-16,81608906E-6	
-114,10000000E-3	-16,72715007E-6	
-115,10000000E-3	-16,64323339E-6	
-115,80000000E-3	-16,55905923E-6	
-116,80000000E-3	-16,47133987E-6	
-117,80000000E-3	-16,39055759E-6	
-118,60000000E-3	-16,31381971E-6	
-119,60000000E-3	-16,24164502E-6	
-120,60000000E-3	-16,17296468E-6	
-121,30000000E-3	-16,10715167E-6	
-122,30000000E-3	-16,04393478E-6	
-123,40000000E-3	-15,98422867E-6	
-124,00000000E-3	-15,92785253E-6	
-125,10000000E-3	-15,87537050E-6	
-126,10000000E-3	-15,83319788E-6	
-126,70000000E-3	-15,79727754E-6	
-127,70000000E-3	-15,76678124E-6	
-128,80000000E-3	-15,74500748E-6	
-129,50000000E-3	-15,72917819E-6	
-130,50000000E-3	-15,71851941E-6	
-131,50000000E-3	-15,71196330E-6	
-132,20000000E-3	-15,70821839E-6	
-133,20000000E-3	-15,70738103E-6	
-134,20000000E-3	-15,71176031E-6	
-135,00000000E-3	-15,72334343E-6	
-136,00000000E-3	-15,74149880E-6	
-136,70000000E-3	-15,76425877E-6	
-137,60000000E-3	-15,78966518E-6	
-138,70000000E-3	-15,81711372E-6	
-139,40000000E-3	-15,84616480E-6	
-140,50000000E-3	-15,87620567E-6	
-141,40000000E-3	-15,90519079E-6	
-142,10000000E-3	-15,93336224E-6	
-143,10000000E-3	-15,96238224E-6	
-144,20000000E-3	-15,99204630E-6	
-144,90000000E-3	-16,02149652E-6	
-145,90000000E-3	-16,04983689E-6	
-146,60000000E-3	-16,07787401E-6	
-147,60000000E-3	-16,11010547E-6	
-148,60000000E-3	-16,14145209E-6	
-149,70000000E-3	-16,17010763E-6	
-150,40000000E-3	-16,19857541E-6	
-151,40000000E-3	-16,22928092E-6	
-152,40000000E-3	-16,26483658E-6	
-153,10000000E-3	-16,30384170E-6	
-154,10000000E-3	-16,34447319E-6	
-155,20000000E-3	-16,38756621E-6	
-155,80000000E-3	-16,43389606E-6	
-156,90000000E-3	-16,48398893E-6	
-157,90000000E-3	-16,53600714E-6	
-158,50000000E-3	-16,58748344E-6	
-159,60000000E-3	-16,63654991E-6	
-160,20000000E-3	-16,68351628E-6	
-161,30000000E-3	-16,73262759E-6	
-162,30000000E-3	-16,77902157E-6	
-163,10000000E-3	-16,82438875E-6	
-164,00000000E-3	-16,86753616E-6	
-165,00000000E-3	-16,90854912E-6	
-165,70000000E-3	-16,94863499E-6	
-166,70000000E-3	-16,98948958E-6	
-167,80000000E-3	-17,03153157E-6	
-168,50000000E-3	-17,07707322E-6	
-169,50000000E-3	-17,12032359E-6	
-170,60000000E-3	-17,16140890E-6	
-171,20000000E-3	-17,19956757E-6	
-172,20000000E-3	-17,23562491E-6	
-172,90000000E-3	-17,27238566E-6	
-174,00000000E-3	-17,30968553E-6	
-175,00000000E-3	-17,34675980E-6	
-175,70000000E-3	-17,38504390E-6	
-176,70000000E-3	-17,42812318E-6	
-177,70000000E-3	-17,47276538E-6	
-178,80000000E-3	-17,52134501E-6	
-179,50000000E-3	-17,57307064E-6	
-180,50000000E-3	-17,62544791E-6	
-181,20000000E-3	-17,67745194E-6	
-182,20000000E-3	-17,72549734E-6	
-183,20000000E-3	-17,76826346E-6	
-183,90000000E-3	-17,80843130E-6	
-184,90000000E-3	-17,84806227E-6	
-186,00000000E-3	-17,88858049E-6	
-186,60000000E-3	-17,92926054E-6	
-187,60000000E-3	-17,96907467E-6	
-188,40000000E-3	-18,00762123E-6	
-189,40000000E-3	-18,04488016E-6	
-190,50000000E-3	-18,08090256E-6	
-191,10000000E-3	-18,11565465E-6	
-192,10000000E-3	-18,14999252E-6	
-193,20000000E-3	-18,18443795E-6	
-193,80000000E-3	-18,22007869E-6	
-194,90000000E-3	-18,25771427E-6	
-195,90000000E-3	-18,29289409E-6	
-196,60000000E-3	-18,32860142E-6	
-197,60000000E-3	-18,36728555E-6	
-198,70000000E-3	-18,40458903E-6	
-199,30000000E-3	-18,44208721E-6	
