-0,00000000E+0	-14,78913032E-6	
-0,00000000E+0	-14,78347364E-6	
-100,00000000E-6	-14,77841676E-6	
-300,00000000E-6	-14,77422023E-6	
-900,00000000E-6	-14,77196154E-6	
-1,60000000E-3	-14,77217014E-6	
-2,10000000E-3	-14,77405089E-6	
-2,90000000E-3	-14,77597965E-6	
-3,70000000E-3	-14,77689248E-6	
-4,30000000E-3	-14,77744140E-6	
-5,20000000E-3	-14,77797514E-6	
-6,10000000E-3	-14,77840208E-6	
-6,50000000E-3	-14,77861056E-6	
-7,50000000E-3	-14,77904263E-6	
-8,40000000E-3	-14,78060076E-6	
-9,10000000E-3	-14,78352962E-6	
-10,00000000E-3	-14,78730830E-6	
-11,10000000E-3	-14,79092049E-6	
-11,90000000E-3	-14,79352951E-6	
-12,70000000E-3	-14,79529420E-6	
-13,70000000E-3	-14,79752428E-6	
-14,50000000E-3	-14,80110138E-6	
-15,50000000E-3	-14,80563031E-6	
-16,40000000E-3	-14,80970107E-6	
-17,10000000E-3	-14,81234397E-6	
-18,10000000E-3	-14,81416319E-6	
-19,10000000E-3	-14,81586198E-6	
-20,00000000E-3	-14,81738806E-6	
-20,80000000E-3	-14,81863814E-6	
-21,90000000E-3	-14,81982075E-6	
-22,60000000E-3	-14,82100804E-6	
-23,60000000E-3	-14,82208582E-6	
-24,30000000E-3	-14,82261013E-6	
-25,30000000E-3	-14,82204154E-6	
-26,40000000E-3	-14,82036117E-6	
-27,20000000E-3	-14,81784567E-6	
-28,20000000E-3	-14,81509703E-6	
-29,00000000E-3	-14,81273787E-6	
-30,00000000E-3	-14,81072033E-6	
-30,70000000E-3	-14,80812088E-6	
-31,80000000E-3	-14,80402349E-6	
-32,80000000E-3	-14,79847863E-6	
-33,50000000E-3	-14,79250268E-6	
-34,50000000E-3	-14,78716310E-6	
-35,50000000E-3	-14,78231599E-6	
-36,20000000E-3	-14,77694932E-6	
-37,20000000E-3	-14,76934603E-6	
-38,30000000E-3	-14,75922372E-6	
-39,00000000E-3	-14,74832276E-6	
-40,00000000E-3	-14,73749864E-6	
-41,00000000E-3	-14,72676101E-6	
-41,70000000E-3	-14,71545819E-6	
-42,70000000E-3	-14,70445563E-6	
-43,60000000E-3	-14,69209344E-6	
-44,50000000E-3	-14,67771122E-6	
-45,30000000E-3	-14,66158113E-6	
-46,30000000E-3	-14,64561021E-6	
-47,20000000E-3	-14,63088250E-6	
-48,20000000E-3	-14,61715213E-6	
-49,10000000E-3	-14,60420053E-6	
-49,90000000E-3	-14,59107549E-6	
-50,80000000E-3	-14,57686505E-6	
-51,70000000E-3	-14,56114060E-6	
-52,60000000E-3	-14,54428469E-6	
-53,70000000E-3	-14,52689216E-6	
-54,40000000E-3	-14,51073181E-6	
-55,40000000E-3	-14,49561192E-6	
-56,40000000E-3	-14,48179433E-6	
-57,10000000E-3	-14,46708444E-6	
-58,20000000E-3	-14,45159366E-6	
-59,20000000E-3	-14,43715224E-6	
-59,90000000E-3	-14,42436910E-6	
-60,90000000E-3	-14,41213151E-6	
-61,90000000E-3	-14,39876163E-6	
-62,50000000E-3	-14,38435516E-6	
-63,60000000E-3	-14,36962679E-6	
-64,60000000E-3	-14,35492891E-6	
-65,30000000E-3	-14,34124852E-6	
-66,30000000E-3	-14,32966642E-6	
-67,00000000E-3	-14,32069363E-6	
-68,00000000E-3	-14,31308111E-6	
-69,10000000E-3	-14,30522691E-6	
-69,70000000E-3	-14,29637724E-6	
-70,80000000E-3	-14,28722355E-6	
-71,50000000E-3	-14,27915528E-6	
-72,50000000E-3	-14,27230588E-6	
-73,60000000E-3	-14,26702521E-6	
-74,30000000E-3	-14,26293061E-6	
-75,30000000E-3	-14,26077395E-6	
-76,30000000E-3	-14,26031870E-6	
-77,00000000E-3	-14,26035649E-6	
-78,00000000E-3	-14,25990771E-6	
-79,10000000E-3	-14,25890255E-6	
-79,70000000E-3	-14,25777067E-6	
-80,80000000E-3	-14,25690603E-6	
-81,80000000E-3	-14,25648069E-6	
-82,50000000E-3	-14,25662133E-6	
-83,50000000E-3	-14,25782937E-6	
-84,20000000E-3	-14,26047775E-6	
-85,20000000E-3	-14,26453270E-6	
-86,00000000E-3	-14,26906076E-6	
-87,00000000E-3	-14,27226002E-6	
-87,90000000E-3	-14,27328514E-6	
-88,70000000E-3	-14,27260111E-6	
-89,70000000E-3	-14,27129359E-6	
-90,40000000E-3	-14,27033706E-6	
-91,50000000E-3	-14,27008585E-6	
-92,40000000E-3	-14,27055877E-6	
-93,20000000E-3	-14,27182164E-6	
-94,20000000E-3	-14,27355675E-6	
-94,90000000E-3	-14,27437574E-6	
-96,00000000E-3	-14,27299320E-6	
-97,00000000E-3	-14,26919514E-6	
-97,60000000E-3	-14,26383476E-6	
-98,70000000E-3	-14,25746205E-6	
-99,80000000E-3	-14,25099887E-6	
-100,40000000E-3	-14,24535132E-6	
-101,50000000E-3	-14,24036997E-6	
-102,50000000E-3	-14,23678100E-6	
-103,20000000E-3	-14,23421597E-6	
-104,30000000E-3	-14,23177862E-6	
-105,30000000E-3	-14,22823671E-6	
-106,00000000E-3	-14,22348039E-6	
-107,00000000E-3	-14,21832448E-6	
-108,00000000E-3	-14,21296022E-6	
-108,70000000E-3	-14,20638706E-6	
-109,70000000E-3	-14,19802266E-6	
-110,40000000E-3	-14,18772168E-6	
-111,50000000E-3	-14,17585135E-6	
-112,50000000E-3	-14,16352703E-6	
-113,20000000E-3	-14,15151522E-6	
-114,20000000E-3	-14,13972306E-6	
-115,20000000E-3	-14,12924766E-6	
-116,30000000E-3	-14,11956941E-6	
-117,00000000E-3	-14,11062381E-6	
-118,00000000E-3	-14,10172289E-6	
-118,70000000E-3	-14,09194531E-6	
-119,70000000E-3	-14,08057665E-6	
-120,80000000E-3	-14,06857519E-6	
-121,50000000E-3	-14,05764013E-6	
-122,40000000E-3	-14,04824541E-6	
-123,20000000E-3	-14,03973714E-6	
-124,20000000E-3	-14,03221275E-6	
-125,20000000E-3	-14,02516723E-6	
-126,20000000E-3	-14,01854041E-6	
-126,90000000E-3	-14,01141480E-6	
-128,00000000E-3	-14,00279675E-6	
-128,80000000E-3	-13,99364919E-6	
-129,70000000E-3	-13,98445560E-6	
-130,70000000E-3	-13,97642514E-6	
-131,70000000E-3	-13,96993550E-6	
-132,40000000E-3	-13,96502697E-6	
-133,30000000E-3	-13,96177015E-6	
-134,10000000E-3	-13,95979360E-6	
-135,20000000E-3	-13,95824480E-6	
-136,10000000E-3	-13,95681271E-6	
-136,90000000E-3	-13,95571622E-6	
-137,90000000E-3	-13,95438237E-6	
-138,60000000E-3	-13,95213209E-6	
-139,50000000E-3	-13,94924276E-6	
-140,40000000E-3	-13,94658074E-6	
-141,30000000E-3	-13,94487154E-6	
-142,40000000E-3	-13,94408621E-6	
-143,10000000E-3	-13,94400726E-6	
-144,00000000E-3	-13,94424685E-6	
-144,90000000E-3	-13,94385928E-6	
-145,90000000E-3	-13,94261429E-6	
-146,60000000E-3	-13,94112310E-6	
-147,60000000E-3	-13,93950967E-6	
-148,70000000E-3	-13,93747943E-6	
-149,40000000E-3	-13,93564409E-6	
-150,40000000E-3	-13,93521471E-6	
-151,10000000E-3	-13,93715804E-6	
-152,10000000E-3	-13,94116392E-6	
-153,10000000E-3	-13,94580247E-6	
-153,80000000E-3	-13,94997392E-6	
-154,90000000E-3	-13,95366447E-6	
-155,90000000E-3	-13,95751897E-6	
-156,60000000E-3	-13,96242057E-6	
-157,60000000E-3	-13,96841791E-6	
-158,30000000E-3	-13,97523919E-6	
-159,40000000E-3	-13,98317896E-6	
-160,40000000E-3	-13,99232386E-6	
-161,10000000E-3	-14,00237359E-6	
-162,10000000E-3	-14,01279961E-6	
-163,10000000E-3	-14,02144148E-6	
-163,90000000E-3	-14,02833930E-6	
-164,90000000E-3	-14,03402305E-6	
-165,90000000E-3	-14,03934981E-6	
-166,90000000E-3	-14,04624333E-6	
-167,60000000E-3	-14,05459490E-6	
-168,60000000E-3	-14,06301785E-6	
-169,40000000E-3	-14,07066808E-6	
-170,40000000E-3	-14,07777741E-6	
-171,40000000E-3	-14,08483808E-6	
-172,10000000E-3	-14,09187414E-6	
-173,10000000E-3	-14,09837290E-6	
-173,80000000E-3	-14,10468153E-6	
-174,90000000E-3	-14,11167833E-6	
-175,90000000E-3	-14,11844821E-6	
-176,60000000E-3	-14,12501711E-6	
-177,60000000E-3	-14,13122382E-6	
-178,70000000E-3	-14,13700410E-6	
-179,30000000E-3	-14,14251010E-6	
-180,30000000E-3	-14,14803593E-6	
-181,40000000E-3	-14,15346563E-6	
-182,10000000E-3	-14,15961450E-6	
-183,20000000E-3	-14,16724878E-6	
-184,10000000E-3	-14,17709125E-6	
-184,90000000E-3	-14,18872815E-6	
-185,80000000E-3	-14,20129306E-6	
-186,60000000E-3	-14,21338505E-6	
-187,40000000E-3	-14,22428493E-6	
-188,30000000E-3	-14,23379593E-6	
-189,40000000E-3	-14,24242242E-6	
-190,40000000E-3	-14,25115480E-6	
-191,10000000E-3	-14,26055979E-6	
-191,90000000E-3	-14,27071161E-6	
-192,80000000E-3	-14,28107073E-6	
-193,80000000E-3	-14,29108237E-6	
-194,90000000E-3	-14,30100690E-6	
-195,50000000E-3	-14,31085406E-6	
-196,40000000E-3	-14,31985263E-6	
-197,30000000E-3	-14,32712373E-6	
-198,20000000E-3	-14,33262404E-6	
-199,00000000E-3	-14,33739019E-6	
-199,90000000E-3	-14,34314391E-6	
