-0,00000000E+0	-17,02716630E-6	
-0,00000000E+0	-17,01054258E-6	
100,00000000E-6	-17,00963359E-6	
-200,00000000E-6	-17,00906208E-6	
-700,00000000E-6	-17,00833891E-6	
-1,10000000E-3	-17,00682264E-6	
-1,90000000E-3	-17,00377617E-6	
-2,40000000E-3	-16,99950321E-6	
-3,20000000E-3	-16,99540134E-6	
-3,90000000E-3	-16,99263468E-6	
-4,50000000E-3	-16,99181364E-6	
-5,50000000E-3	-16,99365010E-6	
-6,10000000E-3	-16,99820990E-6	
-7,20000000E-3	-17,00448833E-6	
-7,90000000E-3	-17,01148228E-6	
-8,50000000E-3	-17,01836997E-6	
-9,70000000E-3	-17,02430484E-6	
-10,80000000E-3	-17,02877281E-6	
-11,40000000E-3	-17,03140571E-6	
-12,20000000E-3	-17,03206263E-6	
-13,30000000E-3	-17,03189088E-6	
-14,10000000E-3	-17,03180194E-6	
-15,10000000E-3	-17,03195782E-6	
-15,90000000E-3	-17,03242846E-6	
-16,60000000E-3	-17,03393668E-6	
-17,70000000E-3	-17,03678673E-6	
-18,80000000E-3	-17,04017259E-6	
-19,60000000E-3	-17,04337566E-6	
-20,30000000E-3	-17,04696633E-6	
-21,10000000E-3	-17,05138577E-6	
-22,20000000E-3	-17,05572070E-6	
-23,30000000E-3	-17,05898774E-6	
-24,00000000E-3	-17,06084532E-6	
-24,70000000E-3	-17,06161794E-6	
-25,50000000E-3	-17,06191886E-6	
-26,60000000E-3	-17,06180198E-6	
-27,70000000E-3	-17,06058818E-6	
-28,50000000E-3	-17,05807987E-6	
-29,20000000E-3	-17,05498473E-6	
-30,40000000E-3	-17,05120511E-6	
-31,10000000E-3	-17,04552751E-6	
-32,20000000E-3	-17,03748167E-6	
-32,90000000E-3	-17,02929819E-6	
-33,70000000E-3	-17,02125954E-6	
-34,80000000E-3	-17,01138368E-6	
-35,90000000E-3	-16,99851685E-6	
-36,70000000E-3	-16,98157896E-6	
-37,40000000E-3	-16,96092010E-6	
-38,60000000E-3	-16,93612917E-6	
-39,30000000E-3	-16,90652051E-6	
-40,40000000E-3	-16,87212859E-6	
-41,10000000E-3	-16,83390647E-6	
-41,80000000E-3	-16,79337768E-6	
-43,00000000E-3	-16,75072865E-6	
-43,60000000E-3	-16,70607523E-6	
-44,70000000E-3	-16,65562099E-6	
-45,80000000E-3	-16,60352606E-6	
-46,80000000E-3	-16,55337567E-6	
-47,70000000E-3	-16,50041951E-6	
-48,60000000E-3	-16,44039528E-6	
-49,30000000E-3	-16,37920755E-6	
-50,20000000E-3	-16,31353297E-6	
-51,10000000E-3	-16,24489003E-6	
-52,20000000E-3	-16,17539851E-6	
-52,90000000E-3	-16,10561271E-6	
-54,00000000E-3	-16,03191021E-6	
-55,00000000E-3	-15,96090485E-6	
-55,70000000E-3	-15,88951857E-6	
-56,70000000E-3	-15,81578051E-6	
-57,70000000E-3	-15,74885607E-6	
-58,40000000E-3	-15,68383266E-6	
-59,50000000E-3	-15,61985569E-6	
-60,50000000E-3	-15,55662290E-6	
-61,20000000E-3	-15,49369916E-6	
-62,10000000E-3	-15,43183433E-6	
-63,20000000E-3	-15,37204854E-6	
-63,90000000E-3	-15,31592126E-6	
-64,90000000E-3	-15,26378247E-6	
-65,50000000E-3	-15,21456431E-6	
-66,60000000E-3	-15,16581814E-6	
-67,60000000E-3	-15,12325549E-6	
-68,30000000E-3	-15,08489256E-6	
-69,30000000E-3	-15,04866238E-6	
-70,40000000E-3	-15,01875879E-6	
-71,00000000E-3	-14,99395191E-6	
-72,10000000E-3	-14,97420862E-6	
-73,10000000E-3	-14,96168386E-6	
-74,10000000E-3	-14,95492673E-6	
-74,80000000E-3	-14,95353575E-6	
-75,80000000E-3	-14,95743943E-6	
-76,90000000E-3	-14,96477680E-6	
-77,90000000E-3	-14,97406692E-6	
-78,60000000E-3	-14,98572815E-6	
-79,60000000E-3	-15,00119591E-6	
-80,60000000E-3	-15,01843692E-6	
-81,30000000E-3	-15,03692954E-6	
-82,40000000E-3	-15,05628328E-6	
-83,30000000E-3	-15,07753686E-6	
-84,00000000E-3	-15,10199262E-6	
-85,10000000E-3	-15,12858251E-6	
-85,70000000E-3	-15,15423290E-6	
-86,80000000E-3	-15,17739130E-6	
-87,80000000E-3	-15,19857404E-6	
-88,50000000E-3	-15,21942044E-6	
-89,50000000E-3	-15,24027834E-6	
-90,50000000E-3	-15,25947560E-6	
-91,20000000E-3	-15,27618809E-6	
-92,30000000E-3	-15,29100046E-6	
-92,90000000E-3	-15,30450967E-6	
-94,00000000E-3	-15,31531556E-6	
-95,00000000E-3	-15,32251325E-6	
-96,00000000E-3	-15,32695633E-6	
-96,70000000E-3	-15,32934269E-6	
-97,70000000E-3	-15,32926312E-6	
-98,40000000E-3	-15,32588570E-6	
-99,50000000E-3	-15,31889456E-6	
-100,50000000E-3	-15,30841979E-6	
-101,20000000E-3	-15,29439938E-6	
-102,20000000E-3	-15,27649473E-6	
-102,90000000E-3	-15,25451266E-6	
-103,90000000E-3	-15,22814118E-6	
-105,00000000E-3	-15,19709172E-6	
-105,60000000E-3	-15,16035716E-6	
-106,60000000E-3	-15,12024934E-6	
-107,60000000E-3	-15,07954062E-6	
-108,40000000E-3	-15,03837070E-6	
-109,30000000E-3	-14,99787012E-6	
-110,40000000E-3	-14,95910593E-6	
-111,10000000E-3	-14,92274785E-6	
-112,10000000E-3	-14,88794756E-6	
-112,80000000E-3	-14,85365048E-6	
-113,80000000E-3	-14,81907128E-6	
-114,80000000E-3	-14,78367301E-6	
-115,50000000E-3	-14,74779131E-6	
-116,50000000E-3	-14,71222168E-6	
-117,20000000E-3	-14,67822663E-6	
-118,20000000E-3	-14,64524676E-6	
-119,30000000E-3	-14,61313233E-6	
-120,30000000E-3	-14,58138422E-6	
-121,00000000E-3	-14,54959991E-6	
-122,00000000E-3	-14,51839460E-6	
-122,70000000E-3	-14,48731646E-6	
-123,70000000E-3	-14,45634518E-6	
-124,70000000E-3	-14,42656241E-6	
-125,40000000E-3	-14,39970203E-6	
-126,50000000E-3	-14,37645277E-6	
-127,30000000E-3	-14,35671574E-6	
-128,10000000E-3	-14,34008172E-6	
-129,10000000E-3	-14,32537158E-6	
-130,00000000E-3	-14,31158687E-6	
-130,90000000E-3	-14,29761960E-6	
-131,90000000E-3	-14,28388431E-6	
-132,60000000E-3	-14,27168186E-6	
-133,60000000E-3	-14,26211263E-6	
-134,70000000E-3	-14,25613873E-6	
-135,40000000E-3	-14,25303716E-6	
-136,40000000E-3	-14,25159667E-6	
-137,30000000E-3	-14,25204108E-6	
-138,10000000E-3	-14,25431967E-6	
-139,10000000E-3	-14,25677643E-6	
-139,80000000E-3	-14,25836831E-6	
-140,80000000E-3	-14,26037373E-6	
-141,90000000E-3	-14,26458067E-6	
-142,50000000E-3	-14,27084127E-6	
-143,50000000E-3	-14,27800520E-6	
-144,60000000E-3	-14,28529064E-6	
-145,40000000E-3	-14,29296556E-6	
-146,40000000E-3	-14,30196657E-6	
-147,20000000E-3	-14,31272793E-6	
-148,30000000E-3	-14,32442572E-6	
-149,00000000E-3	-14,33626731E-6	
-150,00000000E-3	-14,34878627E-6	
-151,00000000E-3	-14,36224552E-6	
-151,70000000E-3	-14,37615195E-6	
-152,70000000E-3	-14,39087987E-6	
-153,60000000E-3	-14,40487921E-6	
-154,50000000E-3	-14,41929178E-6	
-155,50000000E-3	-14,43502623E-6	
-156,20000000E-3	-14,45066959E-6	
-157,20000000E-3	-14,46758092E-6	
-158,20000000E-3	-14,48626342E-6	
-159,10000000E-3	-14,50584758E-6	
-160,00000000E-3	-14,52520944E-6	
-160,90000000E-3	-14,54439697E-6	
-161,60000000E-3	-14,56394656E-6	
-162,60000000E-3	-14,58372101E-6	
-163,50000000E-3	-14,60250392E-6	
-164,40000000E-3	-14,62038994E-6	
-165,40000000E-3	-14,63777171E-6	
-166,40000000E-3	-14,65523659E-6	
-167,30000000E-3	-14,67331679E-6	
-168,10000000E-3	-14,69199654E-6	
-169,10000000E-3	-14,71103488E-6	
-169,90000000E-3	-14,72935544E-6	
-170,90000000E-3	-14,74666977E-6	
-171,90000000E-3	-14,76327792E-6	
-172,60000000E-3	-14,77920021E-6	
-173,60000000E-3	-14,79475144E-6	
-174,30000000E-3	-14,81102439E-6	
-175,30000000E-3	-14,83014622E-6	
-176,30000000E-3	-14,85029078E-6	
-177,00000000E-3	-14,87204454E-6	
-178,10000000E-3	-14,89442853E-6	
-179,10000000E-3	-14,91639629E-6	
-179,80000000E-3	-14,93692567E-6	
-180,70000000E-3	-14,95617780E-6	
-181,40000000E-3	-14,97499054E-6	
-182,50000000E-3	-14,99424890E-6	
-183,50000000E-3	-15,01181772E-6	
-184,50000000E-3	-15,02896235E-6	
-185,20000000E-3	-15,04700488E-6	
-186,30000000E-3	-15,06745843E-6	
-187,30000000E-3	-15,08807771E-6	
-188,00000000E-3	-15,11029166E-6	
-189,00000000E-3	-15,13478963E-6	
-189,90000000E-3	-15,15720294E-6	
-190,70000000E-3	-15,17797523E-6	
-191,70000000E-3	-15,19721702E-6	
-192,80000000E-3	-15,21520863E-6	
-193,50000000E-3	-15,23234495E-6	
-194,40000000E-3	-15,25014799E-6	
-195,50000000E-3	-15,26745775E-6	
-196,20000000E-3	-15,28549620E-6	
-197,20000000E-3	-15,30501450E-6	
-198,00000000E-3	-15,32494841E-6	
-198,90000000E-3	-15,34381468E-6	
-199,90000000E-3	-15,36151264E-6	
