200,00000000E-3	-13,01080483E-6	
200,00000000E-3	-13,00971404E-6	
200,00000000E-3	-13,01107484E-6	
199,80000000E-3	-13,01288904E-6	
199,30000000E-3	-13,01446405E-6	
198,90000000E-3	-13,01496303E-6	
198,30000000E-3	-13,01376577E-6	
197,50000000E-3	-13,01049854E-6	
197,00000000E-3	-13,00512713E-6	
196,10000000E-3	-12,99841669E-6	
195,50000000E-3	-12,99077119E-6	
194,90000000E-3	-12,98187452E-6	
193,90000000E-3	-12,97156910E-6	
192,90000000E-3	-12,95836642E-6	
192,00000000E-3	-12,94246053E-6	
191,70000000E-3	-12,92537170E-6	
190,20000000E-3	-12,90629146E-6	
189,20000000E-3	-12,88840426E-6	
188,40000000E-3	-12,87081458E-6	
187,50000000E-3	-12,85186108E-6	
186,90000000E-3	-12,83363382E-6	
185,80000000E-3	-12,81522784E-6	
184,90000000E-3	-12,79939180E-6	
184,20000000E-3	-12,78434623E-6	
183,10000000E-3	-12,76859978E-6	
182,10000000E-3	-12,75132929E-6	
181,40000000E-3	-12,73296331E-6	
180,40000000E-3	-12,71473015E-6	
179,40000000E-3	-12,69799814E-6	
178,60000000E-3	-12,68323872E-6	
177,60000000E-3	-12,66909531E-6	
177,00000000E-3	-12,65375650E-6	
176,00000000E-3	-12,63708100E-6	
174,90000000E-3	-12,62275051E-6	
173,90000000E-3	-12,61033752E-6	
173,20000000E-3	-12,59851227E-6	
172,10000000E-3	-12,58784943E-6	
171,80000000E-3	-12,57681025E-6	
170,40000000E-3	-12,56477462E-6	
169,40000000E-3	-12,55022404E-6	
168,70000000E-3	-12,53533110E-6	
167,70000000E-3	-12,52034850E-6	
167,00000000E-3	-12,50450649E-6	
165,90000000E-3	-12,48736542E-6	
165,10000000E-3	-12,46934127E-6	
164,30000000E-3	-12,45130478E-6	
163,20000000E-3	-12,43345899E-6	
162,50000000E-3	-12,41583797E-6	
161,60000000E-3	-12,39823418E-6	
160,50000000E-3	-12,38012602E-6	
160,20000000E-3	-12,36126105E-6	
158,80000000E-3	-12,34187483E-6	
157,80000000E-3	-12,32151275E-6	
156,80000000E-3	-12,29749514E-6	
155,70000000E-3	-12,26948620E-6	
155,00000000E-3	-12,23947166E-6	
154,00000000E-3	-12,20910450E-6	
153,30000000E-3	-12,18046973E-6	
152,30000000E-3	-12,15296646E-6	
151,20000000E-3	-12,12945317E-6	
150,20000000E-3	-12,10767950E-6	
149,50000000E-3	-12,08617325E-6	
148,50000000E-3	-12,06776716E-6	
147,80000000E-3	-12,05221586E-6	
146,80000000E-3	-12,03879779E-6	
145,70000000E-3	-12,02795729E-6	
145,00000000E-3	-12,01640199E-6	
144,20000000E-3	-12,00267348E-6	
143,30000000E-3	-11,98704261E-6	
142,20000000E-3	-11,96983747E-6	
141,50000000E-3	-11,95173081E-6	
140,50000000E-3	-11,93348640E-6	
139,50000000E-3	-11,91643391E-6	
138,80000000E-3	-11,90173879E-6	
137,70000000E-3	-11,88940375E-6	
137,00000000E-3	-11,87892499E-6	
136,10000000E-3	-11,87002429E-6	
135,10000000E-3	-11,86202474E-6	
134,20000000E-3	-11,85384901E-6	
133,40000000E-3	-11,84476798E-6	
132,40000000E-3	-11,83466360E-6	
131,60000000E-3	-11,82439238E-6	
130,60000000E-3	-11,81518981E-6	
129,70000000E-3	-11,80879569E-6	
128,90000000E-3	-11,80652996E-6	
127,90000000E-3	-11,80761668E-6	
126,80000000E-3	-11,81052266E-6	
126,10000000E-3	-11,81522058E-6	
125,10000000E-3	-11,82243843E-6	
124,40000000E-3	-11,83358769E-6	
123,70000000E-3	-11,84750167E-6	
122,50000000E-3	-11,86399322E-6	
121,50000000E-3	-11,88337641E-6	
120,80000000E-3	-11,90651365E-6	
119,70000000E-3	-11,93370591E-6	
119,00000000E-3	-11,96377778E-6	
118,00000000E-3	-11,99670232E-6	
117,00000000E-3	-12,03291088E-6	
116,00000000E-3	-12,07224835E-6	
115,00000000E-3	-12,11442935E-6	
114,30000000E-3	-12,16128882E-6	
113,20000000E-3	-12,21026339E-6	
112,20000000E-3	-12,25971520E-6	
111,50000000E-3	-12,31418781E-6	
110,50000000E-3	-12,37678014E-6	
109,40000000E-3	-12,43988105E-6	
108,70000000E-3	-12,50559391E-6	
107,70000000E-3	-12,57292869E-6	
107,10000000E-3	-12,64007290E-6	
106,00000000E-3	-12,70737322E-6	
105,30000000E-3	-12,77559932E-6	
104,30000000E-3	-12,84464046E-6	
103,30000000E-3	-12,91407687E-6	
102,60000000E-3	-12,98307127E-6	
101,50000000E-3	-13,05253266E-6	
100,50000000E-3	-13,12439366E-6	
99,80000000E-3	-13,20741778E-6	
98,80000000E-3	-13,29100552E-6	
97,70000000E-3	-13,37555335E-6	
97,10000000E-3	-13,46066161E-6	
96,00000000E-3	-13,55134626E-6	
95,00000000E-3	-13,63388124E-6	
94,10000000E-3	-13,71076024E-6	
93,20000000E-3	-13,78437819E-6	
92,20000000E-3	-13,85403555E-6	
91,50000000E-3	-13,91767594E-6	
90,50000000E-3	-13,97245508E-6	
89,50000000E-3	-14,01770768E-6	
89,50000000E-3	-14,05472930E-6	
87,90000000E-3	-14,08621141E-6	
86,90000000E-3	-14,11472563E-6	
86,20000000E-3	-14,14042252E-6	
85,80000000E-3	-14,16171987E-6	
84,30000000E-3	-14,17775049E-6	
83,30000000E-3	-14,19046422E-6	
82,60000000E-3	-14,20228415E-6	
81,60000000E-3	-14,21404968E-6	
80,90000000E-3	-14,22491543E-6	
79,80000000E-3	-14,23329144E-6	
79,10000000E-3	-14,23710452E-6	
78,10000000E-3	-14,23369292E-6	
77,10000000E-3	-14,22172963E-6	
76,40000000E-3	-14,20266328E-6	
75,30000000E-3	-14,18078447E-6	
74,30000000E-3	-14,16139810E-6	
73,50000000E-3	-14,14815674E-6	
72,50000000E-3	-14,14344530E-6	
71,50000000E-3	-14,14467515E-6	
70,60000000E-3	-14,14883404E-6	
69,60000000E-3	-14,15365269E-6	
68,70000000E-3	-14,16003780E-6	
67,90000000E-3	-14,17131041E-6	
66,90000000E-3	-14,19056949E-6	
66,40000000E-3	-14,22014424E-6	
65,50000000E-3	-14,26141593E-6	
64,50000000E-3	-14,31428161E-6	
63,50000000E-3	-14,37724021E-6	
62,60000000E-3	-14,44949158E-6	
61,80000000E-3	-14,53075160E-6	
60,90000000E-3	-14,61928689E-6	
59,70000000E-3	-14,71387496E-6	
59,00000000E-3	-14,81425874E-6	
58,30000000E-3	-14,92622010E-6	
57,20000000E-3	-15,04990749E-6	
55,90000000E-3	-15,18416226E-6	
55,30000000E-3	-15,33136265E-6	
54,30000000E-3	-15,48839765E-6	
53,60000000E-3	-15,65196914E-6	
52,70000000E-3	-15,82745064E-6	
51,70000000E-3	-15,99469473E-6	
51,00000000E-3	-16,16154072E-6	
50,10000000E-3	-16,33380453E-6	
49,10000000E-3	-16,50804719E-6	
48,00000000E-3	-16,68192581E-6	
47,30000000E-3	-16,86062634E-6	
46,10000000E-3	-17,04368996E-6	
45,30000000E-3	-17,23976950E-6	
44,30000000E-3	-17,42488458E-6	
43,30000000E-3	-17,61038576E-6	
42,60000000E-3	-17,79779105E-6	
41,60000000E-3	-17,99280447E-6	
40,60000000E-3	-18,18659462E-6	
40,00000000E-3	-18,37224227E-6	
39,00000000E-3	-18,55158397E-6	
38,20000000E-3	-18,71945509E-6	
37,20000000E-3	-18,87168679E-6	
36,20000000E-3	-19,00518431E-6	
35,30000000E-3	-19,12169339E-6	
34,30000000E-3	-19,22367902E-6	
33,60000000E-3	-19,31190509E-6	
32,60000000E-3	-19,38592378E-6	
31,90000000E-3	-19,44392163E-6	
30,90000000E-3	-19,48546156E-6	
30,00000000E-3	-19,51269499E-6	
29,20000000E-3	-19,53061397E-6	
27,90000000E-3	-19,54230711E-6	
27,30000000E-3	-19,54949117E-6	
26,20000000E-3	-19,55371421E-6	
25,50000000E-3	-19,55668881E-6	
24,50000000E-3	-19,56059146E-6	
23,50000000E-3	-19,56517426E-6	
22,80000000E-3	-19,56902682E-6	
21,80000000E-3	-19,57041661E-6	
20,80000000E-3	-19,56805305E-6	
19,70000000E-3	-19,56208540E-6	
19,00000000E-3	-19,55431739E-6	
18,00000000E-3	-19,54665758E-6	
17,30000000E-3	-19,54041663E-6	
16,30000000E-3	-19,53610010E-6	
15,20000000E-3	-19,53393780E-6	
14,50000000E-3	-19,53398360E-6	
13,50000000E-3	-19,53593820E-6	
12,90000000E-3	-19,53907683E-6	
11,80000000E-3	-19,54152768E-6	
10,70000000E-3	-19,54125884E-6	
9,70000000E-3	-19,53823305E-6	
9,10000000E-3	-19,53385766E-6	
8,00000000E-3	-19,52932756E-6	
7,30000000E-3	-19,52527887E-6	
6,30000000E-3	-19,52165842E-6	
5,30000000E-3	-19,51813017E-6	
4,60000000E-3	-19,51480083E-6	
3,80000000E-3	-19,51275381E-6	
2,70000000E-3	-19,51349355E-6	
1,70000000E-3	-19,51771904E-6	
1,00000000E-3	-19,52341678E-6	
-100,00000000E-6	-19,52875412E-6	
-800,00000000E-6	-19,53274741E-6	
-1,90000000E-3	-19,53588191E-6	
-2,70000000E-3	-19,53929743E-6	
-3,50000000E-3	-19,54397013E-6	
-4,60000000E-3	-19,55051482E-6	
-5,30000000E-3	-19,55887235E-6	
-6,30000000E-3	-19,56874726E-6	
-7,00000000E-3	-19,57976167E-6	
-8,10000000E-3	-19,59104531E-6	
-9,10000000E-3	-19,60190340E-6	
-9,80000000E-3	-19,61238365E-6	
-10,80000000E-3	-19,62296779E-6	
-11,50000000E-3	-19,63370779E-6	
-12,60000000E-3	-19,64432311E-6	
-13,60000000E-3	-19,65424270E-6	
-14,30000000E-3	-19,66423770E-6	
-15,30000000E-3	-19,67589379E-6	
-16,40000000E-3	-19,68942905E-6	
-17,00000000E-3	-19,70311035E-6	
-18,10000000E-3	-19,71557056E-6	
-19,10000000E-3	-19,72535059E-6	
-19,80000000E-3	-19,73398869E-6	
-20,90000000E-3	-19,74287258E-6	
-21,90000000E-3	-19,75134755E-6	
-22,60000000E-3	-19,75927085E-6	
-23,60000000E-3	-19,76544501E-6	
-24,70000000E-3	-19,76948832E-6	
-25,30000000E-3	-19,77215600E-6	
-26,30000000E-3	-19,77430171E-6	
-27,40000000E-3	-19,77596544E-6	
-28,10000000E-3	-19,77676292E-6	
-29,10000000E-3	-19,77645608E-6	
-29,90000000E-3	-19,77543330E-6	
-30,80000000E-3	-19,77448998E-6	
-32,00000000E-3	-19,77481605E-6	
-32,70000000E-3	-19,77631945E-6	
-33,60000000E-3	-19,77632576E-6	
-34,70000000E-3	-19,77096458E-6	
-35,30000000E-3	-19,75779377E-6	
-36,40000000E-3	-19,73674467E-6	
-37,30000000E-3	-19,70957788E-6	
-38,10000000E-3	-19,67693872E-6	
-39,20000000E-3	-19,63758533E-6	
-39,90000000E-3	-19,58981848E-6	
-40,90000000E-3	-19,52614887E-6	
-41,90000000E-3	-19,45892784E-6	
-42,60000000E-3	-19,38259581E-6	
-43,70000000E-3	-19,29578404E-6	
-44,60000000E-3	-19,19840254E-6	
-45,40000000E-3	-19,09243828E-6	
-46,40000000E-3	-18,97458094E-6	
-47,10000000E-3	-18,86033396E-6	
-47,90000000E-3	-18,74386845E-6	
-48,90000000E-3	-18,62454692E-6	
-49,90000000E-3	-18,50103710E-6	
-50,50000000E-3	-18,37336785E-6	
-51,60000000E-3	-18,24127252E-6	
-52,70000000E-3	-18,10612583E-6	
-53,40000000E-3	-17,96814813E-6	
-54,40000000E-3	-17,82683418E-6	
-55,00000000E-3	-17,68353406E-6	
-56,10000000E-3	-17,53730286E-6	
-57,20000000E-3	-17,38735319E-6	
-57,90000000E-3	-17,23440606E-6	
-59,00000000E-3	-17,08085222E-6	
-59,90000000E-3	-16,93106875E-6	
-60,80000000E-3	-16,78590529E-6	
-61,50000000E-3	-16,64585933E-6	
-62,30000000E-3	-16,51225239E-6	
-63,30000000E-3	-16,38670903E-6	
-64,40000000E-3	-16,27132468E-6	
-65,20000000E-3	-16,16462180E-6	
-66,30000000E-3	-16,06458555E-6	
-67,00000000E-3	-15,96819546E-6	
-67,90000000E-3	-15,88229895E-6	
-68,80000000E-3	-15,81290195E-6	
-69,50000000E-3	-15,75956929E-6	
-70,60000000E-3	-15,72153037E-6	
-71,70000000E-3	-15,69615418E-6	
-72,40000000E-3	-15,68266561E-6	
-73,50000000E-3	-15,68312482E-6	
-74,20000000E-3	-15,70042600E-6	
-74,90000000E-3	-15,73538891E-6	
-76,10000000E-3	-15,78674243E-6	
-76,90000000E-3	-15,85017295E-6	
-77,90000000E-3	-15,92096366E-6	
-78,80000000E-3	-15,99522904E-6	
-79,70000000E-3	-16,07354805E-6	
-80,40000000E-3	-16,15510439E-6	
-81,50000000E-3	-16,24071715E-6	
-82,20000000E-3	-16,33270432E-6	
-83,30000000E-3	-16,42879054E-6	
-84,40000000E-3	-16,52446743E-6	
-85,10000000E-3	-16,61399400E-6	
-85,90000000E-3	-16,69542030E-6	
-86,80000000E-3	-16,76865824E-6	
-87,70000000E-3	-16,83454576E-6	
-88,80000000E-3	-16,89439741E-6	
-89,50000000E-3	-16,94882551E-6	
-90,60000000E-3	-16,99909947E-6	
-91,30000000E-3	-17,04531256E-6	
-92,40000000E-3	-17,08688726E-6	
-93,10000000E-3	-17,11550146E-6	
-94,20000000E-3	-17,13251227E-6	
-94,90000000E-3	-17,13893293E-6	
-96,00000000E-3	-17,13604882E-6	
-96,80000000E-3	-17,12418862E-6	
-97,90000000E-3	-17,10319572E-6	
-98,60000000E-3	-17,07256823E-6	
-99,50000000E-3	-17,02902150E-6	
-100,40000000E-3	-16,97379308E-6	
-101,40000000E-3	-16,91319137E-6	
-102,20000000E-3	-16,84698041E-6	
-103,30000000E-3	-16,77247953E-6	
-104,20000000E-3	-16,69545790E-6	
-105,10000000E-3	-16,61423105E-6	
-105,80000000E-3	-16,53164515E-6	
-106,90000000E-3	-16,44760160E-6	
-108,00000000E-3	-16,36423155E-6	
-108,70000000E-3	-16,28250513E-6	
-109,80000000E-3	-16,20404872E-6	
-110,50000000E-3	-16,12981825E-6	
-111,40000000E-3	-16,05976095E-6	
-112,30000000E-3	-15,99233055E-6	
-113,00000000E-3	-15,92632113E-6	
-114,10000000E-3	-15,86224856E-6	
-114,80000000E-3	-15,79918443E-6	
-115,90000000E-3	-15,73158868E-6	
-116,90000000E-3	-15,66474284E-6	
-117,70000000E-3	-15,59600693E-6	
-118,50000000E-3	-15,52339099E-6	
-119,60000000E-3	-15,45700712E-6	
-120,60000000E-3	-15,39318016E-6	
-121,30000000E-3	-15,33569242E-6	
-122,40000000E-3	-15,28263324E-6	
-123,10000000E-3	-15,23534264E-6	
-124,10000000E-3	-15,18904576E-6	
-124,90000000E-3	-15,14359694E-6	
-126,00000000E-3	-15,10072387E-6	
-126,80000000E-3	-15,06250406E-6	
-127,80000000E-3	-15,03086645E-6	
-128,60000000E-3	-15,00565929E-6	
-129,60000000E-3	-14,98661370E-6	
-130,30000000E-3	-14,97248096E-6	
-131,20000000E-3	-14,96221696E-6	
-132,20000000E-3	-14,95564295E-6	
-133,20000000E-3	-14,95290826E-6	
-133,90000000E-3	-14,95489880E-6	
-135,00000000E-3	-14,96331907E-6	
-136,20000000E-3	-14,97597137E-6	
-136,80000000E-3	-14,99275219E-6	
-137,60000000E-3	-15,01271439E-6	
-138,60000000E-3	-15,03430902E-6	
-139,30000000E-3	-15,05603461E-6	
-140,40000000E-3	-15,07938920E-6	
-141,50000000E-3	-15,10167081E-6	
-142,30000000E-3	-15,12335061E-6	
-143,00000000E-3	-15,14451260E-6	
-144,10000000E-3	-15,16508891E-6	
-144,80000000E-3	-15,18561494E-6	
-145,90000000E-3	-15,20679707E-6	
-147,00000000E-3	-15,23018040E-6	
-147,60000000E-3	-15,25660134E-6	
-148,70000000E-3	-15,28724519E-6	
-149,50000000E-3	-15,31630366E-6	
-150,60000000E-3	-15,34486726E-6	
-151,30000000E-3	-15,37514500E-6	
-152,50000000E-3	-15,40757159E-6	
-153,20000000E-3	-15,44101063E-6	
-154,00000000E-3	-15,47437997E-6	
-155,10000000E-3	-15,50817911E-6	
-155,80000000E-3	-15,54257970E-6	
-157,00000000E-3	-15,57723563E-6	
-157,70000000E-3	-15,61264148E-6	
-158,40000000E-3	-15,64894666E-6	
-159,60000000E-3	-15,68557016E-6	
-160,30000000E-3	-15,72160250E-6	
-161,40000000E-3	-15,75920973E-6	
-162,20000000E-3	-15,79513870E-6	
-163,30000000E-3	-15,83248269E-6	
-164,10000000E-3	-15,87358137E-6	
-165,20000000E-3	-15,91434301E-6	
-165,90000000E-3	-15,95447357E-6	
-166,70000000E-3	-15,99171830E-6	
-167,80000000E-3	-16,02664472E-6	
-168,90000000E-3	-16,06045335E-6	
-169,70000000E-3	-16,09665703E-6	
-170,40000000E-3	-16,13190256E-6	
-171,60000000E-3	-16,16811318E-6	
-172,30000000E-3	-16,20419861E-6	
-173,40000000E-3	-16,24007991E-6	
-174,20000000E-3	-16,27510711E-6	
-174,90000000E-3	-16,31041616E-6	
-176,10000000E-3	-16,34796602E-6	
-177,20000000E-3	-16,38665292E-6	
-177,80000000E-3	-16,42505074E-6	
-178,60000000E-3	-16,46303481E-6	
-179,30000000E-3	-16,50205690E-6	
-180,50000000E-3	-16,54191430E-6	
-181,60000000E-3	-16,58107018E-6	
-182,30000000E-3	-16,61912966E-6	
-183,10000000E-3	-16,65623802E-6	
-183,80000000E-3	-16,69335774E-6	
-185,00000000E-3	-16,73322854E-6	
-186,10000000E-3	-16,77176601E-6	
-186,80000000E-3	-16,81035594E-6	
-187,60000000E-3	-16,84876471E-6	
-188,70000000E-3	-16,88637559E-6	
-189,40000000E-3	-16,92206577E-6	
-190,60000000E-3	-16,95548643E-6	
-191,30000000E-3	-16,98719214E-6	
-192,00000000E-3	-17,01856263E-6	
-193,20000000E-3	-17,04997199E-6	
-193,90000000E-3	-17,08080049E-6	
-195,00000000E-3	-17,11036052E-6	
-195,80000000E-3	-17,13854448E-6	
-196,50000000E-3	-17,16648802E-6	
-197,70000000E-3	-17,19527268E-6	
-198,40000000E-3	-17,22657889E-6	
-199,50000000E-3	-17,25928096E-6	
