0,00000000E+0	-27,28683072E-6	
0,00000000E+0	-27,31796061E-6	
200,00000000E-6	-27,33753587E-6	
400,00000000E-6	-27,34832499E-6	
600,00000000E-6	-27,35698085E-6	
1,00000000E-3	-27,36321021E-6	
1,50000000E-3	-27,36439450E-6	
1,90000000E-3	-27,36312690E-6	
2,40000000E-3	-27,36394336E-6	
2,90000000E-3	-27,36556198E-6	
3,30000000E-3	-27,36402537E-6	
3,80000000E-3	-27,36025057E-6	
4,50000000E-3	-27,35477717E-6	
5,00000000E-3	-27,33840230E-6	
5,60000000E-3	-27,30636745E-6	
6,10000000E-3	-27,26773538E-6	
6,60000000E-3	-27,23643933E-6	
7,10000000E-3	-27,22002509E-6	
7,90000000E-3	-27,21798600E-6	
8,50000000E-3	-27,22634933E-6	
9,00000000E-3	-27,24638751E-6	
9,60000000E-3	-27,27569707E-6	
10,10000000E-3	-27,30684381E-6	
10,70000000E-3	-27,33002326E-6	
11,30000000E-3	-27,34134981E-6	
12,00000000E-3	-27,34479356E-6	
12,00000000E-3	-27,34500172E-6	
13,10000000E-3	-27,34445831E-6	
13,60000000E-3	-27,34271145E-6	
14,30000000E-3	-27,33929128E-6	
14,80000000E-3	-27,34109838E-6	
15,40000000E-3	-27,35327715E-6	
16,00000000E-3	-27,36815303E-6	
16,70000000E-3	-27,37783027E-6	
17,40000000E-3	-27,37647377E-6	
18,00000000E-3	-27,35518811E-6	
18,50000000E-3	-27,31470552E-6	
19,10000000E-3	-27,26912096E-6	
19,60000000E-3	-27,23433261E-6	
20,40000000E-3	-27,22047377E-6	
21,10000000E-3	-27,23470981E-6	
21,70000000E-3	-27,27054844E-6	
22,20000000E-3	-27,31213979E-6	
22,80000000E-3	-27,34655453E-6	
23,40000000E-3	-27,37124915E-6	
24,10000000E-3	-27,39335136E-6	
24,80000000E-3	-27,41207734E-6	
25,40000000E-3	-27,41746032E-6	
26,00000000E-3	-27,41261305E-6	
26,60000000E-3	-27,40995132E-6	
27,10000000E-3	-27,41540306E-6	
28,00000000E-3	-27,42329105E-6	
28,60000000E-3	-27,42976189E-6	
29,10000000E-3	-27,43537578E-6	
29,70000000E-3	-27,43683049E-6	
30,30000000E-3	-27,43231816E-6	
30,90000000E-3	-27,41783470E-6	
31,70000000E-3	-27,38962345E-6	
32,30000000E-3	-27,34982142E-6	
32,90000000E-3	-27,31077019E-6	
33,50000000E-3	-27,28544802E-6	
34,10000000E-3	-27,28227260E-6	
34,70000000E-3	-27,30327143E-6	
35,30000000E-3	-27,34140059E-6	
35,80000000E-3	-27,37761533E-6	
36,40000000E-3	-27,39743469E-6	
37,00000000E-3	-27,40011622E-6	
37,90000000E-3	-27,39107573E-6	
38,30000000E-3	-27,37535195E-6	
39,00000000E-3	-27,35430021E-6	
39,90000000E-3	-27,32959799E-6	
40,20000000E-3	-27,30499742E-6	
40,80000000E-3	-27,28399300E-6	
41,30000000E-3	-27,26989794E-6	
42,10000000E-3	-27,26081327E-6	
42,70000000E-3	-27,25311576E-6	
43,30000000E-3	-27,24314999E-6	
43,90000000E-3	-27,22688305E-6	
44,50000000E-3	-27,20307958E-6	
45,10000000E-3	-27,16815276E-6	
45,60000000E-3	-27,12089504E-6	
46,40000000E-3	-27,07245080E-6	
47,10000000E-3	-27,03473855E-6	
47,70000000E-3	-27,01606382E-6	
48,20000000E-3	-27,01586303E-6	
48,80000000E-3	-27,02886946E-6	
49,30000000E-3	-27,05245789E-6	
50,00000000E-3	-27,08149642E-6	
50,00000000E-3	-27,10953212E-6	
51,60000000E-3	-27,12938923E-6	
52,10000000E-3	-27,13947056E-6	
52,70000000E-3	-27,14243047E-6	
53,30000000E-3	-27,13887422E-6	
53,80000000E-3	-27,12945716E-6	
54,40000000E-3	-27,11553730E-6	
55,00000000E-3	-27,09701817E-6	
55,60000000E-3	-27,07498188E-6	
56,40000000E-3	-27,05104853E-6	
56,90000000E-3	-27,02964924E-6	
57,50000000E-3	-27,01624277E-6	
58,10000000E-3	-27,00411226E-6	
58,40000000E-3	-26,98073213E-6	
59,50000000E-3	-26,94278300E-6	
60,00000000E-3	-26,89667677E-6	
60,60000000E-3	-26,85457890E-6	
61,50000000E-3	-26,82693663E-6	
62,10000000E-3	-26,82512961E-6	
62,60000000E-3	-26,85076182E-6	
63,20000000E-3	-26,88797189E-6	
63,80000000E-3	-26,92208585E-6	
64,40000000E-3	-26,94886539E-6	
65,00000000E-3	-26,96923539E-6	
65,80000000E-3	-26,98318918E-6	
66,40000000E-3	-26,98953079E-6	
66,90000000E-3	-26,98744231E-6	
67,50000000E-3	-26,97821930E-6	
68,10000000E-3	-26,96860561E-6	
68,70000000E-3	-26,96769098E-6	
69,50000000E-3	-26,97806083E-6	
70,10000000E-3	-26,99394253E-6	
70,70000000E-3	-27,00823241E-6	
71,20000000E-3	-27,01492737E-6	
71,60000000E-3	-27,01272895E-6	
72,40000000E-3	-26,99859033E-6	
73,20000000E-3	-26,97836013E-6	
73,90000000E-3	-26,96960314E-6	
74,40000000E-3	-26,98244807E-6	
75,00000000E-3	-27,00842148E-6	
75,60000000E-3	-27,03068863E-6	
76,20000000E-3	-27,03949762E-6	
77,00000000E-3	-27,03916433E-6	
77,30000000E-3	-27,04208307E-6	
77,90000000E-3	-27,05514889E-6	
78,40000000E-3	-27,07194629E-6	
79,30000000E-3	-27,08208103E-6	
79,90000000E-3	-27,08122391E-6	
80,60000000E-3	-27,07574613E-6	
81,30000000E-3	-27,07321022E-6	
81,90000000E-3	-27,07294422E-6	
82,50000000E-3	-27,07242861E-6	
82,90000000E-3	-27,07006610E-6	
83,60000000E-3	-27,06744007E-6	
84,20000000E-3	-27,06830785E-6	
84,40000000E-3	-27,07098030E-6	
85,50000000E-3	-27,07265710E-6	
86,00000000E-3	-27,07468467E-6	
86,60000000E-3	-27,08049549E-6	
87,20000000E-3	-27,08848240E-6	
87,90000000E-3	-27,09409072E-6	
88,70000000E-3	-27,09768160E-6	
89,20000000E-3	-27,09988348E-6	
89,80000000E-3	-27,09917356E-6	
90,40000000E-3	-27,09580747E-6	
91,10000000E-3	-27,09213847E-6	
91,60000000E-3	-27,08700535E-6	
92,50000000E-3	-27,07689564E-6	
93,10000000E-3	-27,06192774E-6	
93,40000000E-3	-27,04262092E-6	
93,90000000E-3	-27,02428284E-6	
94,50000000E-3	-27,01627795E-6	
95,40000000E-3	-27,01819574E-6	
96,00000000E-3	-27,02266147E-6	
96,90000000E-3	-27,02681169E-6	
97,40000000E-3	-27,02980582E-6	
98,00000000E-3	-27,02731540E-6	
98,30000000E-3	-27,01858944E-6	
99,00000000E-3	-27,00402122E-6	
99,70000000E-3	-26,98193093E-6	
100,30000000E-3	-26,95957449E-6	
100,90000000E-3	-26,95461485E-6	
101,40000000E-3	-26,96965870E-6	
102,00000000E-3	-26,98981641E-6	
102,60000000E-3	-27,00201690E-6	
103,50000000E-3	-27,00658641E-6	
104,10000000E-3	-27,00762552E-6	
104,60000000E-3	-27,00319236E-6	
104,90000000E-3	-26,99390241E-6	
105,70000000E-3	-26,98705650E-6	
106,40000000E-3	-26,98725192E-6	
107,30000000E-3	-26,99290104E-6	
107,90000000E-3	-27,00222310E-6	
108,50000000E-3	-27,01124980E-6	
109,00000000E-3	-27,01397592E-6	
109,60000000E-3	-27,01165941E-6	
110,50000000E-3	-27,00984674E-6	
110,70000000E-3	-27,01119809E-6	
111,60000000E-3	-27,01204125E-6	
111,90000000E-3	-27,00724517E-6	
112,80000000E-3	-26,99051933E-6	
113,30000000E-3	-26,96300242E-6	
114,20000000E-3	-26,94167188E-6	
114,50000000E-3	-26,93975626E-6	
115,10000000E-3	-26,95335116E-6	
115,70000000E-3	-26,96987395E-6	
116,50000000E-3	-26,98214319E-6	
117,00000000E-3	-26,98719942E-6	
117,60000000E-3	-26,98689765E-6	
118,20000000E-3	-26,98584597E-6	
119,10000000E-3	-26,98653608E-6	
119,60000000E-3	-26,99159928E-6	
119,90000000E-3	-27,00083655E-6	
120,50000000E-3	-27,00968075E-6	
121,40000000E-3	-27,01616907E-6	
122,00000000E-3	-27,02399193E-6	
122,80000000E-3	-27,03693120E-6	
123,20000000E-3	-27,05408489E-6	
124,00000000E-3	-27,07171965E-6	
124,30000000E-3	-27,08698933E-6	
124,90000000E-3	-27,10001545E-6	
125,80000000E-3	-27,10949215E-6	
126,30000000E-3	-27,10776936E-6	
127,00000000E-3	-27,08964946E-6	
127,50000000E-3	-27,06188985E-6	
128,00000000E-3	-27,03344137E-6	
128,60000000E-3	-27,01793697E-6	
129,50000000E-3	-27,02833471E-6	
130,10000000E-3	-27,05649251E-6	
130,70000000E-3	-27,08757028E-6	
131,20000000E-3	-27,11080480E-6	
131,80000000E-3	-27,12182517E-6	
132,30000000E-3	-27,12425936E-6	
133,20000000E-3	-27,12349543E-6	
133,80000000E-3	-27,12405506E-6	
134,40000000E-3	-27,13013070E-6	
134,90000000E-3	-27,13874604E-6	
135,50000000E-3	-27,14304189E-6	
136,40000000E-3	-27,13921206E-6	
136,90000000E-3	-27,13332545E-6	
137,50000000E-3	-27,13159950E-6	
138,10000000E-3	-27,13183993E-6	
138,70000000E-3	-27,13105161E-6	
139,30000000E-3	-27,13043081E-6	
140,10000000E-3	-27,12428483E-6	
140,70000000E-3	-27,10496167E-6	
141,30000000E-3	-27,08178772E-6	
141,90000000E-3	-27,07707691E-6	
142,40000000E-3	-27,09847706E-6	
143,00000000E-3	-27,13375316E-6	
143,80000000E-3	-27,16902736E-6	
144,10000000E-3	-27,19574525E-6	
145,00000000E-3	-27,21184659E-6	
145,50000000E-3	-27,22081874E-6	
146,10000000E-3	-27,22649042E-6	
146,70000000E-3	-27,23295347E-6	
147,20000000E-3	-27,24170909E-6	
147,80000000E-3	-27,24995433E-6	
148,70000000E-3	-27,25481221E-6	
149,30000000E-3	-27,25605756E-6	
149,80000000E-3	-27,25410348E-6	
150,30000000E-3	-27,24725323E-6	
150,90000000E-3	-27,23728344E-6	
151,80000000E-3	-27,22994071E-6	
152,30000000E-3	-27,22958900E-6	
152,90000000E-3	-27,23356970E-6	
153,50000000E-3	-27,22897569E-6	
154,40000000E-3	-27,20717529E-6	
154,90000000E-3	-27,17614272E-6	
155,50000000E-3	-27,14916766E-6	
156,10000000E-3	-27,13564769E-6	
156,70000000E-3	-27,14350983E-6	
157,20000000E-3	-27,17082707E-6	
158,10000000E-3	-27,20600114E-6	
158,70000000E-3	-27,23455926E-6	
159,30000000E-3	-27,25176309E-6	
159,80000000E-3	-27,26175865E-6	
160,40000000E-3	-27,27250550E-6	
161,00000000E-3	-27,28422084E-6	
161,50000000E-3	-27,29154124E-6	
162,30000000E-3	-27,29163428E-6	
162,90000000E-3	-27,28770952E-6	
163,50000000E-3	-27,28419420E-6	
164,10000000E-3	-27,28450250E-6	
164,60000000E-3	-27,28870996E-6	
165,20000000E-3	-27,29212484E-6	
166,10000000E-3	-27,29120122E-6	
166,70000000E-3	-27,28536761E-6	
167,20000000E-3	-27,26723378E-6	
167,80000000E-3	-27,23611854E-6	
168,40000000E-3	-27,20888315E-6	
169,00000000E-3	-27,19899035E-6	
169,90000000E-3	-27,21241267E-6	
170,40000000E-3	-27,23939393E-6	
171,00000000E-3	-27,26553624E-6	
171,60000000E-3	-27,28643009E-6	
172,20000000E-3	-27,30212464E-6	
172,80000000E-3	-27,30934300E-6	
173,50000000E-3	-27,31132854E-6	
174,20000000E-3	-27,31061782E-6	
174,80000000E-3	-27,30514484E-6	
175,30000000E-3	-27,29749900E-6	
175,90000000E-3	-27,29137135E-6	
176,40000000E-3	-27,28982843E-6	
177,30000000E-3	-27,29234583E-6	
177,90000000E-3	-27,29475199E-6	
178,50000000E-3	-27,29597691E-6	
179,10000000E-3	-27,29893687E-6	
179,60000000E-3	-27,30646583E-6	
180,20000000E-3	-27,31470433E-6	
181,00000000E-3	-27,31042243E-6	
181,30000000E-3	-27,29145673E-6	
182,10000000E-3	-27,27136914E-6	
182,40000000E-3	-27,26199018E-6	
183,40000000E-3	-27,26755361E-6	
184,00000000E-3	-27,28495977E-6	
184,60000000E-3	-27,30838333E-6	
185,10000000E-3	-27,33244770E-6	
185,90000000E-3	-27,35396888E-6	
186,60000000E-3	-27,37309564E-6	
187,20000000E-3	-27,38967824E-6	
187,70000000E-3	-27,39532510E-6	
188,30000000E-3	-27,38521169E-6	
188,90000000E-3	-27,36474367E-6	
189,50000000E-3	-27,34243008E-6	
190,40000000E-3	-27,32463953E-6	
190,90000000E-3	-27,31615425E-6	
191,50000000E-3	-27,31661461E-6	
192,10000000E-3	-27,31985850E-6	
192,60000000E-3	-27,32040337E-6	
193,20000000E-3	-27,31845246E-6	
194,10000000E-3	-27,31521954E-6	
194,60000000E-3	-27,31084373E-6	
195,00000000E-3	-27,30815380E-6	
195,50000000E-3	-27,30736588E-6	
196,20000000E-3	-27,30622366E-6	
197,00000000E-3	-27,30672236E-6	
197,70000000E-3	-27,31273781E-6	
198,10000000E-3	-27,32021746E-6	
199,00000000E-3	-27,32192684E-6	
199,60000000E-3	-27,31641016E-6	
199,90000000E-3	-27,30740029E-6	
200,20000000E-3	-27,30122048E-6	
201,30000000E-3	-27,30364845E-6	
201,90000000E-3	-27,31395691E-6	
202,50000000E-3	-27,32653109E-6	
203,20000000E-3	-27,33763750E-6	
203,80000000E-3	-27,34553067E-6	
204,40000000E-3	-27,35086924E-6	
205,00000000E-3	-27,35623204E-6	
205,60000000E-3	-27,36026652E-6	
206,10000000E-3	-27,35916302E-6	
206,80000000E-3	-27,35471482E-6	
207,40000000E-3	-27,34579565E-6	
208,00000000E-3	-27,32894072E-6	
208,60000000E-3	-27,30739862E-6	
209,20000000E-3	-27,29328739E-6	
210,10000000E-3	-27,29620250E-6	
210,40000000E-3	-27,31573462E-6	
211,00000000E-3	-27,34569689E-6	
211,70000000E-3	-27,37515612E-6	
212,40000000E-3	-27,39756263E-6	
213,00000000E-3	-27,41324508E-6	
213,70000000E-3	-27,42633627E-6	
213,70000000E-3	-27,44030494E-6	
215,00000000E-3	-27,45382430E-6	
215,50000000E-3	-27,46345007E-6	
216,30000000E-3	-27,46982755E-6	
217,00000000E-3	-27,47642782E-6	
217,50000000E-3	-27,48200352E-6	
218,10000000E-3	-27,47980482E-6	
218,70000000E-3	-27,47015708E-6	
219,30000000E-3	-27,46274409E-6	
220,00000000E-3	-27,46491614E-6	
220,60000000E-3	-27,47352966E-6	
221,20000000E-3	-27,47777696E-6	
221,70000000E-3	-27,47111995E-6	
222,40000000E-3	-27,52959131E-6	
223,00000000E-3	-27,72161209E-6	
223,60000000E-3	-27,89553659E-6	
224,20000000E-3	-27,92106721E-6	
224,80000000E-3	-27,83157685E-6	
225,40000000E-3	-27,71587550E-6	
225,70000000E-3	-27,62906795E-6	
226,70000000E-3	-27,57573851E-6	
227,30000000E-3	-27,54399856E-6	
228,00000000E-3	-27,52063416E-6	
228,20000000E-3	-27,49995952E-6	
228,90000000E-3	-27,48760091E-6	
229,90000000E-3	-27,48989158E-6	
229,90000000E-3	-27,50606580E-6	
231,00000000E-3	-27,52472647E-6	
231,60000000E-3	-27,53574610E-6	
232,30000000E-3	-27,54015571E-6	
233,00000000E-3	-27,54150159E-6	
233,50000000E-3	-27,54123707E-6	
234,10000000E-3	-27,54152107E-6	
234,80000000E-3	-27,54048296E-6	
235,30000000E-3	-27,53154389E-6	
235,90000000E-3	-27,51233663E-6	
236,60000000E-3	-27,48779673E-6	
236,90000000E-3	-27,46454537E-6	
238,00000000E-3	-27,45109670E-6	
238,40000000E-3	-27,45474285E-6	
238,40000000E-3	-27,47037182E-6	
239,60000000E-3	-27,48653175E-6	
240,20000000E-3	-27,49780329E-6	
240,80000000E-3	-27,50518446E-6	
241,40000000E-3	-27,51120874E-6	
242,00000000E-3	-27,51797521E-6	
242,60000000E-3	-27,52352945E-6	
243,20000000E-3	-27,52573684E-6	
243,80000000E-3	-27,52675387E-6	
244,60000000E-3	-27,52813473E-6	
245,30000000E-3	-27,52858845E-6	
246,00000000E-3	-27,52664484E-6	
246,60000000E-3	-27,52339213E-6	
247,20000000E-3	-27,52276131E-6	
247,80000000E-3	-27,52605772E-6	
248,30000000E-3	-27,52915595E-6	
249,00000000E-3	-27,52309842E-6	
249,60000000E-3	-27,50136628E-6	
250,20000000E-3	-27,46813069E-6	
250,80000000E-3	-27,43977512E-6	
251,40000000E-3	-27,42614814E-6	
252,10000000E-3	-27,42449935E-6	
252,70000000E-3	-27,43233587E-6	
253,30000000E-3	-27,45200337E-6	
253,90000000E-3	-27,48126483E-6	
254,50000000E-3	-27,51264586E-6	
255,20000000E-3	-27,53908056E-6	
255,80000000E-3	-27,55526999E-6	
256,60000000E-3	-27,56126531E-6	
257,00000000E-3	-27,56290627E-6	
258,00000000E-3	-27,56078834E-6	
258,30000000E-3	-27,55390766E-6	
258,90000000E-3	-27,54335496E-6	
259,50000000E-3	-27,53061562E-6	
260,10000000E-3	-27,51922450E-6	
261,00000000E-3	-27,51214215E-6	
261,60000000E-3	-27,50896193E-6	
262,00000000E-3	-27,50236364E-6	
262,80000000E-3	-27,48293066E-6	
263,40000000E-3	-27,45596280E-6	
264,00000000E-3	-27,43451687E-6	
264,60000000E-3	-27,42848458E-6	
265,20000000E-3	-27,44210041E-6	
265,60000000E-3	-27,46989354E-6	
266,60000000E-3	-27,50311586E-6	
267,20000000E-3	-27,53076596E-6	
267,80000000E-3	-27,55004912E-6	
268,40000000E-3	-27,57108997E-6	
269,00000000E-3	-27,60043264E-6	
269,60000000E-3	-27,62592471E-6	
270,20000000E-3	-27,63382941E-6	
270,80000000E-3	-27,62489830E-6	
271,40000000E-3	-27,61195901E-6	
272,00000000E-3	-27,60230838E-6	
272,60000000E-3	-27,59653373E-6	
273,20000000E-3	-27,59622388E-6	
273,80000000E-3	-27,60045439E-6	
274,60000000E-3	-27,60376008E-6	
275,40000000E-3	-27,60407618E-6	
275,90000000E-3	-27,59953650E-6	
276,60000000E-3	-27,58665581E-6	
277,20000000E-3	-27,56599777E-6	
277,80000000E-3	-27,54168456E-6	
278,40000000E-3	-27,51961754E-6	
279,00000000E-3	-27,51115040E-6	
279,60000000E-3	-27,52006279E-6	
280,20000000E-3	-27,53793481E-6	
280,80000000E-3	-27,55571878E-6	
281,40000000E-3	-27,56676010E-6	
282,10000000E-3	-27,56997788E-6	
282,70000000E-3	-27,57035280E-6	
283,30000000E-3	-27,57248277E-6	
283,90000000E-3	-27,57660782E-6	
284,60000000E-3	-27,58125266E-6	
285,20000000E-3	-27,58672875E-6	
285,80000000E-3	-27,59487523E-6	
286,10000000E-3	-27,60520748E-6	
287,10000000E-3	-27,61506234E-6	
287,70000000E-3	-27,62157773E-6	
288,30000000E-3	-27,62132563E-6	
288,90000000E-3	-27,61384557E-6	
289,50000000E-3	-27,59810319E-6	
290,10000000E-3	-27,57266112E-6	
290,40000000E-3	-27,54168139E-6	
291,20000000E-3	-27,51000114E-6	
291,90000000E-3	-27,48458256E-6	
292,50000000E-3	-27,47061063E-6	
293,20000000E-3	-27,46720420E-6	
293,80000000E-3	-27,47503154E-6	
294,50000000E-3	-27,49512553E-6	
295,00000000E-3	-27,52449237E-6	
295,80000000E-3	-27,55633538E-6	
296,20000000E-3	-27,58359282E-6	
296,80000000E-3	-27,59720630E-6	
297,40000000E-3	-27,59665718E-6	
298,00000000E-3	-27,59158302E-6	
298,70000000E-3	-27,58605759E-6	
299,30000000E-3	-27,58124896E-6	
299,90000000E-3	-27,58152089E-6	
