-0,00000000E+0	-15,69204270E-6	
0,00000000E+0	-15,68908236E-6	
-100,00000000E-6	-15,68660178E-6	
-400,00000000E-6	-15,68424673E-6	
-700,00000000E-6	-15,68139271E-6	
-1,40000000E-3	-15,67849240E-6	
-2,10000000E-3	-15,67695181E-6	
-2,70000000E-3	-15,67710640E-6	
-3,40000000E-3	-15,67789318E-6	
-4,00000000E-3	-15,67807849E-6	
-4,90000000E-3	-15,67732324E-6	
-5,80000000E-3	-15,67599032E-6	
-6,40000000E-3	-15,67487308E-6	
-7,50000000E-3	-15,67494000E-6	
-8,40000000E-3	-15,67682533E-6	
-9,10000000E-3	-15,67996255E-6	
-10,00000000E-3	-15,68284110E-6	
-10,70000000E-3	-15,68479594E-6	
-11,70000000E-3	-15,68625394E-6	
-12,70000000E-3	-15,68694889E-6	
-13,30000000E-3	-15,68618332E-6	
-14,40000000E-3	-15,68456666E-6	
-15,40000000E-3	-15,68357227E-6	
-16,10000000E-3	-15,68456359E-6	
-17,10000000E-3	-15,68849302E-6	
-17,70000000E-3	-15,69546051E-6	
-18,80000000E-3	-15,70468277E-6	
-19,90000000E-3	-15,71292070E-6	
-20,90000000E-3	-15,71882413E-6	
-21,90000000E-3	-15,72312348E-6	
-22,60000000E-3	-15,72709564E-6	
-23,60000000E-3	-15,73118701E-6	
-24,70000000E-3	-15,73457276E-6	
-25,40000000E-3	-15,73710234E-6	
-26,30000000E-3	-15,73862350E-6	
-27,40000000E-3	-15,73842869E-6	
-28,40000000E-3	-15,73632322E-6	
-29,20000000E-3	-15,73272049E-6	
-30,20000000E-3	-15,72793222E-6	
-30,90000000E-3	-15,72237493E-6	
-31,90000000E-3	-15,71644438E-6	
-32,60000000E-3	-15,71024311E-6	
-33,60000000E-3	-15,70372173E-6	
-34,60000000E-3	-15,69665496E-6	
-35,30000000E-3	-15,68870257E-6	
-36,40000000E-3	-15,67905546E-6	
-37,10000000E-3	-15,66706794E-6	
-38,10000000E-3	-15,65259575E-6	
-39,10000000E-3	-15,63621213E-6	
-39,80000000E-3	-15,61904530E-6	
-40,90000000E-3	-15,60131630E-6	
-41,60000000E-3	-15,58228792E-6	
-42,60000000E-3	-15,55995260E-6	
-43,60000000E-3	-15,53399124E-6	
-44,30000000E-3	-15,50520744E-6	
-45,30000000E-3	-15,47416228E-6	
-46,40000000E-3	-15,44268397E-6	
-47,10000000E-3	-15,41172044E-6	
-48,10000000E-3	-15,38146080E-6	
-48,80000000E-3	-15,35087375E-6	
-49,80000000E-3	-15,31878743E-6	
-50,80000000E-3	-15,28453392E-6	
-51,50000000E-3	-15,24826836E-6	
-52,70000000E-3	-15,21154541E-6	
-53,70000000E-3	-15,17541983E-6	
-54,30000000E-3	-15,13988100E-6	
-55,30000000E-3	-15,10321915E-6	
-56,40000000E-3	-15,06686932E-6	
-57,10000000E-3	-15,03262148E-6	
-58,10000000E-3	-14,99941850E-6	
-58,80000000E-3	-14,96631715E-6	
-59,80000000E-3	-14,93100050E-6	
-60,90000000E-3	-14,89813867E-6	
-61,90000000E-3	-14,86712650E-6	
-62,60000000E-3	-14,83906775E-6	
-63,60000000E-3	-14,81340472E-6	
-64,30000000E-3	-14,78962303E-6	
-65,40000000E-3	-14,76656385E-6	
-66,30000000E-3	-14,74332659E-6	
-67,10000000E-3	-14,72104681E-6	
-68,10000000E-3	-14,69926275E-6	
-69,20000000E-3	-14,68019775E-6	
-69,90000000E-3	-14,66224847E-6	
-70,80000000E-3	-14,64444417E-6	
-71,90000000E-3	-14,62927647E-6	
-72,60000000E-3	-14,61629752E-6	
-73,50000000E-3	-14,60515851E-6	
-74,60000000E-3	-14,59594572E-6	
-75,30000000E-3	-14,58937707E-6	
-76,30000000E-3	-14,58570527E-6	
-77,00000000E-3	-14,58476402E-6	
-78,00000000E-3	-14,58645766E-6	
-79,10000000E-3	-14,59038116E-6	
-79,80000000E-3	-14,59566639E-6	
-80,80000000E-3	-14,60190767E-6	
-81,80000000E-3	-14,60842222E-6	
-82,60000000E-3	-14,61550783E-6	
-83,60000000E-3	-14,62278449E-6	
-84,60000000E-3	-14,62901847E-6	
-85,30000000E-3	-14,63487838E-6	
-86,40000000E-3	-14,64081474E-6	
-87,00000000E-3	-14,64695025E-6	
-88,10000000E-3	-14,65305246E-6	
-89,00000000E-3	-14,65825819E-6	
-89,70000000E-3	-14,66260635E-6	
-90,80000000E-3	-14,66692280E-6	
-91,50000000E-3	-14,67130582E-6	
-92,60000000E-3	-14,67547559E-6	
-93,40000000E-3	-14,67890545E-6	
-94,20000000E-3	-14,68088225E-6	
-95,30000000E-3	-14,68106846E-6	
-96,00000000E-3	-14,67958375E-6	
-97,00000000E-3	-14,67681673E-6	
-97,90000000E-3	-14,67340558E-6	
-98,70000000E-3	-14,66938932E-6	
-99,80000000E-3	-14,66353875E-6	
-100,50000000E-3	-14,65419380E-6	
-101,50000000E-3	-14,64146880E-6	
-102,60000000E-3	-14,62681009E-6	
-103,30000000E-3	-14,61124785E-6	
-104,30000000E-3	-14,59599220E-6	
-105,00000000E-3	-14,58136682E-6	
-106,10000000E-3	-14,56611634E-6	
-107,10000000E-3	-14,55054390E-6	
-108,10000000E-3	-14,53306197E-6	
-108,80000000E-3	-14,51309171E-6	
-109,90000000E-3	-14,49126973E-6	
-110,60000000E-3	-14,46811734E-6	
-111,60000000E-3	-14,44332736E-6	
-112,60000000E-3	-14,41817055E-6	
-113,30000000E-3	-14,39426632E-6	
-114,40000000E-3	-14,37212781E-6	
-115,40000000E-3	-14,35087308E-6	
-116,00000000E-3	-14,32961749E-6	
-117,10000000E-3	-14,30837084E-6	
-117,80000000E-3	-14,28761693E-6	
-118,90000000E-3	-14,26612689E-6	
-119,80000000E-3	-14,24574133E-6	
-120,50000000E-3	-14,22648809E-6	
-121,60000000E-3	-14,20958505E-6	
-122,70000000E-3	-14,19519441E-6	
-123,30000000E-3	-14,18264873E-6	
-124,20000000E-3	-14,17035066E-6	
-125,30000000E-3	-14,15750370E-6	
-126,20000000E-3	-14,14340459E-6	
-126,90000000E-3	-14,12988980E-6	
-127,90000000E-3	-14,11793718E-6	
-128,70000000E-3	-14,10781952E-6	
-129,70000000E-3	-14,09851818E-6	
-130,70000000E-3	-14,09033088E-6	
-131,60000000E-3	-14,08256915E-6	
-132,60000000E-3	-14,07492098E-6	
-133,60000000E-3	-14,06634682E-6	
-134,50000000E-3	-14,05693909E-6	
-135,20000000E-3	-14,04767479E-6	
-136,20000000E-3	-14,03915947E-6	
-136,80000000E-3	-14,03221582E-6	
-137,80000000E-3	-14,02819483E-6	
-138,80000000E-3	-14,02764481E-6	
-139,70000000E-3	-14,02925763E-6	
-140,70000000E-3	-14,03203494E-6	
-141,50000000E-3	-14,03576339E-6	
-142,40000000E-3	-14,04006506E-6	
-143,50000000E-3	-14,04349445E-6	
-144,10000000E-3	-14,04595277E-6	
-145,10000000E-3	-14,04813464E-6	
-146,10000000E-3	-14,05038510E-6	
-146,70000000E-3	-14,05159755E-6	
-147,80000000E-3	-14,05085548E-6	
-148,70000000E-3	-14,04911104E-6	
-149,60000000E-3	-14,04849206E-6	
-150,50000000E-3	-14,05032594E-6	
-151,40000000E-3	-14,05486593E-6	
-152,40000000E-3	-14,06248799E-6	
-153,30000000E-3	-14,07178166E-6	
-154,00000000E-3	-14,08186457E-6	
-155,00000000E-3	-14,09109274E-6	
-156,00000000E-3	-14,09989698E-6	
-156,70000000E-3	-14,10958148E-6	
-157,70000000E-3	-14,12040161E-6	
-158,70000000E-3	-14,13174900E-6	
-159,70000000E-3	-14,14186742E-6	
-160,70000000E-3	-14,15005568E-6	
-161,60000000E-3	-14,15747781E-6	
-162,30000000E-3	-14,16518986E-6	
-163,30000000E-3	-14,17334440E-6	
-164,00000000E-3	-14,18206203E-6	
-165,00000000E-3	-14,19202705E-6	
-166,00000000E-3	-14,20198427E-6	
-166,60000000E-3	-14,21293974E-6	
-167,60000000E-3	-14,22524882E-6	
-168,60000000E-3	-14,23842877E-6	
-169,50000000E-3	-14,25182930E-6	
-170,50000000E-3	-14,26510941E-6	
-171,50000000E-3	-14,27753473E-6	
-172,30000000E-3	-14,28860069E-6	
-173,20000000E-3	-14,29917813E-6	
-173,90000000E-3	-14,31077780E-6	
-174,90000000E-3	-14,32462543E-6	
-175,90000000E-3	-14,33860146E-6	
-176,50000000E-3	-14,35265966E-6	
-177,50000000E-3	-14,36652854E-6	
-178,50000000E-3	-14,38065594E-6	
-179,50000000E-3	-14,39544340E-6	
-180,50000000E-3	-14,41058924E-6	
-181,20000000E-3	-14,42546296E-6	
-182,20000000E-3	-14,43939469E-6	
-183,20000000E-3	-14,45229296E-6	
-183,90000000E-3	-14,46477150E-6	
-184,90000000E-3	-14,47811798E-6	
-185,90000000E-3	-14,49266243E-6	
-186,50000000E-3	-14,50708894E-6	
-187,50000000E-3	-14,51986282E-6	
-188,40000000E-3	-14,53103581E-6	
-189,40000000E-3	-14,54261801E-6	
-190,30000000E-3	-14,55457420E-6	
-191,50000000E-3	-14,56780605E-6	
-192,10000000E-3	-14,58181430E-6	
-193,20000000E-3	-14,59553321E-6	
-193,90000000E-3	-14,60864229E-6	
-194,80000000E-3	-14,62191126E-6	
-195,50000000E-3	-14,63647862E-6	
-196,50000000E-3	-14,65250357E-6	
-197,40000000E-3	-14,66863084E-6	
-198,40000000E-3	-14,68340392E-6	
-199,40000000E-3	-14,69649899E-6	
-200,20000000E-3	-14,70672484E-6	
-200,60000000E-3	-14,71602149E-6	
-201,00000000E-3	-14,72590278E-6	
-201,10000000E-3	-14,73501264E-6	
-201,20000000E-3	-14,74338891E-6	
-201,20000000E-3	-14,75153127E-6	
-201,10000000E-3	-14,75971872E-6	
-201,00000000E-3	-14,76686963E-6	
-200,90000000E-3	-14,77164007E-6	
-200,70000000E-3	-14,77304523E-6	
-200,50000000E-3	-14,77251657E-6	
