-700,00000000E-6	-14,39852091E-6	
-700,00000000E-6	-14,39406730E-6	
-800,00000000E-6	-14,38931345E-6	
-1,20000000E-3	-14,38571450E-6	
-1,60000000E-3	-14,38366657E-6	
-2,30000000E-3	-14,38236903E-6	
-3,00000000E-3	-14,38126065E-6	
-3,50000000E-3	-14,38010172E-6	
-4,30000000E-3	-14,37886824E-6	
-4,90000000E-3	-14,37804300E-6	
-5,80000000E-3	-14,37858988E-6	
-6,70000000E-3	-14,38087022E-6	
-7,70000000E-3	-14,38437164E-6	
-8,40000000E-3	-14,38871784E-6	
-9,30000000E-3	-14,39367957E-6	
-10,00000000E-3	-14,39986061E-6	
-11,00000000E-3	-14,40675404E-6	
-12,00000000E-3	-14,41372984E-6	
-12,70000000E-3	-14,42050380E-6	
-13,60000000E-3	-14,42731978E-6	
-14,50000000E-3	-14,43334998E-6	
-15,20000000E-3	-14,43838630E-6	
-16,30000000E-3	-14,44160920E-6	
-17,40000000E-3	-14,44280484E-6	
-18,30000000E-3	-14,44291274E-6	
-19,20000000E-3	-14,44244801E-6	
-19,80000000E-3	-14,44223902E-6	
-20,60000000E-3	-14,44311761E-6	
-21,70000000E-3	-14,44508713E-6	
-22,70000000E-3	-14,44777724E-6	
-23,50000000E-3	-14,45066250E-6	
-24,60000000E-3	-14,45344351E-6	
-25,30000000E-3	-14,45578001E-6	
-26,20000000E-3	-14,45711009E-6	
-27,10000000E-3	-14,45654582E-6	
-28,20000000E-3	-14,45433743E-6	
-28,90000000E-3	-14,45165668E-6	
-30,00000000E-3	-14,45005254E-6	
-30,90000000E-3	-14,45045816E-6	
-31,80000000E-3	-14,45212031E-6	
-32,50000000E-3	-14,45401112E-6	
-33,60000000E-3	-14,45537005E-6	
-34,30000000E-3	-14,45607063E-6	
-35,40000000E-3	-14,45638889E-6	
-36,50000000E-3	-14,45640987E-6	
-37,20000000E-3	-14,45593185E-6	
-38,10000000E-3	-14,45436248E-6	
-39,00000000E-3	-14,45146666E-6	
-39,70000000E-3	-14,44732630E-6	
-40,80000000E-3	-14,44205081E-6	
-41,90000000E-3	-14,43625863E-6	
-42,80000000E-3	-14,42964462E-6	
-43,70000000E-3	-14,42256970E-6	
-44,50000000E-3	-14,41518619E-6	
-45,20000000E-3	-14,40709581E-6	
-46,30000000E-3	-14,39739083E-6	
-47,30000000E-3	-14,38615854E-6	
-48,10000000E-3	-14,37466170E-6	
-49,20000000E-3	-14,36346126E-6	
-49,80000000E-3	-14,35266845E-6	
-50,80000000E-3	-14,34219582E-6	
-51,60000000E-3	-14,33316098E-6	
-52,80000000E-3	-14,32476040E-6	
-53,50000000E-3	-14,31630417E-6	
-54,50000000E-3	-14,30668059E-6	
-55,30000000E-3	-14,29602268E-6	
-56,40000000E-3	-14,28592904E-6	
-57,10000000E-3	-14,27705356E-6	
-58,00000000E-3	-14,26894438E-6	
-58,90000000E-3	-14,26132266E-6	
-59,60000000E-3	-14,25374389E-6	
-60,70000000E-3	-14,24548466E-6	
-61,80000000E-3	-14,23608694E-6	
-62,50000000E-3	-14,22591500E-6	
-63,60000000E-3	-14,21592206E-6	
-64,40000000E-3	-14,20710504E-6	
-65,10000000E-3	-14,19983455E-6	
-66,20000000E-3	-14,19338663E-6	
-66,90000000E-3	-14,18693589E-6	
-68,00000000E-3	-14,18011929E-6	
-69,10000000E-3	-14,17370669E-6	
-69,80000000E-3	-14,16826933E-6	
-70,50000000E-3	-14,16337222E-6	
-71,60000000E-3	-14,15898845E-6	
-72,40000000E-3	-14,15527429E-6	
-73,50000000E-3	-14,15216585E-6	
-74,20000000E-3	-14,14942786E-6	
-75,20000000E-3	-14,14649245E-6	
-76,00000000E-3	-14,14283146E-6	
-77,00000000E-3	-14,13809905E-6	
-77,80000000E-3	-14,13330308E-6	
-78,90000000E-3	-14,12957439E-6	
-79,60000000E-3	-14,12709953E-6	
-80,70000000E-3	-14,12534716E-6	
-81,80000000E-3	-14,12404961E-6	
-82,50000000E-3	-14,12340573E-6	
-83,20000000E-3	-14,12374888E-6	
-84,00000000E-3	-14,12489678E-6	
-85,10000000E-3	-14,12635594E-6	
-86,10000000E-3	-14,12736327E-6	
-86,80000000E-3	-14,12710003E-6	
-87,90000000E-3	-14,12613851E-6	
-88,70000000E-3	-14,12591683E-6	
-89,60000000E-3	-14,12675496E-6	
-90,50000000E-3	-14,12788184E-6	
-91,10000000E-3	-14,12847596E-6	
-92,30000000E-3	-14,12816971E-6	
-93,40000000E-3	-14,12744412E-6	
-94,10000000E-3	-14,12732160E-6	
-95,20000000E-3	-14,12838526E-6	
-95,90000000E-3	-14,13020067E-6	
-96,70000000E-3	-14,13210924E-6	
-97,70000000E-3	-14,13297998E-6	
-98,80000000E-3	-14,13223697E-6	
-99,50000000E-3	-14,13015555E-6	
-100,60000000E-3	-14,12722222E-6	
-101,30000000E-3	-14,12346654E-6	
-102,20000000E-3	-14,11855991E-6	
-103,10000000E-3	-14,11247171E-6	
-104,30000000E-3	-14,10568949E-6	
-105,00000000E-3	-14,09921120E-6	
-106,10000000E-3	-14,09352157E-6	
-106,80000000E-3	-14,08847818E-6	
-107,60000000E-3	-14,08349051E-6	
-108,80000000E-3	-14,07796493E-6	
-109,50000000E-3	-14,07194429E-6	
-110,50000000E-3	-14,06608906E-6	
-111,20000000E-3	-14,06082852E-6	
-112,30000000E-3	-14,05540030E-6	
-113,00000000E-3	-14,04915121E-6	
-114,20000000E-3	-14,04122847E-6	
-114,90000000E-3	-14,03202620E-6	
-116,00000000E-3	-14,02266452E-6	
-116,80000000E-3	-14,01426038E-6	
-117,50000000E-3	-14,00713974E-6	
-118,70000000E-3	-14,00113771E-6	
-119,40000000E-3	-13,99606066E-6	
-120,50000000E-3	-13,99133707E-6	
-121,30000000E-3	-13,98669602E-6	
-122,00000000E-3	-13,98222033E-6	
-123,20000000E-3	-13,97769526E-6	
-123,90000000E-3	-13,97266534E-6	
-125,00000000E-3	-13,96654716E-6	
-125,70000000E-3	-13,96024049E-6	
-126,50000000E-3	-13,95492784E-6	
-127,60000000E-3	-13,95029385E-6	
-128,80000000E-3	-13,94570693E-6	
-129,50000000E-3	-13,94084007E-6	
-130,20000000E-3	-13,93527288E-6	
-130,90000000E-3	-13,92868571E-6	
-132,00000000E-3	-13,92229178E-6	
-133,20000000E-3	-13,91759650E-6	
-133,90000000E-3	-13,91427290E-6	
-134,60000000E-3	-13,91039833E-6	
-135,40000000E-3	-13,90555117E-6	
-136,50000000E-3	-13,90134132E-6	
-137,60000000E-3	-13,89936267E-6	
-138,40000000E-3	-13,89974344E-6	
-139,10000000E-3	-13,90148258E-6	
-140,20000000E-3	-13,90397406E-6	
-141,00000000E-3	-13,90665145E-6	
-142,10000000E-3	-13,90849289E-6	
-142,90000000E-3	-13,90895692E-6	
-143,60000000E-3	-13,90902347E-6	
-144,70000000E-3	-13,90896046E-6	
-145,80000000E-3	-13,90834351E-6	
-146,50000000E-3	-13,90734542E-6	
-147,30000000E-3	-13,90663292E-6	
-148,40000000E-3	-13,90683598E-6	
-149,20000000E-3	-13,90792349E-6	
-150,30000000E-3	-13,90942572E-6	
-151,00000000E-3	-13,91102245E-6	
-151,80000000E-3	-13,91262339E-6	
-152,90000000E-3	-13,91452839E-6	
-153,70000000E-3	-13,91714335E-6	
-154,70000000E-3	-13,92028683E-6	
-155,50000000E-3	-13,92398923E-6	
-156,20000000E-3	-13,92849150E-6	
-157,40000000E-3	-13,93416825E-6	
-158,50000000E-3	-13,93990090E-6	
-159,30000000E-3	-13,94471985E-6	
-160,00000000E-3	-13,94794531E-6	
-161,10000000E-3	-13,94997851E-6	
-161,90000000E-3	-13,95116805E-6	
-162,80000000E-3	-13,95190188E-6	
-163,20000000E-3	-13,95306979E-6	
-164,50000000E-3	-13,95537073E-6	
-165,70000000E-3	-13,95813721E-6	
-166,40000000E-3	-13,96076090E-6	
-167,50000000E-3	-13,96358687E-6	
-168,30000000E-3	-13,96643863E-6	
-169,00000000E-3	-13,96898582E-6	
-170,20000000E-3	-13,97157399E-6	
-171,30000000E-3	-13,97529717E-6	
-172,00000000E-3	-13,98082915E-6	
-172,80000000E-3	-13,98720389E-6	
-173,50000000E-3	-13,99307395E-6	
-174,70000000E-3	-13,99838974E-6	
-175,70000000E-3	-14,00430318E-6	
-176,50000000E-3	-14,01184755E-6	
-177,20000000E-3	-14,02106082E-6	
-178,30000000E-3	-14,03105275E-6	
-179,10000000E-3	-14,04055378E-6	
-180,20000000E-3	-14,04863218E-6	
-181,00000000E-3	-14,05598716E-6	
-181,70000000E-3	-14,06386107E-6	
-182,80000000E-3	-14,07227940E-6	
-183,60000000E-3	-14,08041298E-6	
-184,70000000E-3	-14,08827839E-6	
-185,40000000E-3	-14,09641653E-6	
-186,10000000E-3	-14,10456208E-6	
-187,20000000E-3	-14,11227073E-6	
-188,30000000E-3	-14,11904972E-6	
-189,00000000E-3	-14,12606329E-6	
-190,20000000E-3	-14,13355695E-6	
-190,90000000E-3	-14,14131209E-6	
-191,70000000E-3	-14,14872919E-6	
-192,80000000E-3	-14,15635889E-6	
-193,50000000E-3	-14,16470545E-6	
-194,70000000E-3	-14,17405393E-6	
-195,40000000E-3	-14,18350984E-6	
-196,10000000E-3	-14,19319031E-6	
-197,20000000E-3	-14,20211738E-6	
-198,30000000E-3	-14,20975385E-6	
-199,10000000E-3	-14,21625130E-6	
-199,80000000E-3	-14,22206049E-6	
