-0,00000000E+0	-17,60060697E-6	
-0,00000000E+0	-17,60503764E-6	
100,00000000E-6	-17,60526393E-6	
-100,00000000E-6	-17,60396837E-6	
-700,00000000E-6	-17,60203590E-6	
-1,10000000E-3	-17,60011667E-6	
-1,70000000E-3	-17,59866634E-6	
-2,40000000E-3	-17,59792800E-6	
-3,20000000E-3	-17,59721017E-6	
-3,80000000E-3	-17,59639412E-6	
-4,70000000E-3	-17,59645805E-6	
-5,50000000E-3	-17,59804952E-6	
-6,10000000E-3	-17,60089521E-6	
-7,20000000E-3	-17,60491936E-6	
-8,10000000E-3	-17,60919198E-6	
-9,00000000E-3	-17,61361313E-6	
-9,70000000E-3	-17,61817777E-6	
-10,60000000E-3	-17,62296851E-6	
-11,40000000E-3	-17,62772360E-6	
-12,40000000E-3	-17,63198249E-6	
-13,30000000E-3	-17,63563670E-6	
-14,10000000E-3	-17,63853744E-6	
-15,20000000E-3	-17,64131829E-6	
-15,90000000E-3	-17,64450833E-6	
-16,80000000E-3	-17,64839177E-6	
-17,70000000E-3	-17,65309986E-6	
-18,50000000E-3	-17,65872463E-6	
-19,60000000E-3	-17,66609834E-6	
-20,30000000E-3	-17,67489313E-6	
-21,40000000E-3	-17,68432871E-6	
-22,00000000E-3	-17,69310010E-6	
-23,10000000E-3	-17,69935741E-6	
-24,10000000E-3	-17,70174877E-6	
-24,70000000E-3	-17,70118874E-6	
-25,80000000E-3	-17,69991553E-6	
-26,80000000E-3	-17,69946775E-6	
-27,50000000E-3	-17,69993021E-6	
-28,50000000E-3	-17,70137779E-6	
-29,60000000E-3	-17,70386239E-6	
-30,30000000E-3	-17,70719039E-6	
-31,40000000E-3	-17,70986504E-6	
-32,40000000E-3	-17,71004506E-6	
-33,40000000E-3	-17,70741065E-6	
-34,10000000E-3	-17,70148994E-6	
-35,10000000E-3	-17,69134239E-6	
-35,80000000E-3	-17,67633881E-6	
-36,90000000E-3	-17,65352284E-6	
-37,90000000E-3	-17,62575424E-6	
-38,90000000E-3	-17,59435214E-6	
-39,60000000E-3	-17,55895010E-6	
-40,70000000E-3	-17,51749712E-6	
-41,40000000E-3	-17,47473132E-6	
-42,40000000E-3	-17,42785708E-6	
-43,20000000E-3	-17,37541916E-6	
-44,20000000E-3	-17,31677994E-6	
-44,90000000E-3	-17,25212732E-6	
-45,90000000E-3	-17,18252392E-6	
-46,70000000E-3	-17,10875119E-6	
-47,70000000E-3	-17,03225666E-6	
-48,80000000E-3	-16,95148637E-6	
-49,70000000E-3	-16,86974524E-6	
-50,40000000E-3	-16,78915118E-6	
-51,40000000E-3	-16,70720245E-6	
-52,20000000E-3	-16,62402467E-6	
-53,10000000E-3	-16,53501388E-6	
-54,20000000E-3	-16,45006351E-6	
-54,90000000E-3	-16,36444441E-6	
-55,90000000E-3	-16,27808383E-6	
-57,00000000E-3	-16,18734052E-6	
-58,00000000E-3	-16,09466673E-6	
-58,70000000E-3	-15,99875479E-6	
-59,70000000E-3	-15,90465059E-6	
-60,80000000E-3	-15,81811632E-6	
-61,50000000E-3	-15,73427182E-6	
-62,50000000E-3	-15,64795789E-6	
-63,50000000E-3	-15,56942608E-6	
-64,20000000E-3	-15,49607297E-6	
-65,30000000E-3	-15,42514616E-6	
-66,30000000E-3	-15,36392341E-6	
-67,00000000E-3	-15,30789177E-6	
-68,10000000E-3	-15,25751040E-6	
-68,80000000E-3	-15,21298036E-6	
-69,70000000E-3	-15,17497247E-6	
-70,70000000E-3	-15,14316144E-6	
-71,50000000E-3	-15,11708993E-6	
-72,40000000E-3	-15,09721440E-6	
-73,20000000E-3	-15,08440163E-6	
-74,20000000E-3	-15,07900032E-6	
-74,90000000E-3	-15,08038574E-6	
-76,00000000E-3	-15,08780387E-6	
-76,90000000E-3	-15,10113698E-6	
-77,70000000E-3	-15,12072317E-6	
-78,70000000E-3	-15,14605178E-6	
-79,40000000E-3	-15,17630932E-6	
-80,50000000E-3	-15,21113400E-6	
-81,30000000E-3	-15,25127276E-6	
-82,20000000E-3	-15,29378342E-6	
-83,20000000E-3	-15,33636587E-6	
-83,80000000E-3	-15,37962099E-6	
-84,80000000E-3	-15,42281579E-6	
-85,90000000E-3	-15,46514283E-6	
-86,70000000E-3	-15,50519840E-6	
-87,60000000E-3	-15,54300907E-6	
-88,30000000E-3	-15,57886966E-6	
-89,30000000E-3	-15,61207389E-6	
-90,40000000E-3	-15,64138224E-6	
-91,10000000E-3	-15,66545368E-6	
-92,20000000E-3	-15,68411299E-6	
-92,80000000E-3	-15,69766300E-6	
-93,90000000E-3	-15,70691029E-6	
-94,90000000E-3	-15,71266621E-6	
-96,00000000E-3	-15,71382516E-6	
-97,00000000E-3	-15,71018552E-6	
-97,70000000E-3	-15,70085683E-6	
-98,70000000E-3	-15,68452462E-6	
-99,70000000E-3	-15,66310359E-6	
-100,50000000E-3	-15,63700304E-6	
-101,50000000E-3	-15,60630916E-6	
-102,50000000E-3	-15,57573890E-6	
-103,10000000E-3	-15,54367994E-6	
-104,30000000E-3	-15,50718536E-6	
-105,20000000E-3	-15,46779637E-6	
-106,30000000E-3	-15,42477084E-6	
-106,90000000E-3	-15,38043453E-6	
-108,00000000E-3	-15,33242578E-6	
-108,90000000E-3	-15,28576509E-6	
-109,70000000E-3	-15,23771804E-6	
-110,60000000E-3	-15,18662857E-6	
-111,40000000E-3	-15,13879900E-6	
-112,30000000E-3	-15,09167317E-6	
-113,20000000E-3	-15,04402873E-6	
-114,20000000E-3	-14,99543942E-6	
-115,10000000E-3	-14,94588057E-6	
-116,00000000E-3	-14,89593770E-6	
-117,00000000E-3	-14,84673873E-6	
-117,70000000E-3	-14,79891018E-6	
-118,80000000E-3	-14,75295766E-6	
-119,50000000E-3	-14,70891986E-6	
-120,50000000E-3	-14,66653497E-6	
-121,60000000E-3	-14,62555873E-6	
-122,30000000E-3	-14,58644732E-6	
-123,20000000E-3	-14,55016203E-6	
-123,90000000E-3	-14,51680623E-6	
-125,00000000E-3	-14,48646174E-6	
-126,10000000E-3	-14,45910899E-6	
-127,00000000E-3	-14,43656371E-6	
-127,70000000E-3	-14,41804937E-6	
-128,80000000E-3	-14,40143099E-6	
-129,50000000E-3	-14,38638943E-6	
-130,60000000E-3	-14,37148287E-6	
-131,30000000E-3	-14,35928030E-6	
-132,40000000E-3	-14,34768303E-6	
-133,10000000E-3	-14,33695101E-6	
-134,20000000E-3	-14,32819434E-6	
-134,90000000E-3	-14,32220276E-6	
-136,00000000E-3	-14,31879461E-6	
-137,10000000E-3	-14,31854125E-6	
-137,80000000E-3	-14,32151382E-6	
-138,50000000E-3	-14,32736266E-6	
-139,60000000E-3	-14,33463456E-6	
-140,70000000E-3	-14,34253703E-6	
-141,50000000E-3	-14,35144861E-6	
-142,40000000E-3	-14,36251765E-6	
-143,20000000E-3	-14,37653334E-6	
-144,10000000E-3	-14,39436616E-6	
-145,00000000E-3	-14,41287379E-6	
-145,80000000E-3	-14,43233814E-6	
-146,90000000E-3	-14,45141743E-6	
-147,90000000E-3	-14,46939907E-6	
-148,60000000E-3	-14,48697886E-6	
-149,70000000E-3	-14,50512604E-6	
-150,50000000E-3	-14,52415501E-6	
-151,20000000E-3	-14,54318821E-6	
-152,30000000E-3	-14,56219866E-6	
-153,30000000E-3	-14,58138491E-6	
-154,10000000E-3	-14,60042733E-6	
-155,10000000E-3	-14,61883953E-6	
-155,90000000E-3	-14,63645899E-6	
-157,00000000E-3	-14,65441152E-6	
-157,70000000E-3	-14,67430417E-6	
-158,40000000E-3	-14,69752846E-6	
-159,50000000E-3	-14,72315525E-6	
-160,60000000E-3	-14,74994669E-6	
-161,30000000E-3	-14,77767084E-6	
-162,40000000E-3	-14,80541499E-6	
-163,30000000E-3	-14,83254692E-6	
-164,00000000E-3	-14,85940351E-6	
-164,90000000E-3	-14,88364070E-6	
-166,00000000E-3	-14,90444234E-6	
-166,70000000E-3	-14,92419793E-6	
-167,80000000E-3	-14,94379722E-6	
-168,90000000E-3	-14,96424792E-6	
-169,60000000E-3	-14,98653838E-6	
-170,30000000E-3	-15,01098542E-6	
-171,30000000E-3	-15,03768494E-6	
-172,10000000E-3	-15,06675197E-6	
-173,20000000E-3	-15,09845728E-6	
-174,00000000E-3	-15,13119583E-6	
-175,10000000E-3	-15,16305489E-6	
-176,00000000E-3	-15,19183582E-6	
-176,70000000E-3	-15,21789676E-6	
-177,60000000E-3	-15,24249890E-6	
-178,70000000E-3	-15,26648804E-6	
-179,40000000E-3	-15,29154689E-6	
-180,50000000E-3	-15,31817266E-6	
-181,20000000E-3	-15,34580978E-6	
-182,30000000E-3	-15,37499349E-6	
-183,00000000E-3	-15,40344611E-6	
-184,10000000E-3	-15,43161243E-6	
-184,80000000E-3	-15,45843625E-6	
-186,00000000E-3	-15,48452002E-6	
-187,10000000E-3	-15,50911917E-6	
-187,80000000E-3	-15,53188844E-6	
-188,40000000E-3	-15,55328874E-6	
-189,40000000E-3	-15,57430769E-6	
-190,20000000E-3	-15,59535930E-6	
-191,40000000E-3	-15,61660415E-6	
-192,10000000E-3	-15,63815830E-6	
-193,20000000E-3	-15,66004183E-6	
-193,90000000E-3	-15,68175711E-6	
-195,00000000E-3	-15,70325865E-6	
-195,70000000E-3	-15,72240880E-6	
-196,50000000E-3	-15,74115830E-6	
-197,60000000E-3	-15,76096749E-6	
-198,70000000E-3	-15,77947131E-6	
-199,50000000E-3	-15,79741188E-6	
-200,20000000E-3	-15,81611623E-6	
-200,70000000E-3	-15,83501413E-6	
-201,10000000E-3	-15,85616680E-6	
-201,10000000E-3	-15,87795999E-6	
-201,30000000E-3	-15,89785530E-6	
-201,20000000E-3	-15,91454270E-6	
-201,10000000E-3	-15,92852658E-6	
-200,90000000E-3	-15,94044946E-6	
-200,90000000E-3	-15,95055719E-6	
-200,70000000E-3	-15,95861920E-6	
-200,50000000E-3	-15,96441656E-6	
