-201.30000000E-3	6.52160961E-6	
-201.40000000E-3	6.45320799E-6	
-200.70000000E-3	6.34963254E-6	
-200.20000000E-3	6.29014375E-6	
-199.40000000E-3	6.22289161E-6	
-198.90000000E-3	6.19031991E-6	
-198.10000000E-3	6.15300963E-6	
-197.50000000E-3	6.09767510E-6	
-196.70000000E-3	6.06240256E-6	
-196.10000000E-3	6.02485152E-6	
-195.30000000E-3	5.97925685E-6	
-194.40000000E-3	5.96021221E-6	
-193.70000000E-3	5.92739967E-6	
-192.90000000E-3	5.91813854E-6	
-192.20000000E-3	5.89871514E-6	
-191.20000000E-3	5.88011968E-6	
-190.60000000E-3	5.84641056E-6	
-189.70000000E-3	5.85167549E-6	
-189.00000000E-3	5.84933434E-6	
-188.00000000E-3	5.82585929E-6	
-187.20000000E-3	5.81461568E-6	
-186.30000000E-3	5.83396152E-6	
-185.60000000E-3	5.81372792E-6	
-184.60000000E-3	5.81650010E-6	
-183.80000000E-3	5.82045017E-6	
-182.90000000E-3	5.82567156E-6	
-182.10000000E-3	5.84384182E-6	
-181.10000000E-3	5.83437729E-6	
-180.40000000E-3	5.83538075E-6	
-179.50000000E-3	5.84436539E-6	
-178.60000000E-3	5.86868263E-6	
-177.50000000E-3	5.86957713E-6	
-176.80000000E-3	5.88892423E-6	
-175.80000000E-3	5.90490434E-6	
-174.80000000E-3	5.92431800E-6	
-174.10000000E-3	5.95385212E-6	
-173.10000000E-3	5.96659692E-6	
-172.10000000E-3	5.99284801E-6	
-171.20000000E-3	6.01238967E-6	
-170.10000000E-3	6.02951930E-6	
-169.40000000E-3	6.04271350E-6	
-168.50000000E-3	6.07973632E-6	
-167.30000000E-3	6.09614578E-6	
-166.40000000E-3	6.13942298E-6	
-165.40000000E-3	6.16956154E-6	
-164.40000000E-3	6.18710758E-6	
-163.60000000E-3	6.22350932E-6	
-162.70000000E-3	6.25946409E-6	
-161.60000000E-3	6.26578154E-6	
-160.90000000E-3	6.31698288E-6	
-159.90000000E-3	6.33726029E-6	
-158.50000000E-3	6.36598300E-6	
-157.70000000E-3	6.42603622E-6	
-156.90000000E-3	6.45933809E-6	
-155.70000000E-3	6.50050349E-6	
-155.10000000E-3	6.55550626E-6	
-153.90000000E-3	6.57605044E-6	
-152.70000000E-3	6.60661535E-6	
-151.90000000E-3	6.65492685E-6	
-151.00000000E-3	6.68359035E-6	
-149.90000000E-3	6.72083051E-6	
-149.10000000E-3	6.77740559E-6	
-147.90000000E-3	6.80489380E-6	
-146.90000000E-3	6.84761898E-6	
-146.10000000E-3	6.86507720E-6	
-145.10000000E-3	6.93353937E-6	
-143.90000000E-3	6.95881167E-6	
-143.00000000E-3	7.00610341E-6	
-142.00000000E-3	7.03915713E-6	
-140.90000000E-3	7.07781183E-6	
-140.00000000E-3	7.12870394E-6	
-139.20000000E-3	7.17978990E-6	
-138.00000000E-3	7.19824394E-6	
-137.10000000E-3	7.24531854E-6	
-136.00000000E-3	7.28953434E-6	
-135.10000000E-3	7.33641012E-6	
-133.90000000E-3	7.38910599E-6	
-132.70000000E-3	7.44236284E-6	
-131.90000000E-3	7.49143829E-6	
-131.10000000E-3	7.51726292E-6	
-130.00000000E-3	7.56616838E-6	
-129.10000000E-3	7.62384668E-6	
-128.00000000E-3	7.66367018E-6	
-126.80000000E-3	7.71590247E-6	
-126.20000000E-3	7.76031249E-6	
-125.10000000E-3	7.82066604E-6	
-124.00000000E-3	7.85539864E-6	
-123.10000000E-3	7.92280679E-6	
-121.90000000E-3	7.97104924E-6	
-121.20000000E-3	8.00474456E-6	
-120.30000000E-3	8.05882361E-6	
-119.20000000E-3	8.12590292E-6	
-118.10000000E-3	8.17977599E-6	
-117.10000000E-3	8.23791640E-6	
-116.00000000E-3	8.31515344E-6	
-115.00000000E-3	8.34880618E-6	
-114.30000000E-3	8.40963690E-6	
-113.10000000E-3	8.46376097E-6	
-112.10000000E-3	8.51353741E-6	
-111.00000000E-3	8.58249664E-6	
-110.00000000E-3	8.65193842E-6	
-109.10000000E-3	8.71298671E-6	
-108.30000000E-3	8.76993016E-6	
-107.10000000E-3	8.83177911E-6	
-106.20000000E-3	8.88663739E-6	
-105.00000000E-3	8.95689798E-6	
-104.00000000E-3	9.03965371E-6	
-103.10000000E-3	9.11264993E-6	
-102.20000000E-3	9.15667073E-6	
-101.10000000E-3	9.23976250E-6	
-100.20000000E-3	9.30552855E-6	
-99.10000000E-3	9.37523435E-6	
-98.20000000E-3	9.46054102E-6	
-97.00000000E-3	9.52442932E-6	
-95.90000000E-3	9.59138203E-6	
-95.00000000E-3	9.67005043E-6	
-94.20000000E-3	9.74543487E-6	
-93.00000000E-3	9.82550828E-6	
-92.20000000E-3	9.89669618E-6	
-91.10000000E-3	9.95726551E-6	
-89.80000000E-3	10.04324853E-6	
-89.20000000E-3	10.14453470E-6	
-88.20000000E-3	10.21756563E-6	
-87.00000000E-3	10.31967242E-6	
-86.30000000E-3	10.42627070E-6	
-85.10000000E-3	10.52188912E-6	
-84.00000000E-3	10.60966216E-6	
-83.10000000E-3	10.71118259E-6	
-82.00000000E-3	10.81780246E-6	
-81.00000000E-3	10.93634638E-6	
-80.30000000E-3	11.05121478E-6	
-79.10000000E-3	11.16775444E-6	
-78.20000000E-3	11.30245347E-6	
-77.00000000E-3	11.41859419E-6	
-76.00000000E-3	11.56350071E-6	
-75.10000000E-3	11.65949243E-6	
-74.10000000E-3	11.78911369E-6	
-73.30000000E-3	11.89044620E-6	
-72.20000000E-3	12.01496750E-6	
-71.10000000E-3	12.11316131E-6	
-69.90000000E-3	12.23091693E-6	
-69.10000000E-3	12.33704427E-6	
-68.10000000E-3	12.41652331E-6	
-67.00000000E-3	12.50739643E-6	
-66.30000000E-3	12.58210698E-6	
-65.00000000E-3	12.66013948E-6	
-64.00000000E-3	12.74533238E-6	
-63.10000000E-3	12.81086360E-6	
-61.90000000E-3	12.87922986E-6	
-61.00000000E-3	12.92603707E-6	
-60.10000000E-3	12.95587575E-6	
-59.00000000E-3	13.01253983E-6	
-58.10000000E-3	13.04156474E-6	
-57.30000000E-3	13.05842845E-6	
-56.20000000E-3	13.04817220E-6	
-55.00000000E-3	13.04135801E-6	
-54.20000000E-3	12.99353372E-6	
-53.00000000E-3	12.96555829E-6	
-52.20000000E-3	12.91553729E-6	
-50.90000000E-3	12.79233852E-6	
-50.00000000E-3	12.71914938E-6	
-49.20000000E-3	12.61323540E-6	
-48.10000000E-3	12.45106738E-6	
-47.30000000E-3	12.28741215E-6	
-46.00000000E-3	12.10677633E-6	
-45.10000000E-3	11.88508397E-6	
-44.10000000E-3	11.62256251E-6	
-42.90000000E-3	11.34785011E-6	
-41.60000000E-3	11.02099189E-6	
-40.80000000E-3	10.65382466E-6	
-40.10000000E-3	10.25346697E-6	
-38.90000000E-3	9.85196533E-6	
-38.00000000E-3	9.42032605E-6	
-36.90000000E-3	8.93618970E-6	
-35.70000000E-3	8.44941032E-6	
-34.80000000E-3	7.94548132E-6	
-34.00000000E-3	7.40678389E-6	
-32.70000000E-3	6.85553698E-6	
-31.90000000E-3	6.26488745E-6	
-30.80000000E-3	5.68976023E-6	
-29.50000000E-3	5.03736820E-6	
-28.70000000E-3	4.39107480E-6	
-27.70000000E-3	3.72678283E-6	
-26.80000000E-3	3.07350118E-6	
-25.90000000E-3	2.37400097E-6	
-24.70000000E-3	1.70371388E-6	
-23.70000000E-3	987.22810165E-9	
-22.50000000E-3	263.83449315E-9	
-21.70000000E-3	-489.70234304E-9	
-20.60000000E-3	-1.20356852E-6	
-19.70000000E-3	-1.95514651E-6	
-18.70000000E-3	-2.66722323E-6	
-17.70000000E-3	-3.42719153E-6	
-16.60000000E-3	-4.15640321E-6	
-15.90000000E-3	-4.92930945E-6	
-14.80000000E-3	-5.67735335E-6	
-13.80000000E-3	-6.42298523E-6	
-12.50000000E-3	-7.13844555E-6	
-11.70000000E-3	-7.84896137E-6	
-10.50000000E-3	-8.56947920E-6	
-9.70000000E-3	-9.29269760E-6	
-8.80000000E-3	-9.95105130E-6	
-7.80000000E-3	-10.58959245E-6	
-6.50000000E-3	-11.21968936E-6	
-5.70000000E-3	-11.81284517E-6	
-4.50000000E-3	-12.39699304E-6	
-3.70000000E-3	-12.95512999E-6	
-2.60000000E-3	-13.47306275E-6	
-1.30000000E-3	-13.95547097E-6	
-500.00000000E-6	-14.42622168E-6	
400.00000000E-6	-14.83230811E-6	
1.70000000E-3	-15.22933295E-6	
2.50000000E-3	-15.57402258E-6	
3.60000000E-3	-15.88555068E-6	
4.70000000E-3	-16.14845682E-6	
5.50000000E-3	-16.37192877E-6	
6.50000000E-3	-16.55746169E-6	
7.60000000E-3	-16.73246214E-6	
8.60000000E-3	-16.88182821E-6	
9.60000000E-3	-16.98371530E-6	
10.50000000E-3	-17.10437663E-6	
11.50000000E-3	-17.19780747E-6	
12.30000000E-3	-17.23040962E-6	
13.70000000E-3	-17.23964525E-6	
14.80000000E-3	-17.00313521E-6	
15.70000000E-3	-17.11777218E-6	
16.60000000E-3	-17.05028297E-6	
17.90000000E-3	-16.91920830E-6	
18.70000000E-3	-16.76343682E-6	
19.50000000E-3	-16.60463845E-6	
20.70000000E-3	-16.42166886E-6	
21.70000000E-3	-16.24656627E-6	
23.00000000E-3	-16.04279054E-6	
24.00000000E-3	-15.81349634E-6	
25.00000000E-3	-15.56650105E-6	
25.90000000E-3	-15.29835726E-6	
26.30000000E-3	-14.99193157E-6	
27.80000000E-3	-14.67196459E-6	
28.70000000E-3	-14.32889617E-6	
30.00000000E-3	-13.96312521E-6	
30.90000000E-3	-13.49675503E-6	
32.00000000E-3	-13.07773780E-6	
33.00000000E-3	-12.60004776E-6	
33.70000000E-3	-12.10710965E-6	
34.60000000E-3	-11.55994959E-6	
35.80000000E-3	-10.99197032E-6	
36.80000000E-3	-10.39223807E-6	
38.00000000E-3	-9.78317846E-6	
38.50000000E-3	-9.15494290E-6	
39.70000000E-3	-8.53466884E-6	
40.70000000E-3	-7.90093470E-6	
41.80000000E-3	-7.26384765E-6	
42.70000000E-3	-6.60007053E-6	
44.10000000E-3	-5.96977384E-6	
44.70000000E-3	-5.32907383E-6	
45.90000000E-3	-4.67333046E-6	
46.70000000E-3	-4.03391173E-6	
48.00000000E-3	-3.35946268E-6	
48.50000000E-3	-2.72018415E-6	
49.90000000E-3	-2.06448803E-6	
50.90000000E-3	-1.42485305E-6	
51.90000000E-3	-780.32732583E-9	
52.70000000E-3	-120.47224023E-9	
54.30000000E-3	559.92332311E-9	
54.90000000E-3	1.21395866E-6	
56.10000000E-3	1.85460284E-6	
57.10000000E-3	2.49345354E-6	
58.20000000E-3	3.12280799E-6	
59.00000000E-3	3.66122201E-6	
59.90000000E-3	4.22773371E-6	
61.00000000E-3	4.80816882E-6	
62.00000000E-3	5.35064324E-6	
63.10000000E-3	5.89227564E-6	
64.10000000E-3	6.40711620E-6	
65.10000000E-3	6.86948190E-6	
66.20000000E-3	7.34533430E-6	
67.00000000E-3	7.78555206E-6	
67.90000000E-3	8.19966863E-6	
68.80000000E-3	8.60162285E-6	
70.00000000E-3	8.98307852E-6	
71.10000000E-3	9.32984139E-6	
72.10000000E-3	9.66156348E-6	
73.00000000E-3	9.98805125E-6	
74.10000000E-3	10.27030845E-6	
74.70000000E-3	10.54111029E-6	
76.00000000E-3	10.75630390E-6	
76.80000000E-3	10.99872965E-6	
78.00000000E-3	11.20298518E-6	
79.00000000E-3	11.39941953E-6	
79.80000000E-3	11.55029774E-6	
80.60000000E-3	11.70809713E-6	
81.80000000E-3	11.81305670E-6	
82.90000000E-3	11.91826447E-6	
84.00000000E-3	12.00531799E-6	
84.90000000E-3	12.09444294E-6	
85.80000000E-3	12.16822986E-6	
86.60000000E-3	12.21995346E-6	
87.90000000E-3	12.23710269E-6	
88.90000000E-3	12.26726364E-6	
89.80000000E-3	12.27797658E-6	
91.10000000E-3	12.26265528E-6	
92.10000000E-3	12.24894942E-6	
93.10000000E-3	12.19832487E-6	
94.30000000E-3	12.15962001E-6	
95.10000000E-3	12.11457034E-6	
96.20000000E-3	12.04803201E-6	
96.90000000E-3	11.95897819E-6	
98.10000000E-3	11.87443810E-6	
98.80000000E-3	11.78911773E-6	
100.20000000E-3	11.69118132E-6	
101.00000000E-3	11.60694752E-6	
101.90000000E-3	11.50017173E-6	
102.80000000E-3	11.38747211E-6	
104.00000000E-3	11.26768366E-6	
104.90000000E-3	11.16438500E-6	
106.20000000E-3	11.03557484E-6	
107.20000000E-3	10.90385478E-6	
108.20000000E-3	10.79984240E-6	
109.00000000E-3	10.66760584E-6	
110.20000000E-3	10.57564902E-6	
111.20000000E-3	10.45260774E-6	
112.10000000E-3	10.32654440E-6	
113.30000000E-3	10.21721403E-6	
114.20000000E-3	10.12047340E-6	
115.20000000E-3	10.01960146E-6	
116.30000000E-3	9.93225492E-6	
116.50000000E-3	9.83865247E-6	
118.20000000E-3	9.73476268E-6	
119.30000000E-3	9.64832046E-6	
120.40000000E-3	9.53541589E-6	
121.00000000E-3	9.45934741E-6	
122.20000000E-3	9.37154259E-6	
123.20000000E-3	9.28610019E-6	
124.30000000E-3	9.18050375E-6	
125.30000000E-3	9.10024818E-6	
126.10000000E-3	9.03330856E-6	
127.00000000E-3	8.92440353E-6	
128.20000000E-3	8.84026541E-6	
129.20000000E-3	8.76721964E-6	
130.10000000E-3	8.68822504E-6	
131.20000000E-3	8.60746835E-6	
132.10000000E-3	8.53829205E-6	
133.10000000E-3	8.44793946E-6	
134.30000000E-3	8.39400979E-6	
135.20000000E-3	8.29735123E-6	
136.00000000E-3	8.25970915E-6	
137.00000000E-3	8.18044062E-6	
138.10000000E-3	8.12025710E-6	
139.20000000E-3	8.05528476E-6	
140.00000000E-3	7.98632912E-6	
141.10000000E-3	7.92647015E-6	
142.40000000E-3	7.86237741E-6	
143.40000000E-3	7.81278390E-6	
144.10000000E-3	7.74425544E-6	
145.30000000E-3	7.67553121E-6	
146.20000000E-3	7.62473322E-6	
147.20000000E-3	7.56691535E-6	
148.10000000E-3	7.49546096E-6	
149.50000000E-3	7.43662909E-6	
150.30000000E-3	7.36221144E-6	
151.00000000E-3	7.30420860E-6	
152.20000000E-3	7.26108475E-6	
153.30000000E-3	7.21024573E-6	
154.30000000E-3	7.15070002E-6	
155.30000000E-3	7.08772623E-6	
156.10000000E-3	7.02677386E-6	
157.10000000E-3	6.96538447E-6	
158.30000000E-3	6.89025218E-6	
159.20000000E-3	6.84146511E-6	
160.10000000E-3	6.77457667E-6	
161.30000000E-3	6.70764163E-6	
162.00000000E-3	6.66462478E-6	
163.20000000E-3	6.62080776E-6	
164.30000000E-3	6.55788306E-6	
165.10000000E-3	6.50462979E-6	
166.20000000E-3	6.44775366E-6	
167.10000000E-3	6.39561929E-6	
167.90000000E-3	6.35512644E-6	
169.00000000E-3	6.31056362E-6	
170.00000000E-3	6.24926855E-6	
171.30000000E-3	6.22518638E-6	
172.20000000E-3	6.16553244E-6	
173.20000000E-3	6.12617147E-6	
174.40000000E-3	6.07695558E-6	
175.20000000E-3	6.03886443E-6	
176.60000000E-3	5.99845587E-6	
177.20000000E-3	5.95647718E-6	
178.20000000E-3	5.91708626E-6	
179.40000000E-3	5.87352293E-6	
180.10000000E-3	5.84451125E-6	
181.00000000E-3	5.79719606E-6	
182.20000000E-3	5.78980435E-6	
183.30000000E-3	5.74114641E-6	
184.20000000E-3	5.72590146E-6	
185.20000000E-3	5.67243341E-6	
186.30000000E-3	5.65087189E-6	
187.20000000E-3	5.64072145E-6	
188.30000000E-3	5.62242231E-6	
189.20000000E-3	5.58273417E-6	
190.10000000E-3	5.54784425E-6	
191.30000000E-3	5.53473111E-6	
192.20000000E-3	5.51401732E-6	
193.30000000E-3	5.49212606E-6	
194.20000000E-3	5.48436727E-6	
195.30000000E-3	5.44528818E-6	
196.00000000E-3	5.43363748E-6	
197.20000000E-3	5.41273733E-6	
198.20000000E-3	5.39686273E-6	
199.10000000E-3	5.35940367E-6	
199.70000000E-3	5.35195556E-6	
199.90000000E-3	5.31649483E-6	
