-200.40000000E-3	6.53091964E-6	
-199.50000000E-3	6.50349494E-6	
-199.10000000E-3	6.49028447E-6	
-199.00000000E-3	6.46648853E-6	
-197.10000000E-3	6.47062198E-6	
-197.00000000E-3	6.46017255E-6	
-195.70000000E-3	6.44300434E-6	
-195.50000000E-3	6.43389129E-6	
-194.10000000E-3	6.41573478E-6	
-193.00000000E-3	6.40470173E-6	
-193.20000000E-3	6.41361412E-6	
-192.10000000E-3	6.40268075E-6	
-191.60000000E-3	6.40350288E-6	
-190.10000000E-3	6.38920230E-6	
-190.00000000E-3	6.38703146E-6	
-189.20000000E-3	6.38143736E-6	
-188.60000000E-3	6.38502724E-6	
-187.90000000E-3	6.38034817E-6	
-186.90000000E-3	6.40031320E-6	
-185.80000000E-3	6.40784969E-6	
-185.30000000E-3	6.40244280E-6	
-184.20000000E-3	6.42241944E-6	
-183.40000000E-3	6.43654394E-6	
-182.60000000E-3	6.41904967E-6	
-181.40000000E-3	6.43653039E-6	
-180.60000000E-3	6.44159606E-6	
-179.40000000E-3	6.45590607E-6	
-178.20000000E-3	6.45763278E-6	
-177.50000000E-3	6.47654650E-6	
-176.80000000E-3	6.47752103E-6	
-175.50000000E-3	6.48215316E-6	
-174.80000000E-3	6.49814489E-6	
-173.50000000E-3	6.49738090E-6	
-172.80000000E-3	6.49872147E-6	
-172.10000000E-3	6.52898531E-6	
-170.70000000E-3	6.53573294E-6	
-170.20000000E-3	6.55876014E-6	
-168.90000000E-3	6.56236996E-6	
-167.90000000E-3	6.57964810E-6	
-167.60000000E-3	6.59157616E-6	
-165.90000000E-3	6.58399804E-6	
-164.90000000E-3	6.60642721E-6	
-163.90000000E-3	6.62239033E-6	
-163.10000000E-3	6.64126960E-6	
-162.00000000E-3	6.63694106E-6	
-161.10000000E-3	6.64481578E-6	
-160.50000000E-3	6.65608342E-6	
-159.10000000E-3	6.69070792E-6	
-158.20000000E-3	6.69063018E-6	
-157.40000000E-3	6.71436045E-6	
-156.20000000E-3	6.70891945E-6	
-155.40000000E-3	6.72809818E-6	
-154.00000000E-3	6.74960672E-6	
-153.60000000E-3	6.76075521E-6	
-152.20000000E-3	6.77457117E-6	
-151.10000000E-3	6.78775392E-6	
-150.50000000E-3	6.80394275E-6	
-149.40000000E-3	6.80195565E-6	
-148.80000000E-3	6.81400675E-6	
-147.70000000E-3	6.83481205E-6	
-146.30000000E-3	6.84778153E-6	
-145.80000000E-3	6.86665755E-6	
-144.80000000E-3	6.88081264E-6	
-143.40000000E-3	6.89530545E-6	
-142.90000000E-3	6.89605047E-6	
-141.60000000E-3	6.89827309E-6	
-140.60000000E-3	6.92510631E-6	
-139.40000000E-3	6.93840874E-6	
-138.50000000E-3	6.94995938E-6	
-137.60000000E-3	6.95661827E-6	
-136.50000000E-3	6.95892261E-6	
-135.50000000E-3	6.96486221E-6	
-134.70000000E-3	6.98884336E-6	
-133.50000000E-3	7.00660980E-6	
-132.50000000E-3	7.02002991E-6	
-131.30000000E-3	7.03134849E-6	
-130.90000000E-3	7.03312421E-6	
-129.70000000E-3	7.06060819E-6	
-128.50000000E-3	7.05809831E-6	
-127.40000000E-3	7.07925428E-6	
-126.70000000E-3	7.09705277E-6	
-125.60000000E-3	7.09795038E-6	
-124.80000000E-3	7.10965191E-6	
-123.50000000E-3	7.12244429E-6	
-122.70000000E-3	7.12436323E-6	
-121.30000000E-3	7.12387612E-6	
-120.40000000E-3	7.14362088E-6	
-119.60000000E-3	7.14328841E-6	
-118.40000000E-3	7.17607306E-6	
-118.00000000E-3	7.16497031E-6	
-116.50000000E-3	7.18232144E-6	
-115.20000000E-3	7.17820965E-6	
-114.60000000E-3	7.19351711E-6	
-113.60000000E-3	7.19068282E-6	
-112.30000000E-3	7.19440726E-6	
-111.70000000E-3	7.20423330E-6	
-110.60000000E-3	7.22073818E-6	
-109.60000000E-3	7.24035955E-6	
-108.60000000E-3	7.22480339E-6	
-107.40000000E-3	7.22523839E-6	
-106.70000000E-3	7.23546167E-6	
-105.70000000E-3	7.22163121E-6	
-104.50000000E-3	7.24710010E-6	
-103.40000000E-3	7.24682938E-6	
-102.70000000E-3	7.23704166E-6	
-101.80000000E-3	7.24281583E-6	
-100.80000000E-3	7.23399042E-6	
-99.60000000E-3	7.24584730E-6	
-98.30000000E-3	7.23162152E-6	
-97.50000000E-3	7.22573377E-6	
-96.40000000E-3	7.22378964E-6	
-95.50000000E-3	7.22466103E-6	
-94.70000000E-3	7.22294316E-6	
-93.40000000E-3	7.20429753E-6	
-92.80000000E-3	7.20525408E-6	
-91.40000000E-3	7.20139179E-6	
-90.50000000E-3	7.16295148E-6	
-89.20000000E-3	7.17462137E-6	
-88.20000000E-3	7.15843453E-6	
-87.50000000E-3	7.11169903E-6	
-86.30000000E-3	7.12690300E-6	
-85.40000000E-3	7.10934125E-6	
-84.10000000E-3	7.09778119E-6	
-83.30000000E-3	7.07360120E-6	
-81.90000000E-3	7.04731559E-6	
-81.40000000E-3	7.03416589E-6	
-80.40000000E-3	7.00025148E-6	
-79.40000000E-3	6.97343982E-6	
-78.30000000E-3	6.95662789E-6	
-77.10000000E-3	6.92338116E-6	
-76.40000000E-3	6.89033056E-6	
-75.30000000E-3	6.84901888E-6	
-74.30000000E-3	6.82285795E-6	
-73.10000000E-3	6.76921879E-6	
-72.50000000E-3	6.72671240E-6	
-71.60000000E-3	6.66793126E-6	
-69.90000000E-3	6.63061187E-6	
-69.70000000E-3	6.58294038E-6	
-67.80000000E-3	6.52185281E-6	
-67.20000000E-3	6.49425825E-6	
-66.30000000E-3	6.43418889E-6	
-65.20000000E-3	6.36977419E-6	
-63.90000000E-3	6.29681092E-6	
-63.30000000E-3	6.25819043E-6	
-61.90000000E-3	6.19523624E-6	
-61.00000000E-3	6.11913732E-6	
-59.80000000E-3	6.07461465E-6	
-59.00000000E-3	5.99496985E-6	
-58.20000000E-3	5.91716187E-6	
-57.10000000E-3	5.84352015E-6	
-56.10000000E-3	5.76328569E-6	
-55.20000000E-3	5.67772480E-6	
-54.00000000E-3	5.58265214E-6	
-52.90000000E-3	5.47938515E-6	
-52.40000000E-3	5.39868222E-6	
-50.90000000E-3	5.31018996E-6	
-50.10000000E-3	5.21748177E-6	
-49.30000000E-3	5.09870705E-6	
-47.90000000E-3	4.99767536E-6	
-47.20000000E-3	4.89027000E-6	
-46.30000000E-3	4.77336629E-6	
-45.30000000E-3	4.66827132E-6	
-44.10000000E-3	4.54960269E-6	
-43.40000000E-3	4.43637414E-6	
-41.90000000E-3	4.31970334E-6	
-41.20000000E-3	4.18976231E-6	
-40.10000000E-3	4.06209947E-6	
-38.90000000E-3	3.94390559E-6	
-37.90000000E-3	3.82451472E-6	
-37.10000000E-3	3.70748359E-6	
-35.70000000E-3	3.58259119E-6	
-35.00000000E-3	3.46076417E-6	
-34.20000000E-3	3.33831446E-6	
-33.00000000E-3	3.18326047E-6	
-32.20000000E-3	3.06610637E-6	
-30.80000000E-3	2.94188359E-6	
-30.60000000E-3	2.78029050E-6	
-29.30000000E-3	2.66531620E-6	
-27.80000000E-3	2.53343389E-6	
-27.10000000E-3	2.40074853E-6	
-25.80000000E-3	2.24989272E-6	
-24.80000000E-3	2.11591700E-6	
-23.90000000E-3	1.99197628E-6	
-23.20000000E-3	1.86478219E-6	
-22.10000000E-3	1.71606050E-6	
-21.20000000E-3	1.56829823E-6	
-20.30000000E-3	1.44599281E-6	
-19.20000000E-3	1.31938524E-6	
-18.40000000E-3	1.16938200E-6	
-17.50000000E-3	1.05194400E-6	
-15.90000000E-3	908.07145807E-9	
-15.30000000E-3	790.00203001E-9	
-14.10000000E-3	646.28542810E-9	
-13.20000000E-3	495.40815377E-9	
-12.00000000E-3	376.73921201E-9	
-11.10000000E-3	238.91060891E-9	
-10.10000000E-3	145.88008631E-9	
-9.00000000E-3	25.66181221E-9	
-8.20000000E-3	-85.27214271E-9	
-6.70000000E-3	-176.82806772E-9	
-5.70000000E-3	-268.55394605E-9	
-4.80000000E-3	-390.22782348E-9	
-4.10000000E-3	-478.86106299E-9	
-3.20000000E-3	-576.72304583E-9	
-1.80000000E-3	-667.53370357E-9	
-1.00000000E-3	-737.34430373E-9	
-100.00000000E-6	-837.39465603E-9	
1.60000000E-3	-921.09653015E-9	
2.40000000E-3	-988.15383618E-9	
3.10000000E-3	-1.07367620E-6	
3.80000000E-3	-1.13230949E-6	
5.00000000E-3	-1.19080727E-6	
6.40000000E-3	-1.25292973E-6	
7.20000000E-3	-1.30417295E-6	
8.20000000E-3	-1.35580752E-6	
9.60000000E-3	-1.38666182E-6	
10.20000000E-3	-1.43579095E-6	
11.40000000E-3	-1.46399727E-6	
12.20000000E-3	-1.47946402E-6	
13.40000000E-3	-1.50711911E-6	
14.50000000E-3	-1.52930017E-6	
15.00000000E-3	-1.54117653E-6	
16.40000000E-3	-1.54063079E-6	
17.30000000E-3	-1.55603455E-6	
18.20000000E-3	-1.55061177E-6	
19.20000000E-3	-1.55033726E-6	
20.20000000E-3	-1.54877377E-6	
21.30000000E-3	-1.52582803E-6	
22.00000000E-3	-1.51076130E-6	
22.90000000E-3	-1.47825283E-6	
24.50000000E-3	-1.45461106E-6	
25.20000000E-3	-1.41828134E-6	
26.10000000E-3	-1.38704845E-6	
27.10000000E-3	-1.33809645E-6	
28.30000000E-3	-1.30196346E-6	
28.40000000E-3	-1.23293043E-6	
30.30000000E-3	-1.19372829E-6	
30.90000000E-3	-1.11424553E-6	
31.80000000E-3	-1.04729791E-6	
32.90000000E-3	-1.00396548E-6	
34.50000000E-3	-902.03436841E-9	
35.40000000E-3	-833.36783173E-9	
36.40000000E-3	-741.44485446E-9	
37.60000000E-3	-675.77467998E-9	
38.50000000E-3	-579.47851546E-9	
39.30000000E-3	-492.63991600E-9	
40.30000000E-3	-391.21329092E-9	
41.10000000E-3	-300.21865752E-9	
42.60000000E-3	-197.89439489E-9	
43.20000000E-3	-96.99463330E-9	
44.10000000E-3	12.06753852E-9	
45.30000000E-3	136.72559998E-9	
46.70000000E-3	238.65464725E-9	
47.10000000E-3	338.20365281E-9	
48.40000000E-3	463.45821456E-9	
49.60000000E-3	565.43104018E-9	
50.50000000E-3	678.26843295E-9	
51.50000000E-3	802.61531689E-9	
52.50000000E-3	917.42992099E-9	
52.60000000E-3	1.03570929E-6	
54.40000000E-3	1.15636163E-6	
55.30000000E-3	1.27695351E-6	
56.70000000E-3	1.41582838E-6	
57.60000000E-3	1.51852368E-6	
58.70000000E-3	1.65309390E-6	
59.30000000E-3	1.78746959E-6	
60.50000000E-3	1.91567699E-6	
61.50000000E-3	2.04110102E-6	
62.50000000E-3	2.17023856E-6	
63.60000000E-3	2.31626986E-6	
64.60000000E-3	2.42982115E-6	
65.50000000E-3	2.55007315E-6	
66.80000000E-3	2.68918527E-6	
67.20000000E-3	2.80298362E-6	
68.50000000E-3	2.92987180E-6	
69.30000000E-3	3.06363318E-6	
70.60000000E-3	3.19117926E-6	
71.60000000E-3	3.30572036E-6	
72.70000000E-3	3.43749901E-6	
73.40000000E-3	3.54312582E-6	
74.50000000E-3	3.67224980E-6	
75.70000000E-3	3.78525915E-6	
76.70000000E-3	3.89721191E-6	
77.60000000E-3	4.01582290E-6	
78.60000000E-3	4.12852413E-6	
79.50000000E-3	4.24157917E-6	
80.70000000E-3	4.35238502E-6	
81.60000000E-3	4.43540645E-6	
82.50000000E-3	4.54287135E-6	
83.80000000E-3	4.66045000E-6	
84.50000000E-3	4.76076116E-6	
85.70000000E-3	4.84489279E-6	
86.40000000E-3	4.95176279E-6	
86.80000000E-3	5.04574199E-6	
88.60000000E-3	5.13738717E-6	
89.40000000E-3	5.21878372E-6	
90.70000000E-3	5.30689762E-6	
91.50000000E-3	5.38489161E-6	
92.60000000E-3	5.47258735E-6	
93.20000000E-3	5.54495519E-6	
94.50000000E-3	5.61020775E-6	
95.30000000E-3	5.69962661E-6	
96.70000000E-3	5.75096978E-6	
97.60000000E-3	5.82677526E-6	
98.50000000E-3	5.89573715E-6	
99.60000000E-3	5.97023690E-6	
100.50000000E-3	6.02063283E-6	
101.70000000E-3	6.07321098E-6	
102.40000000E-3	6.12152431E-6	
103.60000000E-3	6.18254124E-6	
104.50000000E-3	6.22166137E-6	
105.40000000E-3	6.26709945E-6	
106.70000000E-3	6.30222000E-6	
107.30000000E-3	6.35155809E-6	
108.70000000E-3	6.39517254E-6	
109.60000000E-3	6.42365700E-6	
110.60000000E-3	6.44629005E-6	
111.80000000E-3	6.47852040E-6	
112.80000000E-3	6.50610702E-6	
113.80000000E-3	6.54225776E-6	
114.40000000E-3	6.56013462E-6	
115.60000000E-3	6.59384400E-6	
116.30000000E-3	6.61326185E-6	
117.50000000E-3	6.63698631E-6	
118.60000000E-3	6.66655528E-6	
119.80000000E-3	6.67156083E-6	
120.50000000E-3	6.67870785E-6	
121.50000000E-3	6.68597231E-6	
122.80000000E-3	6.70673032E-6	
123.60000000E-3	6.71998773E-6	
124.60000000E-3	6.74361233E-6	
125.80000000E-3	6.75264652E-6	
126.40000000E-3	6.76121249E-6	
127.80000000E-3	6.75446253E-6	
128.70000000E-3	6.74584932E-6	
129.80000000E-3	6.75491218E-6	
130.90000000E-3	6.76842543E-6	
131.60000000E-3	6.77819699E-6	
132.70000000E-3	6.76400471E-6	
133.70000000E-3	6.76859842E-6	
134.50000000E-3	6.78258185E-6	
135.90000000E-3	6.76606788E-6	
136.80000000E-3	6.77447155E-6	
137.00000000E-3	6.77580933E-6	
138.70000000E-3	6.77323868E-6	
139.70000000E-3	6.76142875E-6	
140.90000000E-3	6.76694288E-6	
141.90000000E-3	6.78114990E-6	
142.70000000E-3	6.77143897E-6	
143.60000000E-3	6.75428957E-6	
144.60000000E-3	6.76242238E-6	
145.90000000E-3	6.73398066E-6	
146.90000000E-3	6.74740903E-6	
147.80000000E-3	6.74177404E-6	
148.70000000E-3	6.72467166E-6	
149.70000000E-3	6.71989265E-6	
150.90000000E-3	6.71830539E-6	
151.60000000E-3	6.68964182E-6	
152.30000000E-3	6.70141951E-6	
153.70000000E-3	6.69157674E-6	
154.70000000E-3	6.69019764E-6	
155.90000000E-3	6.66090909E-6	
156.70000000E-3	6.66004971E-6	
157.50000000E-3	6.66946778E-6	
158.70000000E-3	6.64604901E-6	
159.40000000E-3	6.63918780E-6	
160.60000000E-3	6.62803157E-6	
161.50000000E-3	6.62039735E-6	
162.10000000E-3	6.62187399E-6	
163.60000000E-3	6.59858018E-6	
165.00000000E-3	6.58347149E-6	
165.80000000E-3	6.57344571E-6	
166.80000000E-3	6.57021617E-6	
167.60000000E-3	6.55052288E-6	
168.80000000E-3	6.56020667E-6	
169.70000000E-3	6.54601553E-6	
170.90000000E-3	6.51575665E-6	
171.90000000E-3	6.52524944E-6	
172.70000000E-3	6.50432483E-6	
173.70000000E-3	6.49468670E-6	
174.80000000E-3	6.49545242E-6	
175.90000000E-3	6.48565542E-6	
176.90000000E-3	6.47201048E-6	
177.90000000E-3	6.45031635E-6	
178.70000000E-3	6.44612805E-6	
179.90000000E-3	6.43000663E-6	
180.80000000E-3	6.41398772E-6	
181.90000000E-3	6.42047993E-6	
182.80000000E-3	6.41028785E-6	
183.60000000E-3	6.40041957E-6	
185.00000000E-3	6.40189468E-6	
185.90000000E-3	6.38967319E-6	
187.00000000E-3	6.36975084E-6	
187.90000000E-3	6.35122036E-6	
188.70000000E-3	6.33756631E-6	
189.80000000E-3	6.33540026E-6	
190.90000000E-3	6.34134726E-6	
191.90000000E-3	6.31633714E-6	
193.00000000E-3	6.30774545E-6	
193.80000000E-3	6.32379266E-6	
194.70000000E-3	6.20388616E-6	
195.90000000E-3	6.23043669E-6	
196.90000000E-3	6.26446126E-6	
198.00000000E-3	6.26354989E-6	
198.90000000E-3	6.25563756E-6	
199.50000000E-3	6.26029787E-6	
199.80000000E-3	6.25118035E-6	
