-200.00000000E-3	262.82311094E-9	
-200.00000000E-3	265.52485095E-9	
-199.90000000E-3	277.04009206E-9	
-199.70000000E-3	283.02424315E-9	
-199.50000000E-3	276.67592867E-9	
-199.20000000E-3	269.21435981E-9	
-198.80000000E-3	265.03910707E-9	
-198.40000000E-3	260.11736146E-9	
-198.10000000E-3	259.86870426E-9	
-197.70000000E-3	264.63815208E-9	
-197.20000000E-3	267.54051692E-9	
-196.70000000E-3	268.46171722E-9	
-196.20000000E-3	268.26860360E-9	
-195.70000000E-3	263.68408334E-9	
-195.00000000E-3	262.08393679E-9	
-194.60000000E-3	270.70020724E-9	
-193.90000000E-3	276.34634585E-9	
-193.40000000E-3	275.79441379E-9	
-192.80000000E-3	275.28911104E-9	
-192.30000000E-3	272.62575007E-9	
-191.60000000E-3	266.93168231E-9	
-191.00000000E-3	267.93799457E-9	
-190.40000000E-3	270.97590231E-9	
-189.80000000E-3	270.76177029E-9	
-189.10000000E-3	271.34008382E-9	
-188.60000000E-3	268.00340822E-9	
-187.90000000E-3	264.04234427E-9	
-187.30000000E-3	266.85054157E-9	
-186.70000000E-3	265.16002359E-9	
-186.10000000E-3	259.12093185E-9	
-185.40000000E-3	255.13406509E-9	
-184.90000000E-3	251.06234459E-9	
-184.20000000E-3	252.80987916E-9	
-183.60000000E-3	254.23266707E-9	
-183.00000000E-3	253.89065263E-9	
-182.40000000E-3	252.21106782E-9	
-181.70000000E-3	253.45012523E-9	
-181.20000000E-3	253.29924979E-9	
-180.50000000E-3	257.29023926E-9	
-179.90000000E-3	263.02642200E-9	
-179.30000000E-3	256.79168780E-9	
-178.70000000E-3	249.44530710E-9	
-178.00000000E-3	250.33880768E-9	
-177.40000000E-3	258.40816277E-9	
-176.80000000E-3	263.97041762E-9	
-176.20000000E-3	260.56299022E-9	
-175.50000000E-3	252.13472212E-9	
-174.90000000E-3	248.89913700E-9	
-174.30000000E-3	247.95407444E-9	
-173.70000000E-3	247.93671909E-9	
-173.10000000E-3	248.53935487E-9	
-172.30000000E-3	248.55801012E-9	
-171.90000000E-3	248.10031555E-9	
-171.30000000E-3	243.13872148E-9	
-170.60000000E-3	238.88801354E-9	
-170.10000000E-3	242.41060404E-9	
-169.40000000E-3	248.68006544E-9	
-168.80000000E-3	250.44703659E-9	
-168.20000000E-3	251.88088236E-9	
-167.60000000E-3	249.86000227E-9	
-166.90000000E-3	245.13416215E-9	
-166.30000000E-3	241.56660417E-9	
-165.70000000E-3	235.88103108E-9	
-165.10000000E-3	225.02284453E-9	
-164.50000000E-3	220.46379117E-9	
-163.80000000E-3	227.06774661E-9	
-163.20000000E-3	228.24892549E-9	
-162.60000000E-3	225.64931296E-9	
-162.00000000E-3	229.00194393E-9	
-161.30000000E-3	236.48916019E-9	
-160.70000000E-3	239.89168267E-9	
-160.10000000E-3	237.25096322E-9	
-159.50000000E-3	237.10288277E-9	
-158.80000000E-3	237.22567854E-9	
-158.20000000E-3	232.53163803E-9	
-157.60000000E-3	229.82170415E-9	
-157.00000000E-3	230.00941459E-9	
-156.30000000E-3	231.05354121E-9	
-155.80000000E-3	236.64667948E-9	
-155.10000000E-3	238.86487516E-9	
-154.60000000E-3	234.55807273E-9	
-153.90000000E-3	234.75421107E-9	
-153.30000000E-3	235.83953128E-9	
-152.60000000E-3	226.99295335E-9	
-152.10000000E-3	217.78007208E-9	
-151.40000000E-3	220.02892444E-9	
-150.80000000E-3	228.43140441E-9	
-150.10000000E-3	229.83081725E-9	
-149.60000000E-3	226.35756245E-9	
-148.90000000E-3	226.18967925E-9	
-148.30000000E-3	227.91644899E-9	
-147.70000000E-3	225.41852990E-9	
-147.10000000E-3	215.52036755E-9	
-146.40000000E-3	209.75551161E-9	
-145.80000000E-3	211.41667685E-9	
-145.20000000E-3	212.71191184E-9	
-144.60000000E-3	209.00014732E-9	
-143.90000000E-3	209.14040995E-9	
-143.30000000E-3	215.16635344E-9	
-142.70000000E-3	219.40808075E-9	
-142.10000000E-3	219.75157916E-9	
-141.40000000E-3	214.15700794E-9	
-140.80000000E-3	208.08111870E-9	
-140.20000000E-3	206.70395994E-9	
-139.60000000E-3	209.95088067E-9	
-139.00000000E-3	209.48300696E-9	
-138.40000000E-3	202.69756232E-9	
-137.80000000E-3	191.95546342E-9	
-137.10000000E-3	188.48203953E-9	
-136.50000000E-3	193.14816431E-9	
-135.80000000E-3	194.01250492E-9	
-135.20000000E-3	197.39540346E-9	
-134.60000000E-3	210.53349107E-9	
-134.00000000E-3	213.82444008E-9	
-133.40000000E-3	207.92460491E-9	
-132.80000000E-3	201.99155752E-9	
-132.10000000E-3	194.95969206E-9	
-131.50000000E-3	189.33591144E-9	
-130.90000000E-3	187.54637476E-9	
-130.30000000E-3	190.60785691E-9	
-129.70000000E-3	191.91373442E-9	
-129.00000000E-3	193.85727640E-9	
-128.40000000E-3	191.35211223E-9	
-127.80000000E-3	188.99712713E-9	
-127.20000000E-3	190.57111967E-9	
-126.50000000E-3	190.39261044E-9	
-125.90000000E-3	189.04720893E-9	
-125.30000000E-3	181.33011995E-9	
-124.70000000E-3	170.84645093E-9	
-124.00000000E-3	164.27024057E-9	
-123.40000000E-3	161.26467968E-9	
-122.90000000E-3	163.03594440E-9	
-122.50000000E-3	165.04092645E-9	
-121.60000000E-3	171.72488388E-9	
-121.00000000E-3	181.52752635E-9	
-120.40000000E-3	182.18576351E-9	
-119.70000000E-3	176.67618442E-9	
-119.10000000E-3	175.31399599E-9	
-118.50000000E-3	170.62716287E-9	
-118.20000000E-3	165.91008890E-9	
-117.50000000E-3	165.50096726E-9	
-116.90000000E-3	162.69603428E-9	
-116.30000000E-3	154.18466211E-9	
-115.70000000E-3	146.60086853E-9	
-115.00000000E-3	149.49648795E-9	
-114.10000000E-3	154.81155837E-9	
-113.50000000E-3	154.26413680E-9	
-113.20000000E-3	151.83833946E-9	
-112.50000000E-3	146.50733484E-9	
-112.00000000E-3	141.09058189E-9	
-111.30000000E-3	135.61852971E-9	
-110.80000000E-3	134.70127402E-9	
-110.10000000E-3	140.67362415E-9	
-109.50000000E-3	147.59081814E-9	
-108.90000000E-3	149.82914901E-9	
-108.30000000E-3	147.08264235E-9	
-107.60000000E-3	148.40054792E-9	
-107.00000000E-3	146.45007426E-9	
-106.40000000E-3	137.27521054E-9	
-105.80000000E-3	130.13883534E-9	
-105.10000000E-3	130.18518582E-9	
-104.50000000E-3	134.11306356E-9	
-103.90000000E-3	132.97026081E-9	
-103.30000000E-3	124.30929943E-9	
-102.60000000E-3	118.08101148E-9	
-102.00000000E-3	118.31105231E-9	
-101.40000000E-3	117.40945177E-9	
-100.80000000E-3	116.02766412E-9	
-100.10000000E-3	111.80634364E-9	
-99.60000000E-3	109.77128122E-9	
-98.90000000E-3	111.49693194E-9	
-98.30000000E-3	110.55050904E-9	
-97.60000000E-3	109.88240052E-9	
-97.10000000E-3	109.05054792E-9	
-96.20000000E-3	102.91028708E-9	
-95.60000000E-3	96.46889104E-9	
-95.10000000E-3	90.68133501E-9	
-94.50000000E-3	94.42041251E-9	
-93.90000000E-3	103.65349455E-9	
-93.30000000E-3	107.61176926E-9	
-92.50000000E-3	105.09437187E-9	
-91.90000000E-3	101.94634378E-9	
-91.30000000E-3	99.35684316E-9	
-90.80000000E-3	92.59695757E-9	
-90.20000000E-3	84.72548467E-9	
-89.50000000E-3	79.89946301E-9	
-88.80000000E-3	78.66215329E-9	
-88.20000000E-3	76.35408823E-9	
-87.70000000E-3	71.91329072E-9	
-87.10000000E-3	67.47798836E-9	
-86.40000000E-3	68.12662416E-9	
-85.70000000E-3	67.47852007E-9	
-85.10000000E-3	64.26794819E-9	
-84.50000000E-3	60.23473309E-9	
-84.00000000E-3	59.04149865E-9	
-83.40000000E-3	63.42703169E-9	
-82.60000000E-3	68.08758807E-9	
-82.00000000E-3	65.24323159E-9	
-81.40000000E-3	55.63210083E-9	
-80.80000000E-3	47.93668215E-9	
-80.20000000E-3	42.01721456E-9	
-79.70000000E-3	39.41485180E-9	
-78.80000000E-3	38.33893892E-9	
-78.20000000E-3	35.48104092E-9	
-77.60000000E-3	33.38564731E-9	
-77.10000000E-3	28.51913825E-9	
-76.60000000E-3	26.72271490E-9	
-75.90000000E-3	29.18189005E-9	
-75.10000000E-3	30.12174808E-9	
-74.50000000E-3	24.61619555E-9	
-73.90000000E-3	13.89647177E-9	
-73.40000000E-3	7.30702963E-9	
-72.80000000E-3	14.18291473E-9	
-72.20000000E-3	20.26112350E-9	
-71.30000000E-3	16.08236698E-9	
-70.80000000E-3	9.54687567E-9	
-70.20000000E-3	9.56306078E-9	
-69.70000000E-3	5.24965440E-9	
-69.10000000E-3	-3.67722391E-9	
-68.20000000E-3	-6.82254993E-9	
-67.70000000E-3	-4.80946264E-9	
-67.10000000E-3	619.78557284E-12	
-66.50000000E-3	-879.66493971E-12	
-65.90000000E-3	-10.81226894E-9	
-65.20000000E-3	-18.80316067E-9	
-64.50000000E-3	-18.47775280E-9	
-64.00000000E-3	-17.42832077E-9	
-63.40000000E-3	-24.17409835E-9	
-62.80000000E-3	-31.79163420E-9	
-62.30000000E-3	-35.73839096E-9	
-61.40000000E-3	-35.31349149E-9	
-60.80000000E-3	-30.81922182E-9	
-60.20000000E-3	-30.20639296E-9	
-59.70000000E-3	-30.94439289E-9	
-59.10000000E-3	-30.40923048E-9	
-58.50000000E-3	-32.61650585E-9	
-58.00000000E-3	-38.74717780E-9	
-57.40000000E-3	-47.42012084E-9	
-56.80000000E-3	-56.43945023E-9	
-56.00000000E-3	-60.51059698E-9	
-55.40000000E-3	-54.87713580E-9	
-54.80000000E-3	-55.14213566E-9	
-53.90000000E-3	-63.89703647E-9	
-53.70000000E-3	-68.73744990E-9	
-53.10000000E-3	-67.96965909E-9	
-52.40000000E-3	-64.58287948E-9	
-51.70000000E-3	-60.94556993E-9	
-51.10000000E-3	-65.18165512E-9	
-50.50000000E-3	-75.87744942E-9	
-49.90000000E-3	-82.46328036E-9	
-49.40000000E-3	-83.90934396E-9	
-48.50000000E-3	-88.45760095E-9	
-48.00000000E-3	-90.75384681E-9	
-47.40000000E-3	-88.67867899E-9	
-46.80000000E-3	-92.68075550E-9	
-46.20000000E-3	-101.30176097E-9	
-45.60000000E-3	-104.16929597E-9	
-44.80000000E-3	-107.35872577E-9	
-44.20000000E-3	-106.50887309E-9	
-43.70000000E-3	-108.92842596E-9	
-43.10000000E-3	-117.00647867E-9	
-42.60000000E-3	-122.15155797E-9	
-41.80000000E-3	-119.79004137E-9	
-41.10000000E-3	-124.67851178E-9	
-40.60000000E-3	-128.14163069E-9	
-39.90000000E-3	-126.96203016E-9	
-39.40000000E-3	-121.21495826E-9	
-38.80000000E-3	-112.80545284E-9	
-38.10000000E-3	-113.44286362E-9	
-37.40000000E-3	-127.18801948E-9	
-36.80000000E-3	-145.61013164E-9	
-36.30000000E-3	-157.03287912E-9	
-35.70000000E-3	-158.42780163E-9	
-35.00000000E-3	-153.33048062E-9	
-34.30000000E-3	-149.59648715E-9	
-33.70000000E-3	-148.78811870E-9	
-33.10000000E-3	-140.50941494E-9	
-32.50000000E-3	-131.67313415E-9	
-31.90000000E-3	-133.69442146E-9	
-31.10000000E-3	-139.69008538E-9	
-30.60000000E-3	-146.01599177E-9	
-30.00000000E-3	-156.91236069E-9	
-29.40000000E-3	-169.36011635E-9	
-28.90000000E-3	-178.80096972E-9	
-28.10000000E-3	-182.91540234E-9	
-27.40000000E-3	-178.98134495E-9	
-26.80000000E-3	-175.12885231E-9	
-26.20000000E-3	-170.37810327E-9	
-25.70000000E-3	-161.11537163E-9	
-25.10000000E-3	-157.89156757E-9	
-24.30000000E-3	-165.05650338E-9	
-23.70000000E-3	-169.40502589E-9	
-23.10000000E-3	-176.33899028E-9	
-22.60000000E-3	-184.66699593E-9	
-22.00000000E-3	-187.98653357E-9	
-21.40000000E-3	-190.01785421E-9	
-20.50000000E-3	-191.61383250E-9	
-20.00000000E-3	-185.55624058E-9	
-19.40000000E-3	-179.84889550E-9	
-18.90000000E-3	-183.39047581E-9	
-18.30000000E-3	-190.83570452E-9	
-17.70000000E-3	-194.76043459E-9	
-16.80000000E-3	-197.01455817E-9	
-16.20000000E-3	-197.26446495E-9	
-15.70000000E-3	-193.44075742E-9	
-15.10000000E-3	-190.64186419E-9	
-14.50000000E-3	-191.39472249E-9	
-13.80000000E-3	-189.86296901E-9	
-13.10000000E-3	-193.22052508E-9	
-12.50000000E-3	-202.41554597E-9	
-12.00000000E-3	-203.60009358E-9	
-11.40000000E-3	-198.68572737E-9	
-10.80000000E-3	-195.33691550E-9	
-10.10000000E-3	-198.39361592E-9	
-9.40000000E-3	-199.75993136E-9	
-8.80000000E-3	-193.58465528E-9	
-8.20000000E-3	-192.21338729E-9	
-7.70000000E-3	-202.13993052E-9	
-7.10000000E-3	-206.06817000E-9	
-6.30000000E-3	-203.69377895E-9	
-5.60000000E-3	-203.53989993E-9	
-5.40000000E-3	-202.68556351E-9	
-4.80000000E-3	-199.55568175E-9	
-4.00000000E-3	-199.00598400E-9	
-3.40000000E-3	-200.51175930E-9	
-2.50000000E-3	-200.74876163E-9	
-1.90000000E-3	-202.84169632E-9	
-1.30000000E-3	-209.22168750E-9	
-700.00000000E-6	-212.53449427E-9	
-100.00000000E-6	-207.77509508E-9	
400.00000000E-6	-201.53829149E-9	
1.00000000E-3	-201.57881715E-9	
1.60000000E-3	-204.51088510E-9	
2.20000000E-3	-208.10923773E-9	
3.00000000E-3	-206.09433470E-9	
3.70000000E-3	-197.71534850E-9	
4.20000000E-3	-197.06318271E-9	
5.00000000E-3	-199.91951142E-9	
5.60000000E-3	-198.87912066E-9	
6.00000000E-3	-193.27087581E-9	
6.80000000E-3	-189.29725668E-9	
7.40000000E-3	-190.29831515E-9	
8.00000000E-3	-193.23947149E-9	
8.50000000E-3	-196.83949040E-9	
9.00000000E-3	-197.91373024E-9	
9.90000000E-3	-205.02876004E-9	
10.50000000E-3	-213.58746346E-9	
11.00000000E-3	-214.46111506E-9	
11.60000000E-3	-202.45781272E-9	
12.40000000E-3	-191.32761110E-9	
12.80000000E-3	-194.31058978E-9	
13.50000000E-3	-198.51557076E-9	
14.30000000E-3	-199.51218377E-9	
14.90000000E-3	-197.59461820E-9	
15.50000000E-3	-190.96737027E-9	
16.00000000E-3	-190.35148880E-9	
16.60000000E-3	-193.93826847E-9	
17.40000000E-3	-191.74554028E-9	
18.00000000E-3	-184.96626285E-9	
18.60000000E-3	-181.74369447E-9	
19.10000000E-3	-188.52866890E-9	
19.70000000E-3	-199.41623712E-9	
20.30000000E-3	-204.63362673E-9	
21.20000000E-3	-200.65778797E-9	
21.70000000E-3	-192.81875460E-9	
22.30000000E-3	-187.75299787E-9	
22.90000000E-3	-179.34327064E-9	
23.50000000E-3	-167.39812267E-9	
24.10000000E-3	-160.13857476E-9	
24.80000000E-3	-160.72045069E-9	
25.40000000E-3	-162.37637523E-9	
26.00000000E-3	-164.07524737E-9	
26.60000000E-3	-167.90016185E-9	
27.10000000E-3	-170.67556449E-9	
28.00000000E-3	-163.96932101E-9	
28.50000000E-3	-155.80034757E-9	
28.80000000E-3	-151.77042056E-9	
29.70000000E-3	-154.50042238E-9	
29.90000000E-3	-163.12928285E-9	
31.10000000E-3	-162.65937126E-9	
31.70000000E-3	-150.68546266E-9	
32.30000000E-3	-146.68699526E-9	
32.50000000E-3	-147.85181841E-9	
33.40000000E-3	-151.81605485E-9	
34.00000000E-3	-152.82477854E-9	
34.90000000E-3	-148.02960953E-9	
35.50000000E-3	-144.53810217E-9	
35.70000000E-3	-138.70939787E-9	
36.20000000E-3	-134.56581742E-9	
37.00000000E-3	-136.45854033E-9	
37.70000000E-3	-141.61562001E-9	
38.30000000E-3	-140.24529644E-9	
38.90000000E-3	-138.97474112E-9	
39.50000000E-3	-137.52154743E-9	
40.00000000E-3	-131.61560779E-9	
40.70000000E-3	-121.16662977E-9	
41.40000000E-3	-119.42612051E-9	
42.00000000E-3	-119.87741311E-9	
42.60000000E-3	-115.11282741E-9	
43.20000000E-3	-111.17988389E-9	
43.70000000E-3	-106.49463923E-9	
44.60000000E-3	-102.18921530E-9	
45.20000000E-3	-98.53983257E-9	
45.70000000E-3	-99.54648097E-9	
46.30000000E-3	-97.17794863E-9	
46.90000000E-3	-88.61356347E-9	
47.50000000E-3	-85.37443107E-9	
48.30000000E-3	-87.14742955E-9	
48.90000000E-3	-84.50473463E-9	
49.50000000E-3	-85.15955357E-9	
50.10000000E-3	-87.16548969E-9	
50.60000000E-3	-83.50549448E-9	
51.50000000E-3	-80.38213394E-9	
52.00000000E-3	-77.44900375E-9	
52.60000000E-3	-71.42673871E-9	
53.30000000E-3	-64.10440550E-9	
54.00000000E-3	-63.97889084E-9	
54.30000000E-3	-66.63748941E-9	
54.90000000E-3	-64.50637221E-9	
55.50000000E-3	-56.88017444E-9	
56.30000000E-3	-54.98426153E-9	
56.90000000E-3	-56.85696555E-9	
57.50000000E-3	-55.46708070E-9	
58.10000000E-3	-51.71533804E-9	
58.90000000E-3	-49.96277539E-9	
59.30000000E-3	-44.31762753E-9	
59.40000000E-3	-36.52292228E-9	
60.70000000E-3	-34.39302759E-9	
61.40000000E-3	-34.31435365E-9	
61.90000000E-3	-30.80317067E-9	
62.50000000E-3	-29.25001904E-9	
63.10000000E-3	-26.74314391E-9	
63.70000000E-3	-23.77826708E-9	
64.50000000E-3	-23.44149590E-9	
65.10000000E-3	-22.37082958E-9	
65.70000000E-3	-17.87396317E-9	
66.20000000E-3	-12.83582262E-9	
66.80000000E-3	-8.68923966E-9	
67.50000000E-3	-6.08049239E-9	
68.20000000E-3	-8.34812593E-9	
68.80000000E-3	-9.90438374E-9	
69.40000000E-3	-6.28674409E-9	
69.90000000E-3	-2.74783925E-9	
70.60000000E-3	-2.18226551E-9	
70.80000000E-3	-3.78820355E-9	
71.90000000E-3	-3.44319536E-9	
72.50000000E-3	6.79279475E-9	
73.00000000E-3	18.88891936E-9	
73.60000000E-3	21.66563098E-9	
74.20000000E-3	22.94005170E-9	
74.90000000E-3	21.86624649E-9	
75.60000000E-3	18.67741692E-9	
76.20000000E-3	21.11058284E-9	
76.80000000E-3	25.96034589E-9	
77.30000000E-3	26.21633977E-9	
77.90000000E-3	29.23856465E-9	
78.60000000E-3	32.68789668E-9	
79.30000000E-3	40.39024077E-9	
79.90000000E-3	47.47214410E-9	
80.50000000E-3	51.73375592E-9	
81.00000000E-3	50.29086133E-9	
81.60000000E-3	42.84644671E-9	
82.30000000E-3	43.64174093E-9	
83.10000000E-3	50.46365277E-9	
83.60000000E-3	52.93312944E-9	
84.20000000E-3	54.18084378E-9	
84.70000000E-3	61.33982514E-9	
85.30000000E-3	63.67250177E-9	
85.60000000E-3	60.48092223E-9	
86.60000000E-3	59.59091750E-9	
87.20000000E-3	63.61643726E-9	
87.70000000E-3	65.76085106E-9	
88.50000000E-3	70.11086670E-9	
89.20000000E-3	73.30471937E-9	
89.70000000E-3	76.18490715E-9	
90.30000000E-3	80.33734161E-9	
91.10000000E-3	81.92893822E-9	
91.70000000E-3	79.84457375E-9	
92.30000000E-3	79.62252587E-9	
92.90000000E-3	84.90104441E-9	
93.40000000E-3	92.57125176E-9	
94.10000000E-3	95.11188307E-9	
94.80000000E-3	91.11760138E-9	
95.40000000E-3	94.27048575E-9	
96.00000000E-3	100.31874048E-9	
96.60000000E-3	103.02998841E-9	
97.10000000E-3	97.56281634E-9	
98.00000000E-3	93.84306103E-9	
98.60000000E-3	101.00175943E-9	
99.10000000E-3	104.98392440E-9	
99.70000000E-3	101.44075844E-9	
100.30000000E-3	98.05855153E-9	
100.90000000E-3	100.00080371E-9	
101.70000000E-3	106.41631079E-9	
102.30000000E-3	115.28718334E-9	
102.30000000E-3	119.33176689E-9	
103.40000000E-3	119.90969057E-9	
104.00000000E-3	120.14642543E-9	
104.50000000E-3	117.85358313E-9	
105.20000000E-3	119.24710317E-9	
106.00000000E-3	126.60001987E-9	
106.30000000E-3	127.58259534E-9	
107.20000000E-3	122.40157394E-9	
107.50000000E-3	123.96553780E-9	
108.30000000E-3	134.25968300E-9	
108.90000000E-3	141.05045089E-9	
109.50000000E-3	141.28242882E-9	
110.20000000E-3	140.57018775E-9	
110.80000000E-3	139.48615274E-9	
111.40000000E-3	136.68555030E-9	
112.00000000E-3	138.67427688E-9	
112.60000000E-3	140.95110362E-9	
113.20000000E-3	141.37351344E-9	
113.90000000E-3	140.57634034E-9	
114.50000000E-3	138.71206535E-9	
115.00000000E-3	139.59081929E-9	
115.60000000E-3	142.60416632E-9	
116.20000000E-3	144.17313534E-9	
117.00000000E-3	144.09874180E-9	
117.60000000E-3	147.74987628E-9	
118.40000000E-3	155.24598370E-9	
119.10000000E-3	165.37448540E-9	
119.40000000E-3	172.34610159E-9	
120.00000000E-3	169.49631289E-9	
120.30000000E-3	169.14801384E-9	
121.40000000E-3	174.17913106E-9	
122.00000000E-3	176.48583708E-9	
122.60000000E-3	182.79893581E-9	
123.10000000E-3	187.29149481E-9	
123.70000000E-3	181.83956346E-9	
124.30000000E-3	179.09210613E-9	
125.10000000E-3	179.44983285E-9	
125.80000000E-3	176.97906854E-9	
126.30000000E-3	177.50390001E-9	
126.90000000E-3	179.93671386E-9	
127.50000000E-3	181.64327627E-9	
128.00000000E-3	183.60585106E-9	
128.80000000E-3	186.94016849E-9	
129.50000000E-3	190.83353734E-9	
130.00000000E-3	198.05434345E-9	
130.60000000E-3	205.53068049E-9	
131.20000000E-3	205.46042120E-9	
131.80000000E-3	201.51404271E-9	
132.50000000E-3	197.52837576E-9	
133.20000000E-3	192.49063942E-9	
133.80000000E-3	191.74545516E-9	
134.40000000E-3	188.30171262E-9	
134.90000000E-3	187.10493442E-9	
135.50000000E-3	191.97415299E-9	
136.30000000E-3	195.92202360E-9	
136.90000000E-3	201.07693471E-9	
137.50000000E-3	206.81037571E-9	
138.10000000E-3	209.27336942E-9	
138.70000000E-3	210.83666611E-9	
139.20000000E-3	214.23808494E-9	
140.10000000E-3	217.30544235E-9	
140.70000000E-3	219.60894202E-9	
141.30000000E-3	219.85034810E-9	
141.90000000E-3	213.05629397E-9	
141.90000000E-3	208.88258976E-9	
143.10000000E-3	209.46375623E-9	
143.60000000E-3	206.42652403E-9	
144.20000000E-3	205.11032336E-9	
144.80000000E-3	206.29547764E-9	
145.30000000E-3	212.97980660E-9	
145.90000000E-3	223.38019276E-9	
146.60000000E-3	225.30018387E-9	
147.30000000E-3	219.76756910E-9	
147.90000000E-3	217.35473357E-9	
148.50000000E-3	219.17627173E-9	
149.10000000E-3	222.73050329E-9	
149.60000000E-3	218.77878271E-9	
150.30000000E-3	215.11608253E-9	
151.10000000E-3	220.20858712E-9	
151.60000000E-3	223.41461761E-9	
152.20000000E-3	222.39292756E-9	
152.80000000E-3	222.03417668E-9	
153.30000000E-3	224.96833886E-9	
154.10000000E-3	228.47539907E-9	
154.80000000E-3	235.73201864E-9	
155.40000000E-3	242.46221895E-9	
156.00000000E-3	247.29801481E-9	
156.50000000E-3	251.01765185E-9	
157.10000000E-3	249.82095610E-9	
158.00000000E-3	245.61553371E-9	
158.50000000E-3	240.37911522E-9	
159.10000000E-3	237.68079860E-9	
159.70000000E-3	241.92964268E-9	
160.20000000E-3	243.61093121E-9	
160.80000000E-3	242.41713410E-9	
161.70000000E-3	244.95913510E-9	
162.30000000E-3	248.54008381E-9	
162.90000000E-3	245.38473986E-9	
163.40000000E-3	241.43007704E-9	
164.00000000E-3	242.46507750E-9	
164.60000000E-3	249.92153738E-9	
165.30000000E-3	254.12576254E-9	
165.90000000E-3	253.88221290E-9	
166.70000000E-3	246.21823507E-9	
167.30000000E-3	246.04045469E-9	
167.60000000E-3	249.03840901E-9	
168.10000000E-3	249.19214184E-9	
168.70000000E-3	249.11536183E-9	
169.70000000E-3	252.28087736E-9	
170.20000000E-3	258.62781083E-9	
171.10000000E-3	262.93405453E-9	
171.60000000E-3	260.57185534E-9	
172.20000000E-3	256.80379279E-9	
172.80000000E-3	254.92030598E-9	
173.20000000E-3	249.68225702E-9	
173.90000000E-3	246.06639585E-9	
174.50000000E-3	247.36367013E-9	
175.00000000E-3	251.07579410E-9	
175.60000000E-3	253.17236376E-9	
176.20000000E-3	251.58036630E-9	
177.00000000E-3	236.31223847E-9	
177.60000000E-3	230.73571653E-9	
178.20000000E-3	255.37641914E-9	
178.80000000E-3	260.06776273E-9	
179.40000000E-3	256.55324975E-9	
180.00000000E-3	263.04197250E-9	
180.80000000E-3	278.22447496E-9	
181.40000000E-3	284.47358826E-9	
182.00000000E-3	281.44420969E-9	
182.50000000E-3	272.30453940E-9	
183.10000000E-3	268.59825282E-9	
183.70000000E-3	266.64820335E-9	
184.50000000E-3	262.87408981E-9	
185.10000000E-3	263.53950265E-9	
185.70000000E-3	265.15994374E-9	
186.30000000E-3	268.29729172E-9	
187.10000000E-3	272.86526758E-9	
187.70000000E-3	273.56459863E-9	
188.30000000E-3	272.84341647E-9	
188.90000000E-3	272.93986613E-9	
189.50000000E-3	273.80503817E-9	
190.00000000E-3	270.01149950E-9	
190.60000000E-3	271.08092538E-9	
191.40000000E-3	276.85933142E-9	
192.00000000E-3	282.18786737E-9	
192.60000000E-3	288.14402040E-9	
193.20000000E-3	288.96412536E-9	
193.80000000E-3	285.92113442E-9	
194.40000000E-3	282.42197213E-9	
195.20000000E-3	279.57037403E-9	
195.80000000E-3	282.54485497E-9	
196.30000000E-3	285.16045787E-9	
196.70000000E-3	284.43675207E-9	
197.40000000E-3	283.84722088E-9	
198.00000000E-3	280.13035488E-9	
198.90000000E-3	277.16666044E-9	
199.50000000E-3	278.69067502E-9	
199.90000000E-3	280.18663389E-9	
