-203.40000000E-3	7.17190651E-6	
-203.30000000E-3	7.18260505E-6	
-202.00000000E-3	7.17916365E-6	
-199.70000000E-3	7.18339438E-6	
-200.90000000E-3	7.18405497E-6	
-200.10000000E-3	7.18800678E-6	
-199.60000000E-3	7.19360635E-6	
-199.40000000E-3	7.19451115E-6	
-199.10000000E-3	7.19765998E-6	
-198.80000000E-3	7.21265322E-6	
-198.30000000E-3	7.19578537E-6	
-197.80000000E-3	7.19142743E-6	
-197.20000000E-3	7.19118776E-6	
-196.30000000E-3	7.19608225E-6	
-195.90000000E-3	7.21842194E-6	
-194.80000000E-3	7.19640160E-6	
-193.90000000E-3	7.22068400E-6	
-193.00000000E-3	7.22073069E-6	
-192.10000000E-3	7.22329105E-6	
-191.10000000E-3	7.21724953E-6	
-190.20000000E-3	7.21343501E-6	
-189.20000000E-3	7.21050162E-6	
-188.50000000E-3	7.21336610E-6	
-187.40000000E-3	7.21250542E-6	
-186.20000000E-3	7.21346185E-6	
-185.60000000E-3	7.19726517E-6	
-184.70000000E-3	7.21961370E-6	
-183.50000000E-3	7.19508192E-6	
-182.70000000E-3	7.22632581E-6	
-181.40000000E-3	7.22686880E-6	
-180.40000000E-3	7.20724783E-6	
-180.00000000E-3	7.20558631E-6	
-178.60000000E-3	7.20953134E-6	
-177.60000000E-3	7.21655941E-6	
-176.60000000E-3	7.19990138E-6	
-175.80000000E-3	7.21354351E-6	
-174.70000000E-3	7.20539567E-6	
-173.70000000E-3	7.21242531E-6	
-172.40000000E-3	7.20971817E-6	
-171.70000000E-3	7.20938511E-6	
-170.70000000E-3	7.21119897E-6	
-169.40000000E-3	7.21219649E-6	
-168.70000000E-3	7.20271287E-6	
-167.50000000E-3	7.20284672E-6	
-166.50000000E-3	7.19581978E-6	
-165.70000000E-3	7.18924088E-6	
-164.80000000E-3	7.18561410E-6	
-163.70000000E-3	7.20708421E-6	
-163.00000000E-3	7.18457228E-6	
-161.70000000E-3	7.18390933E-6	
-160.80000000E-3	7.18382217E-6	
-159.20000000E-3	7.18495865E-6	
-158.60000000E-3	7.17223201E-6	
-157.60000000E-3	7.16828071E-6	
-156.30000000E-3	7.15867939E-6	
-155.30000000E-3	7.14650869E-6	
-154.50000000E-3	7.15193210E-6	
-153.40000000E-3	7.16132360E-6	
-152.40000000E-3	7.13572868E-6	
-151.60000000E-3	7.14297745E-6	
-150.80000000E-3	7.12221596E-6	
-149.50000000E-3	7.12629222E-6	
-148.60000000E-3	7.12433284E-6	
-147.40000000E-3	7.12021858E-6	
-146.60000000E-3	7.11781928E-6	
-145.30000000E-3	7.11359096E-6	
-144.70000000E-3	7.10103114E-6	
-143.50000000E-3	7.09401977E-6	
-142.50000000E-3	7.08577743E-6	
-141.60000000E-3	7.07567998E-6	
-140.80000000E-3	7.07453505E-6	
-139.50000000E-3	7.08356344E-6	
-138.40000000E-3	7.06826830E-6	
-137.60000000E-3	7.06165689E-6	
-136.50000000E-3	7.04885174E-6	
-135.40000000E-3	7.04066557E-6	
-134.60000000E-3	7.04879628E-6	
-133.60000000E-3	7.02507597E-6	
-132.40000000E-3	7.01648730E-6	
-131.40000000E-3	7.00999355E-6	
-130.70000000E-3	6.99702514E-6	
-129.70000000E-3	6.99477884E-6	
-128.90000000E-3	6.98715739E-6	
-127.60000000E-3	6.95169676E-6	
-126.50000000E-3	6.95675063E-6	
-126.00000000E-3	6.96399618E-6	
-124.50000000E-3	6.95383055E-6	
-123.30000000E-3	6.93185803E-6	
-122.60000000E-3	6.93649801E-6	
-121.40000000E-3	6.91671155E-6	
-120.50000000E-3	6.89857702E-6	
-119.00000000E-3	6.89255156E-6	
-118.60000000E-3	6.88368873E-6	
-117.40000000E-3	6.87138877E-6	
-116.50000000E-3	6.86846673E-6	
-115.40000000E-3	6.85166293E-6	
-114.30000000E-3	6.84480160E-6	
-113.40000000E-3	6.82940178E-6	
-112.50000000E-3	6.81014135E-6	
-111.50000000E-3	6.79101305E-6	
-110.80000000E-3	6.78310700E-6	
-109.50000000E-3	6.76649437E-6	
-108.30000000E-3	6.77502513E-6	
-107.10000000E-3	6.75555828E-6	
-106.10000000E-3	6.74264898E-6	
-105.50000000E-3	6.72320412E-6	
-104.30000000E-3	6.70461010E-6	
-103.30000000E-3	6.69766524E-6	
-102.60000000E-3	6.67289954E-6	
-101.50000000E-3	6.65505317E-6	
-100.50000000E-3	6.64259687E-6	
-99.80000000E-3	6.62066928E-6	
-98.70000000E-3	6.61452021E-6	
-97.50000000E-3	6.59305544E-6	
-96.70000000E-3	6.57811049E-6	
-95.30000000E-3	6.56649621E-6	
-94.30000000E-3	6.53676228E-6	
-93.60000000E-3	6.52626333E-6	
-92.80000000E-3	6.51105273E-6	
-91.50000000E-3	6.47241649E-6	
-90.20000000E-3	6.48069407E-6	
-89.30000000E-3	6.45123146E-6	
-88.20000000E-3	6.44415318E-6	
-87.30000000E-3	6.41502919E-6	
-86.50000000E-3	6.38798663E-6	
-85.20000000E-3	6.37602601E-6	
-84.20000000E-3	6.34706964E-6	
-83.50000000E-3	6.35828277E-6	
-81.80000000E-3	6.32448153E-6	
-80.90000000E-3	6.30886577E-6	
-80.10000000E-3	6.28423638E-6	
-79.00000000E-3	6.27947090E-6	
-77.90000000E-3	6.26176422E-6	
-77.10000000E-3	6.25072933E-6	
-76.00000000E-3	6.22760241E-6	
-74.90000000E-3	6.21044447E-6	
-73.70000000E-3	6.18815893E-6	
-73.30000000E-3	6.16808762E-6	
-71.90000000E-3	6.14790232E-6	
-71.00000000E-3	6.13887271E-6	
-70.00000000E-3	6.11909219E-6	
-69.00000000E-3	6.08422596E-6	
-67.90000000E-3	6.07808410E-6	
-67.50000000E-3	6.05124329E-6	
-66.20000000E-3	6.04655179E-6	
-65.00000000E-3	6.02210218E-6	
-64.30000000E-3	6.00638066E-6	
-63.00000000E-3	5.95714567E-6	
-62.10000000E-3	5.94637908E-6	
-60.80000000E-3	5.93570681E-6	
-59.70000000E-3	5.92544050E-6	
-59.10000000E-3	5.88497839E-6	
-58.40000000E-3	5.86806417E-6	
-57.20000000E-3	5.85257274E-6	
-56.00000000E-3	5.83517458E-6	
-55.50000000E-3	5.79333296E-6	
-54.60000000E-3	5.77537924E-6	
-52.50000000E-3	5.75878815E-6	
-52.50000000E-3	5.74189697E-6	
-51.30000000E-3	5.72936657E-6	
-50.60000000E-3	5.70480457E-6	
-48.60000000E-3	5.67345839E-6	
-47.70000000E-3	5.65603512E-6	
-46.80000000E-3	5.64953144E-6	
-45.90000000E-3	5.63168243E-6	
-45.70000000E-3	5.60999543E-6	
-44.60000000E-3	5.57059222E-6	
-43.40000000E-3	5.55324560E-6	
-42.40000000E-3	5.54617004E-6	
-40.90000000E-3	5.51197940E-6	
-39.50000000E-3	5.49483534E-6	
-38.60000000E-3	5.47365143E-6	
-37.80000000E-3	5.45743516E-6	
-37.00000000E-3	5.44824261E-6	
-35.70000000E-3	5.41546344E-6	
-34.80000000E-3	5.40858333E-6	
-34.00000000E-3	5.38563417E-6	
-33.60000000E-3	5.36573559E-6	
-31.80000000E-3	5.34771177E-6	
-30.80000000E-3	5.33102207E-6	
-30.40000000E-3	5.31055359E-6	
-29.00000000E-3	5.31139976E-6	
-27.70000000E-3	5.28318689E-6	
-26.80000000E-3	5.28242405E-6	
-25.90000000E-3	5.26492058E-6	
-25.40000000E-3	5.24066319E-6	
-23.80000000E-3	5.23065308E-6	
-22.70000000E-3	5.21715814E-6	
-21.60000000E-3	5.19621003E-6	
-21.00000000E-3	5.19259674E-6	
-19.90000000E-3	5.18073325E-6	
-19.00000000E-3	5.15371530E-6	
-17.80000000E-3	5.14180794E-6	
-17.00000000E-3	5.13439264E-6	
-15.80000000E-3	5.13619207E-6	
-14.70000000E-3	5.12056199E-6	
-14.00000000E-3	5.11290188E-6	
-12.90000000E-3	5.10525288E-6	
-12.60000000E-3	5.09753792E-6	
-11.40000000E-3	5.06916836E-6	
-10.20000000E-3	5.06476592E-6	
-8.70000000E-3	5.06284500E-6	
-8.60000000E-3	5.03723987E-6	
-7.20000000E-3	5.04929315E-6	
-6.50000000E-3	5.21001766E-6	
-4.70000000E-3	5.01539374E-6	
-3.50000000E-3	5.01031213E-6	
-2.80000000E-3	5.00994322E-6	
-2.20000000E-3	4.99499312E-6	
-600.00000000E-6	4.99444169E-6	
400.00000000E-6	5.00085953E-6	
1.30000000E-3	5.00512641E-6	
2.40000000E-3	4.99126681E-6	
3.30000000E-3	4.99370088E-6	
4.60000000E-3	4.99299201E-6	
5.80000000E-3	4.99173108E-6	
6.60000000E-3	4.99773993E-6	
7.30000000E-3	5.00432813E-6	
8.40000000E-3	4.99300462E-6	
9.60000000E-3	4.99663020E-6	
10.60000000E-3	4.99750346E-6	
11.40000000E-3	4.98593021E-6	
12.60000000E-3	4.97399530E-6	
12.70000000E-3	4.99319645E-6	
13.70000000E-3	5.00758828E-6	
14.50000000E-3	5.00977549E-6	
16.50000000E-3	5.00666094E-6	
16.90000000E-3	5.01120914E-6	
18.10000000E-3	5.02257752E-6	
18.70000000E-3	5.02877973E-6	
20.30000000E-3	5.03756377E-6	
21.30000000E-3	5.03223647E-6	
22.60000000E-3	5.04725478E-6	
23.50000000E-3	5.05877538E-6	
24.50000000E-3	5.05956393E-6	
25.30000000E-3	5.07251533E-6	
26.30000000E-3	5.06579016E-6	
27.00000000E-3	5.08656413E-6	
28.60000000E-3	5.08461430E-6	
29.50000000E-3	5.11219789E-6	
30.60000000E-3	5.11561332E-6	
31.20000000E-3	5.12070626E-6	
32.00000000E-3	5.14100398E-6	
33.60000000E-3	5.15004167E-6	
34.40000000E-3	5.16207156E-6	
35.00000000E-3	5.16816431E-6	
36.50000000E-3	5.18495645E-6	
37.30000000E-3	5.21677007E-6	
38.30000000E-3	5.20658080E-6	
39.30000000E-3	5.22216065E-6	
40.60000000E-3	5.24272225E-6	
41.20000000E-3	5.25866207E-6	
42.80000000E-3	5.26614867E-6	
43.30000000E-3	5.28809072E-6	
44.60000000E-3	5.30382864E-6	
45.70000000E-3	5.31277450E-6	
47.10000000E-3	5.33055615E-6	
47.20000000E-3	5.35246146E-6	
48.50000000E-3	5.35563285E-6	
49.40000000E-3	5.37328888E-6	
49.70000000E-3	5.40576670E-6	
52.20000000E-3	5.43872941E-6	
52.60000000E-3	5.43218968E-6	
53.50000000E-3	5.44742519E-6	
53.70000000E-3	5.47293499E-6	
55.00000000E-3	5.50333440E-6	
55.90000000E-3	5.52219545E-6	
56.90000000E-3	5.52817348E-6	
58.70000000E-3	5.56555364E-6	
59.60000000E-3	5.57451526E-6	
60.50000000E-3	5.59713515E-6	
61.90000000E-3	5.62391748E-6	
61.80000000E-3	5.63377015E-6	
64.00000000E-3	5.66410347E-6	
64.40000000E-3	5.69275128E-6	
65.70000000E-3	5.70971826E-6	
66.50000000E-3	5.72051294E-6	
67.40000000E-3	5.74555137E-6	
67.90000000E-3	5.77023217E-6	
69.10000000E-3	5.79247600E-6	
70.70000000E-3	5.80577425E-6	
71.80000000E-3	5.84373245E-6	
72.50000000E-3	5.85900950E-6	
73.70000000E-3	5.87164955E-6	
74.70000000E-3	5.89798059E-6	
75.90000000E-3	5.91174504E-6	
77.10000000E-3	5.93343816E-6	
78.00000000E-3	5.94052791E-6	
79.10000000E-3	5.96380213E-6	
79.70000000E-3	5.99452808E-6	
80.40000000E-3	6.02893018E-6	
81.70000000E-3	6.01026789E-6	
83.00000000E-3	6.05664347E-6	
83.70000000E-3	6.07532843E-6	
84.90000000E-3	6.09075526E-6	
86.20000000E-3	6.10725598E-6	
86.80000000E-3	6.13355947E-6	
87.80000000E-3	6.15700285E-6	
89.30000000E-3	6.17502345E-6	
89.50000000E-3	6.18515656E-6	
90.50000000E-3	6.20834844E-6	
91.80000000E-3	6.22286626E-6	
93.00000000E-3	6.24093715E-6	
93.60000000E-3	6.25454303E-6	
95.00000000E-3	6.28371141E-6	
95.80000000E-3	6.30108220E-6	
96.90000000E-3	6.31168300E-6	
97.90000000E-3	6.34727731E-6	
98.70000000E-3	6.36281887E-6	
99.50000000E-3	6.37187268E-6	
100.70000000E-3	6.39626856E-6	
101.70000000E-3	6.41510260E-6	
102.60000000E-3	6.44040905E-6	
103.90000000E-3	6.45203030E-6	
104.40000000E-3	6.47003339E-6	
105.30000000E-3	6.48489118E-6	
106.70000000E-3	6.49850058E-6	
107.30000000E-3	6.53470824E-6	
108.80000000E-3	6.54288160E-6	
109.80000000E-3	6.57365212E-6	
110.60000000E-3	6.59312343E-6	
111.30000000E-3	6.60650130E-6	
112.80000000E-3	6.61185193E-6	
113.50000000E-3	6.64185866E-6	
114.20000000E-3	6.65193667E-6	
116.00000000E-3	6.66751149E-6	
116.40000000E-3	6.69590533E-6	
117.30000000E-3	6.69534904E-6	
118.60000000E-3	6.72574687E-6	
119.90000000E-3	6.74536238E-6	
120.60000000E-3	6.76500779E-6	
121.10000000E-3	6.76554052E-6	
122.80000000E-3	6.79222117E-6	
123.60000000E-3	6.80159406E-6	
124.60000000E-3	6.83691032E-6	
125.80000000E-3	6.83559294E-6	
126.40000000E-3	6.85095851E-6	
127.40000000E-3	6.86732229E-6	
128.50000000E-3	6.88841976E-6	
130.40000000E-3	6.88724196E-6	
130.60000000E-3	6.91314522E-6	
132.00000000E-3	6.92584141E-6	
132.70000000E-3	6.96727149E-6	
133.50000000E-3	6.95218762E-6	
134.80000000E-3	6.96202487E-6	
135.20000000E-3	6.96876274E-6	
136.60000000E-3	6.99542167E-6	
137.90000000E-3	6.99805309E-6	
139.20000000E-3	7.01447370E-6	
139.60000000E-3	7.02096083E-6	
140.80000000E-3	7.05070708E-6	
141.70000000E-3	7.06877353E-6	
142.60000000E-3	7.07034682E-6	
143.90000000E-3	7.07833836E-6	
144.50000000E-3	7.08898811E-6	
145.60000000E-3	7.09980930E-6	
146.70000000E-3	7.11057455E-6	
147.60000000E-3	7.12010239E-6	
148.40000000E-3	7.10845599E-6	
149.40000000E-3	7.12137726E-6	
150.60000000E-3	7.12884207E-6	
151.40000000E-3	7.15136534E-6	
152.80000000E-3	7.16051394E-6	
153.90000000E-3	7.17351906E-6	
154.90000000E-3	7.17706621E-6	
156.00000000E-3	7.19012556E-6	
156.90000000E-3	7.21087733E-6	
157.70000000E-3	7.20811251E-6	
158.40000000E-3	7.21501078E-6	
159.80000000E-3	7.21544307E-6	
160.50000000E-3	7.23186578E-6	
161.90000000E-3	7.23270025E-6	
162.60000000E-3	7.25220347E-6	
163.30000000E-3	7.24844218E-6	
164.80000000E-3	7.25542267E-6	
165.50000000E-3	7.27911351E-6	
166.70000000E-3	7.29034201E-6	
167.80000000E-3	7.29451605E-6	
169.10000000E-3	7.29554861E-6	
169.80000000E-3	7.29629008E-6	
171.30000000E-3	7.30958018E-6	
172.20000000E-3	7.30940501E-6	
172.90000000E-3	7.31386151E-6	
174.40000000E-3	7.32807060E-6	
175.20000000E-3	7.32195498E-6	
176.20000000E-3	7.34949676E-6	
177.10000000E-3	7.34610642E-6	
178.20000000E-3	7.34056013E-6	
179.30000000E-3	7.36791788E-6	
180.00000000E-3	7.36655410E-6	
181.10000000E-3	7.37652870E-6	
181.80000000E-3	7.36989389E-6	
183.00000000E-3	7.38080534E-6	
183.60000000E-3	7.37964111E-6	
184.70000000E-3	7.39410137E-6	
186.00000000E-3	7.40879818E-6	
186.70000000E-3	7.39963092E-6	
188.10000000E-3	7.41843194E-6	
189.10000000E-3	7.41715391E-6	
190.20000000E-3	7.41955401E-6	
191.30000000E-3	7.43541799E-6	
192.30000000E-3	7.42823332E-6	
193.20000000E-3	7.43329227E-6	
194.10000000E-3	7.44268078E-6	
195.20000000E-3	7.43426308E-6	
196.10000000E-3	7.43722869E-6	
197.50000000E-3	7.45634451E-6	
197.90000000E-3	7.44533317E-6	
199.40000000E-3	7.45376514E-6	
199.80000000E-3	7.46159524E-6	
199.90000000E-3	7.45661677E-6	
