-200.90000000E-3	5.69291504E-6	
-200.40000000E-3	5.69597048E-6	
-199.90000000E-3	5.68570232E-6	
-199.40000000E-3	5.68387924E-6	
-198.60000000E-3	5.68019420E-6	
-197.90000000E-3	5.68968480E-6	
-197.30000000E-3	5.69493918E-6	
-196.40000000E-3	5.70884782E-6	
-195.60000000E-3	5.72066401E-6	
-194.70000000E-3	5.72620258E-6	
-193.80000000E-3	5.75127392E-6	
-193.00000000E-3	5.77534658E-6	
-191.80000000E-3	5.76971874E-6	
-191.30000000E-3	5.77546698E-6	
-189.90000000E-3	5.79921064E-6	
-189.30000000E-3	5.83319420E-6	
-188.00000000E-3	5.85228158E-6	
-187.40000000E-3	5.85448790E-6	
-186.40000000E-3	5.89000942E-6	
-185.70000000E-3	5.91853689E-6	
-184.80000000E-3	5.93822324E-6	
-183.70000000E-3	5.98558342E-6	
-182.80000000E-3	6.00343464E-6	
-181.10000000E-3	6.02809143E-6	
-180.60000000E-3	6.06438272E-6	
-179.20000000E-3	6.07862570E-6	
-178.50000000E-3	6.10127071E-6	
-177.70000000E-3	6.13351535E-6	
-176.30000000E-3	6.16443892E-6	
-175.40000000E-3	6.19397337E-6	
-174.40000000E-3	6.21650921E-6	
-173.40000000E-3	6.25776531E-6	
-172.60000000E-3	6.25795115E-6	
-171.40000000E-3	6.30692641E-6	
-170.50000000E-3	6.31470010E-6	
-169.30000000E-3	6.36116073E-6	
-168.70000000E-3	6.38733110E-6	
-167.40000000E-3	6.40308159E-6	
-166.50000000E-3	6.43167979E-6	
-165.60000000E-3	6.48173516E-6	
-164.50000000E-3	6.51898653E-6	
-163.60000000E-3	6.53602091E-6	
-162.60000000E-3	6.56278961E-6	
-161.50000000E-3	6.59725572E-6	
-160.20000000E-3	6.63124725E-6	
-159.60000000E-3	6.66713057E-6	
-158.20000000E-3	6.70303265E-6	
-157.60000000E-3	6.71998763E-6	
-156.60000000E-3	6.74663513E-6	
-155.60000000E-3	6.78345044E-6	
-154.40000000E-3	6.83042371E-6	
-153.50000000E-3	6.86189568E-6	
-152.70000000E-3	6.89803112E-6	
-151.60000000E-3	6.93147292E-6	
-150.50000000E-3	6.96952463E-6	
-149.70000000E-3	6.99810958E-6	
-148.60000000E-3	7.04119681E-6	
-147.40000000E-3	7.07158379E-6	
-146.50000000E-3	7.07331748E-6	
-145.50000000E-3	7.12194093E-6	
-144.60000000E-3	7.15853152E-6	
-143.80000000E-3	7.20751761E-6	
-142.60000000E-3	7.24779103E-6	
-141.60000000E-3	7.26344271E-6	
-140.70000000E-3	7.31016623E-6	
-139.40000000E-3	7.33444080E-6	
-138.50000000E-3	7.38087856E-6	
-137.80000000E-3	7.42435457E-6	
-136.70000000E-3	7.46830077E-6	
-135.50000000E-3	7.49910451E-6	
-134.70000000E-3	7.53092683E-6	
-133.50000000E-3	7.56465587E-6	
-132.60000000E-3	7.61189451E-6	
-131.90000000E-3	7.65358113E-6	
-130.60000000E-3	7.70279988E-6	
-129.60000000E-3	7.73929480E-6	
-128.70000000E-3	7.76252127E-6	
-127.60000000E-3	7.80279101E-6	
-126.70000000E-3	7.85871014E-6	
-125.90000000E-3	7.92026487E-6	
-124.70000000E-3	7.94081531E-6	
-123.60000000E-3	7.97650614E-6	
-122.50000000E-3	8.01222682E-6	
-121.60000000E-3	8.06033241E-6	
-120.50000000E-3	8.11628688E-6	
-119.90000000E-3	8.17281044E-6	
-118.60000000E-3	8.20159563E-6	
-117.60000000E-3	8.25869358E-6	
-116.60000000E-3	8.30225799E-6	
-115.50000000E-3	8.34390936E-6	
-114.40000000E-3	8.38793409E-6	
-113.80000000E-3	8.43575033E-6	
-112.90000000E-3	8.48149613E-6	
-111.50000000E-3	8.53653895E-6	
-110.80000000E-3	8.60009225E-6	
-109.60000000E-3	8.65066489E-6	
-108.60000000E-3	8.70895169E-6	
-107.80000000E-3	8.76238942E-6	
-106.70000000E-3	8.81870028E-6	
-105.70000000E-3	8.88266461E-6	
-104.70000000E-3	8.94510441E-6	
-103.80000000E-3	9.00863405E-6	
-102.60000000E-3	9.05207591E-6	
-101.50000000E-3	9.08892332E-6	
-100.40000000E-3	9.15544412E-6	
-99.40000000E-3	9.20474914E-6	
-98.40000000E-3	9.25674620E-6	
-97.50000000E-3	9.31427442E-6	
-96.40000000E-3	9.37878474E-6	
-95.40000000E-3	9.42826671E-6	
-94.60000000E-3	9.49343425E-6	
-93.50000000E-3	9.54850543E-6	
-92.60000000E-3	9.61112476E-6	
-91.60000000E-3	9.68184675E-6	
-90.20000000E-3	9.73990586E-6	
-89.40000000E-3	9.79552573E-6	
-88.60000000E-3	9.85543406E-6	
-87.40000000E-3	9.91794198E-6	
-86.60000000E-3	9.98101653E-6	
-85.60000000E-3	10.04563274E-6	
-84.50000000E-3	10.12351095E-6	
-83.60000000E-3	10.19282501E-6	
-82.30000000E-3	10.25165243E-6	
-81.60000000E-3	10.33214258E-6	
-80.70000000E-3	10.35897844E-6	
-79.50000000E-3	10.42248730E-6	
-78.60000000E-3	10.49446632E-6	
-77.30000000E-3	10.54942351E-6	
-76.30000000E-3	10.60067479E-6	
-75.40000000E-3	10.66645259E-6	
-74.50000000E-3	10.70051212E-6	
-73.40000000E-3	10.74465049E-6	
-72.40000000E-3	10.78847582E-6	
-71.50000000E-3	10.82363508E-6	
-70.20000000E-3	10.85711803E-6	
-69.60000000E-3	10.87576451E-6	
-68.70000000E-3	10.89492492E-6	
-67.50000000E-3	10.88868038E-6	
-66.40000000E-3	10.92067846E-6	
-65.20000000E-3	10.91670430E-6	
-64.40000000E-3	10.92036748E-6	
-63.40000000E-3	10.91354724E-6	
-62.50000000E-3	10.90123040E-6	
-61.70000000E-3	10.87136373E-6	
-60.60000000E-3	10.82604481E-6	
-59.40000000E-3	10.80152050E-6	
-58.40000000E-3	10.75830073E-6	
-57.40000000E-3	10.67471946E-6	
-56.50000000E-3	10.61867591E-6	
-55.40000000E-3	10.51761852E-6	
-54.70000000E-3	10.40544623E-6	
-53.50000000E-3	10.29009171E-6	
-52.60000000E-3	10.15045254E-6	
-51.60000000E-3	10.00659786E-6	
-50.50000000E-3	9.84061871E-6	
-49.70000000E-3	9.66517802E-6	
-48.70000000E-3	9.45517993E-6	
-47.50000000E-3	9.24494492E-6	
-46.80000000E-3	9.00893497E-6	
-45.40000000E-3	8.76693555E-6	
-44.40000000E-3	8.48701828E-6	
-43.40000000E-3	8.20602805E-6	
-42.40000000E-3	7.91981189E-6	
-41.40000000E-3	7.60089063E-6	
-40.30000000E-3	7.26284911E-6	
-39.40000000E-3	6.91642046E-6	
-38.30000000E-3	6.55237348E-6	
-37.30000000E-3	6.18433626E-6	
-36.10000000E-3	5.77460685E-6	
-35.60000000E-3	5.36482273E-6	
-34.40000000E-3	4.91425623E-6	
-33.40000000E-3	4.47111096E-6	
-32.50000000E-3	4.01652762E-6	
-31.20000000E-3	3.54212104E-6	
-30.20000000E-3	3.04832321E-6	
-29.30000000E-3	2.58850716E-6	
-28.10000000E-3	2.09646563E-6	
-27.40000000E-3	1.60151817E-6	
-26.40000000E-3	1.07331522E-6	
-25.30000000E-3	559.01163185E-9	
-24.10000000E-3	28.11724329E-9	
-23.10000000E-3	-482.87793026E-9	
-22.30000000E-3	-987.70301290E-9	
-21.00000000E-3	-1.54340085E-6	
-20.20000000E-3	-2.04847918E-6	
-19.20000000E-3	-2.55468520E-6	
-18.10000000E-3	-3.08283644E-6	
-17.30000000E-3	-3.58054011E-6	
-16.10000000E-3	-4.12489155E-6	
-15.50000000E-3	-4.65856626E-6	
-14.40000000E-3	-5.16409736E-6	
-13.20000000E-3	-5.64174915E-6	
-12.40000000E-3	-6.11220877E-6	
-11.10000000E-3	-6.55072896E-6	
-10.00000000E-3	-6.98725336E-6	
-9.10000000E-3	-7.41133906E-6	
-7.80000000E-3	-7.79998628E-6	
-7.10000000E-3	-8.17645617E-6	
-6.20000000E-3	-8.54666382E-6	
-5.10000000E-3	-8.90289870E-6	
-3.90000000E-3	-9.23199356E-6	
-3.30000000E-3	-9.53075247E-6	
-1.60000000E-3	-9.83614611E-6	
-900.00000000E-6	-10.10198298E-6	
-400.00000000E-6	-10.36584719E-6	
1.00000000E-3	-10.60679282E-6	
2.00000000E-3	-10.80615868E-6	
3.00000000E-3	-11.00158705E-6	
4.00000000E-3	-11.15221777E-6	
4.90000000E-3	-11.26297226E-6	
6.00000000E-3	-11.39011464E-6	
7.00000000E-3	-11.49946106E-6	
7.90000000E-3	-11.58454376E-6	
8.90000000E-3	-11.66093295E-6	
10.10000000E-3	-11.68591207E-6	
11.30000000E-3	-11.69542514E-6	
12.20000000E-3	-11.69564577E-6	
13.10000000E-3	-11.65760741E-6	
14.20000000E-3	-11.59437583E-6	
15.00000000E-3	-11.53612364E-6	
15.90000000E-3	-11.42462689E-6	
17.00000000E-3	-11.32015141E-6	
17.80000000E-3	-11.20216702E-6	
19.10000000E-3	-11.06528607E-6	
20.30000000E-3	-10.90854645E-6	
20.60000000E-3	-10.76663287E-6	
22.50000000E-3	-10.55689132E-6	
23.20000000E-3	-10.36748564E-6	
24.20000000E-3	-10.12366536E-6	
24.60000000E-3	-9.88049901E-6	
26.20000000E-3	-9.62608412E-6	
27.10000000E-3	-9.34372070E-6	
28.10000000E-3	-9.04837125E-6	
29.10000000E-3	-8.73941696E-6	
29.70000000E-3	-8.40240015E-6	
31.00000000E-3	-8.06316960E-6	
32.70000000E-3	-7.70662459E-6	
33.50000000E-3	-7.33655450E-6	
34.40000000E-3	-6.96722567E-6	
35.50000000E-3	-6.59481342E-6	
36.30000000E-3	-6.22624335E-6	
37.30000000E-3	-5.81450424E-6	
38.50000000E-3	-5.40639762E-6	
39.10000000E-3	-4.96667921E-6	
40.50000000E-3	-4.53571000E-6	
41.10000000E-3	-4.09403045E-6	
41.80000000E-3	-3.65270919E-6	
43.50000000E-3	-3.15745064E-6	
44.00000000E-3	-2.67241907E-6	
45.50000000E-3	-2.20486386E-6	
46.40000000E-3	-1.73634105E-6	
47.40000000E-3	-1.30375582E-6	
48.30000000E-3	-832.66921902E-9	
49.40000000E-3	-385.69110916E-9	
50.60000000E-3	44.56241732E-9	
51.90000000E-3	483.49996773E-9	
52.20000000E-3	919.97457540E-9	
53.50000000E-3	1.35907397E-6	
54.20000000E-3	1.80019824E-6	
55.60000000E-3	2.21264628E-6	
56.30000000E-3	2.62096100E-6	
57.50000000E-3	3.05196711E-6	
58.30000000E-3	3.47329890E-6	
59.30000000E-3	3.85602864E-6	
60.40000000E-3	4.25594492E-6	
61.30000000E-3	4.67058118E-6	
62.30000000E-3	5.07333569E-6	
63.20000000E-3	5.43684919E-6	
64.50000000E-3	5.78819052E-6	
65.10000000E-3	6.14987666E-6	
66.70000000E-3	6.48809573E-6	
67.20000000E-3	6.77722941E-6	
68.40000000E-3	7.05301123E-6	
69.40000000E-3	7.32504485E-6	
70.30000000E-3	7.61533951E-6	
70.80000000E-3	7.89582000E-6	
72.10000000E-3	8.13394822E-6	
73.20000000E-3	8.34525768E-6	
74.10000000E-3	8.57176281E-6	
75.20000000E-3	8.77621550E-6	
76.20000000E-3	8.93534709E-6	
77.50000000E-3	9.09878429E-6	
78.40000000E-3	9.26200387E-6	
79.20000000E-3	9.39620802E-6	
80.50000000E-3	9.51012570E-6	
81.50000000E-3	9.63306778E-6	
82.90000000E-3	9.74255208E-6	
83.60000000E-3	9.81953223E-6	
84.90000000E-3	9.88618283E-6	
85.70000000E-3	9.96150766E-6	
86.60000000E-3	10.02220657E-6	
87.70000000E-3	10.07174384E-6	
88.90000000E-3	10.11585358E-6	
89.70000000E-3	10.12711113E-6	
90.30000000E-3	10.15056792E-6	
91.50000000E-3	10.16643638E-6	
92.80000000E-3	10.16132023E-6	
94.10000000E-3	10.16171050E-6	
94.40000000E-3	10.15991490E-6	
95.50000000E-3	10.15252610E-6	
96.70000000E-3	10.12016217E-6	
97.70000000E-3	10.10448558E-6	
98.80000000E-3	10.06257076E-6	
99.40000000E-3	10.02827053E-6	
100.70000000E-3	9.97309721E-6	
101.80000000E-3	9.93683005E-6	
102.80000000E-3	9.89522117E-6	
103.60000000E-3	9.85578080E-6	
104.60000000E-3	9.78331987E-6	
105.60000000E-3	9.72256999E-6	
106.80000000E-3	9.67758640E-6	
107.40000000E-3	9.63047263E-6	
108.50000000E-3	9.55930130E-6	
109.60000000E-3	9.47815888E-6	
110.60000000E-3	9.42129654E-6	
111.70000000E-3	9.34700896E-6	
112.70000000E-3	9.28477610E-6	
113.40000000E-3	9.22424282E-6	
114.70000000E-3	9.15974562E-6	
115.90000000E-3	9.09911961E-6	
116.70000000E-3	9.05116271E-6	
117.70000000E-3	8.98499887E-6	
118.60000000E-3	8.92503878E-6	
119.80000000E-3	8.85630834E-6	
120.50000000E-3	8.78461627E-6	
121.50000000E-3	8.72028009E-6	
122.80000000E-3	8.67749919E-6	
123.50000000E-3	8.60841367E-6	
124.80000000E-3	8.54208217E-6	
125.90000000E-3	8.48245540E-6	
126.70000000E-3	8.43545875E-6	
127.60000000E-3	8.37552994E-6	
128.70000000E-3	8.32243684E-6	
129.60000000E-3	8.26261587E-6	
130.60000000E-3	8.19437082E-6	
131.90000000E-3	8.15412202E-6	
132.40000000E-3	8.08244701E-6	
133.60000000E-3	8.04254331E-6	
134.60000000E-3	7.98357255E-6	
135.80000000E-3	7.91656784E-6	
136.70000000E-3	7.87245619E-6	
137.40000000E-3	7.81872544E-6	
138.60000000E-3	7.75895587E-6	
139.70000000E-3	7.71152423E-6	
140.50000000E-3	7.66135680E-6	
141.60000000E-3	7.61679884E-6	
142.80000000E-3	7.57775874E-6	
143.70000000E-3	7.51365179E-6	
144.40000000E-3	7.46493940E-6	
145.50000000E-3	7.40863750E-6	
146.80000000E-3	7.35038273E-6	
148.00000000E-3	7.30938248E-6	
148.80000000E-3	7.27394467E-6	
149.60000000E-3	7.20811829E-6	
150.70000000E-3	7.15540512E-6	
152.00000000E-3	7.11076890E-6	
152.80000000E-3	7.07025967E-6	
154.10000000E-3	7.04815094E-6	
154.90000000E-3	6.99566963E-6	
155.80000000E-3	6.93368692E-6	
156.90000000E-3	6.90619758E-6	
157.90000000E-3	6.85437384E-6	
158.70000000E-3	6.81503673E-6	
160.00000000E-3	6.77566654E-6	
160.70000000E-3	6.74919765E-6	
161.70000000E-3	6.69097228E-6	
162.70000000E-3	6.62987159E-6	
163.90000000E-3	6.60848946E-6	
164.50000000E-3	6.58164624E-6	
165.70000000E-3	6.53136654E-6	
166.80000000E-3	6.47751084E-6	
167.90000000E-3	6.45615290E-6	
168.80000000E-3	6.42007303E-6	
169.70000000E-3	6.39752558E-6	
170.90000000E-3	6.34111089E-6	
171.70000000E-3	6.30894050E-6	
172.70000000E-3	6.27206845E-6	
173.90000000E-3	6.23439981E-6	
174.80000000E-3	6.21952214E-6	
175.70000000E-3	6.19151141E-6	
176.90000000E-3	6.14561370E-6	
177.50000000E-3	6.12218568E-6	
178.80000000E-3	6.09442008E-6	
180.00000000E-3	6.07736001E-6	
180.80000000E-3	6.02722209E-6	
181.70000000E-3	6.01260429E-6	
182.80000000E-3	5.99048823E-6	
183.60000000E-3	5.97214030E-6	
185.00000000E-3	5.95466308E-6	
185.70000000E-3	5.91692346E-6	
186.70000000E-3	5.90163679E-6	
187.60000000E-3	5.87818583E-6	
188.90000000E-3	5.86417094E-6	
189.80000000E-3	5.85168636E-6	
190.70000000E-3	5.81081166E-6	
191.40000000E-3	5.78493362E-6	
192.70000000E-3	5.77847122E-6	
193.70000000E-3	5.75053021E-6	
195.00000000E-3	5.72785408E-6	
195.70000000E-3	5.71928478E-6	
197.10000000E-3	5.69583824E-6	
198.00000000E-3	5.67717019E-6	
199.20000000E-3	5.67058071E-6	
199.70000000E-3	5.64580910E-6	
200.10000000E-3	5.61672090E-6	
