-200.00000000E-3	4.00465523E-6	
-200.00000000E-3	3.99251727E-6	
-199.60000000E-3	3.98751854E-6	
-198.90000000E-3	3.98266896E-6	
-197.90000000E-3	4.02142697E-6	
-197.00000000E-3	4.00820011E-6	
-196.20000000E-3	3.99225698E-6	
-195.20000000E-3	3.98689083E-6	
-194.50000000E-3	3.99976164E-6	
-193.70000000E-3	3.99933644E-6	
-192.70000000E-3	4.00445196E-6	
-191.70000000E-3	3.99032179E-6	
-190.80000000E-3	3.99254956E-6	
-189.70000000E-3	3.99766628E-6	
-189.00000000E-3	4.03577775E-6	
-188.00000000E-3	4.06296059E-6	
-187.10000000E-3	4.08166333E-6	
-186.20000000E-3	4.11303102E-6	
-185.30000000E-3	4.12375745E-6	
-184.30000000E-3	4.14497540E-6	
-183.10000000E-3	4.24428627E-6	
-182.30000000E-3	4.27173782E-6	
-181.10000000E-3	4.30668281E-6	
-180.30000000E-3	4.33641222E-6	
-179.80000000E-3	4.36995890E-6	
-178.40000000E-3	4.41068922E-6	
-177.50000000E-3	4.44482635E-6	
-176.50000000E-3	4.47205734E-6	
-175.50000000E-3	4.45874439E-6	
-174.70000000E-3	4.51452734E-6	
-173.50000000E-3	4.55641595E-6	
-172.70000000E-3	4.66341545E-6	
-171.60000000E-3	4.67998305E-6	
-170.80000000E-3	4.70936385E-6	
-169.50000000E-3	4.72488367E-6	
-168.80000000E-3	4.81319946E-6	
-168.00000000E-3	4.90164566E-6	
-166.70000000E-3	4.94147843E-6	
-165.80000000E-3	4.95532118E-6	
-164.80000000E-3	5.01560485E-6	
-163.70000000E-3	5.11081176E-6	
-162.80000000E-3	5.15429516E-6	
-161.80000000E-3	5.18082272E-6	
-160.80000000E-3	5.21109519E-6	
-159.70000000E-3	5.22864621E-6	
-158.90000000E-3	5.23560606E-6	
-157.70000000E-3	5.21373883E-6	
-156.90000000E-3	5.22198954E-6	
-155.70000000E-3	5.29196469E-6	
-154.60000000E-3	5.37261490E-6	
-153.80000000E-3	5.42686893E-6	
-153.00000000E-3	5.52507937E-6	
-151.90000000E-3	5.61050926E-6	
-150.80000000E-3	5.71051381E-6	
-149.90000000E-3	5.76683257E-6	
-148.80000000E-3	5.77853083E-6	
-148.00000000E-3	5.84132328E-6	
-147.10000000E-3	5.88514818E-6	
-145.80000000E-3	5.76475166E-6	
-144.80000000E-3	5.95709979E-6	
-143.90000000E-3	6.10642561E-6	
-142.80000000E-3	6.16480212E-6	
-141.90000000E-3	6.19620776E-6	
-141.00000000E-3	6.24887449E-6	
-140.00000000E-3	6.26278887E-6	
-138.60000000E-3	6.29587628E-6	
-137.90000000E-3	6.33316766E-6	
-136.60000000E-3	6.40451561E-6	
-135.80000000E-3	6.47344754E-6	
-135.10000000E-3	6.53662544E-6	
-133.90000000E-3	6.57099999E-6	
-132.80000000E-3	6.66092919E-6	
-131.90000000E-3	6.75994019E-6	
-130.70000000E-3	6.77690954E-6	
-129.90000000E-3	6.80685014E-6	
-129.00000000E-3	6.86412054E-6	
-128.10000000E-3	6.91897732E-6	
-126.90000000E-3	7.01875253E-6	
-126.00000000E-3	7.09713594E-6	
-124.70000000E-3	7.15635858E-6	
-123.90000000E-3	7.19490003E-6	
-123.20000000E-3	7.29544003E-6	
-121.90000000E-3	7.38264051E-6	
-121.10000000E-3	7.44843239E-6	
-120.00000000E-3	7.47837499E-6	
-118.90000000E-3	7.59810085E-6	
-118.00000000E-3	7.67623179E-6	
-117.00000000E-3	7.67402558E-6	
-116.20000000E-3	7.72636158E-6	
-115.20000000E-3	7.74625761E-6	
-114.00000000E-3	7.81186153E-6	
-113.10000000E-3	7.82917027E-6	
-111.90000000E-3	7.78338009E-6	
-111.00000000E-3	7.79194485E-6	
-109.80000000E-3	7.89156308E-6	
-109.00000000E-3	8.04222308E-6	
-108.00000000E-3	8.09831939E-6	
-107.00000000E-3	8.19948539E-6	
-106.00000000E-3	8.28935093E-6	
-105.20000000E-3	8.29868177E-6	
-104.20000000E-3	8.39167244E-6	
-103.00000000E-3	8.49595988E-6	
-101.70000000E-3	8.51323829E-6	
-101.00000000E-3	8.58427920E-6	
-99.80000000E-3	8.75652395E-6	
-98.90000000E-3	8.86865318E-6	
-98.00000000E-3	9.08955047E-6	
-96.80000000E-3	9.15399475E-6	
-96.00000000E-3	9.23083184E-6	
-95.00000000E-3	9.32807966E-6	
-93.80000000E-3	9.31860296E-6	
-92.90000000E-3	9.32743066E-6	
-91.90000000E-3	9.31153820E-6	
-90.80000000E-3	9.34433363E-6	
-90.10000000E-3	9.52123879E-6	
-88.80000000E-3	9.71876780E-6	
-87.90000000E-3	9.81589138E-6	
-86.90000000E-3	9.93583093E-6	
-85.70000000E-3	10.01711760E-6	
-85.00000000E-3	10.07993598E-6	
-83.60000000E-3	10.19091921E-6	
-82.50000000E-3	10.23761451E-6	
-81.70000000E-3	10.31683088E-6	
-80.70000000E-3	10.50509283E-6	
-79.70000000E-3	10.69105358E-6	
-78.70000000E-3	10.91107049E-6	
-77.60000000E-3	11.11266502E-6	
-76.70000000E-3	11.32400724E-6	
-75.50000000E-3	11.64024703E-6	
-74.80000000E-3	11.99473468E-6	
-73.50000000E-3	12.24463269E-6	
-72.60000000E-3	12.38448942E-6	
-71.60000000E-3	12.54670577E-6	
-70.70000000E-3	12.68019258E-6	
-69.40000000E-3	12.91639708E-6	
-68.50000000E-3	13.07952418E-6	
-68.00000000E-3	13.29162925E-6	
-66.60000000E-3	13.33984397E-6	
-65.50000000E-3	13.44701172E-6	
-64.70000000E-3	13.55685775E-6	
-63.70000000E-3	13.71218164E-6	
-62.70000000E-3	13.85057016E-6	
-61.80000000E-3	14.22386673E-6	
-60.60000000E-3	14.44438114E-6	
-59.80000000E-3	14.60150172E-6	
-58.60000000E-3	14.74140499E-6	
-57.50000000E-3	14.91356617E-6	
-56.60000000E-3	15.18136151E-6	
-55.70000000E-3	15.50081166E-6	
-54.60000000E-3	15.87840802E-6	
-53.60000000E-3	15.94722862E-6	
-52.70000000E-3	15.96102255E-6	
-51.60000000E-3	16.09527111E-6	
-50.70000000E-3	16.21786563E-6	
-49.90000000E-3	16.32660533E-6	
-48.70000000E-3	16.40108600E-6	
-47.90000000E-3	16.59700615E-6	
-46.70000000E-3	16.77191640E-6	
-45.60000000E-3	16.88768739E-6	
-44.80000000E-3	16.96898847E-6	
-44.00000000E-3	17.06529810E-6	
-42.90000000E-3	16.92916270E-6	
-41.70000000E-3	16.78560862E-6	
-40.60000000E-3	16.59242285E-6	
-39.80000000E-3	16.26650008E-6	
-38.70000000E-3	15.92945528E-6	
-37.60000000E-3	15.55841530E-6	
-36.70000000E-3	15.21312924E-6	
-35.80000000E-3	15.09731851E-6	
-34.70000000E-3	14.69045996E-6	
-33.70000000E-3	14.05402595E-6	
-32.50000000E-3	13.42324247E-6	
-31.50000000E-3	12.72886832E-6	
-30.70000000E-3	11.87779951E-6	
-29.50000000E-3	10.90080757E-6	
-28.60000000E-3	10.07051953E-6	
-27.70000000E-3	9.35472432E-6	
-26.50000000E-3	8.56580864E-6	
-25.40000000E-3	7.70457034E-6	
-24.40000000E-3	6.57669646E-6	
-23.70000000E-3	5.39094155E-6	
-22.30000000E-3	4.26390387E-6	
-21.50000000E-3	3.34901598E-6	
-20.50000000E-3	2.29418790E-6	
-19.30000000E-3	1.38727563E-6	
-18.60000000E-3	327.83630055E-9	
-17.10000000E-3	-812.79433835E-9	
-16.50000000E-3	-1.99579627E-6	
-15.70000000E-3	-3.27361357E-6	
-14.30000000E-3	-4.63869444E-6	
-13.50000000E-3	-6.01621647E-6	
-12.10000000E-3	-7.26186255E-6	
-11.20000000E-3	-8.58077335E-6	
-10.40000000E-3	-9.83732164E-6	
-9.20000000E-3	-10.98531416E-6	
-8.30000000E-3	-12.07825627E-6	
-7.40000000E-3	-13.34536109E-6	
-6.40000000E-3	-14.57294089E-6	
-5.40000000E-3	-16.06918279E-6	
-4.60000000E-3	-17.32920852E-6	
-3.40000000E-3	-18.43134902E-6	
-2.20000000E-3	-19.20440055E-6	
-1.20000000E-3	-20.29312530E-6	
0.00000000E+0	-21.38968695E-6	
800.00000000E-6	-22.36609473E-6	
1.60000000E-3	-23.10552884E-6	
2.80000000E-3	-23.71750742E-6	
3.60000000E-3	-24.56369175E-6	
4.80000000E-3	-25.27714997E-6	
5.80000000E-3	-25.94571634E-6	
6.70000000E-3	-26.48046747E-6	
7.90000000E-3	-26.87283974E-6	
8.60000000E-3	-27.14934643E-6	
9.50000000E-3	-27.69517000E-6	
10.70000000E-3	-27.97472096E-6	
12.10000000E-3	-28.37619835E-6	
12.80000000E-3	-28.33591472E-6	
13.70000000E-3	-28.34219855E-6	
14.80000000E-3	-28.50832685E-6	
15.70000000E-3	-28.77295361E-6	
16.70000000E-3	-28.83031419E-6	
17.60000000E-3	-28.59068412E-6	
18.70000000E-3	-28.34100810E-6	
19.90000000E-3	-27.84572799E-6	
20.60000000E-3	-27.28428865E-6	
21.50000000E-3	-26.77487412E-6	
22.70000000E-3	-26.25416864E-6	
24.10000000E-3	-25.78289741E-6	
24.90000000E-3	-25.25428253E-6	
26.10000000E-3	-24.72030369E-6	
26.90000000E-3	-24.41215897E-6	
27.60000000E-3	-24.07192917E-6	
28.70000000E-3	-23.57777271E-6	
29.60000000E-3	-22.96124919E-6	
30.90000000E-3	-22.33337984E-6	
32.00000000E-3	-21.70235959E-6	
32.70000000E-3	-20.90516008E-6	
33.60000000E-3	-19.86913120E-6	
34.70000000E-3	-18.82401041E-6	
35.60000000E-3	-17.96480549E-6	
36.80000000E-3	-16.98816276E-6	
37.90000000E-3	-15.79469831E-6	
38.80000000E-3	-14.69233926E-6	
39.90000000E-3	-13.57230605E-6	
40.80000000E-3	-12.46169548E-6	
41.60000000E-3	-11.29542241E-6	
42.80000000E-3	-10.13684686E-6	
44.00000000E-3	-8.89504509E-6	
44.90000000E-3	-7.59174529E-6	
46.00000000E-3	-6.33731988E-6	
47.00000000E-3	-5.23059270E-6	
47.60000000E-3	-3.96524963E-6	
48.80000000E-3	-2.87072805E-6	
49.30000000E-3	-1.91656651E-6	
50.90000000E-3	-987.68165431E-9	
51.90000000E-3	-42.92364355E-9	
52.80000000E-3	834.71107579E-9	
53.90000000E-3	1.89122754E-6	
54.70000000E-3	2.94477747E-6	
56.10000000E-3	3.93873021E-6	
57.20000000E-3	5.05107694E-6	
58.10000000E-3	6.04884328E-6	
58.80000000E-3	6.90923253E-6	
59.90000000E-3	7.53185902E-6	
60.90000000E-3	8.19868485E-6	
61.80000000E-3	9.18158444E-6	
63.10000000E-3	10.17930749E-6	
63.90000000E-3	11.12737662E-6	
64.70000000E-3	11.92683304E-6	
65.90000000E-3	12.61088419E-6	
66.70000000E-3	13.12096205E-6	
68.10000000E-3	13.57804735E-6	
69.00000000E-3	13.80746723E-6	
70.00000000E-3	14.03226431E-6	
71.00000000E-3	14.49759347E-6	
71.90000000E-3	14.98380198E-6	
73.10000000E-3	15.30021016E-6	
74.00000000E-3	15.36437855E-6	
75.20000000E-3	15.31652344E-6	
76.10000000E-3	15.40865256E-6	
77.30000000E-3	15.54848112E-6	
78.20000000E-3	15.75117886E-6	
79.20000000E-3	15.76738989E-6	
80.10000000E-3	15.73641154E-6	
81.00000000E-3	15.74287559E-6	
82.10000000E-3	15.69358290E-6	
82.90000000E-3	15.63645951E-6	
84.10000000E-3	15.56983699E-6	
85.10000000E-3	15.39702188E-6	
86.10000000E-3	15.17575082E-6	
86.60000000E-3	15.05142235E-6	
87.80000000E-3	14.92383326E-6	
89.00000000E-3	14.79731735E-6	
89.50000000E-3	14.67183946E-6	
90.80000000E-3	14.56675301E-6	
92.20000000E-3	14.44437112E-6	
93.20000000E-3	14.23666751E-6	
93.90000000E-3	13.97216750E-6	
95.10000000E-3	13.74553754E-6	
95.70000000E-3	13.52324464E-6	
97.10000000E-3	13.24744450E-6	
98.10000000E-3	12.96850305E-6	
98.90000000E-3	12.72637397E-6	
100.30000000E-3	12.54250859E-6	
101.00000000E-3	12.36049914E-6	
102.20000000E-3	12.22503312E-6	
103.10000000E-3	12.04235182E-6	
103.60000000E-3	11.89256392E-6	
105.20000000E-3	11.70392493E-6	
106.30000000E-3	11.43308037E-6	
107.00000000E-3	11.19502684E-6	
108.20000000E-3	10.96638090E-6	
109.20000000E-3	10.77034885E-6	
110.10000000E-3	10.56661006E-6	
111.00000000E-3	10.42185716E-6	
112.40000000E-3	10.25821318E-6	
112.90000000E-3	10.01127888E-6	
114.30000000E-3	9.75427332E-6	
115.30000000E-3	9.68165864E-6	
116.30000000E-3	9.64811215E-6	
117.30000000E-3	9.53187031E-6	
118.10000000E-3	9.38094078E-6	
119.10000000E-3	9.28218901E-6	
119.80000000E-3	9.17574485E-6	
121.20000000E-3	9.03356907E-6	
122.00000000E-3	8.89420107E-6	
123.60000000E-3	8.69658172E-6	
124.20000000E-3	8.51937955E-6	
125.40000000E-3	8.31215418E-6	
126.20000000E-3	8.23802114E-6	
127.40000000E-3	8.16558422E-6	
128.50000000E-3	8.11672144E-6	
129.40000000E-3	8.05902863E-6	
130.20000000E-3	7.97927569E-6	
131.40000000E-3	7.83006505E-6	
132.10000000E-3	7.74882535E-6	
133.40000000E-3	7.74977143E-6	
134.50000000E-3	7.73624394E-6	
135.20000000E-3	7.63157896E-6	
136.10000000E-3	7.60300297E-6	
137.50000000E-3	7.51376856E-6	
138.20000000E-3	7.48147544E-6	
139.30000000E-3	7.38972481E-6	
140.20000000E-3	7.29823353E-6	
140.90000000E-3	7.27055421E-6	
141.90000000E-3	7.22641433E-6	
143.30000000E-3	7.14544106E-6	
144.60000000E-3	7.06557431E-6	
145.10000000E-3	7.02003440E-6	
146.40000000E-3	6.92951757E-6	
147.10000000E-3	6.80738079E-6	
147.90000000E-3	6.73244194E-6	
149.30000000E-3	6.63725203E-6	
149.90000000E-3	6.54518174E-6	
151.20000000E-3	6.47576790E-6	
151.60000000E-3	6.35596972E-6	
152.80000000E-3	6.28042230E-6	
154.10000000E-3	6.19985264E-6	
155.30000000E-3	6.13233852E-6	
156.20000000E-3	6.08623800E-6	
157.20000000E-3	6.06039420E-6	
158.30000000E-3	5.99615450E-6	
159.10000000E-3	5.92873866E-6	
160.20000000E-3	5.82692910E-6	
160.60000000E-3	5.72232535E-6	
162.00000000E-3	5.64546295E-6	
163.20000000E-3	5.57863006E-6	
164.10000000E-3	5.53947535E-6	
164.90000000E-3	5.47124876E-6	
165.80000000E-3	5.40907133E-6	
167.60000000E-3	5.39379063E-6	
168.10000000E-3	5.34716976E-6	
169.60000000E-3	5.26277497E-6	
170.60000000E-3	5.20733754E-6	
171.40000000E-3	5.17625578E-6	
172.20000000E-3	5.12997642E-6	
173.00000000E-3	5.10329099E-6	
174.10000000E-3	5.04686352E-6	
175.30000000E-3	4.97909156E-6	
176.00000000E-3	4.91848409E-6	
177.50000000E-3	4.86495519E-6	
178.30000000E-3	4.86381356E-6	
178.90000000E-3	4.78264765E-6	
180.60000000E-3	4.71437658E-6	
181.40000000E-3	4.66610957E-6	
182.60000000E-3	4.63272026E-6	
183.20000000E-3	4.58214874E-6	
184.30000000E-3	4.58310221E-6	
185.30000000E-3	4.56353294E-6	
186.10000000E-3	4.51142300E-6	
187.20000000E-3	4.46784952E-6	
188.60000000E-3	4.43256382E-6	
189.90000000E-3	4.41960245E-6	
190.70000000E-3	4.42150298E-6	
191.20000000E-3	4.43264617E-6	
192.60000000E-3	4.50086771E-6	
193.20000000E-3	4.50767580E-6	
194.50000000E-3	4.51824465E-6	
195.20000000E-3	4.46460167E-6	
196.40000000E-3	4.43471088E-6	
197.50000000E-3	4.41491284E-6	
198.40000000E-3	4.42733475E-6	
199.00000000E-3	4.38349454E-6	
199.70000000E-3	4.33841930E-6	
199.90000000E-3	4.29300334E-6	
