-200.00000000E-3	4.31253356E-6	
-199.90000000E-3	4.31497835E-6	
-199.20000000E-3	4.31823313E-6	
-198.50000000E-3	4.30652196E-6	
-197.70000000E-3	4.32805826E-6	
-196.90000000E-3	4.34036602E-6	
-196.10000000E-3	4.36736897E-6	
-195.30000000E-3	4.35563634E-6	
-194.40000000E-3	4.34773056E-6	
-193.40000000E-3	4.37476819E-6	
-192.70000000E-3	4.36903803E-6	
-191.60000000E-3	4.40227695E-6	
-190.50000000E-3	4.39672343E-6	
-189.70000000E-3	4.44316687E-6	
-189.00000000E-3	4.48114575E-6	
-188.00000000E-3	4.52142408E-6	
-187.10000000E-3	4.53364044E-6	
-186.10000000E-3	4.59647906E-6	
-185.00000000E-3	4.63194125E-6	
-184.20000000E-3	4.65161394E-6	
-183.20000000E-3	4.70796616E-6	
-182.40000000E-3	4.74446358E-6	
-180.90000000E-3	4.77375613E-6	
-180.20000000E-3	4.81591340E-6	
-179.00000000E-3	4.83132957E-6	
-178.10000000E-3	4.88751296E-6	
-177.20000000E-3	4.92792723E-6	
-176.10000000E-3	4.96126710E-6	
-175.20000000E-3	4.99830232E-6	
-174.30000000E-3	5.02546602E-6	
-173.20000000E-3	5.08605981E-6	
-172.00000000E-3	5.12818320E-6	
-171.30000000E-3	5.16712175E-6	
-170.40000000E-3	5.19429429E-6	
-169.20000000E-3	5.26629412E-6	
-168.10000000E-3	5.31145483E-6	
-167.10000000E-3	5.36872521E-6	
-166.30000000E-3	5.39808962E-6	
-165.30000000E-3	5.43276013E-6	
-164.30000000E-3	5.48304342E-6	
-163.30000000E-3	5.51539333E-6	
-162.50000000E-3	5.55960036E-6	
-161.40000000E-3	5.57440370E-6	
-160.70000000E-3	5.62454959E-6	
-159.50000000E-3	5.67498137E-6	
-158.60000000E-3	5.73609248E-6	
-157.80000000E-3	5.78271718E-6	
-156.50000000E-3	5.85787624E-6	
-155.50000000E-3	5.92640920E-6	
-154.60000000E-3	5.97961784E-6	
-153.80000000E-3	6.04364391E-6	
-152.50000000E-3	6.12973131E-6	
-151.60000000E-3	6.14731888E-6	
-150.60000000E-3	6.19326522E-6	
-149.70000000E-3	6.22329842E-6	
-149.00000000E-3	6.29271237E-6	
-147.80000000E-3	6.32847666E-6	
-146.90000000E-3	6.39311419E-6	
-145.60000000E-3	6.44451607E-6	
-144.60000000E-3	6.48734169E-6	
-144.00000000E-3	6.54142027E-6	
-142.80000000E-3	6.62595451E-6	
-141.70000000E-3	6.67434440E-6	
-140.70000000E-3	6.73456823E-6	
-139.70000000E-3	6.80844669E-6	
-138.80000000E-3	6.88803502E-6	
-137.60000000E-3	6.91824058E-6	
-136.40000000E-3	6.98016395E-6	
-135.50000000E-3	7.06205676E-6	
-134.60000000E-3	7.10604224E-6	
-133.40000000E-3	7.20481424E-6	
-132.40000000E-3	7.26247620E-6	
-131.50000000E-3	7.30176951E-6	
-130.50000000E-3	7.37679281E-6	
-129.40000000E-3	7.46452766E-6	
-128.40000000E-3	7.53208584E-6	
-127.60000000E-3	7.59302058E-6	
-126.40000000E-3	7.63956070E-6	
-125.30000000E-3	7.72133864E-6	
-124.40000000E-3	7.74777122E-6	
-123.50000000E-3	7.81007503E-6	
-122.30000000E-3	7.88452795E-6	
-121.60000000E-3	7.91496120E-6	
-120.30000000E-3	7.95224436E-6	
-119.30000000E-3	7.99438827E-6	
-118.60000000E-3	8.01709052E-6	
-117.40000000E-3	8.08081157E-6	
-116.30000000E-3	8.15953119E-6	
-115.50000000E-3	8.27465765E-6	
-114.90000000E-3	8.33769422E-6	
-113.60000000E-3	8.42616349E-6	
-112.60000000E-3	8.49680705E-6	
-111.40000000E-3	8.56510132E-6	
-110.50000000E-3	8.67084887E-6	
-109.50000000E-3	8.75750990E-6	
-108.50000000E-3	8.82268361E-6	
-107.50000000E-3	8.92763626E-6	
-106.30000000E-3	9.02188497E-6	
-105.50000000E-3	9.16532437E-6	
-104.20000000E-3	9.25051605E-6	
-103.50000000E-3	9.28703371E-6	
-102.70000000E-3	9.36570573E-6	
-101.40000000E-3	9.41380964E-6	
-100.30000000E-3	9.46918506E-6	
-99.40000000E-3	9.52795492E-6	
-98.30000000E-3	9.59166047E-6	
-97.00000000E-3	9.70521310E-6	
-96.50000000E-3	9.81521983E-6	
-95.30000000E-3	9.90702130E-6	
-94.30000000E-3	10.03024042E-6	
-93.20000000E-3	10.14655406E-6	
-92.20000000E-3	10.26227515E-6	
-90.90000000E-3	10.33124924E-6	
-90.30000000E-3	10.44333233E-6	
-89.40000000E-3	10.52623005E-6	
-88.20000000E-3	10.69440065E-6	
-87.40000000E-3	10.84093742E-6	
-86.20000000E-3	10.97343656E-6	
-85.20000000E-3	11.16306365E-6	
-84.30000000E-3	11.33643497E-6	
-83.30000000E-3	11.59457392E-6	
-82.20000000E-3	11.81194593E-6	
-81.10000000E-3	12.02732257E-6	
-80.30000000E-3	12.23615684E-6	
-79.00000000E-3	12.42385084E-6	
-78.40000000E-3	12.63571835E-6	
-77.10000000E-3	12.77784755E-6	
-76.10000000E-3	12.94416566E-6	
-74.90000000E-3	13.13109677E-6	
-74.20000000E-3	13.21355785E-6	
-73.00000000E-3	13.35379096E-6	
-71.90000000E-3	13.45936343E-6	
-71.00000000E-3	13.54961900E-6	
-70.30000000E-3	13.73130948E-6	
-69.40000000E-3	13.87036479E-6	
-68.20000000E-3	14.12621608E-6	
-67.30000000E-3	14.30351869E-6	
-66.00000000E-3	14.42552567E-6	
-65.10000000E-3	14.54118032E-6	
-63.80000000E-3	14.74879320E-6	
-63.20000000E-3	14.91983029E-6	
-62.20000000E-3	15.13670428E-6	
-61.40000000E-3	15.38510526E-6	
-60.30000000E-3	15.50850167E-6	
-59.40000000E-3	15.59341908E-6	
-58.20000000E-3	15.70733946E-6	
-57.10000000E-3	15.80251872E-6	
-56.10000000E-3	15.83866544E-6	
-55.60000000E-3	15.91590321E-6	
-54.00000000E-3	16.01389388E-6	
-53.10000000E-3	16.08120505E-6	
-52.40000000E-3	16.14723128E-6	
-51.20000000E-3	16.13031945E-6	
-50.30000000E-3	16.04061487E-6	
-49.50000000E-3	15.99074927E-6	
-48.20000000E-3	15.83592593E-6	
-47.30000000E-3	15.58849108E-6	
-46.30000000E-3	15.38041752E-6	
-44.90000000E-3	14.99601934E-6	
-44.00000000E-3	14.64237285E-6	
-43.30000000E-3	14.28381471E-6	
-41.90000000E-3	13.97689748E-6	
-40.90000000E-3	13.51931217E-6	
-40.20000000E-3	12.67468061E-6	
-39.00000000E-3	12.29057649E-6	
-38.30000000E-3	11.55137592E-6	
-37.30000000E-3	10.81174269E-6	
-36.10000000E-3	9.98714152E-6	
-35.00000000E-3	9.23406220E-6	
-34.40000000E-3	8.31660863E-6	
-33.00000000E-3	7.45008709E-6	
-32.20000000E-3	6.46752723E-6	
-31.50000000E-3	5.35202688E-6	
-30.10000000E-3	4.21945852E-6	
-29.40000000E-3	3.20533132E-6	
-28.20000000E-3	2.14022990E-6	
-27.20000000E-3	1.06151238E-6	
-26.50000000E-3	90.16401242E-9	
-25.20000000E-3	-1.03697812E-6	
-25.10000000E-3	-2.14860148E-6	
-23.20000000E-3	-3.37374747E-6	
-22.40000000E-3	-4.66932294E-6	
-20.80000000E-3	-5.96768339E-6	
-20.20000000E-3	-7.23649743E-6	
-19.10000000E-3	-8.47449001E-6	
-18.40000000E-3	-9.68731017E-6	
-17.50000000E-3	-10.91642627E-6	
-16.20000000E-3	-12.07770594E-6	
-15.10000000E-3	-13.35089226E-6	
-14.20000000E-3	-14.52726492E-6	
-13.00000000E-3	-15.70691809E-6	
-12.30000000E-3	-16.74845502E-6	
-11.30000000E-3	-17.63893288E-6	
-9.90000000E-3	-18.40705824E-6	
-9.00000000E-3	-19.29708476E-6	
-8.10000000E-3	-20.15476524E-6	
-7.00000000E-3	-20.94780749E-6	
-6.10000000E-3	-21.66734732E-6	
-5.00000000E-3	-22.30157274E-6	
-3.90000000E-3	-22.97013197E-6	
-3.00000000E-3	-23.70888522E-6	
-1.50000000E-3	-24.20685026E-6	
-600.00000000E-6	-24.51588267E-6	
-300.00000000E-6	-24.79609185E-6	
1.20000000E-3	-25.13378029E-6	
2.30000000E-3	-25.41366300E-6	
3.20000000E-3	-25.66539235E-6	
4.20000000E-3	-25.77588229E-6	
5.20000000E-3	-25.83489091E-6	
6.20000000E-3	-25.94447162E-6	
7.00000000E-3	-26.13119689E-6	
7.90000000E-3	-26.08735132E-6	
9.00000000E-3	-25.98162757E-6	
10.10000000E-3	-25.74820870E-6	
11.00000000E-3	-25.43310353E-6	
12.00000000E-3	-24.91809398E-6	
12.70000000E-3	-24.57686533E-6	
14.20000000E-3	-24.14864984E-6	
15.20000000E-3	-23.75666923E-6	
16.40000000E-3	-23.30277274E-6	
17.40000000E-3	-22.89994767E-6	
18.20000000E-3	-22.59970462E-6	
19.30000000E-3	-22.16051802E-6	
20.30000000E-3	-21.76625652E-6	
21.40000000E-3	-21.34864494E-6	
22.20000000E-3	-20.81982517E-6	
23.20000000E-3	-20.14264594E-6	
24.10000000E-3	-19.53973863E-6	
25.30000000E-3	-18.70904565E-6	
26.40000000E-3	-17.87063862E-6	
27.30000000E-3	-17.10370834E-6	
28.30000000E-3	-16.26494537E-6	
29.20000000E-3	-15.18237341E-6	
30.50000000E-3	-14.09833456E-6	
31.60000000E-3	-13.22650475E-6	
32.70000000E-3	-12.27535194E-6	
33.50000000E-3	-11.44438108E-6	
34.50000000E-3	-10.46416187E-6	
35.50000000E-3	-9.44883377E-6	
36.50000000E-3	-8.38905206E-6	
37.70000000E-3	-7.42812235E-6	
38.70000000E-3	-6.45894168E-6	
39.40000000E-3	-5.39206761E-6	
40.40000000E-3	-4.34027618E-6	
41.50000000E-3	-3.33256300E-6	
42.50000000E-3	-2.52876947E-6	
43.50000000E-3	-1.54197250E-6	
44.40000000E-3	-763.53317983E-9	
45.60000000E-3	166.87354483E-9	
46.40000000E-3	1.17953881E-6	
47.30000000E-3	2.17829939E-6	
48.50000000E-3	3.08383624E-6	
49.60000000E-3	4.02267939E-6	
50.20000000E-3	4.98157551E-6	
51.30000000E-3	5.83733017E-6	
52.50000000E-3	6.67694605E-6	
53.40000000E-3	7.48559348E-6	
54.70000000E-3	8.29921825E-6	
55.50000000E-3	9.08204986E-6	
56.30000000E-3	9.89114092E-6	
57.50000000E-3	10.56050554E-6	
58.40000000E-3	11.24940707E-6	
59.40000000E-3	11.78387486E-6	
60.40000000E-3	12.32706345E-6	
61.40000000E-3	12.67315995E-6	
62.20000000E-3	12.94720839E-6	
63.60000000E-3	13.21608783E-6	
64.90000000E-3	13.59367357E-6	
65.60000000E-3	13.97566199E-6	
66.30000000E-3	14.29998026E-6	
67.00000000E-3	14.44897028E-6	
68.70000000E-3	14.51638058E-6	
69.60000000E-3	14.67594515E-6	
71.00000000E-3	14.79667317E-6	
71.20000000E-3	14.92293843E-6	
72.10000000E-3	15.01712713E-6	
74.00000000E-3	15.05875519E-6	
74.30000000E-3	15.03930843E-6	
75.80000000E-3	15.07591584E-6	
76.20000000E-3	15.09488744E-6	
78.00000000E-3	14.97606543E-6	
78.50000000E-3	14.93922022E-6	
79.10000000E-3	14.87437204E-6	
80.50000000E-3	14.85618053E-6	
81.20000000E-3	14.76840614E-6	
82.80000000E-3	14.68672553E-6	
83.60000000E-3	14.57809229E-6	
84.60000000E-3	14.44667297E-6	
85.70000000E-3	14.33414230E-6	
86.60000000E-3	14.15527691E-6	
87.20000000E-3	14.00020309E-6	
88.60000000E-3	13.81062314E-6	
89.40000000E-3	13.63567211E-6	
90.60000000E-3	13.40155957E-6	
91.60000000E-3	13.22843617E-6	
92.80000000E-3	12.96409988E-6	
93.30000000E-3	12.74634110E-6	
94.30000000E-3	12.58956356E-6	
95.70000000E-3	12.43610721E-6	
96.50000000E-3	12.24832044E-6	
97.30000000E-3	12.09884893E-6	
98.50000000E-3	11.91417486E-6	
99.70000000E-3	11.73767119E-6	
100.40000000E-3	11.51892445E-6	
101.50000000E-3	11.28887730E-6	
102.50000000E-3	11.11193473E-6	
103.60000000E-3	10.93901774E-6	
104.20000000E-3	10.75605778E-6	
105.40000000E-3	10.57989753E-6	
106.50000000E-3	10.39272208E-6	
107.40000000E-3	10.20457959E-6	
108.50000000E-3	10.10309705E-6	
109.50000000E-3	9.95437296E-6	
110.60000000E-3	9.81873559E-6	
111.50000000E-3	9.77101416E-6	
112.70000000E-3	9.63314279E-6	
113.30000000E-3	9.50128619E-6	
114.50000000E-3	9.38420236E-6	
115.20000000E-3	9.29282392E-6	
116.70000000E-3	9.13967508E-6	
117.30000000E-3	8.99479894E-6	
118.80000000E-3	8.83733575E-6	
119.80000000E-3	8.71897458E-6	
120.80000000E-3	8.62274506E-6	
121.70000000E-3	8.52738593E-6	
122.60000000E-3	8.43971288E-6	
124.00000000E-3	8.34676606E-6	
124.40000000E-3	8.22994389E-6	
125.80000000E-3	8.16612167E-6	
126.40000000E-3	8.11372208E-6	
128.10000000E-3	8.03491245E-6	
128.40000000E-3	7.96347885E-6	
129.20000000E-3	7.88625913E-6	
130.60000000E-3	7.84629488E-6	
131.60000000E-3	7.79987096E-6	
132.60000000E-3	7.69730608E-6	
133.20000000E-3	7.66346158E-6	
134.60000000E-3	7.63031381E-6	
135.40000000E-3	7.55404716E-6	
136.80000000E-3	7.50175539E-6	
137.60000000E-3	7.43086401E-6	
138.00000000E-3	7.34376198E-6	
139.70000000E-3	7.27083737E-6	
140.30000000E-3	7.18585877E-6	
141.60000000E-3	7.10804006E-6	
142.40000000E-3	7.02277411E-6	
143.60000000E-3	6.91535685E-6	
144.60000000E-3	6.83413807E-6	
145.10000000E-3	6.78522884E-6	
146.40000000E-3	6.69440214E-6	
147.20000000E-3	6.61296477E-6	
148.60000000E-3	6.53121738E-6	
149.60000000E-3	6.42025589E-6	
150.60000000E-3	6.39458778E-6	
151.80000000E-3	6.33226648E-6	
152.70000000E-3	6.25519554E-6	
153.60000000E-3	6.19075910E-6	
154.40000000E-3	6.12297486E-6	
155.80000000E-3	6.05722492E-6	
156.30000000E-3	5.98876707E-6	
157.80000000E-3	5.91159908E-6	
158.70000000E-3	5.87067812E-6	
159.40000000E-3	5.80162214E-6	
160.80000000E-3	5.75712963E-6	
161.50000000E-3	5.71833869E-6	
162.30000000E-3	5.66065806E-6	
163.70000000E-3	5.63694300E-6	
165.00000000E-3	5.57998095E-6	
165.50000000E-3	5.49017795E-6	
166.70000000E-3	5.46449760E-6	
167.90000000E-3	5.43483694E-6	
168.60000000E-3	5.38135057E-6	
170.10000000E-3	5.32194038E-6	
170.00000000E-3	5.27892285E-6	
172.00000000E-3	5.20687284E-6	
172.90000000E-3	5.18899384E-6	
173.90000000E-3	5.13216635E-6	
174.70000000E-3	5.08480295E-6	
175.80000000E-3	5.05286550E-6	
176.70000000E-3	5.01978680E-6	
177.90000000E-3	4.95850114E-6	
178.80000000E-3	4.93537076E-6	
179.80000000E-3	4.91834975E-6	
180.80000000E-3	4.87833093E-6	
181.70000000E-3	4.87559203E-6	
182.70000000E-3	4.82429084E-6	
183.50000000E-3	4.81750112E-6	
185.00000000E-3	4.78315731E-6	
185.90000000E-3	4.77133387E-6	
187.20000000E-3	4.77014275E-6	
187.80000000E-3	4.76914585E-6	
189.00000000E-3	4.76281034E-6	
189.90000000E-3	4.75749918E-6	
191.00000000E-3	4.76036294E-6	
191.80000000E-3	4.73364234E-6	
193.00000000E-3	4.68130366E-6	
193.70000000E-3	4.67330541E-6	
195.10000000E-3	4.66330261E-6	
195.50000000E-3	4.61904748E-6	
196.70000000E-3	4.57745750E-6	
197.90000000E-3	4.55263072E-6	
198.80000000E-3	4.51041097E-6	
199.40000000E-3	4.45404347E-6	
199.90000000E-3	4.46323348E-6	
