-201.10000000E-3	6.10119216E-6	
-201.30000000E-3	5.98876745E-6	
-200.70000000E-3	5.88597028E-6	
-200.30000000E-3	5.79699034E-6	
-199.80000000E-3	5.73812965E-6	
-199.30000000E-3	5.65173437E-6	
-198.80000000E-3	5.58694093E-6	
-198.10000000E-3	5.54293643E-6	
-197.50000000E-3	5.47837676E-6	
-196.80000000E-3	5.42115279E-6	
-196.10000000E-3	5.36739944E-6	
-195.40000000E-3	5.34585220E-6	
-194.70000000E-3	5.30850728E-6	
-193.90000000E-3	5.29781113E-6	
-193.30000000E-3	5.27807938E-6	
-192.40000000E-3	5.25638728E-6	
-191.70000000E-3	5.24887620E-6	
-190.90000000E-3	5.23708748E-6	
-190.10000000E-3	5.22102968E-6	
-189.20000000E-3	5.22583571E-6	
-188.40000000E-3	5.20110432E-6	
-187.80000000E-3	5.21286557E-6	
-186.80000000E-3	5.21668118E-6	
-186.10000000E-3	5.21590769E-6	
-185.10000000E-3	5.21689087E-6	
-184.20000000E-3	5.22604715E-6	
-183.40000000E-3	5.24393999E-6	
-182.50000000E-3	5.23967525E-6	
-181.70000000E-3	5.26396552E-6	
-180.90000000E-3	5.27779120E-6	
-179.80000000E-3	5.30862752E-6	
-179.00000000E-3	5.32408327E-6	
-178.10000000E-3	5.32204610E-6	
-177.00000000E-3	5.36427668E-6	
-176.20000000E-3	5.38050409E-6	
-175.40000000E-3	5.40113553E-6	
-174.40000000E-3	5.44211083E-6	
-173.60000000E-3	5.44877664E-6	
-172.60000000E-3	5.47166607E-6	
-171.50000000E-3	5.49527878E-6	
-170.70000000E-3	5.52408328E-6	
-170.00000000E-3	5.54605723E-6	
-168.80000000E-3	5.58939005E-6	
-168.20000000E-3	5.63961810E-6	
-166.80000000E-3	5.68377654E-6	
-165.80000000E-3	5.72138228E-6	
-165.50000000E-3	5.73425430E-6	
-163.90000000E-3	5.76749135E-6	
-163.30000000E-3	5.81285803E-6	
-162.00000000E-3	5.86544240E-6	
-161.20000000E-3	5.89886822E-6	
-160.60000000E-3	5.93460594E-6	
-159.20000000E-3	5.99970661E-6	
-158.70000000E-3	6.04535902E-6	
-157.60000000E-3	6.10601671E-6	
-156.40000000E-3	6.16442191E-6	
-155.10000000E-3	6.24118408E-6	
-154.00000000E-3	6.28852138E-6	
-153.20000000E-3	6.36098285E-6	
-152.10000000E-3	6.39106753E-6	
-151.30000000E-3	6.44398321E-6	
-150.60000000E-3	6.50004947E-6	
-149.50000000E-3	6.52496968E-6	
-148.60000000E-3	6.57999927E-6	
-147.00000000E-3	6.62396009E-6	
-146.40000000E-3	6.65605764E-6	
-145.70000000E-3	6.70959344E-6	
-144.00000000E-3	6.75124451E-6	
-143.30000000E-3	6.81033762E-6	
-142.00000000E-3	6.84895261E-6	
-141.30000000E-3	6.91779193E-6	
-140.70000000E-3	6.96770498E-6	
-139.20000000E-3	7.01101205E-6	
-138.50000000E-3	7.07093368E-6	
-137.40000000E-3	7.12590547E-6	
-136.50000000E-3	7.18211301E-6	
-135.80000000E-3	7.22707597E-6	
-134.70000000E-3	7.29649101E-6	
-133.70000000E-3	7.35992595E-6	
-132.30000000E-3	7.43115495E-6	
-131.30000000E-3	7.48092009E-6	
-130.10000000E-3	7.54253220E-6	
-129.10000000E-3	7.61377521E-6	
-128.70000000E-3	7.66011778E-6	
-127.20000000E-3	7.72907254E-6	
-126.20000000E-3	7.77207919E-6	
-125.20000000E-3	7.82159988E-6	
-124.00000000E-3	7.87970871E-6	
-123.20000000E-3	7.95722224E-6	
-122.00000000E-3	8.00443076E-6	
-121.20000000E-3	8.05383577E-6	
-120.40000000E-3	8.11089595E-6	
-119.10000000E-3	8.15689351E-6	
-118.30000000E-3	8.18421628E-6	
-117.10000000E-3	8.26265233E-6	
-116.10000000E-3	8.28575920E-6	
-115.30000000E-3	8.35786606E-6	
-114.10000000E-3	8.42549023E-6	
-113.20000000E-3	8.48936524E-6	
-112.20000000E-3	8.56568439E-6	
-111.40000000E-3	8.64025516E-6	
-110.30000000E-3	8.72358696E-6	
-109.00000000E-3	8.81164930E-6	
-108.20000000E-3	8.90312485E-6	
-107.20000000E-3	8.97740333E-6	
-106.20000000E-3	9.05353479E-6	
-105.50000000E-3	9.13063345E-6	
-104.20000000E-3	9.23289078E-6	
-103.40000000E-3	9.31478409E-6	
-102.40000000E-3	9.38798936E-6	
-101.20000000E-3	9.45613942E-6	
-100.60000000E-3	9.53773318E-6	
-98.90000000E-3	9.63853457E-6	
-98.20000000E-3	9.72622027E-6	
-96.70000000E-3	9.78223898E-6	
-96.00000000E-3	9.84066144E-6	
-94.70000000E-3	9.92691687E-6	
-93.90000000E-3	10.01053735E-6	
-92.80000000E-3	10.08535397E-6	
-92.00000000E-3	10.17486677E-6	
-91.00000000E-3	10.28825004E-6	
-90.00000000E-3	10.39861821E-6	
-89.00000000E-3	10.51263709E-6	
-87.90000000E-3	10.62096121E-6	
-86.70000000E-3	10.70600168E-6	
-86.10000000E-3	10.83473470E-6	
-85.00000000E-3	10.96180802E-6	
-84.20000000E-3	11.08692710E-6	
-82.90000000E-3	11.22391133E-6	
-82.00000000E-3	11.37098194E-6	
-81.10000000E-3	11.52601763E-6	
-80.10000000E-3	11.69572041E-6	
-78.90000000E-3	11.87780382E-6	
-78.10000000E-3	12.06568910E-6	
-76.80000000E-3	12.22674964E-6	
-75.90000000E-3	12.39213357E-6	
-74.90000000E-3	12.54878232E-6	
-74.20000000E-3	12.71316942E-6	
-72.90000000E-3	12.86968183E-6	
-72.10000000E-3	13.01041528E-6	
-71.00000000E-3	13.14195493E-6	
-70.10000000E-3	13.27154526E-6	
-69.00000000E-3	13.40026326E-6	
-68.00000000E-3	13.51922043E-6	
-67.00000000E-3	13.63392286E-6	
-66.10000000E-3	13.79063887E-6	
-64.90000000E-3	13.91029132E-6	
-63.90000000E-3	14.04961528E-6	
-63.10000000E-3	14.16656766E-6	
-62.20000000E-3	14.29949138E-6	
-61.20000000E-3	14.44434275E-6	
-60.20000000E-3	14.57966582E-6	
-59.20000000E-3	14.74277382E-6	
-58.40000000E-3	14.83293779E-6	
-57.40000000E-3	14.89498057E-6	
-56.10000000E-3	14.92483698E-6	
-55.20000000E-3	14.94668437E-6	
-54.10000000E-3	14.99435359E-6	
-52.90000000E-3	15.01618023E-6	
-52.50000000E-3	15.00753360E-6	
-51.40000000E-3	14.97813162E-6	
-50.40000000E-3	14.92681652E-6	
-49.30000000E-3	14.81170747E-6	
-47.90000000E-3	14.69452982E-6	
-47.40000000E-3	14.53537383E-6	
-46.00000000E-3	14.31640641E-6	
-45.40000000E-3	14.02374750E-6	
-43.80000000E-3	13.68967990E-6	
-43.00000000E-3	13.29866157E-6	
-42.20000000E-3	12.86896028E-6	
-41.10000000E-3	12.43247162E-6	
-39.70000000E-3	11.97198902E-6	
-38.90000000E-3	11.41492605E-6	
-38.50000000E-3	10.82563524E-6	
-36.80000000E-3	10.19984786E-6	
-36.20000000E-3	9.51322764E-6	
-34.70000000E-3	8.85151375E-6	
-33.80000000E-3	8.09907409E-6	
-32.60000000E-3	7.35488899E-6	
-31.80000000E-3	6.62741256E-6	
-30.70000000E-3	5.82904999E-6	
-29.90000000E-3	4.96213641E-6	
-29.00000000E-3	4.03091347E-6	
-28.00000000E-3	3.08743250E-6	
-26.40000000E-3	2.19412903E-6	
-26.10000000E-3	1.22140193E-6	
-25.20000000E-3	284.47345503E-9	
-24.40000000E-3	-656.37196207E-9	
-22.40000000E-3	-1.66555210E-6	
-21.70000000E-3	-2.74510815E-6	
-20.90000000E-3	-3.80897304E-6	
-20.50000000E-3	-4.87703396E-6	
-18.60000000E-3	-5.88868468E-6	
-17.60000000E-3	-7.01584060E-6	
-16.90000000E-3	-8.08097296E-6	
-15.80000000E-3	-9.10670001E-6	
-14.40000000E-3	-10.14100036E-6	
-13.70000000E-3	-11.12718413E-6	
-12.70000000E-3	-12.06700834E-6	
-11.90000000E-3	-12.97112713E-6	
-10.40000000E-3	-13.85393873E-6	
-9.40000000E-3	-14.69256348E-6	
-8.60000000E-3	-15.46741619E-6	
-7.80000000E-3	-16.18270402E-6	
-6.60000000E-3	-16.87339057E-6	
-5.30000000E-3	-17.51590684E-6	
-4.50000000E-3	-18.13223103E-6	
-3.50000000E-3	-18.63816988E-6	
-2.50000000E-3	-19.18573151E-6	
-1.30000000E-3	-19.76340292E-6	
-300.00000000E-6	-20.24692120E-6	
300.00000000E-6	-20.69742633E-6	
1.60000000E-3	-21.08167098E-6	
2.60000000E-3	-21.35002598E-6	
3.80000000E-3	-21.67988092E-6	
4.60000000E-3	-21.97448604E-6	
5.60000000E-3	-22.18653128E-6	
6.50000000E-3	-22.43290692E-6	
7.50000000E-3	-22.52806905E-6	
8.90000000E-3	-22.62805657E-6	
9.30000000E-3	-22.75804012E-6	
10.70000000E-3	-22.83660014E-6	
11.40000000E-3	-22.86512031E-6	
12.70000000E-3	-22.88221875E-6	
13.70000000E-3	-22.78378822E-6	
14.50000000E-3	-22.59745973E-6	
15.80000000E-3	-22.35090931E-6	
16.70000000E-3	-22.08104443E-6	
17.70000000E-3	-21.83486208E-6	
18.70000000E-3	-21.56658975E-6	
19.80000000E-3	-21.31203599E-6	
20.60000000E-3	-21.06046038E-6	
21.80000000E-3	-20.69156258E-6	
22.40000000E-3	-20.41915307E-6	
23.50000000E-3	-20.04538647E-6	
24.50000000E-3	-19.75784233E-6	
25.50000000E-3	-19.36785590E-6	
26.80000000E-3	-18.98180586E-6	
27.80000000E-3	-18.45448724E-6	
28.70000000E-3	-17.98620219E-6	
29.60000000E-3	-17.41144656E-6	
30.90000000E-3	-16.78646382E-6	
31.60000000E-3	-16.10872342E-6	
32.70000000E-3	-15.48236162E-6	
33.60000000E-3	-14.75420153E-6	
34.50000000E-3	-13.99453101E-6	
35.60000000E-3	-13.20088326E-6	
36.60000000E-3	-12.29783457E-6	
37.60000000E-3	-11.45450484E-6	
38.80000000E-3	-10.56013992E-6	
39.60000000E-3	-9.70065230E-6	
40.70000000E-3	-8.77770047E-6	
41.90000000E-3	-7.86117292E-6	
42.60000000E-3	-6.97607159E-6	
43.80000000E-3	-6.08119808E-6	
44.90000000E-3	-5.16142018E-6	
45.70000000E-3	-4.32419720E-6	
46.90000000E-3	-3.47198810E-6	
47.90000000E-3	-2.61085183E-6	
48.90000000E-3	-1.76080617E-6	
49.90000000E-3	-917.60704977E-9	
50.70000000E-3	-69.24333756E-9	
52.00000000E-3	822.70353117E-9	
52.80000000E-3	1.73679455E-6	
53.80000000E-3	2.56436369E-6	
54.80000000E-3	3.37397432E-6	
55.40000000E-3	4.22849985E-6	
56.60000000E-3	5.04988467E-6	
57.60000000E-3	5.82701962E-6	
58.60000000E-3	6.55061908E-6	
59.90000000E-3	7.30782575E-6	
61.00000000E-3	8.07831273E-6	
61.70000000E-3	8.78105544E-6	
62.60000000E-3	9.41518805E-6	
63.50000000E-3	10.00958906E-6	
64.80000000E-3	10.51364030E-6	
65.80000000E-3	11.01496359E-6	
66.60000000E-3	11.42704477E-6	
68.00000000E-3	11.79100226E-6	
68.60000000E-3	12.13397400E-6	
69.80000000E-3	12.53433814E-6	
70.80000000E-3	12.84824053E-6	
71.70000000E-3	13.05995062E-6	
73.00000000E-3	13.27489409E-6	
73.50000000E-3	13.42207931E-6	
74.80000000E-3	13.63445990E-6	
75.80000000E-3	13.80353716E-6	
76.70000000E-3	13.89775776E-6	
77.80000000E-3	13.97565343E-6	
78.80000000E-3	14.02977782E-6	
79.80000000E-3	14.07815704E-6	
80.70000000E-3	14.10220110E-6	
81.90000000E-3	14.07885331E-6	
82.90000000E-3	14.04864861E-6	
83.80000000E-3	14.04583797E-6	
84.70000000E-3	14.02318733E-6	
86.00000000E-3	13.98190625E-6	
86.80000000E-3	13.92225794E-6	
87.90000000E-3	13.82352051E-6	
89.00000000E-3	13.72550152E-6	
89.50000000E-3	13.62051896E-6	
91.10000000E-3	13.49345425E-6	
92.00000000E-3	13.39542560E-6	
92.80000000E-3	13.27009201E-6	
93.90000000E-3	13.09363277E-6	
95.10000000E-3	12.92908087E-6	
96.00000000E-3	12.75736679E-6	
96.90000000E-3	12.58674911E-6	
98.00000000E-3	12.43649299E-6	
98.90000000E-3	12.24428271E-6	
99.50000000E-3	12.08762544E-6	
101.10000000E-3	11.94368917E-6	
101.70000000E-3	11.78402768E-6	
103.00000000E-3	11.60658380E-6	
103.70000000E-3	11.39103246E-6	
105.00000000E-3	11.21175757E-6	
106.10000000E-3	11.02338009E-6	
107.00000000E-3	10.86931149E-6	
107.90000000E-3	10.73573125E-6	
108.80000000E-3	10.59383139E-6	
109.90000000E-3	10.40931631E-6	
110.70000000E-3	10.25820630E-6	
111.70000000E-3	10.13126615E-6	
112.90000000E-3	10.01747144E-6	
113.90000000E-3	9.91154548E-6	
115.00000000E-3	9.76903483E-6	
116.00000000E-3	9.66306273E-6	
117.20000000E-3	9.53553919E-6	
118.00000000E-3	9.41337498E-6	
119.10000000E-3	9.31128010E-6	
120.00000000E-3	9.17822362E-6	
120.80000000E-3	9.06222004E-6	
121.80000000E-3	8.93483119E-6	
123.00000000E-3	8.83308174E-6	
124.00000000E-3	8.74043482E-6	
124.90000000E-3	8.65813950E-6	
125.90000000E-3	8.56612765E-6	
127.20000000E-3	8.46863252E-6	
128.20000000E-3	8.38650446E-6	
129.20000000E-3	8.33298300E-6	
130.20000000E-3	8.26734050E-6	
131.10000000E-3	8.17195898E-6	
132.20000000E-3	8.11079579E-6	
133.10000000E-3	8.04100426E-6	
134.00000000E-3	7.95651498E-6	
134.90000000E-3	7.89575667E-6	
136.10000000E-3	7.83754212E-6	
137.10000000E-3	7.78697063E-6	
138.30000000E-3	7.70983415E-6	
139.40000000E-3	7.65093321E-6	
140.30000000E-3	7.57889574E-6	
141.20000000E-3	7.52851294E-6	
142.10000000E-3	7.45554771E-6	
143.60000000E-3	7.38465100E-6	
144.30000000E-3	7.32553601E-6	
145.60000000E-3	7.24057925E-6	
146.40000000E-3	7.17927922E-6	
147.10000000E-3	7.11215091E-6	
148.30000000E-3	7.05872813E-6	
149.30000000E-3	7.00491855E-6	
150.30000000E-3	6.93868783E-6	
151.30000000E-3	6.86114334E-6	
152.50000000E-3	6.80729049E-6	
153.20000000E-3	6.72729133E-6	
154.00000000E-3	6.65869495E-6	
155.20000000E-3	6.59233694E-6	
156.50000000E-3	6.53341027E-6	
157.20000000E-3	6.47269862E-6	
158.00000000E-3	6.41308798E-6	
159.30000000E-3	6.33052935E-6	
159.70000000E-3	6.27483454E-6	
161.20000000E-3	6.21348099E-6	
161.90000000E-3	6.14417870E-6	
163.20000000E-3	6.08862902E-6	
164.00000000E-3	6.04000359E-6	
165.40000000E-3	5.98508194E-6	
166.20000000E-3	5.92991843E-6	
166.80000000E-3	5.88110498E-6	
168.40000000E-3	5.81967474E-6	
168.90000000E-3	5.81884513E-6	
169.90000000E-3	5.76997075E-6	
171.40000000E-3	5.71637358E-6	
172.60000000E-3	5.66936290E-6	
173.30000000E-3	5.62148463E-6	
174.30000000E-3	5.59001479E-6	
175.50000000E-3	5.52867306E-6	
176.20000000E-3	5.50798757E-6	
177.40000000E-3	5.44874264E-6	
178.30000000E-3	5.39874381E-6	
179.20000000E-3	5.36538691E-6	
180.40000000E-3	5.34023063E-6	
181.10000000E-3	5.26933830E-6	
182.30000000E-3	5.25051970E-6	
183.30000000E-3	5.24128646E-6	
184.40000000E-3	5.20184736E-6	
185.20000000E-3	5.15786837E-6	
186.30000000E-3	5.15467986E-6	
187.30000000E-3	5.14557622E-6	
188.40000000E-3	5.12276440E-6	
189.20000000E-3	5.09874784E-6	
190.30000000E-3	5.10250784E-6	
191.80000000E-3	5.07480219E-6	
192.50000000E-3	5.07383703E-6	
193.50000000E-3	5.06276916E-6	
194.50000000E-3	5.03669283E-6	
195.60000000E-3	5.01769604E-6	
196.50000000E-3	4.99443330E-6	
197.50000000E-3	4.96873464E-6	
198.60000000E-3	4.93969675E-6	
199.30000000E-3	4.90445375E-6	
199.90000000E-3	4.92140748E-6	
