-0.00000000E+0	-71.53947973E-9	
-0.00000000E+0	-72.12866850E-9	
200.00000000E-6	-71.13938376E-9	
500.00000000E-6	-70.59402694E-9	
900.00000000E-6	-70.40272122E-9	
1.50000000E-3	-69.56783159E-9	
2.00000000E-3	-68.40640640E-9	
2.70000000E-3	-67.94176146E-9	
3.10000000E-3	-68.26588577E-9	
3.80000000E-3	-68.55017803E-9	
4.50000000E-3	-68.40857533E-9	
5.30000000E-3	-68.57473728E-9	
6.00000000E-3	-69.55535382E-9	
6.80000000E-3	-71.07631234E-9	
7.40000000E-3	-72.61906896E-9	
8.10000000E-3	-74.05957778E-9	
8.60000000E-3	-75.37616634E-9	
9.50000000E-3	-76.78257708E-9	
10.20000000E-3	-78.51367115E-9	
10.80000000E-3	-79.88035605E-9	
11.60000000E-3	-79.62916620E-9	
12.40000000E-3	-78.17914798E-9	
13.10000000E-3	-76.89340859E-9	
14.00000000E-3	-76.27496676E-9	
14.80000000E-3	-76.30804315E-9	
15.50000000E-3	-76.65069499E-9	
16.30000000E-3	-76.79038791E-9	
17.10000000E-3	-76.83536771E-9	
17.70000000E-3	-77.33736956E-9	
18.50000000E-3	-78.34661393E-9	
19.10000000E-3	-79.45785399E-9	
20.00000000E-3	-80.00236706E-9	
20.80000000E-3	-79.44556229E-9	
21.70000000E-3	-78.44451013E-9	
22.30000000E-3	-78.27065845E-9	
23.10000000E-3	-79.27942388E-9	
23.90000000E-3	-81.02045388E-9	
24.50000000E-3	-82.76271689E-9	
25.40000000E-3	-83.69268877E-9	
25.90000000E-3	-83.38698725E-9	
26.80000000E-3	-82.25110976E-9	
27.70000000E-3	-81.13475425E-9	
28.20000000E-3	-80.32049000E-9	
29.10000000E-3	-79.82796187E-9	
29.60000000E-3	-79.90449894E-9	
30.50000000E-3	-80.64833461E-9	
31.30000000E-3	-81.78434266E-9	
31.90000000E-3	-83.15385960E-9	
32.90000000E-3	-84.73659637E-9	
33.60000000E-3	-85.96448446E-9	
34.50000000E-3	-86.20585622E-9	
35.10000000E-3	-84.94297687E-9	
35.40000000E-3	-82.25702195E-9	
36.70000000E-3	-78.72750979E-9	
37.30000000E-3	-75.02049707E-9	
38.20000000E-3	-71.81595032E-9	
39.00000000E-3	-69.61698718E-9	
39.60000000E-3	-68.11744156E-9	
40.40000000E-3	-66.85270541E-9	
41.30000000E-3	-65.65269449E-9	
41.80000000E-3	-64.61832828E-9	
42.70000000E-3	-64.10097120E-9	
43.30000000E-3	-63.89158503E-9	
44.20000000E-3	-62.93531338E-9	
44.40000000E-3	-60.64566324E-9	
45.60000000E-3	-57.76219124E-9	
46.30000000E-3	-55.16211933E-9	
47.00000000E-3	-52.55190522E-9	
47.80000000E-3	-49.60666348E-9	
48.40000000E-3	-46.76381087E-9	
49.30000000E-3	-44.66013447E-9	
50.20000000E-3	-43.39344724E-9	
50.80000000E-3	-42.51063154E-9	
51.50000000E-3	-41.19869043E-9	
52.40000000E-3	-39.17324178E-9	
53.10000000E-3	-36.55413391E-9	
53.80000000E-3	-33.70308591E-9	
54.70000000E-3	-30.68295767E-9	
54.90000000E-3	-27.64500727E-9	
56.20000000E-3	-24.13560836E-9	
57.00000000E-3	-19.79800913E-9	
57.70000000E-3	-15.23789907E-9	
57.90000000E-3	-11.62773641E-9	
59.10000000E-3	-9.69280239E-9	
59.90000000E-3	-9.13849783E-9	
60.50000000E-3	-8.72701789E-9	
61.30000000E-3	-7.27862975E-9	
61.90000000E-3	-4.31041222E-9	
62.80000000E-3	-239.55554664E-12	
63.70000000E-3	3.78811699E-9	
64.30000000E-3	7.09872610E-9	
65.10000000E-3	10.09255675E-9	
65.90000000E-3	12.97498137E-9	
66.80000000E-3	15.59104104E-9	
67.40000000E-3	17.38717639E-9	
68.20000000E-3	18.38503403E-9	
68.80000000E-3	19.63682141E-9	
69.70000000E-3	22.36590798E-9	
70.00000000E-3	26.59277762E-9	
71.20000000E-3	30.82220451E-9	
72.10000000E-3	33.93997521E-9	
72.70000000E-3	36.18860248E-9	
73.60000000E-3	38.40230566E-9	
74.40000000E-3	40.34354311E-9	
75.10000000E-3	41.68152368E-9	
75.60000000E-3	42.45588264E-9	
76.50000000E-3	43.17672742E-9	
77.30000000E-3	44.06901184E-9	
77.90000000E-3	45.29011137E-9	
78.80000000E-3	47.22288381E-9	
79.60000000E-3	49.14186073E-9	
80.20000000E-3	50.48647158E-9	
81.00000000E-3	51.54609308E-9	
81.90000000E-3	53.18553777E-9	
82.20000000E-3	56.12860701E-9	
83.20000000E-3	60.30790628E-9	
84.10000000E-3	64.51306297E-9	
84.90000000E-3	67.55179703E-9	
85.60000000E-3	68.93271675E-9	
86.40000000E-3	68.87902905E-9	
87.10000000E-3	68.24428699E-9	
87.80000000E-3	67.54613130E-9	
88.60000000E-3	66.64998244E-9	
89.40000000E-3	65.65445533E-9	
90.10000000E-3	65.27746715E-9	
91.00000000E-3	65.56306883E-9	
91.50000000E-3	65.56466461E-9	
92.30000000E-3	64.83106339E-9	
93.20000000E-3	64.65234055E-9	
93.80000000E-3	65.90627826E-9	
94.60000000E-3	68.20193776E-9	
95.40000000E-3	70.31154958E-9	
96.00000000E-3	72.15147667E-9	
96.90000000E-3	74.30720573E-9	
97.70000000E-3	76.89312919E-9	
98.30000000E-3	79.25363658E-9	
99.20000000E-3	80.83309482E-9	
100.00000000E-3	81.43855031E-9	
100.50000000E-3	81.26352533E-9	
101.40000000E-3	80.71188868E-9	
102.30000000E-3	80.12516877E-9	
102.90000000E-3	79.80135349E-9	
103.70000000E-3	80.14043629E-9	
104.30000000E-3	81.35216361E-9	
105.20000000E-3	83.26426741E-9	
106.00000000E-3	85.14153011E-9	
106.50000000E-3	86.96431889E-9	
107.40000000E-3	88.85390022E-9	
108.30000000E-3	90.28952095E-9	
109.10000000E-3	90.73742214E-9	
109.70000000E-3	90.14575822E-9	
110.50000000E-3	88.54160845E-9	
111.10000000E-3	86.30463290E-9	
111.40000000E-3	84.40932177E-9	
112.60000000E-3	83.65123779E-9	
113.50000000E-3	84.24749682E-9	
114.20000000E-3	85.85479567E-9	
115.00000000E-3	87.97231932E-9	
115.60000000E-3	90.19988236E-9	
116.40000000E-3	92.16917414E-9	
117.00000000E-3	93.74539905E-9	
117.90000000E-3	95.19226062E-9	
118.70000000E-3	96.62483711E-9	
119.60000000E-3	98.23908931E-9	
120.20000000E-3	100.06378757E-9	
120.20000000E-3	101.44795584E-9	
121.90000000E-3	102.06217008E-9	
122.70000000E-3	102.24099939E-9	
123.30000000E-3	102.47775118E-9	
124.20000000E-3	103.68053392E-9	
124.70000000E-3	106.59721199E-9	
125.60000000E-3	110.62481687E-9	
126.30000000E-3	113.96152563E-9	
127.00000000E-3	116.37077242E-9	
127.80000000E-3	117.81363110E-9	
128.70000000E-3	118.28109939E-9	
129.30000000E-3	118.13377915E-9	
130.20000000E-3	117.76376437E-9	
130.80000000E-3	117.42846624E-9	
131.50000000E-3	117.40113027E-9	
132.40000000E-3	118.35052332E-9	
133.10000000E-3	120.61851249E-9	
133.80000000E-3	123.72397834E-9	
134.60000000E-3	126.77940785E-9	
135.00000000E-3	129.42122054E-9	
136.10000000E-3	131.52527895E-9	
136.90000000E-3	133.05677759E-9	
137.50000000E-3	133.72684678E-9	
138.40000000E-3	133.56138523E-9	
139.00000000E-3	133.54444644E-9	
140.00000000E-3	134.23131858E-9	
140.60000000E-3	135.10569993E-9	
141.50000000E-3	135.97073644E-9	
142.40000000E-3	137.23852241E-9	
142.90000000E-3	139.36231276E-9	
143.80000000E-3	141.96135248E-9	
144.40000000E-3	144.48335461E-9	
145.20000000E-3	147.05081504E-9	
146.10000000E-3	148.91393147E-9	
146.90000000E-3	149.70408393E-9	
147.50000000E-3	149.88544571E-9	
148.30000000E-3	150.14386559E-9	
148.90000000E-3	150.36955429E-9	
149.70000000E-3	150.42662934E-9	
150.60000000E-3	150.64793008E-9	
151.10000000E-3	151.43650616E-9	
152.10000000E-3	152.86850702E-9	
152.90000000E-3	154.38444691E-9	
153.50000000E-3	155.67083354E-9	
154.30000000E-3	156.93785533E-9	
155.20000000E-3	157.76283409E-9	
155.70000000E-3	158.31731552E-9	
156.60000000E-3	159.36286368E-9	
157.50000000E-3	160.73771134E-9	
158.00000000E-3	161.74455434E-9	
158.90000000E-3	162.41302913E-9	
159.10000000E-3	163.38979166E-9	
160.40000000E-3	164.82270715E-9	
161.00000000E-3	166.13727489E-9	
161.90000000E-3	166.84747828E-9	
162.60000000E-3	166.99732153E-9	
163.40000000E-3	167.02765931E-9	
164.20000000E-3	167.12827955E-9	
164.90000000E-3	167.35304046E-9	
165.60000000E-3	167.55192475E-9	
166.50000000E-3	167.68179135E-9	
167.00000000E-3	167.91199076E-9	
167.90000000E-3	168.52579405E-9	
168.70000000E-3	169.95877915E-9	
169.30000000E-3	171.98657036E-9	
170.10000000E-3	173.47701418E-9	
170.50000000E-3	173.96217258E-9	
171.70000000E-3	173.84858598E-9	
172.30000000E-3	173.30988392E-9	
173.10000000E-3	172.56653202E-9	
174.10000000E-3	172.06348550E-9	
174.60000000E-3	172.03795914E-9	
175.40000000E-3	172.29313791E-9	
176.10000000E-3	172.52699380E-9	
176.90000000E-3	172.56605952E-9	
177.60000000E-3	172.40293081E-9	
178.50000000E-3	172.49035009E-9	
179.20000000E-3	173.28272213E-9	
180.00000000E-3	174.78925816E-9	
180.70000000E-3	176.05362757E-9	
181.40000000E-3	176.31632512E-9	
182.30000000E-3	176.05304835E-9	
183.00000000E-3	176.11365427E-9	
183.80000000E-3	176.53305747E-9	
184.00000000E-3	176.73107187E-9	
185.20000000E-3	176.63793962E-9	
186.00000000E-3	176.66922821E-9	
186.60000000E-3	177.25040883E-9	
187.30000000E-3	178.18815843E-9	
188.20000000E-3	178.30034797E-9	
189.00000000E-3	176.68141038E-9	
189.60000000E-3	174.14969638E-9	
190.50000000E-3	172.49705005E-9	
191.00000000E-3	172.27411439E-9	
192.00000000E-3	172.71138226E-9	
192.50000000E-3	172.93015047E-9	
193.50000000E-3	172.87652039E-9	
194.30000000E-3	172.98034261E-9	
194.90000000E-3	173.63825325E-9	
195.80000000E-3	174.66412924E-9	
196.70000000E-3	175.53178441E-9	
197.30000000E-3	175.92655969E-9	
198.10000000E-3	175.76244960E-9	
198.90000000E-3	175.41091406E-9	
199.50000000E-3	175.45564023E-9	
