0.00000000E+0	-65.42328674E-9	
0.00000000E+0	-62.62575657E-9	
100.00000000E-6	-63.06661416E-9	
500.00000000E-6	-64.51796259E-9	
800.00000000E-6	-66.11633333E-9	
1.20000000E-3	-67.49383462E-9	
1.90000000E-3	-68.78619771E-9	
2.30000000E-3	-69.64336867E-9	
3.10000000E-3	-69.62149753E-9	
3.50000000E-3	-68.71109654E-9	
4.30000000E-3	-67.27666772E-9	
5.00000000E-3	-65.93651700E-9	
5.50000000E-3	-64.92844629E-9	
6.20000000E-3	-64.22061006E-9	
6.80000000E-3	-64.04850091E-9	
7.70000000E-3	-64.40349488E-9	
8.60000000E-3	-64.87747179E-9	
9.10000000E-3	-65.01199878E-9	
10.00000000E-3	-64.81920205E-9	
10.60000000E-3	-65.24440978E-9	
11.50000000E-3	-66.74588593E-9	
12.00000000E-3	-68.61857780E-9	
13.00000000E-3	-69.45100173E-9	
13.60000000E-3	-68.67748027E-9	
14.50000000E-3	-67.43978460E-9	
15.10000000E-3	-67.28243016E-9	
15.80000000E-3	-68.66244306E-9	
16.60000000E-3	-70.46277578E-9	
17.50000000E-3	-71.57560119E-9	
18.00000000E-3	-72.31283566E-9	
18.90000000E-3	-73.23081431E-9	
19.70000000E-3	-74.26217180E-9	
20.40000000E-3	-74.94590960E-9	
21.10000000E-3	-74.80798140E-9	
22.00000000E-3	-74.20335537E-9	
22.60000000E-3	-74.09241027E-9	
23.60000000E-3	-74.54606853E-9	
24.10000000E-3	-74.44177599E-9	
25.10000000E-3	-73.55757639E-9	
25.80000000E-3	-72.38569841E-9	
26.50000000E-3	-71.33830528E-9	
27.10000000E-3	-70.88246483E-9	
28.00000000E-3	-71.05166221E-9	
28.70000000E-3	-71.27392188E-9	
29.60000000E-3	-70.71431341E-9	
30.50000000E-3	-69.21073406E-9	
31.10000000E-3	-67.55062748E-9	
31.80000000E-3	-66.21607373E-9	
32.30000000E-3	-65.12212256E-9	
32.70000000E-3	-64.40092165E-9	
34.00000000E-3	-64.11408640E-9	
34.90000000E-3	-64.03309557E-9	
35.50000000E-3	-64.17221242E-9	
36.30000000E-3	-64.35667668E-9	
37.00000000E-3	-63.95636791E-9	
37.60000000E-3	-62.79770168E-9	
38.50000000E-3	-61.50801894E-9	
39.40000000E-3	-60.74339841E-9	
40.00000000E-3	-59.90187419E-9	
40.90000000E-3	-58.46771543E-9	
41.70000000E-3	-57.02065253E-9	
42.40000000E-3	-56.09773096E-9	
43.00000000E-3	-55.94062400E-9	
43.90000000E-3	-56.40632457E-9	
44.40000000E-3	-57.27318306E-9	
45.40000000E-3	-57.89907707E-9	
46.30000000E-3	-57.87549809E-9	
46.90000000E-3	-57.26112743E-9	
47.50000000E-3	-55.80578723E-9	
48.10000000E-3	-53.43278239E-9	
49.00000000E-3	-50.83441818E-9	
49.90000000E-3	-48.77133841E-9	
50.50000000E-3	-47.28002517E-9	
51.40000000E-3	-45.58702537E-9	
52.10000000E-3	-42.76148102E-9	
52.30000000E-3	-39.08599285E-9	
53.50000000E-3	-35.60595147E-9	
54.40000000E-3	-33.51787871E-9	
55.10000000E-3	-33.55486485E-9	
56.00000000E-3	-34.95053149E-9	
56.60000000E-3	-35.85926480E-9	
57.20000000E-3	-35.26137432E-9	
58.10000000E-3	-33.36472012E-9	
58.90000000E-3	-30.92574015E-9	
59.20000000E-3	-29.12564836E-9	
60.40000000E-3	-28.70365598E-9	
61.10000000E-3	-29.00401895E-9	
62.00000000E-3	-28.80397897E-9	
62.60000000E-3	-27.54045995E-9	
63.50000000E-3	-25.25803609E-9	
64.10000000E-3	-22.66444337E-9	
64.70000000E-3	-20.22115463E-9	
65.70000000E-3	-18.56179905E-9	
66.00000000E-3	-17.58914083E-9	
66.80000000E-3	-16.64689594E-9	
68.00000000E-3	-15.39710454E-9	
68.70000000E-3	-13.82212895E-9	
69.40000000E-3	-12.02876320E-9	
70.30000000E-3	-10.02884207E-9	
70.90000000E-3	-7.80506242E-9	
71.80000000E-3	-5.76040895E-9	
72.40000000E-3	-4.43831375E-9	
73.30000000E-3	-3.91888462E-9	
73.90000000E-3	-3.80609444E-9	
74.50000000E-3	-3.27845461E-9	
75.40000000E-3	-1.90520704E-9	
76.30000000E-3	-317.05069268E-12	
76.90000000E-3	1.40750435E-9	
77.90000000E-3	3.37915513E-9	
78.50000000E-3	5.16586423E-9	
79.10000000E-3	6.35550413E-9	
80.10000000E-3	6.64020969E-9	
80.70000000E-3	5.37989857E-9	
81.60000000E-3	3.23424830E-9	
82.20000000E-3	2.70075522E-9	
83.00000000E-3	4.81560050E-9	
83.60000000E-3	7.73169386E-9	
84.50000000E-3	9.58459434E-9	
85.20000000E-3	10.56442604E-9	
85.80000000E-3	11.59428819E-9	
86.70000000E-3	12.89849158E-9	
87.60000000E-3	14.11600879E-9	
88.20000000E-3	15.06834802E-9	
88.80000000E-3	15.89566065E-9	
89.80000000E-3	16.56888875E-9	
90.70000000E-3	17.55087452E-9	
90.90000000E-3	19.27783318E-9	
92.00000000E-3	20.59330151E-9	
92.80000000E-3	20.43198479E-9	
93.40000000E-3	19.49790038E-9	
94.40000000E-3	19.07365695E-9	
94.90000000E-3	19.73248436E-9	
95.90000000E-3	21.66741512E-9	
96.80000000E-3	23.77170319E-9	
97.30000000E-3	25.48006621E-9	
98.00000000E-3	26.73244748E-9	
98.90000000E-3	27.95479028E-9	
99.80000000E-3	28.96692697E-9	
100.50000000E-3	29.14038407E-9	
101.10000000E-3	28.35029312E-9	
101.70000000E-3	26.83636930E-9	
102.70000000E-3	25.27411838E-9	
103.60000000E-3	24.87124942E-9	
104.20000000E-3	25.61897448E-9	
104.80000000E-3	26.31988280E-9	
105.50000000E-3	26.60495478E-9	
106.40000000E-3	27.16159505E-9	
107.30000000E-3	28.45622398E-9	
107.30000000E-3	30.20510934E-9	
108.70000000E-3	31.65414139E-9	
109.30000000E-3	32.59793575E-9	
110.20000000E-3	33.96278129E-9	
111.10000000E-3	36.08082972E-9	
111.80000000E-3	38.02056866E-9	
112.40000000E-3	39.32458406E-9	
113.20000000E-3	40.75558759E-9	
113.50000000E-3	42.89484342E-9	
114.70000000E-3	45.65821369E-9	
115.40000000E-3	47.64516313E-9	
116.10000000E-3	48.02045060E-9	
117.00000000E-3	46.31183558E-9	
117.90000000E-3	43.26311090E-9	
118.60000000E-3	39.99237368E-9	
119.10000000E-3	38.27364342E-9	
120.00000000E-3	38.98868111E-9	
120.90000000E-3	41.69299646E-9	
121.50000000E-3	45.35621527E-9	
122.40000000E-3	48.92767133E-9	
122.90000000E-3	51.60086093E-9	
123.30000000E-3	53.02464431E-9	
124.50000000E-3	53.77534349E-9	
125.20000000E-3	54.38940556E-9	
125.90000000E-3	54.44491586E-9	
126.80000000E-3	53.43030749E-9	
127.70000000E-3	51.77955551E-9	
128.40000000E-3	50.96349619E-9	
128.90000000E-3	52.20090761E-9	
129.80000000E-3	54.95213170E-9	
130.50000000E-3	57.98285162E-9	
131.40000000E-3	60.23762479E-9	
132.10000000E-3	61.27884365E-9	
132.60000000E-3	61.29690920E-9	
133.50000000E-3	60.71021568E-9	
134.20000000E-3	59.49122910E-9	
135.10000000E-3	57.43706734E-9	
135.70000000E-3	55.51936526E-9	
136.30000000E-3	55.40272909E-9	
137.30000000E-3	57.58591721E-9	
137.90000000E-3	61.29272138E-9	
138.80000000E-3	65.24806250E-9	
139.40000000E-3	68.35147972E-9	
140.10000000E-3	70.62531259E-9	
141.00000000E-3	72.39425939E-9	
141.90000000E-3	73.83243561E-9	
142.60000000E-3	75.24678899E-9	
143.10000000E-3	76.77741862E-9	
143.80000000E-3	78.42282082E-9	
144.70000000E-3	80.09106625E-9	
145.60000000E-3	81.54325088E-9	
146.30000000E-3	82.42882928E-9	
146.90000000E-3	82.64497622E-9	
147.90000000E-3	82.95008631E-9	
148.40000000E-3	83.57958238E-9	
149.40000000E-3	84.26908953E-9	
150.00000000E-3	84.80024720E-9	
150.60000000E-3	84.74637107E-9	
151.60000000E-3	83.75388277E-9	
152.20000000E-3	81.82843304E-9	
153.10000000E-3	79.55163308E-9	
153.80000000E-3	78.27049830E-9	
154.30000000E-3	79.34421118E-9	
155.30000000E-3	83.40406083E-9	
156.30000000E-3	88.49913157E-9	
156.90000000E-3	92.71088242E-9	
157.50000000E-3	95.20477794E-9	
158.40000000E-3	96.16192544E-9	
159.10000000E-3	95.63328336E-9	
160.00000000E-3	93.99775117E-9	
160.60000000E-3	92.40811198E-9	
161.50000000E-3	92.07165605E-9	
162.20000000E-3	92.78368856E-9	
162.70000000E-3	93.24235244E-9	
163.80000000E-3	93.11529038E-9	
164.30000000E-3	93.13095836E-9	
165.20000000E-3	94.06908190E-9	
165.80000000E-3	95.65316388E-9	
166.40000000E-3	97.21148082E-9	
167.40000000E-3	98.24704400E-9	
168.30000000E-3	98.34928477E-9	
168.90000000E-3	97.87464441E-9	
169.60000000E-3	97.26713121E-9	
170.50000000E-3	96.62532583E-9	
171.10000000E-3	96.16110629E-9	
172.10000000E-3	95.89205035E-9	
172.70000000E-3	95.76072184E-9	
173.30000000E-3	96.27884638E-9	
174.20000000E-3	97.82933941E-9	
174.80000000E-3	99.93677671E-9	
175.80000000E-3	101.25939553E-9	
176.40000000E-3	101.53273914E-9	
177.10000000E-3	101.73156896E-9	
178.00000000E-3	102.88098196E-9	
178.90000000E-3	104.71383428E-9	
179.50000000E-3	106.38661279E-9	
180.40000000E-3	107.96108122E-9	
180.70000000E-3	109.48280200E-9	
181.80000000E-3	110.46309870E-9	
182.70000000E-3	110.15897979E-9	
183.30000000E-3	108.52200106E-9	
183.90000000E-3	106.53323044E-9	
184.90000000E-3	105.37812483E-9	
185.70000000E-3	105.08641156E-9	
186.40000000E-3	104.76263586E-9	
187.00000000E-3	104.11454261E-9	
187.70000000E-3	103.78095025E-9	
188.60000000E-3	104.41949402E-9	
189.50000000E-3	105.67544912E-9	
190.10000000E-3	106.50904277E-9	
191.00000000E-3	106.15269231E-9	
191.60000000E-3	105.17891377E-9	
192.40000000E-3	104.77376273E-9	
193.10000000E-3	105.61370169E-9	
193.60000000E-3	107.16123668E-9	
194.50000000E-3	108.64027527E-9	
195.40000000E-3	109.17549655E-9	
196.00000000E-3	107.99920959E-9	
196.90000000E-3	105.67947220E-9	
197.80000000E-3	104.28522619E-9	
198.60000000E-3	105.03639381E-9	
199.30000000E-3	108.06353576E-9	
199.90000000E-3	112.26872779E-9	
