-199.90000000E-3	89.65780153E-6	
-200.00000000E-3	89.67067796E-6	
-200.00000000E-3	89.66102065E-6	
-199.90000000E-3	89.60428608E-6	
-199.70000000E-3	89.54961175E-6	
-199.40000000E-3	89.51647611E-6	
-199.00000000E-3	89.49895712E-6	
-198.80000000E-3	89.49158472E-6	
-198.30000000E-3	89.47813519E-6	
-197.90000000E-3	89.46377073E-6	
-197.50000000E-3	89.47235094E-6	
-197.00000000E-3	89.51116442E-6	
-196.60000000E-3	89.58373504E-6	
-195.80000000E-3	89.68367855E-6	
-195.30000000E-3	89.78812856E-6	
-194.80000000E-3	89.87849636E-6	
-194.20000000E-3	89.94224079E-6	
-193.70000000E-3	89.98579332E-6	
-193.20000000E-3	90.02427822E-6	
-192.40000000E-3	90.06779105E-6	
-191.80000000E-3	90.10927637E-6	
-191.20000000E-3	90.13718126E-6	
-190.70000000E-3	90.15820070E-6	
-190.10000000E-3	90.17549659E-6	
-189.50000000E-3	90.19697883E-6	
-188.90000000E-3	90.24772275E-6	
-188.10000000E-3	90.30323568E-6	
-187.60000000E-3	90.31164687E-6	
-187.00000000E-3	90.27199113E-6	
-186.50000000E-3	90.23021637E-6	
-185.90000000E-3	90.21276078E-6	
-185.30000000E-3	90.21381156E-6	
-184.50000000E-3	90.21572643E-6	
-184.10000000E-3	90.22936120E-6	
-183.60000000E-3	90.28061815E-6	
-183.00000000E-3	90.36208376E-6	
-182.40000000E-3	90.45983425E-6	
-181.50000000E-3	90.58184069E-6	
-180.80000000E-3	90.72917156E-6	
-180.40000000E-3	90.90906552E-6	
-179.80000000E-3	91.12990392E-6	
-179.30000000E-3	91.36259008E-6	
-178.70000000E-3	91.54859914E-6	
-177.80000000E-3	91.65869281E-6	
-177.20000000E-3	91.73111821E-6	
-176.70000000E-3	91.81287442E-6	
-176.10000000E-3	91.89012949E-6	
-175.50000000E-3	91.94254083E-6	
-174.90000000E-3	92.01902515E-6	
-174.20000000E-3	92.17538659E-6	
-173.50000000E-3	92.41373139E-6	
-172.90000000E-3	92.71209730E-6	
-172.30000000E-3	93.00904310E-6	
-171.80000000E-3	93.22141092E-6	
-171.20000000E-3	93.32761849E-6	
-170.40000000E-3	93.37839982E-6	
-169.80000000E-3	93.40634270E-6	
-169.20000000E-3	93.39678291E-6	
-168.60000000E-3	93.33361922E-6	
-168.00000000E-3	93.21382547E-6	
-167.50000000E-3	93.06853916E-6	
-166.70000000E-3	92.94277719E-6	
-166.00000000E-3	92.88222242E-6	
-165.50000000E-3	92.94289746E-6	
-164.90000000E-3	93.16017041E-6	
-164.30000000E-3	93.45396202E-6	
-163.70000000E-3	93.67504206E-6	
-163.10000000E-3	93.76024555E-6	
-162.30000000E-3	93.74961010E-6	
-161.70000000E-3	93.72017532E-6	
-161.20000000E-3	93.76038551E-6	
-160.60000000E-3	93.89494827E-6	
-160.00000000E-3	94.09428104E-6	
-159.40000000E-3	94.34238340E-6	
-158.60000000E-3	94.59847304E-6	
-158.00000000E-3	94.78594111E-6	
-157.40000000E-3	94.79481087E-6	
-156.80000000E-3	94.55336403E-6	
-156.20000000E-3	94.13815577E-6	
-155.60000000E-3	93.76617585E-6	
-154.90000000E-3	93.58321325E-6	
-154.20000000E-3	93.60814353E-6	
-153.70000000E-3	93.77638552E-6	
-153.10000000E-3	93.98197017E-6	
-152.50000000E-3	94.15092984E-6	
-152.00000000E-3	94.27103694E-6	
-151.20000000E-3	94.35981849E-6	
-150.50000000E-3	94.42565008E-6	
-149.90000000E-3	94.44171800E-6	
-149.40000000E-3	94.34866916E-6	
-148.70000000E-3	94.15123283E-6	
-148.20000000E-3	93.96801614E-6	
-147.60000000E-3	93.87309091E-6	
-146.90000000E-3	93.83255746E-6	
-146.20000000E-3	93.79465952E-6	
-145.60000000E-3	93.72728996E-6	
-145.00000000E-3	93.63122739E-6	
-144.40000000E-3	93.55421300E-6	
-143.80000000E-3	93.50422979E-6	
-143.10000000E-3	93.45726435E-6	
-142.40000000E-3	93.46142403E-6	
-141.90000000E-3	93.56904176E-6	
-141.30000000E-3	93.74584208E-6	
-140.70000000E-3	93.92098005E-6	
-140.10000000E-3	94.04968709E-6	
-139.50000000E-3	94.17075328E-6	
-138.70000000E-3	94.32673519E-6	
-138.10000000E-3	94.48943392E-6	
-137.50000000E-3	94.63442213E-6	
-136.90000000E-3	94.76033128E-6	
-136.40000000E-3	94.85042056E-6	
-135.80000000E-3	94.90247483E-6	
-134.90000000E-3	94.91242502E-6	
-134.30000000E-3	94.84549072E-6	
-134.10000000E-3	94.70509069E-6	
-133.20000000E-3	94.59030845E-6	
-132.70000000E-3	94.58893070E-6	
-132.10000000E-3	94.66454225E-6	
-131.50000000E-3	94.77701499E-6	
-130.60000000E-3	94.92916083E-6	
-130.10000000E-3	95.08162448E-6	
-129.80000000E-3	95.22859967E-6	
-129.20000000E-3	95.40951393E-6	
-128.30000000E-3	95.62045680E-6	
-127.70000000E-3	95.82185953E-6	
-127.10000000E-3	95.98686082E-6	
-126.60000000E-3	96.10905930E-6	
-126.00000000E-3	96.15710184E-6	
-125.50000000E-3	96.09469448E-6	
-124.60000000E-3	95.93591923E-6	
-124.00000000E-3	95.72346533E-6	
-123.40000000E-3	95.53174585E-6	
-122.80000000E-3	95.42254038E-6	
-122.30000000E-3	95.39801605E-6	
-121.70000000E-3	95.40121135E-6	
-121.10000000E-3	95.40883919E-6	
-120.30000000E-3	95.40214883E-6	
-119.70000000E-3	95.35218652E-6	
-119.10000000E-3	95.27985857E-6	
-118.50000000E-3	95.19137563E-6	
-118.00000000E-3	95.04665178E-6	
-117.30000000E-3	94.87381025E-6	
-116.50000000E-3	94.79822025E-6	
-116.00000000E-3	94.88426727E-6	
-115.40000000E-3	95.07101255E-6	
-114.80000000E-3	95.24392930E-6	
-114.20000000E-3	95.32321967E-6	
-113.60000000E-3	95.22113493E-6	
-112.90000000E-3	94.91957280E-6	
-112.20000000E-3	94.59867060E-6	
-111.70000000E-3	94.44713100E-6	
-111.10000000E-3	94.45857020E-6	
-110.50000000E-3	94.50793740E-6	
-109.90000000E-3	94.52776912E-6	
-109.10000000E-3	94.52372506E-6	
-108.50000000E-3	94.52367184E-6	
-107.90000000E-3	94.55389386E-6	
-107.30000000E-3	94.59482293E-6	
-106.70000000E-3	94.60511904E-6	
-106.10000000E-3	94.58615766E-6	
-105.60000000E-3	94.56660846E-6	
-104.70000000E-3	94.55570342E-6	
-104.10000000E-3	94.58961037E-6	
-103.50000000E-3	94.70805389E-6	
-102.90000000E-3	94.87413106E-6	
-102.40000000E-3	95.02391637E-6	
-101.80000000E-3	95.14048081E-6	
-101.30000000E-3	95.25945493E-6	
-100.40000000E-3	95.38756435E-6	
-99.80000000E-3	95.50688126E-6	
-99.20000000E-3	95.61872882E-6	
-98.60000000E-3	95.75363809E-6	
-98.00000000E-3	95.88656448E-6	
-97.50000000E-3	95.95753932E-6	
-96.70000000E-3	95.97705550E-6	
-96.00000000E-3	96.01249519E-6	
-95.40000000E-3	96.09280555E-6	
-94.90000000E-3	96.24324741E-6	
-94.30000000E-3	96.49026225E-6	
-93.70000000E-3	96.82602229E-6	
-93.10000000E-3	97.21854269E-6	
-92.50000000E-3	97.57048984E-6	
-91.90000000E-3	97.81110826E-6	
-91.30000000E-3	97.94119555E-6	
-90.60000000E-3	97.96367066E-6	
-89.80000000E-3	97.84997571E-6	
-89.20000000E-3	97.63717120E-6	
-88.60000000E-3	97.41080538E-6	
-88.00000000E-3	97.24366279E-6	
-87.40000000E-3	97.16939771E-6	
-86.80000000E-3	97.13741417E-6	
-86.10000000E-3	97.06354490E-6	
-85.60000000E-3	96.92436519E-6	
-85.00000000E-3	96.79004237E-6	
-84.40000000E-3	96.71892437E-6	
-83.80000000E-3	96.71090801E-6	
-83.20000000E-3	96.79765198E-6	
-82.40000000E-3	97.02702992E-6	
-81.90000000E-3	97.37842958E-6	
-81.10000000E-3	97.75100946E-6	
-80.40000000E-3	98.05274181E-6	
-79.80000000E-3	98.26373951E-6	
-79.30000000E-3	98.42658343E-6	
-78.70000000E-3	98.59245649E-6	
-78.30000000E-3	98.76332239E-6	
-77.70000000E-3	98.91468192E-6	
-77.10000000E-3	98.96372093E-6	
-76.50000000E-3	98.87181590E-6	
-75.90000000E-3	98.72512590E-6	
-75.20000000E-3	98.67613974E-6	
-74.40000000E-3	98.77602412E-6	
-73.80000000E-3	98.89371820E-6	
-73.20000000E-3	98.89408362E-6	
-72.60000000E-3	98.79083625E-6	
-72.00000000E-3	98.72315232E-6	
-71.40000000E-3	98.74645815E-6	
-70.80000000E-3	98.81211307E-6	
-70.20000000E-3	98.85657064E-6	
-69.60000000E-3	98.82663062E-6	
-68.90000000E-3	98.72655448E-6	
-68.30000000E-3	98.64301908E-6	
-67.80000000E-3	98.64571193E-6	
-67.20000000E-3	98.73204157E-6	
-66.60000000E-3	98.87418347E-6	
-66.00000000E-3	98.99732380E-6	
-65.30000000E-3	98.98832428E-6	
-64.60000000E-3	98.83112304E-6	
-63.80000000E-3	98.62385949E-6	
-63.20000000E-3	98.47460381E-6	
-62.60000000E-3	98.48268749E-6	
-62.00000000E-3	98.64755947E-6	
-61.50000000E-3	98.83148414E-6	
-60.90000000E-3	98.91085651E-6	
-60.30000000E-3	98.85755340E-6	
-59.70000000E-3	98.72307212E-6	
-59.00000000E-3	98.63562474E-6	
-58.40000000E-3	98.71885432E-6	
-57.80000000E-3	98.98746362E-6	
-57.20000000E-3	99.33208418E-6	
-56.60000000E-3	99.62555109E-6	
-56.00000000E-3	99.83460994E-6	
-55.20000000E-3	99.95217243E-6	
-54.70000000E-3	100.00143089E-6	
-54.00000000E-3	100.02271385E-6	
-53.30000000E-3	100.01879503E-6	
-52.70000000E-3	99.98270443E-6	
-52.10000000E-3	99.88439524E-6	
-51.50000000E-3	99.66578249E-6	
-50.90000000E-3	99.36157488E-6	
-50.30000000E-3	99.10152240E-6	
-49.70000000E-3	98.95982816E-6	
-49.10000000E-3	98.90196393E-6	
-48.50000000E-3	98.92746136E-6	
-47.90000000E-3	99.04357309E-6	
-47.30000000E-3	99.17584780E-6	
-46.70000000E-3	99.23806674E-6	
-46.10000000E-3	99.21596537E-6	
-45.30000000E-3	99.13972548E-6	
-44.60000000E-3	99.06232853E-6	
-44.00000000E-3	99.02199248E-6	
-43.40000000E-3	99.03212084E-6	
-42.80000000E-3	99.06371430E-6	
-42.20000000E-3	99.01007178E-6	
-41.60000000E-3	98.78656787E-6	
-41.00000000E-3	98.47234784E-6	
-40.30000000E-3	98.23050718E-6	
-39.80000000E-3	98.12407479E-6	
-39.20000000E-3	98.12229256E-6	
-38.60000000E-3	98.21236735E-6	
-37.90000000E-3	98.37424869E-6	
-37.40000000E-3	98.56989090E-6	
-36.80000000E-3	98.72237847E-6	
-36.20000000E-3	98.73634409E-6	
-35.60000000E-3	98.60341828E-6	
-34.80000000E-3	98.35774728E-6	
-34.00000000E-3	98.08598851E-6	
-33.40000000E-3	97.93563305E-6	
-32.80000000E-3	98.00513226E-6	
-32.20000000E-3	98.26887865E-6	
-31.60000000E-3	98.60145604E-6	
-31.00000000E-3	98.79000787E-6	
-30.40000000E-3	98.72947135E-6	
-29.80000000E-3	98.49167630E-6	
-29.20000000E-3	98.21967408E-6	
-28.60000000E-3	97.98049634E-6	
-28.00000000E-3	97.74940047E-6	
-27.60000000E-3	97.54015548E-6	
-26.80000000E-3	97.46353156E-6	
-26.20000000E-3	97.58959985E-6	
-25.60000000E-3	97.85449935E-6	
-25.00000000E-3	98.17442488E-6	
-24.30000000E-3	98.48020495E-6	
-23.50000000E-3	98.73317190E-6	
-22.90000000E-3	98.95809764E-6	
-22.60000000E-3	99.09636682E-6	
-22.00000000E-3	99.08055635E-6	
-21.40000000E-3	98.98522970E-6	
-20.80000000E-3	99.00374536E-6	
-20.20000000E-3	99.22600465E-6	
-19.50000000E-3	99.52299537E-6	
-18.90000000E-3	99.72259026E-6	
-18.30000000E-3	99.78319302E-6	
-17.70000000E-3	99.76646659E-6	
-17.00000000E-3	99.72238979E-6	
-16.20000000E-3	99.65233744E-6	
-15.60000000E-3	99.55977027E-6	
-15.00000000E-3	99.44171182E-6	
-14.40000000E-3	99.25962594E-6	
-13.80000000E-3	98.97271691E-6	
-13.20000000E-3	98.63638930E-6	
-12.60000000E-3	98.39577869E-6	
-12.00000000E-3	98.34548597E-6	
-11.40000000E-3	98.48574959E-6	
-10.80000000E-3	98.71258983E-6	
-10.20000000E-3	98.85885151E-6	
-9.60000000E-3	98.80796098E-6	
-9.00000000E-3	98.61427759E-6	
-8.40000000E-3	98.40169257E-6	
-7.70000000E-3	98.24470201E-6	
-6.90000000E-3	98.17452099E-6	
-6.30000000E-3	98.19677423E-6	
-5.70000000E-3	98.32056725E-6	
-5.10000000E-3	98.50011136E-6	
-4.50000000E-3	98.60405401E-6	
-3.90000000E-3	98.56743270E-6	
-3.30000000E-3	98.43712040E-6	
-2.60000000E-3	98.27580013E-6	
-1.90000000E-3	98.11393050E-6	
-1.30000000E-3	97.98376639E-6	
-700.00000000E-6	97.91727054E-6	
-100.00000000E-6	97.90147989E-6	
500.00000000E-6	97.95174747E-6	
1.10000000E-3	98.14888213E-6	
1.80000000E-3	98.50066926E-6	
2.30000000E-3	98.84890536E-6	
3.10000000E-3	99.00399541E-6	
3.80000000E-3	98.99229555E-6	
4.50000000E-3	98.96996111E-6	
5.10000000E-3	99.04416054E-6	
5.70000000E-3	99.19903986E-6	
6.30000000E-3	99.35950033E-6	
7.00000000E-3	99.49712134E-6	
7.60000000E-3	99.63010044E-6	
8.20000000E-3	99.77215403E-6	
8.80000000E-3	99.90758829E-6	
9.50000000E-3	99.98994378E-6	
10.10000000E-3	100.01624365E-6	
10.70000000E-3	100.03871616E-6	
11.40000000E-3	100.07997666E-6	
12.00000000E-3	100.09579316E-6	
12.50000000E-3	99.99589404E-6	
12.50000000E-3	99.77346236E-6	
13.70000000E-3	99.50077705E-6	
14.30000000E-3	99.25998871E-6	
14.90000000E-3	99.08968188E-6	
15.50000000E-3	98.98491337E-6	
16.20000000E-3	98.97422678E-6	
16.80000000E-3	99.08811457E-6	
17.30000000E-3	99.26995216E-6	
18.00000000E-3	99.40283684E-6	
18.60000000E-3	99.49371253E-6	
19.20000000E-3	99.66379881E-6	
19.80000000E-3	99.94875766E-6	
20.40000000E-3	100.26158214E-6	
20.70000000E-3	100.54744018E-6	
21.70000000E-3	100.76146522E-6	
22.50000000E-3	100.79682268E-6	
23.10000000E-3	100.63679759E-6	
23.80000000E-3	100.40647902E-6	
24.40000000E-3	100.25502377E-6	
25.00000000E-3	100.31345431E-6	
25.60000000E-3	100.54033738E-6	
26.20000000E-3	100.72846926E-6	
26.50000000E-3	100.79487144E-6	
27.40000000E-3	100.80256663E-6	
27.70000000E-3	100.88007368E-6	
28.60000000E-3	101.10428237E-6	
28.90000000E-3	101.43529766E-6	
29.60000000E-3	101.76820028E-6	
30.20000000E-3	101.99455471E-6	
30.80000000E-3	102.04239673E-6	
31.50000000E-3	101.98613051E-6	
32.10000000E-3	102.01408482E-6	
33.00000000E-3	102.13847608E-6	
33.30000000E-3	102.22580635E-6	
33.90000000E-3	102.23317102E-6	
34.60000000E-3	102.20711120E-6	
35.10000000E-3	102.17520542E-6	
35.70000000E-3	102.12960567E-6	
36.40000000E-3	102.07068638E-6	
37.00000000E-3	102.01615216E-6	
37.60000000E-3	101.98593334E-6	
38.20000000E-3	101.95819825E-6	
38.80000000E-3	101.91617813E-6	
39.50000000E-3	101.89930940E-6	
40.10000000E-3	101.94261868E-6	
40.70000000E-3	102.04389051E-6	
41.30000000E-3	102.22039991E-6	
42.00000000E-3	102.41176123E-6	
42.60000000E-3	102.51802483E-6	
43.50000000E-3	102.63028061E-6	
44.10000000E-3	102.87316476E-6	
44.70000000E-3	103.23625569E-6	
45.30000000E-3	103.62628669E-6	
45.90000000E-3	103.89691693E-6	
46.50000000E-3	104.04469440E-6	
47.20000000E-3	104.23393764E-6	
47.80000000E-3	104.56296111E-6	
48.40000000E-3	104.94268814E-6	
49.00000000E-3	105.18911458E-6	
49.60000000E-3	105.22788429E-6	
50.30000000E-3	105.11175407E-6	
50.90000000E-3	104.94535343E-6	
51.50000000E-3	104.73876561E-6	
52.10000000E-3	104.49385507E-6	
52.70000000E-3	104.28351444E-6	
53.40000000E-3	104.13689983E-6	
54.00000000E-3	104.09212084E-6	
54.60000000E-3	104.22506333E-6	
54.90000000E-3	104.59202042E-6	
55.80000000E-3	105.14555961E-6	
56.50000000E-3	105.76594220E-6	
57.10000000E-3	106.32450612E-6	
57.70000000E-3	106.75987581E-6	
58.30000000E-3	106.98868722E-6	
59.00000000E-3	106.89678600E-6	
59.60000000E-3	106.55437889E-6	
59.90000000E-3	106.15635202E-6	
60.50000000E-3	105.83982435E-6	
61.10000000E-3	105.64235782E-6	
61.80000000E-3	105.53164928E-6	
62.40000000E-3	105.46404209E-6	
63.30000000E-3	105.43228298E-6	
63.90000000E-3	105.44013413E-6	
64.50000000E-3	105.48096268E-6	
64.90000000E-3	105.59881715E-6	
65.50000000E-3	105.81683075E-6	
66.10000000E-3	106.02665078E-6	
66.70000000E-3	106.17731382E-6	
67.40000000E-3	106.33750172E-6	
67.90000000E-3	106.53843709E-6	
68.60000000E-3	106.74707560E-6	
69.20000000E-3	106.91819818E-6	
69.90000000E-3	106.99325585E-6	
70.40000000E-3	106.88529147E-6	
71.10000000E-3	106.58582438E-6	
71.70000000E-3	106.25205528E-6	
72.30000000E-3	106.03594468E-6	
72.90000000E-3	105.91047132E-6	
73.50000000E-3	105.77190187E-6	
74.20000000E-3	105.60596346E-6	
74.80000000E-3	105.47659066E-6	
75.40000000E-3	105.47890588E-6	
76.00000000E-3	105.66866577E-6	
76.60000000E-3	105.97892008E-6	
77.30000000E-3	106.30404968E-6	
77.90000000E-3	106.56085724E-6	
78.50000000E-3	106.72403965E-6	
79.10000000E-3	106.82635873E-6	
79.80000000E-3	106.92916613E-6	
80.30000000E-3	107.16134482E-6	
81.00000000E-3	107.60002739E-6	
81.60000000E-3	108.13176734E-6	
82.30000000E-3	108.58996818E-6	
82.90000000E-3	108.91698211E-6	
83.50000000E-3	109.05117473E-6	
84.10000000E-3	108.98228441E-6	
84.80000000E-3	108.86599130E-6	
85.40000000E-3	108.82988923E-6	
86.10000000E-3	108.79576336E-6	
86.70000000E-3	108.68027075E-6	
87.30000000E-3	108.61270801E-6	
88.00000000E-3	108.71768960E-6	
88.60000000E-3	108.96920112E-6	
89.20000000E-3	109.25206078E-6	
89.80000000E-3	109.45271369E-6	
90.40000000E-3	109.57025835E-6	
90.40000000E-3	109.70141341E-6	
91.60000000E-3	109.91795442E-6	
92.40000000E-3	110.19064185E-6	
93.00000000E-3	110.44417503E-6	
93.70000000E-3	110.63784142E-6	
94.30000000E-3	110.80576888E-6	
94.90000000E-3	110.99348489E-6	
95.50000000E-3	111.20385307E-6	
96.10000000E-3	111.36988118E-6	
96.80000000E-3	111.41234956E-6	
97.40000000E-3	111.33941842E-6	
98.00000000E-3	111.21538805E-6	
98.60000000E-3	111.18618320E-6	
99.30000000E-3	111.32227599E-6	
99.90000000E-3	111.47668368E-6	
100.50000000E-3	111.54592133E-6	
101.10000000E-3	111.59703308E-6	
101.70000000E-3	111.70507432E-6	
102.30000000E-3	111.83434552E-6	
103.00000000E-3	111.93713865E-6	
103.50000000E-3	112.02760260E-6	
104.10000000E-3	112.05159459E-6	
104.70000000E-3	111.89630713E-6	
105.30000000E-3	111.58765125E-6	
105.90000000E-3	111.27979062E-6	
106.50000000E-3	111.18965239E-6	
107.10000000E-3	111.49676649E-6	
107.80000000E-3	112.16444860E-6	
108.50000000E-3	112.98287639E-6	
109.20000000E-3	113.67018821E-6	
109.80000000E-3	114.03626807E-6	
110.30000000E-3	114.13387268E-6	
110.90000000E-3	114.16153784E-6	
111.50000000E-3	114.18491349E-6	
112.10000000E-3	114.20748641E-6	
112.70000000E-3	114.32174327E-6	
113.30000000E-3	114.50224716E-6	
114.00000000E-3	114.60163003E-6	
114.70000000E-3	114.62936079E-6	
115.40000000E-3	114.70108832E-6	
116.00000000E-3	114.82891177E-6	
116.60000000E-3	114.95263348E-6	
117.20000000E-3	115.05585983E-6	
117.80000000E-3	115.13745951E-6	
118.00000000E-3	115.16448377E-6	
118.90000000E-3	115.13879092E-6	
119.40000000E-3	115.07406049E-6	
120.00000000E-3	114.99135154E-6	
120.60000000E-3	114.86686370E-6	
121.50000000E-3	114.62185141E-6	
122.10000000E-3	114.26175434E-6	
122.40000000E-3	113.92645546E-6	
122.90000000E-3	113.74294913E-6	
124.00000000E-3	113.79953035E-6	
124.50000000E-3	114.12377970E-6	
125.10000000E-3	114.56094648E-6	
125.70000000E-3	114.91942710E-6	
126.30000000E-3	115.19384124E-6	
126.90000000E-3	115.41666103E-6	
127.70000000E-3	115.54500741E-6	
128.20000000E-3	115.52684975E-6	
128.90000000E-3	115.34184671E-6	
129.40000000E-3	115.06192242E-6	
130.10000000E-3	114.80803012E-6	
130.70000000E-3	114.64510524E-6	
131.30000000E-3	114.51906353E-6	
131.80000000E-3	114.38755668E-6	
132.40000000E-3	114.30844709E-6	
133.30000000E-3	114.35180968E-6	
133.50000000E-3	114.49446479E-6	
134.40000000E-3	114.68133706E-6	
135.20000000E-3	114.88983018E-6	
135.50000000E-3	115.05216593E-6	
136.10000000E-3	115.13191940E-6	
136.70000000E-3	115.16891738E-6	
137.50000000E-3	115.23899553E-6	
138.00000000E-3	115.39861346E-6	
138.60000000E-3	115.62731041E-6	
139.20000000E-3	115.88821045E-6	
139.80000000E-3	116.18135296E-6	
140.50000000E-3	116.48937773E-6	
141.20000000E-3	116.75507009E-6	
141.70000000E-3	116.94491614E-6	
142.30000000E-3	117.05669939E-6	
142.90000000E-3	117.11330529E-6	
143.40000000E-3	117.16958776E-6	
144.30000000E-3	117.25084664E-6	
144.90000000E-3	117.31816923E-6	
145.50000000E-3	117.36039499E-6	
146.00000000E-3	117.40927855E-6	
146.80000000E-3	117.51473684E-6	
147.40000000E-3	117.68143957E-6	
148.00000000E-3	117.80755297E-6	
148.60000000E-3	117.81710834E-6	
149.20000000E-3	117.72677593E-6	
149.90000000E-3	117.58569905E-6	
150.60000000E-3	117.42956453E-6	
151.20000000E-3	117.32341024E-6	
151.70000000E-3	117.32306085E-6	
152.30000000E-3	117.42535836E-6	
152.90000000E-3	117.58731873E-6	
153.70000000E-3	117.78227931E-6	
154.30000000E-3	117.95955978E-6	
154.80000000E-3	118.11010283E-6	
155.50000000E-3	118.31960117E-6	
156.00000000E-3	118.63094401E-6	
156.60000000E-3	119.03988661E-6	
156.90000000E-3	119.53098915E-6	
157.90000000E-3	120.05008835E-6	
158.40000000E-3	120.58211547E-6	
159.00000000E-3	121.14052267E-6	
159.70000000E-3	121.69466340E-6	
160.30000000E-3	122.17935626E-6	
161.10000000E-3	122.57890456E-6	
161.70000000E-3	122.89897430E-6	
162.30000000E-3	123.18326878E-6	
162.90000000E-3	123.64258737E-6	
163.10000000E-3	124.34338900E-6	
164.00000000E-3	124.84180957E-6	
164.60000000E-3	124.81502109E-6	
165.10000000E-3	124.37062024E-6	
165.70000000E-3	123.85329764E-6	
166.60000000E-3	123.52450137E-6	
167.20000000E-3	123.33971004E-6	
167.70000000E-3	123.15996480E-6	
168.30000000E-3	122.99119553E-6	
168.90000000E-3	122.91504038E-6	
169.60000000E-3	122.91689830E-6	
170.30000000E-3	122.90600031E-6	
170.90000000E-3	122.86473939E-6	
171.40000000E-3	122.86573100E-6	
172.00000000E-3	122.95306033E-6	
172.60000000E-3	123.12831733E-6	
173.50000000E-3	123.39607142E-6	
174.10000000E-3	123.75680882E-6	
174.60000000E-3	124.16561976E-6	
175.20000000E-3	124.55549538E-6	
175.70000000E-3	124.96153919E-6	
176.30000000E-3	125.44817592E-6	
177.10000000E-3	125.97091861E-6	
177.70000000E-3	126.40603367E-6	
178.30000000E-3	126.64568776E-6	
178.90000000E-3	126.70420422E-6	
179.50000000E-3	126.65715299E-6	
180.10000000E-3	126.58434997E-6	
180.60000000E-3	126.46386293E-6	
181.50000000E-3	126.23584774E-6	
182.10000000E-3	125.96373353E-6	
182.80000000E-3	125.73647451E-6	
183.30000000E-3	125.58436621E-6	
183.90000000E-3	125.48719984E-6	
184.20000000E-3	125.41194471E-6	
185.10000000E-3	125.35325138E-6	
185.90000000E-3	125.39537777E-6	
186.50000000E-3	125.59348286E-6	
187.10000000E-3	125.80427776E-6	
187.60000000E-3	125.86222030E-6	
188.20000000E-3	125.69063750E-6	
188.80000000E-3	125.45303305E-6	
189.70000000E-3	125.35044521E-6	
189.70000000E-3	125.45229741E-6	
190.70000000E-3	125.70466940E-6	
191.30000000E-3	125.96038788E-6	
191.90000000E-3	126.11025774E-6	
192.50000000E-3	126.15205940E-6	
193.30000000E-3	126.10002429E-6	
193.90000000E-3	125.97212062E-6	
194.50000000E-3	125.79710181E-6	
195.10000000E-3	125.65578667E-6	
195.60000000E-3	125.67225199E-6	
196.40000000E-3	125.84366521E-6	
197.10000000E-3	126.03132433E-6	
197.60000000E-3	126.15931129E-6	
198.20000000E-3	126.26380939E-6	
198.80000000E-3	126.41706382E-6	
199.30000000E-3	126.61718311E-6	
200.10000000E-3	126.76724332E-6	
