-200.00000000E-3	63.19273874E-6	
-200.00000000E-3	63.19961900E-6	
-200.00000000E-3	63.19301196E-6	
-199.90000000E-3	63.18264241E-6	
-199.60000000E-3	63.16673740E-6	
-199.20000000E-3	63.15572349E-6	
-198.80000000E-3	63.15893311E-6	
-198.50000000E-3	63.17478898E-6	
-198.10000000E-3	63.19607591E-6	
-197.60000000E-3	63.21827501E-6	
-197.10000000E-3	63.23738895E-6	
-196.50000000E-3	63.24964341E-6	
-196.00000000E-3	63.25558616E-6	
-195.50000000E-3	63.26783616E-6	
-195.00000000E-3	63.30089498E-6	
-194.40000000E-3	63.35093962E-6	
-193.70000000E-3	63.40333304E-6	
-193.20000000E-3	63.45040595E-6	
-192.60000000E-3	63.48973677E-6	
-192.40000000E-3	63.52169710E-6	
-191.50000000E-3	63.54176528E-6	
-190.80000000E-3	63.54760457E-6	
-190.40000000E-3	63.54858200E-6	
-189.80000000E-3	63.55544484E-6	
-189.20000000E-3	63.57410838E-6	
-188.40000000E-3	63.59793106E-6	
-187.80000000E-3	63.61998221E-6	
-187.30000000E-3	63.64250529E-6	
-186.70000000E-3	63.66969878E-6	
-186.10000000E-3	63.70242876E-6	
-185.60000000E-3	63.73915261E-6	
-184.70000000E-3	63.77794537E-6	
-184.20000000E-3	63.81872892E-6	
-183.60000000E-3	63.85396697E-6	
-182.80000000E-3	63.87462707E-6	
-182.20000000E-3	63.88387119E-6	
-181.90000000E-3	63.89074524E-6	
-181.10000000E-3	63.90295854E-6	
-180.50000000E-3	63.92233976E-6	
-179.90000000E-3	63.94469727E-6	
-179.30000000E-3	63.96167356E-6	
-178.80000000E-3	63.96382723E-6	
-178.00000000E-3	63.94750003E-6	
-177.40000000E-3	63.91907622E-6	
-176.80000000E-3	63.89315396E-6	
-176.20000000E-3	63.88496985E-6	
-175.70000000E-3	63.90143048E-6	
-175.00000000E-3	63.94433890E-6	
-174.20000000E-3	64.00960163E-6	
-173.60000000E-3	64.07627314E-6	
-173.10000000E-3	64.12269815E-6	
-172.50000000E-3	64.14614015E-6	
-172.00000000E-3	64.15777020E-6	
-171.10000000E-3	64.16626908E-6	
-170.50000000E-3	64.17535851E-6	
-169.90000000E-3	64.18684086E-6	
-169.40000000E-3	64.19968934E-6	
-168.90000000E-3	64.21394273E-6	
-168.10000000E-3	64.23067477E-6	
-167.40000000E-3	64.24353608E-6	
-166.90000000E-3	64.24917520E-6	
-166.30000000E-3	64.25668168E-6	
-165.70000000E-3	64.27318917E-6	
-165.10000000E-3	64.29562722E-6	
-164.30000000E-3	64.31705928E-6	
-163.70000000E-3	64.33108708E-6	
-163.10000000E-3	64.33154271E-6	
-162.60000000E-3	64.32245426E-6	
-162.00000000E-3	64.31431055E-6	
-161.30000000E-3	64.31499268E-6	
-160.50000000E-3	64.32918293E-6	
-160.00000000E-3	64.35573925E-6	
-159.40000000E-3	64.38885783E-6	
-158.90000000E-3	64.42552178E-6	
-158.30000000E-3	64.46155189E-6	
-157.40000000E-3	64.49293596E-6	
-156.80000000E-3	64.51588725E-6	
-156.20000000E-3	64.52619032E-6	
-155.70000000E-3	64.52310312E-6	
-155.10000000E-3	64.51573944E-6	
-154.60000000E-3	64.51235559E-6	
-153.70000000E-3	64.51756601E-6	
-153.20000000E-3	64.53743942E-6	
-152.60000000E-3	64.56688209E-6	
-152.00000000E-3	64.59088730E-6	
-151.40000000E-3	64.60713178E-6	
-150.80000000E-3	64.62528989E-6	
-150.00000000E-3	64.65267303E-6	
-149.40000000E-3	64.68512217E-6	
-148.80000000E-3	64.71090791E-6	
-148.30000000E-3	64.72183461E-6	
-147.70000000E-3	64.72466776E-6	
-146.90000000E-3	64.72673479E-6	
-146.30000000E-3	64.72373930E-6	
-145.70000000E-3	64.71304733E-6	
-145.10000000E-3	64.70387718E-6	
-144.50000000E-3	64.70682072E-6	
-144.00000000E-3	64.72314594E-6	
-143.10000000E-3	64.74927804E-6	
-142.50000000E-3	64.78337011E-6	
-141.90000000E-3	64.81771869E-6	
-141.70000000E-3	64.83956704E-6	
-140.90000000E-3	64.84177297E-6	
-140.30000000E-3	64.83431542E-6	
-139.40000000E-3	64.83407836E-6	
-138.80000000E-3	64.84661361E-6	
-138.30000000E-3	64.86165344E-6	
-137.70000000E-3	64.86800120E-6	
-137.10000000E-3	64.86475270E-6	
-136.40000000E-3	64.86019003E-6	
-136.00000000E-3	64.86379524E-6	
-135.50000000E-3	64.88072897E-6	
-134.80000000E-3	64.90583678E-6	
-134.00000000E-3	64.92775423E-6	
-133.40000000E-3	64.93655103E-6	
-132.90000000E-3	64.93079921E-6	
-132.00000000E-3	64.92043641E-6	
-131.80000000E-3	64.91445793E-6	
-131.00000000E-3	64.91319379E-6	
-130.30000000E-3	64.91193694E-6	
-129.80000000E-3	64.91064155E-6	
-129.20000000E-3	64.91655766E-6	
-128.60000000E-3	64.93642517E-6	
-128.00000000E-3	64.96615142E-6	
-127.20000000E-3	64.99086527E-6	
-126.60000000E-3	64.99849230E-6	
-126.10000000E-3	64.98516001E-6	
-125.50000000E-3	64.95472524E-6	
-124.90000000E-3	64.91831033E-6	
-124.10000000E-3	64.88138715E-6	
-123.50000000E-3	64.84359920E-6	
-122.90000000E-3	64.81041412E-6	
-122.30000000E-3	64.79117385E-6	
-121.70000000E-3	64.78718285E-6	
-121.20000000E-3	64.79101652E-6	
-120.50000000E-3	64.79260574E-6	
-119.70000000E-3	64.78591193E-6	
-119.20000000E-3	64.76607960E-6	
-118.60000000E-3	64.72864420E-6	
-118.10000000E-3	64.68104731E-6	
-117.50000000E-3	64.64188419E-6	
-116.60000000E-3	64.62011749E-6	
-116.00000000E-3	64.60982549E-6	
-115.50000000E-3	64.59612249E-6	
-115.00000000E-3	64.57372278E-6	
-114.40000000E-3	64.55098253E-6	
-113.70000000E-3	64.53315536E-6	
-113.00000000E-3	64.52071427E-6	
-112.30000000E-3	64.51011384E-6	
-111.80000000E-3	64.50413357E-6	
-111.20000000E-3	64.50807035E-6	
-110.60000000E-3	64.51991784E-6	
-109.80000000E-3	64.53509251E-6	
-109.20000000E-3	64.54718467E-6	
-108.70000000E-3	64.54823049E-6	
-108.10000000E-3	64.53042001E-6	
-107.50000000E-3	64.49443365E-6	
-106.70000000E-3	64.45389081E-6	
-106.10000000E-3	64.42644557E-6	
-105.50000000E-3	64.41379109E-6	
-105.00000000E-3	64.40917907E-6	
-104.40000000E-3	64.40982270E-6	
-103.80000000E-3	64.41860486E-6	
-103.00000000E-3	64.43732233E-6	
-102.40000000E-3	64.45970026E-6	
-101.80000000E-3	64.47831117E-6	
-101.30000000E-3	64.48801860E-6	
-100.70000000E-3	64.49306076E-6	
-99.80000000E-3	64.51066939E-6	
-99.30000000E-3	64.55105239E-6	
-98.70000000E-3	64.59911709E-6	
-98.10000000E-3	64.63236893E-6	
-97.50000000E-3	64.64764480E-6	
-96.90000000E-3	64.65299293E-6	
-96.10000000E-3	64.65541648E-6	
-95.50000000E-3	64.66130625E-6	
-94.90000000E-3	64.67751594E-6	
-94.40000000E-3	64.70513267E-6	
-93.90000000E-3	64.74034634E-6	
-93.00000000E-3	64.77977153E-6	
-92.40000000E-3	64.81833092E-6	
-91.80000000E-3	64.84823773E-6	
-91.30000000E-3	64.86838818E-6	
-90.70000000E-3	64.88345315E-6	
-90.10000000E-3	64.89524105E-6	
-89.30000000E-3	64.90841123E-6	
-88.70000000E-3	64.92894515E-6	
-88.20000000E-3	64.95753420E-6	
-87.50000000E-3	64.98895421E-6	
-87.00000000E-3	65.01532343E-6	
-86.10000000E-3	65.03945729E-6	
-85.50000000E-3	65.07207267E-6	
-85.30000000E-3	65.11871595E-6	
-84.80000000E-3	65.17317927E-6	
-84.00000000E-3	65.22146798E-6	
-83.30000000E-3	65.25457810E-6	
-82.70000000E-3	65.27002033E-6	
-82.20000000E-3	65.27619451E-6	
-81.60000000E-3	65.28546342E-6	
-81.00000000E-3	65.30115585E-6	
-80.10000000E-3	65.32432348E-6	
-79.50000000E-3	65.36246291E-6	
-79.00000000E-3	65.42017766E-6	
-78.40000000E-3	65.49249025E-6	
-77.80000000E-3	65.56156659E-6	
-77.20000000E-3	65.60242921E-6	
-76.40000000E-3	65.60972426E-6	
-75.90000000E-3	65.60295329E-6	
-75.30000000E-3	65.59192592E-6	
-74.70000000E-3	65.56834655E-6	
-74.10000000E-3	65.52784818E-6	
-73.40000000E-3	65.48030925E-6	
-72.70000000E-3	65.43093622E-6	
-72.10000000E-3	65.37377932E-6	
-71.60000000E-3	65.30874982E-6	
-71.00000000E-3	65.24256838E-6	
-70.40000000E-3	65.18666904E-6	
-69.60000000E-3	65.14344139E-6	
-69.00000000E-3	65.10679646E-6	
-68.40000000E-3	65.07249050E-6	
-67.90000000E-3	65.03875341E-6	
-67.30000000E-3	65.00645908E-6	
-66.50000000E-3	64.97475020E-6	
-65.90000000E-3	64.93529432E-6	
-65.30000000E-3	64.88424979E-6	
-64.70000000E-3	64.82273154E-6	
-64.10000000E-3	64.75217385E-6	
-63.40000000E-3	64.67144658E-6	
-62.70000000E-3	64.57028652E-6	
-62.10000000E-3	64.44820933E-6	
-61.60000000E-3	64.31198878E-6	
-61.00000000E-3	64.16520963E-6	
-60.50000000E-3	64.00516826E-6	
-59.60000000E-3	63.82774952E-6	
-59.00000000E-3	63.64157394E-6	
-58.50000000E-3	63.46068859E-6	
-57.90000000E-3	63.28702001E-6	
-57.40000000E-3	63.12489887E-6	
-56.60000000E-3	62.97629422E-6	
-55.90000000E-3	62.83398600E-6	
-55.40000000E-3	62.68892993E-6	
-54.80000000E-3	62.54359338E-6	
-54.20000000E-3	62.39168327E-6	
-53.60000000E-3	62.22685021E-6	
-52.80000000E-3	62.05680002E-6	
-52.20000000E-3	61.88852290E-6	
-51.60000000E-3	61.72275242E-6	
-51.10000000E-3	61.56347750E-6	
-50.50000000E-3	61.41528057E-6	
-49.90000000E-3	61.27985004E-6	
-49.10000000E-3	61.14285249E-6	
-48.50000000E-3	60.99421688E-6	
-47.90000000E-3	60.84441142E-6	
-47.40000000E-3	60.69612379E-6	
-46.80000000E-3	60.54112528E-6	
-46.00000000E-3	60.37677013E-6	
-45.40000000E-3	60.20807145E-6	
-44.90000000E-3	60.04394339E-6	
-44.30000000E-3	59.88361371E-6	
-43.70000000E-3	59.72938039E-6	
-43.20000000E-3	59.59471490E-6	
-42.30000000E-3	59.48089659E-6	
-41.70000000E-3	59.37286015E-6	
-41.10000000E-3	59.25128203E-6	
-40.50000000E-3	59.11046456E-6	
-40.00000000E-3	58.97156850E-6	
-39.10000000E-3	58.84596882E-6	
-38.50000000E-3	58.72744154E-6	
-38.00000000E-3	58.60947790E-6	
-37.40000000E-3	58.48232414E-6	
-36.80000000E-3	58.34987036E-6	
-36.20000000E-3	58.22333957E-6	
-35.40000000E-3	58.10749639E-6	
-34.80000000E-3	57.99743086E-6	
-34.30000000E-3	57.89692004E-6	
-34.00000000E-3	57.80793219E-6	
-33.10000000E-3	57.72322303E-6	
-32.50000000E-3	57.63696364E-6	
-32.00000000E-3	57.55193533E-6	
-31.10000000E-3	57.47754433E-6	
-30.90000000E-3	57.40663003E-6	
-30.00000000E-3	57.32887504E-6	
-29.40000000E-3	57.25125432E-6	
-28.90000000E-3	57.18208562E-6	
-28.30000000E-3	57.13680988E-6	
-27.70000000E-3	57.12697590E-6	
-27.10000000E-3	57.13963322E-6	
-26.20000000E-3	57.16332801E-6	
-25.70000000E-3	57.21561293E-6	
-25.10000000E-3	57.31963782E-6	
-24.60000000E-3	57.42072008E-6	
-24.00000000E-3	57.46726564E-6	
-23.30000000E-3	57.45601407E-6	
-22.60000000E-3	57.41798871E-6	
-22.00000000E-3	57.38820703E-6	
-21.50000000E-3	57.37966677E-6	
-20.90000000E-3	57.38533023E-6	
-20.30000000E-3	57.40241128E-6	
-19.50000000E-3	57.42788511E-6	
-18.90000000E-3	57.45157488E-6	
-18.30000000E-3	57.46670755E-6	
-17.70000000E-3	57.47334890E-6	
-17.10000000E-3	57.47326068E-6	
-16.40000000E-3	57.46858088E-6	
-15.70000000E-3	57.46314966E-6	
-15.10000000E-3	57.45439677E-6	
-14.60000000E-3	57.43746822E-6	
-14.00000000E-3	57.41816927E-6	
-13.50000000E-3	57.40910497E-6	
-12.60000000E-3	57.41958532E-6	
-12.00000000E-3	57.44851608E-6	
-11.50000000E-3	57.47929496E-6	
-10.90000000E-3	57.50040336E-6	
-10.30000000E-3	57.51361932E-6	
-9.60000000E-3	57.52430439E-6	
-8.90000000E-3	57.53439707E-6	
-8.30000000E-3	57.54427743E-6	
-7.70000000E-3	57.55030605E-6	
-7.20000000E-3	57.55138489E-6	
-6.60000000E-3	57.55178201E-6	
-5.80000000E-3	57.55939627E-6	
-5.20000000E-3	57.57774234E-6	
-4.60000000E-3	57.60571586E-6	
-4.00000000E-3	57.63451399E-6	
-3.50000000E-3	57.65616093E-6	
-2.70000000E-3	57.67392726E-6	
-1.90000000E-3	57.69524993E-6	
-1.40000000E-3	57.72501708E-6	
-800.00000000E-6	57.75195748E-6	
-200.00000000E-6	57.75948883E-6	
400.00000000E-6	57.76206895E-6	
1.30000000E-3	57.78244931E-6	
1.80000000E-3	57.82763051E-6	
2.40000000E-3	57.88791064E-6	
3.00000000E-3	57.93516599E-6	
3.60000000E-3	57.95184856E-6	
4.20000000E-3	57.94386239E-6	
5.00000000E-3	57.92250646E-6	
5.60000000E-3	57.90250352E-6	
6.10000000E-3	57.90638344E-6	
6.70000000E-3	57.93861274E-6	
7.30000000E-3	57.97192740E-6	
8.00000000E-3	57.98035584E-6	
8.70000000E-3	57.96252378E-6	
9.30000000E-3	57.93713157E-6	
9.90000000E-3	57.92539273E-6	
10.50000000E-3	57.92774320E-6	
11.10000000E-3	57.93172160E-6	
11.90000000E-3	57.93374060E-6	
12.50000000E-3	57.95125425E-6	
13.10000000E-3	57.99973376E-6	
13.60000000E-3	58.04881273E-6	
14.10000000E-3	58.06115369E-6	
14.80000000E-3	58.04485302E-6	
15.30000000E-3	58.03123259E-6	
16.00000000E-3	58.03519420E-6	
16.50000000E-3	58.04685842E-6	
17.40000000E-3	58.05414935E-6	
17.90000000E-3	58.05648589E-6	
18.50000000E-3	58.05901235E-6	
19.10000000E-3	58.05927382E-6	
19.70000000E-3	58.05265822E-6	
20.30000000E-3	58.04392984E-6	
21.10000000E-3	58.03996243E-6	
21.70000000E-3	58.03773230E-6	
22.20000000E-3	58.03871049E-6	
22.80000000E-3	58.04668955E-6	
23.30000000E-3	58.05241918E-6	
23.90000000E-3	58.04573049E-6	
24.80000000E-3	58.03054970E-6	
25.40000000E-3	58.01900212E-6	
26.00000000E-3	58.01541146E-6	
26.50000000E-3	58.01399511E-6	
27.00000000E-3	58.00718262E-6	
27.80000000E-3	57.99549310E-6	
28.50000000E-3	57.98550978E-6	
29.00000000E-3	57.99536457E-6	
29.70000000E-3	58.03421243E-6	
30.20000000E-3	58.08559884E-6	
30.50000000E-3	58.13563511E-6	
31.60000000E-3	58.18222881E-6	
32.10000000E-3	58.21492970E-6	
32.70000000E-3	58.22525717E-6	
33.20000000E-3	58.22124490E-6	
33.80000000E-3	58.22451845E-6	
34.40000000E-3	58.25318370E-6	
35.20000000E-3	58.31179850E-6	
35.80000000E-3	58.39027633E-6	
36.40000000E-3	58.47273769E-6	
36.90000000E-3	58.54521219E-6	
37.50000000E-3	58.60367385E-6	
38.30000000E-3	58.65352362E-6	
39.00000000E-3	58.71099554E-6	
39.50000000E-3	58.78520147E-6	
40.10000000E-3	58.85980299E-6	
40.70000000E-3	58.92300137E-6	
41.40000000E-3	58.97967732E-6	
42.00000000E-3	59.03500203E-6	
42.60000000E-3	59.09073582E-6	
43.00000000E-3	59.14913204E-6	
43.90000000E-3	59.21915908E-6	
44.60000000E-3	59.31793199E-6	
45.10000000E-3	59.44664482E-6	
45.70000000E-3	59.59116412E-6	
46.50000000E-3	59.74636220E-6	
47.10000000E-3	59.91190050E-6	
47.70000000E-3	60.07971573E-6	
48.20000000E-3	60.24763893E-6	
48.80000000E-3	60.41534152E-6	
49.50000000E-3	60.57724406E-6	
50.20000000E-3	60.73382625E-6	
50.80000000E-3	60.88811511E-6	
51.40000000E-3	61.04362580E-6	
51.90000000E-3	61.20089264E-6	
52.50000000E-3	61.35809425E-6	
53.30000000E-3	61.52719739E-6	
53.90000000E-3	61.70871429E-6	
54.30000000E-3	61.87661283E-6	
54.80000000E-3	62.01256677E-6	
55.60000000E-3	62.12168746E-6	
56.20000000E-3	62.23289159E-6	
56.80000000E-3	62.36758106E-6	
57.50000000E-3	62.51867967E-6	
58.00000000E-3	62.67516149E-6	
58.60000000E-3	62.83230730E-6	
59.50000000E-3	62.99770086E-6	
60.00000000E-3	63.24030377E-6	
60.60000000E-3	63.59444699E-6	
61.20000000E-3	63.94234996E-6	
61.70000000E-3	64.18456628E-6	
62.50000000E-3	64.32954396E-6	
63.10000000E-3	64.44472309E-6	
63.70000000E-3	64.57466044E-6	
64.30000000E-3	64.72068188E-6	
64.80000000E-3	64.87492891E-6	
65.40000000E-3	65.03776773E-6	
66.30000000E-3	65.19586227E-6	
66.90000000E-3	65.33697789E-6	
67.40000000E-3	65.46176575E-6	
68.00000000E-3	65.57008425E-6	
68.60000000E-3	65.66194954E-6	
69.30000000E-3	65.73467834E-6	
70.00000000E-3	65.79799148E-6	
70.60000000E-3	65.87230091E-6	
71.20000000E-3	65.97044977E-6	
71.70000000E-3	66.08410990E-6	
72.30000000E-3	66.18676310E-6	
73.20000000E-3	66.26837782E-6	
73.80000000E-3	66.34342745E-6	
74.30000000E-3	66.42705810E-6	
74.90000000E-3	66.52127004E-6	
75.40000000E-3	66.62527439E-6	
76.00000000E-3	66.74331486E-6	
76.90000000E-3	66.87563311E-6	
77.40000000E-3	67.01413017E-6	
78.00000000E-3	67.13782809E-6	
78.30000000E-3	67.23997637E-6	
79.10000000E-3	67.32392278E-6	
80.00000000E-3	67.39247380E-6	
80.60000000E-3	67.44826383E-6	
81.20000000E-3	67.48890804E-6	
81.70000000E-3	67.51794002E-6	
82.30000000E-3	67.54563085E-6	
82.90000000E-3	67.58796193E-6	
83.40000000E-3	67.65281820E-6	
83.90000000E-3	67.74048936E-6	
84.50000000E-3	67.83963229E-6	
85.30000000E-3	67.93771947E-6	
86.00000000E-3	68.02578803E-6	
86.90000000E-3	68.09678170E-6	
87.10000000E-3	68.14243532E-6	
87.70000000E-3	68.15474492E-6	
88.60000000E-3	68.14007787E-6	
89.10000000E-3	68.11081623E-6	
89.70000000E-3	68.07666894E-6	
90.30000000E-3	68.05836643E-6	
90.80000000E-3	68.07081499E-6	
91.40000000E-3	68.10511372E-6	
92.10000000E-3	68.13825471E-6	
92.90000000E-3	68.15492162E-6	
93.40000000E-3	68.15553515E-6	
94.00000000E-3	68.15094458E-6	
94.60000000E-3	68.14811171E-6	
95.20000000E-3	68.15342725E-6	
95.70000000E-3	68.17506505E-6	
96.60000000E-3	68.20444362E-6	
97.20000000E-3	68.22712044E-6	
97.80000000E-3	68.24092735E-6	
98.30000000E-3	68.25343764E-6	
98.90000000E-3	68.26270744E-6	
99.50000000E-3	68.26177519E-6	
100.10000000E-3	68.25705000E-6	
100.30000000E-3	68.25253815E-6	
101.50000000E-3	68.24653606E-6	
102.30000000E-3	68.24036585E-6	
102.90000000E-3	68.23807828E-6	
103.20000000E-3	68.24596767E-6	
103.50000000E-3	68.25307200E-6	
104.70000000E-3	68.23341564E-6	
105.20000000E-3	68.18649921E-6	
105.80000000E-3	68.12646813E-6	
106.40000000E-3	68.05538132E-6	
106.70000000E-3	67.97398832E-6	
107.30000000E-3	67.89777950E-6	
108.30000000E-3	67.84962516E-6	
108.90000000E-3	67.84254647E-6	
109.50000000E-3	67.88015875E-6	
110.10000000E-3	67.96284204E-6	
110.90000000E-3	68.06320402E-6	
111.50000000E-3	68.14995539E-6	
112.10000000E-3	68.21204248E-6	
112.70000000E-3	68.25388274E-6	
113.20000000E-3	68.28287654E-6	
113.50000000E-3	68.29920412E-6	
113.50000000E-3	68.29653169E-6	
115.10000000E-3	68.27339808E-6	
115.70000000E-3	68.24043352E-6	
116.20000000E-3	68.20059219E-6	
116.80000000E-3	68.16084658E-6	
117.40000000E-3	68.13939634E-6	
118.10000000E-3	68.15521801E-6	
118.80000000E-3	68.20648028E-6	
119.20000000E-3	68.28323533E-6	
120.20000000E-3	68.36897904E-6	
120.80000000E-3	68.42774567E-6	
121.40000000E-3	68.44942018E-6	
121.90000000E-3	68.45033100E-6	
122.50000000E-3	68.45141352E-6	
123.20000000E-3	68.46670679E-6	
124.00000000E-3	68.49655673E-6	
124.50000000E-3	68.54411036E-6	
124.80000000E-3	68.61672333E-6	
125.40000000E-3	68.69886630E-6	
126.20000000E-3	68.75962596E-6	
126.50000000E-3	68.78320048E-6	
127.60000000E-3	68.77419611E-6	
128.20000000E-3	68.75693523E-6	
128.80000000E-3	68.76358625E-6	
129.30000000E-3	68.80133577E-6	
129.80000000E-3	68.85019141E-6	
130.70000000E-3	68.88240363E-6	
131.30000000E-3	68.88387682E-6	
131.90000000E-3	68.87046259E-6	
132.50000000E-3	68.86159368E-6	
133.00000000E-3	68.86953914E-6	
133.50000000E-3	68.90260135E-6	
134.40000000E-3	68.95467972E-6	
135.10000000E-3	69.02396763E-6	
135.60000000E-3	69.10745648E-6	
136.20000000E-3	69.18487592E-6	
136.80000000E-3	69.24296033E-6	
137.30000000E-3	69.28253514E-6	
138.20000000E-3	69.31582299E-6	
138.70000000E-3	69.36869676E-6	
139.30000000E-3	69.44535668E-6	
139.90000000E-3	69.53944145E-6	
140.40000000E-3	69.64273416E-6	
141.00000000E-3	69.73421730E-6	
141.90000000E-3	69.80150899E-6	
142.50000000E-3	69.84267777E-6	
143.00000000E-3	69.85865186E-6	
143.60000000E-3	69.85267411E-6	
144.10000000E-3	69.84198343E-6	
144.70000000E-3	69.83582282E-6	
145.30000000E-3	69.82778704E-6	
145.90000000E-3	69.80983411E-6	
146.50000000E-3	69.77596050E-6	
147.10000000E-3	69.73271153E-6	
147.90000000E-3	69.69393055E-6	
148.50000000E-3	69.67148425E-6	
149.30000000E-3	69.66547228E-6	
149.60000000E-3	69.66570480E-6	
150.20000000E-3	69.66859219E-6	
150.80000000E-3	69.67161201E-6	
151.40000000E-3	69.66987871E-6	
152.20000000E-3	69.66443457E-6	
152.80000000E-3	69.65635735E-6	
153.30000000E-3	69.64444503E-6	
153.90000000E-3	69.63651598E-6	
154.50000000E-3	69.64091925E-6	
155.10000000E-3	69.65050401E-6	
156.00000000E-3	69.66105326E-6	
156.50000000E-3	69.68088331E-6	
157.10000000E-3	69.71500047E-6	
157.70000000E-3	69.74872531E-6	
158.30000000E-3	69.76392189E-6	
159.20000000E-3	69.76094223E-6	
159.80000000E-3	69.75963750E-6	
160.30000000E-3	69.76396971E-6	
160.90000000E-3	69.76880118E-6	
161.50000000E-3	69.77388464E-6	
162.10000000E-3	69.78947922E-6	
162.70000000E-3	69.81788940E-6	
162.90000000E-3	69.83953346E-6	
164.20000000E-3	69.85002157E-6	
164.80000000E-3	69.86513867E-6	
165.00000000E-3	69.88658821E-6	
165.70000000E-3	69.89704108E-6	
166.40000000E-3	69.88928664E-6	
167.10000000E-3	69.86942539E-6	
167.70000000E-3	69.84034494E-6	
168.20000000E-3	69.80472893E-6	
168.80000000E-3	69.77237821E-6	
169.40000000E-3	69.74953282E-6	
170.30000000E-3	69.73506033E-6	
170.70000000E-3	69.73569991E-6	
171.30000000E-3	69.75258619E-6	
171.90000000E-3	69.77136804E-6	
172.70000000E-3	69.77503761E-6	
173.40000000E-3	69.76693658E-6	
174.00000000E-3	69.76437043E-6	
174.60000000E-3	69.77980105E-6	
175.10000000E-3	69.81676622E-6	
175.70000000E-3	69.86789353E-6	
176.50000000E-3	69.92865927E-6	
177.10000000E-3	69.99283930E-6	
177.70000000E-3	70.04874006E-6	
178.30000000E-3	70.08367206E-6	
178.90000000E-3	70.09834224E-6	
179.40000000E-3	70.11366613E-6	
180.30000000E-3	70.14601450E-6	
180.90000000E-3	70.19308321E-6	
181.40000000E-3	70.23545606E-6	
182.00000000E-3	70.26000836E-6	
182.60000000E-3	70.27364046E-6	
183.20000000E-3	70.28135103E-6	
183.80000000E-3	70.29912869E-6	
184.60000000E-3	70.35437390E-6	
185.20000000E-3	70.44290412E-6	
185.70000000E-3	70.53221082E-6	
186.30000000E-3	70.58315419E-6	
186.90000000E-3	70.58908171E-6	
187.50000000E-3	70.57965676E-6	
187.70000000E-3	70.57259222E-6	
188.80000000E-3	70.56885087E-6	
189.30000000E-3	70.56975380E-6	
189.90000000E-3	70.57899204E-6	
190.50000000E-3	70.58938299E-6	
191.30000000E-3	70.58951368E-6	
191.90000000E-3	70.58161390E-6	
192.50000000E-3	70.57471843E-6	
193.00000000E-3	70.57479064E-6	
193.60000000E-3	70.58405982E-6	
194.20000000E-3	70.60428613E-6	
195.10000000E-3	70.64204070E-6	
195.60000000E-3	70.69217618E-6	
196.20000000E-3	70.73480857E-6	
196.80000000E-3	70.74472409E-6	
197.40000000E-3	70.71545644E-6	
198.00000000E-3	70.67425576E-6	
198.80000000E-3	70.65090546E-6	
199.30000000E-3	70.65110187E-6	
199.90000000E-3	70.65953299E-6	
