-0.2	1.194731066E-5
-0.2	1.194122705E-5
-0.2	1.19605445E-5
-0.1999	1.19955015E-5
-0.1995	1.205091341E-5
-0.1993	1.209959495E-5
-0.199	1.213231148E-5
-0.1987	1.219017392E-5
-0.1982	1.229109708E-5
-0.1977	1.240314359E-5
-0.1972	1.249006103E-5
-0.197	1.255009957E-5
-0.1965	1.259124736E-5
-0.1958	1.262739448E-5
-0.195	1.268461184E-5
-0.1945	1.276107512E-5
-0.1943	1.286150171E-5
-0.1937	1.30135199E-5
-0.1929	1.321934734E-5
-0.1924	1.34293273E-5
-0.1918	1.362257006E-5
-0.1912	1.380101868E-5
-0.1907	1.398164529E-5
-0.1901	1.418737136E-5
-0.1893	1.441553217E-5
-0.1887	1.46276167E-5
-0.1881	1.478668338E-5
-0.1876	1.488006848E-5
-0.187	1.494119257E-5
-0.1862	1.502785762E-5
-0.1856	1.515746435E-5
-0.185	1.530927148E-5
-0.1845	1.546814309E-5
-0.184	1.562188743E-5
-0.1832	1.574295582E-5
-0.1825	1.58242257E-5
-0.182	1.591862444E-5
-0.1814	1.606548161E-5
-0.1808	1.625858373E-5
-0.1802	1.647587462E-5
-0.1794	1.667024082E-5
-0.1789	1.680975557E-5
-0.1783	1.692493452E-5
-0.1777	1.707705812E-5
-0.1771	1.730500627E-5
-0.1765	1.757267123E-5
-0.1757	1.780730801E-5
-0.1751	1.802042069E-5
-0.1745	1.825679871E-5
-0.1739	1.852244313E-5
-0.1734	1.876749621E-5
-0.1728	1.89649865E-5
-0.172	1.913987893E-5
-0.1714	1.932859367E-5
-0.1708	1.951548904E-5
-0.1703	1.967743758E-5
-0.1697	1.984531922E-5
-0.1689	2.00332594E-5
-0.1682	2.021622012E-5
-0.1677	2.038845137E-5
-0.1672	2.056305794E-5
-0.1666	2.073187058E-5
-0.166	2.087216263E-5
-0.1652	2.094350956E-5
-0.1646	2.095958597E-5
-0.164	2.098026855E-5
-0.1634	2.102296421E-5
-0.1628	2.107893685E-5
-0.162	2.117077981E-5
-0.1615	2.13092616E-5
-0.1609	2.148055632E-5
-0.1603	2.164631919E-5
-0.1597	2.179404447E-5
-0.159	2.196106258E-5
-0.1583	2.218304841E-5
-0.1577	2.244245809E-5
-0.1571	2.271998008E-5
-0.1566	2.299301161E-5
-0.1561	2.322583753E-5
-0.1552	2.341242821E-5
-0.1546	2.355858184E-5
-0.154	2.368078972E-5
-0.1535	2.380647256E-5
-0.1529	2.394545695E-5
-0.1522	2.40921522E-5
-0.1515	2.422340381E-5
-0.1509	2.435256294E-5
-0.1503	2.451745592E-5
-0.1498	2.471841558E-5
-0.1492	2.494402673E-5
-0.1486	2.519158864E-5
-0.1478	2.544755583E-5
-0.1472	2.572561178E-5
-0.1469	2.604592793E-5
-0.1462	2.64024728E-5
-0.1455	2.677790138E-5
-0.1446	2.715604137E-5
-0.144	2.755242922E-5
-0.1438	2.795780232E-5
-0.1429	2.833574631E-5
-0.1424	2.867728659E-5
-0.1418	2.901900014E-5
-0.1412	2.937214327E-5
-0.1406	2.971922226E-5
-0.14	3.007664981E-5
-0.1393	3.04468984E-5
-0.1386	3.079974778E-5
-0.138	3.111849741E-5
-0.1375	3.140299941E-5
-0.1369	3.166984798E-5
-0.1363	3.192698663E-5
-0.1355	3.216682403E-5
-0.1349	3.237349228E-5
-0.1343	3.255674812E-5
-0.1338	3.276174808E-5
-0.1332	3.300230339E-5
-0.1326	3.323382051E-5
-0.1317	3.343719564E-5
-0.1311	3.363750193E-5
-0.1306	3.386588222E-5
-0.1301	3.417299803E-5
-0.1295	3.45479394E-5
-0.1288	3.494912205E-5
-0.1281	3.535242413E-5
-0.1275	3.57230098E-5
-0.1269	3.602703228E-5
-0.1264	3.626790183E-5
-0.1257	3.645427311E-5
-0.125	3.660680415E-5
-0.1244	3.677932855E-5
-0.1238	3.699347644E-5
-0.1232	3.722984571E-5
-0.1227	3.745453762E-5
-0.122	3.766464958E-5
-0.1212	3.79096465E-5
-0.1206	3.820875987E-5
-0.12	3.854421289E-5
-0.1195	3.890350307E-5
-0.119	3.924174556E-5
-0.1181	3.952443923E-5
-0.1175	3.974056662E-5
-0.117	3.985898301E-5
-0.1164	3.986543702E-5
-0.1158	3.979690278E-5
-0.1153	3.973516994E-5
-0.1144	3.969202844E-5
-0.1138	3.958744336E-5
-0.1133	3.936030677E-5
-0.1127	3.901115967E-5
-0.1121	3.858767177E-5
-0.1114	3.816697476E-5
-0.1107	3.778511289E-5
-0.1101	3.743930606E-5
-0.1095	3.712778465E-5
-0.1089	3.680970849E-5
-0.1083	3.645531077E-5
-0.1076	3.608722993E-5
-0.107	3.571353313E-5
-0.1064	3.533771361E-5
-0.1058	3.496587349E-5
-0.1053	3.457919457E-5
-0.1046	3.41748844E-5
-0.1039	3.377590194E-5
-0.1033	3.340694985E-5
-0.1027	3.30524109E-5
-0.1021	3.269489083E-5
-0.1016	3.231887947E-5
-0.1007	3.186535634E-5
-0.1001	3.131026768E-5
-0.0996	3.07129052E-5
-0.099	3.013763375E-5
-0.0984	2.961615264E-5
-0.0978	2.917169789E-5
-0.0971	2.883584655E-5
-0.0964	2.860006984E-5
-0.0958	2.842115456E-5
-0.0953	2.824907847E-5
-0.0947	2.80838224E-5
-0.0939	2.797714384E-5
-0.0933	2.792258608E-5
-0.0927	2.784988558E-5
-0.0921	2.772470621E-5
-0.0915	2.759552771E-5
-0.091	2.751358069E-5
-0.0904	2.74815118E-5
-0.0898	2.750902543E-5
-0.0893	2.762391706E-5
-0.0884	2.781751297E-5
-0.0878	2.804903888E-5
-0.0871	2.830748297E-5
-0.0866	2.859103381E-5
-0.0859	2.887425671E-5
-0.0855	2.917472145E-5
-0.085	2.955360221E-5
-0.0841	3.00279355E-5
-0.0835	3.059999718E-5
-0.0829	3.128158917E-5
-0.0824	3.208459269E-5
-0.0819	3.304103324E-5
-0.0811	3.419218547E-5
-0.0804	3.544459607E-5
-0.0799	3.674003748E-5
-0.0793	3.805477844E-5
-0.0787	3.931715731E-5
-0.0781	4.050190209E-5
-0.0773	4.161684368E-5
-0.0767	4.269882868E-5
-0.0761	4.377976743E-5
-0.0756	4.484666211E-5
-0.075	4.595774035E-5
-0.0742	4.715130415E-5
-0.0736	4.838463208E-5
-0.073	4.970558372E-5
-0.0724	5.112468506E-5
-0.0718	5.257140517E-5
-0.0712	5.396949639E-5
-0.0704	5.525309151E-5
-0.0698	5.646692283E-5
-0.0692	5.762847548E-5
-0.0686	5.864263079E-5
-0.0681	5.947216349E-5
-0.0675	6.011653539E-5
-0.0667	6.056125262E-5
-0.0661	6.081331302E-5
-0.0656	6.092566423E-5
-0.065	6.097097968E-5
-0.0644	6.096739985E-5
-0.0637	6.085705047E-5
-0.063	6.055504436E-5
-0.0625	6.001318855E-5
-0.0619	5.924301799E-5
-0.0613	5.827558627E-5
-0.0607	5.716301604E-5
-0.0598	5.604155659E-5
-0.0593	5.492630185E-5
-0.0587	5.37158143E-5
-0.0581	5.233056822E-5
-0.0576	5.066950351E-5
-0.0568	4.873347439E-5
-0.0561	4.656659928E-5
-0.0555	4.421969021E-5
-0.055	4.184581539E-5
-0.0544	3.939840887E-5
-0.0539	3.680574043E-5
-0.053	3.416433873E-5
-0.0524	3.150623597E-5
-0.0519	2.880076762E-5
-0.0513	2.604403747E-5
-0.0507	2.327392621E-5
-0.0502	2.056746069E-5
-0.0493	1.808268326E-5
-0.0487	1.573324661E-5
-0.0482	1.3409655E-5
-0.0476	1.113912978E-5
-0.047	8.89403156E-6
-0.0462	6.66609565E-6
-0.0456	4.48427292E-6
-0.045	2.4111039E-6
-0.0444	5.55986580000001E-7
-0.0439	-1.12089598E-6
-0.0433	-2.67530927E-6
-0.0425	-4.05786308E-6
-0.0419	-5.31181425E-6
-0.0413	-6.49444956E-6
-0.0408	-7.65566887E-6
-0.0402	-8.77714245E-6
-0.0395	-9.76307792E-6
-0.0391	-1.062615809E-5
-0.0385	-1.139087664E-5
-0.0376	-1.203457333E-5
-0.0373	-1.254034218E-5
-0.0365	-1.287693198E-5
-0.0356	-1.302296765E-5
-0.0353	-1.299213438E-5
-0.0348	-1.285591714E-5
-0.0339	-1.268893444E-5
-0.0335	-1.252460672E-5
-0.0328	-1.236326909E-5
-0.0322	-1.217432444E-5
-0.0316	-1.193029709E-5
-0.0311	-1.164781217E-5
-0.0305	-1.136618127E-5
-0.0297	-1.10796692E-5
-0.0289	-1.07464151E-5
-0.0285	-1.033277844E-5
-0.0279	-9.83598198E-6
-0.0274	-9.31444693E-6
-0.0267	-8.77981266E-6
-0.0259	-8.2076209E-6
-0.0254	-7.57224398E-6
-0.0248	-6.88669755E-6
-0.0242	-6.21773998E-6
-0.0236	-5.561336E-6
-0.023	-4.91773157E-6
-0.0222	-4.3145156E-6
-0.0217	-3.75171091E-6
-0.021	-3.22605931E-6
-0.0205	-2.76642075E-6
-0.0199	-2.41363208E-6
-0.0191	-2.17170849E-6
-0.0185	-2.01317157E-6
-0.0179	-1.87109071E-6
-0.0173	-1.70234601E-6
-0.0167	-1.49400851E-6
-0.0162	-1.28005075E-6
-0.0154	-1.11970284E-6
-0.0148	-1.0119005E-6
-0.0142	-9.18867440000001E-7
-0.0136	-8.27723220000002E-7
-0.013	-7.43818489999999E-7
-0.0125	-6.56720789999998E-7
-0.0117	-5.53919710000001E-7
-0.011	-4.4228635E-7
-0.0104	-3.32009969999997E-7
-0.0099	-2.3011312E-7
-0.0093	-1.31664009999999E-7
-0.0087	-4.6682529999999E-8
-0.008	-1.46170500000005E-8
-0.0073	-7.37772799999981E-8
-0.0068	-2.08776030000001E-7
-0.0062	-3.2677229E-7
-0.0055	-3.56669119999999E-7
-0.005	-3.06487759999999E-7
-0.0043	-2.20861669999998E-7
-0.0036	-1.31617119999998E-7
-0.003	-7.43965999999958E-8
-0.0023	-7.5737899999999E-8
-0.0017	-1.15230930000001E-7
-0.0011	-1.35290319999999E-7
-3E-4	-9.25354099999982E-8
9.99999999999994E-5	-1.11651290000001E-7
6E-4	-6.97057200000008E-8
0.0012	1.18659000000163E-9
0.0018	1.1635707E-7
0.0026	2.83852460000001E-7
0.0031	4.99536190000004E-7
0.0037	7.75118570000003E-7
0.0044	1.12439234E-6
0.0051	1.50000285E-6
0.0057	1.81143824E-6
0.0062	2.00168191E-6
0.0068	2.10289353E-6
0.0076	2.18673005E-6
0.0079	2.28689359E-6
0.0088	2.39233494E-6
0.0093	2.49652123E-6
0.0101	2.57064623E-6
0.0107	2.57217225E-6
0.0112	2.51325953E-6
0.0117	2.4601049E-6
0.0123	2.47167818E-6
0.013	2.558087E-6
0.0137	2.65681756E-6
0.0142	2.70192051E-6
0.0148	2.67774428E-6
0.0155	2.57884894E-6
0.0162	2.38106401E-6
0.0167	2.10342583E-6
0.0173	1.79266219E-6
0.018	1.48907168E-6
0.0187	1.22980512E-6
0.0192	9.6385775E-7
0.0198	6.00850500000002E-7
0.0205	1.36437080000002E-7
0.0212	-3.54511289999999E-7
0.0217	-7.96487959999999E-7
0.0223	-1.14608763E-6
0.0229	-1.44721847E-6
0.0236	-1.76719038E-6
0.0242	-2.15003597E-6
0.025	-2.62954604E-6
0.0255	-3.21981716E-6
0.0264	-3.9212422E-6
0.0269	-4.70862947E-6
0.0272	-5.51904825E-6
0.0278	-6.35097085E-6
0.0284	-7.22103663E-6
0.0293	-8.08070077E-6
0.0297	-8.9195215E-6
0.0303	-9.73971962E-6
0.0313	-1.053005165E-5
0.0318	-1.127151509E-5
0.0323	-1.194296832E-5
0.0333	-1.258142385E-5
0.0335	-1.317812497E-5
0.0341	-1.368324593E-5
0.0347	-1.411220615E-5
0.0352	-1.446963886E-5
0.036	-1.473783602E-5
0.0366	-1.492480023E-5
0.0371	-1.50792717E-5
0.0379	-1.522100765E-5
0.0385	-1.533161596E-5
0.0391	-1.536328165E-5
0.0397	-1.529712966E-5
0.0403	-1.518015765E-5
0.0411	-1.506437847E-5
0.0416	-1.495392261E-5
0.0422	-1.480487583E-5
0.043	-1.458621749E-5
0.0436	-1.427336261E-5
0.0439	-1.381985277E-5
0.0447	-1.321193066E-5
0.0453	-1.241605994E-5
0.0462	-1.140784925E-5
0.0467	-1.021295559E-5
0.0473	-8.8933463E-6
0.0475	-7.56801137E-6
0.0482	-6.20634045E-6
0.049	-4.73849442E-6
0.0495	-3.17699387E-6
0.0501	-1.52112743E-6
0.0507	2.13766220000002E-7
0.0513	2.00777838E-6
0.0519	3.8526268E-6
0.0527	5.7432383E-6
0.0533	7.60587912E-6
0.0539	9.54185488E-6
0.0545	1.166465839E-5
0.0551	1.393318061E-5
0.0557	1.629547678E-5
0.0565	1.871181601E-5
0.0571	2.116026149E-5
0.0576	2.361342511E-5
0.0582	2.598311868E-5
0.0596	2.836066667E-5
0.0596	3.084760902E-5
0.0601	3.327769892E-5
0.0607	3.556034595E-5
0.0613	3.772402433E-5
0.0618	3.976949449E-5
0.0625	4.171893682E-5
0.0636	4.356082259E-5
0.0639	4.539105732E-5
0.0645	4.724391218E-5
0.0653	4.898447623E-5
0.0659	5.05302875E-5
0.0665	5.186034503E-5
0.0671	5.298734912E-5
0.0677	5.396789157E-5
0.0682	5.485056344E-5
0.0691	5.555839895E-5
0.0694	5.606843851E-5
0.07	5.641125097E-5
0.0706	5.658607613E-5
0.0717	5.663116077E-5
0.072	5.662966706E-5
0.0725	5.663072302E-5
0.0731	5.661419514E-5
0.0737	5.653621281E-5
0.0746	5.63483102E-5
0.0751	5.599818743E-5
0.0762	5.546576411E-5
0.0765	5.476671825E-5
0.077	5.393304E-5
0.0776	5.299000782E-5
0.0782	5.196217572E-5
0.0788	5.092811981E-5
0.0793	4.985745393E-5
0.0809	4.761720289E-5
0.0809	4.872749519E-5
0.0811	4.653498711E-5
0.0817	4.541871173E-5
0.0823	4.421520672E-5
0.083	4.298118024E-5
0.0838	4.181615608E-5
0.0844	4.069474059E-5
0.0849	3.958855469E-5
0.0854	3.85504394E-5
0.0867	3.670480032E-5
0.0867	3.758688043E-5
0.0878	3.592901905E-5
0.0888	3.480202005E-5
0.0888	3.529297984E-5
0.0894	3.442795438E-5
0.0905	3.409224153E-5
0.0908	3.374816415E-5
0.091	3.342828293E-5
0.0916	3.316087599E-5
0.0922	3.295805608E-5
0.0933	3.283292437E-5
0.0935	3.275963117E-5
0.0941	3.271651548E-5
0.0953	3.265025346E-5
0.0953	3.268639031E-5
0.0958	3.263739912E-5
0.0974	3.275844349E-5
0.0974	3.267948467E-5
0.098	3.287119341E-5
0.0985	3.304606718E-5
0.0991	3.327067723E-5
0.0997	3.353015305E-5
0.1004	3.38171308E-5
0.1011	3.407691148E-5
0.1017	3.428896564E-5
0.1023	3.447535887E-5
0.1029	3.465448372E-5
0.1034	3.482254027E-5
0.1041	3.50003388E-5
0.1052	3.521619386E-5
0.1052	3.547635055E-5
0.1059	3.577556126E-5
0.1064	3.609658472E-5
0.107	3.641649829E-5
0.1079	3.672000314E-5
0.1084	3.697433205E-5
0.109	3.714218404E-5
0.1096	3.723145483E-5
0.1102	3.727166569E-5
0.1111	3.729068472E-5
0.1116	3.731078244E-5
0.1122	3.734127712E-5
0.1128	3.738813181E-5
0.1134	3.746585487E-5
0.1139	3.755190079E-5
0.1146	3.760443271E-5
0.1154	3.761458805E-5
0.116	3.759769892E-5
0.1165	3.757231894E-5
0.1171	3.75530488E-5
0.1178	3.753632684E-5
0.1187	3.748144324E-5
0.1191	3.73574345E-5
0.1197	3.720381834E-5
0.12	3.708578526E-5
0.1209	3.699867392E-5
0.1214	3.693116829E-5
0.1222	3.688669957E-5
0.1227	3.686390146E-5
0.1233	3.684399133E-5
0.1248	3.669456458E-5
0.1248	3.679233266E-5
0.125	3.654628853E-5
0.1256	3.636637354E-5
0.1264	3.619456049E-5
0.127	3.603155697E-5
0.1276	3.582311211E-5
0.1282	3.555624869E-5
0.1287	3.526947652E-5
0.1293	3.501492925E-5
0.1302	3.480391434E-5
0.1308	3.461324054E-5
0.1313	3.442459864E-5
0.1319	3.423457588E-5
0.1325	3.403472783E-5
0.1331	3.383275466E-5
0.1337	3.362853019E-5
0.1345	3.338358126E-5
0.1351	3.308405731E-5
0.1356	3.278005699E-5
0.1362	3.24676671E-5
0.1368	3.212156946E-5
0.1374	3.174711727E-5
0.138	3.133315746E-5
0.1391	3.090067324E-5
0.1394	3.048522584E-5
0.14	3.009169392E-5
0.1406	2.972987255E-5
0.1412	2.939299339E-5
0.1425	2.881117663E-5
0.1425	2.908488739E-5
0.1431	2.854890122E-5
0.1439	2.828198171E-5
0.1445	2.799238129E-5
0.145	2.766975475E-5
0.1454	2.734244129E-5
0.1462	2.699813628E-5
0.1469	2.661645938E-5
0.1473	2.623712125E-5
0.1482	2.587810984E-5
0.1488	2.553820559E-5
0.1492	2.523059208E-5
0.1499	2.49506448E-5
0.1506	2.467757642E-5
0.1511	2.442934161E-5
0.1517	2.423105644E-5
0.1532	2.39389969E-5
0.1532	2.408095697E-5
0.1537	2.376545321E-5
0.1543	2.354875471E-5
0.1549	2.330341061E-5
0.1555	2.30429361E-5
0.1561	2.276875452E-5
0.1568	2.249187359E-5
0.1575	2.224385891E-5
0.1581	2.203930663E-5
0.1587	2.186590026E-5
0.1593	2.171188926E-5
0.1599	2.154547998E-5
0.1607	2.134320886E-5
0.161	2.111784349E-5
0.1616	2.086224973E-5
0.1622	2.059609363E-5
0.1628	2.035551189E-5
0.1639	2.014216826E-5
0.1642	1.996169084E-5
0.1648	1.979238769E-5
0.1657	1.958498242E-5
0.166	1.933261495E-5
0.1666	1.908261707E-5
0.1672	1.886237199E-5
0.1678	1.86767165E-5
0.1684	1.853493773E-5
0.1689	1.840493997E-5
0.1695	1.825329242E-5
0.1704	1.809775973E-5
0.171	1.796654925E-5
0.1716	1.783451879E-5
0.1721	1.766252666E-5
0.1727	1.7440116E-5
0.1733	1.718572404E-5
0.1739	1.692505849E-5
0.1747	1.669802523E-5
0.1753	1.652304559E-5
0.1759	1.636703175E-5
0.1765	1.621688732E-5
0.1771	1.605699179E-5
0.178	1.585705075E-5
0.1785	1.564516772E-5
0.1792	1.545473168E-5
0.1797	1.527221308E-5
0.1809	1.485368113E-5
0.1809	1.507229145E-5
0.1815	1.464203368E-5
0.1821	1.447268807E-5
0.1829	1.432506588E-5
0.1836	1.415320553E-5
0.1842	1.39397386E-5
0.1844	1.371903071E-5
0.1853	1.354516052E-5
0.1856	1.342684508E-5
0.1864	1.330433408E-5
0.1871	1.315214864E-5
0.1877	1.298790746E-5
0.1883	1.284128288E-5
0.1889	1.272257095E-5
0.1895	1.260136536E-5
0.1901	1.247224393E-5
0.1907	1.233070878E-5
0.1913	1.217722045E-5
0.192	1.203033697E-5
0.1925	1.189083589E-5
0.1932	1.174668846E-5
0.194	1.159478058E-5
0.1945	1.144750958E-5
0.1951	1.129708063E-5
0.1957	1.111931832E-5
0.1963	1.091870285E-5
0.1969	1.072398436E-5
0.1975	1.054899866E-5
0.198	1.038398717E-5
0.1989	1.020182831E-5
0.1994	9.9882972E-6
0.2	9.7839478E-6
0.2005	9.64247608E-6
0.201	9.54620544E-6
0.2016	9.44877687E-6
0.2024	9.32978011000001E-6
0.2025	9.21340315E-6
0.2031	9.14236662E-6
0.2035	9.11547446E-6
0.2039	9.09504348E-6
0.2042	9.07168632E-6
0.2045	9.05188285E-6
0.2048	9.03747762E-6
0.205	8.76633306E-6
0.205	9.0120572E-6
0.205	8.98379747E-6
