-200.00000000E-3	61.10266869E-6	
-200.00000000E-3	61.09610081E-6	
-199.90000000E-3	61.09106970E-6	
-199.70000000E-3	61.09034749E-6	
-199.50000000E-3	61.09110619E-6	
-199.20000000E-3	61.09180015E-6	
-198.80000000E-3	61.09553248E-6	
-198.20000000E-3	61.10753079E-6	
-197.90000000E-3	61.12898568E-6	
-197.40000000E-3	61.15251023E-6	
-196.90000000E-3	61.17521218E-6	
-196.50000000E-3	61.20194946E-6	
-196.00000000E-3	61.23649472E-6	
-195.40000000E-3	61.27710201E-6	
-194.70000000E-3	61.31975328E-6	
-194.20000000E-3	61.36072849E-6	
-193.50000000E-3	61.39551900E-6	
-192.90000000E-3	61.42342486E-6	
-192.40000000E-3	61.44823921E-6	
-191.70000000E-3	61.47504138E-6	
-191.20000000E-3	61.51070856E-6	
-190.60000000E-3	61.55245550E-6	
-190.00000000E-3	61.58799752E-6	
-189.40000000E-3	61.61341138E-6	
-188.80000000E-3	61.62921042E-6	
-188.20000000E-3	61.64613868E-6	
-187.60000000E-3	61.67767846E-6	
-187.00000000E-3	61.72018509E-6	
-186.40000000E-3	61.76341113E-6	
-185.80000000E-3	61.80528851E-6	
-185.20000000E-3	61.84769042E-6	
-184.60000000E-3	61.89066044E-6	
-183.90000000E-3	61.93361236E-6	
-183.10000000E-3	61.97694824E-6	
-182.60000000E-3	62.02218651E-6	
-182.00000000E-3	62.06844517E-6	
-181.30000000E-3	62.11001667E-6	
-180.70000000E-3	62.14150489E-6	
-180.20000000E-3	62.16888186E-6	
-179.50000000E-3	62.20258595E-6	
-178.90000000E-3	62.24879473E-6	
-178.30000000E-3	62.30291213E-6	
-177.70000000E-3	62.34917174E-6	
-177.10000000E-3	62.38211434E-6	
-176.50000000E-3	62.40691972E-6	
-176.00000000E-3	62.43068105E-6	
-175.30000000E-3	62.45448022E-6	
-174.60000000E-3	62.47417907E-6	
-173.80000000E-3	62.48799761E-6	
-173.20000000E-3	62.50525113E-6	
-172.60000000E-3	62.53861750E-6	
-172.00000000E-3	62.58418755E-6	
-171.50000000E-3	62.63226650E-6	
-170.80000000E-3	62.67968831E-6	
-170.20000000E-3	62.73015498E-6	
-169.70000000E-3	62.78258971E-6	
-169.00000000E-3	62.83163461E-6	
-168.40000000E-3	62.87339302E-6	
-167.80000000E-3	62.90844941E-6	
-167.20000000E-3	62.94205134E-6	
-166.60000000E-3	62.97753408E-6	
-166.00000000E-3	63.01635243E-6	
-165.30000000E-3	63.05853694E-6	
-164.60000000E-3	63.10197209E-6	
-163.90000000E-3	63.15180804E-6	
-163.20000000E-3	63.21096140E-6	
-162.70000000E-3	63.27063758E-6	
-162.10000000E-3	63.32129341E-6	
-161.40000000E-3	63.36490333E-6	
-160.80000000E-3	63.40973424E-6	
-160.30000000E-3	63.45364787E-6	
-159.60000000E-3	63.49310043E-6	
-159.00000000E-3	63.53499572E-6	
-158.80000000E-3	63.58167316E-6	
-157.90000000E-3	63.62530481E-6	
-157.30000000E-3	63.66726594E-6	
-156.60000000E-3	63.71637859E-6	
-156.00000000E-3	63.77462926E-6	
-155.30000000E-3	63.83634579E-6	
-154.50000000E-3	63.89775635E-6	
-153.90000000E-3	63.95887896E-6	
-153.60000000E-3	64.02627377E-6	
-153.00000000E-3	64.09986515E-6	
-152.50000000E-3	64.16700570E-6	
-151.50000000E-3	64.22653069E-6	
-151.20000000E-3	64.28230822E-6	
-150.60000000E-3	64.33305214E-6	
-149.70000000E-3	64.38131250E-6	
-149.10000000E-3	64.42972167E-6	
-148.70000000E-3	64.48273782E-6	
-148.10000000E-3	64.54458606E-6	
-147.30000000E-3	64.61019749E-6	
-146.70000000E-3	64.67311701E-6	
-146.10000000E-3	64.73341509E-6	
-145.50000000E-3	64.79310412E-6	
-144.90000000E-3	64.85749374E-6	
-144.30000000E-3	64.93037779E-6	
-143.70000000E-3	65.01621896E-6	
-143.10000000E-3	65.11317591E-6	
-142.40000000E-3	65.20754746E-6	
-141.80000000E-3	65.29353615E-6	
-141.20000000E-3	65.36746786E-6	
-140.70000000E-3	65.42531799E-6	
-140.10000000E-3	65.46720312E-6	
-139.50000000E-3	65.50582339E-6	
-138.70000000E-3	65.55794388E-6	
-138.00000000E-3	65.62436988E-6	
-137.40000000E-3	65.69271374E-6	
-136.80000000E-3	65.75102113E-6	
-136.20000000E-3	65.79060803E-6	
-135.50000000E-3	65.81458335E-6	
-134.90000000E-3	65.83722167E-6	
-134.40000000E-3	65.87208402E-6	
-133.70000000E-3	65.91704605E-6	
-133.20000000E-3	65.96211008E-6	
-132.60000000E-3	66.00143128E-6	
-132.00000000E-3	66.03537548E-6	
-131.30000000E-3	66.06643308E-6	
-130.70000000E-3	66.09865498E-6	
-130.10000000E-3	66.13746723E-6	
-129.50000000E-3	66.18651754E-6	
-128.90000000E-3	66.23956903E-6	
-128.20000000E-3	66.28607733E-6	
-127.40000000E-3	66.31834362E-6	
-126.90000000E-3	66.33570124E-6	
-126.20000000E-3	66.34530369E-6	
-125.60000000E-3	66.35351116E-6	
-125.00000000E-3	66.36590005E-6	
-124.40000000E-3	66.38274475E-6	
-123.80000000E-3	66.40259194E-6	
-123.20000000E-3	66.42339384E-6	
-122.60000000E-3	66.43491947E-6	
-122.00000000E-3	66.42716868E-6	
-121.40000000E-3	66.40444735E-6	
-120.70000000E-3	66.37819436E-6	
-120.10000000E-3	66.35456200E-6	
-119.60000000E-3	66.33330115E-6	
-119.00000000E-3	66.31167879E-6	
-118.30000000E-3	66.28625269E-6	
-117.80000000E-3	66.25841389E-6	
-117.20000000E-3	66.23221192E-6	
-116.40000000E-3	66.20523862E-6	
-115.70000000E-3	66.17425562E-6	
-115.00000000E-3	66.13709567E-6	
-114.50000000E-3	66.09232808E-6	
-113.80000000E-3	66.03773730E-6	
-113.20000000E-3	65.97724137E-6	
-112.60000000E-3	65.91509910E-6	
-112.00000000E-3	65.85363654E-6	
-111.40000000E-3	65.79573417E-6	
-110.80000000E-3	65.74318745E-6	
-110.20000000E-3	65.69510977E-6	
-109.60000000E-3	65.64090964E-6	
-109.00000000E-3	65.57280208E-6	
-108.40000000E-3	65.50058219E-6	
-107.80000000E-3	65.43146700E-6	
-107.20000000E-3	65.36125579E-6	
-106.60000000E-3	65.28470024E-6	
-105.90000000E-3	65.20140614E-6	
-105.30000000E-3	65.11900989E-6	
-104.80000000E-3	65.04372252E-6	
-104.00000000E-3	64.97910479E-6	
-103.20000000E-3	64.92862922E-6	
-102.60000000E-3	64.88765198E-6	
-102.30000000E-3	64.84567218E-6	
-101.70000000E-3	64.79382470E-6	
-101.10000000E-3	64.72861121E-6	
-100.50000000E-3	64.65881694E-6	
-99.90000000E-3	64.60120832E-6	
-99.30000000E-3	64.56440163E-6	
-98.40000000E-3	64.54555471E-6	
-98.10000000E-3	64.53630084E-6	
-97.30000000E-3	64.52651524E-6	
-96.70000000E-3	64.50574169E-6	
-96.00000000E-3	64.47340844E-6	
-95.30000000E-3	64.44770783E-6	
-94.70000000E-3	64.44614006E-6	
-94.10000000E-3	64.47022532E-6	
-93.50000000E-3	64.50829500E-6	
-92.90000000E-3	64.54176415E-6	
-92.20000000E-3	64.59732072E-6	
-91.60000000E-3	64.70967369E-6	
-91.00000000E-3	64.86080660E-6	
-90.40000000E-3	65.00630453E-6	
-89.80000000E-3	65.11937839E-6	
-89.10000000E-3	65.20584926E-6	
-88.50000000E-3	65.27630883E-6	
-87.90000000E-3	65.33559278E-6	
-87.30000000E-3	65.39931309E-6	
-86.60000000E-3	65.48798336E-6	
-86.10000000E-3	65.60805343E-6	
-85.40000000E-3	65.75009589E-6	
-84.80000000E-3	65.90380207E-6	
-84.10000000E-3	66.06084904E-6	
-83.50000000E-3	66.21585771E-6	
-82.90000000E-3	66.36139854E-6	
-82.30000000E-3	66.50761248E-6	
-81.70000000E-3	66.66596952E-6	
-81.00000000E-3	66.83178247E-6	
-80.40000000E-3	67.00352724E-6	
-79.80000000E-3	67.18286456E-6	
-79.10000000E-3	67.37074503E-6	
-78.60000000E-3	67.56473331E-6	
-77.90000000E-3	67.75546573E-6	
-77.30000000E-3	67.94585860E-6	
-76.70000000E-3	68.13814949E-6	
-76.10000000E-3	68.32277428E-6	
-75.40000000E-3	68.49429930E-6	
-74.80000000E-3	68.65630845E-6	
-74.30000000E-3	68.81593873E-6	
-73.60000000E-3	68.97497557E-6	
-73.00000000E-3	69.12474333E-6	
-72.40000000E-3	69.26485162E-6	
-71.80000000E-3	69.39823641E-6	
-71.20000000E-3	69.52484554E-6	
-70.60000000E-3	69.63815414E-6	
-69.90000000E-3	69.72193552E-6	
-69.30000000E-3	69.76547553E-6	
-68.70000000E-3	69.76986268E-6	
-68.10000000E-3	69.74832979E-6	
-67.50000000E-3	69.71501319E-6	
-66.80000000E-3	69.66652376E-6	
-66.20000000E-3	69.58981810E-6	
-65.60000000E-3	69.48039204E-6	
-65.00000000E-3	69.33763386E-6	
-64.30000000E-3	69.16628606E-6	
-63.70000000E-3	68.96776108E-6	
-63.10000000E-3	68.74130634E-6	
-62.50000000E-3	68.49791812E-6	
-61.80000000E-3	68.23234346E-6	
-61.20000000E-3	67.93483286E-6	
-60.60000000E-3	67.61402543E-6	
-60.00000000E-3	67.26782857E-6	
-59.30000000E-3	66.89048916E-6	
-58.70000000E-3	66.48407949E-6	
-58.10000000E-3	66.05236881E-6	
-57.50000000E-3	65.60995940E-6	
-56.80000000E-3	65.14216728E-6	
-56.20000000E-3	64.63159036E-6	
-55.60000000E-3	64.10212186E-6	
-55.00000000E-3	63.55885106E-6	
-54.40000000E-3	63.00363791E-6	
-53.70000000E-3	62.43375495E-6	
-53.20000000E-3	61.85576486E-6	
-52.50000000E-3	61.29291981E-6	
-52.00000000E-3	60.72615636E-6	
-51.30000000E-3	60.13593612E-6	
-51.00000000E-3	59.54293011E-6	
-50.40000000E-3	58.95201763E-6	
-49.50000000E-3	58.35907706E-6	
-48.80000000E-3	57.75866097E-6	
-48.20000000E-3	57.15134451E-6	
-47.60000000E-3	56.54853514E-6	
-47.00000000E-3	55.98108899E-6	
-46.70000000E-3	55.42949748E-6	
-46.10000000E-3	54.87544812E-6	
-45.40000000E-3	54.33282452E-6	
-44.50000000E-3	53.80729012E-6	
-43.80000000E-3	53.30407727E-6	
-43.60000000E-3	52.82417594E-6	
-42.90000000E-3	52.36172441E-6	
-42.00000000E-3	51.92825277E-6	
-41.70000000E-3	51.51058566E-6	
-41.10000000E-3	51.09407857E-6	
-40.40000000E-3	50.69621667E-6	
-39.80000000E-3	50.31651723E-6	
-39.20000000E-3	49.95983300E-6	
-38.60000000E-3	49.62926825E-6	
-37.90000000E-3	49.33011395E-6	
-37.40000000E-3	49.07414596E-6	
-36.70000000E-3	48.84753906E-6	
-36.10000000E-3	48.64284691E-6	
-35.50000000E-3	48.46150950E-6	
-34.90000000E-3	48.29488369E-6	
-34.20000000E-3	48.13930121E-6	
-33.60000000E-3	47.99671858E-6	
-32.90000000E-3	47.86684750E-6	
-32.40000000E-3	47.75120290E-6	
-31.70000000E-3	47.64690525E-6	
-31.10000000E-3	47.55063201E-6	
-30.50000000E-3	47.46772339E-6	
-29.90000000E-3	47.40280813E-6	
-29.20000000E-3	47.35938450E-6	
-28.60000000E-3	47.32717615E-6	
-27.90000000E-3	47.29925008E-6	
-27.40000000E-3	47.28742824E-6	
-26.70000000E-3	47.29823210E-6	
-26.10000000E-3	47.32594007E-6	
-25.50000000E-3	47.36289916E-6	
-24.90000000E-3	47.39920185E-6	
-24.20000000E-3	47.43197804E-6	
-23.60000000E-3	47.46834808E-6	
-23.00000000E-3	47.51582694E-6	
-22.40000000E-3	47.57396537E-6	
-21.70000000E-3	47.63686548E-6	
-21.20000000E-3	47.70320351E-6	
-20.60000000E-3	47.76898709E-6	
-19.90000000E-3	47.82732586E-6	
-19.30000000E-3	47.88295471E-6	
-18.70000000E-3	47.93960779E-6	
-18.00000000E-3	47.99730787E-6	
-17.40000000E-3	48.05334479E-6	
-16.80000000E-3	48.10628541E-6	
-16.20000000E-3	48.16338670E-6	
-15.60000000E-3	48.22930845E-6	
-14.90000000E-3	48.29560069E-6	
-14.30000000E-3	48.35908769E-6	
-13.70000000E-3	48.42295413E-6	
-13.00000000E-3	48.49323309E-6	
-12.40000000E-3	48.56457782E-6	
-11.80000000E-3	48.62360608E-6	
-11.20000000E-3	48.67052759E-6	
-10.60000000E-3	48.70976352E-6	
-10.00000000E-3	48.74714165E-6	
-9.30000000E-3	48.79016105E-6	
-8.70000000E-3	48.83522677E-6	
-8.10000000E-3	48.87689180E-6	
-7.50000000E-3	48.90680756E-6	
-6.90000000E-3	48.92351094E-6	
-6.20000000E-3	48.93835308E-6	
-5.60000000E-3	48.95992026E-6	
-5.00000000E-3	48.98975472E-6	
-4.40000000E-3	49.02631387E-6	
-3.80000000E-3	49.06372808E-6	
-3.20000000E-3	49.09624619E-6	
-2.40000000E-3	49.12560724E-6	
-1.80000000E-3	49.15496485E-6	
-1.10000000E-3	49.18389869E-6	
-500.00000000E-6	49.20904335E-6	
100.00000000E-6	49.22545978E-6	
700.00000000E-6	49.23284668E-6	
1.50000000E-3	49.24008021E-6	
2.30000000E-3	49.25631919E-6	
2.90000000E-3	49.28622147E-6	
3.40000000E-3	49.32602010E-6	
4.10000000E-3	49.36025720E-6	
4.30000000E-3	49.38015398E-6	
4.90000000E-3	49.38802754E-6	
5.80000000E-3	49.38810264E-6	
6.50000000E-3	49.38334175E-6	
7.00000000E-3	49.37856172E-6	
7.60000000E-3	49.37574870E-6	
8.40000000E-3	49.37101415E-6	
8.80000000E-3	49.35907314E-6	
9.40000000E-3	49.33798944E-6	
10.00000000E-3	49.31045030E-6	
10.60000000E-3	49.28285902E-6	
11.20000000E-3	49.25314844E-6	
11.80000000E-3	49.21489462E-6	
12.50000000E-3	49.17054835E-6	
13.20000000E-3	49.13429177E-6	
13.80000000E-3	49.11064654E-6	
14.40000000E-3	49.08736314E-6	
15.00000000E-3	49.05501580E-6	
15.80000000E-3	49.01363077E-6	
16.30000000E-3	48.96633519E-6	
17.10000000E-3	48.91394198E-6	
17.70000000E-3	48.85626283E-6	
18.20000000E-3	48.79507536E-6	
18.80000000E-3	48.73171737E-6	
19.40000000E-3	48.66703428E-6	
20.20000000E-3	48.59567362E-6	
20.80000000E-3	48.51539001E-6	
21.40000000E-3	48.42920335E-6	
22.00000000E-3	48.33603368E-6	
22.60000000E-3	48.23793757E-6	
23.20000000E-3	48.14317996E-6	
24.00000000E-3	48.05557634E-6	
24.50000000E-3	47.97070348E-6	
24.80000000E-3	47.87923217E-6	
25.70000000E-3	47.78008336E-6	
26.20000000E-3	47.68490174E-6	
26.80000000E-3	47.59635546E-6	
27.60000000E-3	47.50903808E-6	
28.10000000E-3	47.41827754E-6	
28.50000000E-3	47.32663102E-6	
29.50000000E-3	47.24225532E-6	
29.70000000E-3	47.16133292E-6	
30.60000000E-3	47.07867168E-6	
31.20000000E-3	47.00111949E-6	
31.70000000E-3	46.93428929E-6	
32.30000000E-3	46.87596565E-6	
32.90000000E-3	46.82415206E-6	
33.50000000E-3	46.78165126E-6	
34.30000000E-3	46.75195323E-6	
34.90000000E-3	46.73139539E-6	
35.40000000E-3	46.71833662E-6	
36.00000000E-3	46.71526381E-6	
36.60000000E-3	46.72517637E-6	
37.50000000E-3	46.74977181E-6	
38.00000000E-3	46.78964756E-6	
38.60000000E-3	46.84766623E-6	
39.10000000E-3	46.92540415E-6	
39.70000000E-3	47.02104264E-6	
40.50000000E-3	47.13880252E-6	
41.10000000E-3	47.28366738E-6	
41.70000000E-3	47.44919936E-6	
42.30000000E-3	47.63531651E-6	
42.90000000E-3	47.84320592E-6	
43.40000000E-3	48.06934415E-6	
44.20000000E-3	48.31128630E-6	
44.80000000E-3	48.55904707E-6	
45.40000000E-3	48.82413825E-6	
46.00000000E-3	49.11681063E-6	
46.60000000E-3	49.43163277E-6	
47.20000000E-3	49.77444652E-6	
48.00000000E-3	50.14535623E-6	
48.60000000E-3	50.53808569E-6	
49.10000000E-3	50.94766251E-6	
49.70000000E-3	51.36174708E-6	
50.20000000E-3	51.79271262E-6	
50.90000000E-3	52.25476620E-6	
51.70000000E-3	52.72386540E-6	
52.30000000E-3	53.19895964E-6	
52.90000000E-3	53.69058021E-6	
53.30000000E-3	54.19949157E-6	
53.90000000E-3	54.71831607E-6	
54.60000000E-3	55.22168954E-6	
55.20000000E-3	55.73122186E-6	
56.00000000E-3	56.26740105E-6	
56.60000000E-3	56.81633092E-6	
57.10000000E-3	57.37407508E-6	
57.70000000E-3	57.93526702E-6	
58.30000000E-3	58.49857404E-6	
58.90000000E-3	59.05805139E-6	
59.70000000E-3	59.61300597E-6	
60.30000000E-3	60.14227105E-6	
60.90000000E-3	60.66657823E-6	
61.40000000E-3	61.19987478E-6	
62.10000000E-3	61.72353813E-6	
62.60000000E-3	62.23804800E-6	
63.50000000E-3	62.73759578E-6	
64.00000000E-3	63.22239915E-6	
64.60000000E-3	63.69209278E-6	
65.20000000E-3	64.13114935E-6	
65.70000000E-3	64.55368841E-6	
66.60000000E-3	64.97170778E-6	
67.20000000E-3	65.37263220E-6	
67.80000000E-3	65.75917441E-6	
68.30000000E-3	66.13066955E-6	
68.80000000E-3	66.47939732E-6	
69.60000000E-3	66.80154125E-6	
70.30000000E-3	67.08605953E-6	
70.90000000E-3	67.34807056E-6	
71.40000000E-3	67.59411569E-6	
72.00000000E-3	67.80880934E-6	
72.60000000E-3	67.99070647E-6	
73.20000000E-3	68.14447448E-6	
74.00000000E-3	68.27564225E-6	
74.60000000E-3	68.38425423E-6	
74.90000000E-3	68.46838845E-6	
75.60000000E-3	68.53287847E-6	
76.20000000E-3	68.58201980E-6	
77.00000000E-3	68.61960180E-6	
77.70000000E-3	68.64295389E-6	
77.90000000E-3	68.64383678E-6	
78.90000000E-3	68.62078400E-6	
79.50000000E-3	68.57885260E-6	
80.00000000E-3	68.52659562E-6	
80.70000000E-3	68.46464067E-6	
81.50000000E-3	68.39000250E-6	
82.00000000E-3	68.30381174E-6	
82.60000000E-3	68.20674605E-6	
83.10000000E-3	68.09992018E-6	
83.70000000E-3	67.98066043E-6	
84.50000000E-3	67.84924895E-6	
85.10000000E-3	67.71169203E-6	
85.70000000E-3	67.57815506E-6	
86.10000000E-3	67.44319008E-6	
86.90000000E-3	67.29906940E-6	
87.70000000E-3	67.15524912E-6	
88.30000000E-3	67.01905353E-6	
88.90000000E-3	66.88841852E-6	
89.50000000E-3	66.75802272E-6	
89.90000000E-3	66.63401804E-6	
90.50000000E-3	66.52536684E-6	
91.10000000E-3	66.42681032E-6	
91.70000000E-3	66.33139316E-6	
92.30000000E-3	66.23429366E-6	
93.00000000E-3	66.13105174E-6	
93.70000000E-3	66.02512399E-6	
94.60000000E-3	65.92188302E-6	
94.90000000E-3	65.82754845E-6	
95.40000000E-3	65.74841492E-6	
96.00000000E-3	65.67755269E-6	
96.90000000E-3	65.60818409E-6	
97.50000000E-3	65.54411627E-6	
98.00000000E-3	65.48341123E-6	
98.50000000E-3	65.42457405E-6	
99.10000000E-3	65.37123885E-6	
99.90000000E-3	65.32344145E-6	
100.50000000E-3	65.28474624E-6	
101.10000000E-3	65.25869992E-6	
101.70000000E-3	65.24150348E-6	
102.30000000E-3	65.22233409E-6	
103.00000000E-3	65.19664372E-6	
103.60000000E-3	65.17513380E-6	
104.40000000E-3	65.16530529E-6	
104.80000000E-3	65.16143186E-6	
105.30000000E-3	65.15879869E-6	
106.00000000E-3	65.15935667E-6	
106.80000000E-3	65.16299224E-6	
106.80000000E-3	65.17106195E-6	
108.00000000E-3	65.18499373E-6	
108.60000000E-3	65.20110105E-6	
109.10000000E-3	65.21462786E-6	
109.70000000E-3	65.22583507E-6	
110.30000000E-3	65.23500849E-6	
111.10000000E-3	65.23535129E-6	
111.70000000E-3	65.22832788E-6	
112.30000000E-3	65.22504292E-6	
112.90000000E-3	65.23478966E-6	
113.70000000E-3	65.25395688E-6	
114.30000000E-3	65.27259843E-6	
114.90000000E-3	65.28514568E-6	
115.50000000E-3	65.29219667E-6	
116.00000000E-3	65.29250675E-6	
116.60000000E-3	65.28700972E-6	
117.50000000E-3	65.28023992E-6	
118.00000000E-3	65.27546840E-6	
118.60000000E-3	65.27622929E-6	
119.10000000E-3	65.28618249E-6	
119.70000000E-3	65.30062026E-6	
120.30000000E-3	65.30349310E-6	
121.20000000E-3	65.28864420E-6	
121.40000000E-3	65.26403756E-6	
122.00000000E-3	65.23737902E-6	
122.80000000E-3	65.21382502E-6	
123.40000000E-3	65.19132953E-6	
124.20000000E-3	65.17558381E-6	
124.80000000E-3	65.17394843E-6	
125.40000000E-3	65.17561128E-6	
126.00000000E-3	65.16401087E-6	
126.60000000E-3	65.14080278E-6	
127.10000000E-3	65.11436241E-6	
127.70000000E-3	65.08694565E-6	
128.50000000E-3	65.05655834E-6	
129.10000000E-3	65.02359549E-6	
129.50000000E-3	64.99224243E-6	
130.20000000E-3	64.95930991E-6	
130.90000000E-3	64.92289181E-6	
131.70000000E-3	64.89171071E-6	
131.90000000E-3	64.86856221E-6	
132.50000000E-3	64.84966528E-6	
133.10000000E-3	64.82871733E-6	
133.90000000E-3	64.79383673E-6	
134.50000000E-3	64.73737168E-6	
134.80000000E-3	64.66464528E-6	
135.80000000E-3	64.59083512E-6	
136.40000000E-3	64.52526331E-6	
137.00000000E-3	64.46516709E-6	
137.60000000E-3	64.40587750E-6	
138.40000000E-3	64.34662770E-6	
139.00000000E-3	64.28955047E-6	
139.60000000E-3	64.23608400E-6	
140.20000000E-3	64.18364612E-6	
140.70000000E-3	64.13182335E-6	
141.40000000E-3	64.08060477E-6	
142.10000000E-3	64.02678392E-6	
142.70000000E-3	63.96952571E-6	
143.30000000E-3	63.91113413E-6	
143.90000000E-3	63.85070333E-6	
144.30000000E-3	63.78885314E-6	
145.30000000E-3	63.72843886E-6	
145.90000000E-3	63.67434375E-6	
146.40000000E-3	63.62704767E-6	
147.00000000E-3	63.57872902E-6	
147.50000000E-3	63.52285980E-6	
148.10000000E-3	63.46176523E-6	
148.90000000E-3	63.40125211E-6	
149.60000000E-3	63.34464317E-6	
150.10000000E-3	63.29066238E-6	
150.60000000E-3	63.23929618E-6	
151.20000000E-3	63.18814947E-6	
151.90000000E-3	63.13500222E-6	
152.40000000E-3	63.08238487E-6	
153.20000000E-3	63.03308784E-6	
153.50000000E-3	62.98459941E-6	
154.40000000E-3	62.93160310E-6	
154.90000000E-3	62.87426517E-6	
155.50000000E-3	62.82085936E-6	
156.10000000E-3	62.77798183E-6	
156.70000000E-3	62.74375253E-6	
156.90000000E-3	62.71176569E-6	
158.10000000E-3	62.67577955E-6	
158.70000000E-3	62.63184902E-6	
159.30000000E-3	62.58492111E-6	
159.90000000E-3	62.53948572E-6	
160.70000000E-3	62.49169652E-6	
161.30000000E-3	62.44254041E-6	
161.90000000E-3	62.39842761E-6	
162.50000000E-3	62.35868945E-6	
162.90000000E-3	62.31870626E-6	
163.90000000E-3	62.27641965E-6	
164.40000000E-3	62.22852374E-6	
164.90000000E-3	62.18072056E-6	
165.50000000E-3	62.14256874E-6	
166.10000000E-3	62.11308543E-6	
166.70000000E-3	62.08164730E-6	
167.50000000E-3	62.04103188E-6	
168.10000000E-3	61.99591298E-6	
168.70000000E-3	61.95833439E-6	
169.20000000E-3	61.93348143E-6	
169.80000000E-3	61.91127410E-6	
170.40000000E-3	61.87577462E-6	
171.00000000E-3	61.83169511E-6	
171.70000000E-3	61.79100016E-6	
172.40000000E-3	61.75719383E-6	
172.70000000E-3	61.72568449E-6	
173.40000000E-3	61.69360164E-6	
174.30000000E-3	61.66490635E-6	
174.80000000E-3	61.63712834E-6	
175.40000000E-3	61.59923049E-6	
176.20000000E-3	61.55157531E-6	
176.80000000E-3	61.50642330E-6	
177.40000000E-3	61.46928382E-6	
177.70000000E-3	61.43238656E-6	
178.20000000E-3	61.38881729E-6	
179.10000000E-3	61.34164817E-6	
179.80000000E-3	61.29307301E-6	
180.30000000E-3	61.24293138E-6	
180.90000000E-3	61.19148882E-6	
181.70000000E-3	61.14300844E-6	
182.30000000E-3	61.10302382E-6	
182.90000000E-3	61.06983631E-6	
183.40000000E-3	61.04139023E-6	
184.00000000E-3	61.01092967E-6	
184.80000000E-3	60.97019396E-6	
185.50000000E-3	60.92403175E-6	
186.00000000E-3	60.88239474E-6	
186.60000000E-3	60.85066605E-6	
187.20000000E-3	60.82534310E-6	
187.80000000E-3	60.79737345E-6	
188.60000000E-3	60.76017136E-6	
188.60000000E-3	60.71547865E-6	
189.70000000E-3	60.67249098E-6	
189.70000000E-3	60.63841867E-6	
190.50000000E-3	60.60988992E-6	
191.80000000E-3	60.57997720E-6	
192.30000000E-3	60.54172171E-6	
192.90000000E-3	60.49567591E-6	
193.20000000E-3	60.44561008E-6	
194.10000000E-3	60.39906150E-6	
194.70000000E-3	60.36045587E-6	
195.10000000E-3	60.32418351E-6	
195.70000000E-3	60.28609299E-6	
196.30000000E-3	60.24378047E-6	
197.00000000E-3	60.19594373E-6	
197.70000000E-3	60.14714322E-6	
198.30000000E-3	60.10139991E-6	
198.90000000E-3	60.05646667E-6	
199.50000000E-3	60.00644598E-6	
200.00000000E-3	59.94845696E-6	
