-200.10000000E-3	60.92494917E-6	
-200.00000000E-3	60.94037116E-6	
-200.00000000E-3	60.94580588E-6	
-199.80000000E-3	60.94821122E-6	
-199.60000000E-3	60.95242690E-6	
-199.30000000E-3	60.95685589E-6	
-198.80000000E-3	60.96090097E-6	
-198.30000000E-3	60.95921621E-6	
-198.00000000E-3	60.93997553E-6	
-197.50000000E-3	60.90599319E-6	
-197.20000000E-3	60.87051162E-6	
-196.60000000E-3	60.84309063E-6	
-196.00000000E-3	60.82754311E-6	
-195.50000000E-3	60.82042251E-6	
-195.00000000E-3	60.81935416E-6	
-194.50000000E-3	60.82712888E-6	
-193.90000000E-3	60.84268358E-6	
-193.20000000E-3	60.86232076E-6	
-192.60000000E-3	60.88770900E-6	
-192.10000000E-3	60.91782010E-6	
-191.50000000E-3	60.95060275E-6	
-190.90000000E-3	60.98617923E-6	
-190.30000000E-3	61.02549065E-6	
-189.70000000E-3	61.06624491E-6	
-189.00000000E-3	61.09823034E-6	
-188.40000000E-3	61.11472306E-6	
-187.80000000E-3	61.12017530E-6	
-187.30000000E-3	61.12145730E-6	
-186.70000000E-3	61.12055216E-6	
-185.90000000E-3	61.11921019E-6	
-185.30000000E-3	61.12514452E-6	
-184.70000000E-3	61.14906198E-6	
-184.10000000E-3	61.19323804E-6	
-183.60000000E-3	61.24405801E-6	
-183.00000000E-3	61.28934301E-6	
-182.40000000E-3	61.32515327E-6	
-181.50000000E-3	61.35346948E-6	
-180.90000000E-3	61.37921534E-6	
-180.40000000E-3	61.39890172E-6	
-179.90000000E-3	61.40478019E-6	
-179.30000000E-3	61.39722566E-6	
-178.70000000E-3	61.38827445E-6	
-177.80000000E-3	61.38519969E-6	
-177.20000000E-3	61.39001885E-6	
-176.70000000E-3	61.40372338E-6	
-176.10000000E-3	61.42424804E-6	
-175.50000000E-3	61.44597267E-6	
-174.90000000E-3	61.46635073E-6	
-174.20000000E-3	61.48970178E-6	
-173.50000000E-3	61.52291796E-6	
-172.90000000E-3	61.56260515E-6	
-172.30000000E-3	61.60312782E-6	
-171.80000000E-3	61.64014306E-6	
-171.20000000E-3	61.66331759E-6	
-170.40000000E-3	61.66904904E-6	
-169.70000000E-3	61.67009887E-6	
-169.20000000E-3	61.68154150E-6	
-168.60000000E-3	61.70515828E-6	
-168.10000000E-3	61.73476112E-6	
-167.50000000E-3	61.76820421E-6	
-166.70000000E-3	61.80265608E-6	
-166.00000000E-3	61.83051110E-6	
-165.40000000E-3	61.84722858E-6	
-164.80000000E-3	61.85216496E-6	
-164.30000000E-3	61.84692261E-6	
-163.70000000E-3	61.83876096E-6	
-163.10000000E-3	61.83774692E-6	
-162.30000000E-3	61.84756166E-6	
-161.70000000E-3	61.86921663E-6	
-161.10000000E-3	61.89682489E-6	
-160.50000000E-3	61.92588128E-6	
-160.00000000E-3	61.96033054E-6	
-159.40000000E-3	62.00099867E-6	
-158.60000000E-3	62.04489540E-6	
-158.00000000E-3	62.08325141E-6	
-157.40000000E-3	62.10952368E-6	
-156.80000000E-3	62.12590899E-6	
-156.20000000E-3	62.13354235E-6	
-155.60000000E-3	62.13748555E-6	
-154.90000000E-3	62.14380155E-6	
-154.20000000E-3	62.15437504E-6	
-153.70000000E-3	62.16624128E-6	
-153.10000000E-3	62.17916007E-6	
-152.50000000E-3	62.19847550E-6	
-151.90000000E-3	62.22909928E-6	
-151.20000000E-3	62.27148214E-6	
-150.50000000E-3	62.32198228E-6	
-149.90000000E-3	62.37963200E-6	
-149.70000000E-3	62.43751574E-6	
-148.80000000E-3	62.48751743E-6	
-148.20000000E-3	62.52613791E-6	
-147.60000000E-3	62.55564595E-6	
-147.00000000E-3	62.58339463E-6	
-146.40000000E-3	62.60939338E-6	
-145.60000000E-3	62.62529474E-6	
-145.40000000E-3	62.63124550E-6	
-144.50000000E-3	62.64075951E-6	
-143.80000000E-3	62.66021389E-6	
-143.40000000E-3	62.68527126E-6	
-142.50000000E-3	62.70859984E-6	
-142.20000000E-3	62.72941988E-6	
-141.40000000E-3	62.74920694E-6	
-140.80000000E-3	62.76721605E-6	
-140.20000000E-3	62.78824946E-6	
-139.60000000E-3	62.81559215E-6	
-139.00000000E-3	62.84115299E-6	
-138.50000000E-3	62.84988318E-6	
-137.70000000E-3	62.84129371E-6	
-137.10000000E-3	62.83347774E-6	
-136.50000000E-3	62.83495601E-6	
-135.90000000E-3	62.84285358E-6	
-135.30000000E-3	62.85917739E-6	
-134.80000000E-3	62.88752459E-6	
-133.90000000E-3	62.91609573E-6	
-133.30000000E-3	62.92983975E-6	
-132.80000000E-3	62.92843421E-6	
-132.20000000E-3	62.92591348E-6	
-131.60000000E-3	62.93128873E-6	
-131.00000000E-3	62.93979681E-6	
-130.30000000E-3	62.93870375E-6	
-129.60000000E-3	62.92487326E-6	
-129.00000000E-3	62.90021006E-6	
-128.50000000E-3	62.87145997E-6	
-127.90000000E-3	62.84919987E-6	
-127.30000000E-3	62.83323688E-6	
-126.60000000E-3	62.81368578E-6	
-125.90000000E-3	62.78954848E-6	
-125.30000000E-3	62.76313279E-6	
-124.80000000E-3	62.73453585E-6	
-124.20000000E-3	62.70994900E-6	
-123.60000000E-3	62.69486834E-6	
-123.00000000E-3	62.68623827E-6	
-122.20000000E-3	62.67911629E-6	
-121.60000000E-3	62.66909633E-6	
-121.00000000E-3	62.65597809E-6	
-120.40000000E-3	62.64265795E-6	
-119.80000000E-3	62.62678435E-6	
-119.30000000E-3	62.60463814E-6	
-118.40000000E-3	62.57966360E-6	
-117.90000000E-3	62.55519766E-6	
-117.30000000E-3	62.53158652E-6	
-116.70000000E-3	62.51075734E-6	
-116.10000000E-3	62.48670470E-6	
-115.50000000E-3	62.44904144E-6	
-114.80000000E-3	62.39812570E-6	
-114.10000000E-3	62.34620792E-6	
-113.50000000E-3	62.30195302E-6	
-113.00000000E-3	62.26660360E-6	
-112.40000000E-3	62.23771730E-6	
-111.80000000E-3	62.20931459E-6	
-111.00000000E-3	62.17460247E-6	
-110.40000000E-3	62.13446138E-6	
-109.80000000E-3	62.09619627E-6	
-109.20000000E-3	62.06067436E-6	
-108.70000000E-3	62.02364489E-6	
-108.10000000E-3	61.98431318E-6	
-107.20000000E-3	61.94473789E-6	
-106.60000000E-3	61.90793295E-6	
-106.00000000E-3	61.87463526E-6	
-105.50000000E-3	61.84700122E-6	
-104.90000000E-3	61.82611937E-6	
-104.30000000E-3	61.80799155E-6	
-103.60000000E-3	61.78735252E-6	
-102.90000000E-3	61.76406401E-6	
-102.30000000E-3	61.74055016E-6	
-101.70000000E-3	61.71475275E-6	
-101.20000000E-3	61.68935296E-6	
-100.60000000E-3	61.67193531E-6	
-99.80000000E-3	61.65774517E-6	
-99.20000000E-3	61.63987267E-6	
-98.60000000E-3	61.62720935E-6	
-98.00000000E-3	61.62922230E-6	
-97.40000000E-3	61.64508665E-6	
-96.80000000E-3	61.66559986E-6	
-96.20000000E-3	61.68298013E-6	
-95.40000000E-3	61.70037523E-6	
-94.80000000E-3	61.72932852E-6	
-94.30000000E-3	61.77416704E-6	
-93.80000000E-3	61.82558029E-6	
-93.10000000E-3	61.87380557E-6	
-92.50000000E-3	61.91870534E-6	
-91.70000000E-3	61.96166213E-6	
-91.00000000E-3	62.00077115E-6	
-90.80000000E-3	62.03405695E-6	
-90.20000000E-3	62.06287313E-6	
-89.50000000E-3	62.09531318E-6	
-88.80000000E-3	62.13884976E-6	
-88.20000000E-3	62.19285851E-6	
-87.60000000E-3	62.25268161E-6	
-87.00000000E-3	62.31496275E-6	
-86.40000000E-3	62.38041372E-6	
-85.70000000E-3	62.45089347E-6	
-85.00000000E-3	62.52304359E-6	
-84.40000000E-3	62.59417979E-6	
-83.80000000E-3	62.67366012E-6	
-83.20000000E-3	62.76505360E-6	
-82.70000000E-3	62.86245948E-6	
-82.20000000E-3	62.95983066E-6	
-81.50000000E-3	63.05172103E-6	
-80.70000000E-3	63.14345993E-6	
-80.00000000E-3	63.23263035E-6	
-79.50000000E-3	63.30711272E-6	
-78.90000000E-3	63.36920788E-6	
-78.30000000E-3	63.42527552E-6	
-77.70000000E-3	63.48044941E-6	
-77.10000000E-3	63.53984367E-6	
-76.30000000E-3	63.60097681E-6	
-75.80000000E-3	63.65865620E-6	
-75.10000000E-3	63.70742691E-6	
-74.60000000E-3	63.74441514E-6	
-74.00000000E-3	63.77469878E-6	
-73.40000000E-3	63.80034176E-6	
-72.70000000E-3	63.81670250E-6	
-72.20000000E-3	63.81873563E-6	
-71.60000000E-3	63.80868555E-6	
-70.80000000E-3	63.79210090E-6	
-70.10000000E-3	63.76638273E-6	
-69.40000000E-3	63.73125773E-6	
-68.80000000E-3	63.68958711E-6	
-68.30000000E-3	63.63202399E-6	
-67.70000000E-3	63.55271380E-6	
-67.00000000E-3	63.45289959E-6	
-66.40000000E-3	63.33613347E-6	
-65.80000000E-3	63.21305945E-6	
-65.20000000E-3	63.08234550E-6	
-64.60000000E-3	62.93554148E-6	
-64.10000000E-3	62.77159344E-6	
-63.40000000E-3	62.59370567E-6	
-62.80000000E-3	62.41206437E-6	
-62.20000000E-3	62.23118658E-6	
-61.40000000E-3	62.04509353E-6	
-60.80000000E-3	61.85097379E-6	
-60.10000000E-3	61.63606626E-6	
-59.60000000E-3	61.39279813E-6	
-59.00000000E-3	61.14356802E-6	
-58.40000000E-3	60.89686033E-6	
-57.80000000E-3	60.65127486E-6	
-57.20000000E-3	60.39923576E-6	
-56.70000000E-3	60.12905210E-6	
-56.00000000E-3	59.84683722E-6	
-55.30000000E-3	59.55063534E-6	
-54.60000000E-3	59.23502012E-6	
-53.90000000E-3	58.90793111E-6	
-53.30000000E-3	58.56962065E-6	
-52.80000000E-3	58.22226379E-6	
-52.20000000E-3	57.87052427E-6	
-51.50000000E-3	57.51737906E-6	
-50.90000000E-3	57.16508316E-6	
-50.40000000E-3	56.83291250E-6	
-49.70000000E-3	56.51180741E-6	
-49.10000000E-3	56.19010946E-6	
-48.50000000E-3	55.87596942E-6	
-48.00000000E-3	55.57269472E-6	
-47.30000000E-3	55.28120002E-6	
-46.70000000E-3	54.99572615E-6	
-46.10000000E-3	54.70727183E-6	
-45.30000000E-3	54.42457503E-6	
-44.60000000E-3	54.14472453E-6	
-44.00000000E-3	53.85751921E-6	
-43.60000000E-3	53.57349899E-6	
-43.10000000E-3	53.29454181E-6	
-42.50000000E-3	53.02431773E-6	
-41.90000000E-3	52.76772625E-6	
-41.00000000E-3	52.52668993E-6	
-40.30000000E-3	52.30714665E-6	
-40.10000000E-3	52.09368908E-6	
-39.50000000E-3	51.87880474E-6	
-38.70000000E-3	51.67288731E-6	
-38.10000000E-3	51.47563405E-6	
-37.30000000E-3	51.28131712E-6	
-36.60000000E-3	51.08956785E-6	
-36.00000000E-3	50.90718194E-6	
-35.30000000E-3	50.74881854E-6	
-35.00000000E-3	50.61077582E-6	
-34.40000000E-3	50.48144586E-6	
-33.80000000E-3	50.36251246E-6	
-33.20000000E-3	50.25788055E-6	
-32.50000000E-3	50.16994683E-6	
-31.90000000E-3	50.09292273E-6	
-31.40000000E-3	50.01816298E-6	
-30.70000000E-3	49.94284688E-6	
-30.00000000E-3	49.87323680E-6	
-29.40000000E-3	49.81245415E-6	
-28.60000000E-3	49.76466456E-6	
-28.00000000E-3	49.73360710E-6	
-27.50000000E-3	49.71531252E-6	
-26.90000000E-3	49.70689223E-6	
-26.20000000E-3	49.70225665E-6	
-25.60000000E-3	49.69572327E-6	
-25.00000000E-3	49.69054237E-6	
-24.40000000E-3	49.69221911E-6	
-23.80000000E-3	49.70140133E-6	
-23.20000000E-3	49.71185826E-6	
-22.70000000E-3	49.71872801E-6	
-22.00000000E-3	49.72312034E-6	
-21.40000000E-3	49.72799540E-6	
-20.80000000E-3	49.73377416E-6	
-20.20000000E-3	49.74115462E-6	
-19.50000000E-3	49.75300814E-6	
-18.70000000E-3	49.76723029E-6	
-18.10000000E-3	49.77922837E-6	
-17.50000000E-3	49.79148117E-6	
-16.80000000E-3	49.80765672E-6	
-16.20000000E-3	49.82816508E-6	
-15.70000000E-3	49.85159893E-6	
-15.10000000E-3	49.87767349E-6	
-14.40000000E-3	49.90597952E-6	
-13.80000000E-3	49.93332163E-6	
-13.30000000E-3	49.95651866E-6	
-12.70000000E-3	49.97560049E-6	
-12.00000000E-3	49.99243302E-6	
-11.40000000E-3	50.01318412E-6	
-10.70000000E-3	50.04461269E-6	
-10.10000000E-3	50.08581252E-6	
-9.30000000E-3	50.12873761E-6	
-8.80000000E-3	50.16355931E-6	
-8.20000000E-3	50.18794304E-6	
-7.60000000E-3	50.21216352E-6	
-7.10000000E-3	50.24235283E-6	
-6.40000000E-3	50.27846756E-6	
-5.80000000E-3	50.31678547E-6	
-5.20000000E-3	50.35484118E-6	
-4.60000000E-3	50.38729366E-6	
-4.00000000E-3	50.40941242E-6	
-3.30000000E-3	50.41922034E-6	
-2.50000000E-3	50.41756164E-6	
-1.80000000E-3	50.41041237E-6	
-1.20000000E-3	50.40298203E-6	
-600.00000000E-6	50.40010950E-6	
-0.00000000E+0	50.40628375E-6	
600.00000000E-6	50.42124427E-6	
1.10000000E-3	50.44217951E-6	
1.70000000E-3	50.46492984E-6	
2.40000000E-3	50.48294581E-6	
3.20000000E-3	50.49403086E-6	
3.90000000E-3	50.49898292E-6	
4.40000000E-3	50.49988596E-6	
5.00000000E-3	50.49540159E-6	
5.60000000E-3	50.48612261E-6	
6.20000000E-3	50.47639764E-6	
6.70000000E-3	50.47176370E-6	
7.40000000E-3	50.47443939E-6	
8.10000000E-3	50.48017356E-6	
8.80000000E-3	50.48340293E-6	
9.40000000E-3	50.48213294E-6	
10.00000000E-3	50.47877434E-6	
10.60000000E-3	50.47591168E-6	
11.20000000E-3	50.47028591E-6	
11.70000000E-3	50.45763927E-6	
12.50000000E-3	50.43584987E-6	
12.90000000E-3	50.40745931E-6	
13.70000000E-3	50.38076027E-6	
14.30000000E-3	50.35982928E-6	
14.90000000E-3	50.34172944E-6	
15.60000000E-3	50.32128125E-6	
16.30000000E-3	50.29936456E-6	
16.60000000E-3	50.27837804E-6	
17.10000000E-3	50.25882378E-6	
17.70000000E-3	50.23829963E-6	
18.60000000E-3	50.21073626E-6	
19.20000000E-3	50.17489651E-6	
19.70000000E-3	50.13449558E-6	
20.30000000E-3	50.09208395E-6	
20.60000000E-3	50.04913675E-6	
21.70000000E-3	50.00467921E-6	
22.30000000E-3	49.95834414E-6	
22.90000000E-3	49.91580528E-6	
23.50000000E-3	49.88170957E-6	
24.10000000E-3	49.85189978E-6	
24.60000000E-3	49.82201276E-6	
25.40000000E-3	49.79239875E-6	
26.10000000E-3	49.76568601E-6	
26.60000000E-3	49.74110600E-6	
27.20000000E-3	49.71755544E-6	
27.80000000E-3	49.69768777E-6	
28.40000000E-3	49.67801253E-6	
29.00000000E-3	49.65349203E-6	
29.80000000E-3	49.62344873E-6	
30.50000000E-3	49.59123964E-6	
31.00000000E-3	49.56008999E-6	
31.60000000E-3	49.53379198E-6	
32.20000000E-3	49.51861875E-6	
32.70000000E-3	49.51946738E-6	
33.40000000E-3	49.53035114E-6	
34.00000000E-3	49.54507079E-6	
34.70000000E-3	49.56592264E-6	
35.40000000E-3	49.59601753E-6	
35.90000000E-3	49.63365331E-6	
36.60000000E-3	49.67180326E-6	
36.60000000E-3	49.71438310E-6	
37.80000000E-3	49.76805255E-6	
38.40000000E-3	49.83190029E-6	
39.00000000E-3	49.90486541E-6	
39.60000000E-3	49.98244591E-6	
40.10000000E-3	50.06479231E-6	
40.70000000E-3	50.15673263E-6	
41.30000000E-3	50.25599741E-6	
42.20000000E-3	50.36732859E-6	
42.70000000E-3	50.49704457E-6	
43.30000000E-3	50.64243024E-6	
43.30000000E-3	50.80252256E-6	
44.60000000E-3	50.97331901E-6	
45.20000000E-3	51.14868279E-6	
45.80000000E-3	51.32683433E-6	
46.40000000E-3	51.50292330E-6	
47.00000000E-3	51.68593377E-6	
47.80000000E-3	51.88312236E-6	
48.30000000E-3	52.08555108E-6	
48.90000000E-3	52.29825160E-6	
49.60000000E-3	52.52713721E-6	
49.60000000E-3	52.77751867E-6	
50.80000000E-3	53.04056312E-6	
51.40000000E-3	53.29090580E-6	
51.90000000E-3	53.53448127E-6	
52.50000000E-3	53.78545510E-6	
53.10000000E-3	54.04470055E-6	
53.70000000E-3	54.31554047E-6	
54.30000000E-3	54.60008165E-6	
55.10000000E-3	54.89676402E-6	
55.80000000E-3	55.19965728E-6	
56.30000000E-3	55.50207714E-6	
56.90000000E-3	55.78831237E-6	
57.50000000E-3	56.07217818E-6	
58.00000000E-3	56.36915778E-6	
58.70000000E-3	56.67394088E-6	
59.50000000E-3	56.98158108E-6	
60.10000000E-3	57.28554705E-6	
60.60000000E-3	57.58181801E-6	
61.20000000E-3	57.86969441E-6	
61.80000000E-3	58.14060167E-6	
62.40000000E-3	58.40933453E-6	
63.00000000E-3	58.69331975E-6	
63.90000000E-3	58.97987028E-6	
64.40000000E-3	59.26314909E-6	
65.00000000E-3	59.54100078E-6	
65.60000000E-3	59.81518693E-6	
66.20000000E-3	60.08466222E-6	
66.80000000E-3	60.33585979E-6	
67.40000000E-3	60.57420044E-6	
68.20000000E-3	60.80742339E-6	
68.80000000E-3	61.02866838E-6	
69.30000000E-3	61.23641739E-6	
69.90000000E-3	61.43276905E-6	
70.50000000E-3	61.62139496E-6	
71.10000000E-3	61.80395013E-6	
71.70000000E-3	61.97534006E-6	
72.50000000E-3	62.13787808E-6	
73.20000000E-3	62.29190897E-6	
73.70000000E-3	62.42957018E-6	
74.30000000E-3	62.55488410E-6	
74.80000000E-3	62.66899653E-6	
75.40000000E-3	62.77373443E-6	
76.20000000E-3	62.87194384E-6	
76.90000000E-3	62.95975200E-6	
77.50000000E-3	63.03680770E-6	
78.10000000E-3	63.10423951E-6	
78.70000000E-3	63.16268948E-6	
79.10000000E-3	63.21741226E-6	
79.90000000E-3	63.26475851E-6	
80.70000000E-3	63.29921891E-6	
81.10000000E-3	63.32563385E-6	
81.80000000E-3	63.34730749E-6	
82.40000000E-3	63.36185624E-6	
82.90000000E-3	63.37143570E-6	
83.50000000E-3	63.37312498E-6	
84.40000000E-3	63.35919626E-6	
84.80000000E-3	63.32810570E-6	
85.50000000E-3	63.29255713E-6	
86.10000000E-3	63.26477107E-6	
86.60000000E-3	63.24330870E-6	
87.00000000E-3	63.22721099E-6	
87.90000000E-3	63.21454635E-6	
88.50000000E-3	63.19826839E-6	
89.00000000E-3	63.17472826E-6	
89.60000000E-3	63.14816779E-6	
90.40000000E-3	63.12490737E-6	
91.00000000E-3	63.10684150E-6	
91.60000000E-3	63.08566534E-6	
92.20000000E-3	63.05640274E-6	
92.80000000E-3	63.01569936E-6	
93.40000000E-3	62.96388184E-6	
94.20000000E-3	62.90948638E-6	
94.80000000E-3	62.85826427E-6	
95.40000000E-3	62.81118367E-6	
95.90000000E-3	62.76876804E-6	
96.50000000E-3	62.73416225E-6	
97.10000000E-3	62.70730558E-6	
97.90000000E-3	62.68403470E-6	
98.50000000E-3	62.66740339E-6	
99.10000000E-3	62.65700189E-6	
99.70000000E-3	62.64617039E-6	
100.30000000E-3	62.63069376E-6	
100.90000000E-3	62.60750982E-6	
101.60000000E-3	62.57497378E-6	
102.20000000E-3	62.53826944E-6	
102.80000000E-3	62.50901441E-6	
103.40000000E-3	62.49386051E-6	
104.00000000E-3	62.49021326E-6	
104.50000000E-3	62.48727184E-6	
105.10000000E-3	62.48110684E-6	
106.00000000E-3	62.47788009E-6	
106.50000000E-3	62.49348243E-6	
107.10000000E-3	62.54058672E-6	
107.70000000E-3	62.58289257E-6	
108.30000000E-3	62.57495889E-6	
108.90000000E-3	62.51000120E-6	
109.80000000E-3	62.41941051E-6	
110.40000000E-3	62.33361426E-6	
110.90000000E-3	62.26477119E-6	
111.50000000E-3	62.21413571E-6	
112.00000000E-3	62.17756443E-6	
112.60000000E-3	62.14746594E-6	
113.60000000E-3	62.11777388E-6	
113.60000000E-3	62.09191996E-6	
114.50000000E-3	62.08033338E-6	
115.40000000E-3	62.08469631E-6	
115.90000000E-3	62.10018960E-6	
116.50000000E-3	62.12256176E-6	
117.10000000E-3	62.15177668E-6	
117.60000000E-3	62.18749220E-6	
118.20000000E-3	62.22306490E-6	
119.10000000E-3	62.24853217E-6	
119.10000000E-3	62.26293605E-6	
120.20000000E-3	62.28149616E-6	
120.70000000E-3	62.30929467E-6	
121.30000000E-3	62.33402033E-6	
121.60000000E-3	62.34927717E-6	
122.70000000E-3	62.35931095E-6	
123.30000000E-3	62.36862652E-6	
123.90000000E-3	62.37562812E-6	
124.50000000E-3	62.38030467E-6	
125.10000000E-3	62.38228381E-6	
125.80000000E-3	62.38261235E-6	
126.40000000E-3	62.38062728E-6	
127.00000000E-3	62.36643070E-6	
127.60000000E-3	62.33912998E-6	
128.20000000E-3	62.31157421E-6	
128.90000000E-3	62.28920488E-6	
129.40000000E-3	62.27454326E-6	
130.00000000E-3	62.26861730E-6	
130.70000000E-3	62.26532429E-6	
131.40000000E-3	62.25486654E-6	
131.90000000E-3	62.23577685E-6	
132.50000000E-3	62.21589928E-6	
133.20000000E-3	62.20167090E-6	
133.60000000E-3	62.19092892E-6	
134.20000000E-3	62.17781117E-6	
135.00000000E-3	62.16130366E-6	
135.60000000E-3	62.14546482E-6	
136.10000000E-3	62.13390475E-6	
136.80000000E-3	62.12039241E-6	
137.50000000E-3	62.09701912E-6	
138.00000000E-3	62.06762193E-6	
138.60000000E-3	62.03854794E-6	
139.20000000E-3	62.01196589E-6	
139.80000000E-3	61.98774428E-6	
140.50000000E-3	61.96267798E-6	
141.10000000E-3	61.93500805E-6	
141.60000000E-3	61.90657234E-6	
142.40000000E-3	61.87862522E-6	
143.00000000E-3	61.85220470E-6	
143.60000000E-3	61.83368720E-6	
144.10000000E-3	61.82750203E-6	
144.90000000E-3	61.82697998E-6	
145.50000000E-3	61.82035590E-6	
146.10000000E-3	61.80494231E-6	
146.60000000E-3	61.78799416E-6	
147.30000000E-3	61.77681222E-6	
148.00000000E-3	61.76709976E-6	
148.60000000E-3	61.75600120E-6	
149.10000000E-3	61.74758958E-6	
149.80000000E-3	61.73702930E-6	
150.50000000E-3	61.71633048E-6	
151.00000000E-3	61.68555973E-6	
151.40000000E-3	61.64985830E-6	
152.20000000E-3	61.62074069E-6	
152.90000000E-3	61.60946904E-6	
153.50000000E-3	61.61457442E-6	
154.10000000E-3	61.62793944E-6	
154.90000000E-3	61.64025015E-6	
155.40000000E-3	61.64411769E-6	
156.00000000E-3	61.64085881E-6	
156.50000000E-3	61.63433136E-6	
157.20000000E-3	61.62300839E-6	
157.90000000E-3	61.60484030E-6	
158.40000000E-3	61.58424500E-6	
159.00000000E-3	61.56311862E-6	
159.70000000E-3	61.54322161E-6	
160.40000000E-3	61.52892586E-6	
160.90000000E-3	61.52019044E-6	
161.50000000E-3	61.51401524E-6	
162.20000000E-3	61.50435215E-6	
162.90000000E-3	61.49012572E-6	
163.40000000E-3	61.47346511E-6	
164.00000000E-3	61.45448937E-6	
164.70000000E-3	61.43163970E-6	
165.40000000E-3	61.40285329E-6	
165.90000000E-3	61.37459002E-6	
166.40000000E-3	61.35670325E-6	
167.30000000E-3	61.34962180E-6	
167.80000000E-3	61.34715591E-6	
168.10000000E-3	61.34070943E-6	
169.00000000E-3	61.32367895E-6	
169.50000000E-3	61.29927533E-6	
170.30000000E-3	61.27318945E-6	
170.80000000E-3	61.24891056E-6	
171.40000000E-3	61.22816625E-6	
172.20000000E-3	61.21388696E-6	
172.80000000E-3	61.20670394E-6	
173.30000000E-3	61.19903755E-6	
173.90000000E-3	61.18150938E-6	
174.60000000E-3	61.16162128E-6	
175.20000000E-3	61.15249915E-6	
175.80000000E-3	61.15678692E-6	
176.40000000E-3	61.16927152E-6	
177.10000000E-3	61.18054874E-6	
177.70000000E-3	61.18192902E-6	
178.00000000E-3	61.17311435E-6	
178.70000000E-3	61.16392449E-6	
179.50000000E-3	61.16231744E-6	
180.10000000E-3	61.17011911E-6	
180.70000000E-3	61.18379546E-6	
181.20000000E-3	61.19056193E-6	
181.90000000E-3	61.17931672E-6	
182.60000000E-3	61.15208066E-6	
183.10000000E-3	61.12139592E-6	
183.70000000E-3	61.09802909E-6	
184.40000000E-3	61.08642945E-6	
185.10000000E-3	61.08203467E-6	
185.60000000E-3	61.07291505E-6	
186.20000000E-3	61.05221134E-6	
186.90000000E-3	61.02648396E-6	
187.60000000E-3	61.00388162E-6	
188.10000000E-3	60.98379763E-6	
188.70000000E-3	60.96392870E-6	
189.40000000E-3	60.94196903E-6	
190.00000000E-3	60.91619219E-6	
190.60000000E-3	60.88762695E-6	
191.10000000E-3	60.85944801E-6	
192.00000000E-3	60.87386577E-6	
192.50000000E-3	61.05199040E-6	
193.10000000E-3	61.30069161E-6	
193.60000000E-3	61.39895532E-6	
194.40000000E-3	61.30997147E-6	
195.00000000E-3	61.13384319E-6	
195.60000000E-3	60.96146609E-6	
196.10000000E-3	60.83638160E-6	
197.00000000E-3	60.75165394E-6	
197.50000000E-3	60.68988822E-6	
198.10000000E-3	60.64475758E-6	
198.60000000E-3	60.61224031E-6	
199.30000000E-3	60.58506392E-6	
199.90000000E-3	60.55731503E-6	
