-200.00000000E-3	59.27831933E-6	
-200.00000000E-3	59.27834930E-6	
-200.00000000E-3	59.28282145E-6	
-199.90000000E-3	59.28779160E-6	
-199.50000000E-3	59.29023844E-6	
-199.30000000E-3	59.29318923E-6	
-198.90000000E-3	59.30062366E-6	
-198.50000000E-3	59.31374138E-6	
-198.10000000E-3	59.33659209E-6	
-197.70000000E-3	59.36759425E-6	
-196.90000000E-3	59.39728756E-6	
-196.50000000E-3	59.41903338E-6	
-196.00000000E-3	59.43307922E-6	
-195.50000000E-3	59.44696242E-6	
-195.00000000E-3	59.46720309E-6	
-194.20000000E-3	59.49711806E-6	
-193.70000000E-3	59.53536223E-6	
-193.20000000E-3	59.57727372E-6	
-192.70000000E-3	59.62121954E-6	
-192.10000000E-3	59.66848707E-6	
-191.50000000E-3	59.72226394E-6	
-190.70000000E-3	59.78405616E-6	
-190.10000000E-3	59.85577570E-6	
-189.60000000E-3	59.94288797E-6	
-189.00000000E-3	60.04496875E-6	
-188.50000000E-3	60.14728944E-6	
-187.60000000E-3	60.23443568E-6	
-187.00000000E-3	60.29931211E-6	
-186.50000000E-3	60.34817475E-6	
-185.90000000E-3	60.38861928E-6	
-185.30000000E-3	60.42975237E-6	
-184.80000000E-3	60.48156149E-6	
-184.00000000E-3	60.54585197E-6	
-183.40000000E-3	60.61757148E-6	
-182.80000000E-3	60.68613894E-6	
-182.20000000E-3	60.75121167E-6	
-181.70000000E-3	60.81740439E-6	
-181.10000000E-3	60.88215977E-6	
-180.20000000E-3	60.94687954E-6	
-179.70000000E-3	61.01300805E-6	
-179.10000000E-3	61.08009897E-6	
-178.50000000E-3	61.15161367E-6	
-178.00000000E-3	61.23245030E-6	
-177.10000000E-3	61.31656199E-6	
-176.50000000E-3	61.38913002E-6	
-176.00000000E-3	61.44317025E-6	
-175.40000000E-3	61.48403999E-6	
-174.80000000E-3	61.52515534E-6	
-174.30000000E-3	61.57470354E-6	
-173.40000000E-3	61.63038761E-6	
-172.80000000E-3	61.68582468E-6	
-172.30000000E-3	61.74140309E-6	
-171.70000000E-3	61.80494761E-6	
-171.10000000E-3	61.88220868E-6	
-170.30000000E-3	61.96685801E-6	
-169.60000000E-3	62.05221364E-6	
-169.20000000E-3	62.13010770E-6	
-168.60000000E-3	62.19317323E-6	
-168.00000000E-3	62.25292440E-6	
-167.40000000E-3	62.32214226E-6	
-166.60000000E-3	62.39801479E-6	
-166.00000000E-3	62.46756968E-6	
-165.40000000E-3	62.52232765E-6	
-164.90000000E-3	62.57043804E-6	
-164.30000000E-3	62.62705397E-6	
-163.70000000E-3	62.70325124E-6	
-162.80000000E-3	62.79971111E-6	
-162.30000000E-3	62.91446610E-6	
-161.70000000E-3	63.03745860E-6	
-161.10000000E-3	63.15272816E-6	
-160.60000000E-3	63.24870459E-6	
-160.00000000E-3	63.33091885E-6	
-159.40000000E-3	63.40720075E-6	
-158.90000000E-3	63.48152341E-6	
-158.30000000E-3	63.56610093E-6	
-157.60000000E-3	63.66874233E-6	
-156.90000000E-3	63.77873549E-6	
-156.30000000E-3	63.87723440E-6	
-155.40000000E-3	63.95943579E-6	
-154.90000000E-3	64.03553673E-6	
-154.60000000E-3	64.12348525E-6	
-153.70000000E-3	64.23829550E-6	
-153.20000000E-3	64.39104499E-6	
-152.60000000E-3	64.56415825E-6	
-152.00000000E-3	64.71744899E-6	
-151.40000000E-3	64.83306219E-6	
-150.70000000E-3	64.92906156E-6	
-150.00000000E-3	65.02635188E-6	
-149.50000000E-3	65.13492336E-6	
-148.90000000E-3	65.25433748E-6	
-148.30000000E-3	65.37491862E-6	
-147.80000000E-3	65.48474904E-6	
-146.90000000E-3	65.57966477E-6	
-146.30000000E-3	65.67237777E-6	
-145.70000000E-3	65.77271498E-6	
-145.20000000E-3	65.87168064E-6	
-144.60000000E-3	65.96329224E-6	
-143.90000000E-3	66.05372397E-6	
-143.10000000E-3	66.15682956E-6	
-142.60000000E-3	66.28920209E-6	
-142.10000000E-3	66.45113425E-6	
-141.50000000E-3	66.61718929E-6	
-140.90000000E-3	66.77464864E-6	
-140.10000000E-3	66.92797769E-6	
-139.40000000E-3	67.07971906E-6	
-138.90000000E-3	67.22109725E-6	
-138.30000000E-3	67.34539353E-6	
-137.70000000E-3	67.46614114E-6	
-137.10000000E-3	67.59450040E-6	
-136.30000000E-3	67.72721712E-6	
-135.70000000E-3	67.85696990E-6	
-135.20000000E-3	67.97255144E-6	
-134.60000000E-3	68.06380498E-6	
-134.00000000E-3	68.14753653E-6	
-133.30000000E-3	68.24290783E-6	
-132.60000000E-3	68.35123709E-6	
-132.10000000E-3	68.47748962E-6	
-131.50000000E-3	68.63753668E-6	
-130.90000000E-3	68.83182980E-6	
-130.30000000E-3	69.04255251E-6	
-129.50000000E-3	69.23428647E-6	
-129.00000000E-3	69.38795730E-6	
-128.30000000E-3	69.49993823E-6	
-127.80000000E-3	69.56941473E-6	
-127.20000000E-3	69.60922157E-6	
-126.50000000E-3	69.64437998E-6	
-125.80000000E-3	69.69180134E-6	
-125.20000000E-3	69.74572299E-6	
-124.60000000E-3	69.79721003E-6	
-124.10000000E-3	69.85131670E-6	
-123.50000000E-3	69.90945660E-6	
-122.70000000E-3	69.95552898E-6	
-122.10000000E-3	69.98818193E-6	
-121.50000000E-3	70.01483382E-6	
-120.90000000E-3	70.03427234E-6	
-120.40000000E-3	70.04395979E-6	
-119.60000000E-3	70.04615662E-6	
-118.90000000E-3	70.04830686E-6	
-118.40000000E-3	70.05226189E-6	
-117.80000000E-3	70.04820580E-6	
-117.20000000E-3	70.02815562E-6	
-116.60000000E-3	69.98868547E-6	
-115.80000000E-3	69.93382126E-6	
-115.30000000E-3	69.87459918E-6	
-114.70000000E-3	69.81492960E-6	
-114.10000000E-3	69.75363478E-6	
-113.50000000E-3	69.69177701E-6	
-112.70000000E-3	69.62451592E-6	
-112.10000000E-3	69.53810138E-6	
-111.50000000E-3	69.42045027E-6	
-111.00000000E-3	69.28355502E-6	
-110.50000000E-3	69.15078495E-6	
-109.80000000E-3	69.03170696E-6	
-109.00000000E-3	68.92515157E-6	
-108.70000000E-3	68.82013171E-6	
-108.10000000E-3	68.70914987E-6	
-107.40000000E-3	68.59202198E-6	
-106.70000000E-3	68.46666369E-6	
-105.80000000E-3	68.33015900E-6	
-105.60000000E-3	68.17421513E-6	
-105.00000000E-3	67.99466794E-6	
-104.20000000E-3	67.80300850E-6	
-103.60000000E-3	67.61328743E-6	
-103.00000000E-3	67.44206932E-6	
-102.40000000E-3	67.30794863E-6	
-101.90000000E-3	67.20324287E-6	
-101.30000000E-3	67.11562692E-6	
-100.50000000E-3	67.03292400E-6	
-99.90000000E-3	66.95237137E-6	
-99.30000000E-3	66.88511323E-6	
-98.70000000E-3	66.83440441E-6	
-98.20000000E-3	66.79250485E-6	
-97.60000000E-3	66.75076289E-6	
-97.00000000E-3	66.70635392E-6	
-96.20000000E-3	66.66432122E-6	
-95.60000000E-3	66.63124986E-6	
-95.00000000E-3	66.60753697E-6	
-94.40000000E-3	66.58900081E-6	
-93.90000000E-3	66.58543157E-6	
-93.10000000E-3	66.61534887E-6	
-92.40000000E-3	66.69313892E-6	
-91.90000000E-3	66.81195642E-6	
-91.30000000E-3	66.94930752E-6	
-90.70000000E-3	67.08938246E-6	
-90.10000000E-3	67.24071855E-6	
-89.30000000E-3	67.41318877E-6	
-88.70000000E-3	67.59673716E-6	
-88.10000000E-3	67.79299875E-6	
-87.60000000E-3	68.01272310E-6	
-87.10000000E-3	68.24972473E-6	
-86.20000000E-3	68.50952882E-6	
-85.60000000E-3	68.80112640E-6	
-85.00000000E-3	69.12422137E-6	
-84.50000000E-3	69.48147829E-6	
-83.90000000E-3	69.86082935E-6	
-83.20000000E-3	70.26842251E-6	
-82.40000000E-3	70.70891859E-6	
-82.00000000E-3	71.15636719E-6	
-81.30000000E-3	71.59482347E-6	
-80.80000000E-3	72.02156193E-6	
-80.20000000E-3	72.45545828E-6	
-79.60000000E-3	72.90420998E-6	
-78.70000000E-3	73.36605582E-6	
-78.20000000E-3	73.82257783E-6	
-77.60000000E-3	74.28865261E-6	
-77.00000000E-3	74.78011292E-6	
-76.40000000E-3	75.26885825E-6	
-75.60000000E-3	75.74563318E-6	
-75.00000000E-3	76.20389137E-6	
-74.50000000E-3	76.64319709E-6	
-73.90000000E-3	77.06426430E-6	
-73.30000000E-3	77.45491343E-6	
-72.60000000E-3	77.82644911E-6	
-71.90000000E-3	78.19231162E-6	
-71.30000000E-3	78.53505212E-6	
-70.80000000E-3	78.84422446E-6	
-70.20000000E-3	79.11673446E-6	
-69.70000000E-3	79.34907324E-6	
-68.80000000E-3	79.53229948E-6	
-68.20000000E-3	79.66068455E-6	
-67.60000000E-3	79.73987042E-6	
-67.10000000E-3	79.76309760E-6	
-66.50000000E-3	79.72043660E-6	
-65.80000000E-3	79.61797850E-6	
-65.10000000E-3	79.46472970E-6	
-64.50000000E-3	79.25961437E-6	
-63.90000000E-3	78.99783961E-6	
-63.30000000E-3	78.68493951E-6	
-62.80000000E-3	78.30244092E-6	
-62.20000000E-3	77.82801201E-6	
-61.30000000E-3	77.28522585E-6	
-60.80000000E-3	76.69839332E-6	
-60.20000000E-3	76.08339767E-6	
-59.60000000E-3	75.44112148E-6	
-59.10000000E-3	74.74700631E-6	
-58.20000000E-3	73.98332336E-6	
-57.60000000E-3	73.18698876E-6	
-57.30000000E-3	72.34008033E-6	
-56.50000000E-3	71.42434930E-6	
-55.90000000E-3	70.47683948E-6	
-55.20000000E-3	69.49958893E-6	
-54.50000000E-3	68.48090406E-6	
-54.00000000E-3	67.42280045E-6	
-53.40000000E-3	66.33593067E-6	
-52.80000000E-3	65.26515176E-6	
-52.20000000E-3	64.18961308E-6	
-51.70000000E-3	63.08560745E-6	
-51.10000000E-3	61.99305459E-6	
-50.60000000E-3	60.88930433E-6	
-50.00000000E-3	59.77849474E-6	
-49.10000000E-3	58.67774488E-6	
-48.50000000E-3	57.59962965E-6	
-48.00000000E-3	56.60090820E-6	
-47.40000000E-3	55.65770033E-6	
-46.80000000E-3	54.73045768E-6	
-46.00000000E-3	53.82171793E-6	
-45.50000000E-3	52.91574345E-6	
-44.90000000E-3	52.00788265E-6	
-44.30000000E-3	51.11762217E-6	
-43.70000000E-3	50.26899584E-6	
-43.10000000E-3	49.50343039E-6	
-42.30000000E-3	48.80257091E-6	
-41.70000000E-3	48.13616118E-6	
-41.10000000E-3	47.51436833E-6	
-40.60000000E-3	46.93278731E-6	
-40.00000000E-3	46.40134322E-6	
-39.20000000E-3	45.91633450E-6	
-38.60000000E-3	45.46337402E-6	
-38.00000000E-3	45.02927088E-6	
-37.40000000E-3	44.63716127E-6	
-36.90000000E-3	44.29488400E-6	
-36.30000000E-3	44.00294354E-6	
-35.50000000E-3	43.76818978E-6	
-34.90000000E-3	43.57526229E-6	
-34.30000000E-3	43.41907733E-6	
-33.70000000E-3	43.29878963E-6	
-33.20000000E-3	43.20921011E-6	
-32.60000000E-3	43.14450325E-6	
-31.70000000E-3	43.09372776E-6	
-31.20000000E-3	43.05787708E-6	
-30.60000000E-3	43.04669185E-6	
-30.00000000E-3	43.06757725E-6	
-29.40000000E-3	43.12782113E-6	
-28.60000000E-3	43.22057799E-6	
-28.00000000E-3	43.32521102E-6	
-27.50000000E-3	43.42839417E-6	
-26.90000000E-3	43.54481290E-6	
-26.30000000E-3	43.68251149E-6	
-25.70000000E-3	43.81912613E-6	
-24.80000000E-3	43.95142273E-6	
-24.30000000E-3	44.08597640E-6	
-23.70000000E-3	44.22458393E-6	
-23.20000000E-3	44.37108203E-6	
-22.60000000E-3	44.51955613E-6	
-21.70000000E-3	44.67204593E-6	
-21.20000000E-3	44.84008386E-6	
-20.60000000E-3	45.02110480E-6	
-20.00000000E-3	45.20231187E-6	
-19.40000000E-3	45.37261305E-6	
-18.90000000E-3	45.52901362E-6	
-18.00000000E-3	45.68065344E-6	
-17.40000000E-3	45.83419695E-6	
-16.90000000E-3	45.98232842E-6	
-16.30000000E-3	46.12515699E-6	
-15.70000000E-3	46.25729721E-6	
-15.20000000E-3	46.36938272E-6	
-14.30000000E-3	46.46632549E-6	
-13.70000000E-3	46.55678472E-6	
-13.20000000E-3	46.64356277E-6	
-12.60000000E-3	46.72403503E-6	
-12.00000000E-3	46.79801285E-6	
-11.20000000E-3	46.87032402E-6	
-10.60000000E-3	46.94535209E-6	
-10.00000000E-3	47.02301883E-6	
-9.40000000E-3	47.09230822E-6	
-8.90000000E-3	47.14356250E-6	
-8.20000000E-3	47.18154589E-6	
-7.50000000E-3	47.21157784E-6	
-6.90000000E-3	47.23022193E-6	
-6.60000000E-3	47.23844867E-6	
-5.90000000E-3	47.24586849E-6	
-5.20000000E-3	47.26574024E-6	
-4.30000000E-3	47.30264148E-6	
-3.70000000E-3	47.34410582E-6	
-3.10000000E-3	47.38106350E-6	
-2.60000000E-3	47.41496460E-6	
-1.90000000E-3	47.44320778E-6	
-1.40000000E-3	47.46142512E-6	
-700.00000000E-6	47.46972850E-6	
-100.00000000E-6	47.47542642E-6	
400.00000000E-6	47.49033463E-6	
1.00000000E-3	47.52294612E-6	
1.90000000E-3	47.57055187E-6	
2.50000000E-3	47.62036793E-6	
3.30000000E-3	47.66076442E-6	
3.60000000E-3	47.69134264E-6	
4.10000000E-3	47.72122768E-6	
4.70000000E-3	47.76409261E-6	
5.60000000E-3	47.82414078E-6	
6.10000000E-3	47.88756048E-6	
6.70000000E-3	47.93946238E-6	
7.30000000E-3	47.97625237E-6	
7.90000000E-3	47.99975796E-6	
8.70000000E-3	48.01265236E-6	
9.30000000E-3	48.02630363E-6	
9.90000000E-3	48.04975492E-6	
10.40000000E-3	48.07194024E-6	
11.00000000E-3	48.07507586E-6	
11.70000000E-3	48.05850913E-6	
12.40000000E-3	48.03502404E-6	
13.00000000E-3	48.00990686E-6	
13.50000000E-3	47.97657775E-6	
14.10000000E-3	47.93182838E-6	
14.70000000E-3	47.88168916E-6	
15.50000000E-3	47.82900706E-6	
16.10000000E-3	47.77217231E-6	
16.70000000E-3	47.71413611E-6	
17.30000000E-3	47.64761568E-6	
17.80000000E-3	47.55633105E-6	
18.50000000E-3	47.44137145E-6	
19.20000000E-3	47.30651299E-6	
19.90000000E-3	47.14912388E-6	
20.40000000E-3	46.97284010E-6	
21.00000000E-3	46.79179983E-6	
21.60000000E-3	46.62404803E-6	
22.30000000E-3	46.47359575E-6	
22.50000000E-3	46.32286714E-6	
23.70000000E-3	46.15693586E-6	
23.70000000E-3	45.98044296E-6	
24.90000000E-3	45.78848609E-6	
25.50000000E-3	45.57313922E-6	
26.10000000E-3	45.33950797E-6	
26.60000000E-3	45.09563581E-6	
27.20000000E-3	44.85679136E-6	
27.70000000E-3	44.61945012E-6	
28.60000000E-3	44.37936540E-6	
29.20000000E-3	44.14929964E-6	
29.70000000E-3	43.92890206E-6	
30.30000000E-3	43.71916999E-6	
30.90000000E-3	43.53027877E-6	
31.70000000E-3	43.34387294E-6	
32.30000000E-3	43.15087502E-6	
32.90000000E-3	42.95747675E-6	
33.40000000E-3	42.77128155E-6	
34.00000000E-3	42.60848322E-6	
34.70000000E-3	42.46802781E-6	
35.40000000E-3	42.35494505E-6	
36.00000000E-3	42.27760153E-6	
36.60000000E-3	42.22633363E-6	
37.10000000E-3	42.19343996E-6	
37.70000000E-3	42.16764457E-6	
38.60000000E-3	42.14395983E-6	
39.20000000E-3	42.13891845E-6	
39.70000000E-3	42.17377558E-6	
40.30000000E-3	42.26841818E-6	
40.80000000E-3	42.42204428E-6	
41.50000000E-3	42.62008956E-6	
42.30000000E-3	42.84506545E-6	
42.80000000E-3	43.08951203E-6	
43.40000000E-3	43.35932794E-6	
44.00000000E-3	43.65637185E-6	
44.00000000E-3	43.97803795E-6	
45.30000000E-3	44.34786257E-6	
45.60000000E-3	44.79016752E-6	
46.50000000E-3	45.28831974E-6	
47.10000000E-3	45.82154105E-6	
47.70000000E-3	46.38194534E-6	
48.20000000E-3	46.97513547E-6	
49.10000000E-3	47.61444253E-6	
49.70000000E-3	48.27116209E-6	
50.20000000E-3	48.96023597E-6	
50.80000000E-3	49.69952799E-6	
51.30000000E-3	50.46272500E-6	
52.00000000E-3	51.25295877E-6	
52.80000000E-3	52.07720094E-6	
53.40000000E-3	52.94303024E-6	
53.60000000E-3	53.84128479E-6	
54.40000000E-3	54.73098993E-6	
55.00000000E-3	55.63951831E-6	
55.50000000E-3	56.59603973E-6	
56.40000000E-3	57.56838042E-6	
57.00000000E-3	58.55327817E-6	
57.60000000E-3	59.54799590E-6	
58.20000000E-3	60.54561446E-6	
58.90000000E-3	61.55513983E-6	
58.90000000E-3	62.54292994E-6	
59.90000000E-3	63.54123143E-6	
60.80000000E-3	64.56617430E-6	
61.40000000E-3	65.56528360E-6	
62.00000000E-3	66.53123067E-6	
62.50000000E-3	67.46654939E-6	
63.10000000E-3	68.38298550E-6	
63.80000000E-3	69.27921146E-6	
64.60000000E-3	70.14978677E-6	
65.10000000E-3	70.95813480E-6	
65.70000000E-3	71.72194897E-6	
66.30000000E-3	72.46105803E-6	
66.80000000E-3	73.14522462E-6	
67.70000000E-3	73.78641081E-6	
68.30000000E-3	74.39311822E-6	
68.80000000E-3	74.96630900E-6	
69.40000000E-3	75.49029456E-6	
70.00000000E-3	75.94673177E-6	
70.60000000E-3	76.35331527E-6	
71.10000000E-3	76.72440583E-6	
71.70000000E-3	77.04808982E-6	
72.60000000E-3	77.31874157E-6	
73.10000000E-3	77.53281674E-6	
73.70000000E-3	77.69217996E-6	
74.40000000E-3	77.80945478E-6	
74.80000000E-3	77.89541048E-6	
75.40000000E-3	77.95461955E-6	
76.00000000E-3	77.97438018E-6	
76.60000000E-3	77.94496619E-6	
77.40000000E-3	77.87488403E-6	
78.00000000E-3	77.77268674E-6	
78.50000000E-3	77.63985458E-6	
79.10000000E-3	77.47329410E-6	
79.60000000E-3	77.27966634E-6	
80.40000000E-3	77.05797175E-6	
81.10000000E-3	76.80061885E-6	
81.70000000E-3	76.51274043E-6	
82.30000000E-3	76.20793013E-6	
82.80000000E-3	75.89896985E-6	
83.40000000E-3	75.57702780E-6	
84.30000000E-3	75.23202840E-6	
84.80000000E-3	74.87418853E-6	
85.40000000E-3	74.53304105E-6	
86.00000000E-3	74.20173651E-6	
86.60000000E-3	73.86802353E-6	
87.10000000E-3	73.53451581E-6	
88.00000000E-3	73.19919121E-6	
88.60000000E-3	72.86680922E-6	
89.20000000E-3	72.54440093E-6	
89.70000000E-3	72.23467839E-6	
90.40000000E-3	71.94343537E-6	
90.90000000E-3	71.66021080E-6	
91.50000000E-3	71.38496724E-6	
92.30000000E-3	71.14150020E-6	
92.90000000E-3	70.93351297E-6	
93.50000000E-3	70.75802004E-6	
94.10000000E-3	70.60432100E-6	
94.70000000E-3	70.46486913E-6	
95.20000000E-3	70.33351095E-6	
96.10000000E-3	70.19978559E-6	
96.70000000E-3	70.06819804E-6	
97.20000000E-3	69.95918310E-6	
97.80000000E-3	69.88649312E-6	
98.30000000E-3	69.84523889E-6	
99.00000000E-3	69.81519556E-6	
99.80000000E-3	69.77562922E-6	
99.80000000E-3	69.72993077E-6	
101.10000000E-3	69.69458677E-6	
101.70000000E-3	69.67677526E-6	
102.30000000E-3	69.67220152E-6	
102.90000000E-3	69.67197224E-6	
103.40000000E-3	69.68205103E-6	
103.70000000E-3	69.71163947E-6	
104.60000000E-3	69.75426552E-6	
105.20000000E-3	69.79640482E-6	
105.80000000E-3	69.83102349E-6	
106.30000000E-3	69.85759554E-6	
107.20000000E-3	69.87732119E-6	
107.80000000E-3	69.89118935E-6	
108.40000000E-3	69.90946553E-6	
109.00000000E-3	69.94801398E-6	
109.50000000E-3	70.00412390E-6	
110.40000000E-3	70.06228753E-6	
111.00000000E-3	70.10997867E-6	
111.60000000E-3	70.14072968E-6	
112.10000000E-3	70.15460446E-6	
112.70000000E-3	70.15831423E-6	
113.30000000E-3	70.15607654E-6	
113.60000000E-3	70.15829509E-6	
114.50000000E-3	70.17901036E-6	
115.00000000E-3	70.21850209E-6	
115.60000000E-3	70.26943950E-6	
116.40000000E-3	70.31758596E-6	
117.00000000E-3	70.33519368E-6	
117.60000000E-3	70.30976660E-6	
118.10000000E-3	70.26282501E-6	
118.90000000E-3	70.22410732E-6	
119.60000000E-3	70.20014414E-6	
120.20000000E-3	70.17963990E-6	
120.70000000E-3	70.15683091E-6	
121.40000000E-3	70.12864542E-6	
121.90000000E-3	70.09820967E-6	
122.80000000E-3	70.07538740E-6	
123.40000000E-3	70.05412572E-6	
123.90000000E-3	70.02043274E-6	
124.50000000E-3	69.96978088E-6	
125.10000000E-3	69.90329267E-6	
125.60000000E-3	69.82758500E-6	
126.50000000E-3	69.76074619E-6	
127.10000000E-3	69.70743516E-6	
127.60000000E-3	69.66158866E-6	
128.20000000E-3	69.61229147E-6	
128.80000000E-3	69.55204488E-6	
129.40000000E-3	69.48061552E-6	
130.00000000E-3	69.40536758E-6	
130.80000000E-3	69.33155462E-6	
131.30000000E-3	69.25645401E-6	
131.90000000E-3	69.17621551E-6	
132.50000000E-3	69.08959764E-6	
133.10000000E-3	68.99458406E-6	
133.70000000E-3	68.88535782E-6	
134.20000000E-3	68.76964369E-6	
135.10000000E-3	68.64836056E-6	
135.70000000E-3	68.51332891E-6	
136.30000000E-3	68.37699074E-6	
136.80000000E-3	68.24941936E-6	
137.40000000E-3	68.12466811E-6	
137.70000000E-3	67.99266007E-6	
137.70000000E-3	67.84455889E-6	
139.40000000E-3	67.67652615E-6	
139.90000000E-3	67.50066312E-6	
140.50000000E-3	67.35612671E-6	
141.10000000E-3	67.25532875E-6	
141.70000000E-3	67.17148137E-6	
142.30000000E-3	67.07903475E-6	
143.10000000E-3	66.96822819E-6	
143.70000000E-3	66.83766175E-6	
144.20000000E-3	66.69280105E-6	
144.80000000E-3	66.54324273E-6	
145.40000000E-3	66.40192684E-6	
145.70000000E-3	66.27103545E-6	
146.90000000E-3	66.14622792E-6	
147.20000000E-3	66.02184781E-6	
147.70000000E-3	65.89858544E-6	
148.30000000E-3	65.78461526E-6	
149.00000000E-3	65.67572774E-6	
149.70000000E-3	65.57142797E-6	
150.30000000E-3	65.47625066E-6	
150.90000000E-3	65.38070801E-6	
151.50000000E-3	65.27367900E-6	
152.10000000E-3	65.14819807E-6	
152.90000000E-3	65.00662192E-6	
153.50000000E-3	64.86476292E-6	
154.00000000E-3	64.73652412E-6	
154.30000000E-3	64.63033325E-6	
154.30000000E-3	64.54228122E-6	
155.90000000E-3	64.46378844E-6	
156.50000000E-3	64.39027859E-6	
157.10000000E-3	64.31521094E-6	
157.60000000E-3	64.22755528E-6	
158.50000000E-3	64.12023464E-6	
159.10000000E-3	64.00151869E-6	
159.70000000E-3	63.89391439E-6	
160.20000000E-3	63.80816221E-6	
160.80000000E-3	63.73204346E-6	
161.70000000E-3	63.65688549E-6	
162.30000000E-3	63.57898954E-6	
162.90000000E-3	63.49456615E-6	
163.40000000E-3	63.40427532E-6	
164.00000000E-3	63.31075444E-6	
164.60000000E-3	63.22115391E-6	
165.20000000E-3	63.14299817E-6	
166.00000000E-3	63.07621982E-6	
166.50000000E-3	63.01618513E-6	
167.20000000E-3	62.96740958E-6	
167.80000000E-3	62.94516789E-6	
168.30000000E-3	62.93989867E-6	
168.90000000E-3	62.91811019E-6	
169.80000000E-3	62.86114871E-6	
170.30000000E-3	62.77102882E-6	
170.90000000E-3	62.65921867E-6	
171.50000000E-3	62.53552102E-6	
172.10000000E-3	62.41093500E-6	
172.60000000E-3	62.29284891E-6	
173.40000000E-3	62.19423992E-6	
174.00000000E-3	62.12666662E-6	
174.00000000E-3	62.07503361E-6	
175.20000000E-3	62.02786083E-6	
175.70000000E-3	61.98629742E-6	
176.30000000E-3	61.94655194E-6	
176.90000000E-3	61.90324196E-6	
177.50000000E-3	61.84427546E-6	
178.10000000E-3	61.76578987E-6	
178.90000000E-3	61.68333765E-6	
179.50000000E-3	61.60841331E-6	
180.10000000E-3	61.54050079E-6	
180.70000000E-3	61.47014165E-6	
181.30000000E-3	61.39369256E-6	
181.80000000E-3	61.31705470E-6	
182.60000000E-3	61.24282552E-6	
183.30000000E-3	61.17029519E-6	
183.90000000E-3	61.09780985E-6	
184.40000000E-3	61.02428045E-6	
184.90000000E-3	60.95741887E-6	
185.60000000E-3	60.90236930E-6	
186.30000000E-3	60.84725296E-6	
186.80000000E-3	60.78483295E-6	
187.70000000E-3	60.72472637E-6	
188.30000000E-3	60.67098227E-6	
188.90000000E-3	60.62158836E-6	
189.50000000E-3	60.56721118E-6	
190.10000000E-3	60.49701513E-6	
190.60000000E-3	60.41334765E-6	
191.30000000E-3	60.32744469E-6	
192.10000000E-3	60.24667456E-6	
192.60000000E-3	60.17530481E-6	
193.20000000E-3	60.11084399E-6	
193.70000000E-3	60.05176104E-6	
194.30000000E-3	59.98974940E-6	
195.10000000E-3	59.91436285E-6	
195.20000000E-3	59.82561776E-6	
196.20000000E-3	59.73183146E-6	
196.80000000E-3	59.64720509E-6	
197.40000000E-3	59.58600357E-6	
198.00000000E-3	59.54575691E-6	
198.70000000E-3	59.51662605E-6	
199.40000000E-3	59.48267056E-6	
199.90000000E-3	59.43481906E-6	
