-200.10000000E-3	133.26320588E-6	
-200.10000000E-3	133.21622333E-6	
-200.00000000E-3	133.07869330E-6	
-199.80000000E-3	132.91321471E-6	
-199.50000000E-3	132.76961852E-6	
-199.10000000E-3	132.65258385E-6	
-198.80000000E-3	132.55134041E-6	
-198.20000000E-3	132.49574675E-6	
-197.70000000E-3	132.50456760E-6	
-197.20000000E-3	132.56247567E-6	
-196.80000000E-3	132.61900401E-6	
-196.30000000E-3	132.66436425E-6	
-195.80000000E-3	132.71610218E-6	
-195.00000000E-3	132.80793242E-6	
-194.50000000E-3	132.92574187E-6	
-194.00000000E-3	133.04061947E-6	
-193.40000000E-3	133.18295172E-6	
-192.90000000E-3	133.33588582E-6	
-192.10000000E-3	133.43548575E-6	
-191.50000000E-3	133.47716142E-6	
-190.80000000E-3	133.48791251E-6	
-190.10000000E-3	133.49720210E-6	
-189.60000000E-3	133.52745609E-6	
-189.00000000E-3	133.57855293E-6	
-188.40000000E-3	133.62542088E-6	
-187.80000000E-3	133.59466566E-6	
-187.20000000E-3	133.46383582E-6	
-186.50000000E-3	133.31842636E-6	
-186.20000000E-3	133.21520051E-6	
-185.60000000E-3	133.17627400E-6	
-185.00000000E-3	133.21164053E-6	
-184.10000000E-3	133.29296856E-6	
-183.60000000E-3	133.40356355E-6	
-182.80000000E-3	133.57165352E-6	
-182.50000000E-3	133.80863809E-6	
-181.60000000E-3	134.05160134E-6	
-181.30000000E-3	134.27153712E-6	
-180.50000000E-3	134.50266710E-6	
-179.90000000E-3	134.74885622E-6	
-179.30000000E-3	135.00769014E-6	
-178.80000000E-3	135.29011326E-6	
-178.20000000E-3	135.51609621E-6	
-177.60000000E-3	135.61403821E-6	
-176.80000000E-3	135.57752831E-6	
-176.20000000E-3	135.43523091E-6	
-175.60000000E-3	135.25944590E-6	
-175.00000000E-3	135.19077440E-6	
-174.50000000E-3	135.34196250E-6	
-173.90000000E-3	135.62454953E-6	
-173.10000000E-3	135.89070057E-6	
-172.40000000E-3	136.14941687E-6	
-171.90000000E-3	136.43294495E-6	
-171.30000000E-3	136.69577463E-6	
-170.70000000E-3	136.91966844E-6	
-170.20000000E-3	137.08756064E-6	
-169.40000000E-3	137.23825767E-6	
-168.70000000E-3	137.44009503E-6	
-168.20000000E-3	137.62085683E-6	
-167.60000000E-3	137.65058791E-6	
-167.00000000E-3	137.53558780E-6	
-166.40000000E-3	137.38794558E-6	
-165.70000000E-3	137.26842729E-6	
-165.00000000E-3	137.17568797E-6	
-164.40000000E-3	137.09744892E-6	
-163.80000000E-3	137.08274549E-6	
-163.30000000E-3	137.15261812E-6	
-162.70000000E-3	137.25992436E-6	
-161.80000000E-3	137.41609888E-6	
-161.30000000E-3	137.64814626E-6	
-160.70000000E-3	137.94375642E-6	
-160.10000000E-3	138.31742838E-6	
-159.50000000E-3	138.75167237E-6	
-159.00000000E-3	139.17756490E-6	
-158.10000000E-3	139.49395239E-6	
-157.50000000E-3	139.66534541E-6	
-156.90000000E-3	139.71184998E-6	
-156.30000000E-3	139.74020210E-6	
-155.70000000E-3	139.84377894E-6	
-155.20000000E-3	140.02608107E-6	
-154.60000000E-3	140.20685484E-6	
-153.80000000E-3	140.27796187E-6	
-153.20000000E-3	140.24241203E-6	
-152.60000000E-3	140.19523275E-6	
-152.00000000E-3	140.15852820E-6	
-151.50000000E-3	140.10661615E-6	
-150.90000000E-3	140.06422457E-6	
-150.00000000E-3	140.07147353E-6	
-149.50000000E-3	140.15777085E-6	
-148.80000000E-3	140.31236278E-6	
-148.20000000E-3	140.47397766E-6	
-147.60000000E-3	140.59380260E-6	
-147.00000000E-3	140.71276756E-6	
-146.50000000E-3	140.91624325E-6	
-145.70000000E-3	141.16920197E-6	
-145.10000000E-3	141.38532939E-6	
-144.50000000E-3	141.60168671E-6	
-143.90000000E-3	141.85665639E-6	
-143.40000000E-3	142.11240789E-6	
-142.80000000E-3	142.35989659E-6	
-141.90000000E-3	142.62772234E-6	
-141.30000000E-3	142.92886902E-6	
-140.80000000E-3	143.28675917E-6	
-140.20000000E-3	143.69831185E-6	
-139.60000000E-3	144.12032634E-6	
-139.00000000E-3	144.48232426E-6	
-138.30000000E-3	144.70488046E-6	
-137.60000000E-3	144.80496840E-6	
-137.10000000E-3	144.92265630E-6	
-136.50000000E-3	145.13620145E-6	
-135.90000000E-3	145.36677292E-6	
-135.30000000E-3	145.56921994E-6	
-134.60000000E-3	145.77159304E-6	
-134.10000000E-3	145.97683182E-6	
-133.30000000E-3	146.15124802E-6	
-133.10000000E-3	146.28402358E-6	
-132.20000000E-3	146.41991068E-6	
-131.60000000E-3	146.61142241E-6	
-131.00000000E-3	146.84698744E-6	
-130.20000000E-3	147.08222052E-6	
-129.80000000E-3	147.30017187E-6	
-129.20000000E-3	147.52578320E-6	
-128.70000000E-3	147.75321992E-6	
-127.80000000E-3	147.96778268E-6	
-127.30000000E-3	148.20477889E-6	
-126.70000000E-3	148.51268111E-6	
-126.10000000E-3	148.87531356E-6	
-125.30000000E-3	149.21773769E-6	
-125.00000000E-3	149.53168834E-6	
-124.10000000E-3	149.84112170E-6	
-123.50000000E-3	150.16125609E-6	
-123.00000000E-3	150.49373408E-6	
-122.40000000E-3	150.83891197E-6	
-121.80000000E-3	151.14982205E-6	
-121.20000000E-3	151.34927901E-6	
-120.60000000E-3	151.47257411E-6	
-119.80000000E-3	151.62174961E-6	
-119.30000000E-3	151.80052757E-6	
-118.70000000E-3	151.99687760E-6	
-118.10000000E-3	152.23386332E-6	
-117.50000000E-3	152.47819167E-6	
-116.90000000E-3	152.66441730E-6	
-116.10000000E-3	152.83954476E-6	
-115.50000000E-3	153.05466717E-6	
-114.90000000E-3	153.28244549E-6	
-114.30000000E-3	153.48189371E-6	
-113.70000000E-3	153.60881890E-6	
-113.20000000E-3	153.61437016E-6	
-112.60000000E-3	153.46762718E-6	
-111.70000000E-3	153.21662181E-6	
-111.20000000E-3	152.96237417E-6	
-110.60000000E-3	152.77004415E-6	
-110.00000000E-3	152.66533101E-6	
-109.50000000E-3	152.62749321E-6	
-108.80000000E-3	152.59664766E-6	
-108.00000000E-3	152.49231449E-6	
-107.50000000E-3	152.30738065E-6	
-106.80000000E-3	152.09748244E-6	
-106.20000000E-3	151.89414064E-6	
-105.70000000E-3	151.70636005E-6	
-105.10000000E-3	151.53991958E-6	
-104.40000000E-3	151.40086074E-6	
-103.60000000E-3	151.26755817E-6	
-103.10000000E-3	151.12438391E-6	
-102.60000000E-3	150.96275099E-6	
-102.00000000E-3	150.73816346E-6	
-101.40000000E-3	150.44187046E-6	
-100.60000000E-3	150.09039175E-6	
-100.00000000E-3	149.72771943E-6	
-99.40000000E-3	149.41795195E-6	
-98.80000000E-3	149.17586086E-6	
-98.20000000E-3	148.95632508E-6	
-97.70000000E-3	148.74656663E-6	
-97.00000000E-3	148.54301118E-6	
-96.20000000E-3	148.31253583E-6	
-95.60000000E-3	148.04065499E-6	
-95.00000000E-3	147.74502017E-6	
-94.40000000E-3	147.44266722E-6	
-93.90000000E-3	147.16878812E-6	
-93.20000000E-3	147.02943498E-6	
-92.40000000E-3	147.05669097E-6	
-91.80000000E-3	147.15675128E-6	
-91.20000000E-3	147.24960019E-6	
-90.70000000E-3	147.30201855E-6	
-90.20000000E-3	147.32912869E-6	
-89.50000000E-3	147.36408738E-6	
-88.80000000E-3	147.39934326E-6	
-88.10000000E-3	147.39577322E-6	
-87.50000000E-3	147.34216160E-6	
-86.90000000E-3	147.31074806E-6	
-86.40000000E-3	147.33848028E-6	
-85.80000000E-3	147.36461192E-6	
-85.00000000E-3	147.35195166E-6	
-84.40000000E-3	147.36497627E-6	
-83.80000000E-3	147.47774971E-6	
-83.50000000E-3	147.72417052E-6	
-82.80000000E-3	148.11890650E-6	
-82.00000000E-3	148.62399652E-6	
-81.20000000E-3	149.19048076E-6	
-80.60000000E-3	149.78884509E-6	
-80.00000000E-3	150.40029311E-6	
-79.40000000E-3	151.03133507E-6	
-78.80000000E-3	151.66018052E-6	
-78.50000000E-3	152.31166722E-6	
-77.70000000E-3	153.03690642E-6	
-76.90000000E-3	153.82669673E-6	
-76.30000000E-3	154.64376708E-6	
-76.00000000E-3	155.45945592E-6	
-75.40000000E-3	156.28497937E-6	
-74.70000000E-3	157.11825520E-6	
-74.00000000E-3	157.96168300E-6	
-73.40000000E-3	158.87826909E-6	
-72.80000000E-3	159.87171679E-6	
-72.20000000E-3	160.81071795E-6	
-71.70000000E-3	161.67540326E-6	
-71.10000000E-3	162.51939559E-6	
-70.20000000E-3	163.38080688E-6	
-69.70000000E-3	164.25856783E-6	
-69.10000000E-3	165.08060013E-6	
-68.50000000E-3	165.88128215E-6	
-67.90000000E-3	166.68526651E-6	
-67.30000000E-3	167.40394087E-6	
-66.50000000E-3	167.99832192E-6	
-66.00000000E-3	168.51966789E-6	
-65.40000000E-3	168.99940628E-6	
-64.80000000E-3	169.39067001E-6	
-64.20000000E-3	169.63455654E-6	
-63.60000000E-3	169.69848071E-6	
-63.00000000E-3	169.62722082E-6	
-62.10000000E-3	169.46147332E-6	
-61.50000000E-3	169.23169990E-6	
-61.00000000E-3	169.00344496E-6	
-60.40000000E-3	168.77171757E-6	
-59.90000000E-3	168.44646481E-6	
-59.30000000E-3	167.97136551E-6	
-58.40000000E-3	167.33874524E-6	
-57.80000000E-3	166.51058179E-6	
-57.20000000E-3	165.49921833E-6	
-56.70000000E-3	164.39559575E-6	
-56.20000000E-3	163.20650235E-6	
-55.60000000E-3	161.93519051E-6	
-54.80000000E-3	160.61226326E-6	
-54.10000000E-3	159.24219662E-6	
-53.50000000E-3	157.83940276E-6	
-52.90000000E-3	156.28953857E-6	
-52.40000000E-3	154.53316964E-6	
-51.80000000E-3	152.67788588E-6	
-51.00000000E-3	150.78201217E-6	
-50.30000000E-3	148.89088383E-6	
-49.80000000E-3	147.02525849E-6	
-49.20000000E-3	145.21970357E-6	
-48.70000000E-3	143.46360480E-6	
-48.10000000E-3	141.80964288E-6	
-47.30000000E-3	140.21546841E-6	
-46.60000000E-3	138.58505448E-6	
-46.10000000E-3	136.92162847E-6	
-45.50000000E-3	135.17298699E-6	
-44.90000000E-3	133.38237791E-6	
-44.30000000E-3	131.69181098E-6	
-43.80000000E-3	130.23220433E-6	
-42.90000000E-3	129.01413910E-6	
-42.40000000E-3	127.88012991E-6	
-41.80000000E-3	126.71544675E-6	
-41.20000000E-3	125.59927747E-6	
-40.60000000E-3	124.61671373E-6	
-40.00000000E-3	123.74758345E-6	
-39.20000000E-3	122.91096166E-6	
-38.60000000E-3	122.05741502E-6	
-38.00000000E-3	121.21246921E-6	
-37.40000000E-3	120.38936469E-6	
-36.90000000E-3	119.60865992E-6	
-36.30000000E-3	118.95242952E-6	
-35.60000000E-3	118.43368198E-6	
-34.90000000E-3	118.06787953E-6	
-34.30000000E-3	117.89004535E-6	
-33.70000000E-3	117.88498543E-6	
-33.10000000E-3	117.96353617E-6	
-32.50000000E-3	118.01685167E-6	
-31.90000000E-3	117.98694238E-6	
-31.10000000E-3	117.93324729E-6	
-30.50000000E-3	118.38803608E-6	
-29.90000000E-3	119.71305523E-6	
-29.40000000E-3	120.94207205E-6	
-28.80000000E-3	121.26257351E-6	
-28.20000000E-3	120.84961924E-6	
-27.50000000E-3	120.24433896E-6	
-27.10000000E-3	119.73919787E-6	
-26.20000000E-3	119.45714802E-6	
-25.90000000E-3	119.44828677E-6	
-25.00000000E-3	119.66172204E-6	
-24.50000000E-3	120.00884747E-6	
-23.70000000E-3	120.43830143E-6	
-23.30000000E-3	120.90479549E-6	
-22.50000000E-3	121.33207568E-6	
-22.20000000E-3	121.70069255E-6	
-21.60000000E-3	122.03515423E-6	
-20.90000000E-3	122.33560389E-6	
-20.20000000E-3	122.60284558E-6	
-19.60000000E-3	122.87704188E-6	
-19.00000000E-3	123.17418308E-6	
-18.50000000E-3	123.48106947E-6	
-17.80000000E-3	123.77579014E-6	
-17.00000000E-3	124.05010538E-6	
-16.40000000E-3	124.28480455E-6	
-15.90000000E-3	124.43135876E-6	
-15.30000000E-3	124.43671437E-6	
-14.70000000E-3	124.29826763E-6	
-14.10000000E-3	124.12340713E-6	
-13.20000000E-3	124.01062012E-6	
-12.70000000E-3	123.97717048E-6	
-12.10000000E-3	124.00463028E-6	
-11.50000000E-3	124.07535010E-6	
-10.90000000E-3	124.16708391E-6	
-10.30000000E-3	124.24977243E-6	
-9.80000000E-3	124.32811596E-6	
-9.00000000E-3	124.42438691E-6	
-8.30000000E-3	124.48925496E-6	
-7.70000000E-3	124.49262961E-6	
-7.20000000E-3	124.48186105E-6	
-6.60000000E-3	124.49710600E-6	
-6.10000000E-3	124.54724801E-6	
-5.20000000E-3	124.58438684E-6	
-4.60000000E-3	124.58904759E-6	
-4.00000000E-3	124.59318509E-6	
-3.40000000E-3	124.61308577E-6	
-2.80000000E-3	124.65386665E-6	
-2.20000000E-3	124.74530941E-6	
-1.50000000E-3	124.88701607E-6	
-700.00000000E-6	125.03696190E-6	
-100.00000000E-6	125.16316299E-6	
500.00000000E-6	125.27154022E-6	
1.10000000E-3	125.35863633E-6	
1.60000000E-3	125.41828160E-6	
2.30000000E-3	125.44931031E-6	
3.10000000E-3	125.46741057E-6	
3.60000000E-3	125.52803238E-6	
4.30000000E-3	125.64220013E-6	
4.80000000E-3	125.77304327E-6	
5.40000000E-3	125.87588874E-6	
6.00000000E-3	125.93846890E-6	
6.70000000E-3	125.98866376E-6	
7.40000000E-3	126.05145368E-6	
8.00000000E-3	126.11010559E-6	
8.60000000E-3	126.17099531E-6	
9.20000000E-3	126.25909309E-6	
9.70000000E-3	126.33892346E-6	
10.40000000E-3	126.33004774E-6	
11.10000000E-3	126.22444307E-6	
11.70000000E-3	126.09120818E-6	
12.30000000E-3	125.97111556E-6	
12.90000000E-3	125.83428489E-6	
13.50000000E-3	125.67924780E-6	
14.10000000E-3	125.54605737E-6	
14.80000000E-3	125.43860762E-6	
15.50000000E-3	125.33619799E-6	
16.10000000E-3	125.20765428E-6	
16.70000000E-3	125.01285633E-6	
17.30000000E-3	124.73496358E-6	
17.90000000E-3	124.39544875E-6	
18.40000000E-3	124.06194104E-6	
19.30000000E-3	123.76574965E-6	
19.90000000E-3	123.48645317E-6	
20.40000000E-3	123.21004381E-6	
21.00000000E-3	122.91244978E-6	
21.60000000E-3	122.56647217E-6	
22.20000000E-3	122.20945838E-6	
22.90000000E-3	121.90034712E-6	
23.50000000E-3	121.62922754E-6	
23.90000000E-3	121.33446047E-6	
24.60000000E-3	120.99133637E-6	
25.20000000E-3	120.62596952E-6	
25.80000000E-3	120.27073125E-6	
26.40000000E-3	119.87986021E-6	
27.00000000E-3	119.40099510E-6	
27.60000000E-3	118.84263570E-6	
27.90000000E-3	118.28809758E-6	
29.00000000E-3	117.85494310E-6	
29.50000000E-3	117.54063883E-6	
30.30000000E-3	117.26550725E-6	
30.90000000E-3	116.95950589E-6	
31.50000000E-3	116.59168995E-6	
32.10000000E-3	116.16654810E-6	
32.70000000E-3	115.71313480E-6	
33.40000000E-3	115.29956774E-6	
34.00000000E-3	114.97189845E-6	
34.50000000E-3	114.69109988E-6	
35.20000000E-3	114.44425670E-6	
35.80000000E-3	114.23298370E-6	
36.40000000E-3	114.03893982E-6	
36.90000000E-3	113.87664669E-6	
37.50000000E-3	113.79680293E-6	
38.20000000E-3	113.83980707E-6	
38.80000000E-3	113.98402462E-6	
39.30000000E-3	114.19075159E-6	
40.10000000E-3	114.44755723E-6	
40.80000000E-3	114.71925627E-6	
41.50000000E-3	115.02438158E-6	
42.10000000E-3	115.39278279E-6	
42.70000000E-3	115.81053749E-6	
43.30000000E-3	116.27214216E-6	
43.90000000E-3	116.78904704E-6	
43.90000000E-3	117.35260938E-6	
45.00000000E-3	117.95755744E-6	
45.60000000E-3	118.62369749E-6	
46.30000000E-3	119.37884513E-6	
47.00000000E-3	120.22315175E-6	
47.60000000E-3	121.13391558E-6	
48.20000000E-3	122.11377729E-6	
48.80000000E-3	123.16814319E-6	
49.60000000E-3	124.26127019E-6	
50.00000000E-3	125.44562936E-6	
50.60000000E-3	126.80385489E-6	
51.20000000E-3	128.25709152E-6	
51.80000000E-3	129.72879062E-6	
52.40000000E-3	131.22127047E-6	
53.00000000E-3	132.72934645E-6	
53.60000000E-3	134.21071779E-6	
53.90000000E-3	135.62281258E-6	
55.00000000E-3	137.06212123E-6	
55.80000000E-3	138.59830378E-6	
56.30000000E-3	140.16790399E-6	
56.90000000E-3	141.75255887E-6	
57.60000000E-3	143.33544458E-6	
58.20000000E-3	144.91202069E-6	
58.80000000E-3	146.53246103E-6	
59.00000000E-3	148.15049742E-6	
59.90000000E-3	149.75691958E-6	
60.50000000E-3	151.36800719E-6	
61.20000000E-3	152.89971881E-6	
61.70000000E-3	154.33833670E-6	
62.40000000E-3	155.69775388E-6	
62.90000000E-3	157.01138622E-6	
63.50000000E-3	158.31179071E-6	
64.20000000E-3	159.55207359E-6	
64.80000000E-3	160.63570468E-6	
65.40000000E-3	161.54768819E-6	
66.00000000E-3	162.30757727E-6	
66.60000000E-3	162.95389252E-6	
67.30000000E-3	163.56056432E-6	
68.00000000E-3	164.13355133E-6	
68.70000000E-3	164.62882096E-6	
69.30000000E-3	165.05710681E-6	
69.90000000E-3	165.39814778E-6	
70.50000000E-3	165.62161529E-6	
71.10000000E-3	165.70654051E-6	
71.70000000E-3	165.67873882E-6	
72.30000000E-3	165.57461882E-6	
73.00000000E-3	165.38255790E-6	
73.50000000E-3	165.10949112E-6	
74.20000000E-3	164.79592396E-6	
74.80000000E-3	164.50491909E-6	
75.30000000E-3	164.24694094E-6	
75.90000000E-3	163.96927671E-6	
76.50000000E-3	163.59649939E-6	
77.20000000E-3	163.08762421E-6	
77.80000000E-3	162.47989200E-6	
78.40000000E-3	161.81943585E-6	
79.10000000E-3	161.10507672E-6	
79.70000000E-3	160.33354728E-6	
80.30000000E-3	159.54613074E-6	
80.90000000E-3	158.71019245E-6	
81.60000000E-3	157.78444070E-6	
82.40000000E-3	156.87877053E-6	
83.00000000E-3	156.11369587E-6	
83.50000000E-3	155.52281102E-6	
84.20000000E-3	155.08081847E-6	
84.80000000E-3	154.71350641E-6	
85.40000000E-3	154.37010132E-6	
86.00000000E-3	154.03825792E-6	
86.70000000E-3	153.70930248E-6	
87.20000000E-3	153.35958637E-6	
87.80000000E-3	152.99636526E-6	
88.40000000E-3	152.67827341E-6	
89.10000000E-3	152.41558443E-6	
89.60000000E-3	152.17945616E-6	
90.00000000E-3	151.89080981E-6	
90.90000000E-3	151.46406144E-6	
91.50000000E-3	150.91636635E-6	
92.10000000E-3	150.41541183E-6	
92.70000000E-3	150.07159234E-6	
93.10000000E-3	149.86230068E-6	
94.10000000E-3	149.71791508E-6	
94.80000000E-3	149.58779849E-6	
95.40000000E-3	149.53922383E-6	
95.40000000E-3	149.67480717E-6	
96.50000000E-3	149.95745870E-6	
97.00000000E-3	150.21348275E-6	
97.70000000E-3	150.35118125E-6	
98.30000000E-3	150.39417296E-6	
99.00000000E-3	150.39040060E-6	
99.50000000E-3	150.35747010E-6	
100.20000000E-3	150.32454108E-6	
100.80000000E-3	150.31632750E-6	
101.30000000E-3	150.35481203E-6	
102.00000000E-3	150.45287627E-6	
102.60000000E-3	150.61537925E-6	
103.20000000E-3	150.81122232E-6	
103.80000000E-3	150.96698560E-6	
104.50000000E-3	150.99275918E-6	
105.00000000E-3	150.89616065E-6	
105.80000000E-3	150.82222457E-6	
106.60000000E-3	150.86286887E-6	
107.20000000E-3	151.01901768E-6	
107.70000000E-3	151.22751069E-6	
108.40000000E-3	151.39798980E-6	
109.00000000E-3	151.49310947E-6	
109.60000000E-3	151.55164661E-6	
110.20000000E-3	151.61936033E-6	
110.80000000E-3	151.74452830E-6	
111.40000000E-3	151.91840083E-6	
112.00000000E-3	152.04466730E-6	
112.60000000E-3	152.02919700E-6	
113.30000000E-3	151.90017568E-6	
113.80000000E-3	151.72573190E-6	
114.30000000E-3	151.55577445E-6	
115.00000000E-3	151.40875370E-6	
115.60000000E-3	151.24873272E-6	
116.30000000E-3	151.07107908E-6	
116.80000000E-3	150.89019452E-6	
117.50000000E-3	150.69678498E-6	
118.10000000E-3	150.52001857E-6	
118.10000000E-3	150.41372394E-6	
119.30000000E-3	150.36686443E-6	
119.90000000E-3	150.34120093E-6	
120.50000000E-3	150.31244208E-6	
121.10000000E-3	150.24050798E-6	
121.80000000E-3	150.12210247E-6	
122.30000000E-3	150.00890969E-6	
122.90000000E-3	149.93445976E-6	
123.80000000E-3	149.89035273E-6	
124.40000000E-3	149.85159781E-6	
125.00000000E-3	149.80631614E-6	
125.60000000E-3	149.69984306E-6	
126.30000000E-3	149.46755774E-6	
126.90000000E-3	149.12092126E-6	
127.50000000E-3	148.70287565E-6	
127.50000000E-3	148.30678520E-6	
128.60000000E-3	147.97673096E-6	
129.20000000E-3	147.70177098E-6	
129.90000000E-3	147.43405157E-6	
130.60000000E-3	147.13169117E-6	
131.20000000E-3	146.83547024E-6	
131.50000000E-3	146.58337086E-6	
132.40000000E-3	146.38577604E-6	
133.00000000E-3	146.18904732E-6	
133.60000000E-3	145.91680359E-6	
134.20000000E-3	145.59088517E-6	
134.90000000E-3	145.24739595E-6	
135.50000000E-3	144.85040145E-6	
136.20000000E-3	144.46891644E-6	
136.70000000E-3	144.25106193E-6	
137.40000000E-3	144.18240462E-6	
138.00000000E-3	144.17232275E-6	
138.60000000E-3	144.11191773E-6	
138.90000000E-3	143.90864836E-6	
139.60000000E-3	143.57280697E-6	
140.20000000E-3	143.19707528E-6	
141.10000000E-3	142.84791779E-6	
141.40000000E-3	142.53757192E-6	
142.10000000E-3	142.26218613E-6	
142.70000000E-3	142.04927554E-6	
143.30000000E-3	141.89569467E-6	
143.90000000E-3	141.72956012E-6	
144.50000000E-3	141.54171900E-6	
145.20000000E-3	141.38351493E-6	
145.80000000E-3	141.24368586E-6	
146.40000000E-3	141.07304853E-6	
147.00000000E-3	140.84595109E-6	
147.70000000E-3	140.55475646E-6	
148.30000000E-3	140.22834830E-6	
148.90000000E-3	139.89344991E-6	
149.50000000E-3	139.61016731E-6	
150.10000000E-3	139.44411170E-6	
150.80000000E-3	139.41538787E-6	
151.40000000E-3	139.45056985E-6	
152.00000000E-3	139.46456483E-6	
152.60000000E-3	139.44290533E-6	
153.20000000E-3	139.40342016E-6	
153.90000000E-3	139.32898953E-6	
154.50000000E-3	139.21317284E-6	
155.30000000E-3	139.06147869E-6	
155.80000000E-3	138.83711982E-6	
156.40000000E-3	138.50021023E-6	
157.00000000E-3	138.09897208E-6	
157.70000000E-3	137.68220457E-6	
158.30000000E-3	137.30098776E-6	
158.90000000E-3	137.03364003E-6	
159.50000000E-3	136.85964949E-6	
160.20000000E-3	136.69908552E-6	
160.80000000E-3	136.52812654E-6	
161.40000000E-3	136.33493641E-6	
162.00000000E-3	136.14035877E-6	
162.70000000E-3	136.00395489E-6	
163.30000000E-3	135.95942065E-6	
163.90000000E-3	135.95901817E-6	
164.50000000E-3	135.89559123E-6	
165.20000000E-3	135.68812211E-6	
165.80000000E-3	135.37827715E-6	
166.40000000E-3	135.05544541E-6	
167.00000000E-3	134.76031266E-6	
167.70000000E-3	134.51413590E-6	
167.90000000E-3	134.31974841E-6	
168.90000000E-3	134.14942873E-6	
169.20000000E-3	133.98274211E-6	
170.20000000E-3	133.84984834E-6	
170.80000000E-3	133.74969206E-6	
171.40000000E-3	133.64424586E-6	
172.10000000E-3	133.51965397E-6	
172.70000000E-3	133.40625096E-6	
173.30000000E-3	133.32199034E-6	
173.90000000E-3	133.27275840E-6	
174.60000000E-3	133.22354534E-6	
175.20000000E-3	133.14208391E-6	
175.80000000E-3	133.05181876E-6	
176.40000000E-3	132.96879758E-6	
177.00000000E-3	132.88869712E-6	
177.70000000E-3	132.80026331E-6	
177.90000000E-3	132.64303588E-6	
178.90000000E-3	132.35749851E-6	
179.50000000E-3	132.00882494E-6	
179.80000000E-3	131.69211572E-6	
180.40000000E-3	131.42966258E-6	
181.40000000E-3	131.22678518E-6	
182.00000000E-3	131.10280554E-6	
182.60000000E-3	131.01835141E-6	
183.00000000E-3	130.91038092E-6	
183.60000000E-3	130.77676874E-6	
184.20000000E-3	130.68268803E-6	
184.80000000E-3	130.62298623E-6	
185.40000000E-3	130.53201781E-6	
186.10000000E-3	130.40247686E-6	
186.70000000E-3	130.26884662E-6	
187.60000000E-3	130.17731655E-6	
187.90000000E-3	130.13729217E-6	
188.50000000E-3	130.14512024E-6	
189.20000000E-3	130.21282389E-6	
189.80000000E-3	130.32419018E-6	
190.40000000E-3	130.41441854E-6	
191.00000000E-3	130.43770574E-6	
191.70000000E-3	130.39928489E-6	
192.20000000E-3	130.32801048E-6	
192.90000000E-3	130.21166072E-6	
193.50000000E-3	130.01875743E-6	
194.20000000E-3	129.75216095E-6	
194.70000000E-3	129.46057419E-6	
195.40000000E-3	129.18263933E-6	
196.00000000E-3	128.95777865E-6	
196.70000000E-3	128.75891431E-6	
197.20000000E-3	128.55190364E-6	
197.90000000E-3	128.36948588E-6	
198.50000000E-3	128.22620374E-6	
199.10000000E-3	128.08285931E-6	
199.70000000E-3	127.93259926E-6	
