400,00000000E-3	191,38217517E-6
400,00000000E-3	191,30547457E-6
400,00000000E-3	191,32909865E-6
399,90000000E-3	191,32774423E-6
399,90000000E-3	191,34291227E-6
399,70000000E-3	191,33425175E-6
399,60000000E-3	191,30766977E-6
399,40000000E-3	191,29407588E-6
399,20000000E-3	191,25938368E-6
399,00000000E-3	191,19825843E-6
398,70000000E-3	191,13443772E-6
398,30000000E-3	191,06701679E-6
398,10000000E-3	191,00379492E-6
397,80000000E-3	190,93567325E-6
397,60000000E-3	190,86065470E-6
397,30000000E-3	190,79210893E-6
397,00000000E-3	190,72248524E-6
396,60000000E-3	190,63360257E-6
396,40000000E-3	190,54486634E-6
396,00000000E-3	190,44490021E-6
395,70000000E-3	190,33048420E-6
395,30000000E-3	190,22379905E-6
395,00000000E-3	190,14027305E-6
394,70000000E-3	190,05558121E-6
394,50000000E-3	189,98635127E-6
394,10000000E-3	189,92077432E-6
393,90000000E-3	189,82737755E-6
393,40000000E-3	189,70979085E-6
392,90000000E-3	189,65837768E-6
392,80000000E-3	189,56852816E-6
392,30000000E-3	189,38665990E-6
392,00000000E-3	189,22894491E-6
391,70000000E-3	189,10937091E-6
391,40000000E-3	189,01681517E-6
390,90000000E-3	188,92689069E-6
390,50000000E-3	188,80940829E-6
390,30000000E-3	188,69119160E-6
389,80000000E-3	188,57745986E-6
389,60000000E-3	188,47796579E-6
389,40000000E-3	188,38881264E-6
388,90000000E-3	188,32079048E-6
388,40000000E-3	188,24760289E-6
388,10000000E-3	188,16106670E-6
388,10000000E-3	188,07720949E-6
387,60000000E-3	187,99388319E-6
387,10000000E-3	187,91655551E-6
386,90000000E-3	187,81358923E-6
386,50000000E-3	187,72116282E-6
386,00000000E-3	187,62732397E-6
385,70000000E-3	187,49190243E-6
385,40000000E-3	187,41012647E-6
385,10000000E-3	187,34064995E-6
384,60000000E-3	187,24879684E-6
384,30000000E-3	187,15030031E-6
383,90000000E-3	187,10040858E-6
383,60000000E-3	187,06415992E-6
383,20000000E-3	186,98553264E-6
383,00000000E-3	186,88311335E-6
382,60000000E-3	186,76785109E-6
382,30000000E-3	186,67266664E-6
381,90000000E-3	186,59153800E-6
381,60000000E-3	186,50596713E-6
381,20000000E-3	186,43782998E-6
380,80000000E-3	186,39148187E-6
380,50000000E-3	186,31562898E-6
380,10000000E-3	186,20358629E-6
379,80000000E-3	186,08998812E-6
379,40000000E-3	186,00310023E-6
379,10000000E-3	185,90239695E-6
378,90000000E-3	185,78500614E-6
378,40000000E-3	185,70813071E-6
378,20000000E-3	185,61532946E-6
378,20000000E-3	185,46714155E-6
377,40000000E-3	185,33744632E-6
377,10000000E-3	185,22523661E-6
376,50000000E-3	185,11172129E-6
376,20000000E-3	185,02664028E-6
376,00000000E-3	184,93681516E-6
375,60000000E-3	184,82846013E-6
375,10000000E-3	184,71281857E-6
374,80000000E-3	184,60867467E-6
374,80000000E-3	184,50243589E-6
374,20000000E-3	184,39013944E-6
374,20000000E-3	184,26696701E-6
373,20000000E-3	184,17282709E-6
373,00000000E-3	184,07150569E-6
372,50000000E-3	183,94317685E-6
372,30000000E-3	183,85441504E-6
372,00000000E-3	183,77594283E-6
371,80000000E-3	183,65868029E-6
371,20000000E-3	183,54113462E-6
370,90000000E-3	183,45739473E-6
370,50000000E-3	183,36014782E-6
370,30000000E-3	183,22980353E-6
369,80000000E-3	183,11239771E-6
369,60000000E-3	183,00878093E-6
369,20000000E-3	182,90120189E-6
368,80000000E-3	182,77746679E-6
368,60000000E-3	182,65894076E-6
368,20000000E-3	182,54961904E-6
367,90000000E-3	182,43610111E-6
367,50000000E-3	182,33873738E-6
367,00000000E-3	182,23619644E-6
366,60000000E-3	182,11801292E-6
366,60000000E-3	182,02915854E-6
366,60000000E-3	181,94027299E-6
366,10000000E-3	181,82900891E-6
365,60000000E-3	181,72986632E-6
365,00000000E-3	181,61187866E-6
364,70000000E-3	181,49029383E-6
364,30000000E-3	181,38406499E-6
364,00000000E-3	181,28014339E-6
363,60000000E-3	181,18617587E-6
363,30000000E-3	181,10083727E-6
362,90000000E-3	181,02720626E-6
362,40000000E-3	180,95217136E-6
362,40000000E-3	180,85081640E-6
362,20000000E-3	180,73958672E-6
361,50000000E-3	180,63041547E-6
361,30000000E-3	180,49948051E-6
360,60000000E-3	180,37516052E-6
360,40000000E-3	180,28745597E-6
360,20000000E-3	180,21244390E-6
359,70000000E-3	180,11051941E-6
359,40000000E-3	180,02997945E-6
358,90000000E-3	179,95434337E-6
358,50000000E-3	179,88071136E-6
358,30000000E-3	179,79037808E-6
358,10000000E-3	179,70149494E-6
357,50000000E-3	179,61853123E-6
357,10000000E-3	179,53288386E-6
356,90000000E-3	179,42377212E-6
356,40000000E-3	179,32171422E-6
356,20000000E-3	179,24294329E-6
355,90000000E-3	179,16599045E-6
355,40000000E-3	179,07271736E-6
355,20000000E-3	178,97789545E-6
354,80000000E-3	178,86860440E-6
354,50000000E-3	178,76568127E-6
354,10000000E-3	178,67958722E-6
353,90000000E-3	178,62825735E-6
353,40000000E-3	178,56179318E-6
352,90000000E-3	178,47564818E-6
352,60000000E-3	178,40325228E-6
352,20000000E-3	178,31172284E-6
352,00000000E-3	178,21930523E-6
351,50000000E-3	178,13669189E-6
351,20000000E-3	178,05469306E-6
350,80000000E-3	177,95030382E-6
350,40000000E-3	177,87831391E-6
350,10000000E-3	177,82111030E-6
349,70000000E-3	177,73975083E-6
349,50000000E-3	177,67059380E-6
349,00000000E-3	177,59798846E-6
348,70000000E-3	177,50655966E-6
348,50000000E-3	177,41969676E-6
348,10000000E-3	177,34507134E-6
347,80000000E-3	177,27563069E-6
347,30000000E-3	177,20594664E-6
346,90000000E-3	177,13878519E-6
346,70000000E-3	177,08185537E-6
346,30000000E-3	176,99682970E-6
346,00000000E-3	176,89235699E-6
345,60000000E-3	176,79357014E-6
345,10000000E-3	176,71495935E-6
344,90000000E-3	176,63083608E-6
344,50000000E-3	176,51180118E-6
344,00000000E-3	176,39504382E-6
343,70000000E-3	176,32283487E-6
343,40000000E-3	176,26228983E-6
343,10000000E-3	176,18559233E-6
342,90000000E-3	176,08322799E-6
342,40000000E-3	175,95830075E-6
342,00000000E-3	175,83331849E-6
341,50000000E-3	175,69607442E-6
341,30000000E-3	175,59865266E-6
340,80000000E-3	175,50145086E-6
340,60000000E-3	175,40232682E-6
340,40000000E-3	175,34976676E-6
339,90000000E-3	175,31080480E-6
339,60000000E-3	175,23712918E-6
339,20000000E-3	175,12710416E-6
339,00000000E-3	175,01941806E-6
338,50000000E-3	174,92482533E-6
338,10000000E-3	174,83041534E-6
337,80000000E-3	174,75994156E-6
337,40000000E-3	174,69016021E-6
337,20000000E-3	174,56735667E-6
336,60000000E-3	174,47353321E-6
336,20000000E-3	174,40108801E-6
336,00000000E-3	174,30067663E-6
335,50000000E-3	174,21299815E-6
335,30000000E-3	174,14291593E-6
334,80000000E-3	174,04547208E-6
334,40000000E-3	173,93164051E-6
334,10000000E-3	173,84317036E-6
333,70000000E-3	173,74248721E-6
333,50000000E-3	173,61803131E-6
333,00000000E-3	173,54740540E-6
332,70000000E-3	173,47342971E-6
332,50000000E-3	173,38896616E-6
332,00000000E-3	173,29540454E-6
331,80000000E-3	173,19124312E-6
331,40000000E-3	173,10685798E-6
331,00000000E-3	173,02397731E-6
330,70000000E-3	172,92495078E-6
330,20000000E-3	172,81110701E-6
330,00000000E-3	172,70011915E-6
329,50000000E-3	172,64063951E-6
329,30000000E-3	172,58039036E-6
328,90000000E-3	172,48941854E-6
328,60000000E-3	172,40177013E-6
328,20000000E-3	172,32134527E-6
327,70000000E-3	172,23004807E-6
327,40000000E-3	172,13729392E-6
327,20000000E-3	172,05054993E-6
326,70000000E-3	171,96740376E-6
326,40000000E-3	171,90353060E-6
326,10000000E-3	171,81581348E-6
325,60000000E-3	171,71085595E-6
325,20000000E-3	171,59922305E-6
324,90000000E-3	171,49411168E-6
324,90000000E-3	171,41825051E-6
324,10000000E-3	171,34818844E-6
323,90000000E-3	171,25674945E-6
323,70000000E-3	171,14643278E-6
323,20000000E-3	171,04923834E-6
322,80000000E-3	170,96949379E-6
322,60000000E-3	170,90691801E-6
321,90000000E-3	170,83935435E-6
321,70000000E-3	170,74752361E-6
321,40000000E-3	170,65810255E-6
321,00000000E-3	170,55132178E-6
320,80000000E-3	170,41365742E-6
320,30000000E-3	170,28280478E-6
320,00000000E-3	170,18778932E-6
319,60000000E-3	170,10227344E-6
319,40000000E-3	170,02467784E-6
319,10000000E-3	169,94164310E-6
318,70000000E-3	169,85538643E-6
318,20000000E-3	169,76831550E-6
318,00000000E-3	169,68853181E-6
317,60000000E-3	169,59327356E-6
317,60000000E-3	169,48203344E-6
317,60000000E-3	169,39385515E-6
316,60000000E-3	169,31221872E-6
316,20000000E-3	169,22377579E-6
315,70000000E-3	169,13554140E-6
315,50000000E-3	169,06786178E-6
315,00000000E-3	169,00321431E-6
314,80000000E-3	168,90901507E-6
314,30000000E-3	168,79343008E-6
314,10000000E-3	168,68882258E-6
313,60000000E-3	168,60117287E-6
313,20000000E-3	168,54715839E-6
313,20000000E-3	168,49884435E-6
312,90000000E-3	168,41539740E-6
312,10000000E-3	168,32545529E-6
312,10000000E-3	168,23400523E-6
311,70000000E-3	168,14184053E-6
311,20000000E-3	168,04142976E-6
311,00000000E-3	167,95575859E-6
310,80000000E-3	167,87289239E-6
310,20000000E-3	167,80932400E-6
309,80000000E-3	167,74609267E-6
309,60000000E-3	167,66665973E-6
309,10000000E-3	167,58209787E-6
308,90000000E-3	167,51282967E-6
308,50000000E-3	167,44853890E-6
308,20000000E-3	167,37158210E-6
307,80000000E-3	167,29475206E-6
307,50000000E-3	167,21615852E-6
307,10000000E-3	167,13869303E-6
306,80000000E-3	167,05745977E-6
306,40000000E-3	166,97854925E-6
306,10000000E-3	166,91784861E-6
305,70000000E-3	166,84845427E-6
305,30000000E-3	166,73050240E-6
305,00000000E-3	166,62377289E-6
304,50000000E-3	166,53268216E-6
304,30000000E-3	166,43256628E-6
303,80000000E-3	166,33840641E-6
303,60000000E-3	166,23346570E-6
303,20000000E-3	166,11939984E-6
302,70000000E-3	166,01235282E-6
302,70000000E-3	165,91602233E-6
302,30000000E-3	165,83453062E-6
301,80000000E-3	165,74093084E-6
301,60000000E-3	165,65536682E-6
300,90000000E-3	165,57758008E-6
300,90000000E-3	165,50261234E-6
300,60000000E-3	165,38928178E-6
300,10000000E-3	165,26210542E-6
299,80000000E-3	165,14141630E-6
299,40000000E-3	165,04486729E-6
298,90000000E-3	164,97841659E-6
298,50000000E-3	164,89578136E-6
298,20000000E-3	164,77940355E-6
298,00000000E-3	164,64276855E-6
297,60000000E-3	164,51168082E-6
297,30000000E-3	164,39362503E-6
296,80000000E-3	164,28926678E-6
296,70000000E-3	164,20489975E-6
296,20000000E-3	164,10444167E-6
295,90000000E-3	163,96941074E-6
295,50000000E-3	163,86240092E-6
295,50000000E-3	163,80239857E-6
294,80000000E-3	163,73852221E-6
294,40000000E-3	163,63384572E-6
294,40000000E-3	163,52721492E-6
293,70000000E-3	163,43435646E-6
293,30000000E-3	163,33271914E-6
293,00000000E-3	163,26682534E-6
292,60000000E-3	163,18460933E-6
292,40000000E-3	163,09859505E-6
291,90000000E-3	162,99237729E-6
291,70000000E-3	162,91409492E-6
291,20000000E-3	162,84428508E-6
290,80000000E-3	162,75607752E-6
290,60000000E-3	162,68027065E-6
290,10000000E-3	162,58983035E-6
289,90000000E-3	162,50112043E-6
289,70000000E-3	162,42447647E-6
288,90000000E-3	162,32661826E-6
288,70000000E-3	162,23800905E-6
288,50000000E-3	162,13264765E-6
288,00000000E-3	162,02471845E-6
287,80000000E-3	161,92262972E-6
287,30000000E-3	161,80976917E-6
287,10000000E-3	161,70012190E-6
286,70000000E-3	161,60669829E-6
286,40000000E-3	161,53031661E-6
286,00000000E-3	161,45046430E-6
285,60000000E-3	161,37295400E-6
285,30000000E-3	161,29041184E-6
284,80000000E-3	161,17942759E-6
284,60000000E-3	161,06488763E-6
284,10000000E-3	160,96660572E-6
283,70000000E-3	160,89495660E-6
283,40000000E-3	160,83912772E-6
283,00000000E-3	160,76482656E-6
282,80000000E-3	160,66232704E-6
282,40000000E-3	160,56215803E-6
282,10000000E-3	160,46540645E-6
281,60000000E-3	160,36751419E-6
281,20000000E-3	160,27656909E-6
280,90000000E-3	160,15380502E-6
280,70000000E-3	160,03617513E-6
280,20000000E-3	159,93902366E-6
279,90000000E-3	159,85486641E-6
279,80000000E-3	159,75404369E-6
279,20000000E-3	159,63517808E-6
278,80000000E-3	159,51074923E-6
278,50000000E-3	159,37507917E-6
278,30000000E-3	159,25824423E-6
277,80000000E-3	159,16877083E-6
277,50000000E-3	159,06968093E-6
277,10000000E-3	158,93757227E-6
276,90000000E-3	158,81347312E-6
276,40000000E-3	158,69895843E-6
276,10000000E-3	158,58776654E-6
275,60000000E-3	158,48484827E-6
275,20000000E-3	158,38861122E-6
275,00000000E-3	158,29754223E-6
274,70000000E-3	158,20768166E-6
274,50000000E-3	158,11106293E-6
274,50000000E-3	158,02646162E-6
273,50000000E-3	157,95268094E-6
273,20000000E-3	157,90702008E-6
272,90000000E-3	157,85157942E-6
272,50000000E-3	157,76691396E-6
272,20000000E-3	157,69003766E-6
272,00000000E-3	157,60888145E-6
271,50000000E-3	157,53153201E-6
271,30000000E-3	157,47445846E-6
270,80000000E-3	157,41961645E-6
270,60000000E-3	157,36253630E-6
270,10000000E-3	157,29070346E-6
269,80000000E-3	157,20861545E-6
269,60000000E-3	157,13537822E-6
269,00000000E-3	157,05271297E-6
268,70000000E-3	156,96700842E-6
268,30000000E-3	156,87679605E-6
268,10000000E-3	156,77963944E-6
267,60000000E-3	156,70113855E-6
267,60000000E-3	156,64352058E-6
267,00000000E-3	156,56438402E-6
266,50000000E-3	156,45791211E-6
266,10000000E-3	156,37129580E-6
265,80000000E-3	156,29203980E-6
265,50000000E-3	156,23581786E-6
265,00000000E-3	156,13829839E-6
264,80000000E-3	156,00743198E-6
264,30000000E-3	155,89829989E-6
263,90000000E-3	155,80715076E-6
263,60000000E-3	155,72109629E-6
263,40000000E-3	155,63334825E-6
262,90000000E-3	155,55285358E-6
262,70000000E-3	155,47965025E-6
262,40000000E-3	155,40844351E-6
261,90000000E-3	155,35076941E-6
261,50000000E-3	155,29487871E-6
261,20000000E-3	155,20666563E-6
260,70000000E-3	155,08610808E-6
260,50000000E-3	154,97884842E-6
260,20000000E-3	154,86730920E-6
259,70000000E-3	154,73196400E-6
259,50000000E-3	154,60846590E-6
259,00000000E-3	154,49848031E-6
258,60000000E-3	154,39688024E-6
258,30000000E-3	154,30491354E-6
258,10000000E-3	154,21288715E-6
257,60000000E-3	154,09828341E-6
257,30000000E-3	153,98736629E-6
257,10000000E-3	153,88937433E-6
256,90000000E-3	153,79729060E-6
256,20000000E-3	153,70283923E-6
255,90000000E-3	153,61429266E-6
255,50000000E-3	153,54159181E-6
255,20000000E-3	153,46980275E-6
255,00000000E-3	153,38515798E-6
254,40000000E-3	153,29598615E-6
253,80000000E-3	153,21498386E-6
253,60000000E-3	153,11942586E-6
253,40000000E-3	153,01927009E-6
252,80000000E-3	152,89813160E-6
252,60000000E-3	152,78820258E-6
252,40000000E-3	152,69057289E-6
251,90000000E-3	152,58900576E-6
251,90000000E-3	152,47075448E-6
251,20000000E-3	152,33794864E-6
250,90000000E-3	152,24497171E-6
250,50000000E-3	152,17230306E-6
250,20000000E-3	152,07987460E-6
249,70000000E-3	151,97256858E-6
249,30000000E-3	151,88662530E-6
249,00000000E-3	151,79262157E-6
249,00000000E-3	151,69329089E-6
248,20000000E-3	151,57816926E-6
248,10000000E-3	151,47160297E-6
247,60000000E-3	151,37770282E-6
247,30000000E-3	151,26615591E-6
247,00000000E-3	151,14988686E-6
246,60000000E-3	151,03001843E-6
246,60000000E-3	150,90039944E-6
245,80000000E-3	150,80313494E-6
245,50000000E-3	150,71922844E-6
245,10000000E-3	150,59237893E-6
244,90000000E-3	150,45336283E-6
244,40000000E-3	150,35336571E-6
244,20000000E-3	150,26431485E-6
243,60000000E-3	150,14226151E-6
243,40000000E-3	150,02997250E-6
242,90000000E-3	149,93975296E-6
242,70000000E-3	149,85608873E-6
242,40000000E-3	149,77055001E-6
242,00000000E-3	149,69773103E-6
241,70000000E-3	149,60105478E-6
241,30000000E-3	149,50787155E-6
241,00000000E-3	149,44702279E-6
241,00000000E-3	149,36200598E-6
240,20000000E-3	149,28709848E-6
239,70000000E-3	149,20474239E-6
239,50000000E-3	149,09368342E-6
239,00000000E-3	148,97570227E-6
238,80000000E-3	148,87509424E-6
238,50000000E-3	148,80035442E-6
238,00000000E-3	148,73273614E-6
237,80000000E-3	148,65785970E-6
237,40000000E-3	148,54195905E-6
237,00000000E-3	148,42656379E-6
236,60000000E-3	148,33592088E-6
236,30000000E-3	148,26165200E-6
235,80000000E-3	148,17127866E-6
235,60000000E-3	148,07891874E-6
235,40000000E-3	147,98859135E-6
234,90000000E-3	147,89547585E-6
234,40000000E-3	147,83608779E-6
234,40000000E-3	147,76232134E-6
233,90000000E-3	147,64741920E-6
233,40000000E-3	147,56020909E-6
233,00000000E-3	147,48682764E-6
232,70000000E-3	147,39168461E-6
232,40000000E-3	147,31373514E-6
232,20000000E-3	147,23397549E-6
231,60000000E-3	147,14778584E-6
231,30000000E-3	147,04281274E-6
230,90000000E-3	146,92969885E-6
230,70000000E-3	146,81374872E-6
230,20000000E-3	146,70866442E-6
230,20000000E-3	146,59906754E-6
229,60000000E-3	146,45962162E-6
229,20000000E-3	146,34572194E-6
228,70000000E-3	146,24913917E-6
228,40000000E-3	146,17876832E-6
228,10000000E-3	146,11693887E-6
227,60000000E-3	146,06749993E-6
227,40000000E-3	146,01299564E-6
227,10000000E-3	145,94711844E-6
227,10000000E-3	145,88289242E-6
227,10000000E-3	145,80717112E-6
226,10000000E-3	145,73955436E-6
225,70000000E-3	145,65645047E-6
225,40000000E-3	145,55553190E-6
224,90000000E-3	145,44969429E-6
224,60000000E-3	145,35570295E-6
224,10000000E-3	145,27787735E-6
223,90000000E-3	145,17631435E-6
223,40000000E-3	145,07006525E-6
223,10000000E-3	144,95207584E-6
222,90000000E-3	144,84474049E-6
222,70000000E-3	144,71506677E-6
222,20000000E-3	144,58188334E-6
221,80000000E-3	144,45040938E-6
221,70000000E-3	144,33638876E-6
221,10000000E-3	144,24676180E-6
220,70000000E-3	144,16554136E-6
220,30000000E-3	144,07909750E-6
220,30000000E-3	143,97343789E-6
219,60000000E-3	143,87149976E-6
219,30000000E-3	143,77962359E-6
219,00000000E-3	143,67561303E-6
218,40000000E-3	143,55093500E-6
218,10000000E-3	143,45476777E-6
217,90000000E-3	143,38026874E-6
217,40000000E-3	143,28295297E-6
217,10000000E-3	143,17707533E-6
216,90000000E-3	143,08144377E-6
216,40000000E-3	142,98358460E-6
216,00000000E-3	142,89915416E-6
215,70000000E-3	142,80986952E-6
215,20000000E-3	142,72504384E-6
215,00000000E-3	142,63425415E-6
214,80000000E-3	142,50749011E-6
214,20000000E-3	142,37317472E-6
213,80000000E-3	142,26320881E-6
213,50000000E-3	142,16597627E-6
213,20000000E-3	142,06582844E-6
213,20000000E-3	141,96136855E-6
212,80000000E-3	141,83199352E-6
212,20000000E-3	141,71277048E-6
211,90000000E-3	141,61734803E-6
211,20000000E-3	141,51404843E-6
211,00000000E-3	141,35583471E-6
210,80000000E-3	141,24122188E-6
210,20000000E-3	141,12041631E-6
210,20000000E-3	140,99715820E-6
210,20000000E-3	140,89915671E-6
209,20000000E-3	140,80167094E-6
209,00000000E-3	140,70669947E-6
208,50000000E-3	140,65062124E-6
208,50000000E-3	140,59762260E-6
207,90000000E-3	140,52078726E-6
207,40000000E-3	140,40965621E-6
207,10000000E-3	140,27365294E-6
206,70000000E-3	140,18786516E-6
206,40000000E-3	140,12067055E-6
206,10000000E-3	140,05119722E-6
205,70000000E-3	139,96716183E-6
205,20000000E-3	139,86511019E-6
204,70000000E-3	139,76627585E-6
204,50000000E-3	139,67527251E-6
204,20000000E-3	139,57113092E-6
203,70000000E-3	139,45606171E-6
203,50000000E-3	139,36079200E-6
203,00000000E-3	139,27839814E-6
203,00000000E-3	139,18212271E-6
202,50000000E-3	139,08012996E-6
202,00000000E-3	138,97262205E-6
201,60000000E-3	138,85630691E-6
201,60000000E-3	138,73864869E-6
201,10000000E-3	138,62397168E-6
200,60000000E-3	138,49489995E-6
200,20000000E-3	138,37084413E-6
199,90000000E-3	138,25789169E-6
199,90000000E-3	138,14946560E-6
199,10000000E-3	138,04491317E-6
198,80000000E-3	137,97499109E-6
198,40000000E-3	137,89139547E-6
198,10000000E-3	137,79211076E-6
198,10000000E-3	137,68957746E-6
197,40000000E-3	137,59542368E-6
197,10000000E-3	137,51335454E-6
196,70000000E-3	137,44270938E-6
196,20000000E-3	137,37737579E-6
195,90000000E-3	137,31170905E-6
195,70000000E-3	137,24706396E-6
195,20000000E-3	137,16609560E-6
194,90000000E-3	137,08484867E-6
194,70000000E-3	136,98726118E-6
194,20000000E-3	136,85433418E-6
193,70000000E-3	136,74772488E-6
193,40000000E-3	136,64440417E-6
193,20000000E-3	136,53753193E-6
192,70000000E-3	136,44396918E-6
192,50000000E-3	136,34536355E-6
192,20000000E-3	136,21568108E-6
191,80000000E-3	136,08816332E-6
191,20000000E-3	135,96991202E-6
191,00000000E-3	135,85464295E-6
190,80000000E-3	135,75231287E-6
190,30000000E-3	135,65137316E-6
189,90000000E-3	135,54151523E-6
189,70000000E-3	135,44790580E-6
189,20000000E-3	135,38329627E-6
188,70000000E-3	135,27889811E-6
188,70000000E-3	135,15638597E-6
188,30000000E-3	135,05770820E-6
187,90000000E-3	134,97090292E-6
187,30000000E-3	134,87830246E-6
187,30000000E-3	134,76707557E-6
186,80000000E-3	134,65381160E-6
186,30000000E-3	134,54972794E-6
186,10000000E-3	134,46152331E-6
185,90000000E-3	134,36896117E-6
185,30000000E-3	134,29010877E-6
185,00000000E-3	134,18190114E-6
184,90000000E-3	134,06147539E-6
184,30000000E-3	133,93557506E-6
183,90000000E-3	133,82334199E-6
183,60000000E-3	133,74236538E-6
183,40000000E-3	133,67346919E-6
182,90000000E-3	133,59257481E-6
182,50000000E-3	133,51385875E-6
182,20000000E-3	133,40999617E-6
181,90000000E-3	133,29214594E-6
181,50000000E-3	133,17329111E-6
180,90000000E-3	133,07767830E-6
180,70000000E-3	132,96868154E-6
180,40000000E-3	132,86439923E-6
180,00000000E-3	132,77912086E-6
179,70000000E-3	132,68745578E-6
179,50000000E-3	132,58023230E-6
179,00000000E-3	132,46641284E-6
178,50000000E-3	132,37970362E-6
178,20000000E-3	132,25329574E-6
178,00000000E-3	132,10900586E-6
177,50000000E-3	131,99460247E-6
177,20000000E-3	131,88285405E-6
176,80000000E-3	131,72461663E-6
176,50000000E-3	131,58748048E-6
176,10000000E-3	131,47772745E-6
175,80000000E-3	131,36796700E-6
175,50000000E-3	131,27085538E-6
175,10000000E-3	131,18758860E-6
174,60000000E-3	131,12117352E-6
174,30000000E-3	131,06473089E-6
174,10000000E-3	130,99413118E-6
173,60000000E-3	130,91742306E-6
173,60000000E-3	130,87317071E-6
173,00000000E-3	130,81733128E-6
172,60000000E-3	130,73945927E-6
172,30000000E-3	130,65488148E-6
171,70000000E-3	130,58342474E-6
171,50000000E-3	130,48808567E-6
171,00000000E-3	130,39978282E-6
170,70000000E-3	130,29198002E-6
170,50000000E-3	130,17522223E-6
170,00000000E-3	130,05953825E-6
169,70000000E-3	129,94204044E-6
169,30000000E-3	129,80949183E-6
169,00000000E-3	129,68624258E-6
168,50000000E-3	129,58164370E-6
168,50000000E-3	129,47560572E-6
168,50000000E-3	129,36020260E-6
167,70000000E-3	129,25573617E-6
167,40000000E-3	129,16174340E-6
167,00000000E-3	129,04614003E-6
166,50000000E-3	128,93743862E-6
166,20000000E-3	128,84592870E-6
165,90000000E-3	128,74513501E-6
165,50000000E-3	128,65505901E-6
165,20000000E-3	128,56571804E-6
165,00000000E-3	128,46088212E-6
164,60000000E-3	128,35869453E-6
164,00000000E-3	128,26939900E-6
163,80000000E-3	128,18564469E-6
163,40000000E-3	128,08569672E-6
163,10000000E-3	127,97193535E-6
162,80000000E-3	127,86024353E-6
162,30000000E-3	127,74997662E-6
161,90000000E-3	127,62111031E-6
161,60000000E-3	127,49477625E-6
161,40000000E-3	127,36421438E-6
160,90000000E-3	127,24198933E-6
160,60000000E-3	127,14465690E-6
160,30000000E-3	127,06794114E-6
159,80000000E-3	126,97568706E-6
159,60000000E-3	126,85387503E-6
159,10000000E-3	126,72195106E-6
158,80000000E-3	126,60568360E-6
158,30000000E-3	126,50012815E-6
158,10000000E-3	126,39158929E-6
157,80000000E-3	126,30927939E-6
157,30000000E-3	126,19309451E-6
157,10000000E-3	126,09270669E-6
157,10000000E-3	126,01737325E-6
156,30000000E-3	125,92346214E-6
156,10000000E-3	125,82562867E-6
155,70000000E-3	125,73184159E-6
155,30000000E-3	125,64519228E-6
155,10000000E-3	125,56959767E-6
154,60000000E-3	125,49131107E-6
154,10000000E-3	125,40164606E-6
153,90000000E-3	125,28868773E-6
153,70000000E-3	125,15700396E-6
153,40000000E-3	125,03243405E-6
153,00000000E-3	124,92115158E-6
153,00000000E-3	124,84206634E-6
153,00000000E-3	124,77560756E-6
152,40000000E-3	124,68641737E-6
151,40000000E-3	124,57592811E-6
151,30000000E-3	124,46672830E-6
150,70000000E-3	124,37954982E-6
150,40000000E-3	124,28407335E-6
150,00000000E-3	124,16675690E-6
149,80000000E-3	124,07880393E-6
149,80000000E-3	123,99960713E-6
149,00000000E-3	123,92455509E-6
148,70000000E-3	123,83107124E-6
148,20000000E-3	123,73003416E-6
148,00000000E-3	123,64994690E-6
147,70000000E-3	123,56217704E-6
147,30000000E-3	123,47077150E-6
146,70000000E-3	123,38725846E-6
146,50000000E-3	123,31089841E-6
146,30000000E-3	123,23802874E-6
145,70000000E-3	123,16094336E-6
145,50000000E-3	123,05703744E-6
145,30000000E-3	122,94528660E-6
144,80000000E-3	122,83152494E-6
144,50000000E-3	122,72291658E-6
144,10000000E-3	122,61958636E-6
143,60000000E-3	122,50560238E-6
143,40000000E-3	122,39762378E-6
142,90000000E-3	122,28998418E-6
142,60000000E-3	122,18202140E-6
142,40000000E-3	122,06603256E-6
141,90000000E-3	121,96339400E-6
141,60000000E-3	121,88366574E-6
141,20000000E-3	121,77380354E-6
140,90000000E-3	121,64758372E-6
140,40000000E-3	121,53758404E-6
140,20000000E-3	121,41866821E-6
139,90000000E-3	121,29880468E-6
139,40000000E-3	121,19727180E-6
139,40000000E-3	121,09854821E-6
138,80000000E-3	121,00336157E-6
138,40000000E-3	120,91064300E-6
138,10000000E-3	120,81966219E-6
137,60000000E-3	120,68430092E-6
137,40000000E-3	120,58430531E-6
136,80000000E-3	120,50427691E-6
136,60000000E-3	120,40832417E-6
136,40000000E-3	120,31432698E-6
135,90000000E-3	120,23268973E-6
135,90000000E-3	120,11493192E-6
135,20000000E-3	119,98330181E-6
134,90000000E-3	119,85259645E-6
134,40000000E-3	119,73755099E-6
134,00000000E-3	119,62141954E-6
133,70000000E-3	119,52256033E-6
133,30000000E-3	119,42566873E-6
133,10000000E-3	119,33006765E-6
132,80000000E-3	119,26272499E-6
132,30000000E-3	119,17616325E-6
132,10000000E-3	119,07185718E-6
131,60000000E-3	118,95663593E-6
131,30000000E-3	118,82376741E-6
130,80000000E-3	118,68183517E-6
130,60000000E-3	118,55482480E-6
130,40000000E-3	118,43295400E-6
129,80000000E-3	118,32005240E-6
129,60000000E-3	118,22565752E-6
129,30000000E-3	118,15190777E-6
128,90000000E-3	118,07158835E-6
128,60000000E-3	117,99234549E-6
128,60000000E-3	117,89173434E-6
127,70000000E-3	117,77268606E-6
127,40000000E-3	117,65092204E-6
127,10000000E-3	117,56466401E-6
126,60000000E-3	117,47648948E-6
126,40000000E-3	117,37455400E-6
126,10000000E-3	117,25424209E-6
125,60000000E-3	117,15265014E-6
125,40000000E-3	117,08620287E-6
125,10000000E-3	117,03192315E-6
124,60000000E-3	116,94581995E-6
124,20000000E-3	116,84742855E-6
123,90000000E-3	116,71360076E-6
123,60000000E-3	116,62314897E-6
123,40000000E-3	116,58383849E-6
123,10000000E-3	116,52650270E-6
122,70000000E-3	116,44120858E-6
122,10000000E-3	116,32999666E-6
121,80000000E-3	116,20734196E-6
121,20000000E-3	116,10499932E-6
120,90000000E-3	116,00099283E-6
120,70000000E-3	115,87362726E-6
120,20000000E-3	115,72963854E-6
119,90000000E-3	115,60955543E-6
119,70000000E-3	115,49050921E-6
119,20000000E-3	115,34168524E-6
119,20000000E-3	115,23049084E-6
118,50000000E-3	115,16706283E-6
118,30000000E-3	115,08526926E-6
117,80000000E-3	114,95295949E-6
117,30000000E-3	114,82110880E-6
117,10000000E-3	114,71198115E-6
116,80000000E-3	114,61245188E-6
116,40000000E-3	114,51558133E-6
116,10000000E-3	114,36493513E-6
115,90000000E-3	114,23318949E-6
115,40000000E-3	114,13837866E-6
114,90000000E-3	114,03206881E-6
114,70000000E-3	113,91468853E-6
114,70000000E-3	113,79077981E-6
113,80000000E-3	113,64401085E-6
113,60000000E-3	113,55266865E-6
113,10000000E-3	113,48480166E-6
112,80000000E-3	113,41330101E-6
112,60000000E-3	113,32488463E-6
112,20000000E-3	113,23541215E-6
112,20000000E-3	113,12109385E-6
111,70000000E-3	112,96815839E-6
111,10000000E-3	112,83667034E-6
110,80000000E-3	112,72595603E-6
110,40000000E-3	112,61423517E-6
110,20000000E-3	112,53449590E-6
109,70000000E-3	112,47448310E-6
109,70000000E-3	112,37489435E-6
109,00000000E-3	112,26519654E-6
108,50000000E-3	112,16039815E-6
108,10000000E-3	112,05851925E-6
108,10000000E-3	111,94780731E-6
107,50000000E-3	111,84320994E-6
107,20000000E-3	111,73012175E-6
106,70000000E-3	111,61383256E-6
106,50000000E-3	111,50611236E-6
106,20000000E-3	111,42260701E-6
105,60000000E-3	111,31194774E-6
105,30000000E-3	111,21424380E-6
105,00000000E-3	111,11637895E-6
104,60000000E-3	111,00750163E-6
104,30000000E-3	110,90859070E-6
104,00000000E-3	110,80684335E-6
103,40000000E-3	110,73337294E-6
103,20000000E-3	110,67118475E-6
102,90000000E-3	110,57743861E-6
102,50000000E-3	110,42080345E-6
102,20000000E-3	110,26653366E-6
101,80000000E-3	110,12323874E-6
101,30000000E-3	110,01490639E-6
101,10000000E-3	109,89311996E-6
100,90000000E-3	109,78881267E-6
100,60000000E-3	109,70466647E-6
100,30000000E-3	109,61938092E-6
99,40000000E-3	109,54293662E-6
99,20000000E-3	109,44997651E-6
98,80000000E-3	109,33576750E-6
98,50000000E-3	109,22174853E-6
98,30000000E-3	109,13273859E-6
97,90000000E-3	109,04254143E-6
97,40000000E-3	108,94581791E-6
97,20000000E-3	108,84785028E-6
96,90000000E-3	108,72629992E-6
96,40000000E-3	108,60217361E-6
96,20000000E-3	108,51025202E-6
95,70000000E-3	108,45199015E-6
95,40000000E-3	108,39192708E-6
95,00000000E-3	108,28867225E-6
94,80000000E-3	108,17337849E-6
94,30000000E-3	108,04409103E-6
94,10000000E-3	107,92266914E-6
93,60000000E-3	107,82653613E-6
93,20000000E-3	107,73328685E-6
92,90000000E-3	107,64317057E-6
92,50000000E-3	107,57202389E-6
92,20000000E-3	107,49655149E-6
91,90000000E-3	107,41397707E-6
91,80000000E-3	107,32072926E-6
91,30000000E-3	107,17856034E-6
90,80000000E-3	107,00206186E-6
90,60000000E-3	106,82658877E-6
90,10000000E-3	106,69297319E-6
89,60000000E-3	106,59099703E-6
89,50000000E-3	106,50471848E-6
89,00000000E-3	106,39507248E-6
88,70000000E-3	106,24983796E-6
88,30000000E-3	106,09857430E-6
88,00000000E-3	105,96569605E-6
87,60000000E-3	105,85710337E-6
87,10000000E-3	105,73709567E-6
86,90000000E-3	105,59587966E-6
86,50000000E-3	105,46900627E-6
86,20000000E-3	105,34896838E-6
85,90000000E-3	105,23951218E-6
85,50000000E-3	105,12448780E-6
85,30000000E-3	105,01309974E-6
84,90000000E-3	104,88578287E-6
84,60000000E-3	104,74638332E-6
84,40000000E-3	104,62389485E-6
83,90000000E-3	104,51904507E-6
83,40000000E-3	104,41587248E-6
83,20000000E-3	104,30009544E-6
82,80000000E-3	104,15883403E-6
82,80000000E-3	104,02819637E-6
82,10000000E-3	103,88621165E-6
81,70000000E-3	103,73112582E-6
81,20000000E-3	103,60058292E-6
81,20000000E-3	103,50835314E-6
80,70000000E-3	103,42757118E-6
80,50000000E-3	103,29525792E-6
80,00000000E-3	103,17728470E-6
79,70000000E-3	103,07602954E-6
79,10000000E-3	102,96032845E-6
78,80000000E-3	102,82903766E-6
78,60000000E-3	102,70300934E-6
78,20000000E-3	102,55261352E-6
77,90000000E-3	102,38260623E-6
77,30000000E-3	102,23803715E-6
77,00000000E-3	102,13415769E-6
77,00000000E-3	102,01770992E-6
77,00000000E-3	101,87346455E-6
77,00000000E-3	101,76670940E-6
75,80000000E-3	101,66050463E-6
75,30000000E-3	101,55877547E-6
74,90000000E-3	101,46199519E-6
74,40000000E-3	101,34947160E-6
74,20000000E-3	101,23832324E-6
73,80000000E-3	101,17114125E-6
73,50000000E-3	101,08595600E-6
73,20000000E-3	101,00232498E-6
72,80000000E-3	100,90052481E-6
72,50000000E-3	100,81647874E-6
72,10000000E-3	100,69937251E-6
71,60000000E-3	100,54335947E-6
71,30000000E-3	100,39899585E-6
70,90000000E-3	100,23905023E-6
70,70000000E-3	100,06989460E-6
70,20000000E-3	99,91858663E-6
69,70000000E-3	99,77492801E-6
69,60000000E-3	99,63796932E-6
69,10000000E-3	99,52296812E-6
68,90000000E-3	99,41223347E-6
68,40000000E-3	99,30359484E-6
68,20000000E-3	99,17821859E-6
67,80000000E-3	99,01876529E-6
67,30000000E-3	98,89014487E-6
67,10000000E-3	98,78793120E-6
66,60000000E-3	98,67290747E-6
66,40000000E-3	98,55020732E-6
65,90000000E-3	98,40641498E-6
65,70000000E-3	98,28262229E-6
65,20000000E-3	98,18302403E-6
65,00000000E-3	98,07863136E-6
64,70000000E-3	97,96150346E-6
64,30000000E-3	97,83611446E-6
63,90000000E-3	97,70567408E-6
63,40000000E-3	97,55207119E-6
63,20000000E-3	97,36362261E-6
62,80000000E-3	97,17805557E-6
62,50000000E-3	97,02790166E-6
62,30000000E-3	96,87315080E-6
61,60000000E-3	96,69584412E-6
61,30000000E-3	96,50785068E-6
61,10000000E-3	96,35589600E-6
60,70000000E-3	96,22572087E-6
60,40000000E-3	96,08328945E-6
59,90000000E-3	95,93341701E-6
59,50000000E-3	95,78757508E-6
59,00000000E-3	95,66319094E-6
58,80000000E-3	95,53581548E-6
58,60000000E-3	95,37407775E-6
58,30000000E-3	95,24222116E-6
57,80000000E-3	95,11741267E-6
57,30000000E-3	94,95082794E-6
57,10000000E-3	94,76368515E-6
56,60000000E-3	94,61058144E-6
56,20000000E-3	94,49681880E-6
56,00000000E-3	94,37712156E-6
55,50000000E-3	94,24580627E-6
55,30000000E-3	94,09795555E-6
55,00000000E-3	93,94915994E-6
54,50000000E-3	93,81876377E-6
54,20000000E-3	93,69637734E-6
53,80000000E-3	93,53308943E-6
53,30000000E-3	93,35525708E-6
53,00000000E-3	93,18895276E-6
52,70000000E-3	93,04305399E-6
52,40000000E-3	92,87548225E-6
52,00000000E-3	92,71146504E-6
51,70000000E-3	92,54162904E-6
51,30000000E-3	92,38662025E-6
51,00000000E-3	92,24615238E-6
50,60000000E-3	92,09768372E-6
50,20000000E-3	91,94754540E-6
50,00000000E-3	91,78446716E-6
49,50000000E-3	91,58638177E-6
49,30000000E-3	91,34497917E-6
48,80000000E-3	91,12480273E-6
48,40000000E-3	90,92019922E-6
48,10000000E-3	90,70915899E-6
47,90000000E-3	90,52070510E-6
47,40000000E-3	90,37077732E-6
46,90000000E-3	90,21033800E-6
46,70000000E-3	90,02314327E-6
46,20000000E-3	89,85615305E-6
46,20000000E-3	89,66702149E-6
45,60000000E-3	89,45917170E-6
45,20000000E-3	89,23579835E-6
44,90000000E-3	89,00351982E-6
44,50000000E-3	88,81506862E-6
44,30000000E-3	88,68405420E-6
44,00000000E-3	88,54069053E-6
43,50000000E-3	88,33878565E-6
43,10000000E-3	88,11975146E-6
42,90000000E-3	87,90242866E-6
42,60000000E-3	87,69131766E-6
42,20000000E-3	87,47853319E-6
41,90000000E-3	87,28278532E-6
41,50000000E-3	87,07719229E-6
41,50000000E-3	86,87032534E-6
41,00000000E-3	86,67515790E-6
40,30000000E-3	86,45714485E-6
40,10000000E-3	86,21020672E-6
39,60000000E-3	85,97464382E-6
39,40000000E-3	85,77131837E-6
38,90000000E-3	85,56958879E-6
38,90000000E-3	85,36397337E-6
38,40000000E-3	85,19020112E-6
38,00000000E-3	85,00416717E-6
37,50000000E-3	84,78196781E-6
37,30000000E-3	84,55790175E-6
37,30000000E-3	84,32247875E-6
36,70000000E-3	84,10004300E-6
36,20000000E-3	83,88565480E-6
35,80000000E-3	83,70079649E-6
35,60000000E-3	83,49896012E-6
35,10000000E-3	83,25788835E-6
34,90000000E-3	83,02236867E-6
34,40000000E-3	82,77824706E-6
34,10000000E-3	82,50735523E-6
33,90000000E-3	82,25429769E-6
33,40000000E-3	81,99459764E-6
33,00000000E-3	81,67978280E-6
32,50000000E-3	81,36019613E-6
32,30000000E-3	81,06840736E-6
32,00000000E-3	80,78124685E-6
31,40000000E-3	80,56162233E-6
31,20000000E-3	80,36262340E-6
30,70000000E-3	80,15098872E-6
30,40000000E-3	79,90214519E-6
30,30000000E-3	79,58065848E-6
29,80000000E-3	79,25960798E-6
29,60000000E-3	78,96361498E-6
28,90000000E-3	78,65840746E-6
28,70000000E-3	78,37243608E-6
28,30000000E-3	78,11606268E-6
28,00000000E-3	77,88887323E-6
27,50000000E-3	77,67421463E-6
27,10000000E-3	77,43852178E-6
26,80000000E-3	77,16578456E-6
26,80000000E-3	76,92754012E-6
26,10000000E-3	76,69790913E-6
25,80000000E-3	76,46639105E-6
25,40000000E-3	76,22304603E-6
25,20000000E-3	75,97162094E-6
24,70000000E-3	75,70813496E-6
24,50000000E-3	75,35577023E-6
24,00000000E-3	74,99624288E-6
23,50000000E-3	74,65700429E-6
23,50000000E-3	74,31966990E-6
23,10000000E-3	74,03138147E-6
22,70000000E-3	73,74861473E-6
22,40000000E-3	73,45492942E-6
21,80000000E-3	73,20495545E-6
21,50000000E-3	72,96857227E-6
21,30000000E-3	72,72513213E-6
20,80000000E-3	72,47388295E-6
20,60000000E-3	72,20485832E-6
20,10000000E-3	71,90176365E-6
19,90000000E-3	71,55313940E-6
19,60000000E-3	71,21949648E-6
19,10000000E-3	70,89828844E-6
18,90000000E-3	70,61324558E-6
18,20000000E-3	70,29210778E-6
18,20000000E-3	69,98732654E-6
17,70000000E-3	69,66198339E-6
17,20000000E-3	69,33515191E-6
16,80000000E-3	69,08043709E-6
16,50000000E-3	68,85758949E-6
16,10000000E-3	68,63400382E-6
15,90000000E-3	68,38433515E-6
15,40000000E-3	68,14105623E-6
15,20000000E-3	67,90643977E-6
14,70000000E-3	67,66182336E-6
14,30000000E-3	67,38188317E-6
14,00000000E-3	67,09670123E-6
13,60000000E-3	66,82057889E-6
13,30000000E-3	66,53451914E-6
12,90000000E-3	66,24937533E-6
12,70000000E-3	66,00327837E-6
12,20000000E-3	65,72414336E-6
11,80000000E-3	65,52096674E-6
11,60000000E-3	65,31419526E-6
11,10000000E-3	65,08764102E-6
10,90000000E-3	64,87860404E-6
10,40000000E-3	64,64184885E-6
10,20000000E-3	64,32638136E-6
9,70000000E-3	64,04464492E-6
9,30000000E-3	63,72876131E-6
9,00000000E-3	63,36079276E-6
8,70000000E-3	63,05277657E-6
8,40000000E-3	62,74241120E-6
7,90000000E-3	62,49009619E-6
7,50000000E-3	62,29193724E-6
7,20000000E-3	62,09239208E-6
6,80000000E-3	61,79278005E-6
6,50000000E-3	61,45980170E-6
6,20000000E-3	61,20561446E-6
5,60000000E-3	61,05185498E-6
5,40000000E-3	60,94800913E-6
5,00000000E-3	60,79403157E-6
4,70000000E-3	60,59516928E-6
4,40000000E-3	60,34770486E-6
4,00000000E-3	60,10303925E-6
3,80000000E-3	59,88714281E-6
3,30000000E-3	59,70076560E-6
2,90000000E-3	59,52407210E-6
2,70000000E-3	59,32009526E-6
2,20000000E-3	59,13502974E-6
1,90000000E-3	59,00493404E-6
1,20000000E-3	58,90068782E-6
1,00000000E-3	58,77814870E-6
600,00000000E-6	58,63657869E-6
300,00000000E-6	58,48662776E-6
100,00000000E-6	58,38078715E-6
-400,00000000E-6	58,25378318E-6
-700,00000000E-6	58,05128631E-6
-1,10000000E-3	57,78852223E-6
-1,60000000E-3	57,53709515E-6
-1,80000000E-3	57,33380360E-6
-2,20000000E-3	57,18378639E-6
-2,50000000E-3	57,10340311E-6
-3,00000000E-3	56,98156454E-6
-3,40000000E-3	56,88632037E-6
-3,70000000E-3	56,79827281E-6
-4,10000000E-3	56,66087090E-6
-4,30000000E-3	56,59508666E-6
-4,80000000E-3	56,56950163E-6
-5,00000000E-3	56,52069017E-6
-5,50000000E-3	56,41571191E-6
-5,90000000E-3	56,30313144E-6
-6,20000000E-3	56,23973548E-6
-6,60000000E-3	56,17971598E-6
-6,80000000E-3	56,12280086E-6
-7,30000000E-3	56,08366616E-6
-7,50000000E-3	56,05689222E-6
-8,00000000E-3	56,02006944E-6
-8,40000000E-3	55,96999115E-6
-8,60000000E-3	55,92738729E-6
-9,10000000E-3	55,89945600E-6
-9,40000000E-3	55,88616609E-6
-9,70000000E-3	55,85085388E-6
-10,30000000E-3	55,79616695E-6
-10,50000000E-3	55,75004459E-6
-10,90000000E-3	55,72322487E-6
-11,20000000E-3	55,71508563E-6
-11,40000000E-3	55,74108643E-6
-11,90000000E-3	55,74512235E-6
-12,10000000E-3	55,73837216E-6
-12,80000000E-3	55,76313425E-6
-13,00000000E-3	55,76980056E-6
-13,40000000E-3	55,74124031E-6
-13,70000000E-3	55,72061436E-6
-13,90000000E-3	55,72164049E-6
-14,40000000E-3	55,70272930E-6
-14,60000000E-3	55,67867640E-6
-15,10000000E-3	55,67396285E-6
-15,60000000E-3	55,63479088E-6
-15,80000000E-3	55,57159293E-6
-16,20000000E-3	55,57265267E-6
-16,40000000E-3	55,63964928E-6
-16,90000000E-3	55,69421417E-6
-17,20000000E-3	55,75515453E-6
-17,60000000E-3	55,80728699E-6
-18,10000000E-3	55,80787646E-6
-18,30000000E-3	55,79660134E-6
-18,70000000E-3	55,84555629E-6
-18,90000000E-3	55,86324145E-6
-19,40000000E-3	55,85396087E-6
-19,70000000E-3	55,86730588E-6
-20,00000000E-3	55,89082640E-6
-20,30000000E-3	55,92028674E-6
-20,70000000E-3	55,91748284E-6
-21,00000000E-3	55,86102408E-6
-21,50000000E-3	55,84578847E-6
-22,00000000E-3	55,85319814E-6
-22,20000000E-3	55,82075978E-6
-22,50000000E-3	55,80459881E-6
-22,80000000E-3	55,82852627E-6
-23,10000000E-3	55,88736134E-6
-23,60000000E-3	55,98333072E-6
-24,00000000E-3	56,04757806E-6
-24,30000000E-3	56,09138858E-6
-24,70000000E-3	56,13431553E-6
-24,90000000E-3	56,18941901E-6
-25,40000000E-3	56,21939890E-6
-25,60000000E-3	56,23703852E-6
-26,10000000E-3	56,26177316E-6
-26,30000000E-3	56,25293747E-6
-26,70000000E-3	56,24968141E-6
-27,20000000E-3	56,24577581E-6
-27,40000000E-3	56,24676482E-6
-27,90000000E-3	56,27582209E-6
-28,10000000E-3	56,33942970E-6
-28,40000000E-3	56,40063882E-6
-29,00000000E-3	56,45340528E-6
-29,30000000E-3	56,48634475E-6
-29,70000000E-3	56,54856614E-6
-30,00000000E-3	56,63260266E-6
-30,40000000E-3	56,71623947E-6
-30,70000000E-3	56,78203299E-6
-30,90000000E-3	56,83194766E-6
-31,60000000E-3	56,84626518E-6
-31,80000000E-3	56,85797437E-6
-32,30000000E-3	56,86454941E-6
-32,50000000E-3	56,85431317E-6
-32,80000000E-3	56,84023048E-6
-33,20000000E-3	56,85623231E-6
-33,40000000E-3	56,89615094E-6
-34,00000000E-3	56,90372867E-6
-34,30000000E-3	56,88741442E-6
-34,50000000E-3	56,86743341E-6
-35,00000000E-3	56,84582872E-6
-35,20000000E-3	56,81975826E-6
-35,60000000E-3	56,78125199E-6
-35,90000000E-3	56,76485243E-6
-36,40000000E-3	56,76340910E-6
-36,80000000E-3	56,73375738E-6
-37,00000000E-3	56,70239729E-6
-37,50000000E-3	56,69295616E-6
-37,70000000E-3	56,70186195E-6
-38,20000000E-3	56,71699290E-6
-38,40000000E-3	56,72323766E-6
-38,80000000E-3	56,73910602E-6
-39,30000000E-3	56,75652476E-6
-39,60000000E-3	56,76998312E-6
-40,00000000E-3	56,76349715E-6
-40,30000000E-3	56,79911381E-6
-40,70000000E-3	56,85084533E-6
-40,90000000E-3	56,87018694E-6
-41,40000000E-3	56,84996586E-6
-41,80000000E-3	56,84262799E-6
-42,10000000E-3	56,85674630E-6
-42,40000000E-3	56,86920639E-6
-42,80000000E-3	56,88271104E-6
-43,20000000E-3	56,86369934E-6
-43,60000000E-3	56,82481655E-6
-43,90000000E-3	56,80701742E-6
-44,40000000E-3	56,79082154E-6
-44,60000000E-3	56,75066027E-6
-44,80000000E-3	56,70478009E-6
-45,50000000E-3	56,67852847E-6
-45,70000000E-3	56,65252161E-6
-46,20000000E-3	56,61779503E-6
-46,40000000E-3	56,59949765E-6
-46,80000000E-3	56,60914438E-6
-47,30000000E-3	56,62913507E-6
-47,50000000E-3	56,66517075E-6
-47,90000000E-3	56,70202811E-6
-48,20000000E-3	56,71771709E-6
-48,50000000E-3	56,72058802E-6
-48,90000000E-3	56,70978502E-6
-49,10000000E-3	56,70449975E-6
-49,80000000E-3	56,68758857E-6
-50,00000000E-3	56,62631634E-6
-50,40000000E-3	56,56967609E-6
-50,70000000E-3	56,52341655E-6
-51,00000000E-3	56,49922300E-6
-51,50000000E-3	56,49997742E-6
-51,90000000E-3	56,47138696E-6
-52,10000000E-3	56,42704045E-6
-52,60000000E-3	56,42414908E-6
-52,80000000E-3	56,44190473E-6
-53,30000000E-3	56,44179287E-6
-53,70000000E-3	56,41630904E-6
-54,00000000E-3	56,37877061E-6
-54,40000000E-3	56,35621078E-6
-54,70000000E-3	56,35108466E-6
-55,10000000E-3	56,35881222E-6
-55,30000000E-3	56,36072700E-6
-55,80000000E-3	56,33636982E-6
-56,30000000E-3	56,30935497E-6
-56,50000000E-3	56,27932636E-6
-56,90000000E-3	56,23422879E-6
-57,20000000E-3	56,20094003E-6
-57,60000000E-3	56,14270196E-6
-58,10000000E-3	56,08173357E-6
-58,30000000E-3	56,01939110E-6
-58,70000000E-3	55,97983184E-6
-59,00000000E-3	55,95468161E-6
-59,40000000E-3	55,88841310E-6
-59,70000000E-3	55,78763233E-6
-59,90000000E-3	55,71844128E-6
-60,40000000E-3	55,68413593E-6
-60,90000000E-3	55,65653100E-6
-61,10000000E-3	55,62212355E-6
-61,50000000E-3	55,56384389E-6
-61,70000000E-3	55,49487525E-6
-62,20000000E-3	55,45527736E-6
-62,70000000E-3	55,42023420E-6
-63,00000000E-3	55,36905516E-6
-63,40000000E-3	55,32864189E-6
-63,60000000E-3	55,30776735E-6
-64,00000000E-3	55,24944978E-6
-64,30000000E-3	55,19061694E-6
-64,80000000E-3	55,16479301E-6
-65,20000000E-3	55,12957577E-6
-65,40000000E-3	55,07712056E-6
-65,80000000E-3	55,03627497E-6
-66,10000000E-3	55,01458627E-6
-66,50000000E-3	54,98324268E-6
-66,80000000E-3	54,92565973E-6
-67,20000000E-3	54,86254301E-6
-67,70000000E-3	54,81785524E-6
-67,90000000E-3	54,76871689E-6
-68,40000000E-3	54,73942974E-6
-68,60000000E-3	54,69965451E-6
-68,90000000E-3	54,63896663E-6
-69,30000000E-3	54,57322628E-6
-69,50000000E-3	54,50844596E-6
-70,00000000E-3	54,46202938E-6
-70,20000000E-3	54,40722857E-6
-70,60000000E-3	54,33424545E-6
-71,10000000E-3	54,26049892E-6
-71,40000000E-3	54,20016300E-6
-71,80000000E-3	54,15873826E-6
-72,10000000E-3	54,13714108E-6
-72,40000000E-3	54,10811662E-6
-72,80000000E-3	54,04561123E-6
-73,00000000E-3	53,95346840E-6
-73,50000000E-3	53,89770374E-6
-73,70000000E-3	53,87526695E-6
-74,30000000E-3	53,84426319E-6
-74,60000000E-3	53,78750802E-6
-74,80000000E-3	53,73114122E-6
-75,30000000E-3	53,69147399E-6
-75,50000000E-3	53,64391910E-6
-76,00000000E-3	53,57885580E-6
-76,20000000E-3	53,50963145E-6
-76,70000000E-3	53,43096154E-6
-76,90000000E-3	53,36602775E-6
-77,30000000E-3	53,30468542E-6
-77,60000000E-3	53,24900813E-6
-78,10000000E-3	53,19232317E-6
-78,40000000E-3	53,15142937E-6
-78,70000000E-3	53,09750909E-6
-78,90000000E-3	53,01240643E-6
-79,50000000E-3	52,94176625E-6
-79,90000000E-3	52,89856909E-6
-80,10000000E-3	52,83979763E-6
-80,60000000E-3	52,73739038E-6
-80,80000000E-3	52,65180801E-6
-81,20000000E-3	52,60887511E-6
-81,50000000E-3	52,57514799E-6
-81,90000000E-3	52,52483657E-6
-82,40000000E-3	52,45507390E-6
-82,60000000E-3	52,35217049E-6
-83,10000000E-3	52,22908138E-6
-83,30000000E-3	52,15026519E-6
-83,80000000E-3	52,10251241E-6
-84,00000000E-3	52,06542837E-6
-84,20000000E-3	52,01104734E-6
-84,70000000E-3	51,94074124E-6
-84,90000000E-3	51,87824620E-6
-85,40000000E-3	51,82234718E-6
-85,90000000E-3	51,78745201E-6
-86,10000000E-3	51,75109934E-6
-86,60000000E-3	51,70024660E-6
-86,80000000E-3	51,64809187E-6
-87,20000000E-3	51,58342197E-6
-87,50000000E-3	51,51796060E-6
-87,90000000E-3	51,47088710E-6
-88,40000000E-3	51,41613431E-6
-88,60000000E-3	51,33406006E-6
-89,00000000E-3	51,22266143E-6
-89,30000000E-3	51,10077249E-6
-89,80000000E-3	51,00721530E-6
-90,20000000E-3	50,96588347E-6
-90,50000000E-3	50,92962554E-6
-90,90000000E-3	50,88148866E-6
-91,20000000E-3	50,81727749E-6
-91,40000000E-3	50,75648558E-6
-92,00000000E-3	50,68880321E-6
-92,30000000E-3	50,65520442E-6
-92,60000000E-3	50,63242574E-6
-93,00000000E-3	50,58342345E-6
-93,30000000E-3	50,53302622E-6
-93,70000000E-3	50,46748688E-6
-93,90000000E-3	50,37722498E-6
-94,40000000E-3	50,28910481E-6
-94,80000000E-3	50,19057461E-6
-95,10000000E-3	50,08727155E-6
-95,60000000E-3	49,98204551E-6
-95,80000000E-3	49,89491316E-6
-96,10000000E-3	49,80468299E-6
-96,50000000E-3	49,72200544E-6
-96,70000000E-3	49,61660901E-6
-97,40000000E-3	49,53465880E-6
-97,60000000E-3	49,49416687E-6
-98,00000000E-3	49,41223696E-6
-98,30000000E-3	49,31819360E-6
-98,80000000E-3	49,24617731E-6
-99,00000000E-3	49,16807393E-6
-99,50000000E-3	49,11475309E-6
-99,70000000E-3	49,07228584E-6
-100,20000000E-3	48,99668447E-6
-100,50000000E-3	48,89258645E-6
-100,90000000E-3	48,79991087E-6
-101,40000000E-3	48,70495061E-6
-101,60000000E-3	48,60182402E-6
-101,90000000E-3	48,48874065E-6
-102,30000000E-3	48,35761800E-6
-102,60000000E-3	48,24551183E-6
-103,00000000E-3	48,14758597E-6
-103,40000000E-3	48,04416325E-6
-103,80000000E-3	47,95855670E-6
-104,10000000E-3	47,89913302E-6
-104,40000000E-3	47,84900889E-6
-104,80000000E-3	47,78329440E-6
-105,00000000E-3	47,69626546E-6
-105,50000000E-3	47,59742754E-6
-105,90000000E-3	47,48494794E-6
-106,30000000E-3	47,37185156E-6
-106,60000000E-3	47,29488690E-6
-106,90000000E-3	47,23603871E-6
-107,30000000E-3	47,16911996E-6
-107,60000000E-3	47,08541069E-6
-108,10000000E-3	47,02551774E-6
-108,30000000E-3	46,95689448E-6
-108,50000000E-3	46,85580117E-6
-108,90000000E-3	46,75690473E-6
-109,40000000E-3	46,63570148E-6
-109,80000000E-3	46,51043815E-6
-110,10000000E-3	46,41375175E-6
-110,40000000E-3	46,31754839E-6
-110,80000000E-3	46,22198350E-6
-111,00000000E-3	46,14680176E-6
-111,40000000E-3	46,03920444E-6
-111,70000000E-3	45,92237730E-6
-112,20000000E-3	45,81896124E-6
-112,60000000E-3	45,71647132E-6
-112,90000000E-3	45,63595843E-6
-113,20000000E-3	45,55925091E-6
-113,60000000E-3	45,47210210E-6
-113,80000000E-3	45,38472837E-6
-114,40000000E-3	45,30294631E-6
-114,70000000E-3	45,21829051E-6
-115,10000000E-3	45,14173097E-6
-115,40000000E-3	45,07684921E-6
-115,60000000E-3	45,00257386E-6
-116,10000000E-3	44,92672462E-6
-116,30000000E-3	44,86645019E-6
-116,70000000E-3	44,81087075E-6
-117,00000000E-3	44,73320033E-6
-117,40000000E-3	44,66104892E-6
-117,90000000E-3	44,56760588E-6
-118,10000000E-3	44,47504829E-6
-118,60000000E-3	44,40200128E-6
-118,80000000E-3	44,32543542E-6
-119,20000000E-3	44,24273759E-6
-119,70000000E-3	44,15255620E-6
-120,00000000E-3	44,04634552E-6
-120,30000000E-3	43,96502506E-6
-120,70000000E-3	43,83917401E-6
-121,10000000E-3	43,75100358E-6
-121,50000000E-3	43,67076342E-6
-121,80000000E-3	43,59814932E-6
-122,20000000E-3	43,54279035E-6
-122,50000000E-3	43,48509496E-6
-122,70000000E-3	43,41888026E-6
-123,30000000E-3	43,35881203E-6
-123,60000000E-3	43,30333502E-6
-123,90000000E-3	43,23149327E-6
-124,30000000E-3	43,15893712E-6
-124,50000000E-3	43,06334862E-6
-125,00000000E-3	42,95363984E-6
-125,20000000E-3	42,84609415E-6
-125,70000000E-3	42,74546965E-6
-126,10000000E-3	42,64451713E-6
-126,30000000E-3	42,54555337E-6
-126,80000000E-3	42,45340113E-6
-127,10000000E-3	42,36185192E-6
-127,40000000E-3	42,26976186E-6
-127,80000000E-3	42,17177503E-6
-128,00000000E-3	42,08198148E-6
-128,70000000E-3	41,99219346E-6
-128,90000000E-3	41,87601357E-6
-129,30000000E-3	41,77382171E-6
-129,60000000E-3	41,67661247E-6
-129,80000000E-3	41,58506729E-6
-130,30000000E-3	41,50776628E-6
-130,50000000E-3	41,43700612E-6
-131,00000000E-3	41,37939740E-6
-131,20000000E-3	41,32867857E-6
-131,70000000E-3	41,27365102E-6
-131,90000000E-3	41,20200653E-6
-132,30000000E-3	41,13792909E-6
-132,70000000E-3	41,07452223E-6
-133,00000000E-3	41,00019890E-6
-133,50000000E-3	40,92602077E-6
-133,70000000E-3	40,84902237E-6
-134,10000000E-3	40,75174545E-6
-134,40000000E-3	40,66978322E-6
-134,80000000E-3	40,58664218E-6
-135,20000000E-3	40,50179217E-6
-135,50000000E-3	40,41590171E-6
-135,70000000E-3	40,35062453E-6
-136,20000000E-3	40,28987989E-6
-136,50000000E-3	40,19971087E-6
-137,10000000E-3	40,07427103E-6
-137,40000000E-3	39,96196396E-6
-137,60000000E-3	39,88303539E-6
-138,10000000E-3	39,80892015E-6
-138,30000000E-3	39,71944461E-6
-138,70000000E-3	39,62423944E-6
-139,00000000E-3	39,51671945E-6
-139,40000000E-3	39,40127688E-6
-139,90000000E-3	39,29478192E-6
-140,10000000E-3	39,20123140E-6
-140,60000000E-3	39,11012325E-6
-140,80000000E-3	39,02464306E-6
-141,30000000E-3	38,94745428E-6
-141,50000000E-3	38,85787131E-6
-141,70000000E-3	38,80064832E-6
-142,30000000E-3	38,75303177E-6
-142,60000000E-3	38,70445576E-6
-142,90000000E-3	38,62283660E-6
-143,30000000E-3	38,53423197E-6
-143,60000000E-3	38,45869014E-6
-144,00000000E-3	38,35192931E-6
-144,30000000E-3	38,24873753E-6
-144,70000000E-3	38,14416844E-6
-145,20000000E-3	38,05304859E-6
-145,40000000E-3	37,96648183E-6
-145,90000000E-3	37,88117763E-6
-146,10000000E-3	37,77181606E-6
-146,60000000E-3	37,66931139E-6
-146,80000000E-3	37,57470005E-6
-147,30000000E-3	37,48478581E-6
-147,70000000E-3	37,39360380E-6
-147,90000000E-3	37,27154581E-6
-148,40000000E-3	37,15161995E-6
-148,60000000E-3	37,04309371E-6
-148,90000000E-3	36,92940367E-6
-149,50000000E-3	36,79786725E-6
-149,80000000E-3	36,67554416E-6
-150,00000000E-3	36,55115118E-6
-150,50000000E-3	36,45285479E-6
-150,70000000E-3	36,37584359E-6
-151,20000000E-3	36,30898067E-6
-151,40000000E-3	36,24518001E-6
-151,90000000E-3	36,18644045E-6
-152,30000000E-3	36,10358505E-6
-152,60000000E-3	35,98056921E-6
-153,10000000E-3	35,84340661E-6
-153,30000000E-3	35,68873783E-6
-153,70000000E-3	35,57858528E-6
-154,00000000E-3	35,50050194E-6
-154,40000000E-3	35,42161848E-6
-154,90000000E-3	35,34723773E-6
-155,10000000E-3	35,27965342E-6
-155,60000000E-3	35,19744089E-6
-155,80000000E-3	35,07916845E-6
-156,00000000E-3	34,96558768E-6
-156,50000000E-3	34,85760947E-6
-157,00000000E-3	34,77748336E-6
-157,20000000E-3	34,71297791E-6
-157,70000000E-3	34,63106936E-6
-157,90000000E-3	34,54848647E-6
-158,30000000E-3	34,47220055E-6
-158,60000000E-3	34,37489400E-6
-159,00000000E-3	34,27274546E-6
-159,30000000E-3	34,16427833E-6
-159,80000000E-3	34,05783827E-6
-160,20000000E-3	33,97071848E-6
-160,50000000E-3	33,89064566E-6
-160,90000000E-3	33,81839869E-6
-161,10000000E-3	33,70136547E-6
-161,40000000E-3	33,61340546E-6
-162,00000000E-3	33,53238926E-6
-162,30000000E-3	33,43383220E-6
-162,70000000E-3	33,33288873E-6
-163,00000000E-3	33,26577376E-6
-163,20000000E-3	33,16248960E-6
-163,70000000E-3	33,05154158E-6
-163,90000000E-3	32,96026884E-6
-164,50000000E-3	32,87945964E-6
-164,80000000E-3	32,80705941E-6
-165,00000000E-3	32,72469128E-6
-165,50000000E-3	32,63509906E-6
-165,70000000E-3	32,52932445E-6
-166,20000000E-3	32,43584457E-6
-166,60000000E-3	32,33390736E-6
-166,90000000E-3	32,25029547E-6
-167,40000000E-3	32,16214367E-6
-167,80000000E-3	32,06550673E-6
-168,00000000E-3	31,95393472E-6
-168,30000000E-3	31,84483131E-6
-168,80000000E-3	31,76074281E-6
-169,20000000E-3	31,69318570E-6
-169,40000000E-3	31,61125024E-6
-169,70000000E-3	31,50940480E-6
-170,10000000E-3	31,39705875E-6
-170,30000000E-3	31,31824120E-6
-170,80000000E-3	31,23934492E-6
-171,30000000E-3	31,15223010E-6
-171,50000000E-3	31,06651105E-6
-172,00000000E-3	30,98424188E-6
-172,20000000E-3	30,89464401E-6
-172,70000000E-3	30,81478323E-6
-172,90000000E-3	30,73086905E-6
-173,20000000E-3	30,65992448E-6
-173,80000000E-3	30,56212306E-6
-174,10000000E-3	30,44956830E-6
-174,50000000E-3	30,36289781E-6
-174,80000000E-3	30,26629256E-6
-175,10000000E-3	30,13599470E-6
-175,40000000E-3	29,98478685E-6
-175,70000000E-3	29,86522804E-6
-176,10000000E-3	29,70893727E-6
-176,60000000E-3	29,54660699E-6
-176,80000000E-3	29,41198334E-6
-177,30000000E-3	29,26403784E-6
-177,50000000E-3	29,11271877E-6
-177,90000000E-3	28,98844305E-6
-178,20000000E-3	28,90249773E-6
-178,70000000E-3	28,83444345E-6
-179,10000000E-3	28,76476850E-6
-179,30000000E-3	28,69561236E-6
-179,80000000E-3	28,60876573E-6
-180,00000000E-3	28,52866607E-6
-180,40000000E-3	28,46139038E-6
-180,70000000E-3	28,39301508E-6
-180,90000000E-3	28,33444314E-6
-181,70000000E-3	28,26122798E-6
-181,90000000E-3	28,16546215E-6
-182,30000000E-3	28,04191622E-6
-182,60000000E-3	27,89904727E-6
-182,80000000E-3	27,79349932E-6
-183,20000000E-3	27,70396673E-6
-183,50000000E-3	27,61601716E-6
-183,90000000E-3	27,54125059E-6
-184,40000000E-3	27,45533406E-6
-184,60000000E-3	27,33683765E-6
-185,10000000E-3	27,21717390E-6
-185,30000000E-3	27,13166859E-6
-185,80000000E-3	27,03847748E-6
-186,20000000E-3	26,93493607E-6
-186,50000000E-3	26,84464787E-6
-186,90000000E-3	26,76076704E-6
-187,20000000E-3	26,65447018E-6
-187,60000000E-3	26,56125740E-6
-187,80000000E-3	26,48742231E-6
-188,10000000E-3	26,40537396E-6
-188,80000000E-3	26,29469087E-6
-189,00000000E-3	26,17089402E-6
-189,40000000E-3	26,05071907E-6
-189,70000000E-3	25,94132413E-6
-189,90000000E-3	25,85201582E-6
-190,30000000E-3	25,75121333E-6
-190,60000000E-3	25,64264926E-6
-191,10000000E-3	25,53340136E-6
-191,50000000E-3	25,43838084E-6
-191,80000000E-3	25,34856180E-6
-192,20000000E-3	25,25818032E-6
-192,40000000E-3	25,16300144E-6
-192,90000000E-3	25,06960931E-6
-193,10000000E-3	24,99160066E-6
-193,60000000E-3	24,90453398E-6
-194,00000000E-3	24,82292506E-6
-194,30000000E-3	24,74695494E-6
-194,70000000E-3	24,68361926E-6
-195,00000000E-3	24,61260225E-6
-195,40000000E-3	24,52522890E-6
-195,90000000E-3	24,42730191E-6
-196,10000000E-3	24,34193277E-6
-196,50000000E-3	24,26406342E-6
-196,80000000E-3	24,16203274E-6
-197,00000000E-3	24,04902394E-6
-197,50000000E-3	23,96027800E-6
-198,00000000E-3	23,86001180E-6
-198,20000000E-3	23,74633198E-6
-198,70000000E-3	23,66212359E-6
-198,90000000E-3	23,56350661E-6
-199,40000000E-3	23,44126501E-6
-199,50000000E-3	23,31987739E-6
-200,00000000E-3	23,20539943E-6
-200,50000000E-3	23,10668430E-6
-200,70000000E-3	22,99292709E-6
-201,10000000E-3	22,89281337E-6
-201,30000000E-3	22,81865145E-6
-201,80000000E-3	22,72424508E-6
-202,00000000E-3	22,62234790E-6
-202,50000000E-3	22,53067721E-6
-203,00000000E-3	22,45226993E-6
-203,20000000E-3	22,38393751E-6
-203,60000000E-3	22,30668782E-6
-203,90000000E-3	22,22314615E-6
-204,30000000E-3	22,13582327E-6
-204,60000000E-3	22,06477365E-6
-205,00000000E-3	21,98131037E-6
-205,50000000E-3	21,85838520E-6
-205,70000000E-3	21,72084466E-6
-206,10000000E-3	21,60865646E-6
-206,60000000E-3	21,51062204E-6
-206,80000000E-3	21,41003507E-6
-207,20000000E-3	21,32977123E-6
-207,50000000E-3	21,24856463E-6
-207,80000000E-3	21,15957540E-6
-208,50000000E-3	21,05153285E-6
-208,70000000E-3	20,94328585E-6
-209,00000000E-3	20,83165419E-6
-209,40000000E-3	20,69125793E-6
-209,60000000E-3	20,56213400E-6
-210,10000000E-3	20,45231232E-6
-210,30000000E-3	20,34988023E-6
-210,80000000E-3	20,28115723E-6
-211,20000000E-3	20,20971874E-6
-211,40000000E-3	20,11408899E-6
-211,90000000E-3	20,00109197E-6
-212,40000000E-3	19,93115502E-6
-212,60000000E-3	19,83359062E-6
-213,00000000E-3	19,72423969E-6
-213,30000000E-3	19,61665587E-6
-213,70000000E-3	19,51532791E-6
-214,00000000E-3	19,42036057E-6
-214,30000000E-3	19,31469129E-6
-214,90000000E-3	19,21445466E-6
-215,10000000E-3	19,09518432E-6
-215,60000000E-3	18,97822436E-6
-215,80000000E-3	18,87979109E-6
-216,30000000E-3	18,80346253E-6
-216,70000000E-3	18,72509616E-6
-216,90000000E-3	18,62627241E-6
-217,40000000E-3	18,54657918E-6
-217,60000000E-3	18,48582078E-6
-217,90000000E-3	18,42234415E-6
-218,30000000E-3	18,33442066E-6
-218,80000000E-3	18,22602935E-6
-219,20000000E-3	18,12867735E-6
-219,50000000E-3	18,02822704E-6
-219,70000000E-3	17,92140896E-6
-220,20000000E-3	17,80260918E-6
-220,60000000E-3	17,69147072E-6
-220,90000000E-3	17,58445460E-6
-221,30000000E-3	17,47939778E-6
-221,50000000E-3	17,36696850E-6
-222,00000000E-3	17,22685385E-6
-222,20000000E-3	17,10343679E-6
-222,70000000E-3	16,97458417E-6
-223,20000000E-3	16,83930799E-6
-223,40000000E-3	16,72760513E-6
-223,80000000E-3	16,62144586E-6
-224,10000000E-3	16,53385401E-6
-224,50000000E-3	16,47287264E-6
-225,00000000E-3	16,40882972E-6
-225,20000000E-3	16,31223292E-6
-225,70000000E-3	16,23114765E-6
-225,90000000E-3	16,13760976E-6
-226,40000000E-3	16,03272060E-6
-226,60000000E-3	15,93033832E-6
-227,00000000E-3	15,81824773E-6
-227,50000000E-3	15,72219037E-6
-227,80000000E-3	15,64627960E-6
-228,00000000E-3	15,54641751E-6
-228,40000000E-3	15,42759888E-6
-228,70000000E-3	15,29482437E-6
-229,30000000E-3	15,12919287E-6
-229,60000000E-3	15,00649536E-6
-229,80000000E-3	14,88746802E-6
-230,30000000E-3	14,76683782E-6
-230,50000000E-3	14,65113430E-6
-231,00000000E-3	14,53724715E-6
-231,20000000E-3	14,42908653E-6
-231,60000000E-3	14,31407086E-6
-232,10000000E-3	14,21736964E-6
-232,40000000E-3	14,11980325E-6
-232,80000000E-3	14,00824569E-6
-233,10000000E-3	13,88997149E-6
-233,40000000E-3	13,80789870E-6
-233,70000000E-3	13,74386005E-6
-234,00000000E-3	13,68016113E-6
-234,60000000E-3	13,61537663E-6
-234,90000000E-3	13,54686626E-6
-235,20000000E-3	13,45691478E-6
-235,50000000E-3	13,33982181E-6
-235,80000000E-3	13,23679096E-6
-236,20000000E-3	13,13480467E-6
-236,70000000E-3	13,03106304E-6
-237,00000000E-3	12,91901395E-6
-237,50000000E-3	12,83065447E-6
-237,60000000E-3	12,73770944E-6
-238,10000000E-3	12,59194475E-6
-238,30000000E-3	12,46081021E-6
-238,80000000E-3	12,35543095E-6
-239,20000000E-3	12,25893766E-6
-239,50000000E-3	12,15070781E-6
-240,00000000E-3	12,04285654E-6
-240,20000000E-3	11,96252834E-6
-240,60000000E-3	11,88831315E-6
-240,90000000E-3	11,80182588E-6
-241,10000000E-3	11,69750179E-6
-241,80000000E-3	11,57757414E-6
-242,00000000E-3	11,47213544E-6
-242,30000000E-3	11,37027779E-6
-242,70000000E-3	11,26795745E-6
-242,90000000E-3	11,13395896E-6
-243,40000000E-3	11,03106061E-6
-243,60000000E-3	10,95291609E-6
-244,10000000E-3	10,86740420E-6
-244,60000000E-3	10,77583748E-6
-244,80000000E-3	10,68356341E-6
-245,20000000E-3	10,59540138E-6
-245,50000000E-3	10,49980735E-6
-245,90000000E-3	10,41203636E-6
-246,10000000E-3	10,30465366E-6
-246,60000000E-3	10,16532373E-6
-246,90000000E-3	10,02826623E-6
-247,10000000E-3	9,92604442E-6
-247,60000000E-3	9,81145627E-6
-248,00000000E-3	9,72135707E-6
-248,30000000E-3	9,60959106E-6
-248,70000000E-3	9,49975858E-6
-248,90000000E-3	9,41046905E-6
-249,20000000E-3	9,33226978E-6
-249,70000000E-3	9,25641170E-6
-250,00000000E-3	9,15450428E-6
-250,30000000E-3	9,04518959E-6
-250,70000000E-3	8,93210393E-6
-251,20000000E-3	8,81309406E-6
-251,50000000E-3	8,68947394E-6
-252,00000000E-3	8,55473984E-6
-252,20000000E-3	8,46397188E-6
-252,50000000E-3	8,36643530E-6
-253,00000000E-3	8,24197193E-6
-253,20000000E-3	8,11026213E-6
-253,50000000E-3	7,99817349E-6
-254,10000000E-3	7,92068337E-6
-254,40000000E-3	7,81664500E-6
-254,70000000E-3	7,69952804E-6
-255,10000000E-3	7,56678952E-6
-255,40000000E-3	7,46118923E-6
-255,60000000E-3	7,38148990E-6
-256,10000000E-3	7,28394750E-6
-256,60000000E-3	7,17120856E-6
-256,80000000E-3	7,07124293E-6
-257,30000000E-3	6,98638556E-6
-257,60000000E-3	6,89035697E-6
-257,80000000E-3	6,76738669E-6
-258,30000000E-3	6,63150277E-6
-258,50000000E-3	6,51463404E-6
-258,80000000E-3	6,40316761E-6
-259,40000000E-3	6,28442838E-6
-259,70000000E-3	6,16763720E-6
-260,00000000E-3	6,06716229E-6
-260,40000000E-3	5,96545673E-6
-260,70000000E-3	5,86592858E-6
-260,90000000E-3	5,77703413E-6
-261,40000000E-3	5,67656330E-6
-261,90000000E-3	5,56289653E-6
-262,20000000E-3	5,47215646E-6
-262,50000000E-3	5,37886472E-6
-262,90000000E-3	5,29236837E-6
-263,40000000E-3	5,19714795E-6
-263,60000000E-3	5,09993661E-6
-264,10000000E-3	4,99193342E-6
-264,30000000E-3	4,88063164E-6
-264,70000000E-3	4,78473914E-6
-265,00000000E-3	4,66162515E-6
-265,30000000E-3	4,54826284E-6
-265,80000000E-3	4,46256091E-6
-266,30000000E-3	4,35744212E-6
-266,50000000E-3	4,24672387E-6
-266,80000000E-3	4,15872385E-6
-267,20000000E-3	4,08990295E-6
-267,50000000E-3	4,02568130E-6
-267,80000000E-3	3,93686918E-6
-268,40000000E-3	3,82635915E-6
-268,70000000E-3	3,72993230E-6
-268,90000000E-3	3,66114558E-6
-269,40000000E-3	3,61131312E-6
-269,60000000E-3	3,54471206E-6
-270,00000000E-3	3,45098294E-6
-270,40000000E-3	3,35360618E-6
-270,80000000E-3	3,24125901E-6
-271,10000000E-3	3,15008015E-6
-271,60000000E-3	3,03838665E-6
-271,80000000E-3	2,90162186E-6
-272,10000000E-3	2,75936527E-6
-272,50000000E-3	2,62576727E-6
-273,00000000E-3	2,49804637E-6
-273,20000000E-3	2,36271533E-6
-273,70000000E-3	2,22645685E-6
-274,00000000E-3	2,09555057E-6
-274,20000000E-3	1,96798769E-6
-274,70000000E-3	1,86133673E-6
-274,90000000E-3	1,75495643E-6
-275,40000000E-3	1,62081776E-6
-275,80000000E-3	1,50725377E-6
-276,10000000E-3	1,40308493E-6
-276,40000000E-3	1,27248384E-6
-276,90000000E-3	1,14669023E-6
-277,10000000E-3	1,04891022E-6
-277,50000000E-3	956,35105719E-9
-277,80000000E-3	856,62423004E-9
-278,30000000E-3	771,69796724E-9
-278,50000000E-3	679,41352670E-9
-279,00000000E-3	571,73582005E-9
-279,30000000E-3	477,23504678E-9
-279,50000000E-3	394,11157189E-9
-280,00000000E-3	306,81332110E-9
-280,20000000E-3	210,81605227E-9
-280,70000000E-3	115,73295968E-9
-281,20000000E-3	52,61601607E-9
-281,50000000E-3	-46,91099748E-9
-281,70000000E-3	-201,50996456E-9
-282,20000000E-3	-357,88264565E-9
-282,40000000E-3	-499,90349078E-9
-282,90000000E-3	-597,36520827E-9
-283,20000000E-3	-687,27998004E-9
-283,60000000E-3	-772,84027582E-9
-283,80000000E-3	-861,42831418E-9
-284,30000000E-3	-969,47360704E-9
-284,60000000E-3	-1,08537437E-6
-284,90000000E-3	-1,19006000E-6
-285,30000000E-3	-1,30203882E-6
-285,50000000E-3	-1,38552954E-6
-286,00000000E-3	-1,45796745E-6
-286,50000000E-3	-1,54019149E-6
-286,70000000E-3	-1,64403787E-6
-287,20000000E-3	-1,74079282E-6
-287,40000000E-3	-1,82445595E-6
-287,80000000E-3	-1,92382440E-6
-288,20000000E-3	-2,02998841E-6
-288,60000000E-3	-2,13504664E-6
-288,80000000E-3	-2,24233259E-6
-289,30000000E-3	-2,33316119E-6
-289,60000000E-3	-2,41836314E-6
-289,90000000E-3	-2,52882844E-6
-290,50000000E-3	-2,64833803E-6
-290,70000000E-3	-2,75424789E-6
-291,10000000E-3	-2,85419028E-6
-291,40000000E-3	-2,95674939E-6
-291,70000000E-3	-3,06183687E-6
-292,10000000E-3	-3,16135379E-6
-292,40000000E-3	-3,26566459E-6
-292,90000000E-3	-3,39353134E-6
-293,30000000E-3	-3,51401718E-6
-293,60000000E-3	-3,62920781E-6
-293,80000000E-3	-3,74948203E-6
-294,30000000E-3	-3,84730704E-6
-294,70000000E-3	-3,94033261E-6
-295,00000000E-3	-4,05137128E-6
-295,50000000E-3	-4,19016865E-6
-295,70000000E-3	-4,33950101E-6
-295,90000000E-3	-4,45803752E-6
-296,40000000E-3	-4,55231788E-6
-296,70000000E-3	-4,66168964E-6
-297,10000000E-3	-4,76485066E-6
-297,60000000E-3	-4,82911216E-6
-297,90000000E-3	-4,89101875E-6
-298,20000000E-3	-4,96363803E-6
-298,50000000E-3	-5,03363525E-6
-298,80000000E-3	-5,10339961E-6
-299,30000000E-3	-5,17002442E-6
-299,80000000E-3	-5,26905219E-6
-300,00000000E-3	-5,38700448E-6
-300,50000000E-3	-5,49448229E-6
-300,70000000E-3	-5,58210394E-6
-300,90000000E-3	-5,66631345E-6
-301,40000000E-3	-5,76493886E-6
-301,70000000E-3	-5,87301868E-6
-302,10000000E-3	-5,97105109E-6
-302,60000000E-3	-6,06000290E-6
-302,80000000E-3	-6,16223061E-6
-303,20000000E-3	-6,28383643E-6
-303,80000000E-3	-6,37900089E-6
-304,00000000E-3	-6,47854944E-6
-304,30000000E-3	-6,58514902E-6
-304,70000000E-3	-6,69755312E-6
-305,00000000E-3	-6,80772043E-6
-305,40000000E-3	-6,93128747E-6
-305,70000000E-3	-7,04767402E-6
-306,20000000E-3	-7,14232642E-6
-306,50000000E-3	-7,22988029E-6
-306,80000000E-3	-7,32728782E-6
-307,10000000E-3	-7,45012843E-6
-307,60000000E-3	-7,53982098E-6
-307,80000000E-3	-7,60901319E-6
-308,20000000E-3	-7,69028836E-6
-308,50000000E-3	-7,79131481E-6
-309,00000000E-3	-7,91396491E-6
-309,40000000E-3	-8,02242029E-6
-309,70000000E-3	-8,10997632E-6
-309,90000000E-3	-8,21580102E-6
-310,30000000E-3	-8,32621482E-6
-310,60000000E-3	-8,43925148E-6
-311,00000000E-3	-8,56858817E-6
-311,30000000E-3	-8,67846395E-6
-311,70000000E-3	-8,76975240E-6
-312,20000000E-3	-8,86296610E-6
-312,40000000E-3	-8,97246981E-6
-312,90000000E-3	-9,07825272E-6
-313,10000000E-3	-9,19993083E-6
-313,60000000E-3	-9,32371164E-6
-313,80000000E-3	-9,43171457E-6
-314,10000000E-3	-9,54562531E-6
-314,60000000E-3	-9,65021020E-6
-315,00000000E-3	-9,74200990E-6
-315,20000000E-3	-9,86127967E-6
-315,60000000E-3	-9,99986775E-6
-315,90000000E-3	-10,11637768E-6
-316,30000000E-3	-10,22181839E-6
-316,80000000E-3	-10,33209391E-6
-317,00000000E-3	-10,45017933E-6
-317,50000000E-3	-10,56218029E-6
-317,80000000E-3	-10,65324395E-6
-318,10000000E-3	-10,75311032E-6
-318,70000000E-3	-10,86240409E-6
-318,90000000E-3	-10,98659482E-6
-319,30000000E-3	-11,11718159E-6
-319,60000000E-3	-11,24995238E-6
-320,00000000E-3	-11,37636563E-6
-320,30000000E-3	-11,46786272E-6
-320,50000000E-3	-11,54045866E-6
-321,10000000E-3	-11,61904386E-6
-321,40000000E-3	-11,75781259E-6
-321,70000000E-3	-11,90350386E-6
-322,10000000E-3	-12,02101761E-6
-322,30000000E-3	-12,11558421E-6
-322,80000000E-3	-12,21554209E-6
-323,10000000E-3	-12,31247608E-6
-323,50000000E-3	-12,42936726E-6
-323,90000000E-3	-12,53655833E-6
-324,20000000E-3	-12,63076317E-6
-324,50000000E-3	-12,75039195E-6
-324,90000000E-3	-12,87070342E-6
-325,10000000E-3	-12,97360958E-6
-325,60000000E-3	-13,08482138E-6
-326,00000000E-3	-13,20126204E-6
-326,40000000E-3	-13,30307616E-6
-326,70000000E-3	-13,39799001E-6
-327,00000000E-3	-13,48736262E-6
-327,40000000E-3	-13,58451704E-6
-327,70000000E-3	-13,70047072E-6
-328,10000000E-3	-13,84157962E-6
-328,40000000E-3	-13,95280055E-6
-328,80000000E-3	-14,08451135E-6
-329,10000000E-3	-14,23294080E-6
-329,30000000E-3	-14,38027817E-6
-329,90000000E-3	-14,49109629E-6
-330,20000000E-3	-14,59885127E-6
-330,50000000E-3	-14,71653551E-6
-330,90000000E-3	-14,84628547E-6
-331,10000000E-3	-14,98721280E-6
-331,60000000E-3	-15,09228576E-6
-331,80000000E-3	-15,17782181E-6
-332,30000000E-3	-15,29468109E-6
-332,70000000E-3	-15,43670194E-6
-332,90000000E-3	-15,57023725E-6
-333,40000000E-3	-15,69681344E-6
-333,60000000E-3	-15,80182221E-6
-334,10000000E-3	-15,90577442E-6
-334,30000000E-3	-15,99888322E-6
-334,80000000E-3	-16,06114444E-6
-335,20000000E-3	-16,14998092E-6
-335,50000000E-3	-16,25666844E-6
-335,90000000E-3	-16,35080997E-6
-336,10000000E-3	-16,45407062E-6
-336,60000000E-3	-16,57266135E-6
-336,90000000E-3	-16,68318372E-6
-337,30000000E-3	-16,78741146E-6
-337,70000000E-3	-16,88123907E-6
-338,00000000E-3	-16,99384059E-6
-338,40000000E-3	-17,11446365E-6
-338,90000000E-3	-17,22251752E-6
-339,10000000E-3	-17,32427452E-6
-339,60000000E-3	-17,43907911E-6
-339,80000000E-3	-17,54118216E-6
-340,20000000E-3	-17,63571254E-6
-340,70000000E-3	-17,73858753E-6
-340,90000000E-3	-17,82558530E-6
-341,40000000E-3	-17,90853257E-6
-341,70000000E-3	-17,98741381E-6
-341,90000000E-3	-18,07733952E-6
-342,30000000E-3	-18,22983829E-6
-342,60000000E-3	-18,39387197E-6
-343,00000000E-3	-18,51350892E-6
-343,20000000E-3	-18,60369182E-6
-343,70000000E-3	-18,71927909E-6
-344,20000000E-3	-18,84508239E-6
-344,40000000E-3	-18,94814613E-6
-344,90000000E-3	-19,05448807E-6
-345,10000000E-3	-19,18974223E-6
-345,40000000E-3	-19,29682241E-6
-345,80000000E-3	-19,39636499E-6
-346,30000000E-3	-19,49898613E-6
-346,50000000E-3	-19,61816408E-6
-347,00000000E-3	-19,74301921E-6
-347,20000000E-3	-19,86848425E-6
-347,70000000E-3	-19,98652904E-6
-347,90000000E-3	-20,08651062E-6
-348,40000000E-3	-20,15914085E-6
-348,80000000E-3	-20,22635948E-6
-349,10000000E-3	-20,29486494E-6
-349,50000000E-3	-20,38444397E-6
-349,80000000E-3	-20,50580914E-6
-350,00000000E-3	-20,62763880E-6
-350,50000000E-3	-20,74041735E-6
-350,80000000E-3	-20,83434557E-6
-351,20000000E-3	-20,93969522E-6
-351,40000000E-3	-21,03105669E-6
-351,60000000E-3	-21,09937573E-6
-352,40000000E-3	-21,17966328E-6
-352,60000000E-3	-21,28053746E-6
-352,80000000E-3	-21,39365658E-6
-353,30000000E-3	-21,51405366E-6
-353,50000000E-3	-21,61048845E-6
-354,00000000E-3	-21,69555224E-6
-354,20000000E-3	-21,77585843E-6
-354,70000000E-3	-21,88093999E-6
-355,10000000E-3	-21,98437885E-6
-355,30000000E-3	-22,09756327E-6
-355,80000000E-3	-22,19489036E-6
-356,10000000E-3	-22,28094931E-6
-356,50000000E-3	-22,37541155E-6
-356,70000000E-3	-22,50878009E-6
-357,00000000E-3	-22,62861042E-6
-357,70000000E-3	-22,75873629E-6
-357,90000000E-3	-22,87399363E-6
-358,20000000E-3	-22,99333134E-6
-358,60000000E-3	-23,11348202E-6
-358,80000000E-3	-23,23255934E-6
-359,30000000E-3	-23,36569500E-6
-359,50000000E-3	-23,50132036E-6
-360,00000000E-3	-23,60022625E-6
-360,40000000E-3	-23,71997779E-6
-360,70000000E-3	-23,84934486E-6
-360,90000000E-3	-23,98898479E-6
-361,40000000E-3	-24,11678472E-6
-361,70000000E-3	-24,24254001E-6
-362,10000000E-3	-24,37441620E-6
-362,60000000E-3	-24,48540955E-6
-362,80000000E-3	-24,58314379E-6
-363,20000000E-3	-24,67811350E-6
-363,50000000E-3	-24,78283716E-6
-363,80000000E-3	-24,89043066E-6
-364,20000000E-3	-25,02178355E-6
-364,50000000E-3	-25,16568921E-6
-365,00000000E-3	-25,28700686E-6
-365,40000000E-3	-25,38118061E-6
-365,60000000E-3	-25,45392116E-6
-366,00000000E-3	-25,50847879E-6
-366,30000000E-3	-25,57143716E-6
-366,80000000E-3	-25,67274496E-6
-367,20000000E-3	-25,81466468E-6
-367,50000000E-3	-25,92215452E-6
-367,90000000E-3	-25,97996081E-6
-368,20000000E-3	-26,04214207E-6
-368,60000000E-3	-26,15741802E-6
-368,80000000E-3	-26,27976220E-6
-369,30000000E-3	-26,38470143E-6
-369,80000000E-3	-26,49709935E-6
-370,00000000E-3	-26,59536810E-6
-370,40000000E-3	-26,67536610E-6
-370,70000000E-3	-26,76190912E-6
-370,90000000E-3	-26,85280790E-6
-371,40000000E-3	-26,94176746E-6
-371,60000000E-3	-27,03956475E-6
-372,10000000E-3	-27,11822480E-6
-372,60000000E-3	-27,19495488E-6
-372,80000000E-3	-27,26088297E-6
-373,10000000E-3	-27,35787653E-6
-373,50000000E-3	-27,46761517E-6
-373,70000000E-3	-27,53673787E-6
-374,20000000E-3	-27,63089204E-6
-374,40000000E-3	-27,75158118E-6
-374,90000000E-3	-27,86318689E-6
-375,40000000E-3	-27,95298024E-6
-375,60000000E-3	-28,05645252E-6
-376,10000000E-3	-28,15655624E-6
-376,30000000E-3	-28,25834836E-6
-376,70000000E-3	-28,37323275E-6
-377,00000000E-3	-28,49272854E-6
-377,40000000E-3	-28,57418214E-6
-377,90000000E-3	-28,65218838E-6
-378,10000000E-3	-28,73646119E-6
-378,50000000E-3	-28,80567132E-6
-378,80000000E-3	-28,88942788E-6
-379,20000000E-3	-28,97768805E-6
-379,50000000E-3	-29,06521806E-6
-380,00000000E-3	-29,15831536E-6
-380,30000000E-3	-29,25645052E-6
-380,60000000E-3	-29,36143707E-6
-380,80000000E-3	-29,45067973E-6
-381,30000000E-3	-29,53899453E-6
-381,50000000E-3	-29,64345793E-6
-381,90000000E-3	-29,75909651E-6
-382,20000000E-3	-29,86670769E-6
-382,70000000E-3	-29,95235198E-6
-382,90000000E-3	-30,03141227E-6
-383,30000000E-3	-30,11803821E-6
-383,80000000E-3	-30,17827489E-6
-384,00000000E-3	-30,23911177E-6
-384,50000000E-3	-30,33568571E-6
-384,70000000E-3	-30,44034413E-6
-385,10000000E-3	-30,56287984E-6
-385,40000000E-3	-30,69565387E-6
-385,80000000E-3	-30,81192598E-6
-386,30000000E-3	-30,90439472E-6
-386,60000000E-3	-30,98297133E-6
-386,80000000E-3	-31,08059156E-6
-387,30000000E-3	-31,19027277E-6
-387,50000000E-3	-31,31775322E-6
-387,90000000E-3	-31,43263506E-6
-388,40000000E-3	-31,55218928E-6
-388,60000000E-3	-31,65371634E-6
-389,10000000E-3	-31,77975931E-6
-389,30000000E-3	-31,89558309E-6
-389,80000000E-3	-31,98346945E-6
-390,00000000E-3	-32,07601633E-6
-390,40000000E-3	-32,17271560E-6
-390,70000000E-3	-32,26847460E-6
-390,90000000E-3	-32,37151209E-6
-391,40000000E-3	-32,48498315E-6
-391,80000000E-3	-32,58400537E-6
-392,10000000E-3	-32,69666156E-6
-392,60000000E-3	-32,79709672E-6
-392,70000000E-3	-32,90053052E-6
-393,20000000E-3	-33,02310596E-6
-393,40000000E-3	-33,12258342E-6
-393,90000000E-3	-33,20543470E-6
-394,10000000E-3	-33,27726114E-6
-394,60000000E-3	-33,36035673E-6
-395,10000000E-3	-33,44825104E-6
-395,30000000E-3	-33,55941910E-6
-395,80000000E-3	-33,68192947E-6
-396,00000000E-3	-33,77915715E-6
-396,40000000E-3	-33,88449092E-6
-396,70000000E-3	-33,99465223E-6
-397,10000000E-3	-34,08876846E-6
-397,50000000E-3	-34,19858138E-6
-397,80000000E-3	-34,32596164E-6
-398,10000000E-3	-34,42666766E-6
-398,50000000E-3	-34,53007260E-6
-398,70000000E-3	-34,63776959E-6
-399,20000000E-3	-34,74846681E-6
-399,70000000E-3	-34,86927772E-6
-399,90000000E-3	-34,98755255E-6
