200,00000000E-3	-60,30846433E-6	
200,00000000E-3	-60,28324010E-6	
200,00000000E-3	-60,25052820E-6	
200,00000000E-3	-60,22602673E-6	
199,90000000E-3	-60,21295925E-6	
199,70000000E-3	-60,20895379E-6	
199,60000000E-3	-60,21489860E-6	
199,30000000E-3	-60,22339084E-6	
199,00000000E-3	-60,22647979E-6	
198,90000000E-3	-60,20854525E-6	
198,60000000E-3	-60,17719785E-6	
198,40000000E-3	-60,13373597E-6	
198,20000000E-3	-60,06635339E-6	
197,70000000E-3	-59,98780329E-6	
197,50000000E-3	-59,88112521E-6	
197,30000000E-3	-59,76056082E-6	
196,90000000E-3	-59,63537669E-6	
196,70000000E-3	-59,51203517E-6	
196,30000000E-3	-59,41811602E-6	
196,10000000E-3	-59,34891661E-6	
195,70000000E-3	-59,30143217E-6	
195,30000000E-3	-59,24885090E-6	
195,10000000E-3	-59,18735111E-6	
194,60000000E-3	-59,10287163E-6	
194,50000000E-3	-58,99347561E-6	
194,00000000E-3	-58,87249621E-6	
193,80000000E-3	-58,74856611E-6	
193,30000000E-3	-58,61760701E-6	
192,90000000E-3	-58,47633522E-6	
192,60000000E-3	-58,34832526E-6	
192,20000000E-3	-58,23837820E-6	
192,00000000E-3	-58,13033349E-6	
191,50000000E-3	-58,03119346E-6	
191,30000000E-3	-57,94860690E-6	
190,80000000E-3	-57,88269904E-6	
190,60000000E-3	-57,82533438E-6	
190,30000000E-3	-57,76005468E-6	
189,90000000E-3	-57,67389476E-6	
189,50000000E-3	-57,56491878E-6	
189,30000000E-3	-57,46141917E-6	
189,00000000E-3	-57,35914923E-6	
188,60000000E-3	-57,24700146E-6	
188,10000000E-3	-57,12425407E-6	
187,70000000E-3	-57,01297596E-6	
187,40000000E-3	-56,89992552E-6	
187,20000000E-3	-56,77858850E-6	
187,00000000E-3	-56,66752043E-6	
186,40000000E-3	-56,55835396E-6	
186,00000000E-3	-56,44578807E-6	
185,70000000E-3	-56,34056301E-6	
185,30000000E-3	-56,23515114E-6	
185,10000000E-3	-56,12268872E-6	
184,80000000E-3	-56,01524228E-6	
184,40000000E-3	-55,91331392E-6	
183,90000000E-3	-55,82618183E-6	
183,70000000E-3	-55,73800097E-6	
183,30000000E-3	-55,64926651E-6	
182,80000000E-3	-55,55635300E-6	
182,60000000E-3	-55,46457866E-6	
182,10000000E-3	-55,36235000E-6	
182,10000000E-3	-55,24960885E-6	
181,80000000E-3	-55,12197403E-6	
181,30000000E-3	-54,97850939E-6	
180,60000000E-3	-54,82950982E-6	
180,40000000E-3	-54,68383626E-6	
180,20000000E-3	-54,54786161E-6	
179,70000000E-3	-54,42575439E-6	
179,30000000E-3	-54,33568033E-6	
179,00000000E-3	-54,26206054E-6	
178,60000000E-3	-54,18243964E-6	
178,30000000E-3	-54,10716452E-6	
178,10000000E-3	-54,02474311E-6	
177,70000000E-3	-53,93046287E-6	
177,20000000E-3	-53,82574021E-6	
176,80000000E-3	-53,70417427E-6	
176,50000000E-3	-53,56569842E-6	
176,20000000E-3	-53,42415849E-6	
175,90000000E-3	-53,28941679E-6	
175,60000000E-3	-53,16853622E-6	
175,10000000E-3	-53,06149023E-6	
175,00000000E-3	-52,97053719E-6	
174,70000000E-3	-52,88900314E-6	
174,10000000E-3	-52,81337456E-6	
173,70000000E-3	-52,73094315E-6	
173,50000000E-3	-52,65472568E-6	
173,00000000E-3	-52,57774647E-6	
172,80000000E-3	-52,48607050E-6	
172,30000000E-3	-52,37321984E-6	
171,90000000E-3	-52,26076663E-6	
171,60000000E-3	-52,13500222E-6	
171,40000000E-3	-51,99869543E-6	
171,00000000E-3	-51,87272194E-6	
170,80000000E-3	-51,74879280E-6	
170,30000000E-3	-51,60679330E-6	
170,00000000E-3	-51,47322808E-6	
169,60000000E-3	-51,34269433E-6	
169,40000000E-3	-51,23017862E-6	
168,90000000E-3	-51,12324711E-6	
168,80000000E-3	-51,02630097E-6	
168,20000000E-3	-50,93161060E-6	
168,00000000E-3	-50,84160344E-6	
167,80000000E-3	-50,74923602E-6	
167,30000000E-3	-50,66662398E-6	
167,00000000E-3	-50,58288630E-6	
166,50000000E-3	-50,49417133E-6	
166,30000000E-3	-50,40531697E-6	
165,80000000E-3	-50,32472572E-6	
165,60000000E-3	-50,22843230E-6	
165,10000000E-3	-50,13873135E-6	
165,10000000E-3	-50,03463661E-6	
164,70000000E-3	-49,92212642E-6	
164,00000000E-3	-49,80158505E-6	
163,50000000E-3	-49,67318286E-6	
163,30000000E-3	-49,53489409E-6	
162,90000000E-3	-49,38641544E-6	
162,60000000E-3	-49,25224736E-6	
162,40000000E-3	-49,12523321E-6	
162,00000000E-3	-49,00337387E-6	
161,50000000E-3	-48,89320436E-6	
161,20000000E-3	-48,78603712E-6	
160,80000000E-3	-48,67282155E-6	
160,50000000E-3	-48,56372598E-6	
160,10000000E-3	-48,45225817E-6	
159,70000000E-3	-48,35487356E-6	
159,40000000E-3	-48,25442251E-6	
159,00000000E-3	-48,15500883E-6	
158,70000000E-3	-48,05487487E-6	
158,30000000E-3	-47,95559691E-6	
158,10000000E-3	-47,86076399E-6	
157,60000000E-3	-47,76645294E-6	
157,40000000E-3	-47,67939484E-6	
156,90000000E-3	-47,58645565E-6	
156,70000000E-3	-47,48880120E-6	
156,20000000E-3	-47,38964682E-6	
156,00000000E-3	-47,28846251E-6	
155,50000000E-3	-47,19058713E-6	
155,30000000E-3	-47,08686141E-6	
155,00000000E-3	-46,98020928E-6	
154,50000000E-3	-46,85874968E-6	
154,00000000E-3	-46,73327226E-6	
154,00000000E-3	-46,61169500E-6	
154,00000000E-3	-46,48615500E-6	
154,00000000E-3	-46,36181889E-6	
152,80000000E-3	-46,24253268E-6	
152,30000000E-3	-46,11666462E-6	
152,30000000E-3	-45,99684980E-6	
151,70000000E-3	-45,90156570E-6	
151,20000000E-3	-45,81619174E-6	
151,00000000E-3	-45,72579985E-6	
150,80000000E-3	-45,63549463E-6	
150,30000000E-3	-45,55188073E-6	
150,30000000E-3	-45,46551010E-6	
149,50000000E-3	-45,37555021E-6	
149,20000000E-3	-45,28602731E-6	
148,80000000E-3	-45,19590669E-6	
148,60000000E-3	-45,07921936E-6	
148,10000000E-3	-44,96772547E-6	
147,80000000E-3	-44,86784693E-6	
147,40000000E-3	-44,77061264E-6	
146,90000000E-3	-44,66159434E-6	
146,70000000E-3	-44,55864564E-6	
146,30000000E-3	-44,44816645E-6	
146,30000000E-3	-44,32617158E-6	
145,60000000E-3	-44,21578578E-6	
145,10000000E-3	-44,11207838E-6	
144,90000000E-3	-44,00019685E-6	
144,50000000E-3	-43,87738018E-6	
144,20000000E-3	-43,75803383E-6	
143,80000000E-3	-43,63890614E-6	
143,60000000E-3	-43,51110134E-6	
143,10000000E-3	-43,38560112E-6	
142,90000000E-3	-43,26643549E-6	
142,40000000E-3	-43,13790423E-6	
142,20000000E-3	-43,00419214E-6	
141,80000000E-3	-42,88925009E-6	
141,50000000E-3	-42,80005891E-6	
141,00000000E-3	-42,71731393E-6	
140,80000000E-3	-42,64641293E-6	
140,60000000E-3	-42,57478853E-6	
139,90000000E-3	-42,48439374E-6	
139,60000000E-3	-42,36611399E-6	
139,20000000E-3	-42,23806498E-6	
138,90000000E-3	-42,09299276E-6	
138,70000000E-3	-41,94974987E-6	
138,20000000E-3	-41,83473459E-6	
137,80000000E-3	-41,74125400E-6	
137,60000000E-3	-41,65802483E-6	
137,10000000E-3	-41,58106932E-6	
136,90000000E-3	-41,50651132E-6	
136,40000000E-3	-41,41947696E-6	
136,20000000E-3	-41,30878798E-6	
135,90000000E-3	-41,18579500E-6	
135,40000000E-3	-41,05304975E-6	
135,10000000E-3	-40,91807598E-6	
134,70000000E-3	-40,77694893E-6	
134,50000000E-3	-40,67365583E-6	
134,00000000E-3	-40,59248485E-6	
133,50000000E-3	-40,51062163E-6	
133,30000000E-3	-40,43931324E-6	
132,90000000E-3	-40,35679292E-6	
132,60000000E-3	-40,24070784E-6	
132,20000000E-3	-40,09245730E-6	
132,00000000E-3	-39,93981222E-6	
131,50000000E-3	-39,81057204E-6	
131,30000000E-3	-39,71383103E-6	
130,80000000E-3	-39,63776584E-6	
130,30000000E-3	-39,57162915E-6	
130,20000000E-3	-39,47933271E-6	
129,70000000E-3	-39,35611999E-6	
129,40000000E-3	-39,21924760E-6	
129,20000000E-3	-39,06470141E-6	
128,80000000E-3	-38,92698169E-6	
128,30000000E-3	-38,81923856E-6	
127,80000000E-3	-38,74475516E-6	
127,60000000E-3	-38,67537735E-6	
127,30000000E-3	-38,59875179E-6	
126,90000000E-3	-38,50548988E-6	
126,70000000E-3	-38,37869041E-6	
126,30000000E-3	-38,23662766E-6	
126,00000000E-3	-38,10046304E-6	
125,60000000E-3	-38,00164696E-6	
125,10000000E-3	-37,91385443E-6	
124,90000000E-3	-37,83961545E-6	
124,90000000E-3	-37,76646815E-6	
124,20000000E-3	-37,66392480E-6	
123,80000000E-3	-37,53531631E-6	
123,50000000E-3	-37,38672946E-6	
123,10000000E-3	-37,24839014E-6	
123,10000000E-3	-37,11976645E-6	
122,40000000E-3	-37,01326288E-6	
122,10000000E-3	-36,92553903E-6	
121,70000000E-3	-36,84440620E-6	
121,20000000E-3	-36,76844334E-6	
121,00000000E-3	-36,69326353E-6	
120,60000000E-3	-36,59519837E-6	
120,40000000E-3	-36,44924950E-6	
119,90000000E-3	-36,30757520E-6	
119,60000000E-3	-36,17896669E-6	
119,20000000E-3	-36,06383622E-6	
119,00000000E-3	-35,97154127E-6	
118,50000000E-3	-35,89911046E-6	
118,00000000E-3	-35,82188011E-6	
117,80000000E-3	-35,72806153E-6	
117,40000000E-3	-35,63219487E-6	
117,10000000E-3	-35,53220935E-6	
116,80000000E-3	-35,40927229E-6	
116,20000000E-3	-35,28498030E-6	
116,00000000E-3	-35,16406453E-6	
115,50000000E-3	-35,04318324E-6	
115,30000000E-3	-34,92007821E-6	
114,80000000E-3	-34,80305644E-6	
114,60000000E-3	-34,69589224E-6	
114,30000000E-3	-34,58695151E-6	
114,00000000E-3	-34,47423292E-6	
113,50000000E-3	-34,36997381E-6	
113,20000000E-3	-34,27551650E-6	
112,80000000E-3	-34,17961787E-6	
112,50000000E-3	-34,08409085E-6	
112,10000000E-3	-33,99578857E-6	
111,90000000E-3	-33,89930899E-6	
111,50000000E-3	-33,79488294E-6	
111,00000000E-3	-33,69629073E-6	
110,70000000E-3	-33,60190332E-6	
110,30000000E-3	-33,50593971E-6	
110,00000000E-3	-33,40682074E-6	
109,60000000E-3	-33,30189772E-6	
109,50000000E-3	-33,19797207E-6	
108,90000000E-3	-33,09582802E-6	
108,50000000E-3	-32,99163094E-6	
108,20000000E-3	-32,88806468E-6	
108,00000000E-3	-32,77430631E-6	
107,50000000E-3	-32,67451547E-6	
107,30000000E-3	-32,58281807E-6	
106,90000000E-3	-32,48263988E-6	
106,40000000E-3	-32,37227190E-6	
106,20000000E-3	-32,26221252E-6	
105,70000000E-3	-32,15152116E-6	
105,50000000E-3	-32,04340587E-6	
105,00000000E-3	-31,93170105E-6	
104,80000000E-3	-31,82672354E-6	
104,30000000E-3	-31,72663798E-6	
103,90000000E-3	-31,61988302E-6	
103,90000000E-3	-31,52482767E-6	
103,40000000E-3	-31,43239640E-6	
103,20000000E-3	-31,33184454E-6	
102,60000000E-3	-31,22947541E-6	
102,10000000E-3	-31,12791276E-6	
101,90000000E-3	-31,01873610E-6	
101,70000000E-3	-30,89812652E-6	
101,00000000E-3	-30,77445832E-6	
100,80000000E-3	-30,65675814E-6	
100,30000000E-3	-30,54257837E-6	
100,10000000E-3	-30,42517638E-6	
99,80000000E-3	-30,31664662E-6	
99,40000000E-3	-30,20801395E-6	
99,20000000E-3	-30,12607033E-6	
98,50000000E-3	-30,03339914E-6	
98,30000000E-3	-29,94338061E-6	
98,00000000E-3	-29,85401382E-6	
97,60000000E-3	-29,76772982E-6	
97,40000000E-3	-29,68754104E-6	
96,90000000E-3	-29,59814208E-6	
96,70000000E-3	-29,50709778E-6	
96,70000000E-3	-29,41604896E-6	
95,80000000E-3	-29,32764486E-6	
95,60000000E-3	-29,23688916E-6	
95,10000000E-3	-29,14801790E-6	
94,70000000E-3	-29,06113317E-6	
94,40000000E-3	-28,96442640E-6	
94,00000000E-3	-28,85792374E-6	
93,80000000E-3	-28,74644225E-6	
93,30000000E-3	-28,62832486E-6	
93,10000000E-3	-28,51016185E-6	
92,80000000E-3	-28,40270934E-6	
92,30000000E-3	-28,30243674E-6	
91,90000000E-3	-28,21004025E-6	
91,70000000E-3	-28,12633404E-6	
91,30000000E-3	-28,04937249E-6	
91,00000000E-3	-27,97024534E-6	
90,80000000E-3	-27,88993835E-6	
90,10000000E-3	-27,81528594E-6	
90,10000000E-3	-27,74267460E-6	
89,50000000E-3	-27,65910819E-6	
89,20000000E-3	-27,58034734E-6	
89,00000000E-3	-27,49519032E-6	
88,50000000E-3	-27,40484557E-6	
88,30000000E-3	-27,30224124E-6	
87,60000000E-3	-27,20953590E-6	
87,60000000E-3	-27,11385143E-6	
87,10000000E-3	-27,00719007E-6	
86,70000000E-3	-26,91187170E-6	
86,40000000E-3	-26,83265227E-6	
86,20000000E-3	-26,76850221E-6	
85,50000000E-3	-26,70560757E-6	
85,30000000E-3	-26,65208916E-6	
84,80000000E-3	-26,60625002E-6	
84,60000000E-3	-26,55831412E-6	
84,40000000E-3	-26,49710563E-6	
83,90000000E-3	-26,42559923E-6	
83,70000000E-3	-26,33282486E-6	
83,30000000E-3	-26,23466078E-6	
83,00000000E-3	-26,13946933E-6	
83,00000000E-3	-26,05693054E-6	
82,20000000E-3	-25,99925206E-6	
82,00000000E-3	-25,96694364E-6	
81,50000000E-3	-25,93222322E-6	
81,00000000E-3	-25,87298251E-6	
80,80000000E-3	-25,79013575E-6	
80,30000000E-3	-25,70279289E-6	
80,10000000E-3	-25,61883758E-6	
79,70000000E-3	-25,53737445E-6	
79,50000000E-3	-25,46872243E-6	
79,50000000E-3	-25,41183984E-6	
78,50000000E-3	-25,36356099E-6	
78,20000000E-3	-25,32454109E-6	
77,90000000E-3	-25,29182785E-6	
77,50000000E-3	-25,24966770E-6	
77,30000000E-3	-25,18756603E-6	
76,90000000E-3	-25,11580143E-6	
76,90000000E-3	-25,03631571E-6	
76,10000000E-3	-24,94356299E-6	
75,90000000E-3	-24,87045148E-6	
75,40000000E-3	-24,81018712E-6	
75,20000000E-3	-24,75138334E-6	
74,80000000E-3	-24,69641615E-6	
74,50000000E-3	-24,64963702E-6	
74,10000000E-3	-24,60357846E-6	
73,60000000E-3	-24,55590476E-6	
73,30000000E-3	-24,50334601E-6	
72,90000000E-3	-24,44254233E-6	
72,70000000E-3	-24,37446123E-6	
72,40000000E-3	-24,30939052E-6	
71,90000000E-3	-24,25006028E-6	
71,70000000E-3	-24,19496448E-6	
71,30000000E-3	-24,14733650E-6	
71,00000000E-3	-24,11305538E-6	
70,80000000E-3	-24,08724080E-6	
70,30000000E-3	-24,05090344E-6	
69,80000000E-3	-23,99822567E-6	
69,50000000E-3	-23,92284540E-6	
69,30000000E-3	-23,83760398E-6	
68,90000000E-3	-23,75567244E-6	
68,70000000E-3	-23,69384571E-6	
68,00000000E-3	-23,64608091E-6	
67,70000000E-3	-23,60865538E-6	
67,50000000E-3	-23,57947989E-6	
67,30000000E-3	-23,55827976E-6	
66,70000000E-3	-23,53720444E-6	
66,30000000E-3	-23,51168506E-6	
66,00000000E-3	-23,47844865E-6	
65,60000000E-3	-23,42309900E-6	
65,40000000E-3	-23,35553961E-6	
64,90000000E-3	-23,27648081E-6	
64,40000000E-3	-23,20672101E-6	
64,20000000E-3	-23,14371643E-6	
63,90000000E-3	-23,09076741E-6	
63,50000000E-3	-23,04044030E-6	
63,30000000E-3	-22,99936515E-6	
63,10000000E-3	-22,96542048E-6	
62,50000000E-3	-22,92986945E-6	
62,10000000E-3	-22,89235714E-6	
61,80000000E-3	-22,84691916E-6	
61,40000000E-3	-22,78554354E-6	
61,10000000E-3	-22,70552630E-6	
60,80000000E-3	-22,60779275E-6	
60,30000000E-3	-22,49567970E-6	
59,90000000E-3	-22,39942649E-6	
59,60000000E-3	-22,31117607E-6	
59,30000000E-3	-22,21646581E-6	
58,90000000E-3	-22,12033275E-6	
58,60000000E-3	-22,02769442E-6	
58,20000000E-3	-21,92762916E-6	
57,80000000E-3	-21,83473696E-6	
57,40000000E-3	-21,74430641E-6	
57,20000000E-3	-21,65163896E-6	
56,80000000E-3	-21,52341514E-6	
56,60000000E-3	-21,36748821E-6	
56,10000000E-3	-21,20906382E-6	
55,90000000E-3	-21,04099831E-6	
55,90000000E-3	-20,86072388E-6	
55,00000000E-3	-20,67663327E-6	
54,80000000E-3	-20,49704039E-6	
54,40000000E-3	-20,31264562E-6	
54,20000000E-3	-20,13257093E-6	
53,60000000E-3	-19,94497926E-6	
53,20000000E-3	-19,73007894E-6	
53,00000000E-3	-19,52282296E-6	
52,70000000E-3	-19,32628006E-6	
52,70000000E-3	-19,10360866E-6	
51,80000000E-3	-18,85215155E-6	
51,50000000E-3	-18,60782043E-6	
51,10000000E-3	-18,36558614E-6	
50,90000000E-3	-18,09960780E-6	
50,50000000E-3	-17,83818309E-6	
50,20000000E-3	-17,57528472E-6	
49,70000000E-3	-17,29605403E-6	
49,40000000E-3	-17,00352688E-6	
49,40000000E-3	-16,71687497E-6	
48,60000000E-3	-16,44044225E-6	
48,40000000E-3	-16,16185737E-6	
47,90000000E-3	-15,90483523E-6	
47,70000000E-3	-15,65742227E-6	
47,20000000E-3	-15,39839652E-6	
47,00000000E-3	-15,14957997E-6	
46,70000000E-3	-14,90500650E-6	
46,30000000E-3	-14,69050452E-6	
46,10000000E-3	-14,47380461E-6	
45,50000000E-3	-14,23825736E-6	
45,20000000E-3	-14,01705029E-6	
44,80000000E-3	-13,79386778E-6	
44,50000000E-3	-13,59616065E-6	
44,30000000E-3	-13,42977170E-6	
43,80000000E-3	-13,27011721E-6	
43,60000000E-3	-13,10040054E-6	
43,10000000E-3	-12,94740045E-6	
42,80000000E-3	-12,81740021E-6	
42,50000000E-3	-12,68814405E-6	
42,00000000E-3	-12,56113387E-6	
41,70000000E-3	-12,44854389E-6	
41,30000000E-3	-12,33212009E-6	
41,10000000E-3	-12,20714838E-6	
40,60000000E-3	-12,07541358E-6	
40,30000000E-3	-11,94183223E-6	
40,20000000E-3	-11,81664728E-6	
39,50000000E-3	-11,71634201E-6	
39,20000000E-3	-11,62974761E-6	
38,90000000E-3	-11,55314943E-6	
38,50000000E-3	-11,48611451E-6	
38,30000000E-3	-11,41798601E-6	
37,80000000E-3	-11,34297915E-6	
37,50000000E-3	-11,27148791E-6	
37,20000000E-3	-11,19672351E-6	
36,70000000E-3	-11,12335912E-6	
36,40000000E-3	-11,05601185E-6	
36,00000000E-3	-11,00203403E-6	
35,80000000E-3	-10,95483667E-6	
35,40000000E-3	-10,88981988E-6	
35,00000000E-3	-10,82507143E-6	
34,70000000E-3	-10,76547671E-6	
34,60000000E-3	-10,69522974E-6	
34,20000000E-3	-10,61229327E-6	
33,70000000E-3	-10,52605270E-6	
33,20000000E-3	-10,45021469E-6	
32,90000000E-3	-10,38030810E-6	
32,50000000E-3	-10,30463934E-6	
32,20000000E-3	-10,23781473E-6	
32,00000000E-3	-10,17939762E-6	
31,50000000E-3	-10,11622518E-6	
31,40000000E-3	-10,04617336E-6	
31,40000000E-3	-9,96474652E-6	
30,50000000E-3	-9,87472074E-6	
30,10000000E-3	-9,77292567E-6	
29,70000000E-3	-9,67828217E-6	
29,70000000E-3	-9,59299084E-6	
29,70000000E-3	-9,52031977E-6	
28,60000000E-3	-9,45511977E-6	
28,30000000E-3	-9,38033553E-6	
27,90000000E-3	-9,28597923E-6	
27,70000000E-3	-9,17445477E-6	
27,20000000E-3	-9,05460388E-6	
26,90000000E-3	-8,93855577E-6	
26,60000000E-3	-8,82616231E-6	
26,30000000E-3	-8,68952744E-6	
26,00000000E-3	-8,54467262E-6	
25,60000000E-3	-8,36880348E-6	
25,30000000E-3	-8,19888575E-6	
25,30000000E-3	-8,03216906E-6	
25,30000000E-3	-7,85937141E-6	
24,40000000E-3	-7,69599509E-6	
24,40000000E-3	-7,55479208E-6	
23,50000000E-3	-7,40035168E-6	
23,10000000E-3	-7,22621426E-6	
22,60000000E-3	-7,04326364E-6	
22,40000000E-3	-6,86704338E-6	
21,90000000E-3	-6,70214024E-6	
21,70000000E-3	-6,53087173E-6	
21,20000000E-3	-6,35119635E-6	
20,80000000E-3	-6,16826214E-6	
20,80000000E-3	-5,98844144E-6	
20,20000000E-3	-5,81090858E-6	
20,10000000E-3	-5,62984590E-6	
19,60000000E-3	-5,44768123E-6	
19,20000000E-3	-5,28304428E-6	
18,90000000E-3	-5,12079148E-6	
18,50000000E-3	-4,95484907E-6	
18,20000000E-3	-4,77166534E-6	
17,80000000E-3	-4,60811371E-6	
17,50000000E-3	-4,46058701E-6	
17,20000000E-3	-4,29486268E-6	
16,60000000E-3	-4,11663461E-6	
16,40000000E-3	-3,94493385E-6	
15,90000000E-3	-3,76772925E-6	
15,70000000E-3	-3,57053288E-6	
15,20000000E-3	-3,40798820E-6	
15,00000000E-3	-3,26366681E-6	
14,80000000E-3	-3,10332674E-6	
14,20000000E-3	-2,94100222E-6	
13,90000000E-3	-2,79607392E-6	
13,60000000E-3	-2,65856483E-6	
13,20000000E-3	-2,53549841E-6	
12,90000000E-3	-2,43895330E-6	
12,50000000E-3	-2,34921014E-6	
12,30000000E-3	-2,26214446E-6	
11,80000000E-3	-2,16095045E-6	
11,30000000E-3	-2,06995633E-6	
11,20000000E-3	-1,98588929E-6	
10,70000000E-3	-1,90527294E-6	
10,40000000E-3	-1,82956495E-6	
10,00000000E-3	-1,75589305E-6	
9,70000000E-3	-1,68880197E-6	
9,50000000E-3	-1,61365302E-6	
9,10000000E-3	-1,54436516E-6	
8,90000000E-3	-1,46968579E-6	
8,20000000E-3	-1,39232995E-6	
7,90000000E-3	-1,31759237E-6	
7,70000000E-3	-1,25074061E-6	
7,20000000E-3	-1,19105473E-6	
7,00000000E-3	-1,13789280E-6	
6,70000000E-3	-1,08090557E-6	
6,30000000E-3	-1,02947984E-6	
5,80000000E-3	-969,19145853E-9	
5,40000000E-3	-899,52088532E-9	
5,10000000E-3	-832,43268609E-9	
4,70000000E-3	-763,97563857E-9	
4,40000000E-3	-701,12260995E-9	
4,20000000E-3	-632,38338221E-9	
3,80000000E-3	-544,10115570E-9	
3,50000000E-3	-443,91181335E-9	
3,10000000E-3	-339,76210057E-9	
2,60000000E-3	-230,93819450E-9	
2,30000000E-3	-123,85441026E-9	
1,90000000E-3	-17,54469826E-9	
1,60000000E-3	93,70995758E-9	
1,10000000E-3	216,37831757E-9	
900,00000000E-6	343,81182740E-9	
500,00000000E-6	456,82942862E-9	
200,00000000E-6	574,63936267E-9	
-0,00000000E+0	707,41217677E-9	
-700,00000000E-6	842,30909998E-9	
-1,00000000E-3	979,29406497E-9	
-1,30000000E-3	1,14581853E-6	
-1,70000000E-3	1,29656175E-6	
-1,90000000E-3	1,43640913E-6	
-2,40000000E-3	1,57204154E-6	
-2,60000000E-3	1,69811017E-6	
-3,10000000E-3	1,81734631E-6	
-3,40000000E-3	1,94157794E-6	
-3,70000000E-3	2,07356417E-6	
-4,20000000E-3	2,19532977E-6	
-4,40000000E-3	2,33590122E-6	
-4,90000000E-3	2,49356942E-6	
-5,20000000E-3	2,64279900E-6	
-5,60000000E-3	2,77770075E-6	
-5,90000000E-3	2,92743180E-6	
-6,10000000E-3	3,12006878E-6	
-6,60000000E-3	3,29990880E-6	
-6,80000000E-3	3,44770889E-6	
-7,30000000E-3	3,59456367E-6	
-7,70000000E-3	3,71954616E-6	
-7,90000000E-3	3,82427657E-6	
-8,40000000E-3	3,94829054E-6	
-8,70000000E-3	4,07945182E-6	
-9,10000000E-3	4,21312438E-6	
-9,30000000E-3	4,35069561E-6	
-9,80000000E-3	4,49445893E-6	
-10,10000000E-3	4,62927667E-6	
-10,50000000E-3	4,75508736E-6	
-10,70000000E-3	4,88166626E-6	
-11,20000000E-3	5,00074795E-6	
-11,40000000E-3	5,09393382E-6	
-11,80000000E-3	5,16747613E-6	
-12,10000000E-3	5,24111983E-6	
-12,50000000E-3	5,32060807E-6	
-13,00000000E-3	5,38879271E-6	
-13,20000000E-3	5,46164324E-6	
-13,70000000E-3	5,55549721E-6	
-13,90000000E-3	5,63791264E-6	
-14,20000000E-3	5,71525277E-6	
-14,60000000E-3	5,79780986E-6	
-15,10000000E-3	5,87953804E-6	
-15,60000000E-3	5,95288014E-6	
-15,80000000E-3	6,00895217E-6	
-16,20000000E-3	6,04157313E-6	
-16,50000000E-3	6,06952791E-6	
-16,70000000E-3	6,10962349E-6	
-17,30000000E-3	6,17138631E-6	
-17,60000000E-3	6,25192175E-6	
-17,90000000E-3	6,33330830E-6	
-18,30000000E-3	6,40886812E-6	
-18,60000000E-3	6,47123785E-6	
-19,00000000E-3	6,52730554E-6	
-19,20000000E-3	6,57935295E-6	
-19,70000000E-3	6,64008474E-6	
-20,00000000E-3	6,70471831E-6	
-20,20000000E-3	6,77783510E-6	
-20,70000000E-3	6,84752886E-6	
-20,90000000E-3	6,91263559E-6	
-21,40000000E-3	6,96664909E-6	
-21,80000000E-3	7,02792989E-6	
-22,00000000E-3	7,12296217E-6	
-22,50000000E-3	7,23082096E-6	
-22,70000000E-3	7,34228970E-6	
-23,20000000E-3	7,45071643E-6	
-23,40000000E-3	7,55932960E-6	
-23,80000000E-3	7,68589020E-6	
-24,30000000E-3	7,83243291E-6	
-24,50000000E-3	7,97881352E-6	
-25,00000000E-3	8,12691109E-6	
-25,30000000E-3	8,29329816E-6	
-25,70000000E-3	8,47317033E-6	
-25,90000000E-3	8,63929544E-6	
-26,20000000E-3	8,81462064E-6	
-26,80000000E-3	9,00128059E-6	
-27,10000000E-3	9,20201562E-6	
-27,30000000E-3	9,41789437E-6	
-27,80000000E-3	9,62768404E-6	
-28,00000000E-3	9,85169669E-6	
-28,50000000E-3	10,08473528E-6	
-28,70000000E-3	10,33162358E-6	
-29,20000000E-3	10,60563346E-6	
-29,40000000E-3	10,86915191E-6	
-29,90000000E-3	11,12422233E-6	
-30,20000000E-3	11,40630285E-6	
-30,60000000E-3	11,70588533E-6	
-30,80000000E-3	11,98217573E-6	
-31,30000000E-3	12,24812922E-6	
-31,50000000E-3	12,52794669E-6	
-31,90000000E-3	12,79386062E-6	
-32,20000000E-3	13,05304885E-6	
-32,70000000E-3	13,33767801E-6	
-33,10000000E-3	13,61720214E-6	
-33,40000000E-3	13,90872047E-6	
-33,80000000E-3	14,19164846E-6	
-34,10000000E-3	14,47035380E-6	
-34,50000000E-3	14,76214466E-6	
-34,70000000E-3	15,02460942E-6	
-35,00000000E-3	15,29758600E-6	
-35,40000000E-3	15,57981130E-6	
-35,80000000E-3	15,86502774E-6	
-36,30000000E-3	16,15293925E-6	
-36,60000000E-3	16,45059169E-6	
-36,70000000E-3	16,72037782E-6	
-37,20000000E-3	16,98235682E-6	
-37,50000000E-3	17,27283434E-6	
-38,00000000E-3	17,58963861E-6	
-38,20000000E-3	17,89315337E-6	
-38,60000000E-3	18,21238101E-6	
-39,10000000E-3	18,55228514E-6	
-39,30000000E-3	18,88881783E-6	
-39,70000000E-3	19,23383509E-6	
-40,00000000E-3	19,59915520E-6	
-40,40000000E-3	19,94375995E-6	
-40,70000000E-3	20,28000559E-6	
-41,00000000E-3	20,62007499E-6	
-41,10000000E-3	21,00179006E-6	
-41,80000000E-3	21,33696383E-6	
-42,20000000E-3	21,66295167E-6	
-42,40000000E-3	22,00457254E-6	
-42,90000000E-3	22,34678587E-6	
-43,10000000E-3	22,69241318E-6	
-43,50000000E-3	23,04866841E-6	
-44,00000000E-3	23,41500978E-6	
-44,30000000E-3	23,77181541E-6	
-44,50000000E-3	24,13143521E-6	
-45,00000000E-3	24,55352039E-6	
-45,20000000E-3	24,92916549E-6	
-45,70000000E-3	25,27949896E-6	
-46,20000000E-3	25,60169841E-6	
-46,40000000E-3	25,93382978E-6	
-46,80000000E-3	26,24652224E-6	
-47,00000000E-3	26,55057883E-6	
-47,50000000E-3	26,84514706E-6	
-47,80000000E-3	27,10109374E-6	
-48,20000000E-3	27,33496636E-6	
-48,40000000E-3	27,55817857E-6	
-48,90000000E-3	27,77658678E-6	
-49,30000000E-3	27,99386947E-6	
-49,60000000E-3	28,20404311E-6	
-50,00000000E-3	28,41803820E-6	
-50,20000000E-3	28,60344096E-6	
-50,60000000E-3	28,75230887E-6	
-51,20000000E-3	28,90857244E-6	
-51,40000000E-3	29,04301625E-6	
-51,80000000E-3	29,16239172E-6	
-52,10000000E-3	29,27859546E-6	
-52,30000000E-3	29,38661779E-6	
-52,70000000E-3	29,46374684E-6	
-53,00000000E-3	29,51306104E-6	
-53,50000000E-3	29,53746229E-6	
-53,70000000E-3	29,55085922E-6	
-54,20000000E-3	29,56862055E-6	
-54,40000000E-3	29,59244264E-6	
-54,80000000E-3	29,61900726E-6	
-55,30000000E-3	29,63835009E-6	
-55,50000000E-3	29,64613683E-6	
-55,90000000E-3	29,62769992E-6	
-56,20000000E-3	29,58393551E-6	
-56,50000000E-3	29,54351056E-6	
-56,90000000E-3	29,50418073E-6	
-57,10000000E-3	29,46557249E-6	
-57,60000000E-3	29,43756329E-6	
-58,10000000E-3	29,42191984E-6	
-58,30000000E-3	29,41071493E-6	
-58,80000000E-3	29,39060236E-6	
-59,00000000E-3	29,34199896E-6	
-59,50000000E-3	29,27873959E-6	
-59,80000000E-3	29,24146706E-6	
-60,10000000E-3	29,23805106E-6	
-60,60000000E-3	29,25303454E-6	
-60,80000000E-3	29,26495381E-6	
-61,30000000E-3	29,26121057E-6	
-61,50000000E-3	29,25608603E-6	
-61,90000000E-3	29,26076436E-6	
-62,20000000E-3	29,27086685E-6	
-62,60000000E-3	29,28446025E-6	
-63,10000000E-3	29,29391798E-6	
-63,30000000E-3	29,29171534E-6	
-63,60000000E-3	29,28664727E-6	
-64,10000000E-3	29,30387093E-6	
-64,30000000E-3	29,34808542E-6	
-64,70000000E-3	29,39710023E-6	
-65,00000000E-3	29,43325871E-6	
-65,50000000E-3	29,46126825E-6	
-65,90000000E-3	29,49120112E-6	
-66,10000000E-3	29,53854901E-6	
-66,60000000E-3	29,58951070E-6	
-66,90000000E-3	29,62546125E-6	
-67,10000000E-3	29,65846839E-6	
-67,80000000E-3	29,70284919E-6	
-68,00000000E-3	29,76590341E-6	
-68,30000000E-3	29,84102782E-6	
-68,70000000E-3	29,88978946E-6	
-68,90000000E-3	29,92452285E-6	
-69,40000000E-3	29,96069573E-6	
-69,60000000E-3	30,01635402E-6	
-70,00000000E-3	30,08536468E-6	
-70,30000000E-3	30,13787995E-6	
-70,80000000E-3	30,16367123E-6	
-71,00000000E-3	30,18069854E-6	
-71,20000000E-3	30,22832485E-6	
-71,90000000E-3	30,29927467E-6	
-72,20000000E-3	30,35619270E-6	
-72,50000000E-3	30,40581937E-6	
-72,80000000E-3	30,46228775E-6	
-73,10000000E-3	30,52480189E-6	
-73,50000000E-3	30,56072902E-6	
-73,70000000E-3	30,59983489E-6	
-74,20000000E-3	30,66346082E-6	
-74,70000000E-3	30,72657956E-6	
-74,90000000E-3	30,76947038E-6	
-75,40000000E-3	30,80522226E-6	
-75,60000000E-3	30,85442138E-6	
-76,00000000E-3	30,90972868E-6	
-76,20000000E-3	30,94869981E-6	
-76,70000000E-3	30,97418433E-6	
-77,20000000E-3	31,02240700E-6	
-77,40000000E-3	31,08789345E-6	
-77,90000000E-3	31,14444223E-6	
-78,10000000E-3	31,19009489E-6	
-78,30000000E-3	31,23924978E-6	
-78,80000000E-3	31,30048785E-6	
-79,10000000E-3	31,35821113E-6	
-79,50000000E-3	31,38146754E-6	
-79,80000000E-3	31,41246810E-6	
-80,20000000E-3	31,47962098E-6	
-80,60000000E-3	31,54431025E-6	
-80,90000000E-3	31,58196057E-6	
-81,40000000E-3	31,60135907E-6	
-81,60000000E-3	31,63118925E-6	
-82,00000000E-3	31,68908126E-6	
-82,30000000E-3	31,74546272E-6	
-82,70000000E-3	31,78498429E-6	
-83,20000000E-3	31,82300641E-6	
-83,40000000E-3	31,88115041E-6	
-83,90000000E-3	31,94648188E-6	
-84,10000000E-3	31,99260019E-6	
-84,30000000E-3	32,03961834E-6	
-84,80000000E-3	32,11063278E-6	
-85,00000000E-3	32,19168475E-6	
-85,50000000E-3	32,25063983E-6	
-85,90000000E-3	32,28598514E-6	
-86,20000000E-3	32,32378458E-6	
-86,70000000E-3	32,39226036E-6	
-86,80000000E-3	32,44850416E-6	
-87,30000000E-3	32,48850106E-6	
-87,50000000E-3	32,54503651E-6	
-88,00000000E-3	32,62840635E-6	
-88,50000000E-3	32,69888544E-6	
-88,50000000E-3	32,74299460E-6	
-89,20000000E-3	32,78030113E-6	
-89,40000000E-3	32,83527121E-6	
-89,70000000E-3	32,91724676E-6	
-90,10000000E-3	33,01082884E-6	
-90,30000000E-3	33,07098818E-6	
-90,70000000E-3	33,11595856E-6	
-90,90000000E-3	33,17643701E-6	
-91,50000000E-3	33,26624285E-6	
-91,90000000E-3	33,35081346E-6	
-92,10000000E-3	33,41362288E-6	
-92,60000000E-3	33,45823281E-6	
-92,80000000E-3	33,50761387E-6	
-93,30000000E-3	33,58200338E-6	
-93,50000000E-3	33,68306389E-6	
-93,90000000E-3	33,77854414E-6	
-94,20000000E-3	33,84590988E-6	
-94,50000000E-3	33,90088286E-6	
-94,90000000E-3	33,95724717E-6	
-95,10000000E-3	34,03377037E-6	
-95,60000000E-3	34,12859863E-6	
-96,10000000E-3	34,21776129E-6	
-96,30000000E-3	34,29524226E-6	
-96,80000000E-3	34,35814587E-6	
-97,00000000E-3	34,42729636E-6	
-97,40000000E-3	34,49809043E-6	
-97,60000000E-3	34,58831475E-6	
-98,10000000E-3	34,70578707E-6	
-98,60000000E-3	34,82449911E-6	
-98,80000000E-3	34,91983994E-6	
-99,30000000E-3	34,99036090E-6	
-99,50000000E-3	35,06283563E-6	
-99,90000000E-3	35,14326834E-6	
-100,10000000E-3	35,23385272E-6	
-100,60000000E-3	35,33752609E-6	
-101,00000000E-3	35,45399802E-6	
-101,30000000E-3	35,56356109E-6	
-101,80000000E-3	35,66170811E-6	
-102,00000000E-3	35,75119120E-6	
-102,30000000E-3	35,83732334E-6	
-102,70000000E-3	35,91138118E-6	
-102,90000000E-3	35,98555143E-6	
-103,40000000E-3	36,06818821E-6	
-103,80000000E-3	36,16994872E-6	
-104,00000000E-3	36,27790190E-6	
-104,50000000E-3	36,40602370E-6	
-104,80000000E-3	36,52394630E-6	
-105,20000000E-3	36,63337121E-6	
-105,40000000E-3	36,74467739E-6	
-105,90000000E-3	36,84746564E-6	
-106,30000000E-3	36,93817714E-6	
-106,60000000E-3	37,02293957E-6	
-107,00000000E-3	37,11534954E-6	
-107,30000000E-3	37,20657050E-6	
-107,70000000E-3	37,29036750E-6	
-107,90000000E-3	37,37577683E-6	
-108,20000000E-3	37,46337680E-6	
-108,70000000E-3	37,55885742E-6	
-108,90000000E-3	37,66011311E-6	
-109,30000000E-3	37,76232933E-6	
-109,80000000E-3	37,86259582E-6	
-110,00000000E-3	37,96885118E-6	
-110,50000000E-3	38,08677906E-6	
-110,70000000E-3	38,20073857E-6	
-111,20000000E-3	38,30607116E-6	
-111,40000000E-3	38,42191204E-6	
-111,90000000E-3	38,54516079E-6	
-112,10000000E-3	38,65576469E-6	
-112,30000000E-3	38,76446697E-6	
-113,00000000E-3	38,87039588E-6	
-113,20000000E-3	38,98359735E-6	
-113,60000000E-3	39,09293161E-6	
-113,90000000E-3	39,19816340E-6	
-114,20000000E-3	39,30626106E-6	
-114,80000000E-3	39,40367159E-6	
-114,80000000E-3	39,50496022E-6	
-115,30000000E-3	39,62297226E-6	
-115,80000000E-3	39,72882831E-6	
-116,00000000E-3	39,83150334E-6	
-116,50000000E-3	39,93618489E-6	
-116,70000000E-3	40,06012608E-6	
-117,20000000E-3	40,17146642E-6	
-117,40000000E-3	40,27368868E-6	
-117,80000000E-3	40,37901221E-6	
-118,30000000E-3	40,48755276E-6	
-118,60000000E-3	40,59849567E-6	
-118,90000000E-3	40,71502538E-6	
-119,20000000E-3	40,82318691E-6	
-119,40000000E-3	40,92894005E-6	
-119,90000000E-3	41,03836048E-6	
-120,10000000E-3	41,14579949E-6	
-120,60000000E-3	41,25418290E-6	
-121,10000000E-3	41,35291654E-6	
-121,30000000E-3	41,46068106E-6	
-121,80000000E-3	41,56723811E-6	
-122,00000000E-3	41,66842809E-6	
-122,50000000E-3	41,78347365E-6	
-122,70000000E-3	41,88686469E-6	
-122,90000000E-3	41,99027430E-6	
-123,40000000E-3	42,08402250E-6	
-123,90000000E-3	42,18250490E-6	
-124,10000000E-3	42,27378317E-6	
-124,60000000E-3	42,36006990E-6	
-124,80000000E-3	42,45598001E-6	
-125,20000000E-3	42,55353463E-6	
-125,50000000E-3	42,64607568E-6	
-125,90000000E-3	42,74424864E-6	
-126,20000000E-3	42,84664049E-6	
-126,60000000E-3	42,94806072E-6	
-127,10000000E-3	43,05069902E-6	
-127,30000000E-3	43,16417569E-6	
-127,80000000E-3	43,28130248E-6	
-128,00000000E-3	43,39953896E-6	
-128,20000000E-3	43,52463118E-6	
-128,70000000E-3	43,65431202E-6	
-128,90000000E-3	43,77546630E-6	
-129,40000000E-3	43,89514343E-6	
-129,80000000E-3	44,01789538E-6	
-130,10000000E-3	44,14274519E-6	
-130,50000000E-3	44,24996611E-6	
-130,80000000E-3	44,35466385E-6	
-131,10000000E-3	44,46526282E-6	
-131,40000000E-3	44,56797836E-6	
-131,70000000E-3	44,66924741E-6	
-132,20000000E-3	44,77568552E-6	
-132,60000000E-3	44,88202730E-6	
-133,00000000E-3	44,98001566E-6	
-133,30000000E-3	45,07281451E-6	
-133,50000000E-3	45,17751690E-6	
-134,00000000E-3	45,27266332E-6	
-134,20000000E-3	45,36928900E-6	
-134,60000000E-3	45,47034959E-6	
-134,90000000E-3	45,57358130E-6	
-135,20000000E-3	45,67183903E-6	
-135,60000000E-3	45,77721732E-6	
-136,20000000E-3	45,88115613E-6	
-136,40000000E-3	45,97796934E-6	
-136,60000000E-3	46,08350475E-6	
-137,10000000E-3	46,20084324E-6	
-137,60000000E-3	46,31536174E-6	
-137,80000000E-3	46,42276500E-6	
-138,30000000E-3	46,53387441E-6	
-138,50000000E-3	46,64892515E-6	
-138,80000000E-3	46,75866972E-6	
-139,20000000E-3	46,87285621E-6	
-139,50000000E-3	46,99646822E-6	
-139,80000000E-3	47,11318821E-6	
-140,20000000E-3	47,23125494E-6	
-140,70000000E-3	47,34689297E-6	
-140,90000000E-3	47,47144869E-6	
-141,40000000E-3	47,58410001E-6	
-141,70000000E-3	47,69810541E-6	
-141,90000000E-3	47,81417983E-6	
-142,40000000E-3	47,92157518E-6	
-142,60000000E-3	48,02562856E-6	
-143,00000000E-3	48,13564109E-6	
-143,60000000E-3	48,25714394E-6	
-143,80000000E-3	48,37082101E-6	
-144,10000000E-3	48,47147768E-6	
-144,50000000E-3	48,57538376E-6	
-144,80000000E-3	48,68114495E-6	
-145,00000000E-3	48,78748529E-6	
-145,50000000E-3	48,89529546E-6	
-145,70000000E-3	49,00281393E-6	
-146,20000000E-3	49,10191730E-6	
-146,70000000E-3	49,19521612E-6	
-146,90000000E-3	49,29370464E-6	
-147,20000000E-3	49,39081801E-6	
-147,70000000E-3	49,48727016E-6	
-147,90000000E-3	49,58249513E-6	
-148,40000000E-3	49,68700597E-6	
-148,80000000E-3	49,79160961E-6	
-149,10000000E-3	49,90150712E-6	
-149,40000000E-3	50,01318203E-6	
-149,80000000E-3	50,13733188E-6	
-150,10000000E-3	50,25076668E-6	
-150,40000000E-3	50,36604700E-6	
-150,70000000E-3	50,48607621E-6	
-151,30000000E-3	50,60051145E-6	
-151,50000000E-3	50,71555312E-6	
-152,00000000E-3	50,84412393E-6	
-152,20000000E-3	50,96716658E-6	
-152,50000000E-3	51,08480946E-6	
-152,90000000E-3	51,20285032E-6	
-153,40000000E-3	51,32483356E-6	
-153,70000000E-3	51,44010179E-6	
-154,10000000E-3	51,55385468E-6	
-154,40000000E-3	51,67018347E-6	
-154,70000000E-3	51,77777998E-6	
-155,20000000E-3	51,87817345E-6	
-155,40000000E-3	51,98210820E-6	
-155,60000000E-3	52,08221664E-6	
-156,20000000E-3	52,18823570E-6	
-156,60000000E-3	52,28624446E-6	
-156,80000000E-3	52,38801274E-6	
-157,30000000E-3	52,49204688E-6	
-157,50000000E-3	52,60036302E-6	
-157,80000000E-3	52,71898560E-6	
-158,20000000E-3	52,83681573E-6	
-158,50000000E-3	52,94343470E-6	
-158,90000000E-3	53,06555147E-6	
-159,20000000E-3	53,19362966E-6	
-159,70000000E-3	53,31021903E-6	
-160,00000000E-3	53,41761887E-6	
-160,40000000E-3	53,52130392E-6	
-160,60000000E-3	53,61272051E-6	
-161,00000000E-3	53,69679442E-6	
-161,30000000E-3	53,77835572E-6	
-161,60000000E-3	53,86909659E-6	
-162,10000000E-3	53,96747283E-6	
-162,60000000E-3	54,07270544E-6	
-162,80000000E-3	54,19307431E-6	
-163,10000000E-3	54,31268670E-6	
-163,60000000E-3	54,42987085E-6	
-163,80000000E-3	54,55097127E-6	
-164,20000000E-3	54,69340107E-6	
-164,50000000E-3	54,82455250E-6	
-164,80000000E-3	54,95446643E-6	
-165,30000000E-3	55,06653981E-6	
-165,80000000E-3	55,15598624E-6	
-166,00000000E-3	55,22034454E-6	
-166,20000000E-3	55,29360898E-6	
-166,70000000E-3	55,37833192E-6	
-167,00000000E-3	55,46936257E-6	
-167,20000000E-3	55,58651426E-6	
-167,70000000E-3	55,71670591E-6	
-167,90000000E-3	55,84266138E-6	
-168,40000000E-3	55,97120408E-6	
-168,90000000E-3	56,10454704E-6	
-169,10000000E-3	56,23029664E-6	
-169,50000000E-3	56,34634296E-6	
-169,80000000E-3	56,45478795E-6	
-170,00000000E-3	56,54873010E-6	
-170,50000000E-3	56,63179979E-6	
-170,80000000E-3	56,71197550E-6	
-171,10000000E-3	56,79676108E-6	
-171,50000000E-3	56,88047635E-6	
-171,80000000E-3	56,96873701E-6	
-172,30000000E-3	57,08833896E-6	
-172,70000000E-3	57,21289283E-6	
-173,00000000E-3	57,34713750E-6	
-173,20000000E-3	57,49405627E-6	
-173,70000000E-3	57,63659957E-6	
-174,00000000E-3	57,76883503E-6	
-174,20000000E-3	57,86887730E-6	
-174,70000000E-3	57,95556602E-6	
-175,20000000E-3	58,03079837E-6	
-175,40000000E-3	58,10958580E-6	
-175,90000000E-3	58,20474201E-6	
-176,10000000E-3	58,30916548E-6	
-176,40000000E-3	58,44737773E-6	
-176,80000000E-3	58,59538960E-6	
-177,10000000E-3	58,74209846E-6	
-177,60000000E-3	58,87592377E-6	
-177,90000000E-3	58,96786985E-6	
-178,30000000E-3	59,03915469E-6	
-178,50000000E-3	59,10610540E-6	
-179,00000000E-3	59,19416337E-6	
-179,30000000E-3	59,31533652E-6	
-179,50000000E-3	59,46850040E-6	
-180,00000000E-3	59,63255398E-6	
-180,20000000E-3	59,76566097E-6	
-180,70000000E-3	59,87590028E-6	
-181,10000000E-3	59,95609944E-6	
-181,40000000E-3	60,02950393E-6	
-181,70000000E-3	60,11792265E-6	
-182,10000000E-3	60,25539577E-6	
-182,40000000E-3	60,41766551E-6	
-182,90000000E-3	60,57534503E-6	
-183,10000000E-3	60,68536280E-6	
-183,60000000E-3	60,75191191E-6	
-183,90000000E-3	60,81751175E-6	
-184,10000000E-3	60,93260573E-6	
-184,60000000E-3	61,10801034E-6	
-185,10000000E-3	61,26250786E-6	
-185,30000000E-3	61,36785241E-6	
-185,80000000E-3	61,43577998E-6	
-185,80000000E-3	61,49392143E-6	
-186,30000000E-3	61,57070334E-6	
-186,80000000E-3	61,67482095E-6	
-187,00000000E-3	61,81466489E-6	
-187,40000000E-3	61,96161299E-6	
-187,70000000E-3	62,10146114E-6	
-187,90000000E-3	62,22639527E-6	
-188,40000000E-3	62,33639413E-6	
-188,70000000E-3	62,43106351E-6	
-189,00000000E-3	62,51593700E-6	
-189,40000000E-3	62,60061920E-6	
-189,90000000E-3	62,68489833E-6	
-190,20000000E-3	62,78363990E-6	
-190,40000000E-3	62,90690595E-6	
-191,00000000E-3	63,03809871E-6	
-191,20000000E-3	63,17573187E-6	
-191,50000000E-3	63,31277341E-6	
-192,00000000E-3	63,44100563E-6	
-192,40000000E-3	63,56005696E-6	
-192,70000000E-3	63,68062865E-6	
-193,10000000E-3	63,80629485E-6	
-193,40000000E-3	63,93391208E-6	
-193,60000000E-3	64,05126643E-6	
-194,10000000E-3	64,16425022E-6	
-194,40000000E-3	64,27649371E-6	
-194,80000000E-3	64,37278101E-6	
-195,10000000E-3	64,45753190E-6	
-195,50000000E-3	64,54287742E-6	
-195,80000000E-3	64,62655515E-6	
-196,30000000E-3	64,71852619E-6	
-196,50000000E-3	64,82522877E-6	
-196,70000000E-3	64,93026730E-6	
-197,20000000E-3	65,03205155E-6	
-197,50000000E-3	65,14824402E-6	
-197,90000000E-3	65,28409035E-6	
-198,30000000E-3	65,41344240E-6	
-198,70000000E-3	65,54065439E-6	
-198,90000000E-3	65,68026490E-6	
-199,40000000E-3	65,81686778E-6	
-199,60000000E-3	65,94549062E-6	
-199,90000000E-3	66,07014939E-6	
