200,00000000E-3	-60,46141682E-6	
200,00000000E-3	-60,42902752E-6	
200,00000000E-3	-60,40143630E-6	
200,00000000E-3	-60,39913693E-6	
199,90000000E-3	-60,41069238E-6	
199,80000000E-3	-60,41361984E-6	
199,80000000E-3	-60,39937934E-6	
199,50000000E-3	-60,36709712E-6	
199,30000000E-3	-60,31737901E-6	
199,20000000E-3	-60,26567479E-6	
199,20000000E-3	-60,20772100E-6	
198,50000000E-3	-60,14457578E-6	
198,20000000E-3	-60,07987486E-6	
198,00000000E-3	-60,01126441E-6	
197,80000000E-3	-59,94592284E-6	
197,40000000E-3	-59,87171803E-6	
196,90000000E-3	-59,81821074E-6	
196,70000000E-3	-59,77366515E-6	
196,50000000E-3	-59,69942083E-6	
196,10000000E-3	-59,60333833E-6	
195,90000000E-3	-59,48942998E-6	
195,70000000E-3	-59,36632917E-6	
195,20000000E-3	-59,25109737E-6	
194,80000000E-3	-59,14775726E-6	
194,60000000E-3	-59,05615460E-6	
194,10000000E-3	-58,97193434E-6	
193,90000000E-3	-58,89997844E-6	
193,60000000E-3	-58,85323504E-6	
193,20000000E-3	-58,81747259E-6	
193,00000000E-3	-58,77912537E-6	
192,60000000E-3	-58,73326220E-6	
192,50000000E-3	-58,67928121E-6	
191,90000000E-3	-58,60085970E-6	
191,50000000E-3	-58,45783125E-6	
191,40000000E-3	-58,33383646E-6	
190,70000000E-3	-58,22990486E-6	
190,40000000E-3	-58,10806136E-6	
190,00000000E-3	-57,96805411E-6	
189,80000000E-3	-57,82282905E-6	
189,50000000E-3	-57,66493520E-6	
189,00000000E-3	-57,50727048E-6	
188,50000000E-3	-57,37738398E-6	
188,50000000E-3	-57,28350630E-6	
188,00000000E-3	-57,21662052E-6	
187,60000000E-3	-57,17614259E-6	
187,30000000E-3	-57,13842279E-6	
187,00000000E-3	-57,06858847E-6	
186,80000000E-3	-56,94407333E-6	
186,10000000E-3	-56,79221135E-6	
185,90000000E-3	-56,63681439E-6	
185,50000000E-3	-56,46352262E-6	
185,20000000E-3	-56,32987620E-6	
184,90000000E-3	-56,23210995E-6	
184,70000000E-3	-56,15935700E-6	
184,20000000E-3	-56,09356648E-6	
183,80000000E-3	-56,04086058E-6	
183,40000000E-3	-55,98713116E-6	
183,20000000E-3	-55,88712999E-6	
182,70000000E-3	-55,75298264E-6	
182,20000000E-3	-55,58997500E-6	
182,00000000E-3	-55,42185773E-6	
181,80000000E-3	-55,28866723E-6	
181,30000000E-3	-55,23054153E-6	
181,00000000E-3	-55,20068812E-6	
180,70000000E-3	-55,13513887E-6	
180,60000000E-3	-55,01967592E-6	
180,10000000E-3	-54,86268378E-6	
179,60000000E-3	-54,69340857E-6	
179,30000000E-3	-54,54933892E-6	
179,30000000E-3	-54,46092541E-6	
178,50000000E-3	-54,41035499E-6	
178,10000000E-3	-54,37112635E-6	
178,00000000E-3	-54,29940960E-6	
177,80000000E-3	-54,18222291E-6	
177,20000000E-3	-54,01180848E-6	
176,70000000E-3	-53,83772656E-6	
176,50000000E-3	-53,69066394E-6	
176,00000000E-3	-53,58927230E-6	
175,80000000E-3	-53,53802684E-6	
175,50000000E-3	-53,50255185E-6	
175,00000000E-3	-53,44932706E-6	
174,80000000E-3	-53,33091422E-6	
174,40000000E-3	-53,18099194E-6	
173,80000000E-3	-53,01184354E-6	
173,60000000E-3	-52,84135239E-6	
173,30000000E-3	-52,71370715E-6	
172,80000000E-3	-52,64892751E-6	
172,60000000E-3	-52,62149254E-6	
172,30000000E-3	-52,57494596E-6	
171,90000000E-3	-52,45868450E-6	
171,90000000E-3	-52,28659302E-6	
171,10000000E-3	-52,08913385E-6	
171,00000000E-3	-51,96602943E-6	
170,40000000E-3	-51,92360429E-6	
170,40000000E-3	-51,90186582E-6	
169,60000000E-3	-51,81679652E-6	
169,40000000E-3	-51,65665505E-6	
168,90000000E-3	-51,47037455E-6	
168,70000000E-3	-51,32427983E-6	
168,40000000E-3	-51,26240761E-6	
167,80000000E-3	-51,23908365E-6	
167,70000000E-3	-51,17457272E-6	
167,70000000E-3	-51,02327863E-6	
166,90000000E-3	-50,84775430E-6	
166,40000000E-3	-50,71093000E-6	
166,20000000E-3	-50,60549195E-6	
165,90000000E-3	-50,52932689E-6	
165,60000000E-3	-50,48210054E-6	
165,40000000E-3	-50,42930087E-6	
164,90000000E-3	-50,31950557E-6	
164,50000000E-3	-50,14274980E-6	
164,20000000E-3	-49,96179574E-6	
163,60000000E-3	-49,84207078E-6	
163,40000000E-3	-49,79469490E-6	
163,40000000E-3	-49,75933569E-6	
162,80000000E-3	-49,67938711E-6	
162,40000000E-3	-49,54795837E-6	
161,80000000E-3	-49,40003079E-6	
161,60000000E-3	-49,25584093E-6	
161,40000000E-3	-49,11072090E-6	
160,80000000E-3	-48,98976328E-6	
160,60000000E-3	-48,89791602E-6	
160,40000000E-3	-48,82319986E-6	
159,80000000E-3	-48,76058247E-6	
159,40000000E-3	-48,69590938E-6	
159,20000000E-3	-48,62077925E-6	
158,80000000E-3	-48,51096885E-6	
158,40000000E-3	-48,39252883E-6	
158,20000000E-3	-48,27377950E-6	
157,70000000E-3	-48,16053021E-6	
157,50000000E-3	-48,06613111E-6	
157,00000000E-3	-47,96350951E-6	
156,70000000E-3	-47,85271167E-6	
156,50000000E-3	-47,72842045E-6	
155,90000000E-3	-47,59957054E-6	
155,50000000E-3	-47,46611579E-6	
155,30000000E-3	-47,32989972E-6	
154,80000000E-3	-47,19400500E-6	
154,60000000E-3	-47,10921879E-6	
154,30000000E-3	-47,04233612E-6	
154,10000000E-3	-46,94848731E-6	
153,40000000E-3	-46,85387813E-6	
153,20000000E-3	-46,76189837E-6	
152,70000000E-3	-46,66048772E-6	
152,50000000E-3	-46,54905125E-6	
151,90000000E-3	-46,44849852E-6	
151,70000000E-3	-46,34885043E-6	
151,20000000E-3	-46,23150608E-6	
150,90000000E-3	-46,12450468E-6	
150,90000000E-3	-46,01800407E-6	
150,20000000E-3	-45,90804540E-6	
149,90000000E-3	-45,80311673E-6	
149,50000000E-3	-45,69925513E-6	
149,50000000E-3	-45,58512114E-6	
149,10000000E-3	-45,46616639E-6	
148,60000000E-3	-45,35036874E-6	
148,10000000E-3	-45,23596432E-6	
147,80000000E-3	-45,12598722E-6	
147,60000000E-3	-45,01406233E-6	
147,60000000E-3	-44,91642607E-6	
147,60000000E-3	-44,80990952E-6	
147,30000000E-3	-44,70931100E-6	
146,00000000E-3	-44,61036733E-6	
145,90000000E-3	-44,51220624E-6	
145,80000000E-3	-44,41918829E-6	
144,90000000E-3	-44,32941198E-6	
144,60000000E-3	-44,23642189E-6	
144,30000000E-3	-44,14145014E-6	
143,90000000E-3	-44,05146094E-6	
143,60000000E-3	-43,95720745E-6	
143,40000000E-3	-43,86705253E-6	
143,10000000E-3	-43,76506897E-6	
142,60000000E-3	-43,67615871E-6	
142,20000000E-3	-43,58855620E-6	
141,90000000E-3	-43,49203168E-6	
141,70000000E-3	-43,38439721E-6	
141,10000000E-3	-43,27965882E-6	
140,70000000E-3	-43,17721186E-6	
140,40000000E-3	-43,06989880E-6	
140,10000000E-3	-42,94751482E-6	
139,70000000E-3	-42,82533277E-6	
139,40000000E-3	-42,70009191E-6	
139,10000000E-3	-42,58925822E-6	
138,70000000E-3	-42,49131042E-6	
138,50000000E-3	-42,39521767E-6	
138,00000000E-3	-42,29787801E-6	
137,50000000E-3	-42,20782327E-6	
137,30000000E-3	-42,11697523E-6	
136,80000000E-3	-42,01702944E-6	
136,60000000E-3	-41,91706292E-6	
136,40000000E-3	-41,81912778E-6	
135,90000000E-3	-41,71564229E-6	
135,60000000E-3	-41,59947916E-6	
135,20000000E-3	-41,48813076E-6	
134,70000000E-3	-41,38242889E-6	
134,40000000E-3	-41,26830067E-6	
134,10000000E-3	-41,15425752E-6	
133,80000000E-3	-41,04338503E-6	
133,50000000E-3	-40,91291147E-6	
133,10000000E-3	-40,78976821E-6	
132,60000000E-3	-40,67625365E-6	
132,40000000E-3	-40,56765939E-6	
132,10000000E-3	-40,44143695E-6	
131,60000000E-3	-40,32731405E-6	
131,40000000E-3	-40,22198385E-6	
131,40000000E-3	-40,11858004E-6	
131,40000000E-3	-40,02012610E-6	
130,30000000E-3	-39,92870158E-6	
130,10000000E-3	-39,83352196E-6	
129,60000000E-3	-39,73719544E-6	
129,10000000E-3	-39,63488745E-6	
129,10000000E-3	-39,52902547E-6	
128,90000000E-3	-39,42826686E-6	
128,20000000E-3	-39,32363540E-6	
128,00000000E-3	-39,22314035E-6	
127,50000000E-3	-39,12580169E-6	
127,30000000E-3	-39,03217773E-6	
127,30000000E-3	-38,93871017E-6	
126,80000000E-3	-38,83186050E-6	
126,20000000E-3	-38,72516833E-6	
125,70000000E-3	-38,62954300E-6	
125,50000000E-3	-38,52426146E-6	
125,20000000E-3	-38,40244047E-6	
124,80000000E-3	-38,29311156E-6	
124,20000000E-3	-38,18999415E-6	
124,20000000E-3	-38,07915233E-6	
123,70000000E-3	-37,97300230E-6	
123,30000000E-3	-37,87430797E-6	
123,00000000E-3	-37,77968301E-6	
122,70000000E-3	-37,68261967E-6	
122,30000000E-3	-37,59894533E-6	
122,00000000E-3	-37,51090488E-6	
121,50000000E-3	-37,41578229E-6	
121,30000000E-3	-37,32100167E-6	
120,80000000E-3	-37,23113657E-6	
120,50000000E-3	-37,13405077E-6	
120,30000000E-3	-37,02114665E-6	
119,80000000E-3	-36,90976868E-6	
119,50000000E-3	-36,79864017E-6	
119,30000000E-3	-36,67189637E-6	
118,70000000E-3	-36,53021581E-6	
118,30000000E-3	-36,39656768E-6	
118,10000000E-3	-36,27543913E-6	
117,60000000E-3	-36,15705445E-6	
117,40000000E-3	-36,06067678E-6	
117,10000000E-3	-35,97796317E-6	
116,60000000E-3	-35,90000082E-6	
116,10000000E-3	-35,82231108E-6	
115,90000000E-3	-35,74396978E-6	
115,60000000E-3	-35,66472790E-6	
115,10000000E-3	-35,57434298E-6	
114,90000000E-3	-35,48080921E-6	
114,60000000E-3	-35,38088736E-6	
114,10000000E-3	-35,26130803E-6	
113,60000000E-3	-35,14206904E-6	
113,40000000E-3	-35,02522206E-6	
113,10000000E-3	-34,89918044E-6	
112,60000000E-3	-34,76136494E-6	
112,60000000E-3	-34,63152574E-6	
112,20000000E-3	-34,51853788E-6	
112,20000000E-3	-34,41092661E-6	
111,20000000E-3	-34,31043329E-6	
111,10000000E-3	-34,21714892E-6	
110,70000000E-3	-34,12619970E-6	
110,40000000E-3	-34,03154440E-6	
110,40000000E-3	-33,93971214E-6	
109,40000000E-3	-33,85450752E-6	
109,20000000E-3	-33,76271843E-6	
108,90000000E-3	-33,67919462E-6	
108,40000000E-3	-33,59306665E-6	
108,10000000E-3	-33,50436488E-6	
107,90000000E-3	-33,41636837E-6	
107,40000000E-3	-33,32887411E-6	
107,20000000E-3	-33,23469073E-6	
106,90000000E-3	-33,13376698E-6	
106,40000000E-3	-33,02019226E-6	
106,20000000E-3	-32,90396390E-6	
106,20000000E-3	-32,77166943E-6	
105,20000000E-3	-32,64524048E-6	
104,90000000E-3	-32,52645942E-6	
104,70000000E-3	-32,41378893E-6	
104,20000000E-3	-32,31298245E-6	
103,90000000E-3	-32,22513984E-6	
103,70000000E-3	-32,14539548E-6	
103,20000000E-3	-32,06714933E-6	
102,90000000E-3	-31,99998513E-6	
102,70000000E-3	-31,92641731E-6	
102,20000000E-3	-31,82430187E-6	
101,80000000E-3	-31,70861401E-6	
101,80000000E-3	-31,57927522E-6	
101,20000000E-3	-31,43671340E-6	
100,80000000E-3	-31,30608703E-6	
100,80000000E-3	-31,21205754E-6	
100,30000000E-3	-31,14757007E-6	
99,90000000E-3	-31,08511588E-6	
99,40000000E-3	-31,01089757E-6	
99,10000000E-3	-30,92660860E-6	
98,80000000E-3	-30,81579543E-6	
98,30000000E-3	-30,68342560E-6	
98,10000000E-3	-30,54064934E-6	
97,90000000E-3	-30,40970922E-6	
97,60000000E-3	-30,30070524E-6	
97,10000000E-3	-30,22945027E-6	
96,70000000E-3	-30,17961878E-6	
96,10000000E-3	-30,11670084E-6	
95,90000000E-3	-30,00663095E-6	
95,60000000E-3	-29,86264707E-6	
95,10000000E-3	-29,72961526E-6	
94,90000000E-3	-29,61013317E-6	
94,60000000E-3	-29,51573548E-6	
94,20000000E-3	-29,44507677E-6	
93,70000000E-3	-29,38721243E-6	
93,50000000E-3	-29,30936065E-6	
93,10000000E-3	-29,20057386E-6	
92,70000000E-3	-29,06030773E-6	
92,50000000E-3	-28,91922411E-6	
92,30000000E-3	-28,79600173E-6	
91,60000000E-3	-28,70620711E-6	
91,30000000E-3	-28,63846394E-6	
90,80000000E-3	-28,58080729E-6	
90,70000000E-3	-28,50718386E-6	
90,40000000E-3	-28,41485798E-6	
89,90000000E-3	-28,30133911E-6	
89,50000000E-3	-28,18384591E-6	
89,30000000E-3	-28,06752821E-6	
88,80000000E-3	-27,94193219E-6	
88,50000000E-3	-27,81534764E-6	
88,30000000E-3	-27,70667939E-6	
87,80000000E-3	-27,60534712E-6	
87,70000000E-3	-27,49995639E-6	
87,10000000E-3	-27,40455420E-6	
87,10000000E-3	-27,31553207E-6	
86,60000000E-3	-27,22085980E-6	
86,60000000E-3	-27,13456490E-6	
86,00000000E-3	-27,05769557E-6	
85,60000000E-3	-26,98027763E-6	
84,90000000E-3	-26,90217645E-6	
84,70000000E-3	-26,81740031E-6	
84,20000000E-3	-26,72658218E-6	
83,90000000E-3	-26,62187028E-6	
83,70000000E-3	-26,51283277E-6	
83,70000000E-3	-26,39328355E-6	
82,80000000E-3	-26,28294215E-6	
82,60000000E-3	-26,16917291E-6	
82,10000000E-3	-26,06094284E-6	
81,70000000E-3	-25,95207385E-6	
81,40000000E-3	-25,84163689E-6	
81,00000000E-3	-25,72803337E-6	
81,00000000E-3	-25,62172229E-6	
80,40000000E-3	-25,51608721E-6	
79,90000000E-3	-25,41132844E-6	
79,60000000E-3	-25,31254383E-6	
79,40000000E-3	-25,21915031E-6	
78,90000000E-3	-25,10777948E-6	
78,50000000E-3	-25,00293670E-6	
78,20000000E-3	-24,91042596E-6	
78,00000000E-3	-24,81507557E-6	
77,50000000E-3	-24,70951853E-6	
77,10000000E-3	-24,61200807E-6	
76,90000000E-3	-24,51328464E-6	
76,40000000E-3	-24,41444874E-6	
76,20000000E-3	-24,32130374E-6	
75,70000000E-3	-24,22865751E-6	
75,50000000E-3	-24,13121678E-6	
75,00000000E-3	-24,02689353E-6	
74,80000000E-3	-23,92734780E-6	
74,50000000E-3	-23,82669044E-6	
74,10000000E-3	-23,72251059E-6	
73,60000000E-3	-23,62738270E-6	
73,40000000E-3	-23,53938415E-6	
73,40000000E-3	-23,45067357E-6	
73,40000000E-3	-23,35674750E-6	
72,10000000E-3	-23,25989672E-6	
71,90000000E-3	-23,16210463E-6	
71,60000000E-3	-23,06776115E-6	
71,20000000E-3	-22,96841606E-6	
71,10000000E-3	-22,87418828E-6	
70,50000000E-3	-22,77249482E-6	
70,10000000E-3	-22,67213187E-6	
69,80000000E-3	-22,57885545E-6	
69,60000000E-3	-22,48036199E-6	
69,00000000E-3	-22,36911576E-6	
68,70000000E-3	-22,26570989E-6	
68,30000000E-3	-22,16931594E-6	
68,00000000E-3	-22,06528422E-6	
67,80000000E-3	-21,95214124E-6	
67,30000000E-3	-21,84513342E-6	
67,20000000E-3	-21,74157367E-6	
66,60000000E-3	-21,63419307E-6	
66,20000000E-3	-21,52850591E-6	
65,90000000E-3	-21,42141876E-6	
65,70000000E-3	-21,29794613E-6	
65,20000000E-3	-21,18945243E-6	
64,80000000E-3	-21,08745255E-6	
64,60000000E-3	-20,97721441E-6	
64,10000000E-3	-20,85442336E-6	
63,80000000E-3	-20,73413050E-6	
63,50000000E-3	-20,60916067E-6	
63,40000000E-3	-20,48440716E-6	
62,80000000E-3	-20,35926514E-6	
62,30000000E-3	-20,23959307E-6	
62,10000000E-3	-20,11021061E-6	
61,90000000E-3	-19,98160987E-6	
61,40000000E-3	-19,86517481E-6	
60,90000000E-3	-19,75644268E-6	
60,70000000E-3	-19,65511980E-6	
60,50000000E-3	-19,55014605E-6	
60,20000000E-3	-19,44915407E-6	
59,60000000E-3	-19,34108751E-6	
59,30000000E-3	-19,22676041E-6	
58,90000000E-3	-19,11668026E-6	
58,70000000E-3	-19,00292292E-6	
58,30000000E-3	-18,88104150E-6	
57,80000000E-3	-18,76083416E-6	
57,30000000E-3	-18,64123340E-6	
57,10000000E-3	-18,49661023E-6	
56,70000000E-3	-18,36210654E-6	
56,50000000E-3	-18,23418299E-6	
56,10000000E-3	-18,09554393E-6	
55,80000000E-3	-17,95962789E-6	
55,50000000E-3	-17,82278445E-6	
55,10000000E-3	-17,69139757E-6	
54,60000000E-3	-17,55226407E-6	
54,20000000E-3	-17,41506912E-6	
54,20000000E-3	-17,28830729E-6	
53,90000000E-3	-17,16705028E-6	
53,30000000E-3	-17,03585927E-6	
52,80000000E-3	-16,91364263E-6	
52,40000000E-3	-16,79882960E-6	
52,20000000E-3	-16,67872672E-6	
51,70000000E-3	-16,55844146E-6	
51,50000000E-3	-16,44080063E-6	
51,10000000E-3	-16,32640616E-6	
50,80000000E-3	-16,19694910E-6	
50,40000000E-3	-16,05981432E-6	
50,00000000E-3	-15,92512203E-6	
49,80000000E-3	-15,78842981E-6	
49,80000000E-3	-15,63047294E-6	
49,10000000E-3	-15,48408860E-6	
49,10000000E-3	-15,35063589E-6	
48,60000000E-3	-15,20788663E-6	
48,00000000E-3	-15,06709922E-6	
47,60000000E-3	-14,94864278E-6	
47,50000000E-3	-14,82884031E-6	
46,90000000E-3	-14,70905950E-6	
46,50000000E-3	-14,59675748E-6	
46,30000000E-3	-14,47808413E-6	
45,80000000E-3	-14,34552574E-6	
45,40000000E-3	-14,21305969E-6	
45,00000000E-3	-14,07196499E-6	
44,70000000E-3	-13,91662755E-6	
44,40000000E-3	-13,76749675E-6	
44,10000000E-3	-13,61574855E-6	
43,80000000E-3	-13,47817921E-6	
43,40000000E-3	-13,34637316E-6	
43,00000000E-3	-13,22139489E-6	
42,50000000E-3	-13,10439348E-6	
42,30000000E-3	-12,98834051E-6	
41,90000000E-3	-12,86941145E-6	
41,70000000E-3	-12,75538628E-6	
41,20000000E-3	-12,63791308E-6	
41,00000000E-3	-12,51155886E-6	
40,50000000E-3	-12,38891904E-6	
40,10000000E-3	-12,26003412E-6	
39,80000000E-3	-12,12258085E-6	
39,40000000E-3	-11,98471697E-6	
39,10000000E-3	-11,83653786E-6	
38,80000000E-3	-11,69477324E-6	
38,50000000E-3	-11,55714193E-6	
37,90000000E-3	-11,42774750E-6	
37,70000000E-3	-11,30829305E-6	
37,30000000E-3	-11,18678419E-6	
37,30000000E-3	-11,06348386E-6	
36,60000000E-3	-10,94889993E-6	
36,40000000E-3	-10,83943741E-6	
36,10000000E-3	-10,73212363E-6	
35,40000000E-3	-10,61844803E-6	
35,30000000E-3	-10,50643175E-6	
34,80000000E-3	-10,38622278E-6	
34,60000000E-3	-10,26251263E-6	
34,10000000E-3	-10,14293732E-6	
33,90000000E-3	-10,01476490E-6	
33,50000000E-3	-9,87783328E-6	
33,00000000E-3	-9,74621044E-6	
32,80000000E-3	-9,61219674E-6	
32,50000000E-3	-9,47292676E-6	
32,00000000E-3	-9,33511432E-6	
31,80000000E-3	-9,20553385E-6	
31,30000000E-3	-9,08615682E-6	
30,80000000E-3	-8,94924836E-6	
30,70000000E-3	-8,82415616E-6	
30,20000000E-3	-8,70915623E-6	
30,00000000E-3	-8,59886717E-6	
29,50000000E-3	-8,48946133E-6	
29,10000000E-3	-8,37960152E-6	
28,90000000E-3	-8,26336835E-6	
28,40000000E-3	-8,14620303E-6	
28,20000000E-3	-8,03656632E-6	
27,70000000E-3	-7,92717595E-6	
27,50000000E-3	-7,81220459E-6	
27,10000000E-3	-7,69931896E-6	
26,90000000E-3	-7,58614350E-6	
26,50000000E-3	-7,47130492E-6	
25,90000000E-3	-7,34349172E-6	
25,80000000E-3	-7,21069118E-6	
25,30000000E-3	-7,08200413E-6	
25,10000000E-3	-6,95169194E-6	
24,60000000E-3	-6,83018982E-6	
24,40000000E-3	-6,70242294E-6	
24,20000000E-3	-6,56437194E-6	
23,60000000E-3	-6,43608644E-6	
23,10000000E-3	-6,31759176E-6	
22,80000000E-3	-6,19984295E-6	
22,40000000E-3	-6,06385742E-6	
22,10000000E-3	-5,94200886E-6	
21,70000000E-3	-5,82881694E-6	
21,50000000E-3	-5,70351148E-6	
21,20000000E-3	-5,57349014E-6	
20,80000000E-3	-5,45789438E-6	
20,30000000E-3	-5,34578571E-6	
20,10000000E-3	-5,23031001E-6	
19,80000000E-3	-5,11947048E-6	
19,30000000E-3	-5,01073699E-6	
19,00000000E-3	-4,88988823E-6	
18,70000000E-3	-4,76934135E-6	
18,30000000E-3	-4,65828195E-6	
18,00000000E-3	-4,54110921E-6	
17,60000000E-3	-4,42050633E-6	
17,20000000E-3	-4,30727869E-6	
16,80000000E-3	-4,19800106E-6	
16,50000000E-3	-4,08010718E-6	
16,10000000E-3	-3,96701947E-6	
15,80000000E-3	-3,85879959E-6	
15,40000000E-3	-3,73514020E-6	
15,20000000E-3	-3,61779235E-6	
14,80000000E-3	-3,50051234E-6	
14,30000000E-3	-3,38782618E-6	
14,10000000E-3	-3,26400609E-6	
13,70000000E-3	-3,15562657E-6	
13,40000000E-3	-3,04907300E-6	
13,00000000E-3	-2,93251493E-6	
12,80000000E-3	-2,81306913E-6	
12,10000000E-3	-2,70577923E-6	
12,10000000E-3	-2,59282085E-6	
11,40000000E-3	-2,47949771E-6	
11,20000000E-3	-2,36643047E-6	
10,80000000E-3	-2,26064187E-6	
10,60000000E-3	-2,15381191E-6	
10,20000000E-3	-2,03813983E-6	
9,90000000E-3	-1,93060697E-6	
9,50000000E-3	-1,82138072E-6	
9,20000000E-3	-1,71222617E-6	
8,80000000E-3	-1,59397650E-6	
8,30000000E-3	-1,48730160E-6	
8,10000000E-3	-1,36929297E-6	
7,70000000E-3	-1,24935195E-6	
7,40000000E-3	-1,14508659E-6	
7,00000000E-3	-1,03453267E-6	
6,80000000E-3	-920,51487471E-9	
6,60000000E-3	-814,65006818E-9	
6,10000000E-3	-709,79901652E-9	
5,70000000E-3	-596,92828605E-9	
5,20000000E-3	-486,56976423E-9	
5,00000000E-3	-381,96335325E-9	
4,50000000E-3	-265,17889515E-9	
4,10000000E-3	-154,65586285E-9	
3,90000000E-3	-53,04242099E-9	
3,50000000E-3	52,48805462E-9	
3,20000000E-3	165,61210409E-9	
2,70000000E-3	273,40952672E-9	
2,30000000E-3	373,79695129E-9	
2,10000000E-3	480,22973940E-9	
1,60000000E-3	592,91467114E-9	
1,40000000E-3	698,38562622E-9	
900,00000000E-6	802,93744777E-9	
600,00000000E-6	912,55943701E-9	
200,00000000E-6	1,02983291E-6	
0,00000000E+0	1,13321566E-6	
-400,00000000E-6	1,24946041E-6	
-900,00000000E-6	1,36030794E-6	
-1,30000000E-3	1,46851340E-6	
-1,60000000E-3	1,56962947E-6	
-1,90000000E-3	1,69382405E-6	
-2,30000000E-3	1,81205230E-6	
-2,60000000E-3	1,92871907E-6	
-3,20000000E-3	2,06133704E-6	
-3,40000000E-3	2,18093335E-6	
-3,90000000E-3	2,28879589E-6	
-4,00000000E-3	2,39412007E-6	
-4,40000000E-3	2,50571364E-6	
-4,70000000E-3	2,61058408E-6	
-5,10000000E-3	2,71029408E-6	
-5,40000000E-3	2,81166524E-6	
-5,80000000E-3	2,91652900E-6	
-6,00000000E-3	3,02490434E-6	
-6,40000000E-3	3,14308446E-6	
-6,90000000E-3	3,26585889E-6	
-7,40000000E-3	3,38927908E-6	
-7,60000000E-3	3,49714074E-6	
-8,00000000E-3	3,61349505E-6	
-8,20000000E-3	3,71737345E-6	
-8,70000000E-3	3,82374752E-6	
-8,90000000E-3	3,94359586E-6	
-9,30000000E-3	4,07023515E-6	
-9,80000000E-3	4,19628407E-6	
-10,10000000E-3	4,31865542E-6	
-10,40000000E-3	4,43044440E-6	
-10,80000000E-3	4,54179225E-6	
-11,10000000E-3	4,65567820E-6	
-11,50000000E-3	4,78005194E-6	
-11,90000000E-3	4,90766337E-6	
-12,20000000E-3	5,03792318E-6	
-12,60000000E-3	5,15495000E-6	
-12,80000000E-3	5,26997368E-6	
-13,30000000E-3	5,38390478E-6	
-13,50000000E-3	5,49672502E-6	
-13,90000000E-3	5,61778767E-6	
-14,10000000E-3	5,75730422E-6	
-14,80000000E-3	5,87995353E-6	
-15,00000000E-3	5,99572228E-6	
-15,50000000E-3	6,11043589E-6	
-15,70000000E-3	6,22905198E-6	
-16,10000000E-3	6,35650720E-6	
-16,40000000E-3	6,49487817E-6	
-16,80000000E-3	6,62536924E-6	
-17,00000000E-3	6,74811131E-6	
-17,40000000E-3	6,87445014E-6	
-17,90000000E-3	7,00500357E-6	
-18,10000000E-3	7,12607395E-6	
-18,60000000E-3	7,24874427E-6	
-18,80000000E-3	7,37908282E-6	
-19,20000000E-3	7,51770138E-6	
-19,50000000E-3	7,64423801E-6	
-19,90000000E-3	7,78252363E-6	
-20,10000000E-3	7,92450492E-6	
-20,70000000E-3	8,05096065E-6	
-21,00000000E-3	8,17371248E-6	
-21,40000000E-3	8,30976025E-6	
-21,70000000E-3	8,44668870E-6	
-22,00000000E-3	8,57705456E-6	
-22,40000000E-3	8,71626162E-6	
-22,70000000E-3	8,86818501E-6	
-23,00000000E-3	9,01171008E-6	
-23,40000000E-3	9,15441790E-6	
-23,90000000E-3	9,30239954E-6	
-24,10000000E-3	9,44667684E-6	
-24,60000000E-3	9,58618523E-6	
-24,80000000E-3	9,73113826E-6	
-25,20000000E-3	9,87509022E-6	
-25,40000000E-3	10,02862554E-6	
-26,10000000E-3	10,16570921E-6	
-26,30000000E-3	10,32367709E-6	
-26,70000000E-3	10,46951263E-6	
-27,00000000E-3	10,61344239E-6	
-27,40000000E-3	10,75680787E-6	
-27,60000000E-3	10,92512621E-6	
-28,10000000E-3	11,07771172E-6	
-28,30000000E-3	11,23268024E-6	
-28,70000000E-3	11,39265554E-6	
-29,20000000E-3	11,54335978E-6	
-29,40000000E-3	11,69761026E-6	
-29,90000000E-3	11,86068591E-6	
-30,10000000E-3	12,02742319E-6	
-30,50000000E-3	12,18906330E-6	
-30,70000000E-3	12,35158014E-6	
-31,30000000E-3	12,52597439E-6	
-31,60000000E-3	12,68807124E-6	
-32,00000000E-3	12,84207254E-6	
-32,30000000E-3	12,99850406E-6	
-32,60000000E-3	13,17604888E-6	
-32,90000000E-3	13,33879905E-6	
-33,30000000E-3	13,50366184E-6	
-33,80000000E-3	13,67706575E-6	
-34,10000000E-3	13,84129264E-6	
-34,50000000E-3	14,00050925E-6	
-34,70000000E-3	14,16924204E-6	
-35,20000000E-3	14,34590827E-6	
-35,40000000E-3	14,50826857E-6	
-35,80000000E-3	14,67185695E-6	
-36,00000000E-3	14,85043985E-6	
-36,60000000E-3	15,02041599E-6	
-36,90000000E-3	15,18274052E-6	
-37,30000000E-3	15,36319518E-6	
-37,60000000E-3	15,55604732E-6	
-38,00000000E-3	15,73160648E-6	
-38,30000000E-3	15,90209533E-6	
-38,70000000E-3	16,08363150E-6	
-39,20000000E-3	16,26153632E-6	
-39,40000000E-3	16,43125648E-6	
-39,80000000E-3	16,60871288E-6	
-40,10000000E-3	16,79075181E-6	
-40,50000000E-3	16,96407458E-6	
-40,70000000E-3	17,12499340E-6	
-41,10000000E-3	17,31122792E-6	
-41,60000000E-3	17,48863162E-6	
-41,80000000E-3	17,66710065E-6	
-42,30000000E-3	17,85132956E-6	
-42,50000000E-3	18,03199797E-6	
-43,00000000E-3	18,20423772E-6	
-43,20000000E-3	18,37976252E-6	
-43,60000000E-3	18,56181903E-6	
-44,10000000E-3	18,73099463E-6	
-44,40000000E-3	18,89351122E-6	
-44,80000000E-3	19,06627952E-6	
-45,00000000E-3	19,24905739E-6	
-45,40000000E-3	19,42306711E-6	
-45,80000000E-3	19,58739543E-6	
-46,00000000E-3	19,76229462E-6	
-46,40000000E-3	19,93209419E-6	
-46,60000000E-3	20,09784563E-6	
-47,10000000E-3	20,26840994E-6	
-47,60000000E-3	20,44209161E-6	
-47,80000000E-3	20,61177277E-6	
-48,20000000E-3	20,78061172E-6	
-48,50000000E-3	20,94514452E-6	
-48,90000000E-3	21,12157244E-6	
-49,10000000E-3	21,28849012E-6	
-49,70000000E-3	21,45119659E-6	
-50,00000000E-3	21,61796100E-6	
-50,30000000E-3	21,77451168E-6	
-50,70000000E-3	21,91726076E-6	
-50,90000000E-3	22,08759021E-6	
-51,40000000E-3	22,24782123E-6	
-51,60000000E-3	22,40246605E-6	
-52,10000000E-3	22,55152319E-6	
-52,30000000E-3	22,69060532E-6	
-52,80000000E-3	22,82652447E-6	
-53,00000000E-3	22,96620770E-6	
-53,40000000E-3	23,13664265E-6	
-53,90000000E-3	23,29497581E-6	
-54,10000000E-3	23,43633324E-6	
-54,60000000E-3	23,58851155E-6	
-54,80000000E-3	23,72393588E-6	
-55,20000000E-3	23,85563442E-6	
-55,50000000E-3	23,99731086E-6	
-55,90000000E-3	24,14796740E-6	
-56,40000000E-3	24,29145348E-6	
-56,60000000E-3	24,43172189E-6	
-57,10000000E-3	24,57256521E-6	
-57,30000000E-3	24,69984752E-6	
-57,70000000E-3	24,82845894E-6	
-58,00000000E-3	24,96388726E-6	
-58,40000000E-3	25,10092786E-6	
-58,90000000E-3	25,23801033E-6	
-59,10000000E-3	25,37552748E-6	
-59,60000000E-3	25,50587919E-6	
-59,80000000E-3	25,63577044E-6	
-60,20000000E-3	25,75064967E-6	
-60,50000000E-3	25,86895108E-6	
-60,80000000E-3	25,98887558E-6	
-61,40000000E-3	26,11263719E-6	
-61,60000000E-3	26,23047379E-6	
-62,10000000E-3	26,36011418E-6	
-62,30000000E-3	26,48820775E-6	
-62,70000000E-3	26,61308859E-6	
-63,00000000E-3	26,73001498E-6	
-63,30000000E-3	26,84567676E-6	
-63,60000000E-3	26,94738935E-6	
-63,90000000E-3	27,05358068E-6	
-64,30000000E-3	27,16793631E-6	
-64,80000000E-3	27,29597174E-6	
-65,20000000E-3	27,41653846E-6	
-65,50000000E-3	27,53366799E-6	
-65,80000000E-3	27,64105797E-6	
-66,10000000E-3	27,75074117E-6	
-66,30000000E-3	27,85998666E-6	
-66,80000000E-3	27,96453474E-6	
-67,30000000E-3	28,06846699E-6	
-67,50000000E-3	28,18005591E-6	
-67,90000000E-3	28,29830495E-6	
-68,20000000E-3	28,41432754E-6	
-68,70000000E-3	28,52043538E-6	
-68,90000000E-3	28,62078997E-6	
-69,30000000E-3	28,72235238E-6	
-69,50000000E-3	28,82169065E-6	
-70,00000000E-3	28,92463813E-6	
-70,50000000E-3	29,03221771E-6	
-70,70000000E-3	29,15052546E-6	
-71,20000000E-3	29,25678009E-6	
-71,40000000E-3	29,35883865E-6	
-71,80000000E-3	29,45313538E-6	
-72,00000000E-3	29,53997198E-6	
-72,50000000E-3	29,63368869E-6	
-72,70000000E-3	29,74149548E-6	
-73,20000000E-3	29,85076938E-6	
-73,60000000E-3	29,96237356E-6	
-73,90000000E-3	30,06932358E-6	
-74,30000000E-3	30,16308444E-6	
-74,50000000E-3	30,24901343E-6	
-75,00000000E-3	30,33830361E-6	
-75,20000000E-3	30,44025160E-6	
-75,60000000E-3	30,54483362E-6	
-75,90000000E-3	30,64325647E-6	
-76,30000000E-3	30,73370254E-6	
-76,60000000E-3	30,82138674E-6	
-76,90000000E-3	30,91685130E-6	
-77,50000000E-3	31,02886515E-6	
-77,70000000E-3	31,14480809E-6	
-78,10000000E-3	31,23748777E-6	
-78,40000000E-3	31,32538580E-6	
-78,80000000E-3	31,41459946E-6	
-79,10000000E-3	31,50650034E-6	
-79,40000000E-3	31,61320258E-6	
-80,00000000E-3	31,72609233E-6	
-80,20000000E-3	31,83834827E-6	
-80,60000000E-3	31,93003013E-6	
-80,80000000E-3	32,01279801E-6	
-81,20000000E-3	32,10514872E-6	
-81,50000000E-3	32,20594063E-6	
-81,80000000E-3	32,31100805E-6	
-82,40000000E-3	32,43096956E-6	
-82,60000000E-3	32,53321420E-6	
-83,10000000E-3	32,61806129E-6	
-83,30000000E-3	32,69728828E-6	
-83,70000000E-3	32,78849458E-6	
-84,00000000E-3	32,88231089E-6	
-84,30000000E-3	32,98384147E-6	
-84,70000000E-3	33,09558116E-6	
-84,90000000E-3	33,20176539E-6	
-85,60000000E-3	33,29375511E-6	
-85,90000000E-3	33,38631643E-6	
-86,10000000E-3	33,48018965E-6	
-86,50000000E-3	33,57434542E-6	
-86,80000000E-3	33,67923197E-6	
-87,20000000E-3	33,80008871E-6	
-87,60000000E-3	33,90188306E-6	
-88,00000000E-3	33,99352824E-6	
-88,30000000E-3	34,08403356E-6	
-88,60000000E-3	34,17406974E-6	
-89,00000000E-3	34,27395066E-6	
-89,30000000E-3	34,37906474E-6	
-89,70000000E-3	34,50116511E-6	
-89,90000000E-3	34,60150623E-6	
-90,40000000E-3	34,68664607E-6	
-90,80000000E-3	34,77322854E-6	
-91,10000000E-3	34,87304118E-6	
-91,50000000E-3	34,98390096E-6	
-91,70000000E-3	35,09392961E-6	
-92,20000000E-3	35,19466988E-6	
-92,40000000E-3	35,28570643E-6	
-92,90000000E-3	35,37154823E-6	
-93,30000000E-3	35,46906330E-6	
-93,60000000E-3	35,57984966E-6	
-94,00000000E-3	35,69695571E-6	
-94,20000000E-3	35,80928155E-6	
-94,70000000E-3	35,91263538E-6	
-94,90000000E-3	35,99652957E-6	
-95,40000000E-3	36,07590126E-6	
-95,80000000E-3	36,17743832E-6	
-96,00000000E-3	36,30348500E-6	
-96,50000000E-3	36,41774418E-6	
-96,70000000E-3	36,50894260E-6	
-97,20000000E-3	36,59315793E-6	
-97,40000000E-3	36,68920604E-6	
-97,90000000E-3	36,80540205E-6	
-98,10000000E-3	36,92466824E-6	
-98,40000000E-3	37,01874150E-6	
-99,00000000E-3	37,09847066E-6	
-99,20000000E-3	37,19295587E-6	
-99,60000000E-3	37,31002812E-6	
-99,90000000E-3	37,42912782E-6	
-100,20000000E-3	37,52099316E-6	
-100,60000000E-3	37,60799742E-6	
-100,80000000E-3	37,70624378E-6	
-101,30000000E-3	37,82228336E-6	
-101,50000000E-3	37,94037723E-6	
-102,10000000E-3	38,03604391E-6	
-102,40000000E-3	38,11998677E-6	
-102,60000000E-3	38,20934127E-6	
-103,10000000E-3	38,33510173E-6	
-103,30000000E-3	38,46066879E-6	
-103,70000000E-3	38,56316990E-6	
-104,00000000E-3	38,65438273E-6	
-104,50000000E-3	38,74185714E-6	
-104,90000000E-3	38,83181745E-6	
-105,10000000E-3	38,93248718E-6	
-105,60000000E-3	39,05056447E-6	
-105,80000000E-3	39,16788868E-6	
-106,30000000E-3	39,28321379E-6	
-106,50000000E-3	39,40139404E-6	
-106,90000000E-3	39,51060504E-6	
-107,40000000E-3	39,60682517E-6	
-107,60000000E-3	39,69705727E-6	
-108,10000000E-3	39,78587652E-6	
-108,30000000E-3	39,87486379E-6	
-108,80000000E-3	39,96938729E-6	
-109,00000000E-3	40,07138863E-6	
-109,40000000E-3	40,19509921E-6	
-109,90000000E-3	40,30872456E-6	
-110,20000000E-3	40,42223630E-6	
-110,60000000E-3	40,53556822E-6	
-110,80000000E-3	40,65081075E-6	
-111,30000000E-3	40,75943106E-6	
-111,50000000E-3	40,86970770E-6	
-111,70000000E-3	40,97827352E-6	
-112,50000000E-3	41,07941111E-6	
-112,70000000E-3	41,17313166E-6	
-112,90000000E-3	41,26549043E-6	
-113,40000000E-3	41,36562425E-6	
-113,60000000E-3	41,45691918E-6	
-114,00000000E-3	41,54893578E-6	
-114,30000000E-3	41,65523046E-6	
-114,70000000E-3	41,76307171E-6	
-115,20000000E-3	41,87555224E-6	
-115,40000000E-3	41,99315762E-6	
-115,90000000E-3	42,10892374E-6	
-116,10000000E-3	42,22509614E-6	
-116,60000000E-3	42,34146139E-6	
-116,80000000E-3	42,44864791E-6	
-117,20000000E-3	42,54504651E-6	
-117,50000000E-3	42,63993289E-6	
-117,90000000E-3	42,73455404E-6	
-118,40000000E-3	42,82384226E-6	
-118,60000000E-3	42,91882319E-6	
-119,10000000E-3	43,02463068E-6	
-119,30000000E-3	43,14571382E-6	
-119,50000000E-3	43,25784382E-6	
-120,30000000E-3	43,37150417E-6	
-120,50000000E-3	43,49532339E-6	
-120,90000000E-3	43,60560421E-6	
-121,20000000E-3	43,70846838E-6	
-121,40000000E-3	43,81093219E-6	
-121,80000000E-3	43,91483191E-6	
-122,10000000E-3	44,00809280E-6	
-122,50000000E-3	44,10057202E-6	
-123,00000000E-3	44,20150588E-6	
-123,20000000E-3	44,29934690E-6	
-123,70000000E-3	44,39601747E-6	
-123,90000000E-3	44,49853489E-6	
-124,30000000E-3	44,61452583E-6	
-124,50000000E-3	44,73318931E-6	
-125,00000000E-3	44,84335448E-6	
-125,50000000E-3	44,97233520E-6	
-125,70000000E-3	45,08838282E-6	
-126,10000000E-3	45,19151687E-6	
-126,40000000E-3	45,30002421E-6	
-126,80000000E-3	45,41176461E-6	
-127,00000000E-3	45,51702374E-6	
-127,50000000E-3	45,61113068E-6	
-127,70000000E-3	45,70818796E-6	
-128,10000000E-3	45,80496558E-6	
-128,40000000E-3	45,90096897E-6	
-128,90000000E-3	46,00228385E-6	
-129,30000000E-3	46,09357610E-6	
-129,60000000E-3	46,19238121E-6	
-129,80000000E-3	46,29341831E-6	
-130,20000000E-3	46,40137075E-6	
-130,70000000E-3	46,50650620E-6	
-131,10000000E-3	46,61335219E-6	
-131,40000000E-3	46,72855850E-6	
-131,60000000E-3	46,84092035E-6	
-132,10000000E-3	46,96297586E-6	
-132,30000000E-3	47,08474871E-6	
-132,70000000E-3	47,21308465E-6	
-133,20000000E-3	47,33069609E-6	
-133,50000000E-3	47,43646039E-6	
-133,90000000E-3	47,53338875E-6	
-134,10000000E-3	47,62649016E-6	
-134,60000000E-3	47,71926675E-6	
-134,80000000E-3	47,81727470E-6	
-135,30000000E-3	47,91698962E-6	
-135,50000000E-3	48,01310883E-6	
-136,00000000E-3	48,10287698E-6	
-136,20000000E-3	48,20165771E-6	
-136,50000000E-3	48,30576394E-6	
-137,10000000E-3	48,40565562E-6	
-137,10000000E-3	48,51100990E-6	
-137,80000000E-3	48,62473752E-6	
-138,10000000E-3	48,73297880E-6	
-138,30000000E-3	48,83928663E-6	
-138,70000000E-3	48,95130056E-6	
-139,00000000E-3	49,05775623E-6	
-139,40000000E-3	49,16182905E-6	
-139,80000000E-3	49,26749788E-6	
-140,10000000E-3	49,38923064E-6	
-140,60000000E-3	49,50455943E-6	
-140,80000000E-3	49,61902398E-6	
-141,20000000E-3	49,74330729E-6	
-141,50000000E-3	49,86033303E-6	
-141,90000000E-3	49,97112856E-6	
-142,20000000E-3	50,08480373E-6	
-142,60000000E-3	50,19288473E-6	
-143,10000000E-3	50,28571798E-6	
-143,30000000E-3	50,37030042E-6	
-143,80000000E-3	50,45633640E-6	
-144,00000000E-3	50,55165821E-6	
-144,40000000E-3	50,64999699E-6	
-144,60000000E-3	50,76477647E-6	
-145,00000000E-3	50,88724109E-6	
-145,60000000E-3	51,00421996E-6	
-145,80000000E-3	51,12906766E-6	
-146,30000000E-3	51,25896815E-6	
-146,50000000E-3	51,37056197E-6	
-146,70000000E-3	51,46499567E-6	
-147,20000000E-3	51,55139485E-6	
-147,40000000E-3	51,63669793E-6	
-147,90000000E-3	51,73025167E-6	
-148,10000000E-3	51,84899261E-6	
-148,60000000E-3	51,98937101E-6	
-149,00000000E-3	52,11848448E-6	
-149,20000000E-3	52,22879207E-6	
-149,70000000E-3	52,33080088E-6	
-149,90000000E-3	52,41982866E-6	
-150,40000000E-3	52,49974625E-6	
-150,60000000E-3	52,58521667E-6	
-151,00000000E-3	52,69156122E-6	
-151,50000000E-3	52,80115419E-6	
-151,70000000E-3	52,91556755E-6	
-152,20000000E-3	53,05696416E-6	
-152,40000000E-3	53,19526474E-6	
-152,90000000E-3	53,31374946E-6	
-153,10000000E-3	53,40762728E-6	
-153,60000000E-3	53,48703841E-6	
-153,80000000E-3	53,55173426E-6	
-154,00000000E-3	53,63624583E-6	
-154,70000000E-3	53,74995347E-6	
-154,90000000E-3	53,89402574E-6	
-155,40000000E-3	54,03566698E-6	
-155,70000000E-3	54,16412319E-6	
-155,90000000E-3	54,27796557E-6	
-156,30000000E-3	54,36089614E-6	
-156,50000000E-3	54,43040022E-6	
-157,00000000E-3	54,50371954E-6	
-157,20000000E-3	54,59894358E-6	
-157,70000000E-3	54,71422458E-6	
-158,00000000E-3	54,85756142E-6	
-158,40000000E-3	54,98587676E-6	
-158,80000000E-3	55,10242231E-6	
-159,10000000E-3	55,20627081E-6	
-159,50000000E-3	55,29708674E-6	
-159,70000000E-3	55,38114573E-6	
-160,20000000E-3	55,47148793E-6	
-160,40000000E-3	55,57790838E-6	
-160,90000000E-3	55,68392404E-6	
-161,40000000E-3	55,79375684E-6	
-161,60000000E-3	55,90908929E-6	
-162,10000000E-3	56,03179606E-6	
-162,30000000E-3	56,14739843E-6	
-162,70000000E-3	56,26398173E-6	
-163,00000000E-3	56,39143190E-6	
-163,40000000E-3	56,50375637E-6	
-163,90000000E-3	56,61765520E-6	
-164,10000000E-3	56,73677946E-6	
-164,40000000E-3	56,84792530E-6	
-164,80000000E-3	56,95237384E-6	
-165,00000000E-3	57,06064171E-6	
-165,40000000E-3	57,16762317E-6	
-165,70000000E-3	57,26784511E-6	
-166,10000000E-3	57,35974558E-6	
-166,40000000E-3	57,44688992E-6	
-166,90000000E-3	57,53933662E-6	
-167,30000000E-3	57,62168099E-6	
-167,50000000E-3	57,72256098E-6	
-168,00000000E-3	57,82856423E-6	
-168,20000000E-3	57,95886655E-6	
-168,70000000E-3	58,09450117E-6	
-169,10000000E-3	58,22985486E-6	
-169,30000000E-3	58,35183196E-6	
-169,80000000E-3	58,46201600E-6	
-170,00000000E-3	58,57300907E-6	
-170,50000000E-3	58,66735774E-6	
-170,70000000E-3	58,74293425E-6	
-171,20000000E-3	58,82041465E-6	
-171,60000000E-3	58,92673514E-6	
-171,80000000E-3	59,06183553E-6	
-172,30000000E-3	59,19678382E-6	
-172,50000000E-3	59,31950802E-6	
-173,00000000E-3	59,42123247E-6	
-173,20000000E-3	59,50209220E-6	
-173,60000000E-3	59,57762459E-6	
-173,90000000E-3	59,67520833E-6	
-174,10000000E-3	59,78848838E-6	
-174,60000000E-3	59,92183793E-6	
-175,00000000E-3	60,06623679E-6	
-175,40000000E-3	60,19149782E-6	
-175,70000000E-3	60,29457576E-6	
-176,00000000E-3	60,38679049E-6	
-176,40000000E-3	60,47271594E-6	
-176,60000000E-3	60,55079302E-6	
-177,10000000E-3	60,64243454E-6	
-177,30000000E-3	60,76165103E-6	
-177,80000000E-3	60,89543130E-6	
-178,00000000E-3	61,03528471E-6	
-178,50000000E-3	61,16876099E-6	
-178,90000000E-3	61,28155246E-6	
-179,10000000E-3	61,36886129E-6	
-179,60000000E-3	61,44452885E-6	
-179,90000000E-3	61,53066641E-6	
-180,30000000E-3	61,62859289E-6	
-180,70000000E-3	61,73958858E-6	
-181,00000000E-3	61,86486965E-6	
-181,40000000E-3	62,00226695E-6	
-181,70000000E-3	62,13204993E-6	
-182,20000000E-3	62,25166297E-6	
-182,40000000E-3	62,36712640E-6	
-182,60000000E-3	62,47355435E-6	
-183,10000000E-3	62,57004434E-6	
-183,50000000E-3	62,67750529E-6	
-183,80000000E-3	62,77519323E-6	
-184,20000000E-3	62,86985424E-6	
-184,40000000E-3	62,97342389E-6	
-184,90000000E-3	63,08498533E-6	
-185,10000000E-3	63,19844563E-6	
-185,50000000E-3	63,31377458E-6	
-185,70000000E-3	63,43725074E-6	
-186,20000000E-3	63,55387792E-6	
-186,40000000E-3	63,67170597E-6	
-186,90000000E-3	63,79428854E-6	
-187,40000000E-3	63,90889192E-6	
-187,60000000E-3	64,00863867E-6	
-188,10000000E-3	64,10051797E-6	
-188,30000000E-3	64,19441332E-6	
-188,70000000E-3	64,28483633E-6	
-189,00000000E-3	64,36907487E-6	
-189,30000000E-3	64,45500319E-6	
-189,90000000E-3	64,56170768E-6	
-190,10000000E-3	64,66988959E-6	
-190,50000000E-3	64,79210148E-6	
-190,80000000E-3	64,93736818E-6	
-191,20000000E-3	65,07759066E-6	
-191,50000000E-3	65,20277485E-6	
-191,70000000E-3	65,31832337E-6	
-192,10000000E-3	65,40799046E-6	
-192,60000000E-3	65,47103167E-6	
-192,90000000E-3	65,54297902E-6	
-193,30000000E-3	65,65366061E-6	
-193,50000000E-3	65,79803816E-6	
-194,00000000E-3	65,94898556E-6	
-194,20000000E-3	66,07459132E-6	
-194,70000000E-3	66,15451195E-6	
-194,90000000E-3	66,21550848E-6	
-195,30000000E-3	66,30030172E-6	
-195,80000000E-3	66,42242845E-6	
-196,00000000E-3	66,58138274E-6	
-196,40000000E-3	66,72833003E-6	
-196,70000000E-3	66,84190459E-6	
-197,20000000E-3	66,91293200E-6	
-197,40000000E-3	66,97928439E-6	
-197,80000000E-3	67,08119657E-6	
-198,30000000E-3	67,24027037E-6	
-198,50000000E-3	67,39018285E-6	
-199,00000000E-3	67,50401302E-6	
-199,20000000E-3	67,58947151E-6	
-199,60000000E-3	67,65346128E-6	
-199,90000000E-3	67,73947405E-6	
