200,00000000E-3	-59,69540546E-6	
200,00000000E-3	-59,64436024E-6	
200,00000000E-3	-59,62947914E-6	
200,00000000E-3	-59,61980338E-6	
199,90000000E-3	-59,60400446E-6	
199,70000000E-3	-59,58772769E-6	
199,50000000E-3	-59,56497367E-6	
199,30000000E-3	-59,52958174E-6	
199,20000000E-3	-59,49494196E-6	
199,00000000E-3	-59,45035704E-6	
198,70000000E-3	-59,41389690E-6	
198,40000000E-3	-59,38994548E-6	
198,10000000E-3	-59,36507306E-6	
197,90000000E-3	-59,32381777E-6	
197,70000000E-3	-59,26469257E-6	
197,30000000E-3	-59,18795062E-6	
197,10000000E-3	-59,10790893E-6	
196,60000000E-3	-59,01590721E-6	
196,20000000E-3	-58,93935956E-6	
196,00000000E-3	-58,86044257E-6	
195,80000000E-3	-58,77496670E-6	
195,50000000E-3	-58,68409879E-6	
195,20000000E-3	-58,58997702E-6	
194,70000000E-3	-58,49162139E-6	
194,50000000E-3	-58,36119916E-6	
194,10000000E-3	-58,23016206E-6	
193,90000000E-3	-58,09129718E-6	
193,40000000E-3	-57,92852630E-6	
193,20000000E-3	-57,76324489E-6	
192,80000000E-3	-57,62702986E-6	
192,30000000E-3	-57,50795008E-6	
192,10000000E-3	-57,39691817E-6	
191,60000000E-3	-57,31063658E-6	
191,30000000E-3	-57,24386673E-6	
191,10000000E-3	-57,18142164E-6	
190,70000000E-3	-57,11064962E-6	
190,20000000E-3	-57,04804728E-6	
190,00000000E-3	-56,97786215E-6	
189,60000000E-3	-56,88529775E-6	
189,10000000E-3	-56,78704473E-6	
188,80000000E-3	-56,67154541E-6	
188,40000000E-3	-56,52948702E-6	
188,20000000E-3	-56,36548925E-6	
187,90000000E-3	-56,20381157E-6	
187,50000000E-3	-56,05382955E-6	
187,30000000E-3	-55,91175423E-6	
186,80000000E-3	-55,79067592E-6	
186,60000000E-3	-55,69061067E-6	
186,10000000E-3	-55,60770122E-6	
185,70000000E-3	-55,54193013E-6	
185,50000000E-3	-55,48904406E-6	
185,00000000E-3	-55,42620338E-6	
184,70000000E-3	-55,35173931E-6	
184,30000000E-3	-55,24871029E-6	
184,10000000E-3	-55,10884847E-6	
183,80000000E-3	-54,92922964E-6	
183,30000000E-3	-54,74517602E-6	
182,90000000E-3	-54,59393871E-6	
182,40000000E-3	-54,47985521E-6	
182,20000000E-3	-54,40385077E-6	
181,80000000E-3	-54,35055589E-6	
181,50000000E-3	-54,30000516E-6	
181,00000000E-3	-54,23077480E-6	
180,80000000E-3	-54,13431365E-6	
180,60000000E-3	-54,01449062E-6	
180,20000000E-3	-53,87286586E-6	
179,90000000E-3	-53,69167562E-6	
179,40000000E-3	-53,51549616E-6	
179,00000000E-3	-53,37923960E-6	
178,50000000E-3	-53,27796398E-6	
178,30000000E-3	-53,21211705E-6	
178,10000000E-3	-53,17132659E-6	
177,60000000E-3	-53,12599719E-6	
177,40000000E-3	-53,04382217E-6	
177,10000000E-3	-52,92781131E-6	
176,60000000E-3	-52,78277931E-6	
176,20000000E-3	-52,61616865E-6	
176,00000000E-3	-52,44434616E-6	
175,50000000E-3	-52,29454664E-6	
175,00000000E-3	-52,17065883E-6	
174,80000000E-3	-52,06867563E-6	
174,80000000E-3	-51,99324809E-6	
174,20000000E-3	-51,93727724E-6	
173,80000000E-3	-51,88573710E-6	
173,30000000E-3	-51,81646407E-6	
173,10000000E-3	-51,71717812E-6	
172,60000000E-3	-51,58089006E-6	
172,40000000E-3	-51,41012393E-6	
171,90000000E-3	-51,24641512E-6	
171,50000000E-3	-51,09626063E-6	
171,20000000E-3	-50,95237657E-6	
170,90000000E-3	-50,82248636E-6	
170,60000000E-3	-50,71471010E-6	
170,30000000E-3	-50,61911184E-6	
169,90000000E-3	-50,52026157E-6	
169,40000000E-3	-50,41824218E-6	
169,10000000E-3	-50,33477821E-6	
168,70000000E-3	-50,25012007E-6	
168,50000000E-3	-50,16510995E-6	
168,00000000E-3	-50,08534340E-6	
167,90000000E-3	-50,01012646E-6	
167,60000000E-3	-49,92747759E-6	
167,10000000E-3	-49,83711508E-6	
166,90000000E-3	-49,73348638E-6	
166,50000000E-3	-49,60933663E-6	
166,00000000E-3	-49,47008886E-6	
165,80000000E-3	-49,31578381E-6	
165,30000000E-3	-49,14653894E-6	
165,10000000E-3	-48,98393292E-6	
164,60000000E-3	-48,87059630E-6	
164,40000000E-3	-48,80364308E-6	
163,90000000E-3	-48,75221148E-6	
163,50000000E-3	-48,69039630E-6	
163,20000000E-3	-48,60740572E-6	
162,80000000E-3	-48,49263214E-6	
162,50000000E-3	-48,34037511E-6	
162,30000000E-3	-48,18028549E-6	
161,80000000E-3	-48,02611540E-6	
161,50000000E-3	-47,91253168E-6	
161,10000000E-3	-47,86156063E-6	
160,90000000E-3	-47,82990362E-6	
160,40000000E-3	-47,75857835E-6	
160,20000000E-3	-47,62971278E-6	
159,70000000E-3	-47,45766103E-6	
159,20000000E-3	-47,27105061E-6	
159,00000000E-3	-47,12677338E-6	
158,70000000E-3	-47,03564835E-6	
158,20000000E-3	-46,98555543E-6	
158,00000000E-3	-46,93633607E-6	
157,50000000E-3	-46,85550662E-6	
157,40000000E-3	-46,73391827E-6	
156,80000000E-3	-46,56887695E-6	
156,40000000E-3	-46,39205878E-6	
156,20000000E-3	-46,25528303E-6	
155,80000000E-3	-46,16876811E-6	
155,50000000E-3	-46,11234870E-6	
155,20000000E-3	-46,06062969E-6	
154,70000000E-3	-45,97010017E-6	
154,60000000E-3	-45,82720404E-6	
154,10000000E-3	-45,66053065E-6	
153,60000000E-3	-45,50519083E-6	
153,40000000E-3	-45,38945745E-6	
152,90000000E-3	-45,32863311E-6	
152,80000000E-3	-45,29830269E-6	
152,50000000E-3	-45,24007984E-6	
152,00000000E-3	-45,11918943E-6	
151,80000000E-3	-44,94953994E-6	
151,10000000E-3	-44,77073002E-6	
150,90000000E-3	-44,61781312E-6	
150,60000000E-3	-44,52822106E-6	
150,20000000E-3	-44,47837151E-6	
149,90000000E-3	-44,43695535E-6	
149,50000000E-3	-44,36265542E-6	
149,00000000E-3	-44,23039249E-6	
148,80000000E-3	-44,06369199E-6	
148,80000000E-3	-43,88196854E-6	
148,20000000E-3	-43,72343921E-6	
147,70000000E-3	-43,61908512E-6	
147,30000000E-3	-43,55662061E-6	
147,10000000E-3	-43,51752087E-6	
146,70000000E-3	-43,46884698E-6	
146,30000000E-3	-43,37593756E-6	
146,10000000E-3	-43,22625334E-6	
145,60000000E-3	-43,05278085E-6	
145,40000000E-3	-42,89650236E-6	
145,10000000E-3	-42,77037507E-6	
145,10000000E-3	-42,69290109E-6	
144,30000000E-3	-42,64162958E-6	
144,00000000E-3	-42,59247974E-6	
143,70000000E-3	-42,51494813E-6	
143,00000000E-3	-42,37722764E-6	
142,80000000E-3	-42,21540059E-6	
142,60000000E-3	-42,04682170E-6	
142,10000000E-3	-41,88721657E-6	
141,80000000E-3	-41,77307511E-6	
141,60000000E-3	-41,70856264E-6	
141,10000000E-3	-41,66140891E-6	
140,60000000E-3	-41,60218035E-6	
140,40000000E-3	-41,52331444E-6	
139,90000000E-3	-41,39059238E-6	
139,60000000E-3	-41,21833616E-6	
139,40000000E-3	-41,04298606E-6	
138,90000000E-3	-40,90278375E-6	
138,70000000E-3	-40,77209374E-6	
138,20000000E-3	-40,68566769E-6	
137,80000000E-3	-40,62567224E-6	
137,50000000E-3	-40,57005394E-6	
137,30000000E-3	-40,50219696E-6	
136,70000000E-3	-40,41907753E-6	
136,50000000E-3	-40,32039452E-6	
136,30000000E-3	-40,19194819E-6	
135,80000000E-3	-40,04250422E-6	
135,50000000E-3	-39,88937783E-6	
135,20000000E-3	-39,71983242E-6	
134,60000000E-3	-39,58211693E-6	
134,30000000E-3	-39,45711104E-6	
134,10000000E-3	-39,34768528E-6	
133,90000000E-3	-39,24839532E-6	
133,30000000E-3	-39,16373499E-6	
133,00000000E-3	-39,08664591E-6	
132,60000000E-3	-39,00823360E-6	
132,30000000E-3	-38,92276223E-6	
131,90000000E-3	-38,83262750E-6	
131,40000000E-3	-38,73934604E-6	
131,10000000E-3	-38,64858386E-6	
130,90000000E-3	-38,54890378E-6	
130,40000000E-3	-38,44729585E-6	
130,20000000E-3	-38,33520937E-6	
129,80000000E-3	-38,20789276E-6	
129,40000000E-3	-38,06764455E-6	
129,20000000E-3	-37,92884181E-6	
128,80000000E-3	-37,79988338E-6	
128,50000000E-3	-37,66864888E-6	
128,30000000E-3	-37,54569934E-6	
127,80000000E-3	-37,40910857E-6	
127,50000000E-3	-37,28185016E-6	
127,50000000E-3	-37,17001222E-6	
126,80000000E-3	-37,06456207E-6	
126,20000000E-3	-36,95395033E-6	
126,20000000E-3	-36,85398118E-6	
125,80000000E-3	-36,76828163E-6	
125,30000000E-3	-36,68848882E-6	
124,90000000E-3	-36,61483733E-6	
124,50000000E-3	-36,53346675E-6	
124,30000000E-3	-36,44041545E-6	
123,80000000E-3	-36,34144220E-6	
123,50000000E-3	-36,24000958E-6	
123,30000000E-3	-36,13272240E-6	
123,30000000E-3	-36,02094389E-6	
122,30000000E-3	-35,91679120E-6	
122,20000000E-3	-35,81539076E-6	
121,70000000E-3	-35,70090185E-6	
121,30000000E-3	-35,57741966E-6	
121,00000000E-3	-35,45729510E-6	
120,80000000E-3	-35,33563767E-6	
120,20000000E-3	-35,20572436E-6	
120,00000000E-3	-35,05509371E-6	
119,80000000E-3	-34,91861103E-6	
119,30000000E-3	-34,78869132E-6	
118,80000000E-3	-34,65356049E-6	
118,60000000E-3	-34,53379164E-6	
118,10000000E-3	-34,41728590E-6	
117,80000000E-3	-34,30867524E-6	
117,60000000E-3	-34,20028710E-6	
117,10000000E-3	-34,09608438E-6	
116,90000000E-3	-33,99027185E-6	
116,60000000E-3	-33,88767416E-6	
116,20000000E-3	-33,79047021E-6	
115,90000000E-3	-33,69478601E-6	
115,50000000E-3	-33,60053239E-6	
115,00000000E-3	-33,50670277E-6	
114,70000000E-3	-33,41623226E-6	
114,50000000E-3	-33,33012196E-6	
114,00000000E-3	-33,23680820E-6	
113,70000000E-3	-33,14762027E-6	
113,40000000E-3	-33,04583818E-6	
112,90000000E-3	-32,93314932E-6	
112,80000000E-3	-32,82527824E-6	
112,80000000E-3	-32,72385314E-6	
112,20000000E-3	-32,60547738E-6	
111,70000000E-3	-32,48212243E-6	
111,70000000E-3	-32,36428041E-6	
110,80000000E-3	-32,24360357E-6	
110,40000000E-3	-32,11470015E-6	
110,20000000E-3	-32,00111076E-6	
109,70000000E-3	-31,88894848E-6	
109,40000000E-3	-31,78480920E-6	
109,20000000E-3	-31,68447378E-6	
108,70000000E-3	-31,60108194E-6	
108,70000000E-3	-31,49917197E-6	
108,00000000E-3	-31,40068480E-6	
107,70000000E-3	-31,30425346E-6	
107,40000000E-3	-31,20050857E-6	
107,00000000E-3	-31,09533241E-6	
106,80000000E-3	-30,98689438E-6	
106,80000000E-3	-30,87515912E-6	
105,90000000E-3	-30,75022430E-6	
105,70000000E-3	-30,63641489E-6	
105,30000000E-3	-30,53559648E-6	
104,90000000E-3	-30,43089317E-6	
104,70000000E-3	-30,32959583E-6	
104,20000000E-3	-30,22740640E-6	
103,90000000E-3	-30,11524535E-6	
103,50000000E-3	-30,00765021E-6	
103,40000000E-3	-29,89653691E-6	
102,80000000E-3	-29,79517386E-6	
102,50000000E-3	-29,67720730E-6	
102,00000000E-3	-29,56789695E-6	
102,00000000E-3	-29,45968492E-6	
101,30000000E-3	-29,34131485E-6	
101,00000000E-3	-29,21658028E-6	
100,70000000E-3	-29,10047369E-6	
100,40000000E-3	-28,98202085E-6	
99,90000000E-3	-28,86712376E-6	
99,70000000E-3	-28,74851084E-6	
99,20000000E-3	-28,64282355E-6	
98,90000000E-3	-28,53312137E-6	
98,70000000E-3	-28,42137783E-6	
98,20000000E-3	-28,30870942E-6	
98,20000000E-3	-28,20780421E-6	
97,90000000E-3	-28,10045436E-6	
97,10000000E-3	-27,98767987E-6	
97,10000000E-3	-27,87036352E-6	
96,50000000E-3	-27,73958890E-6	
96,10000000E-3	-27,61178583E-6	
95,80000000E-3	-27,49050228E-6	
95,80000000E-3	-27,36643031E-6	
95,10000000E-3	-27,23905407E-6	
94,60000000E-3	-27,11730088E-6	
94,30000000E-3	-26,99040717E-6	
93,90000000E-3	-26,86614104E-6	
93,90000000E-3	-26,74780662E-6	
93,10000000E-3	-26,63702403E-6	
93,10000000E-3	-26,52621971E-6	
92,60000000E-3	-26,41290069E-6	
92,30000000E-3	-26,30834167E-6	
92,20000000E-3	-26,20315862E-6	
91,40000000E-3	-26,09608012E-6	
91,20000000E-3	-25,99372680E-6	
90,80000000E-3	-25,89177873E-6	
90,50000000E-3	-25,78750284E-6	
90,50000000E-3	-25,68289740E-6	
89,70000000E-3	-25,58558186E-6	
89,50000000E-3	-25,49721801E-6	
89,00000000E-3	-25,40670333E-6	
88,80000000E-3	-25,31845339E-6	
88,50000000E-3	-25,23810191E-6	
88,00000000E-3	-25,14885349E-6	
87,50000000E-3	-25,03916523E-6	
87,30000000E-3	-24,92832259E-6	
86,90000000E-3	-24,80889052E-6	
86,60000000E-3	-24,66446060E-6	
86,30000000E-3	-24,51959638E-6	
86,00000000E-3	-24,38897051E-6	
85,50000000E-3	-24,24983954E-6	
85,50000000E-3	-24,12618484E-6	
84,80000000E-3	-24,01858608E-6	
84,50000000E-3	-23,92340512E-6	
84,10000000E-3	-23,83336002E-6	
83,60000000E-3	-23,76167605E-6	
83,60000000E-3	-23,68470452E-6	
83,60000000E-3	-23,60066307E-6	
82,80000000E-3	-23,49191806E-6	
82,40000000E-3	-23,37843968E-6	
82,10000000E-3	-23,25621997E-6	
81,80000000E-3	-23,11655814E-6	
81,30000000E-3	-22,97110129E-6	
80,80000000E-3	-22,82713195E-6	
80,60000000E-3	-22,69884013E-6	
80,30000000E-3	-22,58637315E-6	
79,80000000E-3	-22,50207687E-6	
79,60000000E-3	-22,42796284E-6	
79,40000000E-3	-22,35651876E-6	
79,10000000E-3	-22,27721339E-6	
78,60000000E-3	-22,17829874E-6	
78,20000000E-3	-22,05493567E-6	
77,90000000E-3	-21,92139369E-6	
77,60000000E-3	-21,78439542E-6	
77,20000000E-3	-21,64853091E-6	
76,80000000E-3	-21,50358033E-6	
76,20000000E-3	-21,37648088E-6	
76,00000000E-3	-21,25717303E-6	
76,00000000E-3	-21,14468191E-6	
75,20000000E-3	-21,04223302E-6	
75,00000000E-3	-20,95342656E-6	
74,50000000E-3	-20,86647395E-6	
74,30000000E-3	-20,76920820E-6	
74,00000000E-3	-20,67705983E-6	
73,50000000E-3	-20,58962902E-6	
73,30000000E-3	-20,49559702E-6	
72,80000000E-3	-20,39532115E-6	
72,50000000E-3	-20,29384354E-6	
72,30000000E-3	-20,18345358E-6	
71,80000000E-3	-20,05084925E-6	
71,50000000E-3	-19,92631220E-6	
71,00000000E-3	-19,79649303E-6	
70,80000000E-3	-19,65871483E-6	
70,50000000E-3	-19,53128919E-6	
70,00000000E-3	-19,40487211E-6	
69,80000000E-3	-19,28446635E-6	
69,30000000E-3	-19,18204830E-6	
68,90000000E-3	-19,08630903E-6	
68,60000000E-3	-18,99581195E-6	
68,40000000E-3	-18,91056820E-6	
67,90000000E-3	-18,82910917E-6	
67,60000000E-3	-18,74048294E-6	
67,40000000E-3	-18,64253028E-6	
66,90000000E-3	-18,53151210E-6	
66,60000000E-3	-18,42121549E-6	
66,40000000E-3	-18,30214030E-6	
65,90000000E-3	-18,16822063E-6	
65,40000000E-3	-18,03554919E-6	
65,20000000E-3	-17,90239875E-6	
64,80000000E-3	-17,76327107E-6	
64,40000000E-3	-17,63645464E-6	
64,20000000E-3	-17,52611669E-6	
63,70000000E-3	-17,41441019E-6	
63,20000000E-3	-17,30293241E-6	
63,00000000E-3	-17,20640263E-6	
62,70000000E-3	-17,11780283E-6	
62,20000000E-3	-17,02918361E-6	
61,90000000E-3	-16,94106426E-6	
61,70000000E-3	-16,85071067E-6	
61,20000000E-3	-16,74649969E-6	
60,70000000E-3	-16,63751720E-6	
60,70000000E-3	-16,53356382E-6	
60,20000000E-3	-16,42873637E-6	
59,90000000E-3	-16,31505351E-6	
59,30000000E-3	-16,20318421E-6	
59,30000000E-3	-16,09823767E-6	
58,60000000E-3	-15,97395268E-6	
58,40000000E-3	-15,85754164E-6	
57,90000000E-3	-15,74522492E-6	
57,70000000E-3	-15,63436293E-6	
57,40000000E-3	-15,51956570E-6	
56,90000000E-3	-15,41213122E-6	
56,70000000E-3	-15,31104374E-6	
56,70000000E-3	-15,21086679E-6	
55,90000000E-3	-15,11079111E-6	
55,60000000E-3	-15,00727023E-6	
55,20000000E-3	-14,90078065E-6	
54,90000000E-3	-14,78099941E-6	
54,70000000E-3	-14,65982391E-6	
54,20000000E-3	-14,54277837E-6	
53,70000000E-3	-14,41802824E-6	
53,40000000E-3	-14,29763969E-6	
53,20000000E-3	-14,17930624E-6	
52,90000000E-3	-14,05596203E-6	
52,40000000E-3	-13,93513000E-6	
52,40000000E-3	-13,80985317E-6	
51,60000000E-3	-13,69183630E-6	
51,40000000E-3	-13,56875854E-6	
50,90000000E-3	-13,45401402E-6	
50,70000000E-3	-13,34862585E-6	
50,40000000E-3	-13,22946249E-6	
49,90000000E-3	-13,11869118E-6	
49,40000000E-3	-13,00763780E-6	
49,20000000E-3	-12,90110726E-6	
49,00000000E-3	-12,78401961E-6	
48,40000000E-3	-12,66888625E-6	
48,20000000E-3	-12,56150670E-6	
48,00000000E-3	-12,45353629E-6	
47,40000000E-3	-12,33489023E-6	
46,90000000E-3	-12,23183079E-6	
46,90000000E-3	-12,13351314E-6	
46,40000000E-3	-12,02505766E-6	
46,00000000E-3	-11,91872908E-6	
45,70000000E-3	-11,81263606E-6	
45,40000000E-3	-11,69188490E-6	
45,00000000E-3	-11,58325733E-6	
44,70000000E-3	-11,48068716E-6	
44,40000000E-3	-11,37514299E-6	
44,00000000E-3	-11,26477633E-6	
43,50000000E-3	-11,15859131E-6	
43,20000000E-3	-11,05497082E-6	
43,00000000E-3	-10,95632599E-6	
42,50000000E-3	-10,85304442E-6	
42,20000000E-3	-10,75429765E-6	
42,00000000E-3	-10,65178928E-6	
41,50000000E-3	-10,54041694E-6	
41,00000000E-3	-10,43174768E-6	
40,80000000E-3	-10,32800608E-6	
40,50000000E-3	-10,22729340E-6	
40,00000000E-3	-10,12781619E-6	
40,00000000E-3	-10,02809038E-6	
39,30000000E-3	-9,92031144E-6	
39,10000000E-3	-9,80884558E-6	
38,60000000E-3	-9,70451057E-6	
38,30000000E-3	-9,59753685E-6	
38,10000000E-3	-9,47647950E-6	
37,60000000E-3	-9,35554595E-6	
37,30000000E-3	-9,23546922E-6	
37,10000000E-3	-9,10791522E-6	
36,60000000E-3	-8,97307381E-6	
36,20000000E-3	-8,84527077E-6	
35,80000000E-3	-8,72849257E-6	
35,60000000E-3	-8,60415739E-6	
35,10000000E-3	-8,49254138E-6	
34,90000000E-3	-8,38827872E-6	
34,70000000E-3	-8,28676546E-6	
34,20000000E-3	-8,18870231E-6	
33,70000000E-3	-8,09662553E-6	
33,40000000E-3	-8,00492831E-6	
33,20000000E-3	-7,90300837E-6	
32,70000000E-3	-7,80210027E-6	
32,40000000E-3	-7,69997175E-6	
32,20000000E-3	-7,58357087E-6	
31,70000000E-3	-7,43629252E-6	
31,20000000E-3	-7,30088948E-6	
30,90000000E-3	-7,17405896E-6	
30,70000000E-3	-7,04713604E-6	
30,20000000E-3	-6,93192478E-6	
29,90000000E-3	-6,83260911E-6	
29,70000000E-3	-6,74257671E-6	
29,20000000E-3	-6,64540551E-6	
28,90000000E-3	-6,55678814E-6	
28,70000000E-3	-6,46687768E-6	
28,20000000E-3	-6,35267079E-6	
27,70000000E-3	-6,23821610E-6	
27,40000000E-3	-6,11921329E-6	
27,40000000E-3	-5,97730821E-6	
26,70000000E-3	-5,84590418E-6	
26,40000000E-3	-5,72199646E-6	
25,90000000E-3	-5,59979547E-6	
25,70000000E-3	-5,48807895E-6	
25,50000000E-3	-5,39687705E-6	
25,00000000E-3	-5,31876371E-6	
24,70000000E-3	-5,22200995E-6	
24,70000000E-3	-5,11543417E-6	
23,90000000E-3	-4,99390847E-6	
23,70000000E-3	-4,85627401E-6	
23,20000000E-3	-4,71396929E-6	
22,70000000E-3	-4,59417829E-6	
22,50000000E-3	-4,50114988E-6	
22,20000000E-3	-4,41572127E-6	
21,80000000E-3	-4,32518760E-6	
21,50000000E-3	-4,22502873E-6	
21,30000000E-3	-4,10127012E-6	
20,80000000E-3	-3,96947174E-6	
20,60000000E-3	-3,84027694E-6	
20,10000000E-3	-3,71553071E-6	
20,10000000E-3	-3,60484410E-6	
19,50000000E-3	-3,51178916E-6	
19,00000000E-3	-3,42182050E-6	
18,50000000E-3	-3,32029425E-6	
18,30000000E-3	-3,20665504E-6	
18,10000000E-3	-3,08004619E-6	
17,60000000E-3	-2,94506075E-6	
17,30000000E-3	-2,82489506E-6	
17,10000000E-3	-2,72489365E-6	
16,60000000E-3	-2,63148182E-6	
16,30000000E-3	-2,53690037E-6	
16,10000000E-3	-2,43608460E-6	
15,60000000E-3	-2,31566862E-6	
15,10000000E-3	-2,17910936E-6	
14,80000000E-3	-2,04748803E-6	
14,60000000E-3	-1,92517995E-6	
14,10000000E-3	-1,81124646E-6	
13,80000000E-3	-1,71335043E-6	
13,60000000E-3	-1,62047910E-6	
13,10000000E-3	-1,52987849E-6	
12,80000000E-3	-1,41845447E-6	
12,30000000E-3	-1,29032486E-6	
12,10000000E-3	-1,15505347E-6	
11,60000000E-3	-1,02111396E-6	
11,30000000E-3	-911,88167343E-9	
11,10000000E-3	-822,97550293E-9	
10,60000000E-3	-722,64314209E-9	
10,10000000E-3	-590,09298884E-9	
9,80000000E-3	-452,19470365E-9	
9,60000000E-3	-341,15031349E-9	
9,10000000E-3	-241,60159207E-9	
8,90000000E-3	-146,00353820E-9	
8,60000000E-3	-41,55128917E-9	
8,10000000E-3	79,96471924E-9	
7,90000000E-3	218,13628648E-9	
7,60000000E-3	345,00652586E-9	
7,10000000E-3	449,75770374E-9	
6,60000000E-3	544,36374020E-9	
6,40000000E-3	644,16808636E-9	
6,20000000E-3	757,41752139E-9	
5,60000000E-3	886,13494439E-9	
5,40000000E-3	1,02919255E-6	
5,10000000E-3	1,15624636E-6	
4,60000000E-3	1,26390335E-6	
4,20000000E-3	1,35794365E-6	
3,90000000E-3	1,46172103E-6	
3,60000000E-3	1,57435941E-6	
3,10000000E-3	1,70844811E-6	
2,90000000E-3	1,85106377E-6	
2,40000000E-3	1,97476718E-6	
2,10000000E-3	2,07787361E-6	
1,60000000E-3	2,17377767E-6	
1,60000000E-3	2,27419462E-6	
1,10000000E-3	2,38290023E-6	
500,00000000E-6	2,50259458E-6	
300,00000000E-6	2,63535704E-6	
0,00000000E+0	2,77070596E-6	
-500,00000000E-6	2,90539468E-6	
-800,00000000E-6	3,04227994E-6	
-1,00000000E-3	3,16417485E-6	
-1,50000000E-3	3,26879462E-6	
-1,80000000E-3	3,37152288E-6	
-2,30000000E-3	3,48707198E-6	
-2,50000000E-3	3,58981533E-6	
-3,00000000E-3	3,70532199E-6	
-3,30000000E-3	3,83557157E-6	
-3,50000000E-3	3,96260510E-6	
-4,00000000E-3	4,08834671E-6	
-4,30000000E-3	4,21628389E-6	
-4,70000000E-3	4,33939469E-6	
-5,00000000E-3	4,46671605E-6	
-5,40000000E-3	4,58813876E-6	
-5,70000000E-3	4,71321186E-6	
-5,90000000E-3	4,83161814E-6	
-6,40000000E-3	4,94528797E-6	
-6,70000000E-3	5,05648201E-6	
-7,20000000E-3	5,17554773E-6	
-7,40000000E-3	5,29248350E-6	
-7,90000000E-3	5,39939749E-6	
-8,20000000E-3	5,50784369E-6	
-8,40000000E-3	5,61526291E-6	
-8,90000000E-3	5,73174985E-6	
-9,20000000E-3	5,85504452E-6	
-9,40000000E-3	5,97055629E-6	
-9,90000000E-3	6,08194063E-6	
-10,20000000E-3	6,20346761E-6	
-10,70000000E-3	6,32587183E-6	
-11,00000000E-3	6,45043617E-6	
-11,30000000E-3	6,56737478E-6	
-11,60000000E-3	6,68667196E-6	
-12,00000000E-3	6,80425333E-6	
-12,30000000E-3	6,92509441E-6	
-12,70000000E-3	7,04943015E-6	
-13,00000000E-3	7,17751001E-6	
-13,50000000E-3	7,29866209E-6	
-13,80000000E-3	7,41703560E-6	
-14,20000000E-3	7,54492101E-6	
-14,40000000E-3	7,66707432E-6	
-15,00000000E-3	7,78019447E-6	
-15,10000000E-3	7,89407807E-6	
-15,50000000E-3	8,02198254E-6	
-16,00000000E-3	8,14963967E-6	
-16,30000000E-3	8,26623326E-6	
-16,60000000E-3	8,39615260E-6	
-17,00000000E-3	8,51610319E-6	
-17,20000000E-3	8,62846649E-6	
-17,60000000E-3	8,74646435E-6	
-18,00000000E-3	8,87192158E-6	
-18,20000000E-3	8,98843546E-6	
-18,70000000E-3	9,10559084E-6	
-19,00000000E-3	9,24390575E-6	
-19,50000000E-3	9,36395054E-6	
-19,70000000E-3	9,49021712E-6	
-20,20000000E-3	9,61931688E-6	
-20,50000000E-3	9,75218829E-6	
-20,70000000E-3	9,87363524E-6	
-21,20000000E-3	9,99576057E-6	
-21,50000000E-3	10,11856380E-6	
-22,00000000E-3	10,23636253E-6	
-22,20000000E-3	10,35314957E-6	
-22,70000000E-3	10,47432456E-6	
-23,00000000E-3	10,59182941E-6	
-23,20000000E-3	10,70616123E-6	
-23,70000000E-3	10,82267352E-6	
-23,90000000E-3	10,94428321E-6	
-24,40000000E-3	11,06641556E-6	
-24,60000000E-3	11,18465762E-6	
-25,00000000E-3	11,31543446E-6	
-25,50000000E-3	11,43683388E-6	
-25,70000000E-3	11,55813320E-6	
-26,20000000E-3	11,68456953E-6	
-26,40000000E-3	11,80790962E-6	
-26,90000000E-3	11,93663782E-6	
-27,10000000E-3	12,04918526E-6	
-27,60000000E-3	12,16817489E-6	
-28,00000000E-3	12,29079265E-6	
-28,20000000E-3	12,41505178E-6	
-28,70000000E-3	12,54192084E-6	
-28,90000000E-3	12,65864238E-6	
-29,40000000E-3	12,78914021E-6	
-29,60000000E-3	12,91333065E-6	
-30,10000000E-3	13,04034047E-6	
-30,50000000E-3	13,16516383E-6	
-30,80000000E-3	13,29249333E-6	
-31,00000000E-3	13,42179194E-6	
-31,50000000E-3	13,55385619E-6	
-31,70000000E-3	13,67920929E-6	
-32,20000000E-3	13,79635832E-6	
-32,30000000E-3	13,93283328E-6	
-32,90000000E-3	14,05896466E-6	
-33,30000000E-3	14,17569656E-6	
-33,50000000E-3	14,29699472E-6	
-33,90000000E-3	14,41909208E-6	
-34,20000000E-3	14,53955115E-6	
-34,70000000E-3	14,66664346E-6	
-34,80000000E-3	14,79888146E-6	
-35,30000000E-3	14,92078922E-6	
-35,50000000E-3	15,03996423E-6	
-36,00000000E-3	15,16234736E-6	
-36,50000000E-3	15,27965080E-6	
-36,70000000E-3	15,39189529E-6	
-37,10000000E-3	15,51159662E-6	
-37,40000000E-3	15,64057007E-6	
-37,80000000E-3	15,76424099E-6	
-38,10000000E-3	15,88374451E-6	
-38,40000000E-3	16,00757133E-6	
-38,70000000E-3	16,13010464E-6	
-39,20000000E-3	16,25690849E-6	
-39,70000000E-3	16,38643918E-6	
-39,90000000E-3	16,50707360E-6	
-40,30000000E-3	16,63317871E-6	
-40,60000000E-3	16,75492829E-6	
-40,80000000E-3	16,87860766E-6	
-41,50000000E-3	17,00442722E-6	
-41,70000000E-3	17,12344487E-6	
-42,10000000E-3	17,24775650E-6	
-42,40000000E-3	17,37671261E-6	
-42,70000000E-3	17,50028229E-6	
-43,10000000E-3	17,62103448E-6	
-43,30000000E-3	17,74532155E-6	
-43,80000000E-3	17,86923688E-6	
-44,00000000E-3	17,99316957E-6	
-44,40000000E-3	18,12678198E-6	
-44,90000000E-3	18,25585517E-6	
-45,20000000E-3	18,38009073E-6	
-45,70000000E-3	18,50564397E-6	
-45,90000000E-3	18,63137536E-6	
-46,30000000E-3	18,76024250E-6	
-46,60000000E-3	18,88404620E-6	
-46,90000000E-3	19,00758010E-6	
-47,50000000E-3	19,13314146E-6	
-47,70000000E-3	19,24851476E-6	
-48,10000000E-3	19,36497441E-6	
-48,40000000E-3	19,49173520E-6	
-48,60000000E-3	19,61370525E-6	
-49,00000000E-3	19,73327646E-6	
-49,30000000E-3	19,85887951E-6	
-49,70000000E-3	19,98193282E-6	
-50,00000000E-3	20,10355000E-6	
-50,40000000E-3	20,22947097E-6	
-50,90000000E-3	20,36286493E-6	
-51,10000000E-3	20,48997159E-6	
-51,60000000E-3	20,60957264E-6	
-51,80000000E-3	20,74135052E-6	
-52,20000000E-3	20,85870892E-6	
-52,50000000E-3	20,97523583E-6	
-52,90000000E-3	21,09750009E-6	
-53,40000000E-3	21,23091265E-6	
-53,60000000E-3	21,35494136E-6	
-53,80000000E-3	21,48076335E-6	
-54,30000000E-3	21,60494461E-6	
-54,80000000E-3	21,72001782E-6	
-55,00000000E-3	21,83761693E-6	
-55,30000000E-3	21,96133273E-6	
-55,30000000E-3	22,08479446E-6	
-56,00000000E-3	22,20669712E-6	
-56,50000000E-3	22,32650054E-6	
-56,70000000E-3	22,44617295E-6	
-57,10000000E-3	22,56662452E-6	
-57,30000000E-3	22,69000215E-6	
-57,80000000E-3	22,81932125E-6	
-58,30000000E-3	22,93983794E-6	
-58,50000000E-3	23,06097172E-6	
-58,90000000E-3	23,18790323E-6	
-59,20000000E-3	23,30977124E-6	
-59,60000000E-3	23,43110491E-6	
-59,80000000E-3	23,55783836E-6	
-60,20000000E-3	23,68632374E-6	
-60,50000000E-3	23,80837845E-6	
-60,80000000E-3	23,92709606E-6	
-61,50000000E-3	24,05046839E-6	
-61,70000000E-3	24,17362760E-6	
-61,90000000E-3	24,29750205E-6	
-62,40000000E-3	24,42264470E-6	
-62,60000000E-3	24,54970704E-6	
-63,00000000E-3	24,67508831E-6	
-63,30000000E-3	24,80149549E-6	
-63,90000000E-3	24,93050425E-6	
-64,20000000E-3	25,05958803E-6	
-64,50000000E-3	25,17775294E-6	
-64,90000000E-3	25,30142918E-6	
-65,10000000E-3	25,42953182E-6	
-65,60000000E-3	25,54866564E-6	
-65,80000000E-3	25,66096386E-6	
-66,20000000E-3	25,78103029E-6	
-66,50000000E-3	25,90071475E-6	
-66,90000000E-3	26,01310295E-6	
-67,40000000E-3	26,14684447E-6	
-67,60000000E-3	26,27933213E-6	
-68,10000000E-3	26,40390916E-6	
-68,30000000E-3	26,52288374E-6	
-68,80000000E-3	26,65844704E-6	
-69,20000000E-3	26,77880134E-6	
-69,40000000E-3	26,89839508E-6	
-69,90000000E-3	27,02272702E-6	
-70,10000000E-3	27,14463035E-6	
-70,60000000E-3	27,26433049E-6	
-70,80000000E-3	27,38171544E-6	
-71,10000000E-3	27,51661872E-6	
-71,80000000E-3	27,64170597E-6	
-72,00000000E-3	27,76210107E-6	
-72,20000000E-3	27,87894331E-6	
-72,70000000E-3	27,99325238E-6	
-72,90000000E-3	28,10430049E-6	
-73,40000000E-3	28,21553334E-6	
-73,50000000E-3	28,34576353E-6	
-74,00000000E-3	28,46392395E-6	
-74,30000000E-3	28,58237465E-6	
-74,70000000E-3	28,70879764E-6	
-75,10000000E-3	28,83186742E-6	
-75,40000000E-3	28,94811763E-6	
-75,60000000E-3	29,07330072E-6	
-76,10000000E-3	29,19653697E-6	
-76,50000000E-3	29,32261057E-6	
-76,80000000E-3	29,43958879E-6	
-77,20000000E-3	29,56889194E-6	
-77,50000000E-3	29,68582933E-6	
-77,80000000E-3	29,80513579E-6	
-78,40000000E-3	29,92331525E-6	
-78,60000000E-3	30,05126470E-6	
-79,10000000E-3	30,17115335E-6	
-79,20000000E-3	30,29666470E-6	
-79,60000000E-3	30,42555401E-6	
-79,90000000E-3	30,55209898E-6	
-80,20000000E-3	30,67088311E-6	
-80,90000000E-3	30,78812058E-6	
-81,10000000E-3	30,91241430E-6	
-81,30000000E-3	31,03071748E-6	
-81,80000000E-3	31,14259937E-6	
-82,00000000E-3	31,26228919E-6	
-82,40000000E-3	31,38060838E-6	
-82,70000000E-3	31,50310360E-6	
-83,20000000E-3	31,62988334E-6	
-83,40000000E-3	31,75964319E-6	
-83,80000000E-3	31,87212574E-6	
-84,30000000E-3	31,98938860E-6	
-84,50000000E-3	32,10884925E-6	
-85,00000000E-3	32,22213068E-6	
-85,20000000E-3	32,33675559E-6	
-85,60000000E-3	32,46097248E-6	
-85,90000000E-3	32,58341589E-6	
-86,30000000E-3	32,70803707E-6	
-86,60000000E-3	32,83748290E-6	
-87,00000000E-3	32,95471332E-6	
-87,50000000E-3	33,06703914E-6	
-87,70000000E-3	33,18765954E-6	
-88,00000000E-3	33,31755148E-6	
-88,40000000E-3	33,44218772E-6	
-88,60000000E-3	33,56233297E-6	
-89,10000000E-3	33,67041645E-6	
-89,30000000E-3	33,79077222E-6	
-89,90000000E-3	33,90864011E-6	
-90,20000000E-3	34,02791081E-6	
-90,50000000E-3	34,16640303E-6	
-90,90000000E-3	34,28734756E-6	
-91,10000000E-3	34,39493797E-6	
-91,60000000E-3	34,50753031E-6	
-91,80000000E-3	34,62609015E-6	
-92,20000000E-3	34,74685676E-6	
-92,50000000E-3	34,87472549E-6	
-92,90000000E-3	35,00379758E-6	
-93,40000000E-3	35,12131608E-6	
-93,60000000E-3	35,23628513E-6	
-94,10000000E-3	35,35621271E-6	
-94,30000000E-3	35,47830089E-6	
-94,80000000E-3	35,59959887E-6	
-95,10000000E-3	35,72144163E-6	
-95,30000000E-3	35,84590276E-6	
-95,90000000E-3	35,96089483E-6	
-96,20000000E-3	36,07386282E-6	
-96,60000000E-3	36,20305013E-6	
-96,80000000E-3	36,33149018E-6	
-97,20000000E-3	36,44814114E-6	
-97,50000000E-3	36,56399448E-6	
-97,80000000E-3	36,67732745E-6	
-98,40000000E-3	36,79186872E-6	
-98,70000000E-3	36,90955307E-6	
-98,90000000E-3	37,04280613E-6	
-99,40000000E-3	37,16844674E-6	
-99,50000000E-3	37,28945621E-6	
-100,00000000E-3	37,41158510E-6	
-100,30000000E-3	37,53183125E-6	
-100,80000000E-3	37,64503984E-6	
-101,20000000E-3	37,75323166E-6	
-101,40000000E-3	37,87044803E-6	
-101,90000000E-3	37,99372898E-6	
-102,10000000E-3	38,11993232E-6	
-102,60000000E-3	38,25899102E-6	
-102,80000000E-3	38,38513072E-6	
-103,10000000E-3	38,50320672E-6	
-103,50000000E-3	38,60773675E-6	
-104,00000000E-3	38,72385044E-6	
-104,40000000E-3	38,83792237E-6	
-104,60000000E-3	38,95776813E-6	
-105,10000000E-3	39,08533131E-6	
-105,30000000E-3	39,21364376E-6	
-105,80000000E-3	39,33932795E-6	
-106,20000000E-3	39,45819474E-6	
-106,40000000E-3	39,59055937E-6	
-106,80000000E-3	39,70712004E-6	
-107,10000000E-3	39,81783458E-6	
-107,40000000E-3	39,93528519E-6	
-107,80000000E-3	40,04687971E-6	
-108,00000000E-3	40,15357493E-6	
-108,50000000E-3	40,26764103E-6	
-108,70000000E-3	40,39134168E-6	
-109,20000000E-3	40,51103383E-6	
-109,40000000E-3	40,62205732E-6	
-109,90000000E-3	40,74832873E-6	
-110,30000000E-3	40,86395142E-6	
-110,50000000E-3	40,97306608E-6	
-111,00000000E-3	41,08137209E-6	
-111,30000000E-3	41,20035354E-6	
-111,70000000E-3	41,32113367E-6	
-111,90000000E-3	41,43235261E-6	
-112,30000000E-3	41,55157450E-6	
-112,90000000E-3	41,66871858E-6	
-113,10000000E-3	41,78779394E-6	
-113,50000000E-3	41,90849041E-6	
-113,80000000E-3	42,03301586E-6	
-114,00000000E-3	42,14933816E-6	
-114,40000000E-3	42,26662489E-6	
-114,90000000E-3	42,39041346E-6	
-115,30000000E-3	42,50848914E-6	
-115,60000000E-3	42,62381507E-6	
-115,90000000E-3	42,73950982E-6	
-116,30000000E-3	42,87064496E-6	
-116,50000000E-3	42,99663431E-6	
-116,90000000E-3	43,11800154E-6	
-117,20000000E-3	43,24274290E-6	
-117,70000000E-3	43,36040942E-6	
-117,90000000E-3	43,47314078E-6	
-118,40000000E-3	43,58948713E-6	
-118,80000000E-3	43,70772414E-6	
-119,00000000E-3	43,81502667E-6	
-119,50000000E-3	43,92234296E-6	
-119,70000000E-3	44,03909448E-6	
-120,20000000E-3	44,15447203E-6	
-120,60000000E-3	44,27428243E-6	
-120,80000000E-3	44,39755847E-6	
-121,30000000E-3	44,52076761E-6	
-121,50000000E-3	44,63673430E-6	
-121,90000000E-3	44,75079757E-6	
-122,20000000E-3	44,88899708E-6	
-122,50000000E-3	45,01246704E-6	
-122,90000000E-3	45,13044553E-6	
-123,10000000E-3	45,24580431E-6	
-123,80000000E-3	45,35321978E-6	
-124,10000000E-3	45,46000103E-6	
-124,30000000E-3	45,56891270E-6	
-124,70000000E-3	45,68265836E-6	
-124,90000000E-3	45,79359898E-6	
-125,40000000E-3	45,90398696E-6	
-125,60000000E-3	46,01603307E-6	
-126,10000000E-3	46,12999088E-6	
-126,30000000E-3	46,24156942E-6	
-126,80000000E-3	46,34933439E-6	
-127,20000000E-3	46,47722214E-6	
-127,40000000E-3	46,59600426E-6	
-127,90000000E-3	46,71208186E-6	
-128,10000000E-3	46,83506157E-6	
-128,60000000E-3	46,95465030E-6	
-128,80000000E-3	47,08259987E-6	
-129,20000000E-3	47,20724886E-6	
-129,70000000E-3	47,33881844E-6	
-129,90000000E-3	47,45809720E-6	
-130,30000000E-3	47,57631327E-6	
-130,60000000E-3	47,69075431E-6	
-130,80000000E-3	47,80778078E-6	
-131,30000000E-3	47,90817675E-6	
-131,50000000E-3	48,01090250E-6	
-132,20000000E-3	48,12304104E-6	
-132,40000000E-3	48,23207485E-6	
-132,80000000E-3	48,34061988E-6	
-133,10000000E-3	48,45637981E-6	
-133,40000000E-3	48,57194702E-6	
-133,80000000E-3	48,69341891E-6	
-134,00000000E-3	48,82228274E-6	
-134,60000000E-3	48,94260972E-6	
-134,70000000E-3	49,05946060E-6	
-135,10000000E-3	49,18078099E-6	
-135,60000000E-3	49,30729694E-6	
-135,80000000E-3	49,42640470E-6	
-136,30000000E-3	49,54686867E-6	
-136,60000000E-3	49,67372068E-6	
-137,00000000E-3	49,78815097E-6	
-137,20000000E-3	49,89574206E-6	
-137,70000000E-3	50,00957724E-6	
-138,10000000E-3	50,12576811E-6	
-138,40000000E-3	50,23871287E-6	
-138,80000000E-3	50,35115637E-6	
-139,10000000E-3	50,46331009E-6	
-139,30000000E-3	50,56787026E-6	
-139,70000000E-3	50,67089642E-6	
-140,00000000E-3	50,77707862E-6	
-140,40000000E-3	50,91159411E-6	
-140,90000000E-3	51,03933528E-6	
-141,20000000E-3	51,16755639E-6	
-141,60000000E-3	51,29779475E-6	
-141,80000000E-3	51,42223623E-6	
-142,30000000E-3	51,53764600E-6	
-142,50000000E-3	51,65629886E-6	
-142,90000000E-3	51,76677195E-6	
-143,20000000E-3	51,86513396E-6	
-143,60000000E-3	51,96683256E-6	
-143,90000000E-3	52,07251076E-6	
-144,30000000E-3	52,17865362E-6	
-144,80000000E-3	52,29007199E-6	
-145,00000000E-3	52,41053700E-6	
-145,50000000E-3	52,53525431E-6	
-145,70000000E-3	52,66048792E-6	
-146,10000000E-3	52,78133600E-6	
-146,40000000E-3	52,90453878E-6	
-146,50000000E-3	53,02625585E-6	
-147,00000000E-3	53,13779934E-6	
-147,30000000E-3	53,25505017E-6	
-148,00000000E-3	53,35684643E-6	
-148,20000000E-3	53,45174934E-6	
-148,50000000E-3	53,55745049E-6	
-148,90000000E-3	53,66585702E-6	
-149,10000000E-3	53,77875326E-6	
-149,60000000E-3	53,90605522E-6	
-149,80000000E-3	54,03837001E-6	
-150,20000000E-3	54,17057005E-6	
-150,50000000E-3	54,28925697E-6	
-150,90000000E-3	54,41867336E-6	
-151,30000000E-3	54,52964271E-6	
-151,60000000E-3	54,62653517E-6	
-152,10000000E-3	54,72586345E-6	
-152,30000000E-3	54,83402627E-6	
-152,80000000E-3	54,94736331E-6	
-153,00000000E-3	55,07106586E-6	
-153,40000000E-3	55,20983150E-6	
-153,90000000E-3	55,33856123E-6	
-154,10000000E-3	55,46023314E-6	
-154,50000000E-3	55,58293707E-6	
-154,80000000E-3	55,70611691E-6	
-155,20000000E-3	55,81543079E-6	
-155,50000000E-3	55,92262844E-6	
-155,70000000E-3	56,02844940E-6	
-156,40000000E-3	56,13952862E-6	
-156,60000000E-3	56,24433563E-6	
-157,10000000E-3	56,36097196E-6	
-157,30000000E-3	56,46509325E-6	
-157,60000000E-3	56,57081458E-6	
-158,00000000E-3	56,67746584E-6	
-158,20000000E-3	56,79334084E-6	
-158,80000000E-3	56,90609379E-6	
-159,10000000E-3	57,01904830E-6	
-159,40000000E-3	57,13972708E-6	
-159,80000000E-3	57,26100517E-6	
-160,00000000E-3	57,37481985E-6	
-160,50000000E-3	57,49040750E-6	
-160,80000000E-3	57,61919898E-6	
-161,20000000E-3	57,75109663E-6	
-161,70000000E-3	57,86856210E-6	
-161,90000000E-3	57,97563035E-6	
-162,30000000E-3	58,07847562E-6	
-162,60000000E-3	58,18711600E-6	
-163,00000000E-3	58,30106859E-6	
-163,30000000E-3	58,42100669E-6	
-163,60000000E-3	58,53965635E-6	
-164,00000000E-3	58,66144555E-6	
-164,20000000E-3	58,78151011E-6	
-164,90000000E-3	58,90156349E-6	
-165,10000000E-3	59,00600178E-6	
-165,60000000E-3	59,12244954E-6	
-165,80000000E-3	59,24853367E-6	
-166,20000000E-3	59,36288855E-6	
-166,40000000E-3	59,47441095E-6	
-166,70000000E-3	59,59117140E-6	
-167,20000000E-3	59,70891198E-6	
-167,40000000E-3	59,81885005E-6	
-168,00000000E-3	59,93844826E-6	
-168,30000000E-3	60,05752281E-6	
-168,50000000E-3	60,18261843E-6	
-169,00000000E-3	60,29188398E-6	
-169,20000000E-3	60,40284031E-6	
-169,70000000E-3	60,50755004E-6	
-169,90000000E-3	60,61002114E-6	
-170,40000000E-3	60,69908997E-6	
-170,80000000E-3	60,79391870E-6	
-171,00000000E-3	60,93241110E-6	
-171,50000000E-3	61,04875352E-6	
-171,70000000E-3	61,15857892E-6	
-172,10000000E-3	61,26558770E-6	
-172,40000000E-3	61,38071444E-6	
-172,70000000E-3	61,51519983E-6	
-173,30000000E-3	61,64609193E-6	
-173,60000000E-3	61,76026173E-6	
-174,00000000E-3	61,87021326E-6	
-174,20000000E-3	61,98922252E-6	
-174,50000000E-3	62,10518044E-6	
-174,90000000E-3	62,20882029E-6	
-175,20000000E-3	62,32196309E-6	
-175,60000000E-3	62,43690654E-6	
-175,80000000E-3	62,54561831E-6	
-176,40000000E-3	62,66931409E-6	
-176,70000000E-3	62,79302676E-6	
-177,00000000E-3	62,90272637E-6	
-177,40000000E-3	63,01591265E-6	
-177,70000000E-3	63,13532238E-6	
-178,20000000E-3	63,24181469E-6	
-178,30000000E-3	63,35255939E-6	
-178,80000000E-3	63,47529888E-6	
-179,30000000E-3	63,60682424E-6	
-179,50000000E-3	63,71861625E-6	
-179,90000000E-3	63,83012085E-6	
-180,20000000E-3	63,94793565E-6	
-180,60000000E-3	64,05399300E-6	
-180,90000000E-3	64,15824566E-6	
-181,30000000E-3	64,27663919E-6	
-181,50000000E-3	64,39158238E-6	
-182,00000000E-3	64,49570195E-6	
-182,30000000E-3	64,60934627E-6	
-182,70000000E-3	64,72980255E-6	
-182,90000000E-3	64,84211392E-6	
-183,40000000E-3	64,95218709E-6	
-183,60000000E-3	65,07875436E-6	
-184,00000000E-3	65,19089925E-6	
-184,30000000E-3	65,29777551E-6	
-184,80000000E-3	65,40493067E-6	
-185,20000000E-3	65,52219613E-6	
-185,40000000E-3	65,64066218E-6	
-185,90000000E-3	65,75513501E-6	
-186,10000000E-3	65,87085530E-6	
-186,60000000E-3	65,98072796E-6	
-186,80000000E-3	66,08326771E-6	
-187,30000000E-3	66,18541735E-6	
-187,50000000E-3	66,31528216E-6	
-187,90000000E-3	66,44905469E-6	
-188,40000000E-3	66,54763231E-6	
-188,60000000E-3	66,67224962E-6	
-189,10000000E-3	66,79064820E-6	
-189,30000000E-3	66,88962032E-6	
-189,60000000E-3	66,99036884E-6	
-190,00000000E-3	67,11122217E-6	
-190,50000000E-3	67,22042285E-6	
-190,70000000E-3	67,32347716E-6	
-191,20000000E-3	67,44275927E-6	
-191,40000000E-3	67,56381559E-6	
-191,90000000E-3	67,68041161E-6	
-192,10000000E-3	67,79726376E-6	
-192,50000000E-3	67,92208010E-6	
-193,00000000E-3	68,04790474E-6	
-193,10000000E-3	68,16857460E-6	
-193,70000000E-3	68,30778018E-6	
-194,00000000E-3	68,42912734E-6	
-194,30000000E-3	68,54838581E-6	
-194,70000000E-3	68,67580856E-6	
-195,00000000E-3	68,79958048E-6	
-195,50000000E-3	68,91418101E-6	
-195,80000000E-3	69,02779266E-6	
-196,20000000E-3	69,15620986E-6	
-196,50000000E-3	69,26880341E-6	
-196,70000000E-3	69,37618553E-6	
-197,20000000E-3	69,48232067E-6	
-197,40000000E-3	69,58509221E-6	
-197,80000000E-3	69,68541394E-6	
-198,10000000E-3	69,79083902E-6	
-198,50000000E-3	69,90193275E-6	
-198,80000000E-3	70,01109030E-6	
-199,20000000E-3	70,12417633E-6	
-199,70000000E-3	70,24235448E-6	
-199,90000000E-3	70,35145960E-6	
