200,00000000E-3	-60,65648332E-6	
200,00000000E-3	-60,66376351E-6	
200,00000000E-3	-60,66715370E-6	
199,90000000E-3	-60,66496094E-6	
199,70000000E-3	-60,66427142E-6	
199,60000000E-3	-60,65478374E-6	
199,40000000E-3	-60,62486632E-6	
199,30000000E-3	-60,58567291E-6	
199,00000000E-3	-60,53652484E-6	
198,80000000E-3	-60,46911641E-6	
198,70000000E-3	-60,38758557E-6	
198,30000000E-3	-60,28970653E-6	
198,10000000E-3	-60,18467277E-6	
198,10000000E-3	-60,06943922E-6	
197,30000000E-3	-59,95570826E-6	
197,10000000E-3	-59,85408413E-6	
196,80000000E-3	-59,76319269E-6	
196,80000000E-3	-59,67217125E-6	
196,80000000E-3	-59,59030422E-6	
196,40000000E-3	-59,51010761E-6	
195,60000000E-3	-59,42846058E-6	
195,40000000E-3	-59,35140140E-6	
195,00000000E-3	-59,28006838E-6	
194,80000000E-3	-59,21215071E-6	
194,30000000E-3	-59,14273789E-6	
193,90000000E-3	-59,07304177E-6	
193,70000000E-3	-58,99964751E-6	
193,20000000E-3	-58,91025609E-6	
193,00000000E-3	-58,81482835E-6	
192,70000000E-3	-58,70352828E-6	
192,30000000E-3	-58,57708867E-6	
191,80000000E-3	-58,43172206E-6	
191,40000000E-3	-58,27432920E-6	
191,20000000E-3	-58,12347475E-6	
190,70000000E-3	-57,98812030E-6	
190,50000000E-3	-57,86696894E-6	
190,20000000E-3	-57,77504443E-6	
189,80000000E-3	-57,70889701E-6	
189,60000000E-3	-57,65981317E-6	
189,60000000E-3	-57,61605960E-6	
188,70000000E-3	-57,54179863E-6	
188,50000000E-3	-57,42694526E-6	
187,90000000E-3	-57,26791196E-6	
187,60000000E-3	-57,10877460E-6	
187,40000000E-3	-56,95349486E-6	
187,00000000E-3	-56,83373993E-6	
186,70000000E-3	-56,76128946E-6	
186,20000000E-3	-56,72404508E-6	
186,20000000E-3	-56,66959780E-6	
185,50000000E-3	-56,56686798E-6	
185,20000000E-3	-56,41292961E-6	
185,20000000E-3	-56,23741988E-6	
185,20000000E-3	-56,09639293E-6	
185,20000000E-3	-56,01632605E-6	
183,90000000E-3	-55,97857069E-6	
183,50000000E-3	-55,93451040E-6	
183,00000000E-3	-55,84082391E-6	
182,80000000E-3	-55,68493206E-6	
182,30000000E-3	-55,49539013E-6	
182,10000000E-3	-55,34821498E-6	
182,10000000E-3	-55,26488417E-6	
181,30000000E-3	-55,21914361E-6	
181,10000000E-3	-55,16872162E-6	
180,70000000E-3	-55,08646744E-6	
180,40000000E-3	-54,97338871E-6	
179,90000000E-3	-54,81981035E-6	
179,70000000E-3	-54,66330853E-6	
179,40000000E-3	-54,51980270E-6	
178,80000000E-3	-54,39341704E-6	
178,60000000E-3	-54,32337522E-6	
178,20000000E-3	-54,27831548E-6	
177,90000000E-3	-54,21548035E-6	
177,90000000E-3	-54,10878571E-6	
177,10000000E-3	-53,96633964E-6	
177,10000000E-3	-53,80704487E-6	
176,40000000E-3	-53,65455233E-6	
176,20000000E-3	-53,52225837E-6	
175,70000000E-3	-53,44345855E-6	
175,50000000E-3	-53,39348049E-6	
175,50000000E-3	-53,34552079E-6	
174,90000000E-3	-53,27426472E-6	
174,30000000E-3	-53,16931663E-6	
173,90000000E-3	-53,01654622E-6	
173,70000000E-3	-52,84433350E-6	
173,20000000E-3	-52,67849420E-6	
172,90000000E-3	-52,54312441E-6	
172,70000000E-3	-52,44299757E-6	
172,20000000E-3	-52,38683596E-6	
171,80000000E-3	-52,34359537E-6	
171,80000000E-3	-52,27841610E-6	
171,00000000E-3	-52,15455517E-6	
170,80000000E-3	-52,00514203E-6	
170,40000000E-3	-51,84923764E-6	
170,10000000E-3	-51,69419532E-6	
169,70000000E-3	-51,56225202E-6	
169,40000000E-3	-51,45608479E-6	
169,10000000E-3	-51,36835935E-6	
168,70000000E-3	-51,29961338E-6	
168,50000000E-3	-51,24482764E-6	
168,10000000E-3	-51,19031657E-6	
167,80000000E-3	-51,11803303E-6	
167,30000000E-3	-51,02131102E-6	
166,90000000E-3	-50,90093225E-6	
166,70000000E-3	-50,75525105E-6	
166,20000000E-3	-50,60664539E-6	
165,80000000E-3	-50,47042300E-6	
165,60000000E-3	-50,33442628E-6	
165,10000000E-3	-50,19773631E-6	
165,10000000E-3	-50,07182969E-6	
164,50000000E-3	-49,95313942E-6	
164,10000000E-3	-49,84425597E-6	
163,80000000E-3	-49,73575525E-6	
163,40000000E-3	-49,63618644E-6	
163,20000000E-3	-49,51363649E-6	
162,70000000E-3	-49,39881125E-6	
162,30000000E-3	-49,29328279E-6	
162,00000000E-3	-49,19724827E-6	
161,80000000E-3	-49,08447640E-6	
161,30000000E-3	-48,97538517E-6	
161,00000000E-3	-48,86924426E-6	
160,60000000E-3	-48,76135208E-6	
160,20000000E-3	-48,64985308E-6	
159,90000000E-3	-48,54814505E-6	
159,50000000E-3	-48,45543855E-6	
159,20000000E-3	-48,36638899E-6	
158,80000000E-3	-48,29007601E-6	
158,50000000E-3	-48,22156215E-6	
158,20000000E-3	-48,14709914E-6	
157,80000000E-3	-48,07313515E-6	
157,60000000E-3	-47,99052311E-6	
157,40000000E-3	-47,88578206E-6	
156,70000000E-3	-47,76185384E-6	
156,50000000E-3	-47,62520363E-6	
156,50000000E-3	-47,47232683E-6	
155,60000000E-3	-47,31693624E-6	
155,20000000E-3	-47,18791773E-6	
155,00000000E-3	-47,08436981E-6	
154,50000000E-3	-47,00019967E-6	
154,30000000E-3	-46,93092672E-6	
154,10000000E-3	-46,88247380E-6	
153,60000000E-3	-46,80913492E-6	
153,30000000E-3	-46,68904376E-6	
152,80000000E-3	-46,53819616E-6	
152,40000000E-3	-46,38395946E-6	
152,20000000E-3	-46,24269842E-6	
151,70000000E-3	-46,12715657E-6	
151,50000000E-3	-46,04606952E-6	
151,00000000E-3	-45,99003313E-6	
150,80000000E-3	-45,93153527E-6	
150,30000000E-3	-45,84249992E-6	
149,90000000E-3	-45,72150203E-6	
149,80000000E-3	-45,56776319E-6	
149,20000000E-3	-45,40951397E-6	
149,00000000E-3	-45,29085462E-6	
148,50000000E-3	-45,21162018E-6	
148,30000000E-3	-45,15467118E-6	
148,00000000E-3	-45,09442458E-6	
147,60000000E-3	-44,99834074E-6	
147,40000000E-3	-44,84764144E-6	
146,70000000E-3	-44,69029990E-6	
146,50000000E-3	-44,55789349E-6	
146,20000000E-3	-44,45363602E-6	
146,00000000E-3	-44,38384953E-6	
146,00000000E-3	-44,33757534E-6	
145,20000000E-3	-44,28033235E-6	
144,90000000E-3	-44,17767088E-6	
144,40000000E-3	-44,03528429E-6	
144,10000000E-3	-43,87307960E-6	
143,90000000E-3	-43,72072077E-6	
143,40000000E-3	-43,61589882E-6	
143,20000000E-3	-43,55425136E-6	
142,70000000E-3	-43,50287239E-6	
142,70000000E-3	-43,42883313E-6	
142,00000000E-3	-43,32240908E-6	
141,80000000E-3	-43,17393595E-6	
141,40000000E-3	-43,00971131E-6	
140,90000000E-3	-42,86837885E-6	
140,70000000E-3	-42,78348042E-6	
140,20000000E-3	-42,72772557E-6	
140,00000000E-3	-42,66858736E-6	
139,50000000E-3	-42,57120205E-6	
139,30000000E-3	-42,43313725E-6	
138,80000000E-3	-42,27895100E-6	
138,60000000E-3	-42,12997107E-6	
138,10000000E-3	-42,02052447E-6	
137,90000000E-3	-41,94253688E-6	
137,60000000E-3	-41,87899717E-6	
137,20000000E-3	-41,82030254E-6	
136,70000000E-3	-41,74644323E-6	
136,50000000E-3	-41,64316562E-6	
136,00000000E-3	-41,50925665E-6	
135,50000000E-3	-41,35676313E-6	
135,30000000E-3	-41,20432536E-6	
134,90000000E-3	-41,06142517E-6	
134,60000000E-3	-40,96752191E-6	
134,40000000E-3	-40,90456192E-6	
134,00000000E-3	-40,84564505E-6	
133,50000000E-3	-40,77527017E-6	
133,20000000E-3	-40,67987912E-6	
132,80000000E-3	-40,53456457E-6	
132,60000000E-3	-40,35233521E-6	
132,10000000E-3	-40,20316313E-6	
131,80000000E-3	-40,09412856E-6	
131,50000000E-3	-40,02121953E-6	
131,30000000E-3	-39,96380704E-6	
130,80000000E-3	-39,90552756E-6	
130,40000000E-3	-39,82143587E-6	
130,10000000E-3	-39,70587994E-6	
129,70000000E-3	-39,56723999E-6	
129,70000000E-3	-39,41131594E-6	
129,10000000E-3	-39,26741155E-6	
128,70000000E-3	-39,16867851E-6	
128,40000000E-3	-39,10658195E-6	
128,00000000E-3	-39,05327397E-6	
127,50000000E-3	-38,96817645E-6	
127,20000000E-3	-38,83843052E-6	
126,80000000E-3	-38,67470076E-6	
126,50000000E-3	-38,53407924E-6	
126,40000000E-3	-38,45514558E-6	
125,90000000E-3	-38,41016873E-6	
125,60000000E-3	-38,33712594E-6	
125,10000000E-3	-38,22028831E-6	
125,00000000E-3	-38,06459836E-6	
124,70000000E-3	-37,90118831E-6	
123,90000000E-3	-37,78967357E-6	
123,70000000E-3	-37,72269211E-6	
123,30000000E-3	-37,66744823E-6	
123,00000000E-3	-37,56373784E-6	
122,80000000E-3	-37,42635641E-6	
122,40000000E-3	-37,27673663E-6	
122,10000000E-3	-37,14429368E-6	
121,70000000E-3	-37,06202962E-6	
121,40000000E-3	-37,01848778E-6	
121,00000000E-3	-36,96019298E-6	
120,80000000E-3	-36,85450114E-6	
120,10000000E-3	-36,70899760E-6	
120,10000000E-3	-36,55363202E-6	
119,70000000E-3	-36,42798849E-6	
119,20000000E-3	-36,34337057E-6	
119,20000000E-3	-36,28618464E-6	
118,50000000E-3	-36,21545823E-6	
118,10000000E-3	-36,10161564E-6	
117,90000000E-3	-35,95018965E-6	
117,40000000E-3	-35,80924735E-6	
117,20000000E-3	-35,68794154E-6	
116,70000000E-3	-35,60653531E-6	
116,70000000E-3	-35,54967795E-6	
116,20000000E-3	-35,48459499E-6	
115,70000000E-3	-35,37698636E-6	
115,30000000E-3	-35,23733504E-6	
115,00000000E-3	-35,09069643E-6	
114,70000000E-3	-34,94670066E-6	
114,20000000E-3	-34,85753772E-6	
113,90000000E-3	-34,80385374E-6	
113,50000000E-3	-34,74229793E-6	
113,30000000E-3	-34,63119916E-6	
112,90000000E-3	-34,48537273E-6	
112,60000000E-3	-34,34022810E-6	
112,10000000E-3	-34,22350376E-6	
111,90000000E-3	-34,15662411E-6	
111,50000000E-3	-34,10159531E-6	
111,20000000E-3	-34,01968247E-6	
110,70000000E-3	-33,88260535E-6	
110,30000000E-3	-33,73418284E-6	
110,10000000E-3	-33,60390707E-6	
110,10000000E-3	-33,49671498E-6	
109,30000000E-3	-33,43210419E-6	
109,10000000E-3	-33,37293682E-6	
108,60000000E-3	-33,28897218E-6	
108,40000000E-3	-33,18178688E-6	
108,10000000E-3	-33,06143599E-6	
107,60000000E-3	-32,91939069E-6	
107,30000000E-3	-32,77723852E-6	
106,90000000E-3	-32,65617348E-6	
106,70000000E-3	-32,56905497E-6	
106,20000000E-3	-32,49350081E-6	
105,90000000E-3	-32,42868396E-6	
105,50000000E-3	-32,36181541E-6	
105,00000000E-3	-32,27408843E-6	
104,80000000E-3	-32,15762256E-6	
104,40000000E-3	-32,04120603E-6	
104,10000000E-3	-31,91506372E-6	
103,80000000E-3	-31,78295012E-6	
103,40000000E-3	-31,66292901E-6	
103,20000000E-3	-31,54840264E-6	
102,50000000E-3	-31,43553901E-6	
102,30000000E-3	-31,33295558E-6	
102,00000000E-3	-31,24676262E-6	
101,60000000E-3	-31,17096003E-6	
101,40000000E-3	-31,09988383E-6	
100,90000000E-3	-31,02747629E-6	
100,70000000E-3	-30,94531416E-6	
100,20000000E-3	-30,83976961E-6	
99,80000000E-3	-30,72602099E-6	
99,50000000E-3	-30,59212205E-6	
99,10000000E-3	-30,45926469E-6	
98,90000000E-3	-30,33367619E-6	
98,50000000E-3	-30,23644409E-6	
98,10000000E-3	-30,17096249E-6	
97,70000000E-3	-30,11092543E-6	
97,20000000E-3	-30,04153159E-6	
97,00000000E-3	-29,95305533E-6	
96,60000000E-3	-29,83919968E-6	
96,30000000E-3	-29,70222967E-6	
96,10000000E-3	-29,56340616E-6	
95,60000000E-3	-29,45004655E-6	
95,30000000E-3	-29,36860637E-6	
94,90000000E-3	-29,31259225E-6	
94,60000000E-3	-29,26511638E-6	
94,20000000E-3	-29,19369625E-6	
93,80000000E-3	-29,08984383E-6	
93,50000000E-3	-28,95317710E-6	
93,10000000E-3	-28,82645611E-6	
92,80000000E-3	-28,72063867E-6	
92,40000000E-3	-28,66380623E-6	
92,10000000E-3	-28,61308005E-6	
92,00000000E-3	-28,52412435E-6	
91,50000000E-3	-28,38760531E-6	
91,00000000E-3	-28,26218820E-6	
90,70000000E-3	-28,18001156E-6	
90,50000000E-3	-28,12997107E-6	
90,10000000E-3	-28,07046102E-6	
89,90000000E-3	-27,96700959E-6	
89,90000000E-3	-27,82871347E-6	
89,00000000E-3	-27,71414361E-6	
88,60000000E-3	-27,63459184E-6	
88,30000000E-3	-27,58333036E-6	
87,90000000E-3	-27,52683094E-6	
87,40000000E-3	-27,45585646E-6	
87,10000000E-3	-27,35744182E-6	
86,70000000E-3	-27,23185429E-6	
86,40000000E-3	-27,10597360E-6	
86,10000000E-3	-27,01452753E-6	
85,80000000E-3	-26,96330380E-6	
85,50000000E-3	-26,92896447E-6	
85,10000000E-3	-26,88145577E-6	
84,80000000E-3	-26,80831620E-6	
84,40000000E-3	-26,70673465E-6	
84,20000000E-3	-26,58994325E-6	
84,20000000E-3	-26,48039036E-6	
83,50000000E-3	-26,38218427E-6	
82,90000000E-3	-26,29924463E-6	
82,70000000E-3	-26,23272180E-6	
82,00000000E-3	-26,18258450E-6	
81,80000000E-3	-26,13369848E-6	
81,80000000E-3	-26,08825691E-6	
81,40000000E-3	-26,02924069E-6	
81,00000000E-3	-25,95358002E-6	
80,40000000E-3	-25,85953083E-6	
79,90000000E-3	-25,75814293E-6	
79,70000000E-3	-25,66389949E-6	
79,30000000E-3	-25,56800122E-6	
79,00000000E-3	-25,48032741E-6	
78,80000000E-3	-25,41265903E-6	
78,30000000E-3	-25,34595277E-6	
78,10000000E-3	-25,27340356E-6	
77,70000000E-3	-25,20898710E-6	
77,40000000E-3	-25,14566848E-6	
76,90000000E-3	-25,08306515E-6	
76,70000000E-3	-25,02542211E-6	
76,20000000E-3	-24,96734666E-6	
76,00000000E-3	-24,90689551E-6	
75,60000000E-3	-24,84379006E-6	
75,10000000E-3	-24,78214539E-6	
74,80000000E-3	-24,72381224E-6	
74,40000000E-3	-24,65739299E-6	
74,10000000E-3	-24,59198098E-6	
73,70000000E-3	-24,52511347E-6	
73,50000000E-3	-24,45065159E-6	
73,20000000E-3	-24,37434286E-6	
72,90000000E-3	-24,30167192E-6	
72,40000000E-3	-24,23123804E-6	
71,90000000E-3	-24,15189980E-6	
71,70000000E-3	-24,07151932E-6	
71,30000000E-3	-24,00046944E-6	
71,00000000E-3	-23,92377366E-6	
70,70000000E-3	-23,84652581E-6	
70,30000000E-3	-23,77586085E-6	
69,80000000E-3	-23,70860529E-6	
69,60000000E-3	-23,64256764E-6	
69,10000000E-3	-23,57991223E-6	
68,90000000E-3	-23,52499485E-6	
68,40000000E-3	-23,47553323E-6	
68,20000000E-3	-23,42600111E-6	
68,00000000E-3	-23,37863817E-6	
67,50000000E-3	-23,32486323E-6	
67,00000000E-3	-23,26556590E-6	
66,80000000E-3	-23,21019619E-6	
66,40000000E-3	-23,15613828E-6	
65,90000000E-3	-23,09154134E-6	
65,60000000E-3	-23,02308720E-6	
65,40000000E-3	-22,95534443E-6	
65,10000000E-3	-22,88159892E-6	
64,50000000E-3	-22,80066323E-6	
64,20000000E-3	-22,70739827E-6	
63,90000000E-3	-22,61916051E-6	
63,90000000E-3	-22,51479950E-6	
63,10000000E-3	-22,42081389E-6	
62,90000000E-3	-22,33611864E-6	
62,60000000E-3	-22,25681942E-6	
62,20000000E-3	-22,17985875E-6	
61,80000000E-3	-22,11472566E-6	
61,80000000E-3	-22,05647749E-6	
61,80000000E-3	-21,98751337E-6	
60,80000000E-3	-21,91134221E-6	
60,30000000E-3	-21,81532187E-6	
60,10000000E-3	-21,69391452E-6	
59,70000000E-3	-21,56779370E-6	
59,20000000E-3	-21,44855792E-6	
59,00000000E-3	-21,34078557E-6	
58,50000000E-3	-21,23167380E-6	
58,30000000E-3	-21,14622241E-6	
58,10000000E-3	-21,05906590E-6	
57,80000000E-3	-20,95158430E-6	
57,40000000E-3	-20,82481619E-6	
56,90000000E-3	-20,68271746E-6	
56,70000000E-3	-20,52825144E-6	
56,20000000E-3	-20,36991550E-6	
56,00000000E-3	-20,21553172E-6	
55,50000000E-3	-20,06355208E-6	
55,00000000E-3	-19,91340731E-6	
54,80000000E-3	-19,77596581E-6	
54,40000000E-3	-19,64467505E-6	
54,10000000E-3	-19,48405704E-6	
53,90000000E-3	-19,32694459E-6	
53,40000000E-3	-19,15901544E-6	
53,20000000E-3	-18,96007413E-6	
52,70000000E-3	-18,74199796E-6	
52,20000000E-3	-18,53252009E-6	
52,20000000E-3	-18,32869835E-6	
51,80000000E-3	-18,13354925E-6	
51,50000000E-3	-17,94548205E-6	
50,90000000E-3	-17,76736936E-6	
50,50000000E-3	-17,57700570E-6	
50,30000000E-3	-17,38195217E-6	
49,90000000E-3	-17,17715920E-6	
49,60000000E-3	-16,97523891E-6	
49,40000000E-3	-16,76497393E-6	
48,90000000E-3	-16,55184515E-6	
48,40000000E-3	-16,35091392E-6	
48,40000000E-3	-16,15297593E-6	
47,70000000E-3	-15,92696980E-6	
47,50000000E-3	-15,72086658E-6	
47,00000000E-3	-15,52736889E-6	
46,70000000E-3	-15,32532901E-6	
46,30000000E-3	-15,11905816E-6	
46,10000000E-3	-14,92110109E-6	
45,50000000E-3	-14,72793958E-6	
45,30000000E-3	-14,52080092E-6	
45,10000000E-3	-14,33800119E-6	
44,60000000E-3	-14,17046538E-6	
44,10000000E-3	-13,98224573E-6	
43,80000000E-3	-13,81716444E-6	
43,60000000E-3	-13,65499751E-6	
43,10000000E-3	-13,49536306E-6	
42,90000000E-3	-13,33080224E-6	
42,40000000E-3	-13,17200524E-6	
42,00000000E-3	-13,02331326E-6	
41,70000000E-3	-12,87511112E-6	
41,40000000E-3	-12,73915371E-6	
40,90000000E-3	-12,61007899E-6	
40,70000000E-3	-12,48355876E-6	
40,50000000E-3	-12,36042238E-6	
40,50000000E-3	-12,24030428E-6	
39,60000000E-3	-12,12824563E-6	
39,20000000E-3	-12,00632647E-6	
39,00000000E-3	-11,89956861E-6	
38,50000000E-3	-11,79418938E-6	
38,30000000E-3	-11,68462248E-6	
38,10000000E-3	-11,58645231E-6	
37,60000000E-3	-11,49208272E-6	
37,30000000E-3	-11,38984125E-6	
36,80000000E-3	-11,28308742E-6	
36,50000000E-3	-11,18583793E-6	
36,20000000E-3	-11,09178096E-6	
35,90000000E-3	-10,98641643E-6	
35,40000000E-3	-10,88558299E-6	
35,20000000E-3	-10,79091897E-6	
35,20000000E-3	-10,69939785E-6	
34,40000000E-3	-10,60539980E-6	
33,90000000E-3	-10,51104721E-6	
33,80000000E-3	-10,42118192E-6	
33,20000000E-3	-10,33228308E-6	
33,20000000E-3	-10,23684049E-6	
32,70000000E-3	-10,14601267E-6	
32,30000000E-3	-10,05131455E-6	
31,80000000E-3	-9,95693654E-6	
31,40000000E-3	-9,86008744E-6	
31,20000000E-3	-9,77451798E-6	
30,70000000E-3	-9,68665314E-6	
30,50000000E-3	-9,59966560E-6	
30,50000000E-3	-9,51154333E-6	
29,70000000E-3	-9,39929446E-6	
29,50000000E-3	-9,27181034E-6	
29,10000000E-3	-9,15026696E-6	
28,80000000E-3	-9,02990808E-6	
28,50000000E-3	-8,90492440E-6	
28,00000000E-3	-8,80039066E-6	
27,80000000E-3	-8,70707047E-6	
27,50000000E-3	-8,60730230E-6	
27,00000000E-3	-8,49195091E-6	
26,60000000E-3	-8,37755854E-6	
26,30000000E-3	-8,22986356E-6	
26,10000000E-3	-8,07733440E-6	
25,60000000E-3	-7,92598462E-6	
25,20000000E-3	-7,77439598E-6	
24,80000000E-3	-7,61802901E-6	
24,60000000E-3	-7,47806051E-6	
24,10000000E-3	-7,35396711E-6	
23,80000000E-3	-7,22784018E-6	
23,60000000E-3	-7,08331880E-6	
23,10000000E-3	-6,93044614E-6	
22,60000000E-3	-6,76152298E-6	
22,40000000E-3	-6,58375246E-6	
22,20000000E-3	-6,40679237E-6	
21,70000000E-3	-6,25454354E-6	
21,50000000E-3	-6,10000060E-6	
21,00000000E-3	-5,94928162E-6	
20,70000000E-3	-5,80955628E-6	
20,50000000E-3	-5,66467551E-6	
20,00000000E-3	-5,51215148E-6	
19,50000000E-3	-5,36620477E-6	
19,50000000E-3	-5,21481717E-6	
18,80000000E-3	-5,05164487E-6	
18,50000000E-3	-4,87642295E-6	
18,20000000E-3	-4,71418038E-6	
17,80000000E-3	-4,55110077E-6	
17,60000000E-3	-4,36939957E-6	
17,00000000E-3	-4,21215078E-6	
16,80000000E-3	-4,06175924E-6	
16,60000000E-3	-3,91902638E-6	
16,10000000E-3	-3,77031907E-6	
15,60000000E-3	-3,63185471E-6	
15,40000000E-3	-3,48906484E-6	
15,00000000E-3	-3,34566602E-6	
14,70000000E-3	-3,21136870E-6	
14,40000000E-3	-3,07410591E-6	
13,90000000E-3	-2,93037267E-6	
13,40000000E-3	-2,79399610E-6	
13,20000000E-3	-2,66642743E-6	
13,00000000E-3	-2,54020763E-6	
12,50000000E-3	-2,41372514E-6	
12,20000000E-3	-2,29952662E-6	
11,80000000E-3	-2,19503499E-6	
11,50000000E-3	-2,08679811E-6	
11,30000000E-3	-1,98747987E-6	
10,80000000E-3	-1,88765305E-6	
10,60000000E-3	-1,78759343E-6	
10,10000000E-3	-1,68993466E-6	
9,70000000E-3	-1,59877050E-6	
9,40000000E-3	-1,50851923E-6	
9,10000000E-3	-1,41360972E-6	
8,60000000E-3	-1,33067576E-6	
8,40000000E-3	-1,24922394E-6	
7,90000000E-3	-1,16493162E-6	
7,60000000E-3	-1,08496457E-6	
7,20000000E-3	-999,98459877E-9	
6,90000000E-3	-923,30434334E-9	
6,60000000E-3	-841,13451520E-9	
6,00000000E-3	-759,32019878E-9	
6,00000000E-3	-685,17270902E-9	
5,50000000E-3	-612,02200040E-9	
5,30000000E-3	-534,69627928E-9	
5,00000000E-3	-460,95201162E-9	
4,80000000E-3	-383,29115555E-9	
4,10000000E-3	-299,32455027E-9	
3,80000000E-3	-217,34082036E-9	
3,50000000E-3	-140,94884066E-9	
3,10000000E-3	-55,74225496E-9	
2,90000000E-3	24,37194782E-9	
2,30000000E-3	105,55472907E-9	
2,10000000E-3	197,17608963E-9	
1,50000000E-3	295,57656585E-9	
1,40000000E-3	390,84647591E-9	
800,00000000E-6	490,69092486E-9	
600,00000000E-6	600,51708223E-9	
200,00000000E-6	707,43234260E-9	
-200,00000000E-6	813,04800515E-9	
-700,00000000E-6	919,86149113E-9	
-900,00000000E-6	1,02131867E-6	
-1,40000000E-3	1,11535181E-6	
-1,70000000E-3	1,20461896E-6	
-1,90000000E-3	1,31157580E-6	
-2,40000000E-3	1,41758462E-6	
-2,60000000E-3	1,52173096E-6	
-3,10000000E-3	1,62689733E-6	
-3,60000000E-3	1,75240748E-6	
-3,90000000E-3	1,86628499E-6	
-4,10000000E-3	1,97452079E-6	
-4,60000000E-3	2,08577357E-6	
-4,90000000E-3	2,19697246E-6	
-5,10000000E-3	2,30701094E-6	
-5,50000000E-3	2,41720680E-6	
-5,80000000E-3	2,52554820E-6	
-6,40000000E-3	2,63393662E-6	
-6,60000000E-3	2,75304137E-6	
-7,10000000E-3	2,88543926E-6	
-7,30000000E-3	3,01363627E-6	
-7,60000000E-3	3,13941298E-6	
-8,00000000E-3	3,26338576E-6	
-8,30000000E-3	3,37537218E-6	
-8,70000000E-3	3,48033781E-6	
-9,10000000E-3	3,58993795E-6	
-9,30000000E-3	3,70634078E-6	
-9,80000000E-3	3,81974546E-6	
-10,30000000E-3	3,93903638E-6	
-10,50000000E-3	4,06642331E-6	
-10,70000000E-3	4,19068750E-6	
-11,20000000E-3	4,30701289E-6	
-11,40000000E-3	4,42346000E-6	
-11,90000000E-3	4,54160798E-6	
-12,40000000E-3	4,64799644E-6	
-12,60000000E-3	4,75196738E-6	
-12,90000000E-3	4,85952832E-6	
-13,40000000E-3	4,96258733E-6	
-13,60000000E-3	5,06240885E-6	
-13,90000000E-3	5,15773623E-6	
-14,40000000E-3	5,24898231E-6	
-14,60000000E-3	5,34037461E-6	
-14,90000000E-3	5,43863811E-6	
-15,30000000E-3	5,53736678E-6	
-15,90000000E-3	5,64144933E-6	
-16,10000000E-3	5,73311191E-6	
-16,50000000E-3	5,83678711E-6	
-16,80000000E-3	5,93664960E-6	
-17,10000000E-3	6,02848567E-6	
-17,60000000E-3	6,11731336E-6	
-17,80000000E-3	6,21048601E-6	
-18,10000000E-3	6,30433666E-6	
-18,50000000E-3	6,39951516E-6	
-18,80000000E-3	6,49960689E-6	
-19,30000000E-3	6,59644854E-6	
-19,60000000E-3	6,69481758E-6	
-20,00000000E-3	6,80127046E-6	
-20,30000000E-3	6,90267322E-6	
-20,50000000E-3	7,00029134E-6	
-21,00000000E-3	7,10518768E-6	
-21,20000000E-3	7,21579370E-6	
-21,50000000E-3	7,32153828E-6	
-22,00000000E-3	7,43133796E-6	
-22,60000000E-3	7,54831017E-6	
-22,80000000E-3	7,66675463E-6	
-23,00000000E-3	7,78613614E-6	
-23,50000000E-3	7,92626470E-6	
-23,80000000E-3	8,06494470E-6	
-24,00000000E-3	8,19473133E-6	
-24,50000000E-3	8,32704377E-6	
-25,00000000E-3	8,47003826E-6	
-25,20000000E-3	8,61348681E-6	
-25,60000000E-3	8,75409417E-6	
-25,90000000E-3	8,89896552E-6	
-26,20000000E-3	9,07508940E-6	
-26,60000000E-3	9,24236182E-6	
-26,90000000E-3	9,40485182E-6	
-27,20000000E-3	9,57668418E-6	
-27,60000000E-3	9,74957397E-6	
-28,10000000E-3	9,91956057E-6	
-28,40000000E-3	10,11199139E-6	
-28,60000000E-3	10,31890256E-6	
-29,10000000E-3	10,51734431E-6	
-29,40000000E-3	10,72184739E-6	
-29,90000000E-3	10,94158459E-6	
-30,20000000E-3	11,15789063E-6	
-30,60000000E-3	11,37781377E-6	
-30,90000000E-3	11,60911466E-6	
-31,20000000E-3	11,84473016E-6	
-31,60000000E-3	12,07346979E-6	
-31,90000000E-3	12,30920815E-6	
-32,40000000E-3	12,55901845E-6	
-32,60000000E-3	12,79949951E-6	
-33,10000000E-3	13,02734678E-6	
-33,40000000E-3	13,25409575E-6	
-33,60000000E-3	13,48282303E-6	
-34,10000000E-3	13,71328420E-6	
-34,40000000E-3	13,95838465E-6	
-34,60000000E-3	14,20515019E-6	
-35,10000000E-3	14,46199425E-6	
-35,30000000E-3	14,71358336E-6	
-35,60000000E-3	14,97042749E-6	
-36,10000000E-3	15,23672314E-6	
-36,60000000E-3	15,48185818E-6	
-36,90000000E-3	15,74488368E-6	
-37,10000000E-3	16,01186378E-6	
-37,60000000E-3	16,29096672E-6	
-37,90000000E-3	16,56279366E-6	
-38,10000000E-3	16,84940304E-6	
-38,50000000E-3	17,12308273E-6	
-39,10000000E-3	17,38627632E-6	
-39,30000000E-3	17,69197126E-6	
-39,50000000E-3	17,97860045E-6	
-40,00000000E-3	18,27774979E-6	
-40,30000000E-3	18,56969185E-6	
-40,50000000E-3	18,87354757E-6	
-41,10000000E-3	19,16189664E-6	
-41,50000000E-3	19,43922970E-6	
-41,80000000E-3	19,73079777E-6	
-42,00000000E-3	20,03867296E-6	
-42,50000000E-3	20,33240596E-6	
-42,80000000E-3	20,60856101E-6	
-43,00000000E-3	20,88859153E-6	
-43,50000000E-3	21,19654199E-6	
-43,80000000E-3	21,47435399E-6	
-44,00000000E-3	21,79165869E-6	
-44,50000000E-3	22,08293719E-6	
-45,00000000E-3	22,36118240E-6	
-45,30000000E-3	22,65391679E-6	
-45,50000000E-3	22,95634138E-6	
-46,00000000E-3	23,24129739E-6	
-46,30000000E-3	23,52313697E-6	
-46,50000000E-3	23,80191987E-6	
-47,00000000E-3	24,06365522E-6	
-47,30000000E-3	24,32425436E-6	
-47,80000000E-3	24,60333327E-6	
-48,00000000E-3	24,88280505E-6	
-48,50000000E-3	25,12710373E-6	
-48,80000000E-3	25,35841439E-6	
-49,00000000E-3	25,59613336E-6	
-49,50000000E-3	25,81461450E-6	
-50,00000000E-3	26,01156749E-6	
-50,00000000E-3	26,21202025E-6	
-50,50000000E-3	26,41422578E-6	
-51,00000000E-3	26,59855237E-6	
-51,20000000E-3	26,76730057E-6	
-51,50000000E-3	26,95149805E-6	
-52,00000000E-3	27,11844727E-6	
-52,30000000E-3	27,27301728E-6	
-52,50000000E-3	27,42625774E-6	
-53,00000000E-3	27,56584936E-6	
-53,50000000E-3	27,68871517E-6	
-53,80000000E-3	27,80694809E-6	
-54,00000000E-3	27,91722265E-6	
-54,50000000E-3	28,01583154E-6	
-54,80000000E-3	28,10780698E-6	
-55,00000000E-3	28,19134049E-6	
-55,50000000E-3	28,26586990E-6	
-55,80000000E-3	28,33270686E-6	
-56,00000000E-3	28,39807578E-6	
-56,50000000E-3	28,46297422E-6	
-56,80000000E-3	28,52601401E-6	
-57,00000000E-3	28,59279624E-6	
-57,50000000E-3	28,65719830E-6	
-57,90000000E-3	28,71510316E-6	
-58,20000000E-3	28,76488486E-6	
-58,50000000E-3	28,80810405E-6	
-58,90000000E-3	28,84317832E-6	
-59,20000000E-3	28,87190610E-6	
-59,50000000E-3	28,90147500E-6	
-59,90000000E-3	28,93893466E-6	
-60,50000000E-3	28,97817657E-6	
-60,80000000E-3	29,01967173E-6	
-60,90000000E-3	29,06852398E-6	
-61,50000000E-3	29,11880898E-6	
-61,70000000E-3	29,16268096E-6	
-61,90000000E-3	29,20780601E-6	
-62,50000000E-3	29,25424940E-6	
-62,90000000E-3	29,28933297E-6	
-63,20000000E-3	29,32173891E-6	
-63,50000000E-3	29,35709425E-6	
-63,90000000E-3	29,39282483E-6	
-64,20000000E-3	29,43020389E-6	
-64,50000000E-3	29,47301916E-6	
-64,90000000E-3	29,52145076E-6	
-65,50000000E-3	29,56827087E-6	
-65,70000000E-3	29,61895060E-6	
-65,90000000E-3	29,67323347E-6	
-66,40000000E-3	29,73258305E-6	
-66,80000000E-3	29,79056990E-6	
-66,90000000E-3	29,84461602E-6	
-67,50000000E-3	29,90301998E-6	
-67,70000000E-3	29,95519226E-6	
-67,90000000E-3	29,99980602E-6	
-68,50000000E-3	30,04322882E-6	
-68,90000000E-3	30,08925061E-6	
-69,20000000E-3	30,13075975E-6	
-69,50000000E-3	30,17878723E-6	
-69,90000000E-3	30,24206493E-6	
-70,50000000E-3	30,30213326E-6	
-70,70000000E-3	30,36664586E-6	
-70,90000000E-3	30,43755931E-6	
-71,50000000E-3	30,50398680E-6	
-71,70000000E-3	30,55888170E-6	
-71,90000000E-3	30,60650717E-6	
-72,50000000E-3	30,65157455E-6	
-72,70000000E-3	30,69944947E-6	
-73,00000000E-3	30,74632208E-6	
-73,50000000E-3	30,81059076E-6	
-73,90000000E-3	30,88048880E-6	
-74,20000000E-3	30,94649239E-6	
-74,40000000E-3	31,01465690E-6	
-74,90000000E-3	31,06693354E-6	
-75,20000000E-3	31,11091966E-6	
-75,40000000E-3	31,15002783E-6	
-75,90000000E-3	31,20718244E-6	
-76,40000000E-3	31,27948674E-6	
-76,70000000E-3	31,34878006E-6	
-76,90000000E-3	31,40955346E-6	
-77,40000000E-3	31,45929993E-6	
-77,70000000E-3	31,50141930E-6	
-77,80000000E-3	31,54547656E-6	
-78,10000000E-3	31,60281763E-6	
-78,70000000E-3	31,67547813E-6	
-79,00000000E-3	31,74609585E-6	
-79,50000000E-3	31,81172672E-6	
-79,60000000E-3	31,86418621E-6	
-80,30000000E-3	31,91280063E-6	
-80,50000000E-3	31,95894647E-6	
-80,80000000E-3	32,01776170E-6	
-81,20000000E-3	32,08899179E-6	
-81,50000000E-3	32,16488693E-6	
-81,80000000E-3	32,23956460E-6	
-82,40000000E-3	32,29592236E-6	
-82,70000000E-3	32,34178502E-6	
-82,90000000E-3	32,39123697E-6	
-83,40000000E-3	32,45772444E-6	
-83,70000000E-3	32,53610880E-6	
-83,90000000E-3	32,61093491E-6	
-84,40000000E-3	32,66968434E-6	
-84,70000000E-3	32,71738262E-6	
-84,90000000E-3	32,76576098E-6	
-85,40000000E-3	32,82686520E-6	
-85,90000000E-3	32,90805951E-6	
-86,20000000E-3	32,99401205E-6	
-86,40000000E-3	33,07292609E-6	
-86,90000000E-3	33,13027707E-6	
-87,20000000E-3	33,17826703E-6	
-87,40000000E-3	33,23558899E-6	
-87,90000000E-3	33,31166647E-6	
-88,40000000E-3	33,40636304E-6	
-88,60000000E-3	33,48923714E-6	
-88,90000000E-3	33,56115553E-6	
-89,40000000E-3	33,62385614E-6	
-89,60000000E-3	33,68331520E-6	
-89,90000000E-3	33,74702945E-6	
-90,40000000E-3	33,82203367E-6	
-90,90000000E-3	33,91087760E-6	
-91,10000000E-3	33,99708695E-6	
-91,40000000E-3	34,08188699E-6	
-91,90000000E-3	34,17297903E-6	
-92,10000000E-3	34,25478284E-6	
-92,40000000E-3	34,32372806E-6	
-92,90000000E-3	34,39202401E-6	
-93,10000000E-3	34,46444664E-6	
-93,60000000E-3	34,53802511E-6	
-93,90000000E-3	34,60859020E-6	
-94,40000000E-3	34,68632784E-6	
-94,60000000E-3	34,77305755E-6	
-94,80000000E-3	34,86661922E-6	
-95,40000000E-3	34,96500835E-6	
-95,60000000E-3	35,05657463E-6	
-95,80000000E-3	35,13997796E-6	
-96,40000000E-3	35,22523497E-6	
-96,80000000E-3	35,32554419E-6	
-97,10000000E-3	35,41670427E-6	
-97,40000000E-3	35,50924774E-6	
-97,80000000E-3	35,60696703E-6	
-98,10000000E-3	35,69980366E-6	
-98,30000000E-3	35,78616756E-6	
-98,80000000E-3	35,87550353E-6	
-99,10000000E-3	35,96873007E-6	
-99,60000000E-3	36,06519684E-6	
-99,80000000E-3	36,15461568E-6	
-100,30000000E-3	36,25375080E-6	
-100,60000000E-3	36,34770559E-6	
-100,80000000E-3	36,43870281E-6	
-101,30000000E-3	36,53332760E-6	
-101,60000000E-3	36,63093226E-6	
-101,80000000E-3	36,72549789E-6	
-102,40000000E-3	36,82222393E-6	
-102,80000000E-3	36,92245472E-6	
-103,10000000E-3	37,01599037E-6	
-103,30000000E-3	37,11063247E-6	
-103,80000000E-3	37,20864036E-6	
-104,10000000E-3	37,30501504E-6	
-104,30000000E-3	37,39562797E-6	
-104,80000000E-3	37,48984786E-6	
-105,30000000E-3	37,59045630E-6	
-105,60000000E-3	37,68796796E-6	
-105,80000000E-3	37,78549520E-6	
-106,30000000E-3	37,88492918E-6	
-106,60000000E-3	37,98857834E-6	
-106,80000000E-3	38,08500246E-6	
-107,30000000E-3	38,18173151E-6	
-107,80000000E-3	38,28434017E-6	
-108,00000000E-3	38,38520964E-6	
-108,30000000E-3	38,48613209E-6	
-108,80000000E-3	38,59522546E-6	
-109,00000000E-3	38,69900320E-6	
-109,40000000E-3	38,80270367E-6	
-109,70000000E-3	38,90923767E-6	
-110,20000000E-3	39,02328862E-6	
-110,40000000E-3	39,13163487E-6	
-110,90000000E-3	39,23173225E-6	
-111,10000000E-3	39,33505236E-6	
-111,70000000E-3	39,43976724E-6	
-111,90000000E-3	39,54084366E-6	
-112,10000000E-3	39,64117010E-6	
-112,70000000E-3	39,74704957E-6	
-113,00000000E-3	39,85017667E-6	
-113,30000000E-3	39,95330939E-6	
-113,70000000E-3	40,06374068E-6	
-114,00000000E-3	40,17239892E-6	
-114,40000000E-3	40,27501556E-6	
-114,70000000E-3	40,37728072E-6	
-115,20000000E-3	40,48013805E-6	
-115,40000000E-3	40,58062123E-6	
-115,90000000E-3	40,67521125E-6	
-116,20000000E-3	40,77253446E-6	
-116,50000000E-3	40,87298793E-6	
-116,80000000E-3	40,97929165E-6	
-117,10000000E-3	41,07972125E-6	
-117,50000000E-3	41,18229327E-6	
-118,00000000E-3	41,28212839E-6	
-118,30000000E-3	41,38123594E-6	
-118,80000000E-3	41,48384424E-6	
-118,90000000E-3	41,59982450E-6	
-119,30000000E-3	41,70509573E-6	
-119,70000000E-3	41,81237749E-6	
-119,90000000E-3	41,92559564E-6	
-120,40000000E-3	42,03086198E-6	
-120,80000000E-3	42,13352120E-6	
-121,10000000E-3	42,23660713E-6	
-121,40000000E-3	42,35140475E-6	
-121,80000000E-3	42,45503690E-6	
-122,10000000E-3	42,55930725E-6	
-122,50000000E-3	42,67609990E-6	
-123,00000000E-3	42,78948794E-6	
-123,20000000E-3	42,89308789E-6	
-123,70000000E-3	43,00358757E-6	
-123,90000000E-3	43,12484865E-6	
-124,40000000E-3	43,23686142E-6	
-124,60000000E-3	43,34002133E-6	
-125,00000000E-3	43,44421132E-6	
-125,30000000E-3	43,54518235E-6	
-125,50000000E-3	43,64884086E-6	
-126,00000000E-3	43,76395904E-6	
-126,40000000E-3	43,87456732E-6	
-126,80000000E-3	43,97787385E-6	
-127,10000000E-3	44,08270023E-6	
-127,40000000E-3	44,18325214E-6	
-127,80000000E-3	44,28983211E-6	
-128,00000000E-3	44,39608304E-6	
-128,40000000E-3	44,50630193E-6	
-128,90000000E-3	44,60998735E-6	
-129,30000000E-3	44,70668590E-6	
-129,60000000E-3	44,80224251E-6	
-129,80000000E-3	44,90398538E-6	
-130,30000000E-3	45,00114099E-6	
-130,50000000E-3	45,09164246E-6	
-131,00000000E-3	45,19128471E-6	
-131,20000000E-3	45,29358596E-6	
-131,60000000E-3	45,39389545E-6	
-131,90000000E-3	45,50198459E-6	
-132,40000000E-3	45,62117019E-6	
-132,80000000E-3	45,73775033E-6	
-133,00000000E-3	45,85330143E-6	
-133,50000000E-3	45,98077804E-6	
-133,70000000E-3	46,10276956E-6	
-133,90000000E-3	46,21242594E-6	
-134,40000000E-3	46,31850223E-6	
-134,60000000E-3	46,41421572E-6	
-135,20000000E-3	46,49800034E-6	
-135,30000000E-3	46,58315420E-6	
-135,80000000E-3	46,67814904E-6	
-136,20000000E-3	46,77863078E-6	
-136,40000000E-3	46,89228555E-6	
-136,90000000E-3	47,01790934E-6	
-137,10000000E-3	47,15392422E-6	
-137,60000000E-3	47,27291115E-6	
-137,80000000E-3	47,38620048E-6	
-138,30000000E-3	47,49532336E-6	
-138,50000000E-3	47,59540860E-6	
-138,90000000E-3	47,68837012E-6	
-139,40000000E-3	47,78099716E-6	
-139,60000000E-3	47,86308401E-6	
-140,10000000E-3	47,94368947E-6	
-140,30000000E-3	48,03005631E-6	
-140,80000000E-3	48,12756293E-6	
-141,00000000E-3	48,23417217E-6	
-141,30000000E-3	48,35629675E-6	
-141,70000000E-3	48,49526116E-6	
-142,10000000E-3	48,62674490E-6	
-142,60000000E-3	48,75314239E-6	
-142,80000000E-3	48,87426295E-6	
-143,10000000E-3	48,98739253E-6	
-143,50000000E-3	49,09927020E-6	
-143,70000000E-3	49,21144366E-6	
-144,40000000E-3	49,32097121E-6	
-144,70000000E-3	49,43083429E-6	
-144,90000000E-3	49,54147238E-6	
-145,30000000E-3	49,65432372E-6	
-145,60000000E-3	49,75977448E-6	
-146,00000000E-3	49,85247246E-6	
-146,20000000E-3	49,94018650E-6	
-146,70000000E-3	50,02719573E-6	
-147,10000000E-3	50,12081011E-6	
-147,40000000E-3	50,21253480E-6	
-147,90000000E-3	50,31493204E-6	
-148,00000000E-3	50,42190644E-6	
-148,50000000E-3	50,53004884E-6	
-148,80000000E-3	50,64092126E-6	
-149,20000000E-3	50,75672985E-6	
-149,70000000E-3	50,86886163E-6	
-149,80000000E-3	50,97650280E-6	
-150,30000000E-3	51,08151214E-6	
-150,60000000E-3	51,18389052E-6	
-151,00000000E-3	51,28979340E-6	
-151,30000000E-3	51,39888503E-6	
-151,60000000E-3	51,51064983E-6	
-152,20000000E-3	51,61543719E-6	
-152,40000000E-3	51,71049209E-6	
-152,80000000E-3	51,81668612E-6	
-153,10000000E-3	51,91185316E-6	
-153,50000000E-3	52,00927356E-6	
-153,80000000E-3	52,11268249E-6	
-154,00000000E-3	52,22515757E-6	
-154,50000000E-3	52,33004497E-6	
-154,70000000E-3	52,43337400E-6	
-155,30000000E-3	52,54276819E-6	
-155,60000000E-3	52,64726094E-6	
-155,80000000E-3	52,75121280E-6	
-156,30000000E-3	52,85942528E-6	
-156,50000000E-3	52,98290980E-6	
-157,00000000E-3	53,12084790E-6	
-157,20000000E-3	53,24908806E-6	
-157,70000000E-3	53,38361174E-6	
-158,10000000E-3	53,51489018E-6	
-158,30000000E-3	53,63778661E-6	
-158,80000000E-3	53,76665936E-6	
-159,00000000E-3	53,90361970E-6	
-159,50000000E-3	54,01896067E-6	
-159,70000000E-3	54,10413351E-6	
-160,20000000E-3	54,18276776E-6	
-160,60000000E-3	54,27001656E-6	
-160,70000000E-3	54,34612089E-6	
-161,30000000E-3	54,43957764E-6	
-161,50000000E-3	54,54823919E-6	
-162,00000000E-3	54,67149214E-6	
-162,30000000E-3	54,80886492E-6	
-162,50000000E-3	54,94686594E-6	
-163,20000000E-3	55,08098308E-6	
-163,40000000E-3	55,18891227E-6	
-163,60000000E-3	55,27842011E-6	
-164,10000000E-3	55,35868983E-6	
-164,30000000E-3	55,44121018E-6	
-164,80000000E-3	55,53011563E-6	
-165,00000000E-3	55,64291410E-6	
-165,60000000E-3	55,75640029E-6	
-165,90000000E-3	55,87383704E-6	
-166,10000000E-3	55,99437921E-6	
-166,60000000E-3	56,11939737E-6	
-166,80000000E-3	56,24189581E-6	
-167,30000000E-3	56,36116317E-6	
-167,50000000E-3	56,48956253E-6	
-168,00000000E-3	56,59131707E-6	
-168,20000000E-3	56,68153056E-6	
-168,60000000E-3	56,77153549E-6	
-169,10000000E-3	56,85399345E-6	
-169,30000000E-3	56,93252803E-6	
-169,80000000E-3	57,03655697E-6	
-170,00000000E-3	57,15287697E-6	
-170,50000000E-3	57,27138502E-6	
-170,70000000E-3	57,39306805E-6	
-171,00000000E-3	57,53276550E-6	
-171,60000000E-3	57,66460840E-6	
-171,80000000E-3	57,78244612E-6	
-172,30000000E-3	57,90391507E-6	
-172,50000000E-3	58,01724774E-6	
-172,90000000E-3	58,11441482E-6	
-173,30000000E-3	58,19722631E-6	
-173,40000000E-3	58,28185417E-6	
-174,10000000E-3	58,35664605E-6	
-174,10000000E-3	58,43411936E-6	
-174,70000000E-3	58,53452066E-6	
-175,00000000E-3	58,66500408E-6	
-175,30000000E-3	58,81497934E-6	
-175,70000000E-3	58,96680856E-6	
-175,90000000E-3	59,11245002E-6	
-176,40000000E-3	59,23730822E-6	
-176,60000000E-3	59,32220040E-6	
-177,10000000E-3	59,39504018E-6	
-177,60000000E-3	59,46822630E-6	
-177,70000000E-3	59,55281156E-6	
-178,20000000E-3	59,65717853E-6	
-178,40000000E-3	59,78468369E-6	
-178,90000000E-3	59,92025497E-6	
-179,10000000E-3	60,06105385E-6	
-179,60000000E-3	60,19248279E-6	
-179,80000000E-3	60,31716907E-6	
-180,20000000E-3	60,42049543E-6	
-180,50000000E-3	60,50045050E-6	
-180,90000000E-3	60,57042276E-6	
-181,40000000E-3	60,64413750E-6	
-181,70000000E-3	60,72349435E-6	
-181,90000000E-3	60,82589493E-6	
-182,30000000E-3	60,95143772E-6	
-182,50000000E-3	61,09049633E-6	
-183,00000000E-3	61,25197156E-6	
-183,50000000E-3	61,42030646E-6	
-183,70000000E-3	61,56237243E-6	
-184,20000000E-3	61,66916655E-6	
-184,40000000E-3	61,75647257E-6	
-184,80000000E-3	61,81377847E-6	
-185,00000000E-3	61,86897511E-6	
-185,50000000E-3	61,94451569E-6	
-185,90000000E-3	62,04697109E-6	
-186,20000000E-3	62,18891103E-6	
-186,70000000E-3	62,34454930E-6	
-186,90000000E-3	62,52008961E-6	
-187,30000000E-3	62,66669068E-6	
-187,60000000E-3	62,78106974E-6	
-188,00000000E-3	62,86291451E-6	
-188,30000000E-3	62,91942365E-6	
-188,70000000E-3	62,97391201E-6	
-189,20000000E-3	63,04864372E-6	
-189,40000000E-3	63,18103427E-6	
-189,80000000E-3	63,34227561E-6	
-190,10000000E-3	63,51274737E-6	
-190,40000000E-3	63,66192426E-6	
-190,70000000E-3	63,75880571E-6	
-191,20000000E-3	63,81304306E-6	
-191,60000000E-3	63,86581953E-6	
-191,90000000E-3	63,94935211E-6	
-192,10000000E-3	64,07900915E-6	
-192,60000000E-3	64,24492404E-6	
-192,80000000E-3	64,41890102E-6	
-193,20000000E-3	64,57627769E-6	
-193,50000000E-3	64,69529161E-6	
-194,00000000E-3	64,77664392E-6	
-194,40000000E-3	64,84080716E-6	
-194,60000000E-3	64,90308818E-6	
-195,00000000E-3	64,98821514E-6	
-195,30000000E-3	65,09600506E-6	
-195,80000000E-3	65,21835699E-6	
-196,20000000E-3	65,36486036E-6	
-196,40000000E-3	65,51608501E-6	
-196,90000000E-3	65,68294420E-6	
-197,10000000E-3	65,82099666E-6	
-197,60000000E-3	65,92166456E-6	
-197,80000000E-3	65,99708741E-6	
-198,20000000E-3	66,06419973E-6	
-198,50000000E-3	66,13157934E-6	
-198,90000000E-3	66,21293051E-6	
-199,40000000E-3	66,31659625E-6	
-199,60000000E-3	66,41330199E-6	
-200,00000000E-3	66,50611936E-6	
