200,00000000E-3	-60,57625911E-6	
200,00000000E-3	-60,57336559E-6	
200,00000000E-3	-60,56095302E-6	
200,00000000E-3	-60,55245157E-6	
200,00000000E-3	-60,54951446E-6	
199,80000000E-3	-60,53627169E-6	
199,60000000E-3	-60,51105673E-6	
199,50000000E-3	-60,47379069E-6	
199,20000000E-3	-60,42602041E-6	
198,90000000E-3	-60,37262491E-6	
198,90000000E-3	-60,30408325E-6	
198,60000000E-3	-60,22656689E-6	
198,60000000E-3	-60,14594871E-6	
197,90000000E-3	-60,07105273E-6	
197,90000000E-3	-59,98954320E-6	
197,40000000E-3	-59,89307088E-6	
197,00000000E-3	-59,79769892E-6	
196,70000000E-3	-59,71828299E-6	
196,40000000E-3	-59,63777216E-6	
196,00000000E-3	-59,53716329E-6	
195,80000000E-3	-59,44812059E-6	
195,40000000E-3	-59,35728497E-6	
195,20000000E-3	-59,26570235E-6	
194,80000000E-3	-59,18384527E-6	
194,40000000E-3	-59,10263172E-6	
194,10000000E-3	-59,01550233E-6	
193,70000000E-3	-58,92192517E-6	
193,70000000E-3	-58,82663653E-6	
193,10000000E-3	-58,73310262E-6	
192,70000000E-3	-58,63721808E-6	
192,40000000E-3	-58,53969970E-6	
192,00000000E-3	-58,44466971E-6	
191,80000000E-3	-58,36273297E-6	
191,50000000E-3	-58,28333134E-6	
191,20000000E-3	-58,19647399E-6	
190,70000000E-3	-58,09453458E-6	
190,30000000E-3	-57,98364449E-6	
190,00000000E-3	-57,86990454E-6	
189,70000000E-3	-57,74310700E-6	
189,30000000E-3	-57,60141444E-6	
189,10000000E-3	-57,44963170E-6	
188,40000000E-3	-57,29773937E-6	
188,40000000E-3	-57,18017950E-6	
188,00000000E-3	-57,10590250E-6	
187,50000000E-3	-57,02737914E-6	
187,30000000E-3	-56,94060994E-6	
186,90000000E-3	-56,84018393E-6	
186,40000000E-3	-56,73528324E-6	
186,00000000E-3	-56,61651073E-6	
185,80000000E-3	-56,49228176E-6	
185,50000000E-3	-56,37625295E-6	
185,10000000E-3	-56,25471369E-6	
184,80000000E-3	-56,14705320E-6	
184,40000000E-3	-56,04336201E-6	
184,00000000E-3	-55,93976773E-6	
183,70000000E-3	-55,84863437E-6	
183,30000000E-3	-55,76211410E-6	
182,80000000E-3	-55,66296985E-6	
182,60000000E-3	-55,55825003E-6	
182,10000000E-3	-55,44346016E-6	
181,80000000E-3	-55,32195628E-6	
181,50000000E-3	-55,20681039E-6	
181,20000000E-3	-55,10404756E-6	
181,00000000E-3	-54,97742852E-6	
180,50000000E-3	-54,86615968E-6	
180,30000000E-3	-54,75234358E-6	
179,80000000E-3	-54,62858931E-6	
179,70000000E-3	-54,49337446E-6	
179,20000000E-3	-54,36761235E-6	
178,70000000E-3	-54,24990564E-6	
178,50000000E-3	-54,18399908E-6	
178,00000000E-3	-54,13290869E-6	
178,00000000E-3	-54,05367724E-6	
177,40000000E-3	-53,95984301E-6	
177,00000000E-3	-53,84071673E-6	
176,60000000E-3	-53,71868974E-6	
176,60000000E-3	-53,59830075E-6	
176,00000000E-3	-53,48384008E-6	
175,60000000E-3	-53,35523386E-6	
175,20000000E-3	-53,24147901E-6	
174,90000000E-3	-53,13405252E-6	
174,50000000E-3	-53,01174851E-6	
174,30000000E-3	-52,89787815E-6	
173,80000000E-3	-52,79204397E-6	
173,30000000E-3	-52,68316540E-6	
173,10000000E-3	-52,57679263E-6	
172,70000000E-3	-52,47477525E-6	
172,40000000E-3	-52,37961227E-6	
172,00000000E-3	-52,29016290E-6	
172,00000000E-3	-52,20498560E-6	
171,50000000E-3	-52,11444150E-6	
171,10000000E-3	-52,01470292E-6	
170,60000000E-3	-51,90292793E-6	
170,20000000E-3	-51,78837894E-6	
170,00000000E-3	-51,68338730E-6	
169,70000000E-3	-51,55310939E-6	
169,30000000E-3	-51,42498573E-6	
169,00000000E-3	-51,30938057E-6	
168,50000000E-3	-51,19074397E-6	
168,50000000E-3	-51,07509777E-6	
167,90000000E-3	-50,96364958E-6	
167,40000000E-3	-50,86234719E-6	
167,20000000E-3	-50,76093831E-6	
166,70000000E-3	-50,66809787E-6	
166,60000000E-3	-50,57366300E-6	
166,30000000E-3	-50,47365999E-6	
165,90000000E-3	-50,36052383E-6	
165,40000000E-3	-50,24003643E-6	
164,90000000E-3	-50,11573316E-6	
164,70000000E-3	-49,98437383E-6	
164,20000000E-3	-49,86353502E-6	
164,00000000E-3	-49,74987822E-6	
163,60000000E-3	-49,64123581E-6	
163,30000000E-3	-49,53857377E-6	
162,90000000E-3	-49,44994447E-6	
162,90000000E-3	-49,36942906E-6	
162,30000000E-3	-49,29486289E-6	
161,90000000E-3	-49,22049846E-6	
161,60000000E-3	-49,11361122E-6	
161,20000000E-3	-49,00695160E-6	
160,60000000E-3	-48,90949008E-6	
160,40000000E-3	-48,78998865E-6	
160,00000000E-3	-48,64628491E-6	
159,70000000E-3	-48,48350493E-6	
159,50000000E-3	-48,33618744E-6	
159,10000000E-3	-48,22061309E-6	
158,90000000E-3	-48,14131000E-6	
158,20000000E-3	-48,08291577E-6	
157,90000000E-3	-48,02179979E-6	
157,60000000E-3	-47,90977149E-6	
157,60000000E-3	-47,76400433E-6	
156,80000000E-3	-47,62538804E-6	
156,60000000E-3	-47,50684914E-6	
156,60000000E-3	-47,39166684E-6	
155,90000000E-3	-47,29079903E-6	
155,40000000E-3	-47,20741313E-6	
155,30000000E-3	-47,12852160E-6	
154,80000000E-3	-47,03120780E-6	
154,30000000E-3	-46,93014610E-6	
154,10000000E-3	-46,82988784E-6	
153,90000000E-3	-46,72003591E-6	
153,30000000E-3	-46,60894915E-6	
153,00000000E-3	-46,49640104E-6	
152,60000000E-3	-46,37560833E-6	
152,60000000E-3	-46,26190029E-6	
151,90000000E-3	-46,15378699E-6	
151,70000000E-3	-46,04692231E-6	
151,50000000E-3	-45,93400271E-6	
151,10000000E-3	-45,82329759E-6	
150,60000000E-3	-45,72077611E-6	
150,40000000E-3	-45,61312510E-6	
149,70000000E-3	-45,50775855E-6	
149,70000000E-3	-45,40973979E-6	
149,20000000E-3	-45,30703060E-6	
148,80000000E-3	-45,20263106E-6	
148,60000000E-3	-45,08099790E-6	
148,10000000E-3	-44,99142053E-6	
147,80000000E-3	-44,91695990E-6	
147,40000000E-3	-44,82495074E-6	
147,00000000E-3	-44,73096251E-6	
146,70000000E-3	-44,63530348E-6	
146,50000000E-3	-44,54641566E-6	
146,50000000E-3	-44,45478630E-6	
146,10000000E-3	-44,34106958E-6	
145,20000000E-3	-44,22208324E-6	
145,00000000E-3	-44,09527373E-6	
144,60000000E-3	-43,94739673E-6	
144,30000000E-3	-43,80173529E-6	
144,10000000E-3	-43,71069209E-6	
143,60000000E-3	-43,61402961E-6	
143,10000000E-3	-43,49996048E-6	
142,80000000E-3	-43,38595010E-6	
142,50000000E-3	-43,28997611E-6	
142,20000000E-3	-43,20188989E-6	
141,70000000E-3	-43,09947054E-6	
141,50000000E-3	-42,99031350E-6	
141,30000000E-3	-42,87646177E-6	
140,70000000E-3	-42,75638440E-6	
140,30000000E-3	-42,63146553E-6	
140,10000000E-3	-42,52036497E-6	
139,60000000E-3	-42,42391840E-6	
139,40000000E-3	-42,32629814E-6	
139,00000000E-3	-42,23806253E-6	
138,70000000E-3	-42,14617601E-6	
138,20000000E-3	-42,04993699E-6	
138,00000000E-3	-41,94074810E-6	
137,50000000E-3	-41,83095894E-6	
137,40000000E-3	-41,71964569E-6	
136,90000000E-3	-41,60695212E-6	
136,50000000E-3	-41,49640550E-6	
136,20000000E-3	-41,38699317E-6	
135,80000000E-3	-41,27417124E-6	
135,20000000E-3	-41,15713212E-6	
135,20000000E-3	-41,04250745E-6	
134,80000000E-3	-40,93302852E-6	
134,40000000E-3	-40,78564203E-6	
133,90000000E-3	-40,65756685E-6	
133,60000000E-3	-40,56523897E-6	
133,20000000E-3	-40,48416688E-6	
133,00000000E-3	-40,40759436E-6	
132,50000000E-3	-40,33174309E-6	
132,20000000E-3	-40,25543373E-6	
132,10000000E-3	-40,16814431E-6	
131,60000000E-3	-40,08222186E-6	
131,40000000E-3	-39,99198107E-6	
130,90000000E-3	-39,87863834E-6	
130,50000000E-3	-39,75045001E-6	
130,10000000E-3	-39,61822764E-6	
129,80000000E-3	-39,47641509E-6	
129,50000000E-3	-39,32723124E-6	
129,10000000E-3	-39,19041406E-6	
128,90000000E-3	-39,06868605E-6	
128,40000000E-3	-38,96341908E-6	
128,20000000E-3	-38,87575844E-6	
127,80000000E-3	-38,81659696E-6	
127,30000000E-3	-38,75193835E-6	
127,10000000E-3	-38,66746999E-6	
126,60000000E-3	-38,56111260E-6	
126,40000000E-3	-38,43553946E-6	
125,90000000E-3	-38,28664736E-6	
125,70000000E-3	-38,13970541E-6	
125,40000000E-3	-38,00731688E-6	
124,80000000E-3	-37,89265406E-6	
124,50000000E-3	-37,79189779E-6	
124,10000000E-3	-37,71551176E-6	
123,90000000E-3	-37,65716882E-6	
123,60000000E-3	-37,59798461E-6	
123,20000000E-3	-37,50627932E-6	
122,90000000E-3	-37,38849402E-6	
122,50000000E-3	-37,24930585E-6	
122,30000000E-3	-37,09775074E-6	
121,80000000E-3	-36,96401948E-6	
121,80000000E-3	-36,83372411E-6	
121,40000000E-3	-36,71718945E-6	
120,70000000E-3	-36,61746744E-6	
120,40000000E-3	-36,52236811E-6	
120,00000000E-3	-36,42274405E-6	
119,70000000E-3	-36,32932765E-6	
119,30000000E-3	-36,24311443E-6	
119,00000000E-3	-36,14678294E-6	
118,60000000E-3	-36,05156583E-6	
118,20000000E-3	-35,95093706E-6	
117,90000000E-3	-35,85110619E-6	
117,40000000E-3	-35,75077327E-6	
117,20000000E-3	-35,64875535E-6	
116,80000000E-3	-35,54618516E-6	
116,80000000E-3	-35,43284138E-6	
116,20000000E-3	-35,31939480E-6	
115,70000000E-3	-35,19982777E-6	
115,40000000E-3	-35,07968780E-6	
115,20000000E-3	-34,95028507E-6	
114,80000000E-3	-34,83491090E-6	
114,60000000E-3	-34,73310214E-6	
113,90000000E-3	-34,62195000E-6	
113,90000000E-3	-34,51141579E-6	
113,50000000E-3	-34,40829967E-6	
113,00000000E-3	-34,30370678E-6	
112,70000000E-3	-34,20124720E-6	
112,30000000E-3	-34,10086832E-6	
111,90000000E-3	-34,00981719E-6	
111,60000000E-3	-33,91267539E-6	
111,10000000E-3	-33,82293490E-6	
110,90000000E-3	-33,73633822E-6	
110,70000000E-3	-33,65598565E-6	
110,20000000E-3	-33,56487343E-6	
109,80000000E-3	-33,47107558E-6	
109,30000000E-3	-33,38029954E-6	
109,30000000E-3	-33,27859784E-6	
109,30000000E-3	-33,18247149E-6	
108,60000000E-3	-33,07696864E-6	
108,60000000E-3	-32,96025027E-6	
107,70000000E-3	-32,84432744E-6	
107,50000000E-3	-32,71795967E-6	
106,90000000E-3	-32,59121223E-6	
106,60000000E-3	-32,45637678E-6	
106,30000000E-3	-32,31845243E-6	
105,90000000E-3	-32,19645218E-6	
105,70000000E-3	-32,08019558E-6	
105,20000000E-3	-31,98051002E-6	
104,90000000E-3	-31,91150313E-6	
104,50000000E-3	-31,85432305E-6	
104,30000000E-3	-31,78542715E-6	
103,80000000E-3	-31,70009404E-6	
103,80000000E-3	-31,59218011E-6	
103,20000000E-3	-31,45909054E-6	
102,80000000E-3	-31,31771722E-6	
102,30000000E-3	-31,19071915E-6	
102,10000000E-3	-31,07592735E-6	
101,60000000E-3	-30,97512416E-6	
101,40000000E-3	-30,89810257E-6	
101,00000000E-3	-30,83257520E-6	
100,50000000E-3	-30,76438867E-6	
100,20000000E-3	-30,66954935E-6	
99,80000000E-3	-30,55039866E-6	
99,60000000E-3	-30,41056307E-6	
99,10000000E-3	-30,26675913E-6	
98,90000000E-3	-30,16054512E-6	
98,50000000E-3	-30,09281569E-6	
98,30000000E-3	-30,04461585E-6	
98,00000000E-3	-29,98149784E-6	
97,80000000E-3	-29,87800993E-6	
97,20000000E-3	-29,74042260E-6	
96,70000000E-3	-29,60198941E-6	
96,70000000E-3	-29,50505720E-6	
96,10000000E-3	-29,44789820E-6	
95,70000000E-3	-29,39555628E-6	
95,40000000E-3	-29,30140374E-6	
95,20000000E-3	-29,17545399E-6	
94,70000000E-3	-29,03744243E-6	
94,50000000E-3	-28,93056852E-6	
93,80000000E-3	-28,87088062E-6	
93,60000000E-3	-28,81913126E-6	
93,40000000E-3	-28,72263812E-6	
92,90000000E-3	-28,59656116E-6	
92,70000000E-3	-28,45843019E-6	
92,20000000E-3	-28,34406493E-6	
91,80000000E-3	-28,27543197E-6	
91,40000000E-3	-28,22793850E-6	
91,10000000E-3	-28,16763292E-6	
90,90000000E-3	-28,07256693E-6	
90,40000000E-3	-27,95174327E-6	
90,20000000E-3	-27,82561479E-6	
89,70000000E-3	-27,71368854E-6	
89,50000000E-3	-27,64179956E-6	
89,00000000E-3	-27,58430660E-6	
88,60000000E-3	-27,51568020E-6	
88,40000000E-3	-27,43015621E-6	
88,40000000E-3	-27,31273771E-6	
87,60000000E-3	-27,20219807E-6	
87,30000000E-3	-27,10769956E-6	
86,80000000E-3	-27,05475156E-6	
86,60000000E-3	-27,02467720E-6	
86,20000000E-3	-26,96321238E-6	
85,90000000E-3	-26,86098555E-6	
85,50000000E-3	-26,75123129E-6	
85,30000000E-3	-26,66979924E-6	
85,30000000E-3	-26,62822136E-6	
84,40000000E-3	-26,59416082E-6	
84,30000000E-3	-26,51593865E-6	
83,80000000E-3	-26,40211698E-6	
83,50000000E-3	-26,30433094E-6	
83,10000000E-3	-26,24521742E-6	
82,70000000E-3	-26,18201648E-6	
82,40000000E-3	-26,10879783E-6	
81,90000000E-3	-26,03845203E-6	
81,70000000E-3	-25,97707087E-6	
81,30000000E-3	-25,91819268E-6	
81,00000000E-3	-25,85539862E-6	
80,60000000E-3	-25,78606978E-6	
80,10000000E-3	-25,71191539E-6	
79,90000000E-3	-25,63269512E-6	
79,50000000E-3	-25,56715277E-6	
79,20000000E-3	-25,51675629E-6	
79,00000000E-3	-25,46467531E-6	
78,40000000E-3	-25,40576343E-6	
78,00000000E-3	-25,33774454E-6	
77,80000000E-3	-25,26322015E-6	
77,40000000E-3	-25,20348463E-6	
77,40000000E-3	-25,15440341E-6	
76,90000000E-3	-25,10015183E-6	
76,40000000E-3	-25,02494343E-6	
75,90000000E-3	-24,94952169E-6	
75,70000000E-3	-24,88869699E-6	
75,30000000E-3	-24,83899892E-6	
75,00000000E-3	-24,78479010E-6	
74,60000000E-3	-24,72518511E-6	
74,40000000E-3	-24,65912210E-6	
74,10000000E-3	-24,56247270E-6	
73,70000000E-3	-24,50904414E-6	
73,40000000E-3	-24,50762968E-6	
73,40000000E-3	-24,45849137E-6	
73,00000000E-3	-24,34669200E-6	
72,60000000E-3	-24,26543859E-6	
71,90000000E-3	-24,25028084E-6	
71,70000000E-3	-24,24699769E-6	
70,90000000E-3	-24,17620752E-6	
70,90000000E-3	-24,05820970E-6	
70,40000000E-3	-23,97184686E-6	
70,10000000E-3	-23,96354149E-6	
69,80000000E-3	-23,95799675E-6	
69,40000000E-3	-23,87676737E-6	
69,10000000E-3	-23,76062333E-6	
69,10000000E-3	-23,69684998E-6	
68,40000000E-3	-23,70484906E-6	
68,10000000E-3	-23,68956025E-6	
67,40000000E-3	-23,58890916E-6	
67,10000000E-3	-23,49692798E-6	
67,00000000E-3	-23,47885710E-6	
66,50000000E-3	-23,49101609E-6	
66,30000000E-3	-23,43726414E-6	
65,80000000E-3	-23,33652925E-6	
65,60000000E-3	-23,26558280E-6	
65,20000000E-3	-23,26247426E-6	
64,90000000E-3	-23,26074622E-6	
64,40000000E-3	-23,18389171E-6	
64,40000000E-3	-23,07248057E-6	
63,60000000E-3	-23,00707066E-6	
63,40000000E-3	-22,99966475E-6	
62,90000000E-3	-22,97166570E-6	
62,60000000E-3	-22,87423956E-6	
62,50000000E-3	-22,77070768E-6	
62,20000000E-3	-22,72359135E-6	
62,20000000E-3	-22,70612725E-6	
61,20000000E-3	-22,61994889E-6	
60,80000000E-3	-22,49740998E-6	
60,50000000E-3	-22,42506944E-6	
60,10000000E-3	-22,39915045E-6	
59,80000000E-3	-22,32877898E-6	
59,60000000E-3	-22,19565583E-6	
59,10000000E-3	-22,07575709E-6	
58,90000000E-3	-22,01501246E-6	
58,50000000E-3	-21,96060075E-6	
58,20000000E-3	-21,83452619E-6	
58,00000000E-3	-21,67213603E-6	
57,50000000E-3	-21,54781430E-6	
57,10000000E-3	-21,47734584E-6	
56,60000000E-3	-21,38282753E-6	
56,40000000E-3	-21,21720952E-6	
55,90000000E-3	-21,02586458E-6	
55,70000000E-3	-20,87618627E-6	
55,20000000E-3	-20,77380365E-6	
54,90000000E-3	-20,63895679E-6	
54,70000000E-3	-20,42691248E-6	
54,10000000E-3	-20,19873495E-6	
54,10000000E-3	-20,00866783E-6	
53,80000000E-3	-19,86155531E-6	
53,10000000E-3	-19,70362040E-6	
52,80000000E-3	-19,49591121E-6	
52,40000000E-3	-19,25203935E-6	
52,20000000E-3	-18,96336949E-6	
51,70000000E-3	-18,72458561E-6	
51,40000000E-3	-18,52243821E-6	
51,00000000E-3	-18,32793520E-6	
50,80000000E-3	-18,10813235E-6	
50,30000000E-3	-17,86930281E-6	
49,90000000E-3	-17,60802319E-6	
49,60000000E-3	-17,31429552E-6	
49,20000000E-3	-17,03637515E-6	
49,00000000E-3	-16,79614266E-6	
48,70000000E-3	-16,56734062E-6	
48,20000000E-3	-16,32846984E-6	
47,80000000E-3	-16,08413349E-6	
47,50000000E-3	-15,81911966E-6	
47,10000000E-3	-15,56396055E-6	
46,90000000E-3	-15,32053953E-6	
46,60000000E-3	-15,10984629E-6	
46,20000000E-3	-14,90756338E-6	
45,70000000E-3	-14,68585595E-6	
45,50000000E-3	-14,46930196E-6	
45,00000000E-3	-14,24011615E-6	
45,00000000E-3	-14,01450822E-6	
44,30000000E-3	-13,80258787E-6	
44,10000000E-3	-13,61174124E-6	
43,70000000E-3	-13,40793857E-6	
43,40000000E-3	-13,23710677E-6	
43,00000000E-3	-13,08580795E-6	
42,50000000E-3	-12,93824572E-6	
42,50000000E-3	-12,79750447E-6	
41,90000000E-3	-12,67152016E-6	
41,90000000E-3	-12,55534044E-6	
41,40000000E-3	-12,43666323E-6	
40,80000000E-3	-12,31569370E-6	
40,40000000E-3	-12,19967694E-6	
40,20000000E-3	-12,07475103E-6	
39,70000000E-3	-11,94642427E-6	
39,40000000E-3	-11,82509968E-6	
39,20000000E-3	-11,71858236E-6	
38,70000000E-3	-11,63251467E-6	
38,60000000E-3	-11,56568835E-6	
38,10000000E-3	-11,49760034E-6	
37,60000000E-3	-11,41802243E-6	
37,30000000E-3	-11,33901904E-6	
36,90000000E-3	-11,26319338E-6	
36,70000000E-3	-11,18065161E-6	
36,20000000E-3	-11,10120867E-6	
36,10000000E-3	-11,03515206E-6	
35,60000000E-3	-10,97543794E-6	
35,30000000E-3	-10,91551458E-6	
34,90000000E-3	-10,85151754E-6	
34,40000000E-3	-10,78723514E-6	
34,20000000E-3	-10,71837994E-6	
33,90000000E-3	-10,63364991E-6	
33,50000000E-3	-10,54209884E-6	
33,30000000E-3	-10,45003682E-6	
32,80000000E-3	-10,36256903E-6	
32,60000000E-3	-10,28177956E-6	
32,10000000E-3	-10,21918962E-6	
31,70000000E-3	-10,14943846E-6	
31,40000000E-3	-10,07955599E-6	
31,40000000E-3	-10,00966902E-6	
30,60000000E-3	-9,93599031E-6	
30,40000000E-3	-9,84679323E-6	
30,00000000E-3	-9,75117868E-6	
29,70000000E-3	-9,64501627E-6	
29,20000000E-3	-9,53232266E-6	
29,00000000E-3	-9,43155289E-6	
28,60000000E-3	-9,35042034E-6	
28,10000000E-3	-9,27666367E-6	
27,80000000E-3	-9,20132315E-6	
27,60000000E-3	-9,11326864E-6	
27,20000000E-3	-9,00624326E-6	
26,70000000E-3	-8,87124968E-6	
26,40000000E-3	-8,73180090E-6	
26,00000000E-3	-8,57648938E-6	
26,00000000E-3	-8,41579990E-6	
25,30000000E-3	-8,24852820E-6	
25,10000000E-3	-8,09514500E-6	
24,70000000E-3	-7,95117033E-6	
24,20000000E-3	-7,80862323E-6	
24,00000000E-3	-7,66651451E-6	
23,80000000E-3	-7,53313737E-6	
23,30000000E-3	-7,39707087E-6	
22,90000000E-3	-7,24010328E-6	
22,70000000E-3	-7,05344664E-6	
22,20000000E-3	-6,85550280E-6	
21,90000000E-3	-6,64306676E-6	
21,70000000E-3	-6,45869802E-6	
21,30000000E-3	-6,30039031E-6	
21,00000000E-3	-6,14598815E-6	
20,50000000E-3	-5,99455905E-6	
20,10000000E-3	-5,83364179E-6	
19,90000000E-3	-5,66828278E-6	
19,40000000E-3	-5,47354697E-6	
19,10000000E-3	-5,27839266E-6	
18,80000000E-3	-5,09057759E-6	
18,50000000E-3	-4,89232642E-6	
18,00000000E-3	-4,71317601E-6	
17,50000000E-3	-4,54936198E-6	
17,30000000E-3	-4,39336423E-6	
16,90000000E-3	-4,21597969E-6	
16,60000000E-3	-4,03189773E-6	
16,40000000E-3	-3,85185447E-6	
16,00000000E-3	-3,67388869E-6	
15,50000000E-3	-3,48643904E-6	
15,10000000E-3	-3,34036299E-6	
14,80000000E-3	-3,21214144E-6	
14,60000000E-3	-3,08085527E-6	
14,10000000E-3	-2,95369835E-6	
13,90000000E-3	-2,81960378E-6	
13,40000000E-3	-2,68198269E-6	
13,20000000E-3	-2,53081830E-6	
12,70000000E-3	-2,40169695E-6	
12,20000000E-3	-2,28766621E-6	
12,00000000E-3	-2,16689854E-6	
11,60000000E-3	-2,06953493E-6	
11,30000000E-3	-1,97646731E-6	
10,90000000E-3	-1,88995212E-6	
10,50000000E-3	-1,81055321E-6	
10,20000000E-3	-1,73165473E-6	
9,70000000E-3	-1,66138623E-6	
9,50000000E-3	-1,57828620E-6	
9,20000000E-3	-1,48538946E-6	
8,80000000E-3	-1,39792420E-6	
8,60000000E-3	-1,31670512E-6	
8,10000000E-3	-1,23968983E-6	
7,90000000E-3	-1,16838650E-6	
7,50000000E-3	-1,10349080E-6	
7,20000000E-3	-1,04678278E-6	
6,70000000E-3	-997,94741310E-9	
6,30000000E-3	-954,86504850E-9	
6,00000000E-3	-903,03171070E-9	
5,70000000E-3	-839,79567289E-9	
5,30000000E-3	-764,88515797E-9	
5,20000000E-3	-683,22490823E-9	
4,70000000E-3	-606,53765451E-9	
4,50000000E-3	-522,48759148E-9	
4,00000000E-3	-444,99550100E-9	
3,50000000E-3	-366,20399058E-9	
3,30000000E-3	-289,06834830E-9	
2,80000000E-3	-206,02486376E-9	
2,60000000E-3	-112,99781967E-9	
2,10000000E-3	-19,03388639E-9	
1,60000000E-3	76,80742240E-9	
1,40000000E-3	187,51710271E-9	
900,00000000E-6	321,40768669E-9	
600,00000000E-6	456,75547335E-9	
100,00000000E-6	578,85964956E-9	
-0,00000000E+0	693,56214932E-9	
-500,00000000E-6	801,41936426E-9	
-800,00000000E-6	910,96541122E-9	
-1,00000000E-3	1,01499926E-6	
-1,40000000E-3	1,13707257E-6	
-1,90000000E-3	1,27109337E-6	
-2,10000000E-3	1,40798015E-6	
-2,60000000E-3	1,56394090E-6	
-2,90000000E-3	1,68832330E-6	
-3,30000000E-3	1,79009906E-6	
-3,50000000E-3	1,90193666E-6	
-4,00000000E-3	2,03886641E-6	
-4,30000000E-3	2,18234040E-6	
-4,70000000E-3	2,32872849E-6	
-5,20000000E-3	2,46908651E-6	
-5,40000000E-3	2,60022633E-6	
-5,90000000E-3	2,71246171E-6	
-6,10000000E-3	2,84232189E-6	
-6,30000000E-3	3,00204487E-6	
-6,80000000E-3	3,16821429E-6	
-7,10000000E-3	3,32351389E-6	
-7,50000000E-3	3,48038056E-6	
-8,00000000E-3	3,60713083E-6	
-8,10000000E-3	3,71976498E-6	
-8,10000000E-3	3,83341240E-6	
-8,80000000E-3	3,96118022E-6	
-9,30000000E-3	4,09221741E-6	
-9,80000000E-3	4,22543515E-6	
-9,90000000E-3	4,36383887E-6	
-10,40000000E-3	4,49757895E-6	
-10,60000000E-3	4,62135457E-6	
-11,10000000E-3	4,74563227E-6	
-11,30000000E-3	4,86243471E-6	
-11,50000000E-3	4,96018751E-6	
-12,00000000E-3	5,05147257E-6	
-12,40000000E-3	5,14501612E-6	
-12,90000000E-3	5,23374931E-6	
-13,20000000E-3	5,31384586E-6	
-13,40000000E-3	5,39490174E-6	
-13,90000000E-3	5,48257279E-6	
-14,00000000E-3	5,56443459E-6	
-14,50000000E-3	5,64561973E-6	
-14,80000000E-3	5,72222907E-6	
-15,30000000E-3	5,79247221E-6	
-15,50000000E-3	5,86329117E-6	
-15,90000000E-3	5,94096789E-6	
-16,40000000E-3	6,01462534E-6	
-16,60000000E-3	6,06892728E-6	
-17,00000000E-3	6,12185822E-6	
-17,30000000E-3	6,18093805E-6	
-17,70000000E-3	6,24982789E-6	
-18,00000000E-3	6,32754723E-6	
-18,20000000E-3	6,41004581E-6	
-18,90000000E-3	6,48934500E-6	
-19,10000000E-3	6,56009475E-6	
-19,40000000E-3	6,63075037E-6	
-19,80000000E-3	6,69806077E-6	
-20,00000000E-3	6,77022178E-6	
-20,50000000E-3	6,84912126E-6	
-20,70000000E-3	6,93042669E-6	
-21,10000000E-3	7,00722960E-6	
-21,60000000E-3	7,08579563E-6	
-21,90000000E-3	7,17240537E-6	
-22,40000000E-3	7,26248190E-6	
-22,60000000E-3	7,36088437E-6	
-23,00000000E-3	7,47250710E-6	
-23,20000000E-3	7,58914480E-6	
-23,70000000E-3	7,70165960E-6	
-23,90000000E-3	7,81437147E-6	
-24,30000000E-3	7,94346773E-6	
-24,80000000E-3	8,07831500E-6	
-25,10000000E-3	8,21695671E-6	
-25,60000000E-3	8,37927864E-6	
-25,70000000E-3	8,54478292E-6	
-26,00000000E-3	8,71504679E-6	
-26,50000000E-3	8,87102863E-6	
-26,90000000E-3	9,05877522E-6	
-27,30000000E-3	9,23939378E-6	
-27,60000000E-3	9,42628102E-6	
-27,80000000E-3	9,62741607E-6	
-28,20000000E-3	9,86167219E-6	
-28,50000000E-3	10,08426311E-6	
-29,00000000E-3	10,31749488E-6	
-29,50000000E-3	10,57482422E-6	
-29,70000000E-3	10,82367079E-6	
-30,10000000E-3	11,06211248E-6	
-30,40000000E-3	11,30188245E-6	
-30,80000000E-3	11,54958193E-6	
-31,10000000E-3	11,80052386E-6	
-31,50000000E-3	12,06119027E-6	
-31,70000000E-3	12,33816639E-6	
-32,00000000E-3	12,59988634E-6	
-32,40000000E-3	12,85215128E-6	
-32,70000000E-3	13,11827140E-6	
-33,30000000E-3	13,37614208E-6	
-33,60000000E-3	13,62702866E-6	
-33,80000000E-3	13,89868099E-6	
-34,30000000E-3	14,18263362E-6	
-34,50000000E-3	14,44864487E-6	
-35,00000000E-3	14,70437946E-6	
-35,20000000E-3	14,99852481E-6	
-35,60000000E-3	15,27230062E-6	
-36,10000000E-3	15,54872317E-6	
-36,30000000E-3	15,83573900E-6	
-36,80000000E-3	16,13079558E-6	
-37,00000000E-3	16,41050585E-6	
-37,50000000E-3	16,68037839E-6	
-37,70000000E-3	16,96592853E-6	
-38,20000000E-3	17,25658264E-6	
-38,70000000E-3	17,54559738E-6	
-38,90000000E-3	17,84931137E-6	
-39,10000000E-3	18,17157235E-6	
-39,60000000E-3	18,49125880E-6	
-39,80000000E-3	18,79774653E-6	
-40,20000000E-3	19,12153286E-6	
-40,40000000E-3	19,45024282E-6	
-40,90000000E-3	19,76618749E-6	
-41,10000000E-3	20,13017364E-6	
-41,80000000E-3	20,46596271E-6	
-42,00000000E-3	20,78602580E-6	
-42,50000000E-3	21,11444940E-6	
-42,70000000E-3	21,45834943E-6	
-43,10000000E-3	21,79260738E-6	
-43,30000000E-3	22,11290480E-6	
-43,80000000E-3	22,43827837E-6	
-44,00000000E-3	22,79636214E-6	
-44,40000000E-3	23,13876085E-6	
-44,80000000E-3	23,49679296E-6	
-45,20000000E-3	23,85973496E-6	
-45,50000000E-3	24,20884426E-6	
-45,90000000E-3	24,53947153E-6	
-46,20000000E-3	24,90681131E-6	
-46,50000000E-3	25,22455034E-6	
-46,80000000E-3	25,51580110E-6	
-47,20000000E-3	25,81561923E-6	
-47,80000000E-3	26,11528208E-6	
-48,00000000E-3	26,41521058E-6	
-48,40000000E-3	26,68637095E-6	
-48,60000000E-3	26,95125623E-6	
-49,00000000E-3	27,18727552E-6	
-49,30000000E-3	27,39758183E-6	
-49,80000000E-3	27,61244246E-6	
-49,90000000E-3	27,82348661E-6	
-50,50000000E-3	28,01876017E-6	
-50,80000000E-3	28,21416830E-6	
-51,10000000E-3	28,39583660E-6	
-51,50000000E-3	28,54762230E-6	
-51,90000000E-3	28,68694949E-6	
-52,10000000E-3	28,83262614E-6	
-52,60000000E-3	28,94691312E-6	
-52,80000000E-3	29,03650304E-6	
-53,20000000E-3	29,11398402E-6	
-53,60000000E-3	29,18049210E-6	
-54,00000000E-3	29,23824743E-6	
-54,30000000E-3	29,29030081E-6	
-54,60000000E-3	29,35481243E-6	
-55,00000000E-3	29,40204955E-6	
-55,30000000E-3	29,43965810E-6	
-55,60000000E-3	29,47123288E-6	
-56,00000000E-3	29,49399180E-6	
-56,50000000E-3	29,49821986E-6	
-56,70000000E-3	29,49382482E-6	
-57,10000000E-3	29,47939776E-6	
-57,40000000E-3	29,46059130E-6	
-57,80000000E-3	29,43952669E-6	
-58,00000000E-3	29,41976666E-6	
-58,60000000E-3	29,39696596E-6	
-58,90000000E-3	29,37351368E-6	
-59,30000000E-3	29,35493614E-6	
-59,60000000E-3	29,33781878E-6	
-60,00000000E-3	29,32297081E-6	
-60,30000000E-3	29,31439358E-6	
-60,60000000E-3	29,31112237E-6	
-60,90000000E-3	29,31400815E-6	
-61,30000000E-3	29,32251590E-6	
-61,80000000E-3	29,33338877E-6	
-62,00000000E-3	29,33952135E-6	
-62,50000000E-3	29,34251748E-6	
-62,60000000E-3	29,34418435E-6	
-63,10000000E-3	29,34901844E-6	
-63,30000000E-3	29,35762505E-6	
-64,00000000E-3	29,37298021E-6	
-64,20000000E-3	29,39822384E-6	
-64,70000000E-3	29,43158484E-6	
-64,90000000E-3	29,47360602E-6	
-65,30000000E-3	29,51387185E-6	
-65,60000000E-3	29,55244878E-6	
-65,90000000E-3	29,59054561E-6	
-66,20000000E-3	29,62076129E-6	
-66,60000000E-3	29,65245369E-6	
-66,90000000E-3	29,68607622E-6	
-67,30000000E-3	29,71905593E-6	
-67,80000000E-3	29,75799072E-6	
-68,00000000E-3	29,80829254E-6	
-68,40000000E-3	29,87246989E-6	
-68,60000000E-3	29,93470315E-6	
-69,10000000E-3	29,99823016E-6	
-69,30000000E-3	30,05638193E-6	
-69,80000000E-3	30,10138770E-6	
-70,00000000E-3	30,13839414E-6	
-70,50000000E-3	30,17626380E-6	
-70,90000000E-3	30,21550146E-6	
-71,20000000E-3	30,26296713E-6	
-71,60000000E-3	30,31438859E-6	
-71,90000000E-3	30,37363894E-6	
-72,40000000E-3	30,43286233E-6	
-72,60000000E-3	30,49348454E-6	
-73,10000000E-3	30,56178207E-6	
-73,30000000E-3	30,62192031E-6	
-73,80000000E-3	30,67766503E-6	
-74,00000000E-3	30,73659294E-6	
-74,40000000E-3	30,79195501E-6	
-74,60000000E-3	30,84091119E-6	
-75,10000000E-3	30,88623309E-6	
-75,30000000E-3	30,93114255E-6	
-75,80000000E-3	30,97334627E-6	
-76,20000000E-3	31,01622530E-6	
-76,50000000E-3	31,05957178E-6	
-76,80000000E-3	31,10048927E-6	
-77,20000000E-3	31,14340817E-6	
-77,50000000E-3	31,18897170E-6	
-77,80000000E-3	31,23272650E-6	
-78,40000000E-3	31,27726598E-6	
-78,50000000E-3	31,32576370E-6	
-79,10000000E-3	31,37695570E-6	
-79,30000000E-3	31,42126057E-6	
-79,70000000E-3	31,46067140E-6	
-79,90000000E-3	31,50648298E-6	
-80,40000000E-3	31,55496445E-6	
-80,60000000E-3	31,59714153E-6	
-81,10000000E-3	31,64950481E-6	
-81,30000000E-3	31,71750478E-6	
-81,80000000E-3	31,78140725E-6	
-82,10000000E-3	31,83712123E-6	
-82,50000000E-3	31,89518962E-6	
-82,80000000E-3	31,96147289E-6	
-83,10000000E-3	32,01521615E-6	
-83,50000000E-3	32,05849140E-6	
-83,80000000E-3	32,10389354E-6	
-84,40000000E-3	32,14470657E-6	
-84,60000000E-3	32,18306261E-6	
-85,00000000E-3	32,22704427E-6	
-85,20000000E-3	32,27624314E-6	
-85,70000000E-3	32,33568941E-6	
-85,90000000E-3	32,39448709E-6	
-86,30000000E-3	32,46692634E-6	
-86,50000000E-3	32,53749444E-6	
-87,00000000E-3	32,61149907E-6	
-87,50000000E-3	32,68241658E-6	
-87,80000000E-3	32,75439262E-6	
-88,10000000E-3	32,81506683E-6	
-88,40000000E-3	32,87214702E-6	
-88,80000000E-3	32,92349156E-6	
-89,10000000E-3	32,97998323E-6	
-89,50000000E-3	33,03809547E-6	
-89,80000000E-3	33,10341106E-6	
-90,10000000E-3	33,16847008E-6	
-90,40000000E-3	33,23981001E-6	
-90,80000000E-3	33,31233236E-6	
-91,20000000E-3	33,37513904E-6	
-91,60000000E-3	33,43380032E-6	
-91,80000000E-3	33,49510512E-6	
-92,30000000E-3	33,55895432E-6	
-92,50000000E-3	33,62482701E-6	
-93,00000000E-3	33,69173077E-6	
-93,20000000E-3	33,76512720E-6	
-93,60000000E-3	33,83964613E-6	
-93,90000000E-3	33,91245022E-6	
-94,30000000E-3	33,98986378E-6	
-94,80000000E-3	34,06965951E-6	
-95,00000000E-3	34,15156434E-6	
-95,40000000E-3	34,23310369E-6	
-95,70000000E-3	34,31650162E-6	
-96,10000000E-3	34,39953238E-6	
-96,30000000E-3	34,48151521E-6	
-97,00000000E-3	34,57370908E-6	
-97,20000000E-3	34,66957366E-6	
-97,60000000E-3	34,76205006E-6	
-97,90000000E-3	34,85023350E-6	
-98,30000000E-3	34,94057046E-6	
-98,50000000E-3	35,02894288E-6	
-99,00000000E-3	35,11234974E-6	
-99,20000000E-3	35,20785067E-6	
-99,60000000E-3	35,29494181E-6	
-100,10000000E-3	35,38708227E-6	
-100,30000000E-3	35,47458136E-6	
-100,70000000E-3	35,56520495E-6	
-101,00000000E-3	35,65218118E-6	
-101,40000000E-3	35,73431556E-6	
-101,60000000E-3	35,83787652E-6	
-102,30000000E-3	35,93731317E-6	
-102,50000000E-3	36,02762762E-6	
-102,90000000E-3	36,11568786E-6	
-103,20000000E-3	36,21819719E-6	
-103,60000000E-3	36,31706702E-6	
-103,80000000E-3	36,41502427E-6	
-104,30000000E-3	36,51888438E-6	
-104,50000000E-3	36,62695190E-6	
-104,90000000E-3	36,73233918E-6	
-105,20000000E-3	36,84042077E-6	
-105,60000000E-3	36,95808573E-6	
-106,10000000E-3	37,06511516E-6	
-106,30000000E-3	37,16474198E-6	
-106,70000000E-3	37,27297673E-6	
-106,90000000E-3	37,37304671E-6	
-107,40000000E-3	37,46527565E-6	
-107,60000000E-3	37,55892941E-6	
-108,10000000E-3	37,65668009E-6	
-108,50000000E-3	37,75192839E-6	
-108,90000000E-3	37,84766891E-6	
-109,20000000E-3	37,95766201E-6	
-109,60000000E-3	38,06443906E-6	
-109,80000000E-3	38,16436433E-6	
-110,30000000E-3	38,26346865E-6	
-110,50000000E-3	38,37409012E-6	
-110,90000000E-3	38,47428635E-6	
-111,40000000E-3	38,56926783E-6	
-111,60000000E-3	38,67608632E-6	
-112,10000000E-3	38,77421649E-6	
-112,30000000E-3	38,87074106E-6	
-112,70000000E-3	38,96474484E-6	
-112,90000000E-3	39,07622705E-6	
-113,50000000E-3	39,18052600E-6	
-113,80000000E-3	39,27576871E-6	
-114,10000000E-3	39,37615129E-6	
-114,50000000E-3	39,47586326E-6	
-114,80000000E-3	39,57256575E-6	
-115,10000000E-3	39,68476450E-6	
-115,50000000E-3	39,79773839E-6	
-115,80000000E-3	39,89867957E-6	
-116,10000000E-3	40,00165937E-6	
-116,50000000E-3	40,12555256E-6	
-116,90000000E-3	40,23925373E-6	
-117,40000000E-3	40,35072548E-6	
-117,60000000E-3	40,46413423E-6	
-118,00000000E-3	40,56835608E-6	
-118,20000000E-3	40,67377770E-6	
-118,70000000E-3	40,78033145E-6	
-118,90000000E-3	40,89738332E-6	
-119,40000000E-3	41,00464023E-6	
-119,80000000E-3	41,10761715E-6	
-120,20000000E-3	41,22970367E-6	
-120,40000000E-3	41,34802419E-6	
-120,90000000E-3	41,45630043E-6	
-121,00000000E-3	41,56904832E-6	
-121,40000000E-3	41,68690658E-6	
-121,70000000E-3	41,79595047E-6	
-122,20000000E-3	41,90413783E-6	
-122,60000000E-3	42,01172192E-6	
-122,90000000E-3	42,12345146E-6	
-123,20000000E-3	42,22760515E-6	
-123,50000000E-3	42,33788091E-6	
-123,90000000E-3	42,44316337E-6	
-124,20000000E-3	42,54089636E-6	
-124,60000000E-3	42,64934899E-6	
-124,80000000E-3	42,76882562E-6	
-125,40000000E-3	42,87634867E-6	
-125,70000000E-3	42,98334796E-6	
-126,00000000E-3	43,09467942E-6	
-126,30000000E-3	43,19519869E-6	
-126,70000000E-3	43,29294383E-6	
-127,00000000E-3	43,39547552E-6	
-127,20000000E-3	43,50090367E-6	
-127,70000000E-3	43,60773047E-6	
-127,90000000E-3	43,71433220E-6	
-128,40000000E-3	43,83322741E-6	
-128,70000000E-3	43,94616319E-6	
-129,10000000E-3	44,06019865E-6	
-129,50000000E-3	44,17196833E-6	
-129,80000000E-3	44,27928436E-6	
-130,20000000E-3	44,38326620E-6	
-130,50000000E-3	44,48458638E-6	
-130,70000000E-3	44,59976393E-6	
-131,20000000E-3	44,71762482E-6	
-131,50000000E-3	44,82629684E-6	
-131,90000000E-3	44,94184446E-6	
-132,40000000E-3	45,05501725E-6	
-132,60000000E-3	45,16602219E-6	
-132,90000000E-3	45,28033587E-6	
-133,30000000E-3	45,39336966E-6	
-133,60000000E-3	45,49302546E-6	
-134,00000000E-3	45,58308587E-6	
-134,30000000E-3	45,68298178E-6	
-134,60000000E-3	45,76845085E-6	
-135,20000000E-3	45,85486429E-6	
-135,50000000E-3	45,94844931E-6	
-135,70000000E-3	46,04103071E-6	
-136,20000000E-3	46,13181840E-6	
-136,40000000E-3	46,22511669E-6	
-136,90000000E-3	46,32872960E-6	
-137,10000000E-3	46,43197965E-6	
-137,30000000E-3	46,53841687E-6	
-137,90000000E-3	46,65568383E-6	
-138,30000000E-3	46,78487174E-6	
-138,60000000E-3	46,92191233E-6	
-138,90000000E-3	47,06154599E-6	
-139,20000000E-3	47,20000835E-6	
-139,50000000E-3	47,33313570E-6	
-140,00000000E-3	47,44326732E-6	
-140,50000000E-3	47,53037973E-6	
-140,80000000E-3	47,60163312E-6	
-141,00000000E-3	47,66955237E-6	
-141,50000000E-3	47,75517285E-6	
-141,70000000E-3	47,87640561E-6	
-142,20000000E-3	48,02078980E-6	
-142,70000000E-3	48,16484554E-6	
-142,70000000E-3	48,31107934E-6	
-143,20000000E-3	48,44199664E-6	
-143,70000000E-3	48,54453673E-6	
-143,90000000E-3	48,61604152E-6	
-144,10000000E-3	48,68752868E-6	
-144,70000000E-3	48,76858684E-6	
-144,80000000E-3	48,88278957E-6	
-145,30000000E-3	49,03619854E-6	
-145,80000000E-3	49,19879461E-6	
-146,10000000E-3	49,33336909E-6	
-146,30000000E-3	49,43054994E-6	
-146,80000000E-3	49,49535077E-6	
-147,00000000E-3	49,55738602E-6	
-147,40000000E-3	49,64189808E-6	
-147,90000000E-3	49,77923181E-6	
-148,30000000E-3	49,95506191E-6	
-148,50000000E-3	50,10706413E-6	
-149,00000000E-3	50,21423789E-6	
-149,30000000E-3	50,28401291E-6	
-149,50000000E-3	50,33512587E-6	
-150,00000000E-3	50,39748142E-6	
-150,20000000E-3	50,51299318E-6	
-150,70000000E-3	50,66804686E-6	
-151,10000000E-3	50,82692347E-6	
-151,40000000E-3	50,96641427E-6	
-151,60000000E-3	51,07186466E-6	
-152,10000000E-3	51,13644879E-6	
-152,30000000E-3	51,19623887E-6	
-152,60000000E-3	51,28537206E-6	
-153,20000000E-3	51,41398113E-6	
-153,50000000E-3	51,57515714E-6	
-153,80000000E-3	51,73106500E-6	
-154,30000000E-3	51,85525503E-6	
-154,60000000E-3	51,92707349E-6	
-154,70000000E-3	51,98124938E-6	
-155,20000000E-3	52,04882326E-6	
-155,50000000E-3	52,14526757E-6	
-156,00000000E-3	52,28054445E-6	
-156,20000000E-3	52,44230461E-6	
-156,50000000E-3	52,60049872E-6	
-156,90000000E-3	52,72931668E-6	
-157,40000000E-3	52,82780744E-6	
-157,70000000E-3	52,90902358E-6	
-158,00000000E-3	52,97260817E-6	
-158,40000000E-3	53,04139946E-6	
-158,70000000E-3	53,13244572E-6	
-159,20000000E-3	53,26602969E-6	
-159,40000000E-3	53,41713017E-6	
-159,60000000E-3	53,57222340E-6	
-160,10000000E-3	53,72754152E-6	
-160,50000000E-3	53,85747701E-6	
-160,80000000E-3	53,97449299E-6	
-161,20000000E-3	54,07338059E-6	
-161,50000000E-3	54,16249682E-6	
-162,00000000E-3	54,23607681E-6	
-162,30000000E-3	54,31049997E-6	
-162,80000000E-3	54,39336860E-6	
-163,00000000E-3	54,49236555E-6	
-163,30000000E-3	54,60558405E-6	
-163,80000000E-3	54,74062859E-6	
-164,00000000E-3	54,89184209E-6	
-164,50000000E-3	55,04524981E-6	
-164,70000000E-3	55,17245401E-6	
-165,00000000E-3	55,28957969E-6	
-165,40000000E-3	55,37933634E-6	
-166,00000000E-3	55,45385579E-6	
-166,20000000E-3	55,52722353E-6	
-166,50000000E-3	55,59521676E-6	
-166,90000000E-3	55,68145323E-6	
-167,10000000E-3	55,80177633E-6	
-167,60000000E-3	55,94084899E-6	
-168,10000000E-3	56,07623586E-6	
-168,30000000E-3	56,20954097E-6	
-168,60000000E-3	56,34414997E-6	
-169,10000000E-3	56,45946950E-6	
-169,30000000E-3	56,55731986E-6	
-169,70000000E-3	56,64687545E-6	
-170,00000000E-3	56,72978161E-6	
-170,20000000E-3	56,81036152E-6	
-170,70000000E-3	56,89680911E-6	
-171,30000000E-3	56,99914635E-6	
-171,50000000E-3	57,11174970E-6	
-171,70000000E-3	57,23435727E-6	
-172,20000000E-3	57,37502808E-6	
-172,50000000E-3	57,52466499E-6	
-172,90000000E-3	57,65803157E-6	
-173,20000000E-3	57,77575028E-6	
-173,40000000E-3	57,87956782E-6	
-173,90000000E-3	57,96388966E-6	
-174,40000000E-3	58,04117976E-6	
-174,60000000E-3	58,12857178E-6	
-175,00000000E-3	58,22344660E-6	
-175,40000000E-3	58,33364320E-6	
-175,60000000E-3	58,46726674E-6	
-176,00000000E-3	58,62113653E-6	
-176,60000000E-3	58,76574551E-6	
-176,80000000E-3	58,88396733E-6	
-177,00000000E-3	58,99422557E-6	
-177,50000000E-3	59,08056378E-6	
-177,80000000E-3	59,16154713E-6	
-178,10000000E-3	59,24754617E-6	
-178,50000000E-3	59,34063356E-6	
-179,00000000E-3	59,45290030E-6	
-179,20000000E-3	59,57337171E-6	
-179,70000000E-3	59,71602967E-6	
-180,00000000E-3	59,85775214E-6	
-180,10000000E-3	60,00616990E-6	
-180,70000000E-3	60,13861148E-6	
-180,90000000E-3	60,26051605E-6	
-181,40000000E-3	60,35919642E-6	
-181,90000000E-3	60,44092591E-6	
-182,10000000E-3	60,51908407E-6	
-182,30000000E-3	60,60701278E-6	
-182,80000000E-3	60,70416918E-6	
-183,10000000E-3	60,81290900E-6	
-183,50000000E-3	60,93536202E-6	
-184,00000000E-3	61,06073968E-6	
-184,30000000E-3	61,19137149E-6	
-184,50000000E-3	61,32847488E-6	
-185,00000000E-3	61,46795745E-6	
-185,20000000E-3	61,59739277E-6	
-185,50000000E-3	61,71816426E-6	
-185,90000000E-3	61,83753510E-6	
-186,20000000E-3	61,93744594E-6	
-186,60000000E-3	62,02658771E-6	
-187,20000000E-3	62,11073316E-6	
-187,40000000E-3	62,19724519E-6	
-187,60000000E-3	62,28519276E-6	
-188,10000000E-3	62,37945768E-6	
-188,40000000E-3	62,51360350E-6	
-188,70000000E-3	62,65773973E-6	
-189,30000000E-3	62,79573292E-6	
-189,30000000E-3	62,92763674E-6	
-189,80000000E-3	63,06361784E-6	
-190,30000000E-3	63,16346871E-6	
-190,60000000E-3	63,23968505E-6	
-190,80000000E-3	63,31696606E-6	
-191,20000000E-3	63,39804850E-6	
-191,50000000E-3	63,49255718E-6	
-191,90000000E-3	63,62466088E-6	
-192,50000000E-3	63,78053968E-6	
-192,70000000E-3	63,93012674E-6	
-192,90000000E-3	64,06916508E-6	
-193,40000000E-3	64,18856045E-6	
-193,70000000E-3	64,27239210E-6	
-193,90000000E-3	64,33419341E-6	
-194,40000000E-3	64,42072158E-6	
-194,90000000E-3	64,56045207E-6	
-195,10000000E-3	64,71943088E-6	
-195,50000000E-3	64,85297827E-6	
-195,90000000E-3	64,95899388E-6	
-196,10000000E-3	65,02998053E-6	
-196,60000000E-3	65,09853003E-6	
-196,80000000E-3	65,20992215E-6	
-197,10000000E-3	65,36612201E-6	
-197,60000000E-3	65,52160702E-6	
-198,10000000E-3	65,64905838E-6	
-198,30000000E-3	65,73119221E-6	
-198,60000000E-3	65,79750616E-6	
-199,00000000E-3	65,88653960E-6	
-199,30000000E-3	66,04331831E-6	
-199,70000000E-3	66,21043524E-6	
-200,00000000E-3	66,32604727E-6	
