0,00000000E+0	-4,23391094E-6
0,00000000E+0	-4,11405650E-6
0,00000000E+0	-4,02054360E-6
400,00000000E-6	-3,41548249E-6
1,20000000E-3	-2,53409332E-6
3,00000000E-3	-926,38885182E-9
3,80000000E-3	1,80911428E-6
6,00000000E-3	4,89014173E-6
8,40000000E-3	8,17109538E-6
10,90000000E-3	11,90549140E-6
12,10000000E-3	16,22507636E-6
15,10000000E-3	20,18116445E-6
17,20000000E-3	24,30264584E-6
20,90000000E-3	29,57552456E-6
23,90000000E-3	34,52873438E-6
25,70000000E-3	40,00121793E-6
28,80000000E-3	44,81201062E-6
30,60000000E-3	51,56751494E-6
34,70000000E-3	57,83435849E-6
37,10000000E-3	65,73567187E-6
40,40000000E-3	72,93753206E-6
42,10000000E-3	78,80075537E-6
45,60000000E-3	84,28841459E-6
49,20000000E-3	91,29552817E-6
52,40000000E-3	97,56131121E-6
54,30000000E-3	103,70252442E-6
57,70000000E-3	109,70392814E-6
61,20000000E-3	116,29750361E-6
64,80000000E-3	121,99069072E-6
66,70000000E-3	127,20421856E-6
70,40000000E-3	133,34194420E-6
72,20000000E-3	140,31095974E-6
75,80000000E-3	145,52690303E-6
79,40000000E-3	151,25655962E-6
83,00000000E-3	158,40555985E-6
84,80000000E-3	165,66979788E-6
88,30000000E-3	171,29720427E-6
91,80000000E-3	176,94439074E-6
95,30000000E-3	182,71640989E-6
97,20000000E-3	188,24807694E-6
100,70000000E-3	193,25980065E-6
103,30000000E-3	198,26697658E-6
107,20000000E-3	204,18399779E-6
109,70000000E-3	210,43305833E-6
113,40000000E-3	217,44555078E-6
117,10000000E-3	223,06776071E-6
118,90000000E-3	227,89794198E-6
122,40000000E-3	232,69106864E-6
126,20000000E-3	239,22715965E-6
127,90000000E-3	246,57864369E-6
131,40000000E-3	252,52491161E-6
135,00000000E-3	257,67182847E-6
138,70000000E-3	262,90429228E-6
142,00000000E-3	268,69321916E-6
143,70000000E-3	273,15754329E-6
146,70000000E-3	278,66047590E-6
151,00000000E-3	283,97126317E-6
154,70000000E-3	289,20166228E-6
158,50000000E-3	294,83963701E-6
160,20000000E-3	300,31086044E-6
162,20000000E-3	304,94142465E-6
165,70000000E-3	310,50837106E-6
169,30000000E-3	315,40536195E-6
173,00000000E-3	320,05289244E-6
174,60000000E-3	324,82541054E-6
178,50000000E-3	329,77415726E-6
182,00000000E-3	334,84127974E-6
185,90000000E-3	339,83462626E-6
187,50000000E-3	345,00978789E-6
191,20000000E-3	349,52728773E-6
193,00000000E-3	354,27898496E-6
197,30000000E-3	358,73037811E-6
200,00000000E-3	363,17575660E-6
203,80000000E-3	367,34614325E-6
205,50000000E-3	371,86022886E-6
209,30000000E-3	376,67839649E-6
212,80000000E-3	381,81585126E-6
216,50000000E-3	386,57338506E-6
218,30000000E-3	391,82859895E-6
221,70000000E-3	397,34888021E-6
225,60000000E-3	403,55081195E-6
229,10000000E-3	409,28455616E-6
230,90000000E-3	415,13822966E-6
234,60000000E-3	421,41497710E-6
238,20000000E-3	426,40673167E-6
240,50000000E-3	431,03838934E-6
245,20000000E-3	436,17873167E-6
247,00000000E-3	442,41347829E-6
250,80000000E-3	448,25008943E-6
252,50000000E-3	453,80969596E-6
256,30000000E-3	459,12133454E-6
259,80000000E-3	464,42402981E-6
263,30000000E-3	469,77863539E-6
265,30000000E-3	475,59563397E-6
268,80000000E-3	481,02203077E-6
272,40000000E-3	486,62784913E-6
276,30000000E-3	492,33467526E-6
279,90000000E-3	497,52962966E-6
281,80000000E-3	502,68734885E-6
283,60000000E-3	508,47273237E-6
287,30000000E-3	514,00429352E-6
291,80000000E-3	519,21417064E-6
294,20000000E-3	524,29496867E-6
296,30000000E-3	529,38313299E-6
299,60000000E-3	534,83135305E-6
303,40000000E-3	539,76165592E-6
307,10000000E-3	545,38626388E-6
310,40000000E-3	551,10559358E-6
312,30000000E-3	557,02232419E-6
315,80000000E-3	563,00527160E-6
319,30000000E-3	568,09590094E-6
322,90000000E-3	573,30962714E-6
326,60000000E-3	578,01456049E-6
328,30000000E-3	583,30962650E-6
332,00000000E-3	588,56347577E-6
334,50000000E-3	593,93729362E-6
339,00000000E-3	599,39531899E-6
342,50000000E-3	604,71264778E-6
344,40000000E-3	609,85083282E-6
346,40000000E-3	614,64283894E-6
349,50000000E-3	619,39643383E-6
353,40000000E-3	624,15939385E-6
356,80000000E-3	629,52956667E-6
360,50000000E-3	634,57441724E-6
364,20000000E-3	639,47623116E-6
366,00000000E-3	644,58393327E-6
369,70000000E-3	649,43718305E-6
373,40000000E-3	654,33573029E-6
375,40000000E-3	659,52632211E-6
378,90000000E-3	665,29620182E-6
382,40000000E-3	670,70328362E-6
385,40000000E-3	675,77360317E-6
389,70000000E-3	681,01429544E-6
391,70000000E-3	687,08005092E-6
395,40000000E-3	693,08109977E-6
397,00000000E-3	699,09279889E-6
400,70000000E-3	704,44709963E-6
404,50000000E-3	709,28312749E-6
408,20000000E-3	714,03917648E-6
410,20000000E-3	719,36123203E-6
413,50000000E-3	724,78683788E-6
415,70000000E-3	730,80561830E-6
419,00000000E-3	737,40952463E-6
423,60000000E-3	743,11647060E-6
426,30000000E-3	748,47592787E-6
430,10000000E-3	753,74135783E-6
431,80000000E-3	758,85143189E-6
435,60000000E-3	764,10282270E-6
439,30000000E-3	770,22459663E-6
443,00000000E-3	775,84587300E-6
445,00000000E-3	781,42500122E-6
448,80000000E-3	786,95826522E-6
450,50000000E-3	792,39566654E-6
454,20000000E-3	797,86935598E-6
458,00000000E-3	804,02003590E-6
461,70000000E-3	809,79928750E-6
465,50000000E-3	815,29750111E-6
467,40000000E-3	820,50644912E-6
469,20000000E-3	825,75202100E-6
472,90000000E-3	831,25647144E-6
476,70000000E-3	837,25580845E-6
480,20000000E-3	843,26367811E-6
484,20000000E-3	849,03189128E-6
485,80000000E-3	854,96390347E-6
489,70000000E-3	860,27832447E-6
491,70000000E-3	865,39005367E-6
495,30000000E-3	870,41650480E-6
498,80000000E-3	875,66180122E-6
501,60000000E-3	879,84228846E-6
502,90000000E-3	883,12612792E-6
504,50000000E-3	885,56817172E-6
505,10000000E-3	887,27800679E-6
505,80000000E-3	888,38314783E-6
505,80000000E-3	888,74427372E-6
505,40000000E-3	888,49038700E-6
504,50000000E-3	887,73356395E-6
504,00000000E-3	886,72046817E-6
503,40000000E-3	885,45941680E-6
502,30000000E-3	884,14620160E-6
501,30000000E-3	882,71318152E-6
500,30000000E-3	881,46795204E-6
499,60000000E-3	880,48165773E-6
499,30000000E-3	879,62883235E-6
498,90000000E-3	878,99230048E-6
498,80000000E-3	878,57164002E-6
498,60000000E-3	878,19405738E-6
498,50000000E-3	877,98242471E-6
498,50000000E-3	877,88488683E-6
498,50000000E-3	877,86726490E-6
498,60000000E-3	877,90421861E-6
498,60000000E-3	877,98286002E-6
498,70000000E-3	878,09962697E-6
498,80000000E-3	878,27641032E-6
498,90000000E-3	878,46176430E-6
499,00000000E-3	878,70030254E-6
499,20000000E-3	878,87968880E-6
499,30000000E-3	879,11307389E-6
