-300,000000E-3	16,947112E-6
-300,000000E-3	16,941555E-6
-300,000000E-3	16,979493E-6
-299,900000E-3	16,954290E-6
-299,700000E-3	16,929654E-6
-299,500000E-3	16,930604E-6
-299,100000E-3	16,959992E-6
-298,700000E-3	16,968201E-6
-298,200000E-3	16,919317E-6
-297,700000E-3	16,909920E-6
-297,300000E-3	16,929047E-6
-297,000000E-3	16,950152E-6
-296,400000E-3	16,927030E-6
-295,900000E-3	16,918236E-6
-295,300000E-3	16,998121E-6
-294,900000E-3	17,064524E-6
-294,100000E-3	17,110142E-6
-293,700000E-3	17,130089E-6
-293,100000E-3	17,223742E-6
-292,500000E-3	17,303037E-6
-291,900000E-3	17,322384E-6
-291,500000E-3	17,377510E-6
-290,700000E-3	17,477605E-6
-290,200000E-3	17,638361E-6
-289,600000E-3	17,748944E-6
-288,900000E-3	17,850542E-6
-288,200000E-3	18,015146E-6
-287,900000E-3	18,160731E-6
-287,200000E-3	18,257444E-6
-286,600000E-3	18,353080E-6
-286,200000E-3	18,461340E-6
-285,500000E-3	18,517899E-6
-284,500000E-3	18,525318E-6
-284,200000E-3	18,553711E-6
-283,500000E-3	18,577911E-6
-282,800000E-3	18,516473E-6
-282,100000E-3	18,396017E-6
-281,800000E-3	18,306427E-6
-280,900000E-3	18,190760E-6
-280,400000E-3	18,053134E-6
-279,700000E-3	17,873489E-6
-279,000000E-3	17,705447E-6
-278,300000E-3	17,590319E-6
-278,000000E-3	17,494218E-6
-277,300000E-3	17,404243E-6
-276,600000E-3	17,301888E-6
-275,900000E-3	17,230007E-6
-275,400000E-3	17,127597E-6
-274,500000E-3	17,050980E-6
-274,300000E-3	16,980646E-6
-273,600000E-3	16,915340E-6
-272,900000E-3	16,837390E-6
-272,100000E-3	16,737874E-6
-271,800000E-3	16,632330E-6
-271,200000E-3	16,552059E-6
-270,500000E-3	16,489985E-6
-269,800000E-3	16,438717E-6
-269,100000E-3	16,381526E-6
-268,800000E-3	16,350766E-6
-268,000000E-3	16,311918E-6
-267,400000E-3	16,309741E-6
-266,700000E-3	16,358717E-6
-266,000000E-3	16,461792E-6
-265,500000E-3	16,570775E-6
-265,000000E-3	16,696827E-6
-264,300000E-3	16,808352E-6
-263,600000E-3	16,897767E-6
-263,000000E-3	16,924135E-6
-262,200000E-3	16,904049E-6
-261,700000E-3	16,852720E-6
-261,200000E-3	16,784077E-6
-260,500000E-3	16,691682E-6
-260,100000E-3	16,567271E-6
-259,200000E-3	16,411888E-6
-258,800000E-3	16,313072E-6
-258,100000E-3	16,219135E-6
-257,400000E-3	16,179431E-6
-256,700000E-3	16,160371E-6
-256,400000E-3	16,105460E-6
-255,400000E-3	16,031000E-6
-255,000000E-3	15,942085E-6
-254,300000E-3	15,846527E-6
-253,600000E-3	15,804379E-6
-252,900000E-3	15,740079E-6
-252,600000E-3	15,689713E-6
-251,900000E-3	15,632439E-6
-250,900000E-3	15,588891E-6
-250,500000E-3	15,547646E-6
-249,900000E-3	15,538646E-6
-249,100000E-3	15,537062E-6
-248,800000E-3	15,564563E-6
-248,100000E-3	15,613237E-6
-247,200000E-3	15,665723E-6
-246,700000E-3	15,696076E-6
-246,000000E-3	15,660308E-6
-245,500000E-3	15,571132E-6
-244,700000E-3	15,462633E-6
-244,300000E-3	15,337428E-6
-243,600000E-3	15,238052E-6
-243,000000E-3	15,175818E-6
-242,300000E-3	15,143497E-6
-241,800000E-3	15,130960E-6
-240,900000E-3	15,122429E-6
-240,500000E-3	15,127387E-6
-239,900000E-3	15,131149E-6
-239,200000E-3	15,122744E-6
-238,500000E-3	15,139284E-6
-237,800000E-3	15,077532E-6
-237,500000E-3	14,999615E-6
-236,800000E-3	14,942501E-6
-236,200000E-3	14,949126E-6
-235,400000E-3	14,933888E-6
-234,800000E-3	14,891079E-6
-234,100000E-3	14,787645E-6
-233,800000E-3	14,697980E-6
-233,100000E-3	14,594416E-6
-232,400000E-3	14,557199E-6
-232,000000E-3	14,554533E-6
-231,000000E-3	14,560149E-6
-230,700000E-3	14,529054E-6
-230,000000E-3	14,430142E-6
-229,300000E-3	14,294061E-6
-228,600000E-3	14,110533E-6
-228,300000E-3	13,938487E-6
-227,300000E-3	13,759820E-6
-226,900000E-3	13,578703E-6
-226,200000E-3	13,420263E-6
-225,500000E-3	13,262468E-6
-224,800000E-3	13,093670E-6
-224,600000E-3	12,891835E-6
-223,700000E-3	12,630280E-6
-223,100000E-3	12,334371E-6
-222,400000E-3	12,063563E-6
-221,800000E-3	11,866698E-6
-221,100000E-3	11,779169E-6
-220,800000E-3	11,777947E-6
-220,100000E-3	11,762823E-6
-219,400000E-3	11,758469E-6
-218,600000E-3	11,814076E-6
-218,400000E-3	11,896769E-6
-217,400000E-3	11,991297E-6
-217,000000E-3	12,116687E-6
-216,300000E-3	12,230313E-6
-215,600000E-3	12,272008E-6
-214,900000E-3	12,268598E-6
-214,500000E-3	12,263162E-6
-213,800000E-3	12,314608E-6
-213,200000E-3	12,329200E-6
-212,500000E-3	12,289291E-6
-212,000000E-3	12,252258E-6
-211,100000E-3	12,251062E-6
-210,800000E-3	12,298404E-6
-210,100000E-3	12,385034E-6
-209,500000E-3	12,366175E-6
-208,800000E-3	12,260668E-6
-208,300000E-3	12,114740E-6
-207,400000E-3	11,990359E-6
-207,100000E-3	11,899693E-6
-206,400000E-3	11,910214E-6
-205,700000E-3	11,962322E-6
-205,000000E-3	12,036664E-6
-204,700000E-3	12,083932E-6
-203,800000E-3	12,167660E-6
-203,300000E-3	12,240374E-6
-203,000000E-3	12,337730E-6
-201,900000E-3	12,479288E-6
-201,200000E-3	12,626946E-6
-200,500000E-3	12,804131E-6
-200,000000E-3	12,960564E-6
-199,600000E-3	13,125151E-6
-198,900000E-3	13,297299E-6
-198,300000E-3	13,533411E-6
-197,400000E-3	13,853621E-6
-196,800000E-3	14,166157E-6
-196,400000E-3	14,443824E-6
-195,700000E-3	14,638516E-6
-195,100000E-3	14,809486E-6
-194,400000E-3	14,971827E-6
-193,700000E-3	15,151145E-6
-193,000000E-3	15,272170E-6
-192,300000E-3	15,303795E-6
-192,000000E-3	15,249649E-6
-191,300000E-3	15,130309E-6
-190,600000E-3	15,057738E-6
-190,100000E-3	14,992308E-6
-189,200000E-3	15,046485E-6
-188,900000E-3	15,055697E-6
-188,200000E-3	14,994499E-6
-187,500000E-3	14,916428E-6
-186,800000E-3	14,875223E-6
-186,500000E-3	14,898204E-6
-185,600000E-3	14,950719E-6
-185,100000E-3	15,036555E-6
-184,400000E-3	15,150413E-6
-183,900000E-3	15,241718E-6
-183,000000E-3	15,336075E-6
-182,700000E-3	15,428148E-6
-182,000000E-3	15,519710E-6
-181,300000E-3	15,587589E-6
-180,600000E-3	15,608593E-6
-180,200000E-3	15,557166E-6
-179,300000E-3	15,469471E-6
-178,900000E-3	15,478530E-6
-178,300000E-3	15,612869E-6
-177,600000E-3	15,814200E-6
-176,900000E-3	15,949066E-6
-176,200000E-3	15,981071E-6
-175,900000E-3	15,926025E-6
-174,900000E-3	15,850303E-6
-174,500000E-3	15,878783E-6
-173,900000E-3	16,018200E-6
-173,100000E-3	16,195921E-6
-172,500000E-3	16,346318E-6
-172,100000E-3	16,492686E-6
-171,300000E-3	16,599659E-6
-170,800000E-3	16,687567E-6
-170,100000E-3	16,796830E-6
-169,400000E-3	16,999258E-6
-168,800000E-3	17,190694E-6
-168,100000E-3	17,220545E-6
-167,700000E-3	17,159468E-6
-166,800000E-3	17,097024E-6
-166,300000E-3	17,061146E-6
-166,000000E-3	17,094623E-6
-165,100000E-3	17,223897E-6
-164,200000E-3	17,418933E-6
-163,900000E-3	17,651766E-6
-163,200000E-3	17,973943E-6
-162,500000E-3	18,332066E-6
-162,200000E-3	18,591242E-6
-161,300000E-3	18,755080E-6
-160,800000E-3	18,932551E-6
-160,200000E-3	19,044696E-6
-159,500000E-3	19,018880E-6
-158,800000E-3	18,825038E-6
-158,400000E-3	18,492206E-6
-157,700000E-3	18,044883E-6
-157,100000E-3	17,537870E-6
-156,400000E-3	17,092355E-6
-156,000000E-3	16,690027E-6
-155,000000E-3	16,369374E-6
-154,700000E-3	16,162278E-6
-154,000000E-3	16,077373E-6
-153,300000E-3	16,173388E-6
-152,600000E-3	16,308480E-6
-152,300000E-3	16,427886E-6
-151,600000E-3	16,559852E-6
-150,800000E-3	16,644702E-6
-150,200000E-3	16,740311E-6
-149,600000E-3	16,845985E-6
-148,900000E-3	16,866145E-6
-148,500000E-3	16,830801E-6
-147,800000E-3	16,896803E-6
-147,100000E-3	17,084154E-6
-146,400000E-3	17,255582E-6
-146,000000E-3	17,263753E-6
-145,200000E-3	17,082121E-6
-144,700000E-3	17,030341E-6
-144,000000E-3	17,132423E-6
-143,300000E-3	17,280288E-6
-142,700000E-3	17,371788E-6
-142,300000E-3	17,392592E-6
-141,600000E-3	17,418023E-6
-140,900000E-3	17,321056E-6
-140,200000E-3	17,165352E-6
-139,900000E-3	17,069184E-6
-138,800000E-3	16,994179E-6
-138,200000E-3	16,815750E-6
-137,800000E-3	16,576154E-6
-137,100000E-3	16,466520E-6
-136,400000E-3	16,388028E-6
-135,700000E-3	16,321227E-6
-135,400000E-3	16,610820E-6
-134,500000E-3	17,008423E-6
-134,000000E-3	17,221973E-6
-133,300000E-3	17,234419E-6
-132,600000E-3	17,101709E-6
-132,300000E-3	17,031321E-6
-131,600000E-3	17,143311E-6
-130,900000E-3	17,130387E-6
-130,200000E-3	17,010863E-6
-129,500000E-3	16,871372E-6
-129,100000E-3	16,596232E-6
-128,200000E-3	16,107629E-6
-127,800000E-3	15,817693E-6
-127,200000E-3	15,676018E-6
-126,500000E-3	15,604715E-6
-125,800000E-3	15,338758E-6
-125,400000E-3	14,821240E-6
-124,700000E-3	14,444716E-6
-124,000000E-3	14,215583E-6
-123,300000E-3	13,858785E-6
-123,000000E-3	13,578436E-6
-122,000000E-3	13,550398E-6
-121,600000E-3	13,595607E-6
-120,900000E-3	13,795517E-6
-120,200000E-3	14,155125E-6
-119,500000E-3	14,429680E-6
-119,200000E-3	14,661951E-6
-118,500000E-3	14,958066E-6
-117,800000E-3	15,213016E-6
-117,100000E-3	15,401844E-6
-116,400000E-3	15,470550E-6
-115,800000E-3	15,655592E-6
-115,400000E-3	15,767583E-6
-114,700000E-3	15,407635E-6
-114,100000E-3	14,865299E-6
-113,300000E-3	14,551811E-6
-113,000000E-3	14,433559E-6
-112,200000E-3	14,268497E-6
-111,700000E-3	13,940891E-6
-110,900000E-3	13,752061E-6
-110,200000E-3	13,420825E-6
-109,600000E-3	13,034076E-6
-109,200000E-3	13,081120E-6
-108,600000E-3	13,241841E-6
-107,900000E-3	13,285130E-6
-107,200000E-3	13,199797E-6
-106,800000E-3	12,751837E-6
-105,900000E-3	12,393788E-6
-105,400000E-3	12,289752E-6
-104,800000E-3	12,400456E-6
-104,100000E-3	12,516160E-6
-103,400000E-3	12,377033E-6
-102,700000E-3	12,049601E-6
-102,300000E-3	11,501767E-6
-101,500000E-3	11,100855E-6
-101,000000E-3	11,186205E-6
-100,300000E-3	11,347931E-6
-99,600000E-3	11,350052E-6
-98,900000E-3	11,025892E-6
-98,200000E-3	10,876714E-6
-97,900000E-3	11,090612E-6
-97,200000E-3	10,941855E-6
-96,500000E-3	10,780929E-6
-95,800000E-3	10,870504E-6
-95,100000E-3	10,874566E-6
-94,400000E-3	10,791412E-6
-94,000000E-3	10,644124E-6
-93,400000E-3	10,385591E-6
-92,800000E-3	10,017074E-6
-92,300000E-3	9,684527E-6
-91,700000E-3	9,636925E-6
-91,000000E-3	9,934279E-6
-90,200000E-3	10,298531E-6
-89,900000E-3	10,547398E-6
-88,900000E-3	10,753103E-6
-88,600000E-3	10,748302E-6
-87,900000E-3	10,526507E-6
-87,200000E-3	10,385465E-6
-86,500000E-3	10,306912E-6
-86,100000E-3	10,446178E-6
-85,500000E-3	10,653404E-6
-84,800000E-3	10,485723E-6
-84,100000E-3	10,143135E-6
-83,700000E-3	9,694231E-6
-82,700000E-3	8,914091E-6
-82,400000E-3	8,313531E-6
-81,700000E-3	8,081423E-6
-81,000000E-3	7,930999E-6
-80,300000E-3	7,753167E-6
-79,900000E-3	7,174741E-6
-79,200000E-3	6,634436E-6
-78,500000E-3	6,142713E-6
-77,900000E-3	5,852984E-6
-77,200000E-3	5,878590E-6
-76,500000E-3	6,207843E-6
-75,800000E-3	6,724783E-6
-75,400000E-3	7,039862E-6
-74,700000E-3	7,139082E-6
-74,000000E-3	7,167078E-6
-73,300000E-3	7,123965E-6
-73,000000E-3	6,742401E-6
-72,000000E-3	6,369259E-6
-71,600000E-3	6,326353E-6
-71,000000E-3	6,331658E-6
-70,200000E-3	6,301565E-6
-69,900000E-3	6,192037E-6
-69,200000E-3	6,028354E-6
-68,500000E-3	5,934036E-6
-67,800000E-3	5,991265E-6
-67,100000E-3	6,256538E-6
-66,500000E-3	6,522240E-6
-65,700000E-3	6,620969E-6
-65,400000E-3	6,793198E-6
-64,700000E-3	6,640887E-6
-64,000000E-3	6,404268E-6
-63,300000E-3	6,547540E-6
-62,900000E-3	6,919648E-6
-62,300000E-3	6,919304E-6
-61,600000E-3	6,743180E-6
-60,900000E-3	6,266931E-6
-60,200000E-3	5,654143E-6
-59,500000E-3	5,038537E-6
-59,200000E-3	4,761608E-6
-58,600000E-3	4,775446E-6
-57,800000E-3	4,787795E-6
-57,200000E-3	4,456641E-6
-56,800000E-3	4,201574E-6
-55,700000E-3	3,960111E-6
-55,500000E-3	3,690493E-6
-54,800000E-3	3,082812E-6
-54,100000E-3	2,802649E-6
-53,400000E-3	2,875096E-6
-53,000000E-3	2,834687E-6
-52,100000E-3	2,992992E-6
-51,700000E-3	3,315949E-6
-51,000000E-3	3,494885E-6
-50,500000E-3	3,133491E-6
-49,600000E-3	2,587857E-6
-48,900000E-3	1,943471E-6
-48,600000E-3	1,673044E-6
-47,900000E-3	1,170981E-6
-47,200000E-3	711,302737E-9
-46,900000E-3	582,432799E-9
-46,000000E-3	238,497717E-9
-45,400000E-3	145,831126E-9
-44,800000E-3	366,738338E-9
-44,100000E-3	543,380999E-9
-43,400000E-3	410,645847E-9
-43,000000E-3	158,129202E-9
-42,400000E-3	-2,871027E-9
-41,700000E-3	-181,808651E-9
-40,900000E-3	-359,668690E-9
-40,600000E-3	-397,116837E-9
-39,800000E-3	-531,899548E-9
-39,200000E-3	-701,559362E-9
-38,500000E-3	-1,017973E-6
-37,900000E-3	-1,086161E-6
-37,200000E-3	-1,388437E-6
-36,500000E-3	-1,797344E-6
-36,100000E-3	-2,128997E-6
-35,400000E-3	-2,415816E-6
-34,700000E-3	-2,765571E-6
-34,000000E-3	-3,088918E-6
-33,500000E-3	-3,689657E-6
-32,600000E-3	-3,986144E-6
-32,300000E-3	-4,055486E-6
-31,600000E-3	-4,137731E-6
-31,000000E-3	-4,145323E-6
-30,600000E-3	-4,453445E-6
-29,900000E-3	-4,842920E-6
-29,200000E-3	-5,357239E-6
-28,600000E-3	-5,400106E-6
-28,200000E-3	-5,457233E-6
-27,100000E-3	-5,439244E-6
-26,800000E-3	-5,482258E-6
-26,100000E-3	-5,440989E-6
-25,500000E-3	-5,542194E-6
-24,800000E-3	-5,664215E-6
-24,400000E-3	-5,697667E-6
-23,700000E-3	-5,661863E-6
-23,000000E-3	-5,732624E-6
-22,300000E-3	-6,156352E-6
-21,700000E-3	-6,603147E-6
-21,000000E-3	-6,534291E-6
-20,300000E-3	-6,724339E-6
-19,900000E-3	-6,847617E-6
-19,200000E-3	-6,706512E-6
-18,500000E-3	-6,756483E-6
-17,800000E-3	-6,944725E-6
-17,200000E-3	-7,098155E-6
-16,500000E-3	-7,145838E-6
-15,800000E-3	-6,759723E-6
-15,400000E-3	-6,671188E-6
-14,700000E-3	-6,760652E-6
-14,000000E-3	-6,843435E-6
-13,300000E-3	-6,426595E-6
-13,000000E-3	-6,167161E-6
-11,900000E-3	-6,256930E-6
-11,600000E-3	-6,370113E-6
-10,900000E-3	-6,467689E-6
-10,200000E-3	-6,481123E-6
-9,600000E-3	-6,407038E-6
-9,200000E-3	-6,466819E-6
-8,500000E-3	-6,143596E-6
-7,800000E-3	-6,017387E-6
-7,100000E-3	-6,116182E-6
-6,600000E-3	-6,316481E-6
-5,800000E-3	-6,131989E-6
-5,500000E-3	-6,000382E-6
-4,800000E-3	-5,968944E-6
-4,100000E-3	-5,603448E-6
-3,200000E-3	-5,298142E-6
-2,900000E-3	-5,244627E-6
-2,100000E-3	-5,067895E-6
-1,500000E-3	-5,032347E-6
-800,000000E-6	-5,178750E-6
-500,000000E-6	-5,172667E-6
600,000000E-6	-5,282003E-6
1,000000E-3	-5,621957E-6
1,700000E-3	-5,645542E-6
2,400000E-3	-5,478130E-6
3,100000E-3	-5,271302E-6
3,800000E-3	-5,178318E-6
4,100000E-3	-5,348221E-6
5,100000E-3	-5,260596E-6
5,500000E-3	-4,721670E-6
6,200000E-3	-4,361890E-6
6,900000E-3	-4,287089E-6
7,600000E-3	-4,347823E-6
7,900000E-3	-4,377092E-6
8,600000E-3	-4,460642E-6
9,300000E-3	-4,322999E-6
10,000000E-3	-4,194775E-6
10,300000E-3	-4,111553E-6
11,300000E-3	-4,132883E-6
11,700000E-3	-4,114930E-6
12,400000E-3	-4,107989E-6
13,100000E-3	-3,874649E-6
13,800000E-3	-3,694924E-6
14,100000E-3	-3,437954E-6
14,800000E-3	-3,486538E-6
15,500000E-3	-3,501111E-6
16,200000E-3	-3,192415E-6
16,600000E-3	-3,195693E-6
17,300000E-3	-3,189510E-6
17,900000E-3	-3,211639E-6
18,700000E-3	-3,236935E-6
19,200000E-3	-3,371686E-6
20,000000E-3	-3,249351E-6
20,300000E-3	-2,992276E-6
21,000000E-3	-2,858429E-6
21,700000E-3	-2,811335E-6
22,400000E-3	-2,727075E-6
22,800000E-3	-2,531729E-6
23,700000E-3	-2,483593E-6
24,100000E-3	-2,280960E-6
24,800000E-3	-1,897483E-6
25,500000E-3	-1,842259E-6
26,200000E-3	-1,834164E-6
26,600000E-3	-1,709465E-6
27,300000E-3	-1,391742E-6
28,000000E-3	-1,233360E-6
28,700000E-3	-1,333470E-6
29,000000E-3	-1,406437E-6
29,800000E-3	-1,360378E-6
30,400000E-3	-1,076248E-6
31,100000E-3	-1,122685E-6
31,800000E-3	-1,076337E-6
32,500000E-3	-1,112383E-6
32,800000E-3	-820,892274E-9
33,400000E-3	-840,163488E-9
34,300000E-3	-913,976146E-9
34,900000E-3	-733,319133E-9
35,200000E-3	-788,251713E-9
36,200000E-3	-995,881582E-9
37,000000E-3	-1,281402E-6
37,400000E-3	-1,071444E-6
38,000000E-3	-532,669521E-9
38,700000E-3	-377,111299E-9
39,400000E-3	-178,879682E-9
39,700000E-3	29,434065E-9
40,400000E-3	233,698204E-9
41,000000E-3	378,024586E-9
41,800000E-3	468,281655E-9
42,500000E-3	539,270868E-9
42,800000E-3	653,514503E-9
43,500000E-3	796,787596E-9
44,200000E-3	915,625379E-9
44,900000E-3	1,108944E-6
45,600000E-3	1,568611E-6
45,900000E-3	1,954822E-6
46,800000E-3	2,253483E-6
47,300000E-3	2,456574E-6
48,000000E-3	2,776062E-6
48,700000E-3	2,908366E-6
49,400000E-3	3,185575E-6
49,700000E-3	3,522783E-6
50,400000E-3	3,747522E-6
51,100000E-3	3,916151E-6
51,800000E-3	4,026714E-6
52,200000E-3	4,240474E-6
53,100000E-3	4,454912E-6
53,800000E-3	4,640836E-6
54,200000E-3	4,806770E-6
54,900000E-3	4,855331E-6
55,600000E-3	4,820591E-6
56,000000E-3	4,862365E-6
56,700000E-3	4,949051E-6
57,500000E-3	4,833752E-6
58,000000E-3	4,910410E-6
58,300000E-3	5,054244E-6
59,400000E-3	5,137481E-6
59,700000E-3	5,089387E-6
60,500000E-3	4,846025E-6
61,100000E-3	4,866086E-6
61,800000E-3	5,039807E-6
62,500000E-3	5,167187E-6
62,800000E-3	5,302262E-6
63,900000E-3	5,395333E-6
64,600000E-3	5,522461E-6
64,900000E-3	5,874398E-6
65,600000E-3	6,101032E-6
66,300000E-3	6,277737E-6
66,600000E-3	6,363573E-6
67,300000E-3	6,254513E-6
68,000000E-3	6,283744E-6
68,700000E-3	6,075125E-6
69,400000E-3	5,925072E-6
70,100000E-3	5,901393E-6
70,500000E-3	5,910342E-6
71,100000E-3	6,382140E-6
71,700000E-3	6,854048E-6
72,500000E-3	7,210507E-6
73,200000E-3	7,586644E-6
73,600000E-3	7,941569E-6
74,300000E-3	8,195144E-6
74,900000E-3	8,405400E-6
75,400000E-3	8,391614E-6
76,200000E-3	8,168437E-6
76,900000E-3	8,037276E-6
77,300000E-3	8,304754E-6
78,000000E-3	8,483727E-6
78,700000E-3	8,453531E-6
79,100000E-3	8,564781E-6
79,800000E-3	8,762702E-6
80,600000E-3	8,898103E-6
81,200000E-3	9,031356E-6
81,900000E-3	9,055989E-6
82,200000E-3	9,062442E-6
82,900000E-3	9,206980E-6
83,600000E-3	9,302819E-6
84,300000E-3	9,414198E-6
85,000000E-3	9,331889E-6
85,700000E-3	9,044865E-6
86,100000E-3	9,064703E-6
86,600000E-3	9,264167E-6
87,500000E-3	9,271276E-6
88,200000E-3	9,028067E-6
88,500000E-3	9,034717E-6
89,300000E-3	9,246873E-6
89,800000E-3	9,456553E-6
90,200000E-3	9,441573E-6
91,100000E-3	9,312140E-6
91,600000E-3	9,418601E-6
92,300000E-3	9,699764E-6
92,900000E-3	10,003234E-6
93,600000E-3	10,522465E-6
94,000000E-3	10,816359E-6
94,700000E-3	10,639242E-6
95,400000E-3	10,427502E-6
96,000000E-3	10,313965E-6
96,400000E-3	10,185734E-6
97,400000E-3	10,071165E-6
97,800000E-3	10,073246E-6
98,500000E-3	10,186743E-6
99,100000E-3	10,198915E-6
99,800000E-3	10,067349E-6
100,300000E-3	9,960670E-6
101,100000E-3	10,136338E-6
101,400000E-3	10,531321E-6
102,200000E-3	10,752886E-6
102,800000E-3	10,996050E-6
103,500000E-3	11,180441E-6
103,900000E-3	11,138923E-6
104,600000E-3	11,037462E-6
105,400000E-3	11,138882E-6
106,100000E-3	11,389207E-6
106,400000E-3	11,387761E-6
107,200000E-3	11,225874E-6
107,900000E-3	11,226663E-6
108,600000E-3	11,252327E-6
109,000000E-3	11,138869E-6
109,700000E-3	10,844174E-6
110,100000E-3	10,410316E-6
110,800000E-3	10,027926E-6
111,500000E-3	9,968955E-6
112,100000E-3	10,075468E-6
113,000000E-3	10,112184E-6
113,400000E-3	10,215349E-6
114,100000E-3	10,233640E-6
114,100000E-3	10,302974E-6
115,200000E-3	10,314993E-6
116,000000E-3	10,347663E-6
116,400000E-3	10,635921E-6
117,100000E-3	10,963763E-6
117,800000E-3	11,239931E-6
118,500000E-3	11,389098E-6
118,900000E-3	11,592409E-6
119,600000E-3	11,849891E-6
120,000000E-3	12,044135E-6
120,900000E-3	12,220262E-6
121,400000E-3	12,291423E-6
122,200000E-3	12,174832E-6
122,500000E-3	12,073423E-6
123,300000E-3	12,151515E-6
124,000000E-3	12,250236E-6
124,400000E-3	12,267399E-6
125,000000E-3	12,434351E-6
125,800000E-3	12,748964E-6
126,500000E-3	13,017602E-6
127,200000E-3	13,283936E-6
127,500000E-3	13,497306E-6
128,300000E-3	13,530015E-6
128,800000E-3	13,398723E-6
129,500000E-3	13,122692E-6
130,400000E-3	12,879336E-6
130,800000E-3	12,826578E-6
131,200000E-3	12,771318E-6
131,900000E-3	12,706143E-6
132,600000E-3	12,798139E-6
133,400000E-3	12,917801E-6
133,700000E-3	12,792704E-6
134,500000E-3	12,654542E-6
135,200000E-3	12,663678E-6
135,900000E-3	12,518709E-6
136,300000E-3	12,276993E-6
136,900000E-3	12,263665E-6
137,500000E-3	12,495057E-6
138,400000E-3	12,784553E-6
138,700000E-3	12,929846E-6
139,500000E-3	12,908632E-6
139,900000E-3	12,792133E-6
140,800000E-3	12,667693E-6
141,300000E-3	12,688090E-6
142,100000E-3	12,738909E-6
142,300000E-3	12,848666E-6
143,100000E-3	12,979215E-6
143,800000E-3	13,027926E-6
144,500000E-3	12,929704E-6
145,200000E-3	12,824047E-6
145,600000E-3	12,793566E-6
146,300000E-3	12,852021E-6
147,100000E-3	12,882685E-6
147,800000E-3	12,783879E-6
148,200000E-3	12,559835E-6
148,900000E-3	12,270961E-6
149,600000E-3	11,997725E-6
150,300000E-3	11,744703E-6
150,700000E-3	11,529613E-6
151,000000E-3	11,507478E-6
152,000000E-3	11,587987E-6
152,800000E-3	11,671368E-6
153,100000E-3	11,598113E-6
153,900000E-3	11,432437E-6
154,600000E-3	11,322456E-6
155,000000E-3	11,329439E-6
155,800000E-3	11,370979E-6
156,400000E-3	11,416403E-6
156,900000E-3	11,383306E-6
157,800000E-3	11,339227E-6
158,300000E-3	11,201460E-6
158,700000E-3	11,033476E-6
159,300000E-3	10,856905E-6
160,100000E-3	10,834108E-6
160,800000E-3	10,921573E-6
161,500000E-3	11,152347E-6
161,700000E-3	11,341327E-6
161,900000E-3	11,441607E-6
163,100000E-3	11,525313E-6
163,700000E-3	11,610117E-6
164,400000E-3	11,715884E-6
165,100000E-3	11,677761E-6
165,500000E-3	11,541400E-6
166,200000E-3	11,351188E-6
167,000000E-3	11,178084E-6
167,300000E-3	11,106416E-6
168,000000E-3	11,058847E-6
168,600000E-3	11,074438E-6
169,500000E-3	11,139621E-6
169,900000E-3	11,332255E-6
170,600000E-3	11,594795E-6
171,000000E-3	11,821839E-6
171,700000E-3	11,862260E-6
172,400000E-3	11,833416E-6
173,100000E-3	11,865655E-6
173,500000E-3	11,865067E-6
174,200000E-3	11,820957E-6
175,000000E-3	11,889669E-6
175,700000E-3	12,086695E-6
176,000000E-3	12,285354E-6
176,800000E-3	12,459102E-6
177,300000E-3	12,686007E-6
178,200000E-3	12,993283E-6
178,600000E-3	13,270406E-6
179,300000E-3	13,390223E-6
179,700000E-3	13,457478E-6
180,400000E-3	13,487881E-6
181,100000E-3	13,551718E-6
181,800000E-3	13,619337E-6
181,800000E-3	13,698417E-6
183,100000E-3	13,765262E-6
183,600000E-3	13,836684E-6
184,000000E-3	13,761114E-6
184,700000E-3	13,590371E-6
185,500000E-3	13,364405E-6
185,800000E-3	13,259597E-6
186,700000E-3	13,310068E-6
187,200000E-3	13,450726E-6
188,000000E-3	13,611297E-6
188,300000E-3	13,739805E-6
189,100000E-3	13,829740E-6
189,500000E-3	13,844736E-6
190,600000E-3	13,852625E-6
191,000000E-3	13,949170E-6
191,700000E-3	14,062355E-6
192,400000E-3	14,163687E-6
193,200000E-3	14,243299E-6
193,500000E-3	14,251998E-6
194,300000E-3	14,235224E-6
195,000000E-3	14,173683E-6
195,500000E-3	14,069016E-6
196,400000E-3	13,913209E-6
196,800000E-3	13,722844E-6
197,200000E-3	13,616078E-6
197,900000E-3	13,556527E-6
198,700000E-3	13,513849E-6
199,400000E-3	13,391912E-6
200,200000E-3	13,236165E-6
200,500000E-3	13,032808E-6
200,900000E-3	12,858416E-6
201,600000E-3	12,697472E-6
202,500000E-3	12,632731E-6
203,100000E-3	12,596685E-6
203,400000E-3	12,621003E-6
204,200000E-3	12,671019E-6
204,900000E-3	12,713577E-6
205,600000E-3	12,759369E-6
205,900000E-3	12,720848E-6
206,600000E-3	12,654382E-6
207,400000E-3	12,556871E-6
208,100000E-3	12,498668E-6
208,500000E-3	12,523889E-6
209,200000E-3	12,586076E-6
209,900000E-3	12,674541E-6
210,300000E-3	12,733239E-6
210,700000E-3	12,762059E-6
211,700000E-3	12,734186E-6
212,400000E-3	12,684711E-6
212,700000E-3	12,642740E-6
213,500000E-3	12,569422E-6
214,200000E-3	12,538037E-6
215,000000E-3	12,412333E-6
215,400000E-3	12,325023E-6
216,100000E-3	12,172292E-6
216,500000E-3	12,107404E-6
217,200000E-3	12,075811E-6
218,000000E-3	12,081221E-6
218,700000E-3	12,186473E-6
219,100000E-3	12,302480E-6
219,800000E-3	12,421654E-6
220,200000E-3	12,551855E-6
221,000000E-3	12,606427E-6
221,600000E-3	12,611496E-6
222,100000E-3	12,544307E-6
223,100000E-3	12,463952E-6
223,800000E-3	12,401530E-6
224,200000E-3	12,394769E-6
224,500000E-3	12,417539E-6
224,900000E-3	12,475898E-6
226,000000E-3	12,503702E-6
226,600000E-3	12,501586E-6
227,400000E-3	12,507827E-6
227,700000E-3	12,532070E-6
227,700000E-3	12,557957E-6
229,200000E-3	12,580575E-6
229,700000E-3	12,582523E-6
230,500000E-3	12,557946E-6
230,800000E-3	12,568401E-6
231,500000E-3	12,581673E-6
232,300000E-3	12,677243E-6
232,300000E-3	12,817644E-6
233,500000E-3	13,005156E-6
234,300000E-3	13,143785E-6
234,300000E-3	13,240163E-6
234,300000E-3	13,340641E-6
235,900000E-3	13,481931E-6
236,600000E-3	13,625672E-6
237,400000E-3	13,754984E-6
237,700000E-3	13,875524E-6
238,500000E-3	13,960118E-6
239,200000E-3	14,036180E-6
240,000000E-3	14,056771E-6
240,400000E-3	14,026666E-6
240,700000E-3	13,953803E-6
241,400000E-3	13,841580E-6
241,400000E-3	13,758602E-6
242,800000E-3	13,675081E-6
243,500000E-3	13,567159E-6
244,200000E-3	13,439929E-6
244,900000E-3	13,329084E-6
245,300000E-3	13,263268E-6
246,100000E-3	13,204748E-6
246,400000E-3	13,170391E-6
247,200000E-3	13,230261E-6
247,900000E-3	13,295453E-6
248,300000E-3	13,356264E-6
249,100000E-3	13,400940E-6
249,700000E-3	13,424589E-6
250,200000E-3	13,442276E-6
250,900000E-3	13,507998E-6
251,400000E-3	13,572811E-6
252,100000E-3	13,660878E-6
252,900000E-3	13,796819E-6
253,600000E-3	13,893079E-6
254,000000E-3	13,979654E-6
254,700000E-3	14,055498E-6
255,100000E-3	14,131335E-6
255,900000E-3	14,176207E-6
256,600000E-3	14,222777E-6
257,400000E-3	14,293416E-6
257,700000E-3	14,313355E-6
258,400000E-3	14,352194E-6
258,900000E-3	14,395888E-6
259,500000E-3	14,433439E-6
260,300000E-3	14,466656E-6
261,000000E-3	14,517342E-6
261,400000E-3	14,594090E-6
262,200000E-3	14,696360E-6
262,500000E-3	14,807380E-6
263,300000E-3	14,938236E-6
264,000000E-3	15,037364E-6
264,800000E-3	15,113623E-6
265,200000E-3	15,145513E-6
265,900000E-3	15,163398E-6
266,300000E-3	15,166952E-6
267,000000E-3	15,128867E-6
267,800000E-3	15,153508E-6
268,500000E-3	15,166382E-6
268,900000E-3	15,202475E-6
269,700000E-3	15,297747E-6
270,000000E-3	15,420872E-6
270,800000E-3	15,525966E-6
271,500000E-3	15,610597E-6
272,300000E-3	15,694019E-6
272,700000E-3	15,766652E-6
273,400000E-3	15,852290E-6
273,800000E-3	15,896131E-6
274,500000E-3	15,948020E-6
275,300000E-3	15,972214E-6
276,000000E-3	15,951421E-6
276,400000E-3	15,979439E-6
277,100000E-3	15,942820E-6
277,500000E-3	15,850115E-6
278,200000E-3	15,813835E-6
279,000000E-3	15,715619E-6
279,700000E-3	15,657576E-6
280,500000E-3	15,579423E-6
280,900000E-3	15,509066E-6
281,600000E-3	15,461054E-6
282,000000E-3	15,356549E-6
282,700000E-3	15,255218E-6
283,500000E-3	15,181549E-6
284,200000E-3	15,125309E-6
284,600000E-3	15,085466E-6
285,400000E-3	15,081816E-6
285,700000E-3	15,055100E-6
286,500000E-3	15,043070E-6
287,200000E-3	15,055040E-6
288,000000E-3	15,056857E-6
288,400000E-3	15,048828E-6
288,400000E-3	15,075786E-6
289,700000E-3	15,098900E-6
290,500000E-3	15,143262E-6
291,300000E-3	15,210125E-6
291,700000E-3	15,301810E-6
292,100000E-3	15,433555E-6
292,700000E-3	15,579833E-6
293,600000E-3	15,668169E-6
294,200000E-3	15,762514E-6
294,700000E-3	15,841408E-6
295,400000E-3	15,907311E-6
295,700000E-3	15,917197E-6
296,500000E-3	15,924362E-6
297,200000E-3	15,879547E-6
298,000000E-3	15,810725E-6
298,500000E-3	15,714291E-6
299,100000E-3	15,660953E-6
299,500000E-3	15,504415E-6
