-501,000000E-3	21,679198E-6
-501,000000E-3	21,679126E-6
-501,200000E-3	21,670795E-6
-501,200000E-3	21,661853E-6
-501,100000E-3	21,661176E-6
-501,000000E-3	21,668772E-6
-500,700000E-3	21,677216E-6
-500,500000E-3	21,678708E-6
-500,200000E-3	21,676534E-6
-499,900000E-3	21,674796E-6
-499,500000E-3	21,672958E-6
-499,300000E-3	21,670964E-6
-498,900000E-3	21,668926E-6
-498,300000E-3	21,663889E-6
-498,000000E-3	21,659140E-6
-497,700000E-3	21,653629E-6
-496,900000E-3	21,641856E-6
-496,700000E-3	21,625543E-6
-496,200000E-3	21,612121E-6
-495,600000E-3	21,604508E-6
-495,100000E-3	21,602833E-6
-494,900000E-3	21,609918E-6
-494,400000E-3	21,618704E-6
-493,800000E-3	21,612244E-6
-493,200000E-3	21,586110E-6
-492,800000E-3	21,568781E-6
-492,200000E-3	21,567560E-6
-491,600000E-3	21,573161E-6
-491,000000E-3	21,573746E-6
-490,700000E-3	21,567582E-6
-490,000000E-3	21,557492E-6
-489,600000E-3	21,543488E-6
-489,000000E-3	21,528293E-6
-488,500000E-3	21,514506E-6
-487,900000E-3	21,505661E-6
-487,600000E-3	21,497106E-6
-487,000000E-3	21,478575E-6
-486,500000E-3	21,448198E-6
-485,800000E-3	21,420517E-6
-485,300000E-3	21,396049E-6
-485,000000E-3	21,373904E-6
-484,400000E-3	21,354169E-6
-483,800000E-3	21,340297E-6
-483,600000E-3	21,339582E-6
-483,000000E-3	21,344870E-6
-482,100000E-3	21,342137E-6
-481,800000E-3	21,335197E-6
-481,200000E-3	21,329249E-6
-480,700000E-3	21,321917E-6
-480,100000E-3	21,310166E-6
-479,800000E-3	21,290734E-6
-479,200000E-3	21,271825E-6
-478,600000E-3	21,255077E-6
-478,000000E-3	21,240871E-6
-477,400000E-3	21,229603E-6
-477,100000E-3	21,216685E-6
-476,500000E-3	21,201265E-6
-476,000000E-3	21,183182E-6
-475,300000E-3	21,165419E-6
-474,600000E-3	21,147289E-6
-474,400000E-3	21,133922E-6
-474,000000E-3	21,124381E-6
-473,500000E-3	21,113486E-6
-472,900000E-3	21,093800E-6
-472,200000E-3	21,069620E-6
-471,600000E-3	21,044445E-6
-471,300000E-3	21,019654E-6
-470,700000E-3	20,997956E-6
-470,100000E-3	20,980774E-6
-469,800000E-3	20,965890E-6
-469,200000E-3	20,949900E-6
-468,600000E-3	20,933548E-6
-468,000000E-3	20,918077E-6
-467,700000E-3	20,901208E-6
-467,100000E-3	20,880987E-6
-466,800000E-3	20,859993E-6
-466,200000E-3	20,842983E-6
-465,600000E-3	20,830482E-6
-465,000000E-3	20,819052E-6
-464,400000E-3	20,802341E-6
-464,100000E-3	20,777887E-6
-463,500000E-3	20,748246E-6
-462,900000E-3	20,721201E-6
-462,600000E-3	20,695321E-6
-462,000000E-3	20,670142E-6
-461,400000E-3	20,645649E-6
-460,700000E-3	20,618396E-6
-460,400000E-3	20,587061E-6
-459,800000E-3	20,554782E-6
-459,500000E-3	20,523780E-6
-458,800000E-3	20,493657E-6
-458,300000E-3	20,464160E-6
-457,700000E-3	20,436804E-6
-457,400000E-3	20,410553E-6
-456,900000E-3	20,382404E-6
-456,300000E-3	20,348277E-6
-455,600000E-3	20,310997E-6
-455,300000E-3	20,264757E-6
-454,700000E-3	20,213618E-6
-454,100000E-3	20,169767E-6
-453,500000E-3	20,132212E-6
-453,200000E-3	20,091197E-6
-452,600000E-3	20,041555E-6
-452,000000E-3	19,990108E-6
-451,400000E-3	19,942803E-6
-450,800000E-3	19,899315E-6
-450,200000E-3	19,858771E-6
-449,900000E-3	19,814131E-6
-449,300000E-3	19,774609E-6
-448,900000E-3	19,745270E-6
-448,100000E-3	19,719637E-6
-447,500000E-3	19,685082E-6
-447,200000E-3	19,644279E-6
-446,900000E-3	19,603092E-6
-446,300000E-3	19,560057E-6
-445,700000E-3	19,515765E-6
-445,100000E-3	19,473209E-6
-444,500000E-3	19,433059E-6
-444,200000E-3	19,394514E-6
-443,600000E-3	19,354655E-6
-443,000000E-3	19,311876E-6
-442,600000E-3	19,262812E-6
-442,000000E-3	19,213595E-6
-441,400000E-3	19,168940E-6
-440,900000E-3	19,123519E-6
-440,200000E-3	19,080221E-6
-439,600000E-3	19,042750E-6
-439,300000E-3	19,008076E-6
-438,700000E-3	18,973422E-6
-438,400000E-3	18,939274E-6
-437,800000E-3	18,904188E-6
-437,200000E-3	18,868149E-6
-436,600000E-3	18,833502E-6
-436,300000E-3	18,801568E-6
-435,700000E-3	18,772008E-6
-435,100000E-3	18,739351E-6
-434,500000E-3	18,705773E-6
-434,200000E-3	18,675921E-6
-433,600000E-3	18,646208E-6
-433,100000E-3	18,615294E-6
-432,400000E-3	18,586555E-6
-432,000000E-3	18,554997E-6
-431,500000E-3	18,523623E-6
-430,800000E-3	18,495818E-6
-430,600000E-3	18,468360E-6
-430,000000E-3	18,437837E-6
-429,400000E-3	18,405524E-6
-429,100000E-3	18,369935E-6
-428,500000E-3	18,330272E-6
-427,800000E-3	18,293504E-6
-427,200000E-3	18,261348E-6
-426,900000E-3	18,231548E-6
-426,300000E-3	18,202697E-6
-425,800000E-3	18,174520E-6
-425,200000E-3	18,146584E-6
-424,900000E-3	18,119974E-6
-424,200000E-3	18,093437E-6
-423,800000E-3	18,065634E-6
-423,100000E-3	18,037464E-6
-422,800000E-3	18,005608E-6
-422,200000E-3	17,968598E-6
-421,900000E-3	17,933089E-6
-421,200000E-3	17,900027E-6
-420,700000E-3	17,868724E-6
-420,300000E-3	17,836634E-6
-419,700000E-3	17,801512E-6
-419,100000E-3	17,762346E-6
-418,500000E-3	17,720985E-6
-417,900000E-3	17,687241E-6
-417,600000E-3	17,654530E-6
-417,000000E-3	17,622357E-6
-416,600000E-3	17,589603E-6
-415,800000E-3	17,553912E-6
-415,500000E-3	17,515572E-6
-414,900000E-3	17,474863E-6
-414,600000E-3	17,431319E-6
-414,000000E-3	17,392922E-6
-413,400000E-3	17,354774E-6
-412,800000E-3	17,318135E-6
-412,500000E-3	17,286158E-6
-411,900000E-3	17,254270E-6
-411,300000E-3	17,212321E-6
-410,600000E-3	17,174399E-6
-410,400000E-3	17,139052E-6
-409,800000E-3	17,106080E-6
-409,200000E-3	17,072642E-6
-408,600000E-3	17,040483E-6
-408,300000E-3	17,010234E-6
-407,700000E-3	16,979633E-6
-407,400000E-3	16,948057E-6
-406,800000E-3	16,913599E-6
-406,100000E-3	16,876965E-6
-405,600000E-3	16,843366E-6
-405,300000E-3	16,812813E-6
-404,600000E-3	16,781445E-6
-404,000000E-3	16,747692E-6
-403,400000E-3	16,714923E-6
-403,100000E-3	16,683980E-6
-402,500000E-3	16,653706E-6
-402,200000E-3	16,623489E-6
-401,400000E-3	16,592265E-6
-401,000000E-3	16,559467E-6
-400,400000E-3	16,529799E-6
-400,100000E-3	16,498605E-6
-399,500000E-3	16,467706E-6
-398,900000E-3	16,438040E-6
-398,200000E-3	16,407437E-6
-397,900000E-3	16,375419E-6
-397,300000E-3	16,340274E-6
-397,000000E-3	16,301153E-6
-396,400000E-3	16,263303E-6
-395,700000E-3	16,226257E-6
-395,100000E-3	16,196314E-6
-394,800000E-3	16,169426E-6
-394,200000E-3	16,140808E-6
-393,900000E-3	16,107477E-6
-393,300000E-3	16,072900E-6
-392,600000E-3	16,040149E-6
-392,000000E-3	16,009019E-6
-391,700000E-3	15,976486E-6
-391,100000E-3	15,944808E-6
-390,800000E-3	15,911503E-6
-390,100000E-3	15,879198E-6
-389,500000E-3	15,846172E-6
-389,000000E-3	15,814861E-6
-388,600000E-3	15,787634E-6
-388,000000E-3	15,758898E-6
-387,400000E-3	15,726289E-6
-386,800000E-3	15,694418E-6
-386,200000E-3	15,665361E-6
-385,900000E-3	15,638055E-6
-385,600000E-3	15,612414E-6
-385,000000E-3	15,587591E-6
-384,300000E-3	15,561649E-6
-383,700000E-3	15,534359E-6
-383,100000E-3	15,509512E-6
-382,800000E-3	15,488292E-6
-382,400000E-3	15,467214E-6
-381,800000E-3	15,444378E-6
-381,300000E-3	15,424261E-6
-380,800000E-3	15,407273E-6
-380,200000E-3	15,389299E-6
-379,900000E-3	15,369466E-6
-379,200000E-3	15,349258E-6
-378,600000E-3	15,329935E-6
-378,300000E-3	15,311537E-6
-377,700000E-3	15,295976E-6
-377,100000E-3	15,283745E-6
-376,500000E-3	15,272121E-6
-376,200000E-3	15,259084E-6
-375,500000E-3	15,247382E-6
-375,200000E-3	15,237599E-6
-374,600000E-3	15,229911E-6
-374,000000E-3	15,225159E-6
-373,400000E-3	15,219748E-6
-373,100000E-3	15,210072E-6
-372,500000E-3	15,199992E-6
-372,100000E-3	15,192707E-6
-371,300000E-3	15,189171E-6
-370,700000E-3	15,185712E-6
-370,400000E-3	15,176140E-6
-370,100000E-3	15,161692E-6
-369,500000E-3	15,149472E-6
-368,800000E-3	15,144098E-6
-368,200000E-3	15,145272E-6
-367,900000E-3	15,146682E-6
-367,300000E-3	15,144168E-6
-367,000000E-3	15,138550E-6
-366,300000E-3	15,130219E-6
-365,700000E-3	15,120007E-6
-365,100000E-3	15,112068E-6
-364,800000E-3	15,106694E-6
-364,100000E-3	15,102776E-6
-363,900000E-3	15,097824E-6
-363,200000E-3	15,091110E-6
-362,600000E-3	15,083555E-6
-362,000000E-3	15,075163E-6
-361,700000E-3	15,065437E-6
-361,000000E-3	15,055013E-6
-360,700000E-3	15,044819E-6
-360,100000E-3	15,035686E-6
-359,500000E-3	15,026559E-6
-359,000000E-3	15,016590E-6
-358,700000E-3	15,006270E-6
-358,000000E-3	14,995160E-6
-357,400000E-3	14,985045E-6
-357,100000E-3	14,976260E-6
-356,500000E-3	14,968169E-6
-356,200000E-3	14,961461E-6
-355,600000E-3	14,955054E-6
-355,000000E-3	14,947130E-6
-354,300000E-3	14,938500E-6
-354,000000E-3	14,932112E-6
-353,400000E-3	14,926805E-6
-352,700000E-3	14,920921E-6
-352,500000E-3	14,914993E-6
-351,900000E-3	14,910476E-6
-351,200000E-3	14,905929E-6
-350,900000E-3	14,897295E-6
-350,300000E-3	14,886758E-6
-350,000000E-3	14,882159E-6
-349,400000E-3	14,884840E-6
-348,700000E-3	14,888996E-6
-348,100000E-3	14,891573E-6
-347,800000E-3	14,893747E-6
-347,200000E-3	14,896696E-6
-346,800000E-3	14,900762E-6
-346,300000E-3	14,905121E-6
-345,600000E-3	14,909165E-6
-345,000000E-3	14,912678E-6
-344,600000E-3	14,914034E-6
-344,100000E-3	14,915771E-6
-343,800000E-3	14,919891E-6
-343,100000E-3	14,926325E-6
-342,500000E-3	14,934821E-6
-341,900000E-3	14,942169E-6
-341,600000E-3	14,948548E-6
-340,900000E-3	14,953983E-6
-340,600000E-3	14,960607E-6
-340,000000E-3	14,970359E-6
-339,400000E-3	14,981647E-6
-338,800000E-3	14,993763E-6
-338,400000E-3	15,005408E-6
-337,900000E-3	15,012968E-6
-337,500000E-3	15,018903E-6
-336,900000E-3	15,024843E-6
-336,300000E-3	15,030689E-6
-335,600000E-3	15,036796E-6
-335,300000E-3	15,044948E-6
-334,700000E-3	15,055217E-6
-334,400000E-3	15,064860E-6
-333,800000E-3	15,071772E-6
-333,100000E-3	15,078899E-6
-332,500000E-3	15,087657E-6
-332,200000E-3	15,100644E-6
-331,600000E-3	15,114058E-6
-331,300000E-3	15,124747E-6
-330,700000E-3	15,131292E-6
-330,000000E-3	15,135772E-6
-329,400000E-3	15,139921E-6
-329,100000E-3	15,144431E-6
-328,400000E-3	15,147805E-6
-328,200000E-3	15,152602E-6
-327,500000E-3	15,157464E-6
-326,900000E-3	15,159468E-6
-326,300000E-3	15,161057E-6
-325,700000E-3	15,161981E-6
-325,300000E-3	15,159001E-6
-325,000000E-3	15,153459E-6
-324,500000E-3	15,147849E-6
-323,800000E-3	15,146481E-6
-323,200000E-3	15,151136E-6
-322,900000E-3	15,155139E-6
-322,300000E-3	15,152860E-6
-322,000000E-3	15,146300E-6
-321,300000E-3	15,136875E-6
-320,700000E-3	15,128336E-6
-320,100000E-3	15,122308E-6
-319,800000E-3	15,117587E-6
-319,200000E-3	15,114408E-6
-318,900000E-3	15,113106E-6
-318,200000E-3	15,110079E-6
-317,600000E-3	15,104768E-6
-317,000000E-3	15,098636E-6
-316,700000E-3	15,092313E-6
-316,000000E-3	15,086874E-6
-315,700000E-3	15,082555E-6
-315,100000E-3	15,077277E-6
-314,500000E-3	15,070789E-6
-313,900000E-3	15,064242E-6
-313,500000E-3	15,059929E-6
-312,900000E-3	15,056203E-6
-312,600000E-3	15,052350E-6
-312,000000E-3	15,046725E-6
-311,400000E-3	15,039934E-6
-310,800000E-3	15,036244E-6
-310,400000E-3	15,037571E-6
-309,800000E-3	15,041021E-6
-309,500000E-3	15,045654E-6
-308,900000E-3	15,052694E-6
-308,300000E-3	15,060003E-6
-307,700000E-3	15,065483E-6
-307,400000E-3	15,066548E-6
-306,700000E-3	15,064934E-6
-306,400000E-3	15,065996E-6
-305,800000E-3	15,071973E-6
-305,200000E-3	15,082109E-6
-304,600000E-3	15,093488E-6
-304,200000E-3	15,103990E-6
-303,600000E-3	15,115734E-6
-303,300000E-3	15,132170E-6
-302,700000E-3	15,152076E-6
-302,100000E-3	15,171959E-6
-301,400000E-3	15,187188E-6
-301,100000E-3	15,200273E-6
-300,500000E-3	15,208103E-6
-300,200000E-3	15,212702E-6
-299,600000E-3	15,215091E-6
-298,900000E-3	15,214663E-6
-298,300000E-3	15,208975E-6
-298,000000E-3	15,196856E-6
-297,400000E-3	15,185269E-6
-297,100000E-3	15,179729E-6
-296,500000E-3	15,176680E-6
-295,800000E-3	15,174974E-6
-295,200000E-3	15,174814E-6
-294,900000E-3	15,174409E-6
-294,300000E-3	15,171558E-6
-294,000000E-3	15,166894E-6
-293,300000E-3	15,160951E-6
-292,700000E-3	15,154361E-6
-292,100000E-3	15,148757E-6
-291,700000E-3	15,142011E-6
-291,400000E-3	15,135224E-6
-290,800000E-3	15,129444E-6
-290,200000E-3	15,123080E-6
-289,600000E-3	15,115945E-6
-289,300000E-3	15,107954E-6
-288,700000E-3	15,100230E-6
-288,300000E-3	15,093425E-6
-287,800000E-3	15,084341E-6
-287,100000E-3	15,075250E-6
-286,500000E-3	15,070032E-6
-286,200000E-3	15,065056E-6
-285,600000E-3	15,058334E-6
-285,300000E-3	15,048237E-6
-284,700000E-3	15,032030E-6
-284,100000E-3	15,010887E-6
-283,400000E-3	14,992236E-6
-283,100000E-3	14,978772E-6
-282,500000E-3	14,965833E-6
-282,200000E-3	14,951277E-6
-281,600000E-3	14,935387E-6
-280,900000E-3	14,918409E-6
-280,300000E-3	14,903085E-6
-280,000000E-3	14,889827E-6
-279,400000E-3	14,881235E-6
-279,100000E-3	14,871602E-6
-278,400000E-3	14,857713E-6
-277,800000E-3	14,838491E-6
-277,200000E-3	14,817134E-6
-276,600000E-3	14,795140E-6
-276,300000E-3	14,776090E-6
-275,600000E-3	14,763117E-6
-275,400000E-3	14,755755E-6
-274,700000E-3	14,748072E-6
-274,100000E-3	14,737674E-6
-273,500000E-3	14,726322E-6
-273,100000E-3	14,710569E-6
-272,500000E-3	14,692708E-6
-272,200000E-3	14,673413E-6
-271,600000E-3	14,651585E-6
-271,000000E-3	14,627245E-6
-270,400000E-3	14,601557E-6
-270,000000E-3	14,575120E-6
-269,500000E-3	14,552865E-6
-268,900000E-3	14,530349E-6
-268,300000E-3	14,504674E-6
-268,100000E-3	14,475870E-6
-267,500000E-3	14,447153E-6
-266,900000E-3	14,416754E-6
-266,300000E-3	14,381014E-6
-266,100000E-3	14,343804E-6
-265,500000E-3	14,306913E-6
-264,900000E-3	14,271702E-6
-264,300000E-3	14,247690E-6
-263,700000E-3	14,232300E-6
-263,200000E-3	14,220058E-6
-262,900000E-3	14,204458E-6
-262,100000E-3	14,183604E-6
-261,800000E-3	14,156986E-6
-261,300000E-3	14,134220E-6
-260,700000E-3	14,114830E-6
-260,100000E-3	14,096787E-6
-259,800000E-3	14,075644E-6
-259,200000E-3	14,053031E-6
-258,700000E-3	14,032379E-6
-258,100000E-3	14,010375E-6
-257,700000E-3	13,987207E-6
-256,900000E-3	13,965394E-6
-256,600000E-3	13,945015E-6
-256,100000E-3	13,925295E-6
-255,500000E-3	13,903826E-6
-254,900000E-3	13,884566E-6
-254,600000E-3	13,863098E-6
-254,000000E-3	13,837308E-6
-253,400000E-3	13,809419E-6
-252,800000E-3	13,781842E-6
-252,200000E-3	13,749537E-6
-251,700000E-3	13,717593E-6
-251,200000E-3	13,684607E-6
-250,800000E-3	13,651401E-6
-250,200000E-3	13,618166E-6
-249,600000E-3	13,588750E-6
-249,400000E-3	13,561747E-6
-248,600000E-3	13,533518E-6
-248,000000E-3	13,507286E-6
-247,700000E-3	13,481189E-6
-247,100000E-3	13,451413E-6
-246,500000E-3	13,419546E-6
-246,200000E-3	13,383417E-6
-245,400000E-3	13,347179E-6
-244,800000E-3	13,315021E-6
-244,600000E-3	13,284508E-6
-244,000000E-3	13,251713E-6
-243,400000E-3	13,220122E-6
-243,200000E-3	13,190015E-6
-242,500000E-3	13,160490E-6
-242,000000E-3	13,132289E-6
-241,400000E-3	13,104228E-6
-240,800000E-3	13,075030E-6
-240,200000E-3	13,051730E-6
-240,000000E-3	13,029635E-6
-239,400000E-3	13,013443E-6
-238,800000E-3	13,004651E-6
-238,200000E-3	12,998138E-6
-237,800000E-3	12,987632E-6
-237,100000E-3	12,972872E-6
-236,800000E-3	12,955216E-6
-236,300000E-3	12,933563E-6
-235,700000E-3	12,910123E-6
-235,100000E-3	12,885344E-6
-234,600000E-3	12,861751E-6
-234,000000E-3	12,839111E-6
-233,400000E-3	12,813211E-6
-232,800000E-3	12,789955E-6
-232,600000E-3	12,767933E-6
-231,700000E-3	12,742079E-6
-231,400000E-3	12,714837E-6
-230,800000E-3	12,689427E-6
-230,300000E-3	12,659849E-6
-229,700000E-3	12,626056E-6
-229,400000E-3	12,592430E-6
-228,900000E-3	12,562937E-6
-228,300000E-3	12,537460E-6
-227,700000E-3	12,511514E-6
-227,100000E-3	12,485191E-6
-226,500000E-3	12,459670E-6
-226,300000E-3	12,433918E-6
-225,700000E-3	12,407054E-6
-225,100000E-3	12,382559E-6
-224,500000E-3	12,365515E-6
-224,300000E-3	12,353577E-6
-223,400000E-3	12,340812E-6
-223,100000E-3	12,321030E-6
-222,500000E-3	12,297609E-6
-222,000000E-3	12,270851E-6
-221,400000E-3	12,240458E-6
-221,100000E-3	12,207672E-6
-220,300000E-3	12,175227E-6
-220,000000E-3	12,144243E-6
-219,400000E-3	12,114695E-6
-218,900000E-3	12,083778E-6
-218,300000E-3	12,055137E-6
-218,000000E-3	12,027371E-6
-217,200000E-3	12,003910E-6
-216,900000E-3	11,984854E-6
-216,300000E-3	11,967088E-6
-215,700000E-3	11,948467E-6
-215,100000E-3	11,928823E-6
-214,800000E-3	11,908191E-6
-214,300000E-3	11,884659E-6
-213,700000E-3	11,860210E-6
-213,200000E-3	11,835994E-6
-212,800000E-3	11,812218E-6
-212,000000E-3	11,793674E-6
-211,600000E-3	11,779852E-6
-211,100000E-3	11,769512E-6
-210,600000E-3	11,761856E-6
-210,000000E-3	11,756428E-6
-209,700000E-3	11,749902E-6
-209,000000E-3	11,740121E-6
-208,300000E-3	11,730957E-6
-208,100000E-3	11,727636E-6
-207,500000E-3	11,726046E-6
-206,900000E-3	11,722074E-6
-206,600000E-3	11,719476E-6
-206,000000E-3	11,719956E-6
-205,400000E-3	11,721431E-6
-204,900000E-3	11,727554E-6
-204,600000E-3	11,738742E-6
-203,700000E-3	11,751936E-6
-203,500000E-3	11,764532E-6
-202,900000E-3	11,778206E-6
-202,200000E-3	11,796246E-6
-201,700000E-3	11,817448E-6
-201,500000E-3	11,839712E-6
-200,600000E-3	11,863338E-6
-200,300000E-3	11,890635E-6
-199,700000E-3	11,920026E-6
-199,100000E-3	11,947535E-6
-198,600000E-3	11,972619E-6
-198,300000E-3	11,996973E-6
-197,600000E-3	12,019329E-6
-197,100000E-3	12,042349E-6
-196,600000E-3	12,069466E-6
-196,100000E-3	12,098632E-6
-195,500000E-3	12,126691E-6
-195,200000E-3	12,153054E-6
-194,600000E-3	12,179059E-6
-194,100000E-3	12,212035E-6
-193,500000E-3	12,248726E-6
-193,000000E-3	12,284390E-6
-192,400000E-3	12,314985E-6
-192,100000E-3	12,341262E-6
-191,500000E-3	12,364915E-6
-190,900000E-3	12,392697E-6
-190,300000E-3	12,423854E-6
-189,800000E-3	12,454950E-6
-189,200000E-3	12,480990E-6
-188,600000E-3	12,498603E-6
-188,300000E-3	12,513472E-6
-187,800000E-3	12,528723E-6
-187,200000E-3	12,545945E-6
-186,600000E-3	12,562863E-6
-186,400000E-3	12,574067E-6
-185,500000E-3	12,581481E-6
-185,200000E-3	12,587192E-6
-184,600000E-3	12,591739E-6
-184,000000E-3	12,597890E-6
-183,500000E-3	12,605069E-6
-183,200000E-3	12,608398E-6
-182,400000E-3	12,609489E-6
-182,000000E-3	12,614012E-6
-181,800000E-3	12,622450E-6
-180,900000E-3	12,633349E-6
-180,400000E-3	12,644128E-6
-180,100000E-3	12,654817E-6
-179,400000E-3	12,667062E-6
-179,000000E-3	12,680093E-6
-178,700000E-3	12,693225E-6
-177,800000E-3	12,706841E-6
-177,500000E-3	12,721322E-6
-177,000000E-3	12,733393E-6
-176,400000E-3	12,743947E-6
-175,800000E-3	12,754027E-6
-175,500000E-3	12,762687E-6
-174,900000E-3	12,769291E-6
-174,100000E-3	12,778488E-6
-173,800000E-3	12,793788E-6
-173,300000E-3	12,808105E-6
-172,600000E-3	12,822891E-6
-172,100000E-3	12,840367E-6
-171,800000E-3	12,858639E-6
-171,100000E-3	12,876232E-6
-170,700000E-3	12,894537E-6
-170,100000E-3	12,912629E-6
-169,500000E-3	12,932542E-6
-168,900000E-3	12,952392E-6
-168,700000E-3	12,967302E-6
-168,100000E-3	12,976549E-6
-167,500000E-3	12,982571E-6
-167,000000E-3	12,984649E-6
-166,400000E-3	12,987591E-6
-165,800000E-3	12,993737E-6
-165,200000E-3	12,998790E-6
-164,900000E-3	13,001055E-6
-164,400000E-3	13,003777E-6
-163,800000E-3	13,007355E-6
-163,200000E-3	13,012667E-6
-162,700000E-3	13,017866E-6
-162,100000E-3	13,020403E-6
-161,800000E-3	13,019566E-6
-161,300000E-3	13,016158E-6
-160,700000E-3	13,011511E-6
-160,100000E-3	13,005560E-6
-159,700000E-3	12,997356E-6
-158,900000E-3	12,987621E-6
-158,600000E-3	12,979784E-6
-158,100000E-3	12,971154E-6
-157,500000E-3	12,958933E-6
-157,000000E-3	12,945363E-6
-156,700000E-3	12,931155E-6
-155,800000E-3	12,915006E-6
-155,500000E-3	12,895395E-6
-155,000000E-3	12,877800E-6
-154,400000E-3	12,861787E-6
-153,800000E-3	12,844584E-6
-153,600000E-3	12,827041E-6
-153,000000E-3	12,813235E-6
-152,400000E-3	12,801148E-6
-151,800000E-3	12,783303E-6
-151,500000E-3	12,761102E-6
-150,700000E-3	12,738476E-6
-150,400000E-3	12,712336E-6
-149,800000E-3	12,689602E-6
-149,300000E-3	12,660988E-6
-148,700000E-3	12,628654E-6
-148,400000E-3	12,597525E-6
-147,700000E-3	12,565736E-6
-146,900000E-3	12,533195E-6
-146,700000E-3	12,502105E-6
-146,100000E-3	12,477585E-6
-145,500000E-3	12,455713E-6
-145,000000E-3	12,438269E-6
-144,700000E-3	12,420586E-6
-143,800000E-3	12,402523E-6
-143,300000E-3	12,385297E-6
-142,900000E-3	12,370163E-6
-142,400000E-3	12,355992E-6
-141,800000E-3	12,338479E-6
-141,500000E-3	12,318366E-6
-140,800000E-3	12,298725E-6
-140,400000E-3	12,278119E-6
-139,800000E-3	12,249662E-6
-139,200000E-3	12,212364E-6
-138,700000E-3	12,173224E-6
-138,400000E-3	12,134064E-6
-137,700000E-3	12,094963E-6
-137,300000E-3	12,063165E-6
-136,700000E-3	12,035145E-6
-136,200000E-3	12,001947E-6
-135,500000E-3	11,961552E-6
-135,300000E-3	11,918503E-6
-134,700000E-3	11,878717E-6
-134,200000E-3	11,844836E-6
-133,600000E-3	11,812847E-6
-133,200000E-3	11,781562E-6
-132,400000E-3	11,744685E-6
-132,200000E-3	11,694314E-6
-131,600000E-3	11,644425E-6
-130,900000E-3	11,598410E-6
-130,400000E-3	11,557469E-6
-129,900000E-3	11,520756E-6
-129,500000E-3	11,478665E-6
-128,700000E-3	11,437389E-6
-128,400000E-3	11,389977E-6
-127,900000E-3	11,334700E-6
-127,300000E-3	11,283427E-6
-126,700000E-3	11,243106E-6
-126,500000E-3	11,210563E-6
-125,600000E-3	11,180551E-6
-125,300000E-3	11,143457E-6
-124,700000E-3	11,104217E-6
-124,100000E-3	11,055785E-6
-123,600000E-3	11,001523E-6
-123,000000E-3	10,950595E-6
-122,700000E-3	10,898945E-6
-121,900000E-3	10,852654E-6
-121,600000E-3	10,808410E-6
-121,000000E-3	10,759217E-6
-120,500000E-3	10,702712E-6
-119,900000E-3	10,655966E-6
-119,600000E-3	10,614833E-6
-118,900000E-3	10,574114E-6
-118,500000E-3	10,529124E-6
-118,000000E-3	10,478729E-6
-117,400000E-3	10,427128E-6
-116,800000E-3	10,371405E-6
-116,200000E-3	10,323877E-6
-115,600000E-3	10,281557E-6
-115,000000E-3	10,236161E-6
-114,500000E-3	10,187172E-6
-114,200000E-3	10,134015E-6
-113,500000E-3	10,075803E-6
-113,000000E-3	10,004695E-6
-112,400000E-3	9,935320E-6
-112,100000E-3	9,867262E-6
-111,300000E-3	9,800426E-6
-111,100000E-3	9,732365E-6
-110,500000E-3	9,662153E-6
-109,900000E-3	9,593172E-6
-109,300000E-3	9,531396E-6
-109,000000E-3	9,478346E-6
-108,200000E-3	9,431166E-6
-107,900000E-3	9,387450E-6
-107,300000E-3	9,345101E-6
-106,800000E-3	9,300633E-6
-106,200000E-3	9,253105E-6
-105,900000E-3	9,203036E-6
-105,300000E-3	9,152414E-6
-104,700000E-3	9,095334E-6
-104,200000E-3	9,034499E-6
-103,700000E-3	8,968162E-6
-103,100000E-3	8,907732E-6
-102,700000E-3	8,852226E-6
-102,200000E-3	8,796384E-6
-101,700000E-3	8,737470E-6
-101,100000E-3	8,669918E-6
-100,600000E-3	8,593361E-6
-99,900000E-3	8,530230E-6
-99,600000E-3	8,477661E-6
-99,000000E-3	8,433169E-6
-98,500000E-3	8,389038E-6
-97,900000E-3	8,339972E-6
-97,700000E-3	8,284190E-6
-96,800000E-3	8,225496E-6
-96,500000E-3	8,164688E-6
-95,900000E-3	8,101635E-6
-95,300000E-3	8,032332E-6
-94,800000E-3	7,963212E-6
-94,500000E-3	7,891428E-6
-93,900000E-3	7,824301E-6
-93,000000E-3	7,761054E-6
-92,800000E-3	7,700651E-6
-92,400000E-3	7,641709E-6
-91,600000E-3	7,582985E-6
-91,400000E-3	7,524369E-6
-90,800000E-3	7,466231E-6
-90,100000E-3	7,409128E-6
-89,600000E-3	7,349065E-6
-89,400000E-3	7,284113E-6
-88,600000E-3	7,215932E-6
-88,200000E-3	7,134504E-6
-87,600000E-3	7,049769E-6
-87,000000E-3	6,961198E-6
-86,400000E-3	6,868597E-6
-85,800000E-3	6,788233E-6
-85,500000E-3	6,701420E-6
-84,800000E-3	6,633656E-6
-84,500000E-3	6,565575E-6
-83,900000E-3	6,492058E-6
-83,300000E-3	6,415502E-6
-82,700000E-3	6,333579E-6
-82,500000E-3	6,242099E-6
-81,900000E-3	6,145194E-6
-81,300000E-3	6,036130E-6
-80,700000E-3	5,930552E-6
-80,200000E-3	5,829913E-6
-79,600000E-3	5,733793E-6
-79,100000E-3	5,638483E-6
-78,800000E-3	5,546299E-6
-78,200000E-3	5,456378E-6
-77,600000E-3	5,367507E-6
-77,000000E-3	5,285217E-6
-76,500000E-3	5,209803E-6
-76,200000E-3	5,138869E-6
-75,600000E-3	5,073280E-6
-75,000000E-3	5,008986E-6
-74,400000E-3	4,951288E-6
-73,800000E-3	4,893668E-6
-73,600000E-3	4,834655E-6
-73,000000E-3	4,770294E-6
-72,400000E-3	4,699771E-6
-72,000000E-3	4,612834E-6
-71,200000E-3	4,520137E-6
-70,700000E-3	4,421939E-6
-70,400000E-3	4,331950E-6
-69,700000E-3	4,251057E-6
-69,300000E-3	4,173461E-6
-68,700000E-3	4,090038E-6
-68,300000E-3	4,000005E-6
-67,500000E-3	3,912403E-6
-67,200000E-3	3,832654E-6
-66,700000E-3	3,760094E-6
-66,100000E-3	3,687677E-6
-65,500000E-3	3,623540E-6
-65,300000E-3	3,558816E-6
-64,400000E-3	3,494753E-6
-64,100000E-3	3,433929E-6
-63,500000E-3	3,371328E-6
-63,000000E-3	3,300535E-6
-62,400000E-3	3,232079E-6
-62,100000E-3	3,157813E-6
-61,500000E-3	3,075968E-6
-61,000000E-3	2,989334E-6
-60,400000E-3	2,899211E-6
-59,900000E-3	2,801767E-6
-59,300000E-3	2,695548E-6
-58,900000E-3	2,580142E-6
-58,400000E-3	2,461320E-6
-57,500000E-3	2,344220E-6
-57,300000E-3	2,232783E-6
-56,700000E-3	2,124693E-6
-56,100000E-3	2,013769E-6
-55,800000E-3	1,901353E-6
-55,300000E-3	1,781690E-6
-54,700000E-3	1,652398E-6
-54,100000E-3	1,531288E-6
-53,800000E-3	1,421518E-6
-53,000000E-3	1,316933E-6
-52,700000E-3	1,203481E-6
-52,100000E-3	1,092527E-6
-51,700000E-3	978,386128E-9
-51,000000E-3	870,909843E-9
-50,700000E-3	768,409463E-9
-50,100000E-3	669,987382E-9
-49,500000E-3	576,900785E-9
-49,000000E-3	479,656952E-9
-48,700000E-3	372,502377E-9
-47,800000E-3	262,837854E-9
-47,500000E-3	154,309588E-9
-46,900000E-3	47,211008E-9
-46,500000E-3	-62,374016E-9
-45,700000E-3	-173,512117E-9
-45,500000E-3	-284,329055E-9
-44,900000E-3	-394,623039E-9
-44,300000E-3	-502,734754E-9
-43,800000E-3	-606,851842E-9
-43,500000E-3	-704,327462E-9
-42,800000E-3	-799,465480E-9
-42,400000E-3	-893,563937E-9
-41,800000E-3	-982,268209E-9
-41,300000E-3	-1,080817E-6
-40,600000E-3	-1,182771E-6
-40,300000E-3	-1,294419E-6
-39,800000E-3	-1,411061E-6
-39,200000E-3	-1,525834E-6
-38,600000E-3	-1,626878E-6
-38,300000E-3	-1,715266E-6
-37,600000E-3	-1,802360E-6
-37,100000E-3	-1,894404E-6
-36,600000E-3	-1,991891E-6
-36,100000E-3	-2,101342E-6
-35,500000E-3	-2,203053E-6
-35,200000E-3	-2,305231E-6
-34,600000E-3	-2,408588E-6
-34,000000E-3	-2,519804E-6
-33,400000E-3	-2,627161E-6
-33,200000E-3	-2,738687E-6
-32,500000E-3	-2,849810E-6
-31,700000E-3	-2,956333E-6
-31,400000E-3	-3,055427E-6
-30,800000E-3	-3,149244E-6
-30,300000E-3	-3,243449E-6
-29,700000E-3	-3,336553E-6
-29,400000E-3	-3,423554E-6
-28,700000E-3	-3,505857E-6
-28,300000E-3	-3,595499E-6
-27,700000E-3	-3,680114E-6
-27,100000E-3	-3,763098E-6
-26,600000E-3	-3,844361E-6
-26,300000E-3	-3,929198E-6
-25,700000E-3	-4,001509E-6
-24,900000E-3	-4,061968E-6
-24,500000E-3	-4,113241E-6
-24,300000E-3	-4,163172E-6
-23,500000E-3	-4,214083E-6
-23,100000E-3	-4,267328E-6
-22,600000E-3	-4,322462E-6
-22,000000E-3	-4,377860E-6
-21,400000E-3	-4,434668E-6
-21,200000E-3	-4,486021E-6
-20,600000E-3	-4,532039E-6
-19,900000E-3	-4,579605E-6
-19,300000E-3	-4,627423E-6
-19,100000E-3	-4,668746E-6
-18,200000E-3	-4,704794E-6
-18,000000E-3	-4,738867E-6
-17,400000E-3	-4,773371E-6
-16,800000E-3	-4,810892E-6
-16,300000E-3	-4,841119E-6
-15,700000E-3	-4,863931E-6
-15,100000E-3	-4,880918E-6
-14,800000E-3	-4,894280E-6
-14,200000E-3	-4,904416E-6
-13,800000E-3	-4,913395E-6
-13,100000E-3	-4,923149E-6
-12,500000E-3	-4,931016E-6
-12,200000E-3	-4,933530E-6
-11,400000E-3	-4,929985E-6
-11,100000E-3	-4,921509E-6
-10,800000E-3	-4,914562E-6
-10,100000E-3	-4,915860E-6
-9,400000E-3	-4,920413E-6
-9,000000E-3	-4,923267E-6
-8,400000E-3	-4,924432E-6
-7,900000E-3	-4,921926E-6
-7,300000E-3	-4,912289E-6
-7,000000E-3	-4,892877E-6
-6,200000E-3	-4,866798E-6
-5,600000E-3	-4,838404E-6
-5,300000E-3	-4,806142E-6
-4,700000E-3	-4,777903E-6
-4,100000E-3	-4,750280E-6
-3,600000E-3	-4,722252E-6
-3,300000E-3	-4,690142E-6
-2,400000E-3	-4,658962E-6
-2,000000E-3	-4,630369E-6
-1,500000E-3	-4,599056E-6
-1,000000E-3	-4,566960E-6
-200,000000E-6	-4,535954E-6
0,000000E+0	-4,502556E-6
600,000000E-6	-4,473237E-6
1,200000E-3	-4,444803E-6
1,800000E-3	-4,414801E-6
2,400000E-3	-4,392073E-6
2,900000E-3	-4,374545E-6
3,500000E-3	-4,363481E-6
3,800000E-3	-4,354473E-6
4,400000E-3	-4,332366E-6
4,900000E-3	-4,290624E-6
5,500000E-3	-4,246843E-6
5,800000E-3	-4,203635E-6
6,700000E-3	-4,159398E-6
7,000000E-3	-4,112397E-6
7,500000E-3	-4,064624E-6
8,000000E-3	-4,020326E-6
8,700000E-3	-3,978609E-6
9,000000E-3	-3,938098E-6
9,600000E-3	-3,898106E-6
10,200000E-3	-3,859219E-6
10,700000E-3	-3,826282E-6
11,000000E-3	-3,795198E-6
11,200000E-3	-3,766339E-6
12,500000E-3	-3,734133E-6
12,800000E-3	-3,704129E-6
13,300000E-3	-3,669742E-6
14,000000E-3	-3,631684E-6
14,500000E-3	-3,585954E-6
14,800000E-3	-3,531408E-6
15,400000E-3	-3,473879E-6
16,000000E-3	-3,419190E-6
16,600000E-3	-3,368629E-6
16,800000E-3	-3,323067E-6
17,700000E-3	-3,280807E-6
17,700000E-3	-3,238397E-6
18,500000E-3	-3,194920E-6
19,100000E-3	-3,147952E-6
19,600000E-3	-3,094160E-6
19,900000E-3	-3,037040E-6
20,500000E-3	-2,981538E-6
21,100000E-3	-2,929432E-6
21,700000E-3	-2,881311E-6
21,900000E-3	-2,833024E-6
22,700000E-3	-2,782165E-6
23,100000E-3	-2,729008E-6
23,700000E-3	-2,674093E-6
24,200000E-3	-2,613342E-6
24,800000E-3	-2,555028E-6
25,100000E-3	-2,494884E-6
25,700000E-3	-2,432732E-6
26,300000E-3	-2,365474E-6
26,900000E-3	-2,290257E-6
27,300000E-3	-2,213466E-6
28,000000E-3	-2,145041E-6
28,300000E-3	-2,073203E-6
28,800000E-3	-2,004258E-6
29,400000E-3	-1,934052E-6
30,000000E-3	-1,863698E-6
30,300000E-3	-1,793985E-6
30,900000E-3	-1,726965E-6
31,400000E-3	-1,668371E-6
32,000000E-3	-1,616983E-6
32,400000E-3	-1,567350E-6
33,200000E-3	-1,512057E-6
33,400000E-3	-1,447285E-6
34,000000E-3	-1,378226E-6
34,600000E-3	-1,311248E-6
35,200000E-3	-1,248784E-6
35,500000E-3	-1,188128E-6
36,100000E-3	-1,127156E-6
36,600000E-3	-1,062516E-6
37,200000E-3	-1,008303E-6
37,700000E-3	-962,298933E-9
38,300000E-3	-914,857658E-9
38,700000E-3	-854,837963E-9
38,900000E-3	-785,518488E-9
39,800000E-3	-711,303858E-9
40,000000E-3	-631,767376E-9
40,900000E-3	-550,584975E-9
41,200000E-3	-467,834978E-9
42,000000E-3	-382,310441E-9
42,400000E-3	-295,220708E-9
42,600000E-3	-206,822235E-9
43,300000E-3	-119,915107E-9
44,100000E-3	-40,252691E-9
44,400000E-3	31,464082E-9
44,800000E-3	98,963127E-9
45,600000E-3	172,511838E-9
45,800000E-3	254,121759E-9
46,300000E-3	336,057659E-9
46,900000E-3	413,108091E-9
47,700000E-3	498,772006E-9
48,100000E-3	585,989481E-9
48,400000E-3	679,074809E-9
49,000000E-3	779,124571E-9
49,600000E-3	892,830219E-9
50,100000E-3	1,003330E-6
50,700000E-3	1,114475E-6
51,300000E-3	1,223768E-6
51,600000E-3	1,334056E-6
52,200000E-3	1,443364E-6
52,800000E-3	1,554410E-6
53,300000E-3	1,664104E-6
53,900000E-3	1,765744E-6
54,400000E-3	1,865403E-6
54,700000E-3	1,970228E-6
55,300000E-3	2,083605E-6
55,900000E-3	2,199101E-6
56,400000E-3	2,307997E-6
56,700000E-3	2,405791E-6
57,400000E-3	2,491170E-6
57,900000E-3	2,575992E-6
58,500000E-3	2,653519E-6
59,100000E-3	2,740198E-6
59,600000E-3	2,840607E-6
59,900000E-3	2,943249E-6
60,400000E-3	3,040215E-6
61,000000E-3	3,133816E-6
62,000000E-3	3,223552E-6
62,000000E-3	3,315744E-6
62,700000E-3	3,416105E-6
63,100000E-3	3,516757E-6
63,300000E-3	3,616759E-6
64,200000E-3	3,714650E-6
64,700000E-3	3,810581E-6
65,000000E-3	3,912205E-6
65,600000E-3	4,018775E-6
66,200000E-3	4,117594E-6
66,800000E-3	4,212095E-6
67,300000E-3	4,306665E-6
67,900000E-3	4,411941E-6
68,500000E-3	4,498983E-6
69,100000E-3	4,590093E-6
69,600000E-3	4,695400E-6
70,200000E-3	4,771661E-6
70,800000E-3	4,854554E-6
71,300000E-3	4,921422E-6
71,900000E-3	4,990270E-6
72,200000E-3	5,061658E-6
73,000000E-3	5,134936E-6
73,400000E-3	5,214250E-6
73,900000E-3	5,301501E-6
74,500000E-3	5,389542E-6
75,100000E-3	5,473702E-6
75,400000E-3	5,557205E-6
76,000000E-3	5,641447E-6
76,500000E-3	5,722868E-6
77,100000E-3	5,800768E-6
77,400000E-3	5,874673E-6
78,100000E-3	5,939548E-6
78,600000E-3	5,998689E-6
79,100000E-3	6,056828E-6
79,700000E-3	6,112543E-6
80,300000E-3	6,179389E-6
80,900000E-3	6,248729E-6
81,100000E-3	6,314214E-6
81,800000E-3	6,375530E-6
82,300000E-3	6,437707E-6
82,500000E-3	6,503488E-6
83,400000E-3	6,568186E-6
84,000000E-3	6,630616E-6
84,300000E-3	6,688522E-6
84,900000E-3	6,738804E-6
85,500000E-3	6,787105E-6
86,100000E-3	6,841267E-6
86,400000E-3	6,889912E-6
87,100000E-3	6,940885E-6
87,400000E-3	6,988617E-6
88,000000E-3	7,038194E-6
88,600000E-3	7,089083E-6
89,200000E-3	7,139931E-6
89,800000E-3	7,197802E-6
90,000000E-3	7,244927E-6
90,800000E-3	7,291843E-6
91,200000E-3	7,342855E-6
91,500000E-3	7,398930E-6
92,000000E-3	7,458669E-6
92,800000E-3	7,519953E-6
93,200000E-3	7,588055E-6
93,700000E-3	7,647467E-6
94,300000E-3	7,710697E-6
94,900000E-3	7,775107E-6
95,500000E-3	7,833151E-6
96,100000E-3	7,888996E-6
96,600000E-3	7,946010E-6
96,600000E-3	8,006160E-6
97,700000E-3	8,065716E-6
97,900000E-3	8,122730E-6
98,700000E-3	8,176506E-6
99,300000E-3	8,226303E-6
99,700000E-3	8,268181E-6
100,300000E-3	8,314920E-6
100,800000E-3	8,359744E-6
101,100000E-3	8,406308E-6
101,600000E-3	8,456033E-6
102,200000E-3	8,511891E-6
102,800000E-3	8,573341E-6
103,400000E-3	8,636478E-6
103,700000E-3	8,697277E-6
104,200000E-3	8,753105E-6
104,800000E-3	8,806900E-6
105,400000E-3	8,862602E-6
106,000000E-3	8,907971E-6
106,400000E-3	8,953600E-6
106,800000E-3	8,996757E-6
107,400000E-3	9,043546E-6
108,200000E-3	9,081719E-6
108,500000E-3	9,116026E-6
109,100000E-3	9,143201E-6
109,600000E-3	9,169495E-6
110,200000E-3	9,194391E-6
110,500000E-3	9,217799E-6
111,100000E-3	9,240126E-6
111,700000E-3	9,262334E-6
112,300000E-3	9,286742E-6
112,800000E-3	9,316218E-6
113,400000E-3	9,345880E-6
114,000000E-3	9,380398E-6
114,300000E-3	9,425240E-6
115,100000E-3	9,478041E-6
115,400000E-3	9,526589E-6
115,700000E-3	9,577658E-6
116,600000E-3	9,627459E-6
116,900000E-3	9,675855E-6
117,500000E-3	9,725126E-6
118,100000E-3	9,778347E-6
118,300000E-3	9,842770E-6
119,200000E-3	9,904226E-6
119,500000E-3	9,960735E-6
120,000000E-3	10,020260E-6
120,600000E-3	10,076063E-6
121,100000E-3	10,132831E-6
121,500000E-3	10,194779E-6
122,100000E-3	10,265614E-6
122,900000E-3	10,326933E-6
123,200000E-3	10,381571E-6
123,800000E-3	10,433042E-6
124,400000E-3	10,483805E-6
124,800000E-3	10,533184E-6
125,500000E-3	10,584504E-6
125,800000E-3	10,635006E-6
126,300000E-3	10,680132E-6
126,900000E-3	10,723234E-6
127,500000E-3	10,766340E-6
127,800000E-3	10,809390E-6
128,500000E-3	10,858789E-6
128,900000E-3	10,906135E-6
129,500000E-3	10,947301E-6
130,000000E-3	10,982684E-6
130,300000E-3	11,015583E-6
130,800000E-3	11,045914E-6
131,500000E-3	11,073501E-6
132,000000E-3	11,098411E-6
132,600000E-3	11,114429E-6
133,200000E-3	11,124872E-6
133,500000E-3	11,134587E-6
134,000000E-3	11,147350E-6
134,600000E-3	11,159925E-6
135,200000E-3	11,168888E-6
135,800000E-3	11,174213E-6
136,300000E-3	11,178193E-6
136,600000E-3	11,181513E-6
137,200000E-3	11,185300E-6
137,800000E-3	11,192790E-6
138,000000E-3	11,201361E-6
138,800000E-3	11,209529E-6
139,400000E-3	11,219250E-6
139,900000E-3	11,227370E-6
140,600000E-3	11,232945E-6
140,600000E-3	11,237669E-6
141,400000E-3	11,241150E-6
141,700000E-3	11,244191E-6
142,400000E-3	11,248271E-6
143,000000E-3	11,253996E-6
143,600000E-3	11,258762E-6
143,800000E-3	11,263151E-6
144,400000E-3	11,269672E-6
145,100000E-3	11,277041E-6
145,700000E-3	11,282122E-6
145,900000E-3	11,288151E-6
146,400000E-3	11,296204E-6
147,000000E-3	11,304688E-6
147,300000E-3	11,313820E-6
148,000000E-3	11,324971E-6
148,800000E-3	11,337571E-6
149,100000E-3	11,348070E-6
149,400000E-3	11,353920E-6
150,200000E-3	11,358242E-6
150,500000E-3	11,364066E-6
151,100000E-3	11,371245E-6
151,700000E-3	11,378357E-6
152,100000E-3	11,385251E-6
152,700000E-3	11,393537E-6
153,000000E-3	11,403238E-6
153,700000E-3	11,413786E-6
154,400000E-3	11,426354E-6
154,800000E-3	11,437485E-6
155,200000E-3	11,446274E-6
155,900000E-3	11,455825E-6
156,500000E-3	11,467645E-6
156,800000E-3	11,482912E-6
157,100000E-3	11,499916E-6
157,900000E-3	11,514130E-6
158,300000E-3	11,524522E-6
158,900000E-3	11,533048E-6
159,300000E-3	11,537640E-6
159,800000E-3	11,537738E-6
160,400000E-3	11,537671E-6
161,100000E-3	11,538110E-6
161,300000E-3	11,537984E-6
161,900000E-3	11,539631E-6
162,600000E-3	11,544667E-6
163,200000E-3	11,552422E-6
163,500000E-3	11,562147E-6
164,100000E-3	11,571453E-6
164,700000E-3	11,580429E-6
165,100000E-3	11,588647E-6
165,600000E-3	11,596462E-6
166,300000E-3	11,607194E-6
166,800000E-3	11,622285E-6
167,200000E-3	11,639239E-6
167,700000E-3	11,657253E-6
168,300000E-3	11,675979E-6
168,600000E-3	11,695337E-6
169,200000E-3	11,716815E-6
169,800000E-3	11,741322E-6
170,500000E-3	11,762708E-6
170,800000E-3	11,784426E-6
171,100000E-3	11,807068E-6
172,000000E-3	11,828774E-6
172,300000E-3	11,849942E-6
172,900000E-3	11,873135E-6
173,500000E-3	11,897503E-6
174,100000E-3	11,923218E-6
174,400000E-3	11,953674E-6
175,000000E-3	11,983853E-6
175,300000E-3	12,018389E-6
175,900000E-3	12,055980E-6
176,500000E-3	12,089930E-6
177,100000E-3	12,120507E-6
177,400000E-3	12,153553E-6
178,100000E-3	12,193245E-6
178,600000E-3	12,239555E-6
179,300000E-3	12,288385E-6
179,600000E-3	12,336552E-6
180,100000E-3	12,381591E-6
180,800000E-3	12,421660E-6
181,300000E-3	12,457781E-6
181,700000E-3	12,488875E-6
182,300000E-3	12,517441E-6
182,600000E-3	12,552794E-6
183,300000E-3	12,593416E-6
183,800000E-3	12,635198E-6
184,400000E-3	12,677718E-6
184,700000E-3	12,720438E-6
185,400000E-3	12,760218E-6
185,900000E-3	12,794841E-6
186,300000E-3	12,824197E-6
187,000000E-3	12,851673E-6
187,600000E-3	12,878021E-6
187,900000E-3	12,902378E-6
188,500000E-3	12,929595E-6
189,100000E-3	12,955324E-6
189,700000E-3	12,980506E-6
190,000000E-3	13,005395E-6
190,600000E-3	13,028245E-6
191,200000E-3	13,049635E-6
191,800000E-3	13,070668E-6
192,200000E-3	13,089162E-6
192,700000E-3	13,102482E-6
193,000000E-3	13,112378E-6
193,300000E-3	13,123139E-6
194,100000E-3	13,137543E-6
194,600000E-3	13,150156E-6
195,100000E-3	13,161501E-6
195,900000E-3	13,171654E-6
196,200000E-3	13,179684E-6
196,800000E-3	13,184368E-6
197,100000E-3	13,185338E-6
197,700000E-3	13,185060E-6
198,300000E-3	13,185562E-6
198,900000E-3	13,183736E-6
199,200000E-3	13,178557E-6
199,800000E-3	13,171462E-6
200,400000E-3	13,160888E-6
201,000000E-3	13,148581E-6
201,300000E-3	13,132979E-6
201,900000E-3	13,116636E-6
202,300000E-3	13,101081E-6
203,100000E-3	13,086503E-6
203,400000E-3	13,072679E-6
204,000000E-3	13,058863E-6
204,400000E-3	13,044541E-6
204,900000E-3	13,031211E-6
205,700000E-3	13,018667E-6
206,100000E-3	13,006525E-6
206,400000E-3	12,998813E-6
207,000000E-3	12,995292E-6
207,600000E-3	12,990293E-6
208,200000E-3	12,981682E-6
208,800000E-3	12,974873E-6
209,400000E-3	12,968137E-6
209,700000E-3	12,959655E-6
210,300000E-3	12,950901E-6
210,700000E-3	12,945362E-6
211,400000E-3	12,943160E-6
212,100000E-3	12,939457E-6
212,500000E-3	12,936108E-6
212,700000E-3	12,934441E-6
213,400000E-3	12,934049E-6
213,900000E-3	12,933902E-6
214,500000E-3	12,932459E-6
214,800000E-3	12,930314E-6
214,800000E-3	12,929120E-6
216,000000E-3	12,930279E-6
216,400000E-3	12,935337E-6
217,100000E-3	12,944098E-6
217,300000E-3	12,953380E-6
218,000000E-3	12,959216E-6
218,600000E-3	12,960783E-6
219,200000E-3	12,962913E-6
219,600000E-3	12,966406E-6
220,200000E-3	12,973396E-6
220,700000E-3	12,982022E-6
221,300000E-3	12,991173E-6
221,600000E-3	13,001790E-6
222,300000E-3	13,012927E-6
222,800000E-3	13,025295E-6
223,200000E-3	13,039167E-6
223,700000E-3	13,053818E-6
224,300000E-3	13,072069E-6
224,900000E-3	13,089321E-6
225,200000E-3	13,107056E-6
225,900000E-3	13,130415E-6
226,400000E-3	13,156312E-6
226,700000E-3	13,180219E-6
227,500000E-3	13,201518E-6
228,000000E-3	13,217887E-6
228,000000E-3	13,233257E-6
228,500000E-3	13,248980E-6
229,000000E-3	13,265846E-6
230,000000E-3	13,285320E-6
230,600000E-3	13,307262E-6
231,000000E-3	13,327505E-6
231,500000E-3	13,347366E-6
231,900000E-3	13,369547E-6
232,700000E-3	13,394567E-6
233,000000E-3	13,423933E-6
233,600000E-3	13,456410E-6
233,900000E-3	13,487141E-6
234,600000E-3	13,516060E-6
235,200000E-3	13,542740E-6
235,500000E-3	13,569862E-6
236,100000E-3	13,602041E-6
236,100000E-3	13,636991E-6
237,200000E-3	13,669842E-6
237,700000E-3	13,700430E-6
238,200000E-3	13,731057E-6
238,600000E-3	13,764752E-6
239,100000E-3	13,802300E-6
239,800000E-3	13,836832E-6
240,400000E-3	13,864590E-6
241,000000E-3	13,889640E-6
241,300000E-3	13,917720E-6
241,700000E-3	13,948040E-6
242,400000E-3	13,977180E-6
243,200000E-3	14,007384E-6
243,200000E-3	14,030713E-6
244,000000E-3	14,047284E-6
244,200000E-3	14,062735E-6
244,900000E-3	14,081391E-6
245,500000E-3	14,105427E-6
246,100000E-3	14,126152E-6
246,400000E-3	14,144640E-6
247,300000E-3	14,164232E-6
247,600000E-3	14,184043E-6
248,100000E-3	14,204026E-6
248,500000E-3	14,224908E-6
248,800000E-3	14,247037E-6
249,600000E-3	14,268314E-6
250,300000E-3	14,288117E-6
250,600000E-3	14,308477E-6
251,200000E-3	14,329321E-6
251,900000E-3	14,353044E-6
252,400000E-3	14,377022E-6
252,800000E-3	14,400846E-6
253,400000E-3	14,418050E-6
253,700000E-3	14,429167E-6
254,600000E-3	14,437978E-6
254,900000E-3	14,447554E-6
255,500000E-3	14,459373E-6
256,200000E-3	14,474525E-6
256,200000E-3	14,488769E-6
257,100000E-3	14,501592E-6
257,800000E-3	14,512894E-6
258,100000E-3	14,525430E-6
258,700000E-3	14,541067E-6
259,300000E-3	14,556455E-6
259,600000E-3	14,568385E-6
260,200000E-3	14,577331E-6
260,600000E-3	14,589667E-6
261,300000E-3	14,604812E-6
262,000000E-3	14,621276E-6
262,300000E-3	14,638459E-6
262,600000E-3	14,654229E-6
263,500000E-3	14,668899E-6
263,800000E-3	14,682074E-6
264,400000E-3	14,694823E-6
264,900000E-3	14,711625E-6
265,300000E-3	14,730833E-6
266,000000E-3	14,747302E-6
266,500000E-3	14,761956E-6
266,800000E-3	14,776772E-6
267,500000E-3	14,793294E-6
268,100000E-3	14,811446E-6
268,400000E-3	14,829204E-6
269,000000E-3	14,845590E-6
269,600000E-3	14,862804E-6
270,000000E-3	14,881860E-6
270,500000E-3	14,900900E-6
271,100000E-3	14,921454E-6
271,400000E-3	14,943108E-6
272,000000E-3	14,965918E-6
272,600000E-3	14,987003E-6
273,300000E-3	15,005860E-6
273,600000E-3	15,024661E-6
274,200000E-3	15,044019E-6
274,500000E-3	15,064881E-6
275,100000E-3	15,083892E-6
275,800000E-3	15,101125E-6
276,400000E-3	15,119761E-6
276,700000E-3	15,140334E-6
277,300000E-3	15,162706E-6
277,700000E-3	15,182116E-6
278,200000E-3	15,196032E-6
278,900000E-3	15,207906E-6
279,500000E-3	15,218897E-6
279,800000E-3	15,228756E-6
280,500000E-3	15,237474E-6
280,700000E-3	15,244450E-6
281,400000E-3	15,251584E-6
282,000000E-3	15,258553E-6
282,600000E-3	15,264171E-6
282,900000E-3	15,268779E-6
283,500000E-3	15,272423E-6
283,900000E-3	15,275009E-6
284,500000E-3	15,281080E-6
285,100000E-3	15,287551E-6
285,700000E-3	15,290367E-6
286,000000E-3	15,289899E-6
286,700000E-3	15,290253E-6
286,900000E-3	15,295598E-6
287,600000E-3	15,304275E-6
288,200000E-3	15,310365E-6
288,800000E-3	15,314644E-6
289,200000E-3	15,319783E-6
289,800000E-3	15,324936E-6
290,100000E-3	15,329339E-6
290,700000E-3	15,334662E-6
291,300000E-3	15,341606E-6
292,000000E-3	15,346992E-6
292,600000E-3	15,350221E-6
292,900000E-3	15,354158E-6
293,200000E-3	15,359166E-6
293,800000E-3	15,361912E-6
294,400000E-3	15,361830E-6
295,100000E-3	15,359943E-6
295,600000E-3	15,358131E-6
296,000000E-3	15,355603E-6
296,600000E-3	15,353015E-6
296,900000E-3	15,349386E-6
297,600000E-3	15,344544E-6
298,100000E-3	15,339997E-6
298,800000E-3	15,335163E-6
299,100000E-3	15,328900E-6
299,700000E-3	15,321349E-6
300,000000E-3	15,310967E-6
300,600000E-3	15,296895E-6
301,300000E-3	15,281127E-6
301,800000E-3	15,261991E-6
302,500000E-3	15,245062E-6
302,800000E-3	15,230527E-6
303,400000E-3	15,214082E-6
303,700000E-3	15,195714E-6
304,400000E-3	15,176702E-6
304,700000E-3	15,157784E-6
305,300000E-3	15,137480E-6
305,900000E-3	15,116591E-6
306,500000E-3	15,094090E-6
307,100000E-3	15,070482E-6
307,500000E-3	15,042407E-6
308,100000E-3	15,014686E-6
308,700000E-3	14,988570E-6
309,300000E-3	14,961203E-6
309,600000E-3	14,936145E-6
310,300000E-3	14,912649E-6
310,600000E-3	14,888466E-6
311,200000E-3	14,859742E-6
311,700000E-3	14,830192E-6
311,800000E-3	14,805007E-6
312,800000E-3	14,781519E-6
313,400000E-3	14,755717E-6
313,700000E-3	14,728355E-6
314,300000E-3	14,700865E-6
315,000000E-3	14,675870E-6
315,600000E-3	14,654050E-6
315,900000E-3	14,631481E-6
316,600000E-3	14,606721E-6
316,800000E-3	14,579342E-6
317,400000E-3	14,550827E-6
318,000000E-3	14,524171E-6
318,500000E-3	14,498515E-6
319,200000E-3	14,472963E-6
319,800000E-3	14,451252E-6
320,200000E-3	14,428941E-6
320,800000E-3	14,406538E-6
321,000000E-3	14,381749E-6
321,600000E-3	14,358758E-6
322,200000E-3	14,337622E-6
322,800000E-3	14,316184E-6
323,500000E-3	14,294288E-6
323,800000E-3	14,271269E-6
324,300000E-3	14,248124E-6
324,700000E-3	14,224476E-6
325,300000E-3	14,200304E-6
325,900000E-3	14,176674E-6
326,500000E-3	14,155445E-6
326,800000E-3	14,137406E-6
327,500000E-3	14,120090E-6
327,800000E-3	14,098779E-6
328,400000E-3	14,072692E-6
329,000000E-3	14,048824E-6
329,000000E-3	14,029275E-6
330,100000E-3	14,013329E-6
330,700000E-3	13,996307E-6
331,000000E-3	13,975168E-6
331,600000E-3	13,951442E-6
332,300000E-3	13,928671E-6
332,800000E-3	13,909717E-6
333,400000E-3	13,888154E-6
333,800000E-3	13,869383E-6
334,200000E-3	13,853993E-6
334,800000E-3	13,842176E-6
335,600000E-3	13,831291E-6
335,900000E-3	13,820050E-6
336,200000E-3	13,808370E-6
336,700000E-3	13,796511E-6
337,300000E-3	13,785618E-6
337,900000E-3	13,776304E-6
338,500000E-3	13,766679E-6
339,200000E-3	13,757773E-6
339,500000E-3	13,748906E-6
340,100000E-3	13,742836E-6
340,400000E-3	13,739240E-6
341,100000E-3	13,735212E-6
341,600000E-3	13,731350E-6
342,200000E-3	13,731543E-6
342,500000E-3	13,732344E-6
343,100000E-3	13,731696E-6
343,700000E-3	13,729904E-6
344,100000E-3	13,726429E-6
344,300000E-3	13,723006E-6
345,400000E-3	13,718722E-6
345,700000E-3	13,709598E-6
346,300000E-3	13,699575E-6
346,900000E-3	13,694812E-6
347,200000E-3	13,696514E-6
347,900000E-3	13,700327E-6
348,100000E-3	13,704033E-6
348,700000E-3	13,711582E-6
349,300000E-3	13,719504E-6
349,700000E-3	13,726813E-6
350,500000E-3	13,735751E-6
350,800000E-3	13,746531E-6
351,400000E-3	13,757874E-6
351,800000E-3	13,768411E-6
352,000000E-3	13,776180E-6
353,200000E-3	13,781839E-6
353,800000E-3	13,789299E-6
354,100000E-3	13,798030E-6
354,700000E-3	13,809519E-6
355,200000E-3	13,822158E-6
355,800000E-3	13,836922E-6
356,200000E-3	13,855569E-6
356,400000E-3	13,874811E-6
357,200000E-3	13,890676E-6
357,900000E-3	13,903269E-6
358,300000E-3	13,916432E-6
358,500000E-3	13,930656E-6
359,200000E-3	13,945997E-6
359,600000E-3	13,962416E-6
360,300000E-3	13,976968E-6
360,600000E-3	13,990222E-6
361,300000E-3	14,004361E-6
361,500000E-3	14,020254E-6
362,300000E-3	14,038355E-6
362,600000E-3	14,058181E-6
363,200000E-3	14,075951E-6
363,800000E-3	14,092505E-6
364,400000E-3	14,108324E-6
364,900000E-3	14,121021E-6
365,500000E-3	14,137235E-6
366,100000E-3	14,153398E-6
366,300000E-3	14,171537E-6
367,100000E-3	14,193474E-6
367,400000E-3	14,214829E-6
368,000000E-3	14,230032E-6
368,800000E-3	14,241598E-6
369,100000E-3	14,252946E-6
369,600000E-3	14,267279E-6
370,200000E-3	14,284801E-6
370,500000E-3	14,305703E-6
371,300000E-3	14,328171E-6
371,900000E-3	14,345664E-6
372,100000E-3	14,360973E-6
372,900000E-3	14,374813E-6
373,200000E-3	14,388121E-6
373,800000E-3	14,398602E-6
374,300000E-3	14,408713E-6
374,900000E-3	14,419983E-6
375,400000E-3	14,430868E-6
375,800000E-3	14,439478E-6
376,400000E-3	14,447051E-6
376,900000E-3	14,458450E-6
377,700000E-3	14,472594E-6
378,100000E-3	14,482029E-6
378,600000E-3	14,488178E-6
379,200000E-3	14,494935E-6
379,700000E-3	14,503296E-6
380,200000E-3	14,511206E-6
380,600000E-3	14,517874E-6
381,100000E-3	14,522078E-6
381,900000E-3	14,525854E-6
382,200000E-3	14,529279E-6
382,700000E-3	14,532120E-6
383,300000E-3	14,535010E-6
383,900000E-3	14,539205E-6
384,300000E-3	14,545428E-6
384,900000E-3	14,551165E-6
385,500000E-3	14,556566E-6
386,000000E-3	14,558925E-6
386,600000E-3	14,559959E-6
387,200000E-3	14,562096E-6
387,700000E-3	14,562794E-6
388,300000E-3	14,560506E-6
388,800000E-3	14,556837E-6
389,300000E-3	14,555475E-6
389,900000E-3	14,555393E-6
390,500000E-3	14,556133E-6
390,800000E-3	14,558171E-6
391,600000E-3	14,560447E-6
391,700000E-3	14,560652E-6
392,400000E-3	14,558976E-6
392,900000E-3	14,555653E-6
393,800000E-3	14,551168E-6
394,100000E-3	14,546849E-6
394,600000E-3	14,541823E-6
395,200000E-3	14,536584E-6
395,700000E-3	14,530839E-6
396,100000E-3	14,525911E-6
396,900000E-3	14,522443E-6
397,100000E-3	14,517511E-6
397,700000E-3	14,509098E-6
398,200000E-3	14,498926E-6
398,800000E-3	14,491980E-6
399,400000E-3	14,487368E-6
399,400000E-3	14,482218E-6
400,100000E-3	14,479650E-6
400,800000E-3	14,478491E-6
401,300000E-3	14,475435E-6
401,800000E-3	14,470637E-6
402,400000E-3	14,462040E-6
402,600000E-3	14,450070E-6
403,600000E-3	14,440330E-6
404,200000E-3	14,434406E-6
404,800000E-3	14,428034E-6
405,100000E-3	14,421614E-6
405,300000E-3	14,415407E-6
406,200000E-3	14,409664E-6
406,800000E-3	14,404530E-6
407,100000E-3	14,401040E-6
407,800000E-3	14,398123E-6
408,200000E-3	14,395000E-6
408,800000E-3	14,389184E-6
409,300000E-3	14,384010E-6
409,900000E-3	14,384333E-6
410,300000E-3	14,387771E-6
410,900000E-3	14,391754E-6
411,300000E-3	14,401301E-6
411,900000E-3	14,415965E-6
412,300000E-3	14,428249E-6
412,900000E-3	14,435551E-6
413,400000E-3	14,437320E-6
414,000000E-3	14,435794E-6
414,400000E-3	14,436592E-6
415,100000E-3	14,441656E-6
415,400000E-3	14,445770E-6
416,100000E-3	14,445492E-6
416,500000E-3	14,443228E-6
417,100000E-3	14,442119E-6
417,600000E-3	14,443712E-6
418,100000E-3	14,446069E-6
418,600000E-3	14,445307E-6
419,000000E-3	14,441937E-6
419,500000E-3	14,441925E-6
420,200000E-3	14,442681E-6
420,600000E-3	14,442114E-6
421,200000E-3	14,441176E-6
421,700000E-3	14,440903E-6
422,000000E-3	14,440017E-6
422,700000E-3	14,437962E-6
423,400000E-3	14,437042E-6
423,700000E-3	14,437741E-6
424,400000E-3	14,438039E-6
424,800000E-3	14,436626E-6
425,400000E-3	14,433268E-6
426,000000E-3	14,428906E-6
426,500000E-3	14,424050E-6
427,100000E-3	14,421023E-6
427,500000E-3	14,421191E-6
427,700000E-3	14,421081E-6
428,700000E-3	14,420028E-6
429,000000E-3	14,418604E-6
429,800000E-3	14,416666E-6
430,000000E-3	14,414602E-6
430,700000E-3	14,413975E-6
431,200000E-3	14,416700E-6
431,700000E-3	14,419690E-6
432,300000E-3	14,420589E-6
432,800000E-3	14,419367E-6
433,200000E-3	14,417204E-6
433,900000E-3	14,417888E-6
434,200000E-3	14,421253E-6
434,800000E-3	14,425959E-6
435,300000E-3	14,430344E-6
435,800000E-3	14,434178E-6
436,500000E-3	14,438609E-6
437,100000E-3	14,440566E-6
437,300000E-3	14,440877E-6
438,100000E-3	14,442702E-6
438,500000E-3	14,445830E-6
438,800000E-3	14,449035E-6
439,400000E-3	14,451760E-6
440,000000E-3	14,455126E-6
440,500000E-3	14,458430E-6
441,000000E-3	14,459872E-6
441,400000E-3	14,462061E-6
442,100000E-3	14,466324E-6
442,500000E-3	14,470744E-6
443,100000E-3	14,475308E-6
443,600000E-3	14,476988E-6
444,100000E-3	14,476552E-6
444,600000E-3	14,477741E-6
445,300000E-3	14,481527E-6
445,600000E-3	14,488583E-6
446,200000E-3	14,493798E-6
446,600000E-3	14,494379E-6
447,200000E-3	14,493099E-6
447,600000E-3	14,494277E-6
448,200000E-3	14,497461E-6
448,800000E-3	14,501376E-6
449,200000E-3	14,505221E-6
450,100000E-3	14,507866E-6
450,400000E-3	14,509052E-6
450,900000E-3	14,511433E-6
451,500000E-3	14,515737E-6
451,700000E-3	14,518155E-6
452,500000E-3	14,518332E-6
453,200000E-3	14,520424E-6
453,500000E-3	14,522686E-6
454,000000E-3	14,522636E-6
454,300000E-3	14,523156E-6
455,000000E-3	14,526447E-6
455,600000E-3	14,530518E-6
456,100000E-3	14,534659E-6
456,700000E-3	14,537713E-6
457,300000E-3	14,538258E-6
457,700000E-3	14,536942E-6
458,000000E-3	14,537600E-6
458,800000E-3	14,539958E-6
459,400000E-3	14,544052E-6
459,600000E-3	14,549195E-6
460,200000E-3	14,554740E-6
460,800000E-3	14,562524E-6
461,300000E-3	14,571833E-6
461,900000E-3	14,576056E-6
462,500000E-3	14,579787E-6
463,000000E-3	14,584967E-6
463,600000E-3	14,588725E-6
463,800000E-3	14,593533E-6
464,600000E-3	14,599615E-6
464,900000E-3	14,604790E-6
465,600000E-3	14,610684E-6
466,100000E-3	14,617106E-6
466,500000E-3	14,622897E-6
467,100000E-3	14,628776E-6
467,400000E-3	14,637394E-6
468,000000E-3	14,647823E-6
468,600000E-3	14,656641E-6
469,000000E-3	14,661841E-6
469,600000E-3	14,667721E-6
470,100000E-3	14,676312E-6
470,700000E-3	14,681700E-6
470,700000E-3	14,688484E-6
471,900000E-3	14,698324E-6
472,500000E-3	14,707899E-6
472,500000E-3	14,716736E-6
473,400000E-3	14,725818E-6
473,400000E-3	14,734311E-6
474,400000E-3	14,743008E-6
475,000000E-3	14,754338E-6
475,200000E-3	14,770554E-6
476,000000E-3	14,786372E-6
476,600000E-3	14,802104E-6
476,600000E-3	14,816922E-6
477,500000E-3	14,830877E-6
477,500000E-3	14,843785E-6
478,800000E-3	14,855387E-6
478,800000E-3	14,867458E-6
479,600000E-3	14,879495E-6
479,900000E-3	14,892859E-6
480,600000E-3	14,907164E-6
481,100000E-3	14,922724E-6
481,600000E-3	14,938413E-6
481,600000E-3	14,952952E-6
482,900000E-3	14,971115E-6
483,200000E-3	14,994751E-6
483,500000E-3	15,015148E-6
484,300000E-3	15,035023E-6
484,900000E-3	15,054166E-6
484,900000E-3	15,072718E-6
485,600000E-3	15,092958E-6
486,200000E-3	15,113135E-6
486,800000E-3	15,130984E-6
487,400000E-3	15,148427E-6
487,700000E-3	15,169597E-6
488,200000E-3	15,192925E-6
488,800000E-3	15,213349E-6
489,100000E-3	15,230215E-6
489,100000E-3	15,248627E-6
490,500000E-3	15,271077E-6
490,900000E-3	15,294714E-6
491,300000E-3	15,316555E-6
491,900000E-3	15,337702E-6
492,100000E-3	15,360029E-6
492,900000E-3	15,385380E-6
493,500000E-3	15,413508E-6
494,000000E-3	15,439499E-6
494,700000E-3	15,460127E-6
495,000000E-3	15,479184E-6
495,500000E-3	15,499396E-6
496,100000E-3	15,522887E-6
496,400000E-3	15,548820E-6
496,900000E-3	15,574958E-6
497,600000E-3	15,600417E-6
498,100000E-3	15,625118E-6
498,400000E-3	15,650873E-6
499,200000E-3	15,677017E-6
499,500000E-3	15,701978E-6
