-500,900000E-3	21,555775E-6
-500,900000E-3	21,576710E-6
-501,100000E-3	21,577089E-6
-501,200000E-3	21,576886E-6
-501,100000E-3	21,578348E-6
-501,000000E-3	21,582375E-6
-500,900000E-3	21,589805E-6
-500,500000E-3	21,599297E-6
-500,200000E-3	21,608010E-6
-500,100000E-3	21,609523E-6
-499,700000E-3	21,600551E-6
-499,100000E-3	21,585117E-6
-498,700000E-3	21,577015E-6
-498,200000E-3	21,574588E-6
-497,900000E-3	21,573983E-6
-497,400000E-3	21,568744E-6
-496,700000E-3	21,557312E-6
-496,500000E-3	21,546768E-6
-496,000000E-3	21,537668E-6
-495,400000E-3	21,526553E-6
-494,900000E-3	21,514799E-6
-494,600000E-3	21,510467E-6
-494,100000E-3	21,512161E-6
-493,600000E-3	21,516174E-6
-493,000000E-3	21,518354E-6
-492,600000E-3	21,514548E-6
-491,900000E-3	21,505108E-6
-491,700000E-3	21,493794E-6
-491,100000E-3	21,477369E-6
-490,300000E-3	21,455678E-6
-490,000000E-3	21,431204E-6
-489,700000E-3	21,411929E-6
-489,000000E-3	21,396939E-6
-488,300000E-3	21,383823E-6
-488,000000E-3	21,377581E-6
-487,400000E-3	21,375511E-6
-486,800000E-3	21,371022E-6
-486,300000E-3	21,359164E-6
-486,000000E-3	21,337311E-6
-485,400000E-3	21,313488E-6
-484,900000E-3	21,303873E-6
-484,300000E-3	21,300696E-6
-483,700000E-3	21,290320E-6
-483,100000E-3	21,267741E-6
-482,800000E-3	21,239616E-6
-482,300000E-3	21,217440E-6
-481,400000E-3	21,198748E-6
-480,800000E-3	21,179354E-6
-480,500000E-3	21,161811E-6
-480,000000E-3	21,149488E-6
-479,400000E-3	21,143441E-6
-478,800000E-3	21,137799E-6
-478,200000E-3	21,127079E-6
-477,700000E-3	21,106327E-6
-477,100000E-3	21,086329E-6
-476,500000E-3	21,071450E-6
-476,300000E-3	21,055773E-6
-475,700000E-3	21,031972E-6
-474,900000E-3	21,007439E-6
-474,500000E-3	20,992145E-6
-473,900000E-3	20,976639E-6
-473,400000E-3	20,951195E-6
-472,700000E-3	20,928233E-6
-472,500000E-3	20,906874E-6
-471,900000E-3	20,884769E-6
-471,200000E-3	20,859311E-6
-470,400000E-3	20,832644E-6
-469,900000E-3	20,810028E-6
-469,600000E-3	20,789433E-6
-468,700000E-3	20,765729E-6
-468,200000E-3	20,744944E-6
-467,800000E-3	20,732553E-6
-467,300000E-3	20,714499E-6
-466,700000E-3	20,680153E-6
-466,100000E-3	20,653941E-6
-465,500000E-3	20,631685E-6
-465,100000E-3	20,609585E-6
-464,500000E-3	20,588541E-6
-464,100000E-3	20,567259E-6
-463,600000E-3	20,540550E-6
-463,000000E-3	20,511265E-6
-462,400000E-3	20,476240E-6
-462,100000E-3	20,436549E-6
-461,500000E-3	20,405257E-6
-460,700000E-3	20,378830E-6
-460,400000E-3	20,359774E-6
-459,900000E-3	20,338296E-6
-459,200000E-3	20,310686E-6
-458,600000E-3	20,276614E-6
-458,000000E-3	20,239005E-6
-457,700000E-3	20,208385E-6
-457,200000E-3	20,179974E-6
-456,700000E-3	20,150304E-6
-456,300000E-3	20,118906E-6
-455,500000E-3	20,086600E-6
-455,200000E-3	20,052941E-6
-454,600000E-3	20,019647E-6
-454,000000E-3	19,984335E-6
-453,500000E-3	19,950307E-6
-453,200000E-3	19,913668E-6
-452,600000E-3	19,874209E-6
-451,700000E-3	19,831403E-6
-451,400000E-3	19,791789E-6
-450,800000E-3	19,752764E-6
-450,300000E-3	19,707903E-6
-449,700000E-3	19,668895E-6
-449,200000E-3	19,629927E-6
-448,900000E-3	19,590611E-6
-448,300000E-3	19,549543E-6
-447,700000E-3	19,510660E-6
-447,200000E-3	19,478468E-6
-446,600000E-3	19,448825E-6
-446,000000E-3	19,418045E-6
-445,700000E-3	19,384769E-6
-445,100000E-3	19,348091E-6
-444,600000E-3	19,305405E-6
-444,000000E-3	19,260238E-6
-443,700000E-3	19,218108E-6
-442,900000E-3	19,176539E-6
-442,600000E-3	19,136656E-6
-442,300000E-3	19,102132E-6
-441,600000E-3	19,072341E-6
-441,000000E-3	19,044727E-6
-440,500000E-3	19,017575E-6
-440,200000E-3	18,987194E-6
-439,400000E-3	18,950378E-6
-438,800000E-3	18,908539E-6
-438,500000E-3	18,865684E-6
-437,900000E-3	18,829028E-6
-437,400000E-3	18,799948E-6
-436,800000E-3	18,773122E-6
-436,500000E-3	18,745497E-6
-435,700000E-3	18,711251E-6
-435,300000E-3	18,676282E-6
-434,800000E-3	18,643517E-6
-434,200000E-3	18,611397E-6
-433,600000E-3	18,577146E-6
-433,300000E-3	18,541503E-6
-432,800000E-3	18,509383E-6
-432,200000E-3	18,479254E-6
-431,600000E-3	18,445022E-6
-431,300000E-3	18,408594E-6
-430,500000E-3	18,371046E-6
-430,200000E-3	18,339386E-6
-429,600000E-3	18,310598E-6
-429,100000E-3	18,280816E-6
-428,500000E-3	18,250815E-6
-428,200000E-3	18,222474E-6
-427,600000E-3	18,194932E-6
-427,000000E-3	18,166457E-6
-426,700000E-3	18,133549E-6
-425,900000E-3	18,099411E-6
-425,300000E-3	18,068044E-6
-425,000000E-3	18,035710E-6
-424,700000E-3	18,000002E-6
-423,900000E-3	17,965318E-6
-423,500000E-3	17,933790E-6
-422,900000E-3	17,904651E-6
-422,400000E-3	17,876491E-6
-421,800000E-3	17,849308E-6
-421,500000E-3	17,818806E-6
-420,900000E-3	17,789023E-6
-420,300000E-3	17,758462E-6
-419,700000E-3	17,726672E-6
-419,200000E-3	17,697895E-6
-418,700000E-3	17,668513E-6
-418,100000E-3	17,629169E-6
-417,800000E-3	17,584678E-6
-417,200000E-3	17,550945E-6
-416,600000E-3	17,518031E-6
-416,000000E-3	17,485269E-6
-415,700000E-3	17,456011E-6
-415,000000E-3	17,427506E-6
-414,600000E-3	17,399279E-6
-414,000000E-3	17,371813E-6
-413,400000E-3	17,341147E-6
-412,900000E-3	17,307913E-6
-412,600000E-3	17,275830E-6
-412,000000E-3	17,248184E-6
-411,500000E-3	17,220732E-6
-410,900000E-3	17,191721E-6
-410,600000E-3	17,159231E-6
-409,700000E-3	17,126662E-6
-409,500000E-3	17,093562E-6
-408,900000E-3	17,062816E-6
-408,300000E-3	17,033599E-6
-407,700000E-3	17,004832E-6
-407,100000E-3	16,973651E-6
-406,800000E-3	16,943695E-6
-406,200000E-3	16,915121E-6
-405,600000E-3	16,888518E-6
-405,100000E-3	16,863098E-6
-404,600000E-3	16,838840E-6
-404,200000E-3	16,813824E-6
-403,600000E-3	16,787925E-6
-403,200000E-3	16,760775E-6
-402,500000E-3	16,733118E-6
-402,200000E-3	16,706210E-6
-401,600000E-3	16,678455E-6
-401,100000E-3	16,645350E-6
-400,500000E-3	16,610839E-6
-400,200000E-3	16,581875E-6
-399,500000E-3	16,557110E-6
-398,800000E-3	16,532222E-6
-398,500000E-3	16,504433E-6
-397,900000E-3	16,471982E-6
-397,400000E-3	16,440429E-6
-396,800000E-3	16,408764E-6
-396,500000E-3	16,380255E-6
-395,600000E-3	16,351686E-6
-395,300000E-3	16,321493E-6
-395,000000E-3	16,291670E-6
-394,300000E-3	16,262336E-6
-393,900000E-3	16,231990E-6
-393,300000E-3	16,206236E-6
-392,800000E-3	16,181320E-6
-392,200000E-3	16,154706E-6
-391,600000E-3	16,125233E-6
-391,300000E-3	16,094822E-6
-390,700000E-3	16,064958E-6
-390,100000E-3	16,034327E-6
-389,600000E-3	16,006496E-6
-389,200000E-3	15,980267E-6
-388,400000E-3	15,953354E-6
-388,100000E-3	15,927707E-6
-387,600000E-3	15,903329E-6
-387,000000E-3	15,882030E-6
-386,400000E-3	15,863333E-6
-386,100000E-3	15,841691E-6
-385,500000E-3	15,814998E-6
-385,000000E-3	15,785372E-6
-384,400000E-3	15,758224E-6
-383,800000E-3	15,732955E-6
-383,300000E-3	15,707702E-6
-382,900000E-3	15,686184E-6
-382,400000E-3	15,668234E-6
-381,800000E-3	15,651424E-6
-381,600000E-3	15,635067E-6
-381,000000E-3	15,618181E-6
-380,400000E-3	15,602626E-6
-379,800000E-3	15,589371E-6
-379,300000E-3	15,578425E-6
-378,700000E-3	15,566131E-6
-378,100000E-3	15,548188E-6
-377,800000E-3	15,529297E-6
-377,200000E-3	15,514435E-6
-376,700000E-3	15,502483E-6
-376,100000E-3	15,489553E-6
-375,800000E-3	15,474761E-6
-375,300000E-3	15,459930E-6
-374,700000E-3	15,445677E-6
-374,000000E-3	15,432218E-6
-373,700000E-3	15,419063E-6
-373,200000E-3	15,403816E-6
-372,600000E-3	15,389107E-6
-372,200000E-3	15,375368E-6
-371,400000E-3	15,365535E-6
-370,900000E-3	15,358996E-6
-370,600000E-3	15,351447E-6
-370,000000E-3	15,343209E-6
-369,500000E-3	15,334281E-6
-369,200000E-3	15,325547E-6
-368,500000E-3	15,312899E-6
-367,700000E-3	15,298437E-6
-367,400000E-3	15,285841E-6
-366,900000E-3	15,275318E-6
-366,300000E-3	15,264374E-6
-366,000000E-3	15,251928E-6
-365,400000E-3	15,242426E-6
-364,800000E-3	15,238081E-6
-364,200000E-3	15,234139E-6
-363,900000E-3	15,226336E-6
-363,300000E-3	15,217475E-6
-362,800000E-3	15,207405E-6
-362,300000E-3	15,196199E-6
-361,700000E-3	15,185611E-6
-361,100000E-3	15,173323E-6
-360,800000E-3	15,158584E-6
-360,300000E-3	15,144574E-6
-359,600000E-3	15,133965E-6
-359,100000E-3	15,125954E-6
-358,800000E-3	15,119769E-6
-358,000000E-3	15,116312E-6
-357,700000E-3	15,110056E-6
-357,000000E-3	15,098154E-6
-356,800000E-3	15,086099E-6
-355,900000E-3	15,075236E-6
-355,600000E-3	15,065089E-6
-355,000000E-3	15,058367E-6
-354,500000E-3	15,055314E-6
-354,200000E-3	15,052139E-6
-353,600000E-3	15,042350E-6
-353,000000E-3	15,028442E-6
-352,200000E-3	15,016837E-6
-351,900000E-3	15,010680E-6
-351,300000E-3	15,005308E-6
-350,700000E-3	15,000723E-6
-350,200000E-3	14,994325E-6
-349,900000E-3	14,986356E-6
-349,300000E-3	14,978894E-6
-348,700000E-3	14,971800E-6
-348,100000E-3	14,964602E-6
-347,500000E-3	14,955974E-6
-347,000000E-3	14,948559E-6
-346,400000E-3	14,946425E-6
-346,100000E-3	14,948091E-6
-345,500000E-3	14,947334E-6
-345,000000E-3	14,941727E-6
-344,400000E-3	14,938278E-6
-344,200000E-3	14,937794E-6
-343,600000E-3	14,936219E-6
-343,000000E-3	14,933011E-6
-342,500000E-3	14,929381E-6
-341,800000E-3	14,928252E-6
-341,600000E-3	14,931281E-6
-341,000000E-3	14,935865E-6
-340,400000E-3	14,939397E-6
-339,800000E-3	14,940140E-6
-339,500000E-3	14,938266E-6
-338,900000E-3	14,936393E-6
-338,300000E-3	14,934732E-6
-337,800000E-3	14,931504E-6
-337,500000E-3	14,928674E-6
-336,600000E-3	14,928231E-6
-336,000000E-3	14,927158E-6
-335,700000E-3	14,927954E-6
-335,200000E-3	14,931618E-6
-334,600000E-3	14,933670E-6
-334,300000E-3	14,932976E-6
-333,800000E-3	14,932700E-6
-332,900000E-3	14,933232E-6
-332,600000E-3	14,932960E-6
-332,000000E-3	14,930992E-6
-331,600000E-3	14,925879E-6
-331,100000E-3	14,922370E-6
-330,500000E-3	14,924914E-6
-330,000000E-3	14,927211E-6
-329,400000E-3	14,923944E-6
-329,100000E-3	14,920471E-6
-328,500000E-3	14,919608E-6
-327,900000E-3	14,919862E-6
-327,300000E-3	14,919722E-6
-326,800000E-3	14,915339E-6
-326,200000E-3	14,909935E-6
-325,600000E-3	14,906003E-6
-325,300000E-3	14,903028E-6
-324,800000E-3	14,901852E-6
-324,300000E-3	14,900937E-6
-324,000000E-3	14,898007E-6
-323,400000E-3	14,893057E-6
-322,700000E-3	14,886803E-6
-322,100000E-3	14,880845E-6
-321,800000E-3	14,871694E-6
-321,200000E-3	14,861027E-6
-320,700000E-3	14,855121E-6
-320,200000E-3	14,852070E-6
-319,600000E-3	14,849196E-6
-319,000000E-3	14,843581E-6
-318,400000E-3	14,834390E-6
-318,100000E-3	14,823049E-6
-317,500000E-3	14,811431E-6
-317,000000E-3	14,810232E-6
-316,400000E-3	14,812468E-6
-315,900000E-3	14,810545E-6
-315,200000E-3	14,806323E-6
-315,000000E-3	14,800031E-6
-314,600000E-3	14,791000E-6
-313,800000E-3	14,781297E-6
-313,200000E-3	14,772213E-6
-313,000000E-3	14,763219E-6
-312,400000E-3	14,753411E-6
-311,800000E-3	14,743700E-6
-311,500000E-3	14,736164E-6
-310,700000E-3	14,730645E-6
-310,100000E-3	14,724622E-6
-309,800000E-3	14,716549E-6
-309,200000E-3	14,709162E-6
-308,700000E-3	14,707415E-6
-308,300000E-3	14,709186E-6
-307,800000E-3	14,711583E-6
-306,900000E-3	14,714237E-6
-306,700000E-3	14,718954E-6
-306,400000E-3	14,724510E-6
-305,700000E-3	14,728122E-6
-305,200000E-3	14,727312E-6
-304,600000E-3	14,724864E-6
-304,000000E-3	14,727523E-6
-303,400000E-3	14,731835E-6
-303,200000E-3	14,731936E-6
-302,600000E-3	14,729401E-6
-302,100000E-3	14,725237E-6
-301,500000E-3	14,721009E-6
-301,200000E-3	14,717648E-6
-300,300000E-3	14,712517E-6
-300,000000E-3	14,707251E-6
-299,600000E-3	14,701453E-6
-298,900000E-3	14,693181E-6
-298,300000E-3	14,685953E-6
-298,100000E-3	14,681852E-6
-297,500000E-3	14,680568E-6
-296,900000E-3	14,681719E-6
-296,300000E-3	14,681567E-6
-296,000000E-3	14,675433E-6
-295,200000E-3	14,660589E-6
-294,900000E-3	14,643144E-6
-294,300000E-3	14,631303E-6
-293,700000E-3	14,622063E-6
-293,400000E-3	14,610223E-6
-292,900000E-3	14,598408E-6
-292,300000E-3	14,587918E-6
-291,400000E-3	14,573673E-6
-291,100000E-3	14,556104E-6
-290,500000E-3	14,541737E-6
-290,100000E-3	14,530213E-6
-289,500000E-3	14,519317E-6
-289,200000E-3	14,513266E-6
-288,600000E-3	14,513241E-6
-287,700000E-3	14,509683E-6
-287,400000E-3	14,500758E-6
-286,800000E-3	14,485164E-6
-286,200000E-3	14,465145E-6
-286,000000E-3	14,443697E-6
-285,400000E-3	14,420426E-6
-284,800000E-3	14,397844E-6
-284,200000E-3	14,378693E-6
-283,900000E-3	14,366127E-6
-283,300000E-3	14,359516E-6
-282,800000E-3	14,351109E-6
-282,200000E-3	14,336910E-6
-281,900000E-3	14,322871E-6
-281,300000E-3	14,310842E-6
-280,600000E-3	14,291714E-6
-280,200000E-3	14,268818E-6
-279,600000E-3	14,248117E-6
-279,000000E-3	14,231516E-6
-278,400000E-3	14,217574E-6
-278,200000E-3	14,205454E-6
-277,600000E-3	14,195553E-6
-277,000000E-3	14,182329E-6
-276,700000E-3	14,166504E-6
-276,100000E-3	14,153321E-6
-275,600000E-3	14,141429E-6
-275,000000E-3	14,125790E-6
-274,600000E-3	14,105935E-6
-274,000000E-3	14,086490E-6
-273,500000E-3	14,071504E-6
-272,900000E-3	14,055822E-6
-272,600000E-3	14,031019E-6
-271,800000E-3	14,006011E-6
-271,300000E-3	13,983185E-6
-270,800000E-3	13,962578E-6
-270,500000E-3	13,945222E-6
-269,900000E-3	13,931673E-6
-269,300000E-3	13,914185E-6
-268,700000E-3	13,887701E-6
-268,100000E-3	13,856807E-6
-267,800000E-3	13,828756E-6
-267,200000E-3	13,807837E-6
-266,600000E-3	13,794726E-6
-266,000000E-3	13,782667E-6
-265,700000E-3	13,764508E-6
-265,100000E-3	13,739047E-6
-264,500000E-3	13,709313E-6
-264,200000E-3	13,683359E-6
-263,600000E-3	13,666119E-6
-263,300000E-3	13,652040E-6
-262,700000E-3	13,634350E-6
-262,100000E-3	13,613392E-6
-261,500000E-3	13,591793E-6
-260,900000E-3	13,571618E-6
-260,600000E-3	13,554550E-6
-260,000000E-3	13,536164E-6
-259,400000E-3	13,509658E-6
-258,800000E-3	13,480144E-6
-258,400000E-3	13,452132E-6
-257,900000E-3	13,428103E-6
-257,300000E-3	13,411113E-6
-256,900000E-3	13,397982E-6
-256,400000E-3	13,381086E-6
-255,700000E-3	13,362345E-6
-255,400000E-3	13,343413E-6
-254,700000E-3	13,319443E-6
-254,100000E-3	13,293801E-6
-253,900000E-3	13,267213E-6
-253,300000E-3	13,239839E-6
-252,600000E-3	13,212590E-6
-252,000000E-3	13,187038E-6
-251,400000E-3	13,162657E-6
-251,200000E-3	13,139404E-6
-250,700000E-3	13,117214E-6
-249,900000E-3	13,099063E-6
-249,300000E-3	13,078850E-6
-249,000000E-3	13,056410E-6
-248,400000E-3	13,030653E-6
-248,100000E-3	13,002222E-6
-247,500000E-3	12,975036E-6
-246,900000E-3	12,949115E-6
-246,300000E-3	12,926898E-6
-245,900000E-3	12,906289E-6
-245,400000E-3	12,878194E-6
-244,800000E-3	12,844959E-6
-244,500000E-3	12,811492E-6
-243,900000E-3	12,786068E-6
-243,300000E-3	12,766178E-6
-242,600000E-3	12,747229E-6
-242,100000E-3	12,724069E-6
-241,700000E-3	12,699404E-6
-241,100000E-3	12,674217E-6
-240,800000E-3	12,650793E-6
-240,000000E-3	12,629970E-6
-239,300000E-3	12,608051E-6
-239,000000E-3	12,586072E-6
-238,700000E-3	12,564442E-6
-238,000000E-3	12,546126E-6
-237,500000E-3	12,531613E-6
-236,900000E-3	12,513767E-6
-236,600000E-3	12,489728E-6
-236,000000E-3	12,465040E-6
-235,400000E-3	12,440832E-6
-234,700000E-3	12,416656E-6
-234,500000E-3	12,392086E-6
-234,200000E-3	12,367639E-6
-233,600000E-3	12,341934E-6
-232,800000E-3	12,317298E-6
-232,300000E-3	12,294061E-6
-231,700000E-3	12,274395E-6
-231,400000E-3	12,251786E-6
-230,800000E-3	12,225000E-6
-230,200000E-3	12,198340E-6
-229,700000E-3	12,174349E-6
-229,000000E-3	12,152903E-6
-228,700000E-3	12,132487E-6
-228,100000E-3	12,110412E-6
-227,500000E-3	12,090165E-6
-226,900000E-3	12,069106E-6
-226,600000E-3	12,050573E-6
-226,000000E-3	12,033493E-6
-225,600000E-3	12,015108E-6
-225,100000E-3	11,996271E-6
-224,400000E-3	11,977526E-6
-224,200000E-3	11,955492E-6
-223,500000E-3	11,931878E-6
-222,900000E-3	11,909588E-6
-222,300000E-3	11,891506E-6
-221,800000E-3	11,873635E-6
-221,400000E-3	11,853192E-6
-220,900000E-3	11,828532E-6
-220,200000E-3	11,803544E-6
-219,600000E-3	11,780071E-6
-219,300000E-3	11,759303E-6
-219,000000E-3	11,736824E-6
-218,300000E-3	11,711805E-6
-217,800000E-3	11,682914E-6
-217,200000E-3	11,657822E-6
-216,600000E-3	11,640288E-6
-216,300000E-3	11,627768E-6
-215,700000E-3	11,616147E-6
-215,100000E-3	11,600426E-6
-214,800000E-3	11,579377E-6
-214,200000E-3	11,555470E-6
-213,600000E-3	11,532746E-6
-213,000000E-3	11,513118E-6
-212,400000E-3	11,493402E-6
-212,100000E-3	11,475328E-6
-211,500000E-3	11,456905E-6
-210,900000E-3	11,440290E-6
-210,300000E-3	11,428514E-6
-209,700000E-3	11,422854E-6
-209,300000E-3	11,420900E-6
-209,100000E-3	11,417245E-6
-208,400000E-3	11,411149E-6
-207,700000E-3	11,404578E-6
-207,200000E-3	11,398686E-6
-206,700000E-3	11,394433E-6
-206,300000E-3	11,390944E-6
-205,700000E-3	11,386889E-6
-205,100000E-3	11,382669E-6
-204,500000E-3	11,380374E-6
-204,300000E-3	11,382879E-6
-203,600000E-3	11,386354E-6
-203,000000E-3	11,391285E-6
-202,500000E-3	11,396592E-6
-201,800000E-3	11,400320E-6
-201,500000E-3	11,402024E-6
-200,900000E-3	11,402133E-6
-200,300000E-3	11,404135E-6
-199,700000E-3	11,410665E-6
-199,100000E-3	11,422913E-6
-198,800000E-3	11,435026E-6
-198,300000E-3	11,447113E-6
-197,700000E-3	11,455028E-6
-197,300000E-3	11,460069E-6
-196,700000E-3	11,468550E-6
-196,200000E-3	11,480217E-6
-195,800000E-3	11,490057E-6
-195,200000E-3	11,498677E-6
-194,600000E-3	11,509160E-6
-194,000000E-3	11,520475E-6
-193,700000E-3	11,532991E-6
-193,000000E-3	11,547527E-6
-192,400000E-3	11,561685E-6
-191,800000E-3	11,573459E-6
-191,500000E-3	11,582269E-6
-190,900000E-3	11,593107E-6
-190,400000E-3	11,606631E-6
-189,700000E-3	11,618346E-6
-189,400000E-3	11,625556E-6
-188,800000E-3	11,628286E-6
-188,500000E-3	11,630508E-6
-187,800000E-3	11,637512E-6
-187,300000E-3	11,643503E-6
-186,700000E-3	11,645113E-6
-186,400000E-3	11,644087E-6
-185,800000E-3	11,642917E-6
-185,100000E-3	11,644503E-6
-184,700000E-3	11,646710E-6
-184,400000E-3	11,648478E-6
-183,700000E-3	11,648819E-6
-183,100000E-3	11,646577E-6
-182,500000E-3	11,643105E-6
-181,900000E-3	11,639973E-6
-181,300000E-3	11,640513E-6
-181,000000E-3	11,642688E-6
-180,400000E-3	11,644430E-6
-179,800000E-3	11,643821E-6
-179,200000E-3	11,638766E-6
-178,900000E-3	11,632137E-6
-178,300000E-3	11,630486E-6
-177,900000E-3	11,635721E-6
-177,100000E-3	11,643413E-6
-176,800000E-3	11,649192E-6
-176,100000E-3	11,651399E-6
-175,800000E-3	11,652120E-6
-175,200000E-3	11,653620E-6
-174,600000E-3	11,656920E-6
-174,000000E-3	11,659486E-6
-173,700000E-3	11,658331E-6
-173,100000E-3	11,658024E-6
-172,500000E-3	11,661698E-6
-171,900000E-3	11,662437E-6
-171,300000E-3	11,660092E-6
-171,000000E-3	11,658149E-6
-170,400000E-3	11,658483E-6
-170,000000E-3	11,659153E-6
-169,500000E-3	11,657937E-6
-168,800000E-3	11,654654E-6
-168,200000E-3	11,653358E-6
-168,000000E-3	11,653494E-6
-167,300000E-3	11,652736E-6
-166,700000E-3	11,651175E-6
-166,100000E-3	11,650879E-6
-165,800000E-3	11,648392E-6
-165,100000E-3	11,641785E-6
-164,900000E-3	11,635156E-6
-164,300000E-3	11,633410E-6
-163,600000E-3	11,634610E-6
-163,400000E-3	11,630352E-6
-162,800000E-3	11,618753E-6
-162,200000E-3	11,605354E-6
-161,600000E-3	11,596950E-6
-161,300000E-3	11,591767E-6
-160,700000E-3	11,582501E-6
-160,300000E-3	11,568470E-6
-159,600000E-3	11,555889E-6
-159,200000E-3	11,546025E-6
-158,500000E-3	11,533661E-6
-158,200000E-3	11,515181E-6
-157,600000E-3	11,494855E-6
-157,000000E-3	11,477088E-6
-156,300000E-3	11,460588E-6
-156,000000E-3	11,445652E-6
-155,400000E-3	11,432936E-6
-155,100000E-3	11,417103E-6
-154,500000E-3	11,398221E-6
-153,800000E-3	11,376448E-6
-153,300000E-3	11,357048E-6
-152,900000E-3	11,340888E-6
-152,300000E-3	11,325414E-6
-152,000000E-3	11,309486E-6
-151,400000E-3	11,290245E-6
-150,800000E-3	11,264383E-6
-150,100000E-3	11,237847E-6
-149,600000E-3	11,211773E-6
-149,200000E-3	11,189386E-6
-148,500000E-3	11,168747E-6
-148,300000E-3	11,147284E-6
-147,700000E-3	11,126398E-6
-147,100000E-3	11,103783E-6
-146,400000E-3	11,081907E-6
-146,100000E-3	11,059874E-6
-145,500000E-3	11,035626E-6
-145,200000E-3	11,010427E-6
-144,600000E-3	10,983792E-6
-143,900000E-3	10,956450E-6
-143,300000E-3	10,933375E-6
-142,700000E-3	10,909523E-6
-142,100000E-3	10,887702E-6
-141,800000E-3	10,860711E-6
-141,100000E-3	10,829617E-6
-140,800000E-3	10,795389E-6
-140,200000E-3	10,757024E-6
-139,600000E-3	10,719080E-6
-138,900000E-3	10,683943E-6
-138,600000E-3	10,649108E-6
-138,000000E-3	10,613954E-6
-137,700000E-3	10,577709E-6
-137,100000E-3	10,542662E-6
-136,400000E-3	10,510493E-6
-135,800000E-3	10,481703E-6
-135,500000E-3	10,453793E-6
-135,200000E-3	10,424984E-6
-134,600000E-3	10,394884E-6
-134,000000E-3	10,353831E-6
-133,400000E-3	10,314005E-6
-132,700000E-3	10,274174E-6
-132,100000E-3	10,235179E-6
-131,800000E-3	10,197761E-6
-131,500000E-3	10,162816E-6
-130,900000E-3	10,131031E-6
-130,200000E-3	10,096648E-6
-129,700000E-3	10,061208E-6
-129,000000E-3	10,024824E-6
-128,700000E-3	9,988281E-6
-128,100000E-3	9,950662E-6
-127,800000E-3	9,906181E-6
-127,200000E-3	9,859873E-6
-126,500000E-3	9,815353E-6
-125,900000E-3	9,775997E-6
-125,300000E-3	9,736746E-6
-125,000000E-3	9,700882E-6
-124,700000E-3	9,665153E-6
-124,100000E-3	9,627514E-6
-123,500000E-3	9,580156E-6
-122,800000E-3	9,541884E-6
-122,200000E-3	9,503330E-6
-121,900000E-3	9,461120E-6
-121,300000E-3	9,419601E-6
-120,900000E-3	9,374174E-6
-120,300000E-3	9,330420E-6
-119,700000E-3	9,287054E-6
-119,100000E-3	9,238753E-6
-118,800000E-3	9,188988E-6
-118,100000E-3	9,140835E-6
-117,900000E-3	9,093958E-6
-117,200000E-3	9,049833E-6
-116,600000E-3	9,005825E-6
-116,000000E-3	8,959184E-6
-115,600000E-3	8,917331E-6
-115,000000E-3	8,877005E-6
-114,700000E-3	8,832989E-6
-114,200000E-3	8,782914E-6
-113,500000E-3	8,728723E-6
-113,000000E-3	8,675805E-6
-112,600000E-3	8,617575E-6
-111,900000E-3	8,562083E-6
-111,400000E-3	8,507363E-6
-111,000000E-3	8,453153E-6
-110,400000E-3	8,397621E-6
-109,800000E-3	8,347466E-6
-109,200000E-3	8,295918E-6
-108,900000E-3	8,244870E-6
-108,200000E-3	8,193480E-6
-107,900000E-3	8,143999E-6
-107,300000E-3	8,100720E-6
-106,700000E-3	8,057342E-6
-106,100000E-3	8,006364E-6
-105,700000E-3	7,954029E-6
-105,100000E-3	7,906013E-6
-104,800000E-3	7,861548E-6
-104,200000E-3	7,819237E-6
-103,600000E-3	7,765390E-6
-103,000000E-3	7,713688E-6
-102,600000E-3	7,658791E-6
-102,000000E-3	7,598857E-6
-101,400000E-3	7,544750E-6
-100,800000E-3	7,492920E-6
-100,500000E-3	7,439808E-6
-99,800000E-3	7,380665E-6
-99,200000E-3	7,324824E-6
-98,600000E-3	7,270311E-6
-98,300000E-3	7,213508E-6
-97,700000E-3	7,159542E-6
-97,300000E-3	7,103588E-6
-96,700000E-3	7,044839E-6
-96,100000E-3	6,985163E-6
-95,400000E-3	6,926687E-6
-95,100000E-3	6,865968E-6
-94,500000E-3	6,812141E-6
-94,200000E-3	6,758568E-6
-93,500000E-3	6,704612E-6
-93,000000E-3	6,646196E-6
-92,300000E-3	6,587934E-6
-91,700000E-3	6,525863E-6
-91,400000E-3	6,468659E-6
-90,800000E-3	6,416164E-6
-90,500000E-3	6,361708E-6
-89,900000E-3	6,302078E-6
-89,200000E-3	6,237023E-6
-88,900000E-3	6,167082E-6
-88,300000E-3	6,096791E-6
-88,000000E-3	6,026745E-6
-87,400000E-3	5,954957E-6
-86,700000E-3	5,881158E-6
-86,400000E-3	5,803164E-6
-85,500000E-3	5,714106E-6
-84,900000E-3	5,631387E-6
-84,600000E-3	5,561044E-6
-83,900000E-3	5,492916E-6
-83,600000E-3	5,422788E-6
-83,000000E-3	5,348757E-6
-82,400000E-3	5,272445E-6
-81,700000E-3	5,191674E-6
-81,500000E-3	5,107821E-6
-80,900000E-3	5,030057E-6
-80,300000E-3	4,955490E-6
-79,700000E-3	4,880176E-6
-79,400000E-3	4,805129E-6
-79,000000E-3	4,727960E-6
-78,200000E-3	4,649524E-6
-77,600000E-3	4,576860E-6
-77,300000E-3	4,507354E-6
-76,900000E-3	4,437006E-6
-76,200000E-3	4,366217E-6
-75,900000E-3	4,298088E-6
-75,300000E-3	4,231780E-6
-74,700000E-3	4,165922E-6
-74,200000E-3	4,101859E-6
-73,400000E-3	4,039228E-6
-73,200000E-3	3,976731E-6
-72,700000E-3	3,902413E-6
-72,100000E-3	3,827297E-6
-71,400000E-3	3,752973E-6
-71,100000E-3	3,678473E-6
-70,600000E-3	3,602874E-6
-70,100000E-3	3,527530E-6
-69,300000E-3	3,443361E-6
-69,100000E-3	3,361781E-6
-68,500000E-3	3,280442E-6
-67,800000E-3	3,200273E-6
-67,200000E-3	3,133590E-6
-66,600000E-3	3,061378E-6
-66,300000E-3	2,992288E-6
-66,000000E-3	2,918321E-6
-65,200000E-3	2,841468E-6
-64,600000E-3	2,770597E-6
-64,300000E-3	2,703270E-6
-63,700000E-3	2,634404E-6
-63,100000E-3	2,564118E-6
-62,800000E-3	2,491375E-6
-62,200000E-3	2,416888E-6
-61,400000E-3	2,343961E-6
-61,100000E-3	2,270269E-6
-60,700000E-3	2,193991E-6
-60,000000E-3	2,114391E-6
-59,700000E-3	2,028838E-6
-59,100000E-3	1,939258E-6
-58,600000E-3	1,851773E-6
-58,000000E-3	1,766957E-6
-57,700000E-3	1,681825E-6
-56,800000E-3	1,596117E-6
-56,500000E-3	1,506995E-6
-56,000000E-3	1,412294E-6
-55,500000E-3	1,312989E-6
-54,900000E-3	1,224368E-6
-54,600000E-3	1,134839E-6
-54,000000E-3	1,042972E-6
-53,400000E-3	947,097584E-9
-52,900000E-3	851,962768E-9
-52,300000E-3	750,331654E-9
-51,700000E-3	659,778127E-9
-51,200000E-3	575,593430E-9
-50,900000E-3	494,310755E-9
-50,300000E-3	410,405532E-9
-49,700000E-3	323,106173E-9
-49,100000E-3	234,666048E-9
-48,600000E-3	147,278885E-9
-48,000000E-3	60,577185E-9
-47,700000E-3	-26,393223E-9
-47,200000E-3	-118,546642E-9
-46,600000E-3	-203,581223E-9
-46,000000E-3	-294,305591E-9
-45,600000E-3	-384,245037E-9
-44,900000E-3	-468,401639E-9
-44,600000E-3	-549,594835E-9
-44,000000E-3	-628,592259E-9
-43,400000E-3	-709,295235E-9
-43,200000E-3	-792,408358E-9
-42,600000E-3	-871,701652E-9
-42,000000E-3	-947,806555E-9
-41,400000E-3	-1,022237E-6
-41,200000E-3	-1,097186E-6
-40,300000E-3	-1,176710E-6
-40,000000E-3	-1,266228E-6
-39,500000E-3	-1,347593E-6
-38,800000E-3	-1,426830E-6
-38,300000E-3	-1,503580E-6
-38,000000E-3	-1,579595E-6
-37,200000E-3	-1,660021E-6
-36,900000E-3	-1,740495E-6
-36,300000E-3	-1,814006E-6
-35,700000E-3	-1,885075E-6
-35,200000E-3	-1,957754E-6
-34,900000E-3	-2,036722E-6
-34,200000E-3	-2,111026E-6
-33,800000E-3	-2,187159E-6
-33,200000E-3	-2,262309E-6
-32,600000E-3	-2,336146E-6
-32,100000E-3	-2,408561E-6
-31,800000E-3	-2,478883E-6
-31,200000E-3	-2,551478E-6
-30,700000E-3	-2,629815E-6
-30,100000E-3	-2,696901E-6
-29,500000E-3	-2,756607E-6
-28,900000E-3	-2,812008E-6
-28,400000E-3	-2,867856E-6
-28,100000E-3	-2,926556E-6
-27,500000E-3	-2,985699E-6
-27,000000E-3	-3,043530E-6
-26,400000E-3	-3,097811E-6
-25,800000E-3	-3,147589E-6
-25,200000E-3	-3,196433E-6
-24,900000E-3	-3,246103E-6
-24,300000E-3	-3,296219E-6
-23,800000E-3	-3,341062E-6
-23,200000E-3	-3,379047E-6
-23,000000E-3	-3,416809E-6
-22,000000E-3	-3,456478E-6
-21,700000E-3	-3,497432E-6
-21,200000E-3	-3,535928E-6
-20,700000E-3	-3,573858E-6
-20,100000E-3	-3,611688E-6
-19,800000E-3	-3,647182E-6
-19,200000E-3	-3,680657E-6
-18,600000E-3	-3,712418E-6
-18,300000E-3	-3,743362E-6
-17,500000E-3	-3,770573E-6
-16,900000E-3	-3,793724E-6
-16,600000E-3	-3,816633E-6
-16,000000E-3	-3,840848E-6
-15,500000E-3	-3,862294E-6
-14,900000E-3	-3,883764E-6
-14,500000E-3	-3,901835E-6
-13,800000E-3	-3,914434E-6
-13,500000E-3	-3,924686E-6
-12,900000E-3	-3,934161E-6
-12,300000E-3	-3,940488E-6
-12,100000E-3	-3,942560E-6
-11,500000E-3	-3,944736E-6
-10,600000E-3	-3,949051E-6
-10,300000E-3	-3,953395E-6
-9,900000E-3	-3,958661E-6
-9,200000E-3	-3,962112E-6
-8,600000E-3	-3,964423E-6
-8,400000E-3	-3,965870E-6
-7,600000E-3	-3,962704E-6
-7,200000E-3	-3,955709E-6
-6,700000E-3	-3,945650E-6
-6,100000E-3	-3,931390E-6
-5,500000E-3	-3,916824E-6
-5,300000E-3	-3,903297E-6
-4,700000E-3	-3,889753E-6
-3,800000E-3	-3,872935E-6
-3,500000E-3	-3,853289E-6
-3,100000E-3	-3,832363E-6
-2,300000E-3	-3,816220E-6
-2,000000E-3	-3,799740E-6
-1,400000E-3	-3,779601E-6
-800,000000E-6	-3,756153E-6
-200,000000E-6	-3,732851E-6
100,000000E-6	-3,711442E-6
800,000000E-6	-3,690807E-6
1,200000E-3	-3,666558E-6
1,800000E-3	-3,640010E-6
2,400000E-3	-3,615466E-6
2,900000E-3	-3,594375E-6
3,200000E-3	-3,573822E-6
3,900000E-3	-3,553069E-6
4,400000E-3	-3,531328E-6
4,600000E-3	-3,505368E-6
5,500000E-3	-3,475250E-6
6,100000E-3	-3,447918E-6
6,400000E-3	-3,418163E-6
6,900000E-3	-3,388848E-6
7,500000E-3	-3,357365E-6
8,100000E-3	-3,325896E-6
8,600000E-3	-3,291634E-6
9,200000E-3	-3,260328E-6
9,800000E-3	-3,231589E-6
10,100000E-3	-3,206239E-6
10,800000E-3	-3,182657E-6
11,200000E-3	-3,158534E-6
11,800000E-3	-3,131807E-6
12,300000E-3	-3,104647E-6
12,600000E-3	-3,076404E-6
13,200000E-3	-3,046310E-6
13,800000E-3	-3,014152E-6
14,300000E-3	-2,974962E-6
14,900000E-3	-2,935651E-6
15,500000E-3	-2,897374E-6
15,800000E-3	-2,858213E-6
16,400000E-3	-2,817419E-6
16,900000E-3	-2,776117E-6
17,200000E-3	-2,735773E-6
18,000000E-3	-2,696000E-6
18,400000E-3	-2,655844E-6
19,000000E-3	-2,614338E-6
19,600000E-3	-2,572893E-6
19,900000E-3	-2,531779E-6
20,500000E-3	-2,489704E-6
21,000000E-3	-2,447697E-6
21,600000E-3	-2,407561E-6
21,800000E-3	-2,367193E-6
22,500000E-3	-2,324610E-6
23,300000E-3	-2,274335E-6
23,600000E-3	-2,228872E-6
24,100000E-3	-2,178634E-6
24,700000E-3	-2,124201E-6
25,300000E-3	-2,074430E-6
25,600000E-3	-2,021288E-6
26,400000E-3	-1,964277E-6
26,700000E-3	-1,908299E-6
27,000000E-3	-1,852885E-6
27,900000E-3	-1,796576E-6
28,200000E-3	-1,742835E-6
28,800000E-3	-1,691171E-6
29,400000E-3	-1,638398E-6
29,900000E-3	-1,585942E-6
30,500000E-3	-1,533374E-6
31,000000E-3	-1,481421E-6
31,300000E-3	-1,427387E-6
31,900000E-3	-1,376209E-6
32,500000E-3	-1,321317E-6
33,000000E-3	-1,272719E-6
33,300000E-3	-1,223134E-6
34,200000E-3	-1,169075E-6
34,800000E-3	-1,113208E-6
35,100000E-3	-1,059949E-6
35,600000E-3	-1,008367E-6
36,200000E-3	-957,750552E-9
36,500000E-3	-906,768756E-9
37,200000E-3	-854,332488E-9
37,600000E-3	-801,306448E-9
38,500000E-3	-749,138801E-9
38,800000E-3	-696,349251E-9
39,100000E-3	-640,228763E-9
39,700000E-3	-582,871431E-9
40,300000E-3	-523,485425E-9
40,800000E-3	-461,028001E-9
41,400000E-3	-399,297557E-9
41,700000E-3	-336,607817E-9
42,300000E-3	-272,828992E-9
42,800000E-3	-205,689076E-9
43,200000E-3	-135,760655E-9
44,000000E-3	-66,281906E-9
44,600000E-3	748,707222E-12
44,800000E-3	64,535673E-9
45,700000E-3	128,329634E-9
46,000000E-3	193,953041E-9
46,400000E-3	261,692219E-9
47,100000E-3	329,773974E-9
47,100000E-3	394,993516E-9
48,000000E-3	460,668955E-9
48,600000E-3	530,369137E-9
49,100000E-3	607,500568E-9
49,700000E-3	689,592318E-9
50,200000E-3	771,318090E-9
50,800000E-3	851,916726E-9
51,200000E-3	932,509603E-9
51,700000E-3	1,015461E-6
52,000000E-3	1,099062E-6
52,800000E-3	1,185637E-6
53,400000E-3	1,276708E-6
53,500000E-3	1,364057E-6
54,200000E-3	1,448373E-6
54,800000E-3	1,537670E-6
55,400000E-3	1,617587E-6
55,700000E-3	1,701308E-6
56,300000E-3	1,789762E-6
57,100000E-3	1,872409E-6
57,400000E-3	1,951267E-6
57,700000E-3	2,036906E-6
58,500000E-3	2,112887E-6
58,800000E-3	2,188343E-6
59,400000E-3	2,264789E-6
60,100000E-3	2,337748E-6
60,500000E-3	2,410377E-6
60,800000E-3	2,485844E-6
61,100000E-3	2,562178E-6
62,000000E-3	2,640048E-6
62,500000E-3	2,719770E-6
62,900000E-3	2,801379E-6
63,600000E-3	2,883601E-6
63,900000E-3	2,964410E-6
64,500000E-3	3,043748E-6
65,100000E-3	3,135376E-6
65,700000E-3	3,224813E-6
66,200000E-3	3,309914E-6
66,800000E-3	3,396274E-6
67,400000E-3	3,474499E-6
67,600000E-3	3,556865E-6
68,200000E-3	3,626773E-6
68,800000E-3	3,697085E-6
69,100000E-3	3,770273E-6
69,900000E-3	3,839149E-6
70,200000E-3	3,906297E-6
70,800000E-3	3,973466E-6
71,400000E-3	4,037814E-6
72,000000E-3	4,103222E-6
72,600000E-3	4,171281E-6
72,900000E-3	4,237498E-6
73,500000E-3	4,303296E-6
74,000000E-3	4,370819E-6
74,600000E-3	4,439716E-6
74,900000E-3	4,511824E-6
75,700000E-3	4,585736E-6
75,900000E-3	4,659796E-6
76,600000E-3	4,726272E-6
77,200000E-3	4,804365E-6
77,700000E-3	4,867936E-6
78,000000E-3	4,927217E-6
78,300000E-3	4,985270E-6
79,400000E-3	5,044822E-6
79,700000E-3	5,108417E-6
80,300000E-3	5,164682E-6
80,900000E-3	5,226184E-6
81,500000E-3	5,286168E-6
81,600000E-3	5,349272E-6
82,300000E-3	5,409537E-6
82,800000E-3	5,466964E-6
83,500000E-3	5,522021E-6
84,000000E-3	5,576477E-6
84,600000E-3	5,629775E-6
85,000000E-3	5,682570E-6
85,700000E-3	5,736676E-6
86,000000E-3	5,788607E-6
86,500000E-3	5,835875E-6
87,100000E-3	5,882676E-6
87,700000E-3	5,933166E-6
88,100000E-3	5,984323E-6
88,800000E-3	6,034911E-6
89,100000E-3	6,086403E-6
89,700000E-3	6,135688E-6
89,700000E-3	6,183324E-6
89,700000E-3	6,232183E-6
91,000000E-3	6,284187E-6
91,600000E-3	6,340229E-6
92,200000E-3	6,399014E-6
92,700000E-3	6,456076E-6
93,300000E-3	6,510378E-6
93,900000E-3	6,562075E-6
94,500000E-3	6,612165E-6
94,800000E-3	6,664316E-6
95,300000E-3	6,715923E-6
95,300000E-3	6,766496E-6
96,400000E-3	6,823546E-6
96,900000E-3	6,877106E-6
97,500000E-3	6,929823E-6
98,100000E-3	6,980182E-6
98,300000E-3	7,028698E-6
98,900000E-3	7,074437E-6
99,600000E-3	7,117494E-6
100,100000E-3	7,160033E-6
100,500000E-3	7,205080E-6
100,900000E-3	7,254968E-6
101,500000E-3	7,305709E-6
102,100000E-3	7,352062E-6
102,600000E-3	7,405266E-6
103,200000E-3	7,452358E-6
103,500000E-3	7,498500E-6
104,300000E-3	7,542027E-6
104,600000E-3	7,586368E-6
105,200000E-3	7,632163E-6
105,700000E-3	7,674842E-6
106,300000E-3	7,713711E-6
106,600000E-3	7,750057E-6
107,200000E-3	7,786211E-6
107,800000E-3	7,822922E-6
108,400000E-3	7,860840E-6
108,900000E-3	7,898159E-6
109,500000E-3	7,932687E-6
109,800000E-3	7,964458E-6
110,300000E-3	7,994697E-6
110,900000E-3	8,024587E-6
111,500000E-3	8,054045E-6
111,800000E-3	8,081687E-6
112,400000E-3	8,109712E-6
112,900000E-3	8,139899E-6
113,500000E-3	8,174284E-6
114,000000E-3	8,214282E-6
114,600000E-3	8,257580E-6
115,200000E-3	8,299364E-6
115,600000E-3	8,338385E-6
116,000000E-3	8,383657E-6
116,600000E-3	8,429595E-6
116,900000E-3	8,479061E-6
117,700000E-3	8,530112E-6
118,400000E-3	8,577469E-6
118,600000E-3	8,618944E-6
119,200000E-3	8,659157E-6
119,800000E-3	8,702752E-6
120,100000E-3	8,749595E-6
120,700000E-3	8,796999E-6
121,200000E-3	8,843291E-6
121,700000E-3	8,889297E-6
122,300000E-3	8,936906E-6
122,600000E-3	8,984598E-6
122,600000E-3	9,033195E-6
123,900000E-3	9,083154E-6
124,400000E-3	9,127770E-6
124,700000E-3	9,165662E-6
125,300000E-3	9,200201E-6
125,900000E-3	9,235255E-6
126,200000E-3	9,272600E-6
127,000000E-3	9,311823E-6
127,300000E-3	9,351337E-6
127,900000E-3	9,389527E-6
128,400000E-3	9,429145E-6
129,200000E-3	9,462952E-6
129,400000E-3	9,495252E-6
129,900000E-3	9,528236E-6
130,500000E-3	9,559509E-6
131,300000E-3	9,588274E-6
131,600000E-3	9,618767E-6
132,200000E-3	9,647847E-6
132,500000E-3	9,677036E-6
133,000000E-3	9,701138E-6
133,700000E-3	9,717883E-6
134,100000E-3	9,732177E-6
134,500000E-3	9,749884E-6
135,100000E-3	9,772513E-6
135,600000E-3	9,797140E-6
136,200000E-3	9,817713E-6
136,700000E-3	9,836036E-6
137,300000E-3	9,852988E-6
137,900000E-3	9,870189E-6
138,300000E-3	9,888463E-6
138,700000E-3	9,906443E-6
139,300000E-3	9,921602E-6
139,900000E-3	9,936472E-6
140,400000E-3	9,951766E-6
141,000000E-3	9,965401E-6
141,300000E-3	9,979765E-6
142,100000E-3	9,994375E-6
142,500000E-3	10,009224E-6
143,000000E-3	10,023842E-6
143,500000E-3	10,038719E-6
144,100000E-3	10,054137E-6
144,400000E-3	10,069165E-6
145,100000E-3	10,085250E-6
145,500000E-3	10,102107E-6
146,100000E-3	10,117770E-6
146,600000E-3	10,132801E-6
147,300000E-3	10,146675E-6
147,600000E-3	10,162141E-6
148,100000E-3	10,177464E-6
148,700000E-3	10,191089E-6
149,000000E-3	10,206170E-6
149,500000E-3	10,222281E-6
150,300000E-3	10,237036E-6
150,700000E-3	10,252641E-6
151,000000E-3	10,267354E-6
151,800000E-3	10,278789E-6
152,500000E-3	10,290049E-6
152,700000E-3	10,304044E-6
153,300000E-3	10,320283E-6
153,900000E-3	10,340870E-6
154,100000E-3	10,365252E-6
154,900000E-3	10,389378E-6
155,300000E-3	10,409984E-6
155,900000E-3	10,426688E-6
156,300000E-3	10,443491E-6
157,000000E-3	10,459841E-6
157,300000E-3	10,476648E-6
157,900000E-3	10,495857E-6
158,700000E-3	10,515841E-6
159,000000E-3	10,535524E-6
159,600000E-3	10,550267E-6
160,200000E-3	10,563911E-6
160,800000E-3	10,577714E-6
161,100000E-3	10,591655E-6
161,600000E-3	10,604546E-6
162,200000E-3	10,618334E-6
162,800000E-3	10,630628E-6
163,100000E-3	10,640909E-6
163,900000E-3	10,651915E-6
164,300000E-3	10,666363E-6
164,800000E-3	10,683264E-6
165,200000E-3	10,702494E-6
165,900000E-3	10,718744E-6
166,200000E-3	10,732382E-6
166,500000E-3	10,747725E-6
167,400000E-3	10,765410E-6
167,700000E-3	10,783127E-6
168,600000E-3	10,800359E-6
169,200000E-3	10,817704E-6
169,400000E-3	10,834719E-6
169,900000E-3	10,853081E-6
170,000000E-3	10,873750E-6
171,100000E-3	10,895543E-6
171,400000E-3	10,918114E-6
171,900000E-3	10,940517E-6
172,600000E-3	10,960898E-6
172,600000E-3	10,980360E-6
173,700000E-3	11,003600E-6
174,000000E-3	11,030343E-6
174,500000E-3	11,057105E-6
175,100000E-3	11,081939E-6
175,700000E-3	11,105028E-6
175,900000E-3	11,128222E-6
176,600000E-3	11,152985E-6
177,100000E-3	11,180401E-6
177,700000E-3	11,215138E-6
178,000000E-3	11,252806E-6
178,900000E-3	11,287083E-6
179,100000E-3	11,319408E-6
179,700000E-3	11,351699E-6
180,300000E-3	11,382610E-6
180,900000E-3	11,411378E-6
181,200000E-3	11,437325E-6
181,800000E-3	11,461790E-6
182,000000E-3	11,489976E-6
183,000000E-3	11,522567E-6
183,300000E-3	11,558507E-6
184,100000E-3	11,594723E-6
184,400000E-3	11,626334E-6
185,000000E-3	11,653261E-6
185,400000E-3	11,679349E-6
186,200000E-3	11,706408E-6
186,500000E-3	11,733865E-6
187,100000E-3	11,762046E-6
187,600000E-3	11,789826E-6
188,200000E-3	11,812285E-6
188,700000E-3	11,834217E-6
189,300000E-3	11,855273E-6
189,900000E-3	11,875778E-6
190,500000E-3	11,903745E-6
190,800000E-3	11,925390E-6
191,400000E-3	11,947921E-6
192,200000E-3	11,968610E-6
192,500000E-3	11,986597E-6
193,100000E-3	12,004670E-6
193,600000E-3	12,019658E-6
194,200000E-3	12,032075E-6
194,500000E-3	12,043660E-6
195,300000E-3	12,055872E-6
195,600000E-3	12,067765E-6
196,200000E-3	12,079638E-6
196,800000E-3	12,091364E-6
197,100000E-3	12,100929E-6
197,600000E-3	12,108921E-6
198,200000E-3	12,118243E-6
198,800000E-3	12,125432E-6
199,100000E-3	12,131456E-6
199,900000E-3	12,136706E-6
200,500000E-3	12,141806E-6
200,800000E-3	12,147974E-6
201,200000E-3	12,153681E-6
202,000000E-3	12,155809E-6
202,500000E-3	12,156566E-6
202,800000E-3	12,156780E-6
203,500000E-3	12,154786E-6
204,000000E-3	12,152632E-6
204,500000E-3	12,153111E-6
205,100000E-3	12,155580E-6
205,700000E-3	12,157585E-6
206,000000E-3	12,158419E-6
206,000000E-3	12,156833E-6
206,900000E-3	12,156272E-6
207,500000E-3	12,157989E-6
208,100000E-3	12,159141E-6
208,600000E-3	12,160881E-6
208,900000E-3	12,163632E-6
209,500000E-3	12,163930E-6
210,100000E-3	12,163482E-6
210,700000E-3	12,166325E-6
211,200000E-3	12,170679E-6
211,800000E-3	12,175013E-6
212,100000E-3	12,178596E-6
212,600000E-3	12,181714E-6
213,200000E-3	12,185251E-6
213,800000E-3	12,188276E-6
214,500000E-3	12,192492E-6
214,700000E-3	12,197891E-6
215,500000E-3	12,203791E-6
215,800000E-3	12,209215E-6
216,400000E-3	12,211916E-6
217,000000E-3	12,215267E-6
217,600000E-3	12,221222E-6
217,900000E-3	12,229004E-6
218,400000E-3	12,237040E-6
219,300000E-3	12,247181E-6
219,600000E-3	12,257227E-6
220,200000E-3	12,265680E-6
220,700000E-3	12,273217E-6
221,000000E-3	12,282880E-6
221,600000E-3	12,295582E-6
222,300000E-3	12,308740E-6
222,700000E-3	12,323748E-6
223,300000E-3	12,339184E-6
223,800000E-3	12,351430E-6
223,900000E-3	12,361824E-6
224,700000E-3	12,375643E-6
225,000000E-3	12,390985E-6
225,800000E-3	12,403847E-6
226,100000E-3	12,415752E-6
227,000000E-3	12,432299E-6
227,200000E-3	12,451142E-6
227,600000E-3	12,467911E-6
228,700000E-3	12,486030E-6
228,900000E-3	12,503836E-6
229,500000E-3	12,518546E-6
230,100000E-3	12,532047E-6
230,400000E-3	12,546653E-6
231,000000E-3	12,563245E-6
231,600000E-3	12,583264E-6
232,200000E-3	12,600713E-6
232,200000E-3	12,617360E-6
233,000000E-3	12,637460E-6
233,300000E-3	12,659282E-6
234,100000E-3	12,683337E-6
234,700000E-3	12,703678E-6
235,300000E-3	12,721741E-6
235,900000E-3	12,740148E-6
236,200000E-3	12,761397E-6
236,600000E-3	12,784398E-6
237,300000E-3	12,810121E-6
237,900000E-3	12,837382E-6
238,400000E-3	12,863697E-6
238,700000E-3	12,889683E-6
239,300000E-3	12,913659E-6
239,900000E-3	12,937138E-6
240,200000E-3	12,959195E-6
241,100000E-3	12,981845E-6
241,300000E-3	13,002453E-6
241,900000E-3	13,020740E-6
242,700000E-3	13,041518E-6
243,000000E-3	13,062875E-6
243,900000E-3	13,082508E-6
244,400000E-3	13,107093E-6
245,000000E-3	13,136587E-6
245,300000E-3	13,158248E-6
245,900000E-3	13,176035E-6
246,500000E-3	13,193616E-6
247,100000E-3	13,211387E-6
247,600000E-3	13,230972E-6
248,200000E-3	13,250849E-6
248,400000E-3	13,270864E-6
248,400000E-3	13,288436E-6
249,600000E-3	13,308368E-6
250,100000E-3	13,331287E-6
250,700000E-3	13,354283E-6
251,300000E-3	13,374084E-6
251,600000E-3	13,390965E-6
252,200000E-3	13,406706E-6
253,100000E-3	13,420731E-6
253,400000E-3	13,433141E-6
254,000000E-3	13,449210E-6
254,500000E-3	13,467729E-6
255,100000E-3	13,481123E-6
255,400000E-3	13,495816E-6
256,000000E-3	13,514507E-6
256,200000E-3	13,531306E-6
256,800000E-3	13,546075E-6
257,500000E-3	13,560277E-6
258,000000E-3	13,573565E-6
258,300000E-3	13,588486E-6
259,200000E-3	13,603050E-6
259,500000E-3	13,615285E-6
260,000000E-3	13,625492E-6
260,600000E-3	13,635071E-6
261,200000E-3	13,644159E-6
261,500000E-3	13,656914E-6
262,100000E-3	13,674467E-6
262,700000E-3	13,691802E-6
263,200000E-3	13,707181E-6
263,800000E-3	13,722804E-6
264,300000E-3	13,738014E-6
264,700000E-3	13,751809E-6
265,000000E-3	13,764208E-6
265,900000E-3	13,782845E-6
266,500000E-3	13,800278E-6
267,100000E-3	13,815263E-6
267,400000E-3	13,828514E-6
267,900000E-3	13,842583E-6
268,500000E-3	13,857861E-6
269,100000E-3	13,872615E-6
269,400000E-3	13,885923E-6
270,300000E-3	13,899302E-6
270,600000E-3	13,917369E-6
271,100000E-3	13,936449E-6
271,700000E-3	13,956991E-6
272,300000E-3	13,975261E-6
272,900000E-3	13,993022E-6
273,200000E-3	14,008008E-6
274,000000E-3	14,020098E-6
274,300000E-3	14,033770E-6
274,900000E-3	14,051258E-6
275,400000E-3	14,069616E-6
276,000000E-3	14,083954E-6
276,300000E-3	14,097824E-6
276,900000E-3	14,115321E-6
277,400000E-3	14,133699E-6
278,000000E-3	14,145977E-6
278,300000E-3	14,156509E-6
279,200000E-3	14,168645E-6
279,500000E-3	14,185088E-6
280,100000E-3	14,200203E-6
280,600000E-3	14,214414E-6
281,200000E-3	14,228653E-6
281,800000E-3	14,244923E-6
282,100000E-3	14,263528E-6
283,000000E-3	14,278892E-6
283,300000E-3	14,287891E-6
283,800000E-3	14,294332E-6
284,300000E-3	14,300557E-6
284,900000E-3	14,306794E-6
285,200000E-3	14,310670E-6
285,800000E-3	14,312165E-6
286,300000E-3	14,318146E-6
287,000000E-3	14,330131E-6
287,300000E-3	14,342175E-6
287,800000E-3	14,351471E-6
288,400000E-3	14,358206E-6
288,800000E-3	14,366249E-6
289,600000E-3	14,374753E-6
290,100000E-3	14,383412E-6
290,300000E-3	14,395298E-6
291,000000E-3	14,410617E-6
291,600000E-3	14,420276E-6
291,800000E-3	14,421274E-6
292,600000E-3	14,420686E-6
293,300000E-3	14,421649E-6
293,600000E-3	14,425426E-6
294,100000E-3	14,431191E-6
294,700000E-3	14,436892E-6
295,000000E-3	14,442473E-6
295,600000E-3	14,446883E-6
296,100000E-3	14,451069E-6
296,100000E-3	14,457189E-6
297,000000E-3	14,463387E-6
297,600000E-3	14,465690E-6
298,100000E-3	14,463443E-6
298,700000E-3	14,461367E-6
299,300000E-3	14,463657E-6
299,900000E-3	14,468829E-6
300,200000E-3	14,471274E-6
300,800000E-3	14,469279E-6
301,300000E-3	14,465643E-6
301,900000E-3	14,462598E-6
302,400000E-3	14,459460E-6
303,000000E-3	14,454236E-6
303,600000E-3	14,447667E-6
304,200000E-3	14,441057E-6
304,500000E-3	14,434623E-6
305,000000E-3	14,427486E-6
305,600000E-3	14,419246E-6
306,200000E-3	14,411404E-6
306,500000E-3	14,406105E-6
307,300000E-3	14,401186E-6
307,700000E-3	14,392831E-6
308,200000E-3	14,381435E-6
308,600000E-3	14,369104E-6
309,300000E-3	14,359542E-6
309,600000E-3	14,350664E-6
309,900000E-3	14,340594E-6
310,400000E-3	14,329171E-6
311,500000E-3	14,315852E-6
311,800000E-3	14,301031E-6
312,400000E-3	14,284708E-6
313,000000E-3	14,268036E-6
313,600000E-3	14,248515E-6
314,100000E-3	14,236445E-6
314,400000E-3	14,226683E-6
315,200000E-3	14,217138E-6
315,600000E-3	14,207297E-6
316,100000E-3	14,196734E-6
316,700000E-3	14,186785E-6
317,300000E-3	14,177363E-6
317,600000E-3	14,167552E-6
318,100000E-3	14,156479E-6
318,800000E-3	14,145143E-6
319,300000E-3	14,132878E-6
319,600000E-3	14,120810E-6
320,200000E-3	14,109664E-6
320,800000E-3	14,098058E-6
321,000000E-3	14,086728E-6
321,900000E-3	14,077527E-6
322,500000E-3	14,067417E-6
323,100000E-3	14,051165E-6
323,400000E-3	14,033575E-6
324,100000E-3	14,018134E-6
324,500000E-3	14,006820E-6
325,000000E-3	13,999374E-6
325,600000E-3	13,991943E-6
326,200000E-3	13,978899E-6
326,800000E-3	13,962746E-6
327,100000E-3	13,951730E-6
327,800000E-3	13,940912E-6
328,200000E-3	13,928093E-6
328,800000E-3	13,916384E-6
329,400000E-3	13,904562E-6
329,700000E-3	13,891292E-6
330,200000E-3	13,876650E-6
330,800000E-3	13,861466E-6
331,400000E-3	13,844166E-6
332,000000E-3	13,830708E-6
332,600000E-3	13,820562E-6
332,900000E-3	13,811330E-6
333,500000E-3	13,802283E-6
334,000000E-3	13,793077E-6
334,600000E-3	13,782773E-6
334,900000E-3	13,773402E-6
335,600000E-3	13,765649E-6
336,200000E-3	13,759100E-6
336,700000E-3	13,752290E-6
337,000000E-3	13,743293E-6
337,600000E-3	13,736952E-6
338,500000E-3	13,734169E-6
338,800000E-3	13,732122E-6
339,100000E-3	13,730848E-6
339,900000E-3	13,729347E-6
340,500000E-3	13,727035E-6
340,800000E-3	13,723652E-6
341,400000E-3	13,717321E-6
341,900000E-3	13,712637E-6
342,200000E-3	13,711682E-6
342,800000E-3	13,715950E-6
343,400000E-3	13,722179E-6
343,900000E-3	13,725379E-6
344,200000E-3	13,726887E-6
344,800000E-3	13,727948E-6
345,400000E-3	13,726991E-6
345,700000E-3	13,726723E-6
346,400000E-3	13,732298E-6
347,000000E-3	13,739135E-6
347,600000E-3	13,738639E-6
348,200000E-3	13,736453E-6
348,500000E-3	13,740633E-6
349,400000E-3	13,750173E-6
349,600000E-3	13,759132E-6
349,900000E-3	13,767759E-6
350,800000E-3	13,779041E-6
351,400000E-3	13,788982E-6
351,700000E-3	13,796261E-6
352,300000E-3	13,802651E-6
352,900000E-3	13,808798E-6
353,500000E-3	13,815147E-6
354,100000E-3	13,819997E-6
354,300000E-3	13,825742E-6
355,000000E-3	13,834568E-6
355,500000E-3	13,841452E-6
356,100000E-3	13,845659E-6
356,400000E-3	13,851719E-6
357,000000E-3	13,858700E-6
357,500000E-3	13,866113E-6
358,100000E-3	13,872664E-6
358,700000E-3	13,877994E-6
359,300000E-3	13,884144E-6
359,500000E-3	13,893398E-6
360,200000E-3	13,905185E-6
360,200000E-3	13,917316E-6
361,100000E-3	13,928570E-6
361,800000E-3	13,938193E-6
362,100000E-3	13,949279E-6
362,700000E-3	13,959488E-6
363,300000E-3	13,969107E-6
363,900000E-3	13,977100E-6
364,200000E-3	13,980213E-6
364,800000E-3	13,978720E-6
365,200000E-3	13,978299E-6
365,900000E-3	13,983248E-6
366,300000E-3	13,994318E-6
366,900000E-3	14,008865E-6
367,600000E-3	14,021705E-6
367,800000E-3	14,031937E-6
368,500000E-3	14,041982E-6
369,000000E-3	14,052710E-6
369,300000E-3	14,065076E-6
369,900000E-3	14,080729E-6
370,500000E-3	14,099366E-6
371,200000E-3	14,116325E-6
371,400000E-3	14,129748E-6
372,100000E-3	14,139765E-6
372,500000E-3	14,150536E-6
373,100000E-3	14,161260E-6
373,800000E-3	14,173758E-6
374,200000E-3	14,189406E-6
374,500000E-3	14,203708E-6
375,100000E-3	14,212682E-6
375,700000E-3	14,217346E-6
376,300000E-3	14,220198E-6
376,600000E-3	14,224130E-6
377,200000E-3	14,230706E-6
377,800000E-3	14,238172E-6
377,800000E-3	14,245657E-6
378,800000E-3	14,253563E-6
379,500000E-3	14,261828E-6
379,900000E-3	14,269112E-6
380,500000E-3	14,275293E-6
380,800000E-3	14,280345E-6
381,500000E-3	14,285241E-6
382,000000E-3	14,289081E-6
382,500000E-3	14,292172E-6
382,900000E-3	14,296118E-6
383,500000E-3	14,301027E-6
383,700000E-3	14,307710E-6
384,700000E-3	14,315098E-6
384,900000E-3	14,321829E-6
385,500000E-3	14,328036E-6
386,200000E-3	14,332157E-6
386,700000E-3	14,333168E-6
387,400000E-3	14,333928E-6
387,700000E-3	14,334094E-6
388,000000E-3	14,334455E-6
388,800000E-3	14,337552E-6
389,400000E-3	14,342197E-6
389,800000E-3	14,346444E-6
390,100000E-3	14,349498E-6
390,700000E-3	14,353188E-6
391,300000E-3	14,357022E-6
391,900000E-3	14,359790E-6
392,500000E-3	14,363305E-6
392,800000E-3	14,368505E-6
393,400000E-3	14,371455E-6
394,000000E-3	14,370055E-6
394,300000E-3	14,367591E-6
394,900000E-3	14,367105E-6
395,500000E-3	14,367867E-6
396,000000E-3	14,366069E-6
396,700000E-3	14,363578E-6
397,400000E-3	14,361747E-6
397,600000E-3	14,360640E-6
397,900000E-3	14,360284E-6
398,700000E-3	14,360447E-6
399,100000E-3	14,358777E-6
399,700000E-3	14,356370E-6
400,300000E-3	14,357599E-6
400,600000E-3	14,361746E-6
401,200000E-3	14,364210E-6
401,500000E-3	14,363178E-6
401,500000E-3	14,360191E-6
402,700000E-3	14,357919E-6
403,500000E-3	14,358794E-6
403,700000E-3	14,359270E-6
404,400000E-3	14,357470E-6
404,600000E-3	14,356417E-6
405,000000E-3	14,357884E-6
405,900000E-3	14,357388E-6
406,500000E-3	14,355400E-6
406,800000E-3	14,354580E-6
407,400000E-3	14,355293E-6
408,100000E-3	14,356979E-6
408,400000E-3	14,358548E-6
408,900000E-3	14,356858E-6
409,500000E-3	14,353926E-6
410,100000E-3	14,353880E-6
410,700000E-3	14,355182E-6
411,000000E-3	14,356491E-6
411,600000E-3	14,357786E-6
412,200000E-3	14,357258E-6
412,800000E-3	14,357066E-6
413,100000E-3	14,358553E-6
413,700000E-3	14,360142E-6
413,700000E-3	14,361821E-6
414,700000E-3	14,362468E-6
415,200000E-3	14,361687E-6
415,800000E-3	14,361007E-6
416,300000E-3	14,362472E-6
416,600000E-3	14,366626E-6
417,400000E-3	14,369277E-6
417,900000E-3	14,370114E-6
418,400000E-3	14,371430E-6
418,900000E-3	14,374429E-6
419,500000E-3	14,376649E-6
420,200000E-3	14,377615E-6
420,500000E-3	14,378083E-6
420,800000E-3	14,376735E-6
421,400000E-3	14,373335E-6
422,000000E-3	14,373300E-6
422,600000E-3	14,377497E-6
422,600000E-3	14,381039E-6
423,900000E-3	14,381182E-6
424,300000E-3	14,381688E-6
424,500000E-3	14,383443E-6
425,100000E-3	14,383813E-6
425,700000E-3	14,383857E-6
426,300000E-3	14,385868E-6
426,900000E-3	14,388206E-6
426,900000E-3	14,390046E-6
427,900000E-3	14,391702E-6
428,200000E-3	14,391425E-6
428,500000E-3	14,389285E-6
429,400000E-3	14,386938E-6
430,000000E-3	14,383080E-6
430,700000E-3	14,380816E-6
431,300000E-3	14,383596E-6
431,600000E-3	14,385186E-6
432,200000E-3	14,385807E-6
432,800000E-3	14,387058E-6
433,400000E-3	14,389215E-6
433,700000E-3	14,392592E-6
434,300000E-3	14,397329E-6
434,900000E-3	14,403281E-6
435,500000E-3	14,407330E-6
435,800000E-3	14,406959E-6
436,100000E-3	14,406085E-6
436,700000E-3	14,408535E-6
437,300000E-3	14,411126E-6
437,900000E-3	14,409330E-6
438,500000E-3	14,405375E-6
438,800000E-3	14,403382E-6
439,500000E-3	14,404660E-6
440,100000E-3	14,407347E-6
440,700000E-3	14,410985E-6
441,300000E-3	14,415287E-6
441,600000E-3	14,417471E-6
442,200000E-3	14,421609E-6
442,700000E-3	14,426996E-6
443,400000E-3	14,432104E-6
443,600000E-3	14,435835E-6
444,300000E-3	14,436505E-6
444,800000E-3	14,436731E-6
445,100000E-3	14,440936E-6
445,700000E-3	14,446827E-6
446,400000E-3	14,451799E-6
446,900000E-3	14,455315E-6
447,500000E-3	14,458488E-6
447,800000E-3	14,460351E-6
448,400000E-3	14,460607E-6
449,000000E-3	14,461235E-6
449,600000E-3	14,462804E-6
450,200000E-3	14,468700E-6
450,800000E-3	14,477346E-6
451,100000E-3	14,482115E-6
451,700000E-3	14,485221E-6
452,000000E-3	14,491371E-6
452,000000E-3	14,499967E-6
453,100000E-3	14,506209E-6
453,600000E-3	14,509122E-6
454,200000E-3	14,512695E-6
454,800000E-3	14,517534E-6
455,400000E-3	14,520963E-6
456,000000E-3	14,524287E-6
456,600000E-3	14,528159E-6
457,200000E-3	14,530355E-6
457,500000E-3	14,530533E-6
458,100000E-3	14,533000E-6
458,700000E-3	14,540442E-6
459,300000E-3	14,546509E-6
459,800000E-3	14,549931E-6
460,200000E-3	14,555088E-6
460,800000E-3	14,561813E-6
461,400000E-3	14,567695E-6
461,400000E-3	14,572760E-6
462,200000E-3	14,578588E-6
463,100000E-3	14,583250E-6
463,100000E-3	14,587847E-6
463,800000E-3	14,592464E-6
464,400000E-3	14,597455E-6
465,000000E-3	14,602150E-6
465,600000E-3	14,607604E-6
465,900000E-3	14,612838E-6
466,300000E-3	14,618128E-6
466,500000E-3	14,624903E-6
467,500000E-3	14,634589E-6
467,800000E-3	14,646332E-6
467,800000E-3	14,658173E-6
469,000000E-3	14,668060E-6
469,700000E-3	14,675481E-6
470,000000E-3	14,683249E-6
470,300000E-3	14,693153E-6
471,100000E-3	14,701508E-6
471,800000E-3	14,708745E-6
472,400000E-3	14,721095E-6
472,700000E-3	14,734540E-6
473,400000E-3	14,746373E-6
473,700000E-3	14,755508E-6
474,300000E-3	14,765533E-6
474,900000E-3	14,777312E-6
474,900000E-3	14,791447E-6
476,100000E-3	14,803973E-6
476,400000E-3	14,814360E-6
477,000000E-3	14,825785E-6
477,500000E-3	14,835656E-6
478,200000E-3	14,846977E-6
478,400000E-3	14,861743E-6
479,100000E-3	14,875664E-6
479,100000E-3	14,888607E-6
480,200000E-3	14,903478E-6
480,400000E-3	14,919444E-6
481,000000E-3	14,932913E-6
481,600000E-3	14,944923E-6
482,200000E-3	14,959084E-6
482,800000E-3	14,976023E-6
483,400000E-3	14,993393E-6
483,700000E-3	15,007469E-6
483,700000E-3	15,022270E-6
484,700000E-3	15,039331E-6
485,300000E-3	15,060321E-6
485,600000E-3	15,080754E-6
486,200000E-3	15,097918E-6
486,200000E-3	15,116895E-6
487,400000E-3	15,137131E-6
487,600000E-3	15,156220E-6
487,600000E-3	15,174022E-6
488,900000E-3	15,190653E-6
489,400000E-3	15,206982E-6
490,100000E-3	15,223754E-6
490,700000E-3	15,247893E-6
491,000000E-3	15,279076E-6
491,600000E-3	15,317068E-6
491,900000E-3	15,351145E-6
492,200000E-3	15,375524E-6
493,200000E-3	15,396082E-6
493,500000E-3	15,418748E-6
494,100000E-3	15,442614E-6
494,700000E-3	15,465765E-6
494,700000E-3	15,487607E-6
495,700000E-3	15,509792E-6
496,000000E-3	15,529946E-6
496,700000E-3	15,541648E-6
496,700000E-3	15,547093E-6
497,800000E-3	15,557195E-6
498,100000E-3	15,576521E-6
498,700000E-3	15,599772E-6
499,300000E-3	15,622558E-6
499,900000E-3	15,644129E-6
