-500,900000E-3	20,938404E-6
-500,900000E-3	21,003057E-6
-501,100000E-3	21,012256E-6
-501,100000E-3	21,020870E-6
-501,100000E-3	21,029797E-6
-501,000000E-3	21,039364E-6
-500,800000E-3	21,044159E-6
-500,600000E-3	21,040624E-6
-500,400000E-3	21,035690E-6
-500,100000E-3	21,031159E-6
-499,700000E-3	21,027508E-6
-499,300000E-3	21,024970E-6
-499,200000E-3	21,022876E-6
-498,700000E-3	21,019527E-6
-498,200000E-3	21,014885E-6
-497,700000E-3	21,009545E-6
-497,400000E-3	21,003160E-6
-496,900000E-3	20,995955E-6
-496,400000E-3	20,983759E-6
-495,900000E-3	20,967860E-6
-495,600000E-3	20,959313E-6
-495,100000E-3	20,952695E-6
-494,600000E-3	20,938420E-6
-494,000000E-3	20,922505E-6
-493,700000E-3	20,908740E-6
-492,900000E-3	20,897541E-6
-492,600000E-3	20,885807E-6
-492,100000E-3	20,871153E-6
-491,600000E-3	20,852397E-6
-491,000000E-3	20,833388E-6
-490,700000E-3	20,818208E-6
-490,100000E-3	20,808395E-6
-489,600000E-3	20,798539E-6
-489,000000E-3	20,787906E-6
-488,500000E-3	20,780815E-6
-487,900000E-3	20,775990E-6
-487,300000E-3	20,769586E-6
-487,000000E-3	20,760590E-6
-486,200000E-3	20,749968E-6
-485,900000E-3	20,736497E-6
-485,300000E-3	20,720547E-6
-484,800000E-3	20,701459E-6
-484,200000E-3	20,681219E-6
-483,900000E-3	20,660924E-6
-483,200000E-3	20,641997E-6
-482,800000E-3	20,621440E-6
-482,200000E-3	20,603152E-6
-481,700000E-3	20,589806E-6
-481,100000E-3	20,572108E-6
-480,500000E-3	20,543534E-6
-480,000000E-3	20,509439E-6
-479,400000E-3	20,486585E-6
-478,700000E-3	20,471086E-6
-478,200000E-3	20,459841E-6
-477,900000E-3	20,447927E-6
-477,100000E-3	20,433424E-6
-476,800000E-3	20,418381E-6
-476,200000E-3	20,401929E-6
-475,600000E-3	20,383934E-6
-475,000000E-3	20,367589E-6
-474,700000E-3	20,351130E-6
-474,200000E-3	20,330341E-6
-473,400000E-3	20,304853E-6
-473,000000E-3	20,276416E-6
-472,700000E-3	20,245977E-6
-472,000000E-3	20,219306E-6
-471,600000E-3	20,196294E-6
-471,100000E-3	20,180480E-6
-470,500000E-3	20,165978E-6
-469,900000E-3	20,139126E-6
-469,400000E-3	20,108853E-6
-468,800000E-3	20,088896E-6
-468,200000E-3	20,069121E-6
-467,600000E-3	20,046537E-6
-467,400000E-3	20,022524E-6
-466,500000E-3	19,995835E-6
-466,200000E-3	19,968964E-6
-465,600000E-3	19,949125E-6
-465,100000E-3	19,930984E-6
-464,500000E-3	19,907852E-6
-464,200000E-3	19,881072E-6
-463,600000E-3	19,854600E-6
-463,000000E-3	19,828255E-6
-462,500000E-3	19,800802E-6
-461,900000E-3	19,773455E-6
-461,300000E-3	19,749428E-6
-461,100000E-3	19,726668E-6
-460,500000E-3	19,702572E-6
-459,900000E-3	19,670242E-6
-459,400000E-3	19,632249E-6
-458,800000E-3	19,595590E-6
-458,300000E-3	19,564052E-6
-457,700000E-3	19,537967E-6
-457,400000E-3	19,513652E-6
-456,600000E-3	19,486669E-6
-456,300000E-3	19,455008E-6
-455,700000E-3	19,427947E-6
-455,100000E-3	19,402465E-6
-454,500000E-3	19,371976E-6
-454,300000E-3	19,336338E-6
-453,600000E-3	19,299184E-6
-453,100000E-3	19,263471E-6
-452,300000E-3	19,232788E-6
-452,000000E-3	19,203802E-6
-451,400000E-3	19,174588E-6
-451,100000E-3	19,142876E-6
-450,500000E-3	19,108973E-6
-449,900000E-3	19,073352E-6
-449,400000E-3	19,039476E-6
-449,100000E-3	19,011306E-6
-448,300000E-3	18,985438E-6
-448,000000E-3	18,955721E-6
-447,400000E-3	18,917827E-6
-446,800000E-3	18,880480E-6
-446,300000E-3	18,848987E-6
-445,700000E-3	18,818085E-6
-445,400000E-3	18,787657E-6
-444,800000E-3	18,756242E-6
-444,000000E-3	18,723856E-6
-443,700000E-3	18,690412E-6
-443,200000E-3	18,652739E-6
-442,800000E-3	18,617948E-6
-442,300000E-3	18,588196E-6
-441,400000E-3	18,555180E-6
-441,200000E-3	18,523326E-6
-440,700000E-3	18,489574E-6
-440,000000E-3	18,455487E-6
-439,500000E-3	18,422648E-6
-439,200000E-3	18,390539E-6
-438,300000E-3	18,357856E-6
-438,000000E-3	18,324662E-6
-437,400000E-3	18,290599E-6
-436,900000E-3	18,252517E-6
-436,300000E-3	18,218308E-6
-435,700000E-3	18,186713E-6
-435,500000E-3	18,157785E-6
-434,600000E-3	18,129808E-6
-434,300000E-3	18,102189E-6
-434,000000E-3	18,073447E-6
-433,200000E-3	18,041514E-6
-432,600000E-3	18,008543E-6
-432,300000E-3	17,977088E-6
-431,700000E-3	17,949545E-6
-431,100000E-3	17,920397E-6
-430,600000E-3	17,892884E-6
-430,200000E-3	17,865037E-6
-429,500000E-3	17,837768E-6
-429,200000E-3	17,806830E-6
-428,600000E-3	17,777170E-6
-428,000000E-3	17,748619E-6
-427,400000E-3	17,718181E-6
-427,200000E-3	17,680960E-6
-426,300000E-3	17,637491E-6
-426,000000E-3	17,595962E-6
-425,500000E-3	17,559708E-6
-424,900000E-3	17,528989E-6
-424,300000E-3	17,504687E-6
-424,000000E-3	17,484721E-6
-423,300000E-3	17,460987E-6
-422,900000E-3	17,432338E-6
-422,400000E-3	17,398859E-6
-421,800000E-3	17,370302E-6
-421,200000E-3	17,341998E-6
-420,600000E-3	17,313133E-6
-420,300000E-3	17,282294E-6
-419,500000E-3	17,251980E-6
-419,200000E-3	17,225206E-6
-418,600000E-3	17,195764E-6
-418,000000E-3	17,165946E-6
-417,500000E-3	17,135675E-6
-417,000000E-3	17,106172E-6
-416,500000E-3	17,077955E-6
-415,800000E-3	17,051275E-6
-415,500000E-3	17,021294E-6
-415,000000E-3	16,993101E-6
-414,400000E-3	16,966972E-6
-413,900000E-3	16,942132E-6
-413,500000E-3	16,915792E-6
-412,600000E-3	16,886467E-6
-412,300000E-3	16,856861E-6
-411,800000E-3	16,830711E-6
-411,200000E-3	16,804420E-6
-410,700000E-3	16,778283E-6
-410,400000E-3	16,749743E-6
-409,800000E-3	16,720202E-6
-409,200000E-3	16,692559E-6
-408,600000E-3	16,666320E-6
-408,300000E-3	16,642255E-6
-407,500000E-3	16,621552E-6
-407,200000E-3	16,599575E-6
-406,700000E-3	16,573541E-6
-406,100000E-3	16,547581E-6
-405,500000E-3	16,522131E-6
-405,100000E-3	16,491866E-6
-404,400000E-3	16,462916E-6
-403,800000E-3	16,432782E-6
-403,500000E-3	16,406696E-6
-402,900000E-3	16,381594E-6
-402,300000E-3	16,356125E-6
-401,900000E-3	16,331665E-6
-401,300000E-3	16,306347E-6
-400,700000E-3	16,285003E-6
-400,400000E-3	16,263535E-6
-399,800000E-3	16,241606E-6
-399,300000E-3	16,216672E-6
-398,800000E-3	16,190708E-6
-398,300000E-3	16,163766E-6
-397,600000E-3	16,137820E-6
-397,300000E-3	16,112549E-6
-396,700000E-3	16,086459E-6
-396,200000E-3	16,060646E-6
-395,600000E-3	16,038123E-6
-395,000000E-3	16,014545E-6
-394,400000E-3	15,990792E-6
-394,200000E-3	15,967372E-6
-393,600000E-3	15,943721E-6
-393,100000E-3	15,919172E-6
-392,500000E-3	15,889148E-6
-391,900000E-3	15,858571E-6
-391,300000E-3	15,830122E-6
-390,700000E-3	15,802092E-6
-390,100000E-3	15,777355E-6
-389,900000E-3	15,754932E-6
-389,300000E-3	15,731066E-6
-388,700000E-3	15,706701E-6
-388,100000E-3	15,684903E-6
-387,800000E-3	15,664887E-6
-387,100000E-3	15,643270E-6
-386,700000E-3	15,620676E-6
-386,200000E-3	15,600541E-6
-385,600000E-3	15,578256E-6
-384,700000E-3	15,553831E-6
-384,500000E-3	15,531163E-6
-383,900000E-3	15,511058E-6
-383,500000E-3	15,492208E-6
-383,000000E-3	15,475838E-6
-382,500000E-3	15,459776E-6
-381,900000E-3	15,439475E-6
-381,700000E-3	15,414871E-6
-380,900000E-3	15,389753E-6
-380,500000E-3	15,367633E-6
-379,900000E-3	15,349333E-6
-379,500000E-3	15,331101E-6
-378,800000E-3	15,310199E-6
-378,500000E-3	15,290937E-6
-377,900000E-3	15,274062E-6
-377,400000E-3	15,257747E-6
-376,800000E-3	15,244048E-6
-376,300000E-3	15,231241E-6
-375,600000E-3	15,218889E-6
-375,000000E-3	15,208095E-6
-374,800000E-3	15,199724E-6
-374,100000E-3	15,187655E-6
-373,600000E-3	15,170957E-6
-373,100000E-3	15,156048E-6
-372,700000E-3	15,141239E-6
-371,900000E-3	15,124881E-6
-371,600000E-3	15,109818E-6
-371,000000E-3	15,097364E-6
-370,500000E-3	15,085684E-6
-370,200000E-3	15,074750E-6
-369,500000E-3	15,061872E-6
-369,100000E-3	15,046142E-6
-368,500000E-3	15,031441E-6
-368,000000E-3	15,018380E-6
-367,400000E-3	15,004559E-6
-366,800000E-3	14,995803E-6
-366,500000E-3	14,989329E-6
-365,900000E-3	14,979421E-6
-365,300000E-3	14,966048E-6
-364,500000E-3	14,950639E-6
-364,300000E-3	14,933561E-6
-363,700000E-3	14,917259E-6
-363,400000E-3	14,902907E-6
-362,700000E-3	14,891582E-6
-362,200000E-3	14,881951E-6
-361,700000E-3	14,872508E-6
-361,100000E-3	14,861994E-6
-360,500000E-3	14,848224E-6
-360,000000E-3	14,837999E-6
-359,700000E-3	14,830042E-6
-358,900000E-3	14,818836E-6
-358,500000E-3	14,803892E-6
-358,000000E-3	14,791132E-6
-357,400000E-3	14,781310E-6
-356,900000E-3	14,771651E-6
-356,500000E-3	14,761063E-6
-355,800000E-3	14,751082E-6
-355,400000E-3	14,740843E-6
-354,900000E-3	14,730380E-6
-354,400000E-3	14,720773E-6
-353,700000E-3	14,711288E-6
-353,400000E-3	14,700298E-6
-352,900000E-3	14,687297E-6
-352,300000E-3	14,675450E-6
-351,700000E-3	14,666407E-6
-351,300000E-3	14,656896E-6
-350,600000E-3	14,645108E-6
-350,300000E-3	14,631531E-6
-349,700000E-3	14,621948E-6
-349,200000E-3	14,611138E-6
-348,400000E-3	14,600044E-6
-348,000000E-3	14,594387E-6
-347,700000E-3	14,591415E-6
-346,800000E-3	14,586915E-6
-346,600000E-3	14,577943E-6
-346,000000E-3	14,566194E-6
-345,400000E-3	14,557682E-6
-344,600000E-3	14,552320E-6
-344,600000E-3	14,546460E-6
-343,800000E-3	14,540563E-6
-343,400000E-3	14,532572E-6
-342,800000E-3	14,525057E-6
-342,300000E-3	14,519622E-6
-341,700000E-3	14,514830E-6
-341,100000E-3	14,508803E-6
-340,800000E-3	14,501982E-6
-340,000000E-3	14,495767E-6
-339,700000E-3	14,491572E-6
-339,200000E-3	14,487257E-6
-338,400000E-3	14,480751E-6
-338,000000E-3	14,476441E-6
-337,500000E-3	14,473769E-6
-336,800000E-3	14,470464E-6
-336,600000E-3	14,465201E-6
-336,000000E-3	14,459263E-6
-335,400000E-3	14,455618E-6
-334,900000E-3	14,454559E-6
-334,600000E-3	14,454202E-6
-333,700000E-3	14,448966E-6
-333,400000E-3	14,438737E-6
-332,800000E-3	14,430155E-6
-332,300000E-3	14,424669E-6
-331,700000E-3	14,419405E-6
-331,100000E-3	14,412649E-6
-330,800000E-3	14,405415E-6
-330,100000E-3	14,395977E-6
-329,700000E-3	14,385887E-6
-329,100000E-3	14,380624E-6
-328,500000E-3	14,377271E-6
-327,900000E-3	14,371796E-6
-327,700000E-3	14,364540E-6
-327,000000E-3	14,357275E-6
-326,500000E-3	14,352257E-6
-326,000000E-3	14,346216E-6
-325,600000E-3	14,337273E-6
-324,800000E-3	14,329533E-6
-324,500000E-3	14,324073E-6
-323,900000E-3	14,320027E-6
-323,200000E-3	14,315005E-6
-322,800000E-3	14,308194E-6
-322,500000E-3	14,303079E-6
-321,700000E-3	14,299300E-6
-321,400000E-3	14,294521E-6
-320,900000E-3	14,285971E-6
-320,300000E-3	14,273063E-6
-319,700000E-3	14,259539E-6
-319,400000E-3	14,247916E-6
-318,700000E-3	14,239430E-6
-318,200000E-3	14,234198E-6
-317,700000E-3	14,230885E-6
-317,100000E-3	14,225621E-6
-316,900000E-3	14,219104E-6
-316,300000E-3	14,213163E-6
-315,700000E-3	14,205334E-6
-315,100000E-3	14,194167E-6
-314,600000E-3	14,180626E-6
-314,100000E-3	14,168173E-6
-313,700000E-3	14,160181E-6
-313,100000E-3	14,156728E-6
-312,500000E-3	14,151534E-6
-311,900000E-3	14,143306E-6
-311,400000E-3	14,137060E-6
-311,100000E-3	14,133337E-6
-310,300000E-3	14,126628E-6
-310,000000E-3	14,113922E-6
-309,400000E-3	14,104658E-6
-308,800000E-3	14,100302E-6
-308,300000E-3	14,096894E-6
-307,700000E-3	14,089471E-6
-307,400000E-3	14,080558E-6
-306,500000E-3	14,073622E-6
-306,300000E-3	14,069237E-6
-305,700000E-3	14,063869E-6
-305,100000E-3	14,056434E-6
-304,500000E-3	14,051944E-6
-304,300000E-3	14,049622E-6
-303,700000E-3	14,047098E-6
-302,900000E-3	14,041388E-6
-302,600000E-3	14,031728E-6
-302,200000E-3	14,022014E-6
-301,400000E-3	14,018307E-6
-301,100000E-3	14,019234E-6
-300,500000E-3	14,016858E-6
-299,900000E-3	14,006685E-6
-299,400000E-3	13,993221E-6
-299,000000E-3	13,981260E-6
-298,300000E-3	13,971334E-6
-298,000000E-3	13,962088E-6
-297,500000E-3	13,952390E-6
-296,800000E-3	13,941529E-6
-296,600000E-3	13,929203E-6
-296,000000E-3	13,919341E-6
-295,400000E-3	13,912906E-6
-294,800000E-3	13,906881E-6
-294,600000E-3	13,897310E-6
-293,700000E-3	13,881395E-6
-293,400000E-3	13,865295E-6
-292,800000E-3	13,853586E-6
-292,300000E-3	13,842204E-6
-291,700000E-3	13,829888E-6
-291,400000E-3	13,813349E-6
-290,900000E-3	13,796244E-6
-290,300000E-3	13,778969E-6
-289,700000E-3	13,764179E-6
-289,200000E-3	13,749802E-6
-288,500000E-3	13,736490E-6
-288,300000E-3	13,722113E-6
-287,700000E-3	13,707580E-6
-287,200000E-3	13,693239E-6
-286,600000E-3	13,673200E-6
-286,100000E-3	13,650810E-6
-285,500000E-3	13,631304E-6
-285,100000E-3	13,616537E-6
-284,600000E-3	13,605323E-6
-284,000000E-3	13,592542E-6
-283,500000E-3	13,573484E-6
-283,100000E-3	13,552967E-6
-282,300000E-3	13,536347E-6
-282,000000E-3	13,522953E-6
-281,600000E-3	13,505902E-6
-280,900000E-3	13,487296E-6
-280,300000E-3	13,474020E-6
-280,100000E-3	13,461638E-6
-279,500000E-3	13,447975E-6
-278,800000E-3	13,427106E-6
-278,300000E-3	13,404293E-6
-278,000000E-3	13,387000E-6
-277,200000E-3	13,375776E-6
-276,600000E-3	13,365213E-6
-276,400000E-3	13,350641E-6
-275,700000E-3	13,331380E-6
-275,200000E-3	13,309729E-6
-274,900000E-3	13,289784E-6
-274,200000E-3	13,270223E-6
-273,400000E-3	13,249951E-6
-273,200000E-3	13,229807E-6
-272,600000E-3	13,216598E-6
-271,900000E-3	13,205625E-6
-271,700000E-3	13,192368E-6
-271,200000E-3	13,173056E-6
-270,300000E-3	13,151309E-6
-270,000000E-3	13,132438E-6
-269,400000E-3	13,116322E-6
-269,000000E-3	13,096362E-6
-268,300000E-3	13,074455E-6
-268,000000E-3	13,049650E-6
-267,400000E-3	13,027251E-6
-266,600000E-3	13,008724E-6
-266,300000E-3	12,989561E-6
-266,000000E-3	12,972629E-6
-265,300000E-3	12,958463E-6
-264,800000E-3	12,941890E-6
-264,300000E-3	12,920794E-6
-263,700000E-3	12,899365E-6
-263,100000E-3	12,876873E-6
-262,900000E-3	12,852540E-6
-262,300000E-3	12,831254E-6
-261,700000E-3	12,810370E-6
-261,100000E-3	12,791084E-6
-260,500000E-3	12,772705E-6
-260,000000E-3	12,751914E-6
-259,700000E-3	12,727708E-6
-259,100000E-3	12,705122E-6
-258,600000E-3	12,686068E-6
-258,000000E-3	12,667898E-6
-257,400000E-3	12,646116E-6
-257,100000E-3	12,623209E-6
-256,600000E-3	12,601251E-6
-256,000000E-3	12,581673E-6
-255,600000E-3	12,564186E-6
-254,900000E-3	12,548224E-6
-254,400000E-3	12,531017E-6
-253,900000E-3	12,509557E-6
-253,300000E-3	12,485734E-6
-252,700000E-3	12,462798E-6
-252,400000E-3	12,440022E-6
-251,800000E-3	12,417192E-6
-251,100000E-3	12,394173E-6
-250,600000E-3	12,370080E-6
-250,400000E-3	12,346259E-6
-249,800000E-3	12,323064E-6
-249,200000E-3	12,300578E-6
-248,600000E-3	12,278638E-6
-248,100000E-3	12,260155E-6
-247,500000E-3	12,242901E-6
-247,200000E-3	12,222046E-6
-246,600000E-3	12,200206E-6
-246,000000E-3	12,175443E-6
-245,500000E-3	12,149169E-6
-245,100000E-3	12,122860E-6
-244,300000E-3	12,097007E-6
-243,800000E-3	12,073100E-6
-243,500000E-3	12,052289E-6
-242,900000E-3	12,035615E-6
-242,300000E-3	12,018207E-6
-242,000000E-3	12,001261E-6
-241,400000E-3	11,983618E-6
-240,900000E-3	11,960751E-6
-240,300000E-3	11,935990E-6
-239,700000E-3	11,914174E-6
-239,100000E-3	11,894358E-6
-238,800000E-3	11,874739E-6
-238,300000E-3	11,855637E-6
-237,700000E-3	11,836486E-6
-237,200000E-3	11,815504E-6
-236,500000E-3	11,793754E-6
-236,300000E-3	11,774037E-6
-235,700000E-3	11,758149E-6
-235,100000E-3	11,744194E-6
-234,600000E-3	11,728506E-6
-234,000000E-3	11,710895E-6
-233,400000E-3	11,693169E-6
-233,100000E-3	11,673057E-6
-232,500000E-3	11,649288E-6
-231,900000E-3	11,627225E-6
-231,400000E-3	11,608283E-6
-230,900000E-3	11,586060E-6
-230,200000E-3	11,561503E-6
-229,900000E-3	11,538667E-6
-229,300000E-3	11,513919E-6
-228,900000E-3	11,484253E-6
-228,200000E-3	11,459423E-6
-227,900000E-3	11,441005E-6
-227,000000E-3	11,425581E-6
-226,800000E-3	11,407982E-6
-226,200000E-3	11,387444E-6
-225,900000E-3	11,363401E-6
-225,000000E-3	11,339134E-6
-224,700000E-3	11,317405E-6
-224,100000E-3	11,298431E-6
-223,600000E-3	11,278570E-6
-223,000000E-3	11,255843E-6
-222,700000E-3	11,231849E-6
-222,100000E-3	11,210079E-6
-221,500000E-3	11,190050E-6
-220,900000E-3	11,171147E-6
-220,700000E-3	11,154293E-6
-219,900000E-3	11,138951E-6
-219,500000E-3	11,119934E-6
-218,900000E-3	11,099404E-6
-218,400000E-3	11,082398E-6
-217,800000E-3	11,071317E-6
-217,600000E-3	11,059844E-6
-217,000000E-3	11,043188E-6
-216,400000E-3	11,020947E-6
-215,800000E-3	10,997717E-6
-215,500000E-3	10,977584E-6
-214,600000E-3	10,959894E-6
-214,000000E-3	10,945669E-6
-213,800000E-3	10,936566E-6
-213,200000E-3	10,926106E-6
-212,600000E-3	10,916048E-6
-212,000000E-3	10,907229E-6
-211,700000E-3	10,897895E-6
-211,100000E-3	10,886143E-6
-210,600000E-3	10,869428E-6
-210,300000E-3	10,849943E-6
-209,500000E-3	10,835068E-6
-208,800000E-3	10,825803E-6
-208,600000E-3	10,817086E-6
-208,100000E-3	10,806754E-6
-207,400000E-3	10,797096E-6
-207,100000E-3	10,790011E-6
-206,600000E-3	10,783168E-6
-206,000000E-3	10,773937E-6
-205,500000E-3	10,763687E-6
-205,100000E-3	10,755571E-6
-204,400000E-3	10,749719E-6
-204,000000E-3	10,743906E-6
-203,300000E-3	10,739437E-6
-202,900000E-3	10,735817E-6
-202,300000E-3	10,730477E-6
-202,000000E-3	10,725264E-6
-201,400000E-3	10,723029E-6
-200,800000E-3	10,720449E-6
-200,200000E-3	10,717757E-6
-199,600000E-3	10,717579E-6
-199,300000E-3	10,716132E-6
-198,800000E-3	10,710449E-6
-198,000000E-3	10,703260E-6
-197,600000E-3	10,696602E-6
-197,100000E-3	10,695268E-6
-196,800000E-3	10,698577E-6
-196,200000E-3	10,702281E-6
-195,600000E-3	10,702940E-6
-195,100000E-3	10,701472E-6
-194,800000E-3	10,701071E-6
-194,200000E-3	10,702399E-6
-193,600000E-3	10,703079E-6
-193,000000E-3	10,698977E-6
-192,500000E-3	10,691179E-6
-191,900000E-3	10,682151E-6
-191,600000E-3	10,676995E-6
-191,000000E-3	10,678126E-6
-190,400000E-3	10,677840E-6
-189,800000E-3	10,673408E-6
-189,300000E-3	10,669615E-6
-188,800000E-3	10,669235E-6
-188,200000E-3	10,671486E-6
-187,900000E-3	10,671880E-6
-187,300000E-3	10,668395E-6
-186,700000E-3	10,664204E-6
-186,100000E-3	10,658859E-6
-185,500000E-3	10,652516E-6
-185,300000E-3	10,646700E-6
-184,700000E-3	10,641217E-6
-183,800000E-3	10,632994E-6
-183,500000E-3	10,620902E-6
-182,900000E-3	10,609780E-6
-182,700000E-3	10,602128E-6
-182,100000E-3	10,597048E-6
-181,500000E-3	10,590798E-6
-181,000000E-3	10,580878E-6
-180,700000E-3	10,569711E-6
-179,800000E-3	10,560852E-6
-179,200000E-3	10,553803E-6
-178,900000E-3	10,544898E-6
-178,300000E-3	10,536558E-6
-177,700000E-3	10,530315E-6
-177,200000E-3	10,523702E-6
-176,900000E-3	10,515986E-6
-176,300000E-3	10,509146E-6
-175,700000E-3	10,502597E-6
-175,100000E-3	10,495846E-6
-174,900000E-3	10,489295E-6
-174,000000E-3	10,482246E-6
-173,700000E-3	10,474817E-6
-173,100000E-3	10,464381E-6
-172,600000E-3	10,452235E-6
-172,000000E-3	10,441598E-6
-171,700000E-3	10,434404E-6
-171,200000E-3	10,430145E-6
-170,600000E-3	10,426585E-6
-170,000000E-3	10,420313E-6
-169,700000E-3	10,413328E-6
-168,900000E-3	10,406948E-6
-168,500000E-3	10,396653E-6
-168,000000E-3	10,383661E-6
-167,400000E-3	10,371596E-6
-166,900000E-3	10,361724E-6
-166,600000E-3	10,351827E-6
-166,000000E-3	10,343184E-6
-165,400000E-3	10,335333E-6
-164,800000E-3	10,324510E-6
-164,400000E-3	10,310902E-6
-163,700000E-3	10,295115E-6
-163,400000E-3	10,278219E-6
-162,900000E-3	10,261177E-6
-162,200000E-3	10,243900E-6
-161,600000E-3	10,228538E-6
-161,300000E-3	10,212474E-6
-160,800000E-3	10,197511E-6
-160,200000E-3	10,186983E-6
-159,700000E-3	10,176965E-6
-159,300000E-3	10,162126E-6
-158,500000E-3	10,143762E-6
-158,100000E-3	10,124454E-6
-157,300000E-3	10,106630E-6
-157,000000E-3	10,090179E-6
-156,500000E-3	10,075110E-6
-156,200000E-3	10,058524E-6
-155,600000E-3	10,040495E-6
-155,000000E-3	10,021315E-6
-154,400000E-3	10,003766E-6
-154,100000E-3	9,987733E-6
-153,400000E-3	9,972358E-6
-153,000000E-3	9,957598E-6
-152,400000E-3	9,942120E-6
-151,800000E-3	9,924553E-6
-151,200000E-3	9,904886E-6
-150,700000E-3	9,882350E-6
-150,400000E-3	9,861262E-6
-149,900000E-3	9,842361E-6
-149,300000E-3	9,821517E-6
-149,000000E-3	9,793280E-6
-148,100000E-3	9,760302E-6
-147,500000E-3	9,732871E-6
-147,300000E-3	9,710228E-6
-146,700000E-3	9,685944E-6
-146,100000E-3	9,662069E-6
-145,800000E-3	9,642023E-6
-145,200000E-3	9,623200E-6
-144,600000E-3	9,602980E-6
-144,100000E-3	9,580941E-6
-143,800000E-3	9,555065E-6
-142,900000E-3	9,526928E-6
-142,600000E-3	9,497336E-6
-142,000000E-3	9,469492E-6
-141,500000E-3	9,442630E-6
-140,900000E-3	9,415723E-6
-140,600000E-3	9,387583E-6
-140,000000E-3	9,357865E-6
-139,500000E-3	9,323601E-6
-138,900000E-3	9,288013E-6
-138,500000E-3	9,257578E-6
-137,800000E-3	9,229502E-6
-137,500000E-3	9,202093E-6
-136,900000E-3	9,173097E-6
-136,300000E-3	9,141291E-6
-135,800000E-3	9,110189E-6
-135,300000E-3	9,078965E-6
-134,600000E-3	9,049546E-6
-134,400000E-3	9,017951E-6
-133,800000E-3	8,983522E-6
-133,200000E-3	8,941547E-6
-132,600000E-3	8,903796E-6
-132,100000E-3	8,871107E-6
-131,600000E-3	8,839184E-6
-131,200000E-3	8,802359E-6
-130,700000E-3	8,759212E-6
-130,100000E-3	8,709968E-6
-129,500000E-3	8,666562E-6
-129,300000E-3	8,626910E-6
-128,700000E-3	8,594081E-6
-127,900000E-3	8,564051E-6
-127,500000E-3	8,528061E-6
-127,000000E-3	8,494396E-6
-126,400000E-3	8,463268E-6
-125,800000E-3	8,429274E-6
-125,500000E-3	8,394452E-6
-124,900000E-3	8,361585E-6
-124,400000E-3	8,322242E-6
-123,800000E-3	8,287414E-6
-123,500000E-3	8,249715E-6
-122,700000E-3	8,206997E-6
-122,300000E-3	8,161663E-6
-121,800000E-3	8,119183E-6
-121,200000E-3	8,081973E-6
-120,700000E-3	8,046386E-6
-120,300000E-3	8,009688E-6
-119,800000E-3	7,969567E-6
-119,200000E-3	7,926519E-6
-118,300000E-3	7,886966E-6
-118,300000E-3	7,849044E-6
-117,500000E-3	7,806945E-6
-117,100000E-3	7,758811E-6
-116,600000E-3	7,708315E-6
-116,000000E-3	7,661883E-6
-115,500000E-3	7,611547E-6
-114,600000E-3	7,561432E-6
-114,300000E-3	7,516287E-6
-113,700000E-3	7,476720E-6
-113,200000E-3	7,439137E-6
-112,900000E-3	7,397712E-6
-112,300000E-3	7,353405E-6
-111,700000E-3	7,307193E-6
-111,100000E-3	7,259503E-6
-110,800000E-3	7,212395E-6
-110,100000E-3	7,167778E-6
-109,700000E-3	7,124129E-6
-109,100000E-3	7,079143E-6
-108,500000E-3	7,032354E-6
-107,900000E-3	6,985779E-6
-107,700000E-3	6,941946E-6
-107,100000E-3	6,901378E-6
-106,600000E-3	6,857803E-6
-106,000000E-3	6,811080E-6
-105,700000E-3	6,764827E-6
-104,800000E-3	6,722861E-6
-104,500000E-3	6,681613E-6
-104,000000E-3	6,639322E-6
-103,400000E-3	6,590789E-6
-102,800000E-3	6,545806E-6
-102,200000E-3	6,495181E-6
-101,800000E-3	6,443796E-6
-101,100000E-3	6,395808E-6
-100,800000E-3	6,346272E-6
-100,200000E-3	6,300287E-6
-99,600000E-3	6,253129E-6
-99,100000E-3	6,205693E-6
-98,800000E-3	6,157894E-6
-98,100000E-3	6,109302E-6
-97,700000E-3	6,056683E-6
-97,000000E-3	6,009922E-6
-96,500000E-3	5,964391E-6
-95,900000E-3	5,914329E-6
-95,600000E-3	5,855505E-6
-95,000000E-3	5,802575E-6
-94,300000E-3	5,753313E-6
-93,600000E-3	5,702400E-6
-93,300000E-3	5,654587E-6
-92,800000E-3	5,600105E-6
-92,100000E-3	5,546529E-6
-91,900000E-3	5,492465E-6
-91,300000E-3	5,440962E-6
-90,700000E-3	5,391111E-6
-90,200000E-3	5,339414E-6
-89,800000E-3	5,284183E-6
-89,100000E-3	5,225954E-6
-88,700000E-3	5,167090E-6
-88,200000E-3	5,107689E-6
-87,600000E-3	5,048617E-6
-87,000000E-3	4,992160E-6
-86,600000E-3	4,937288E-6
-86,100000E-3	4,881661E-6
-85,500000E-3	4,821923E-6
-85,000000E-3	4,759594E-6
-84,700000E-3	4,700525E-6
-84,000000E-3	4,641872E-6
-83,500000E-3	4,581808E-6
-82,900000E-3	4,522849E-6
-82,500000E-3	4,456382E-6
-81,800000E-3	4,392758E-6
-81,200000E-3	4,332104E-6
-80,900000E-3	4,269689E-6
-80,300000E-3	4,205658E-6
-79,700000E-3	4,145747E-6
-79,500000E-3	4,086311E-6
-78,800000E-3	4,020266E-6
-78,400000E-3	3,953484E-6
-77,800000E-3	3,888960E-6
-77,200000E-3	3,826941E-6
-76,600000E-3	3,767737E-6
-76,300000E-3	3,702360E-6
-75,700000E-3	3,640701E-6
-75,200000E-3	3,583095E-6
-74,600000E-3	3,525319E-6
-74,300000E-3	3,464459E-6
-73,400000E-3	3,403152E-6
-72,800000E-3	3,333360E-6
-72,500000E-3	3,265350E-6
-72,000000E-3	3,196618E-6
-71,400000E-3	3,130637E-6
-71,100000E-3	3,066569E-6
-70,500000E-3	3,001549E-6
-70,000000E-3	2,936072E-6
-69,300000E-3	2,871261E-6
-68,700000E-3	2,806588E-6
-68,400000E-3	2,742145E-6
-67,700000E-3	2,676449E-6
-67,500000E-3	2,610334E-6
-66,900000E-3	2,546586E-6
-66,300000E-3	2,481348E-6
-66,000000E-3	2,412499E-6
-65,400000E-3	2,346205E-6
-64,800000E-3	2,283846E-6
-64,200000E-3	2,224107E-6
-63,800000E-3	2,162327E-6
-63,200000E-3	2,097123E-6
-62,800000E-3	2,029588E-6
-62,100000E-3	1,956915E-6
-61,400000E-3	1,892188E-6
-61,100000E-3	1,823289E-6
-60,500000E-3	1,760248E-6
-60,200000E-3	1,694608E-6
-59,500000E-3	1,625481E-6
-59,000000E-3	1,554219E-6
-58,500000E-3	1,481494E-6
-58,100000E-3	1,409289E-6
-57,600000E-3	1,339126E-6
-56,900000E-3	1,265695E-6
-56,300000E-3	1,194623E-6
-56,100000E-3	1,119592E-6
-55,400000E-3	1,048268E-6
-54,800000E-3	979,814522E-9
-54,200000E-3	910,455195E-9
-53,900000E-3	839,986310E-9
-53,300000E-3	768,300039E-9
-52,700000E-3	694,969516E-9
-52,300000E-3	626,654740E-9
-51,800000E-3	561,096594E-9
-51,200000E-3	493,463832E-9
-50,900000E-3	424,516387E-9
-50,400000E-3	352,714678E-9
-49,700000E-3	279,637687E-9
-49,100000E-3	208,877539E-9
-48,800000E-3	139,560680E-9
-48,200000E-3	72,215581E-9
-47,600000E-3	5,197493E-9
-47,000000E-3	-63,597157E-9
-46,700000E-3	-134,381117E-9
-46,100000E-3	-202,285257E-9
-45,500000E-3	-266,015732E-9
-44,900000E-3	-330,788614E-9
-44,600000E-3	-403,102143E-9
-44,000000E-3	-470,505001E-9
-43,700000E-3	-535,443145E-9
-42,800000E-3	-595,991696E-9
-42,500000E-3	-654,454676E-9
-41,900000E-3	-714,200721E-9
-41,600000E-3	-776,262873E-9
-41,000000E-3	-841,512322E-9
-40,400000E-3	-916,061636E-9
-39,800000E-3	-983,697541E-9
-39,500000E-3	-1,044797E-6
-38,900000E-3	-1,102320E-6
-38,300000E-3	-1,160146E-6
-37,700000E-3	-1,220267E-6
-37,400000E-3	-1,280752E-6
-36,800000E-3	-1,339281E-6
-36,200000E-3	-1,401388E-6
-35,600000E-3	-1,456912E-6
-35,200000E-3	-1,510263E-6
-34,700000E-3	-1,565900E-6
-34,400000E-3	-1,624754E-6
-33,700000E-3	-1,682799E-6
-33,000000E-3	-1,737007E-6
-32,600000E-3	-1,788194E-6
-32,300000E-3	-1,838299E-6
-31,700000E-3	-1,889886E-6
-31,000000E-3	-1,940693E-6
-30,400000E-3	-1,990662E-6
-29,800000E-3	-2,040220E-6
-29,500000E-3	-2,088302E-6
-28,900000E-3	-2,134493E-6
-28,300000E-3	-2,177650E-6
-28,000000E-3	-2,224422E-6
-27,400000E-3	-2,269210E-6
-26,800000E-3	-2,309590E-6
-26,400000E-3	-2,346097E-6
-26,000000E-3	-2,383929E-6
-25,300000E-3	-2,420867E-6
-25,000000E-3	-2,455265E-6
-24,500000E-3	-2,487949E-6
-23,700000E-3	-2,517918E-6
-23,200000E-3	-2,548026E-6
-23,000000E-3	-2,580323E-6
-22,300000E-3	-2,612935E-6
-21,700000E-3	-2,645369E-6
-21,100000E-3	-2,672247E-6
-20,500000E-3	-2,699721E-6
-20,300000E-3	-2,728025E-6
-19,700000E-3	-2,753544E-6
-19,000000E-3	-2,774768E-6
-18,700000E-3	-2,796194E-6
-18,100000E-3	-2,819001E-6
-17,800000E-3	-2,840352E-6
-17,000000E-3	-2,858369E-6
-16,600000E-3	-2,873734E-6
-16,000000E-3	-2,888968E-6
-15,400000E-3	-2,905578E-6
-15,100000E-3	-2,921230E-6
-14,400000E-3	-2,932714E-6
-13,800000E-3	-2,942435E-6
-13,600000E-3	-2,951367E-6
-13,100000E-3	-2,958314E-6
-12,300000E-3	-2,965698E-6
-11,800000E-3	-2,973357E-6
-11,500000E-3	-2,980359E-6
-10,800000E-3	-2,985462E-6
-10,500000E-3	-2,992682E-6
-9,800000E-3	-3,002606E-6
-9,400000E-3	-3,010939E-6
-8,700000E-3	-3,014294E-6
-8,200000E-3	-3,015517E-6
-7,500000E-3	-3,015489E-6
-7,100000E-3	-3,015018E-6
-6,700000E-3	-3,012680E-6
-6,000000E-3	-3,006713E-6
-5,700000E-3	-2,998215E-6
-5,100000E-3	-2,988137E-6
-4,600000E-3	-2,978741E-6
-4,000000E-3	-2,973739E-6
-3,600000E-3	-2,967317E-6
-3,000000E-3	-2,956298E-6
-2,300000E-3	-2,940924E-6
-1,700000E-3	-2,926327E-6
-1,400000E-3	-2,912606E-6
-700,000000E-6	-2,898235E-6
-200,000000E-6	-2,883625E-6
300,000000E-6	-2,869526E-6
800,000000E-6	-2,855645E-6
1,400000E-3	-2,842516E-6
1,700000E-3	-2,829098E-6
2,300000E-3	-2,813230E-6
2,900000E-3	-2,798021E-6
3,600000E-3	-2,782476E-6
3,800000E-3	-2,766757E-6
4,400000E-3	-2,748788E-6
5,000000E-3	-2,727161E-6
5,600000E-3	-2,703891E-6
6,200000E-3	-2,684187E-6
6,500000E-3	-2,662735E-6
7,100000E-3	-2,639346E-6
7,700000E-3	-2,616247E-6
8,300000E-3	-2,596326E-6
8,900000E-3	-2,573869E-6
9,300000E-3	-2,550333E-6
9,600000E-3	-2,528535E-6
10,200000E-3	-2,506090E-6
10,800000E-3	-2,482848E-6
11,300000E-3	-2,459121E-6
11,700000E-3	-2,432739E-6
12,300000E-3	-2,404552E-6
12,900000E-3	-2,377128E-6
13,500000E-3	-2,351018E-6
13,800000E-3	-2,323048E-6
14,400000E-3	-2,294666E-6
15,000000E-3	-2,267114E-6
15,600000E-3	-2,239597E-6
15,900000E-3	-2,211874E-6
16,500000E-3	-2,183517E-6
16,800000E-3	-2,153443E-6
17,600000E-3	-2,120779E-6
18,000000E-3	-2,085784E-6
18,700000E-3	-2,050957E-6
18,900000E-3	-2,015776E-6
19,600000E-3	-1,980670E-6
20,100000E-3	-1,945708E-6
20,500000E-3	-1,909544E-6
21,100000E-3	-1,871828E-6
21,700000E-3	-1,837053E-6
22,000000E-3	-1,804038E-6
22,700000E-3	-1,773674E-6
23,500000E-3	-1,737554E-6
23,800000E-3	-1,700340E-6
24,100000E-3	-1,659265E-6
24,700000E-3	-1,616930E-6
25,400000E-3	-1,573543E-6
25,400000E-3	-1,532033E-6
26,200000E-3	-1,495278E-6
26,800000E-3	-1,456996E-6
27,300000E-3	-1,413022E-6
28,000000E-3	-1,371282E-6
28,400000E-3	-1,332701E-6
29,000000E-3	-1,292663E-6
29,600000E-3	-1,249531E-6
29,900000E-3	-1,205648E-6
30,500000E-3	-1,161848E-6
31,100000E-3	-1,118174E-6
31,800000E-3	-1,074937E-6
32,100000E-3	-1,031509E-6
32,700000E-3	-990,136365E-9
33,000000E-3	-948,356821E-9
33,600000E-3	-903,011603E-9
34,200000E-3	-859,371085E-9
34,800000E-3	-813,413333E-9
35,200000E-3	-769,968733E-9
35,500000E-3	-727,165854E-9
36,100000E-3	-685,174916E-9
36,800000E-3	-639,487878E-9
37,300000E-3	-593,017426E-9
38,000000E-3	-543,482145E-9
38,300000E-3	-497,984719E-9
38,900000E-3	-454,957293E-9
39,200000E-3	-408,852336E-9
39,800000E-3	-358,627653E-9
40,400000E-3	-306,799607E-9
41,100000E-3	-259,254996E-9
41,400000E-3	-214,847313E-9
42,000000E-3	-169,119728E-9
42,300000E-3	-119,557784E-9
42,900000E-3	-66,254008E-9
43,600000E-3	-12,252215E-9
44,200000E-3	41,194543E-9
44,500000E-3	93,561511E-9
45,200000E-3	143,004125E-9
45,400000E-3	193,191419E-9
45,400000E-3	249,571849E-9
46,400000E-3	309,341430E-9
47,100000E-3	371,801662E-9
47,700000E-3	429,812402E-9
47,900000E-3	488,145792E-9
48,600000E-3	546,696070E-9
49,200000E-3	608,907564E-9
49,800000E-3	673,135276E-9
50,200000E-3	736,970086E-9
50,800000E-3	798,583795E-9
51,100000E-3	857,435224E-9
51,700000E-3	916,705469E-9
52,300000E-3	981,311393E-9
52,600000E-3	1,052708E-6
53,300000E-3	1,125194E-6
53,600000E-3	1,195026E-6
54,200000E-3	1,260556E-6
54,800000E-3	1,327818E-6
55,400000E-3	1,391654E-6
55,400000E-3	1,458597E-6
56,400000E-3	1,525908E-6
56,800000E-3	1,593058E-6
57,400000E-3	1,659850E-6
58,000000E-3	1,723919E-6
58,600000E-3	1,787183E-6
58,900000E-3	1,850847E-6
59,500000E-3	1,913147E-6
59,900000E-3	1,978828E-6
60,500000E-3	2,046197E-6
61,100000E-3	2,109861E-6
61,700000E-3	2,174313E-6
62,000000E-3	2,239973E-6
62,700000E-3	2,301584E-6
63,000000E-3	2,361256E-6
63,600000E-3	2,422191E-6
64,200000E-3	2,484359E-6
64,900000E-3	2,564178E-6
65,200000E-3	2,624463E-6
65,800000E-3	2,689395E-6
66,400000E-3	2,755992E-6
66,700000E-3	2,823533E-6
67,400000E-3	2,891192E-6
67,900000E-3	2,958306E-6
68,600000E-3	3,027706E-6
68,900000E-3	3,098429E-6
69,200000E-3	3,164024E-6
69,900000E-3	3,223808E-6
70,500000E-3	3,280969E-6
71,100000E-3	3,337245E-6
71,700000E-3	3,400990E-6
72,000000E-3	3,463294E-6
72,600000E-3	3,522600E-6
72,900000E-3	3,577458E-6
73,600000E-3	3,631806E-6
74,100000E-3	3,688159E-6
74,800000E-3	3,754516E-6
75,100000E-3	3,820221E-6
75,700000E-3	3,882507E-6
76,100000E-3	3,938384E-6
76,700000E-3	3,991523E-6
77,300000E-3	4,046390E-6
77,900000E-3	4,101941E-6
78,200000E-3	4,153716E-6
78,900000E-3	4,203432E-6
79,500000E-3	4,252851E-6
79,800000E-3	4,304073E-6
80,400000E-3	4,358587E-6
81,000000E-3	4,412041E-6
81,400000E-3	4,464344E-6
82,000000E-3	4,517579E-6
82,300000E-3	4,568153E-6
82,900000E-3	4,615859E-6
83,200000E-3	4,663580E-6
83,900000E-3	4,713660E-6
84,300000E-3	4,767263E-6
85,000000E-3	4,826897E-6
85,700000E-3	4,880686E-6
86,300000E-3	4,929697E-6
86,600000E-3	4,974598E-6
86,900000E-3	5,020097E-6
87,500000E-3	5,068383E-6
88,200000E-3	5,118692E-6
88,800000E-3	5,170996E-6
88,800000E-3	5,220788E-6
89,800000E-3	5,266764E-6
89,900000E-3	5,311889E-6
89,900000E-3	5,355990E-6
89,900000E-3	5,401799E-6
91,900000E-3	5,456175E-6
92,500000E-3	5,522484E-6
93,200000E-3	5,574566E-6
93,400000E-3	5,623713E-6
94,100000E-3	5,669237E-6
94,700000E-3	5,713295E-6
95,300000E-3	5,755619E-6
95,900000E-3	5,807484E-6
96,200000E-3	5,851781E-6
96,900000E-3	5,900348E-6
97,200000E-3	5,947465E-6
97,800000E-3	5,993046E-6
98,400000E-3	6,038684E-6
99,100000E-3	6,082935E-6
99,400000E-3	6,125946E-6
100,000000E-3	6,168416E-6
100,300000E-3	6,209748E-6
100,900000E-3	6,249737E-6
101,600000E-3	6,289395E-6
102,200000E-3	6,330408E-6
102,500000E-3	6,371188E-6
103,100000E-3	6,417853E-6
103,400000E-3	6,461029E-6
104,100000E-3	6,499502E-6
104,700000E-3	6,537491E-6
105,300000E-3	6,577529E-6
105,600000E-3	6,615549E-6
106,200000E-3	6,653986E-6
106,600000E-3	6,688823E-6
106,800000E-3	6,722687E-6
107,800000E-3	6,756144E-6
108,100000E-3	6,790558E-6
108,700000E-3	6,831525E-6
109,300000E-3	6,868559E-6
110,000000E-3	6,903026E-6
110,500000E-3	6,936328E-6
110,900000E-3	6,969377E-6
111,200000E-3	7,002348E-6
111,700000E-3	7,037416E-6
112,300000E-3	7,072427E-6
112,900000E-3	7,104834E-6
112,900000E-3	7,138051E-6
113,900000E-3	7,172827E-6
114,600000E-3	7,208099E-6
114,800000E-3	7,244366E-6
115,200000E-3	7,284881E-6
115,900000E-3	7,326946E-6
116,400000E-3	7,363700E-6
117,000000E-3	7,397491E-6
117,000000E-3	7,432249E-6
118,000000E-3	7,470235E-6
118,600000E-3	7,514842E-6
119,200000E-3	7,563007E-6
119,800000E-3	7,603408E-6
120,400000E-3	7,640995E-6
120,700000E-3	7,677083E-6
121,400000E-3	7,714345E-6
121,700000E-3	7,751121E-6
122,300000E-3	7,789044E-6
122,300000E-3	7,828629E-6
123,200000E-3	7,865088E-6
123,800000E-3	7,899354E-6
124,500000E-3	7,935577E-6
124,800000E-3	7,976229E-6
125,400000E-3	8,012904E-6
125,700000E-3	8,048058E-6
126,300000E-3	8,081253E-6
126,600000E-3	8,113862E-6
127,500000E-3	8,146592E-6
127,800000E-3	8,179101E-6
128,400000E-3	8,211286E-6
129,000000E-3	8,245591E-6
129,700000E-3	8,278395E-6
129,900000E-3	8,308524E-6
130,500000E-3	8,339218E-6
131,100000E-3	8,369620E-6
131,400000E-3	8,399273E-6
132,000000E-3	8,424467E-6
132,600000E-3	8,449267E-6
133,200000E-3	8,474818E-6
133,800000E-3	8,501811E-6
134,100000E-3	8,528143E-6
134,700000E-3	8,552843E-6
135,200000E-3	8,577361E-6
135,800000E-3	8,601600E-6
136,200000E-3	8,623251E-6
136,800000E-3	8,641158E-6
137,300000E-3	8,659413E-6
137,900000E-3	8,681858E-6
138,200000E-3	8,704792E-6
138,500000E-3	8,727107E-6
139,300000E-3	8,749857E-6
139,900000E-3	8,774335E-6
140,300000E-3	8,798770E-6
140,700000E-3	8,821629E-6
141,300000E-3	8,843340E-6
141,900000E-3	8,863088E-6
142,400000E-3	8,882603E-6
143,000000E-3	8,901320E-6
143,300000E-3	8,921085E-6
144,000000E-3	8,940665E-6
144,400000E-3	8,960408E-6
145,000000E-3	8,982438E-6
145,600000E-3	9,004225E-6
146,200000E-3	9,025968E-6
146,200000E-3	9,048641E-6
147,000000E-3	9,071527E-6
147,600000E-3	9,098892E-6
148,400000E-3	9,127963E-6
148,800000E-3	9,146718E-6
149,000000E-3	9,162675E-6
149,900000E-3	9,179564E-6
150,400000E-3	9,199425E-6
150,800000E-3	9,218733E-6
151,300000E-3	9,236759E-6
152,100000E-3	9,251786E-6
152,400000E-3	9,267072E-6
153,000000E-3	9,287572E-6
153,600000E-3	9,308916E-6
154,200000E-3	9,328953E-6
154,400000E-3	9,348175E-6
155,000000E-3	9,370712E-6
155,600000E-3	9,392022E-6
156,200000E-3	9,413464E-6
156,700000E-3	9,435589E-6
157,000000E-3	9,457771E-6
157,600000E-3	9,476214E-6
158,100000E-3	9,494967E-6
158,700000E-3	9,513889E-6
159,300000E-3	9,531449E-6
159,900000E-3	9,551329E-6
160,400000E-3	9,572197E-6
160,700000E-3	9,593275E-6
161,300000E-3	9,613547E-6
161,900000E-3	9,634029E-6
162,500000E-3	9,653674E-6
163,000000E-3	9,671093E-6
163,600000E-3	9,688001E-6
163,900000E-3	9,706652E-6
164,500000E-3	9,727600E-6
165,000000E-3	9,748416E-6
165,500000E-3	9,766183E-6
166,100000E-3	9,785343E-6
166,500000E-3	9,808731E-6
167,300000E-3	9,831308E-6
167,600000E-3	9,850759E-6
167,900000E-3	9,871504E-6
168,700000E-3	9,893917E-6
169,300000E-3	9,915235E-6
169,600000E-3	9,938134E-6
170,300000E-3	9,963408E-6
170,700000E-3	9,986209E-6
171,000000E-3	10,011653E-6
171,800000E-3	10,035149E-6
172,100000E-3	10,052605E-6
172,900000E-3	10,067941E-6
173,300000E-3	10,084532E-6
173,600000E-3	10,103074E-6
174,400000E-3	10,123463E-6
174,700000E-3	10,146547E-6
175,500000E-3	10,173070E-6
175,800000E-3	10,201551E-6
176,400000E-3	10,229552E-6
177,000000E-3	10,255285E-6
177,600000E-3	10,278619E-6
177,800000E-3	10,302468E-6
178,400000E-3	10,325939E-6
179,200000E-3	10,351590E-6
179,800000E-3	10,386699E-6
180,400000E-3	10,413909E-6
180,700000E-3	10,441061E-6
181,200000E-3	10,467985E-6
181,800000E-3	10,494890E-6
182,400000E-3	10,520582E-6
182,900000E-3	10,549117E-6
183,500000E-3	10,577259E-6
183,800000E-3	10,604342E-6
184,400000E-3	10,631851E-6
184,900000E-3	10,657195E-6
185,400000E-3	10,682503E-6
186,000000E-3	10,704313E-6
186,600000E-3	10,723706E-6
186,900000E-3	10,745059E-6
187,800000E-3	10,769807E-6
188,100000E-3	10,796011E-6
188,400000E-3	10,823444E-6
189,200000E-3	10,849999E-6
189,700000E-3	10,870932E-6
190,000000E-3	10,889376E-6
190,800000E-3	10,907866E-6
191,200000E-3	10,924480E-6
191,700000E-3	10,942761E-6
192,300000E-3	10,962231E-6
192,900000E-3	10,981726E-6
193,200000E-3	11,000065E-6
193,700000E-3	11,017518E-6
194,300000E-3	11,032615E-6
194,600000E-3	11,048273E-6
194,900000E-3	11,064374E-6
195,800000E-3	11,079328E-6
196,200000E-3	11,094643E-6
197,000000E-3	11,108535E-6
197,300000E-3	11,122196E-6
197,800000E-3	11,134154E-6
198,400000E-3	11,146607E-6
199,000000E-3	11,157139E-6
199,500000E-3	11,166020E-6
200,000000E-3	11,174396E-6
200,400000E-3	11,183332E-6
201,000000E-3	11,196416E-6
201,500000E-3	11,209826E-6
202,100000E-3	11,219103E-6
202,300000E-3	11,226210E-6
202,900000E-3	11,234064E-6
203,500000E-3	11,242842E-6
204,100000E-3	11,253120E-6
204,700000E-3	11,264191E-6
205,300000E-3	11,272825E-6
205,500000E-3	11,278680E-6
206,300000E-3	11,285127E-6
206,700000E-3	11,294090E-6
206,900000E-3	11,306479E-6
207,900000E-3	11,317615E-6
208,300000E-3	11,326697E-6
208,700000E-3	11,334726E-6
209,400000E-3	11,341373E-6
209,800000E-3	11,347519E-6
210,400000E-3	11,355114E-6
210,800000E-3	11,364462E-6
211,500000E-3	11,372298E-6
211,800000E-3	11,376563E-6
212,400000E-3	11,379181E-6
213,000000E-3	11,382728E-6
213,200000E-3	11,388430E-6
213,800000E-3	11,396706E-6
214,700000E-3	11,407320E-6
215,200000E-3	11,419962E-6
215,500000E-3	11,430805E-6
215,800000E-3	11,440071E-6
216,400000E-3	11,446549E-6
217,000000E-3	11,454194E-6
217,300000E-3	11,464200E-6
218,300000E-3	11,473640E-6
218,500000E-3	11,482363E-6
219,400000E-3	11,491509E-6
219,700000E-3	11,500506E-6
220,000000E-3	11,508563E-6
220,900000E-3	11,519983E-6
221,400000E-3	11,536643E-6
221,700000E-3	11,552555E-6
222,300000E-3	11,566402E-6
222,800000E-3	11,580065E-6
223,100000E-3	11,594742E-6
223,900000E-3	11,609218E-6
224,200000E-3	11,623510E-6
224,800000E-3	11,640399E-6
225,400000E-3	11,655966E-6
226,000000E-3	11,672164E-6
226,600000E-3	11,686884E-6
226,800000E-3	11,700937E-6
227,700000E-3	11,715999E-6
228,000000E-3	11,732680E-6
228,600000E-3	11,747648E-6
229,100000E-3	11,760180E-6
229,800000E-3	11,772613E-6
230,000000E-3	11,786953E-6
230,500000E-3	11,801617E-6
231,100000E-3	11,815938E-6
231,700000E-3	11,829753E-6
232,000000E-3	11,843845E-6
232,800000E-3	11,859000E-6
233,100000E-3	11,873985E-6
233,700000E-3	11,888649E-6
234,300000E-3	11,904165E-6
234,900000E-3	11,922410E-6
235,500000E-3	11,942561E-6
235,700000E-3	11,961773E-6
236,000000E-3	11,981159E-6
236,700000E-3	12,002170E-6
237,100000E-3	12,020784E-6
238,000000E-3	12,038712E-6
238,600000E-3	12,056005E-6
238,900000E-3	12,073263E-6
239,400000E-3	12,091755E-6
240,000000E-3	12,114545E-6
240,600000E-3	12,135810E-6
240,800000E-3	12,153981E-6
241,700000E-3	12,170353E-6
241,700000E-3	12,188736E-6
242,900000E-3	12,209409E-6
242,900000E-3	12,230305E-6
243,500000E-3	12,251093E-6
243,700000E-3	12,270112E-6
245,000000E-3	12,288751E-6
245,300000E-3	12,306710E-6
245,800000E-3	12,325311E-6
246,400000E-3	12,340139E-6
246,700000E-3	12,351850E-6
247,300000E-3	12,364544E-6
247,900000E-3	12,382658E-6
248,400000E-3	12,402011E-6
249,000000E-3	12,420661E-6
249,600000E-3	12,439515E-6
249,600000E-3	12,459120E-6
250,400000E-3	12,477966E-6
251,000000E-3	12,495723E-6
251,600000E-3	12,512466E-6
252,200000E-3	12,529776E-6
252,500000E-3	12,548319E-6
253,200000E-3	12,569480E-6
253,600000E-3	12,588861E-6
254,200000E-3	12,608172E-6
254,700000E-3	12,624424E-6
255,300000E-3	12,635493E-6
255,600000E-3	12,646854E-6
256,400000E-3	12,661066E-6
256,700000E-3	12,680216E-6
257,300000E-3	12,701902E-6
257,900000E-3	12,719201E-6
258,500000E-3	12,731875E-6
258,800000E-3	12,744155E-6
259,300000E-3	12,758042E-6
259,900000E-3	12,772786E-6
260,500000E-3	12,787167E-6
260,900000E-3	12,797800E-6
261,600000E-3	12,807806E-6
262,000000E-3	12,821442E-6
262,500000E-3	12,840670E-6
263,100000E-3	12,861085E-6
263,600000E-3	12,877524E-6
264,000000E-3	12,891060E-6
264,500000E-3	12,903246E-6
265,000000E-3	12,915042E-6
265,600000E-3	12,928352E-6
266,200000E-3	12,944864E-6
266,800000E-3	12,963396E-6
267,000000E-3	12,979657E-6
267,600000E-3	12,993543E-6
268,200000E-3	13,005125E-6
268,800000E-3	13,017458E-6
269,100000E-3	13,033875E-6
270,000000E-3	13,051996E-6
270,200000E-3	13,067032E-6
270,800000E-3	13,081258E-6
271,400000E-3	13,098346E-6
271,500000E-3	13,117711E-6
272,200000E-3	13,137993E-6
272,700000E-3	13,156195E-6
273,300000E-3	13,172017E-6
273,900000E-3	13,187106E-6
274,200000E-3	13,201237E-6
274,800000E-3	13,213625E-6
275,400000E-3	13,225760E-6
275,700000E-3	13,241603E-6
276,500000E-3	13,260519E-6
277,100000E-3	13,278550E-6
277,300000E-3	13,291858E-6
277,900000E-3	13,302440E-6
278,500000E-3	13,312146E-6
279,100000E-3	13,322977E-6
279,100000E-3	13,335561E-6
280,200000E-3	13,348539E-6
280,500000E-3	13,361620E-6
281,100000E-3	13,373931E-6
281,700000E-3	13,388796E-6
282,200000E-3	13,407266E-6
282,500000E-3	13,423359E-6
283,100000E-3	13,435485E-6
283,400000E-3	13,444049E-6
284,100000E-3	13,453369E-6
284,600000E-3	13,464946E-6
285,300000E-3	13,476351E-6
285,800000E-3	13,482950E-6
286,400000E-3	13,489376E-6
286,900000E-3	13,499184E-6
287,500000E-3	13,512340E-6
287,800000E-3	13,523536E-6
288,400000E-3	13,531387E-6
288,900000E-3	13,537258E-6
289,500000E-3	13,544804E-6
289,900000E-3	13,554338E-6
290,700000E-3	13,564486E-6
290,900000E-3	13,574853E-6
291,500000E-3	13,583735E-6
291,800000E-3	13,593119E-6
292,500000E-3	13,603470E-6
293,000000E-3	13,612113E-6
293,700000E-3	13,617786E-6
293,700000E-3	13,622462E-6
294,500000E-3	13,629150E-6
295,100000E-3	13,639353E-6
295,700000E-3	13,650520E-6
296,200000E-3	13,658620E-6
296,700000E-3	13,665276E-6
297,200000E-3	13,669925E-6
297,900000E-3	13,673671E-6
298,300000E-3	13,677591E-6
298,800000E-3	13,686124E-6
299,300000E-3	13,699177E-6
299,900000E-3	13,708058E-6
300,400000E-3	13,708138E-6
301,100000E-3	13,704507E-6
301,300000E-3	13,702117E-6
301,900000E-3	13,700988E-6
302,500000E-3	13,699824E-6
303,000000E-3	13,701519E-6
303,300000E-3	13,704829E-6
303,900000E-3	13,706232E-6
304,500000E-3	13,705931E-6
305,100000E-3	13,706274E-6
305,600000E-3	13,708145E-6
305,900000E-3	13,710596E-6
306,500000E-3	13,713251E-6
307,000000E-3	13,714667E-6
307,600000E-3	13,714146E-6
308,000000E-3	13,712201E-6
308,500000E-3	13,708980E-6
309,000000E-3	13,706064E-6
309,600000E-3	13,703774E-6
310,200000E-3	13,699860E-6
310,800000E-3	13,695065E-6
311,000000E-3	13,691495E-6
311,600000E-3	13,687820E-6
312,300000E-3	13,683695E-6
312,800000E-3	13,680898E-6
313,400000E-3	13,679390E-6
314,000000E-3	13,678936E-6
314,500000E-3	13,676989E-6
314,700000E-3	13,672970E-6
315,500000E-3	13,669463E-6
315,900000E-3	13,667864E-6
316,200000E-3	13,667065E-6
317,000000E-3	13,666695E-6
317,600000E-3	13,664294E-6
318,200000E-3	13,657882E-6
318,500000E-3	13,650748E-6
319,100000E-3	13,644641E-6
319,300000E-3	13,639445E-6
319,900000E-3	13,635700E-6
320,700000E-3	13,631860E-6
321,100000E-3	13,628662E-6
321,600000E-3	13,626888E-6
322,300000E-3	13,623035E-6
322,700000E-3	13,616610E-6
323,100000E-3	13,607633E-6
323,900000E-3	13,597863E-6
324,500000E-3	13,586693E-6
324,700000E-3	13,575538E-6
325,300000E-3	13,567879E-6
325,900000E-3	13,562963E-6
326,500000E-3	13,557504E-6
326,700000E-3	13,550231E-6
327,300000E-3	13,542232E-6
327,900000E-3	13,537695E-6
328,500000E-3	13,536640E-6
329,000000E-3	13,537303E-6
329,300000E-3	13,538117E-6
329,900000E-3	13,537740E-6
330,500000E-3	13,535237E-6
331,000000E-3	13,533921E-6
331,600000E-3	13,533563E-6
332,200000E-3	13,532999E-6
332,800000E-3	13,532336E-6
333,100000E-3	13,530590E-6
333,600000E-3	13,527406E-6
334,200000E-3	13,525098E-6
334,500000E-3	13,524104E-6
335,000000E-3	13,522438E-6
335,500000E-3	13,523139E-6
336,100000E-3	13,523675E-6
336,700000E-3	13,515571E-6
337,000000E-3	13,503261E-6
337,700000E-3	13,494721E-6
338,200000E-3	13,489702E-6
338,800000E-3	13,487553E-6
339,200000E-3	13,487364E-6
340,000000E-3	13,487853E-6
340,200000E-3	13,487700E-6
340,800000E-3	13,487344E-6
341,300000E-3	13,487275E-6
341,600000E-3	13,488963E-6
342,300000E-3	13,491325E-6
342,900000E-3	13,492529E-6
343,400000E-3	13,491052E-6
343,800000E-3	13,489351E-6
344,500000E-3	13,489316E-6
345,100000E-3	13,494654E-6
345,500000E-3	13,507105E-6
346,100000E-3	13,523017E-6
346,500000E-3	13,532923E-6
346,700000E-3	13,533801E-6
347,900000E-3	13,531026E-6
347,900000E-3	13,529563E-6
348,800000E-3	13,529663E-6
349,400000E-3	13,532678E-6
349,600000E-3	13,539889E-6
350,200000E-3	13,546799E-6
350,800000E-3	13,551476E-6
351,100000E-3	13,554950E-6
351,700000E-3	13,559163E-6
352,300000E-3	13,565749E-6
353,100000E-3	13,576479E-6
353,700000E-3	13,585330E-6
354,300000E-3	13,592608E-6
354,500000E-3	13,599339E-6
355,100000E-3	13,605338E-6
355,500000E-3	13,609800E-6
356,200000E-3	13,619514E-6
356,800000E-3	13,635271E-6
357,100000E-3	13,648862E-6
357,100000E-3	13,654707E-6
357,100000E-3	13,656748E-6
358,800000E-3	13,656070E-6
359,100000E-3	13,655299E-6
359,700000E-3	13,658243E-6
360,300000E-3	13,661843E-6
360,800000E-3	13,664692E-6
361,100000E-3	13,670747E-6
361,700000E-3	13,681038E-6
362,300000E-3	13,692159E-6
362,800000E-3	13,701823E-6
363,200000E-3	13,710022E-6
364,000000E-3	13,718459E-6
364,300000E-3	13,728356E-6
364,900000E-3	13,738502E-6
365,400000E-3	13,749209E-6
366,000000E-3	13,759237E-6
366,300000E-3	13,768697E-6
366,900000E-3	13,776540E-6
367,400000E-3	13,785704E-6
368,000000E-3	13,794877E-6
368,600000E-3	13,801814E-6
369,200000E-3	13,808075E-6
369,500000E-3	13,816852E-6
370,100000E-3	13,827340E-6
370,100000E-3	13,837827E-6
371,300000E-3	13,847265E-6
371,700000E-3	13,853465E-6
372,100000E-3	13,859825E-6
372,800000E-3	13,869379E-6
373,400000E-3	13,881679E-6
373,600000E-3	13,892575E-6
374,200000E-3	13,899704E-6
374,800000E-3	13,907799E-6
375,400000E-3	13,920338E-6
375,700000E-3	13,936194E-6
376,300000E-3	13,952887E-6
376,900000E-3	13,964025E-6
377,500000E-3	13,971665E-6
378,100000E-3	13,976777E-6
378,400000E-3	13,980092E-6
378,900000E-3	13,985483E-6
379,400000E-3	13,996090E-6
380,000000E-3	14,010356E-6
380,400000E-3	14,022970E-6
380,900000E-3	14,030353E-6
381,500000E-3	14,036965E-6
382,000000E-3	14,044317E-6
382,600000E-3	14,051751E-6
383,200000E-3	14,057054E-6
383,500000E-3	14,061005E-6
384,100000E-3	14,064313E-6
384,600000E-3	14,068770E-6
385,200000E-3	14,075240E-6
385,500000E-3	14,081096E-6
386,300000E-3	14,085460E-6
386,900000E-3	14,090001E-6
387,200000E-3	14,095839E-6
387,600000E-3	14,101241E-6
388,400000E-3	14,105286E-6
388,600000E-3	14,110350E-6
389,200000E-3	14,116543E-6
389,900000E-3	14,117583E-6
390,400000E-3	14,111318E-6
390,900000E-3	14,106087E-6
391,500000E-3	14,106105E-6
392,100000E-3	14,109954E-6
392,400000E-3	14,116952E-6
393,000000E-3	14,126548E-6
393,700000E-3	14,133475E-6
394,100000E-3	14,136435E-6
394,400000E-3	14,138590E-6
395,200000E-3	14,139775E-6
395,600000E-3	14,142923E-6
396,100000E-3	14,153578E-6
396,700000E-3	14,163535E-6
397,200000E-3	14,167967E-6
397,500000E-3	14,170648E-6
398,400000E-3	14,176611E-6
398,700000E-3	14,184515E-6
399,300000E-3	14,190707E-6
399,700000E-3	14,191794E-6
400,400000E-3	14,186301E-6
400,600000E-3	14,181752E-6
401,300000E-3	14,183243E-6
401,800000E-3	14,189442E-6
402,400000E-3	14,193369E-6
403,000000E-3	14,188786E-6
403,400000E-3	14,181598E-6
404,100000E-3	14,177063E-6
404,500000E-3	14,176607E-6
405,000000E-3	14,179206E-6
405,600000E-3	14,181887E-6
405,600000E-3	14,182069E-6
406,700000E-3	14,178985E-6
407,200000E-3	14,172380E-6
407,500000E-3	14,167997E-6
408,100000E-3	14,172002E-6
408,700000E-3	14,183291E-6
409,300000E-3	14,193141E-6
409,500000E-3	14,198608E-6
410,400000E-3	14,202113E-6
410,700000E-3	14,207816E-6
411,300000E-3	14,215408E-6
411,900000E-3	14,223793E-6
412,400000E-3	14,228434E-6
412,700000E-3	14,228924E-6
413,000000E-3	14,230335E-6
414,100000E-3	14,231573E-6
414,400000E-3	14,233305E-6
415,000000E-3	14,237750E-6
415,600000E-3	14,242812E-6
416,200000E-3	14,250370E-6
416,400000E-3	14,258895E-6
417,000000E-3	14,263137E-6
417,600000E-3	14,262748E-6
418,100000E-3	14,260819E-6
418,500000E-3	14,259951E-6
419,300000E-3	14,259259E-6
419,500000E-3	14,261064E-6
420,400000E-3	14,266663E-6
421,100000E-3	14,271983E-6
421,300000E-3	14,275823E-6
421,700000E-3	14,280956E-6
422,500000E-3	14,287851E-6
423,100000E-3	14,292866E-6
423,600000E-3	14,293067E-6
423,900000E-3	14,294537E-6
424,800000E-3	14,296818E-6
425,000000E-3	14,298436E-6
425,600000E-3	14,301582E-6
426,200000E-3	14,306478E-6
426,800000E-3	14,310896E-6
427,400000E-3	14,315226E-6
427,600000E-3	14,320543E-6
428,500000E-3	14,326233E-6
428,500000E-3	14,332192E-6
429,400000E-3	14,335606E-6
429,600000E-3	14,333561E-6
430,400000E-3	14,331536E-6
430,800000E-3	14,334895E-6
431,000000E-3	14,339306E-6
431,900000E-3	14,340249E-6
432,400000E-3	14,336459E-6
432,800000E-3	14,328907E-6
433,200000E-3	14,322827E-6
433,900000E-3	14,326073E-6
434,700000E-3	14,339272E-6
435,100000E-3	14,351934E-6
435,400000E-3	14,361248E-6
435,900000E-3	14,368606E-6
436,500000E-3	14,378515E-6
437,000000E-3	14,390489E-6
437,600000E-3	14,399100E-6
438,200000E-3	14,403022E-6
438,700000E-3	14,401564E-6
439,000000E-3	14,399128E-6
439,600000E-3	14,402825E-6
439,600000E-3	14,409324E-6
440,700000E-3	14,412011E-6
441,300000E-3	14,412774E-6
441,700000E-3	14,414051E-6
442,300000E-3	14,416416E-6
442,900000E-3	14,419727E-6
443,400000E-3	14,424565E-6
444,000000E-3	14,430967E-6
444,400000E-3	14,439245E-6
445,100000E-3	14,447584E-6
445,400000E-3	14,452859E-6
445,400000E-3	14,456975E-6
446,700000E-3	14,461403E-6
447,000000E-3	14,463071E-6
447,500000E-3	14,463756E-6
448,100000E-3	14,465186E-6
448,700000E-3	14,467531E-6
449,000000E-3	14,470380E-6
449,500000E-3	14,474083E-6
450,100000E-3	14,481474E-6
450,700000E-3	14,490821E-6
450,900000E-3	14,496129E-6
451,900000E-3	14,498347E-6
452,100000E-3	14,501993E-6
452,700000E-3	14,503039E-6
453,300000E-3	14,492836E-6
453,800000E-3	14,481146E-6
454,200000E-3	14,478424E-6
455,000000E-3	14,480098E-6
455,300000E-3	14,481359E-6
455,900000E-3	14,484912E-6
456,500000E-3	14,491480E-6
457,000000E-3	14,497682E-6
457,300000E-3	14,501285E-6
458,200000E-3	14,505612E-6
458,400000E-3	14,512447E-6
459,000000E-3	14,517563E-6
459,600000E-3	14,521686E-6
460,200000E-3	14,527717E-6
460,500000E-3	14,533399E-6
461,000000E-3	14,539094E-6
461,900000E-3	14,546957E-6
462,200000E-3	14,554172E-6
462,500000E-3	14,560158E-6
463,200000E-3	14,565753E-6
463,900000E-3	14,573655E-6
464,300000E-3	14,581802E-6
464,800000E-3	14,589933E-6
465,400000E-3	14,595304E-6
465,600000E-3	14,602358E-6
466,500000E-3	14,613325E-6
467,100000E-3	14,630569E-6
467,600000E-3	14,649040E-6
467,900000E-3	14,662828E-6
468,500000E-3	14,674147E-6
468,800000E-3	14,685076E-6
469,500000E-3	14,696657E-6
470,100000E-3	14,708347E-6
470,600000E-3	14,720708E-6
471,200000E-3	14,733673E-6
471,500000E-3	14,743293E-6
472,100000E-3	14,750365E-6
472,600000E-3	14,756821E-6
472,900000E-3	14,764194E-6
473,800000E-3	14,775126E-6
474,100000E-3	14,787875E-6
474,600000E-3	14,801158E-6
474,600000E-3	14,814484E-6
475,200000E-3	14,827393E-6
476,000000E-3	14,836059E-6
476,900000E-3	14,835502E-6
477,200000E-3	14,831336E-6
478,000000E-3	14,832945E-6
478,300000E-3	14,841917E-6
478,800000E-3	14,851668E-6
479,400000E-3	14,861972E-6
480,000000E-3	14,875170E-6
480,300000E-3	14,888310E-6
480,900000E-3	14,899799E-6
481,400000E-3	14,911743E-6
481,700000E-3	14,923663E-6
482,300000E-3	14,937583E-6
483,200000E-3	14,955297E-6
483,400000E-3	14,974246E-6
484,200000E-3	14,990777E-6
484,500000E-3	15,006406E-6
485,100000E-3	15,022257E-6
485,700000E-3	15,038649E-6
486,300000E-3	15,062985E-6
486,600000E-3	15,094160E-6
487,200000E-3	15,121170E-6
487,800000E-3	15,140045E-6
488,300000E-3	15,156034E-6
488,700000E-3	15,174486E-6
489,200000E-3	15,193164E-6
489,500000E-3	15,204329E-6
490,300000E-3	15,209686E-6
490,700000E-3	15,216252E-6
491,300000E-3	15,227081E-6
491,800000E-3	15,241378E-6
492,400000E-3	15,259352E-6
492,600000E-3	15,281721E-6
493,500000E-3	15,303278E-6
493,800000E-3	15,321162E-6
494,100000E-3	15,338083E-6
495,000000E-3	15,354981E-6
495,300000E-3	15,372518E-6
495,800000E-3	15,390983E-6
496,400000E-3	15,409747E-6
496,400000E-3	15,429953E-6
497,600000E-3	15,451942E-6
497,800000E-3	15,474825E-6
498,400000E-3	15,498199E-6
498,900000E-3	15,523763E-6
499,800000E-3	15,544681E-6
