-500,900000E-3	20,124119E-6
-500,900000E-3	20,187650E-6
-501,100000E-3	20,201534E-6
-501,100000E-3	20,219632E-6
-501,100000E-3	20,234883E-6
-500,900000E-3	20,239579E-6
-500,800000E-3	20,236655E-6
-500,500000E-3	20,231187E-6
-500,300000E-3	20,226228E-6
-499,800000E-3	20,229228E-6
-499,600000E-3	20,233413E-6
-499,200000E-3	20,227468E-6
-498,800000E-3	20,220865E-6
-498,300000E-3	20,214565E-6
-498,100000E-3	20,208744E-6
-497,600000E-3	20,206272E-6
-497,000000E-3	20,203432E-6
-496,600000E-3	20,193571E-6
-496,000000E-3	20,176280E-6
-495,400000E-3	20,154215E-6
-495,100000E-3	20,137951E-6
-494,800000E-3	20,124021E-6
-494,300000E-3	20,113226E-6
-493,800000E-3	20,104221E-6
-493,100000E-3	20,093810E-6
-492,600000E-3	20,081200E-6
-492,300000E-3	20,073188E-6
-491,700000E-3	20,066422E-6
-491,100000E-3	20,054199E-6
-490,500000E-3	20,037764E-6
-490,200000E-3	20,021537E-6
-489,700000E-3	20,006602E-6
-489,000000E-3	19,989519E-6
-488,400000E-3	19,973956E-6
-487,900000E-3	19,960089E-6
-487,500000E-3	19,943414E-6
-486,900000E-3	19,923482E-6
-486,500000E-3	19,904071E-6
-485,800000E-3	19,886200E-6
-485,200000E-3	19,869669E-6
-484,600000E-3	19,854577E-6
-484,300000E-3	19,837757E-6
-483,900000E-3	19,815878E-6
-483,400000E-3	19,793135E-6
-482,700000E-3	19,770679E-6
-482,100000E-3	19,752422E-6
-481,800000E-3	19,740679E-6
-481,200000E-3	19,729932E-6
-480,600000E-3	19,711793E-6
-480,000000E-3	19,694600E-6
-479,400000E-3	19,676920E-6
-478,900000E-3	19,654570E-6
-478,500000E-3	19,636486E-6
-478,000000E-3	19,619669E-6
-477,300000E-3	19,604996E-6
-476,700000E-3	19,587534E-6
-476,400000E-3	19,565420E-6
-475,800000E-3	19,543186E-6
-475,500000E-3	19,523497E-6
-474,900000E-3	19,506618E-6
-474,200000E-3	19,489430E-6
-473,600000E-3	19,470582E-6
-473,300000E-3	19,451394E-6
-472,700000E-3	19,427561E-6
-472,100000E-3	19,403888E-6
-471,800000E-3	19,380556E-6
-471,200000E-3	19,359882E-6
-470,600000E-3	19,339415E-6
-470,100000E-3	19,315946E-6
-469,400000E-3	19,291698E-6
-469,100000E-3	19,272727E-6
-468,500000E-3	19,254824E-6
-468,200000E-3	19,234816E-6
-467,500000E-3	19,216267E-6
-466,800000E-3	19,197325E-6
-466,400000E-3	19,179360E-6
-466,100000E-3	19,157215E-6
-465,500000E-3	19,127478E-6
-464,800000E-3	19,091835E-6
-464,300000E-3	19,060180E-6
-464,000000E-3	19,034834E-6
-463,400000E-3	19,011080E-6
-462,700000E-3	18,983823E-6
-462,100000E-3	18,957264E-6
-461,500000E-3	18,929889E-6
-460,900000E-3	18,897379E-6
-460,700000E-3	18,869554E-6
-460,000000E-3	18,848295E-6
-459,400000E-3	18,828653E-6
-458,800000E-3	18,805774E-6
-458,500000E-3	18,781728E-6
-457,900000E-3	18,758217E-6
-457,300000E-3	18,731960E-6
-456,700000E-3	18,706103E-6
-456,400000E-3	18,676773E-6
-455,800000E-3	18,642588E-6
-455,500000E-3	18,606545E-6
-454,900000E-3	18,571329E-6
-454,200000E-3	18,536618E-6
-453,700000E-3	18,505933E-6
-453,100000E-3	18,477826E-6
-452,800000E-3	18,451676E-6
-452,200000E-3	18,427314E-6
-451,600000E-3	18,403698E-6
-451,000000E-3	18,372453E-6
-450,700000E-3	18,339264E-6
-450,100000E-3	18,310615E-6
-449,500000E-3	18,282109E-6
-448,900000E-3	18,250830E-6
-448,500000E-3	18,219776E-6
-448,000000E-3	18,190796E-6
-447,400000E-3	18,159677E-6
-446,900000E-3	18,130451E-6
-446,200000E-3	18,100925E-6
-445,900000E-3	18,070095E-6
-445,200000E-3	18,041627E-6
-445,000000E-3	18,016557E-6
-444,400000E-3	17,983484E-6
-443,600000E-3	17,950427E-6
-443,200000E-3	17,920254E-6
-442,600000E-3	17,890590E-6
-442,200000E-3	17,864069E-6
-441,600000E-3	17,836878E-6
-441,000000E-3	17,807799E-6
-440,500000E-3	17,773740E-6
-440,100000E-3	17,736641E-6
-439,600000E-3	17,705724E-6
-438,900000E-3	17,679760E-6
-438,700000E-3	17,653081E-6
-438,100000E-3	17,622819E-6
-437,500000E-3	17,588666E-6
-436,900000E-3	17,557649E-6
-436,300000E-3	17,529267E-6
-436,000000E-3	17,503125E-6
-435,400000E-3	17,475642E-6
-435,000000E-3	17,449044E-6
-434,300000E-3	17,423188E-6
-433,700000E-3	17,397842E-6
-433,200000E-3	17,369171E-6
-432,600000E-3	17,336632E-6
-432,300000E-3	17,305018E-6
-431,700000E-3	17,277128E-6
-431,100000E-3	17,252571E-6
-430,500000E-3	17,225548E-6
-430,200000E-3	17,195017E-6
-429,600000E-3	17,165102E-6
-429,000000E-3	17,135077E-6
-428,400000E-3	17,109774E-6
-428,100000E-3	17,087003E-6
-427,500000E-3	17,065700E-6
-426,900000E-3	17,041755E-6
-426,300000E-3	17,015363E-6
-425,600000E-3	16,986807E-6
-425,100000E-3	16,957583E-6
-424,800000E-3	16,929139E-6
-424,200000E-3	16,900065E-6
-423,600000E-3	16,868819E-6
-423,100000E-3	16,841908E-6
-422,300000E-3	16,813693E-6
-422,100000E-3	16,787482E-6
-421,400000E-3	16,760627E-6
-421,100000E-3	16,733536E-6
-420,600000E-3	16,705286E-6
-419,900000E-3	16,671625E-6
-419,300000E-3	16,645388E-6
-418,700000E-3	16,618403E-6
-418,200000E-3	16,590389E-6
-417,800000E-3	16,567714E-6
-417,200000E-3	16,548441E-6
-416,600000E-3	16,529773E-6
-416,000000E-3	16,506073E-6
-415,700000E-3	16,477527E-6
-415,000000E-3	16,450065E-6
-414,800000E-3	16,422482E-6
-414,100000E-3	16,402180E-6
-413,500000E-3	16,381488E-6
-412,900000E-3	16,356274E-6
-412,300000E-3	16,330471E-6
-412,000000E-3	16,307982E-6
-411,400000E-3	16,286947E-6
-410,800000E-3	16,264608E-6
-410,200000E-3	16,244344E-6
-409,600000E-3	16,219217E-6
-409,300000E-3	16,189806E-6
-408,700000E-3	16,160802E-6
-408,200000E-3	16,134755E-6
-407,500000E-3	16,109036E-6
-407,200000E-3	16,081912E-6
-406,500000E-3	16,055397E-6
-406,200000E-3	16,031114E-6
-405,600000E-3	16,007259E-6
-405,000000E-3	15,984877E-6
-404,400000E-3	15,962452E-6
-404,100000E-3	15,942461E-6
-403,500000E-3	15,916862E-6
-402,900000E-3	15,886940E-6
-402,300000E-3	15,862609E-6
-401,700000E-3	15,840637E-6
-401,400000E-3	15,821127E-6
-400,700000E-3	15,800586E-6
-400,500000E-3	15,777970E-6
-399,800000E-3	15,754478E-6
-399,300000E-3	15,730509E-6
-398,700000E-3	15,707705E-6
-398,300000E-3	15,688185E-6
-397,700000E-3	15,671077E-6
-397,200000E-3	15,649660E-6
-396,500000E-3	15,617563E-6
-395,900000E-3	15,582611E-6
-395,200000E-3	15,556566E-6
-395,000000E-3	15,533478E-6
-394,400000E-3	15,510541E-6
-393,700000E-3	15,482389E-6
-393,200000E-3	15,465384E-6
-392,600000E-3	15,448426E-6
-392,000000E-3	15,427079E-6
-391,600000E-3	15,400343E-6
-391,000000E-3	15,375151E-6
-390,700000E-3	15,356569E-6
-390,100000E-3	15,340098E-6
-389,500000E-3	15,321452E-6
-388,900000E-3	15,301939E-6
-388,200000E-3	15,276953E-6
-387,900000E-3	15,254000E-6
-387,300000E-3	15,228270E-6
-387,100000E-3	15,203908E-6
-386,300000E-3	15,182352E-6
-385,800000E-3	15,160164E-6
-385,200000E-3	15,138296E-6
-384,900000E-3	15,120676E-6
-384,300000E-3	15,099898E-6
-383,700000E-3	15,081232E-6
-383,100000E-3	15,060834E-6
-382,500000E-3	15,041487E-6
-382,200000E-3	15,024133E-6
-381,600000E-3	15,008013E-6
-381,000000E-3	14,991383E-6
-380,300000E-3	14,973494E-6
-380,000000E-3	14,953709E-6
-379,400000E-3	14,936084E-6
-379,100000E-3	14,919691E-6
-378,500000E-3	14,905082E-6
-377,800000E-3	14,889208E-6
-377,300000E-3	14,867767E-6
-376,600000E-3	14,846969E-6
-376,300000E-3	14,831182E-6
-375,700000E-3	14,819497E-6
-375,100000E-3	14,806323E-6
-374,800000E-3	14,793999E-6
-374,200000E-3	14,779971E-6
-373,600000E-3	14,762536E-6
-373,200000E-3	14,741858E-6
-372,600000E-3	14,721905E-6
-372,000000E-3	14,705659E-6
-371,700000E-3	14,690770E-6
-371,100000E-3	14,677706E-6
-370,400000E-3	14,666323E-6
-370,100000E-3	14,654092E-6
-369,500000E-3	14,641330E-6
-369,200000E-3	14,627135E-6
-368,600000E-3	14,611643E-6
-367,900000E-3	14,594703E-6
-367,400000E-3	14,577567E-6
-366,700000E-3	14,561280E-6
-366,100000E-3	14,554242E-6
-365,800000E-3	14,543363E-6
-365,200000E-3	14,529468E-6
-364,900000E-3	14,516308E-6
-364,200000E-3	14,504810E-6
-363,600000E-3	14,495480E-6
-363,000000E-3	14,485785E-6
-362,700000E-3	14,473647E-6
-362,000000E-3	14,460071E-6
-361,700000E-3	14,446443E-6
-361,100000E-3	14,432281E-6
-360,500000E-3	14,419953E-6
-359,900000E-3	14,408339E-6
-359,600000E-3	14,396725E-6
-359,000000E-3	14,383589E-6
-358,600000E-3	14,370813E-6
-358,000000E-3	14,359308E-6
-357,400000E-3	14,346730E-6
-356,800000E-3	14,335039E-6
-356,500000E-3	14,325404E-6
-355,800000E-3	14,317216E-6
-355,200000E-3	14,306071E-6
-354,900000E-3	14,294626E-6
-354,300000E-3	14,283638E-6
-353,700000E-3	14,274918E-6
-353,100000E-3	14,265036E-6
-352,700000E-3	14,252566E-6
-352,400000E-3	14,239182E-6
-351,800000E-3	14,229250E-6
-351,200000E-3	14,219380E-6
-350,600000E-3	14,206400E-6
-350,000000E-3	14,192022E-6
-349,600000E-3	14,176810E-6
-349,000000E-3	14,165211E-6
-348,700000E-3	14,159052E-6
-348,100000E-3	14,152418E-6
-347,400000E-3	14,143007E-6
-346,800000E-3	14,131694E-6
-346,500000E-3	14,122416E-6
-346,200000E-3	14,112968E-6
-345,600000E-3	14,098769E-6
-344,900000E-3	14,086346E-6
-344,300000E-3	14,079367E-6
-344,000000E-3	14,073928E-6
-343,300000E-3	14,065118E-6
-342,800000E-3	14,055303E-6
-342,400000E-3	14,047619E-6
-341,800000E-3	14,039796E-6
-341,200000E-3	14,028673E-6
-340,600000E-3	14,011183E-6
-339,900000E-3	14,000649E-6
-339,700000E-3	13,990821E-6
-339,000000E-3	13,982806E-6
-338,700000E-3	13,975758E-6
-338,100000E-3	13,967974E-6
-337,400000E-3	13,960716E-6
-336,900000E-3	13,952649E-6
-336,600000E-3	13,945849E-6
-335,900000E-3	13,941567E-6
-335,600000E-3	13,936528E-6
-335,000000E-3	13,930020E-6
-334,400000E-3	13,920194E-6
-333,700000E-3	13,911141E-6
-333,100000E-3	13,900925E-6
-332,800000E-3	13,890427E-6
-332,200000E-3	13,879737E-6
-331,600000E-3	13,863532E-6
-330,900000E-3	13,851612E-6
-330,700000E-3	13,839197E-6
-330,000000E-3	13,828763E-6
-329,400000E-3	13,822852E-6
-328,800000E-3	13,817701E-6
-328,400000E-3	13,809538E-6
-327,800000E-3	13,800616E-6
-327,500000E-3	13,791656E-6
-326,900000E-3	13,782073E-6
-326,300000E-3	13,771534E-6
-325,700000E-3	13,760471E-6
-325,300000E-3	13,748734E-6
-325,000000E-3	13,737996E-6
-324,400000E-3	13,730278E-6
-323,800000E-3	13,723204E-6
-323,200000E-3	13,713691E-6
-322,500000E-3	13,701912E-6
-321,900000E-3	13,688553E-6
-321,300000E-3	13,678619E-6
-321,000000E-3	13,667209E-6
-320,700000E-3	13,654926E-6
-320,000000E-3	13,644873E-6
-319,400000E-3	13,636805E-6
-318,800000E-3	13,626270E-6
-318,200000E-3	13,613665E-6
-317,800000E-3	13,603227E-6
-317,500000E-3	13,592561E-6
-316,900000E-3	13,581281E-6
-316,300000E-3	13,567452E-6
-315,700000E-3	13,551449E-6
-315,400000E-3	13,533758E-6
-314,800000E-3	13,519407E-6
-314,200000E-3	13,508873E-6
-313,600000E-3	13,502232E-6
-313,000000E-3	13,494669E-6
-312,400000E-3	13,486785E-6
-311,800000E-3	13,481856E-6
-311,500000E-3	13,475304E-6
-310,800000E-3	13,465920E-6
-310,600000E-3	13,454888E-6
-309,900000E-3	13,441687E-6
-309,300000E-3	13,430905E-6
-308,600000E-3	13,426084E-6
-308,300000E-3	13,422005E-6
-308,000000E-3	13,415631E-6
-307,400000E-3	13,408058E-6
-306,800000E-3	13,398854E-6
-306,100000E-3	13,387261E-6
-305,800000E-3	13,377141E-6
-305,200000E-3	13,367503E-6
-304,600000E-3	13,357140E-6
-304,300000E-3	13,345485E-6
-303,600000E-3	13,333262E-6
-303,100000E-3	13,323967E-6
-302,400000E-3	13,315080E-6
-302,100000E-3	13,307790E-6
-301,500000E-3	13,302912E-6
-301,100000E-3	13,295959E-6
-300,600000E-3	13,286152E-6
-299,900000E-3	13,275027E-6
-299,300000E-3	13,259806E-6
-298,700000E-3	13,240189E-6
-298,300000E-3	13,227445E-6
-297,800000E-3	13,216107E-6
-297,400000E-3	13,202427E-6
-296,800000E-3	13,188239E-6
-296,200000E-3	13,175618E-6
-295,600000E-3	13,164953E-6
-295,300000E-3	13,153647E-6
-294,700000E-3	13,139584E-6
-294,400000E-3	13,122432E-6
-293,700000E-3	13,103593E-6
-293,100000E-3	13,091955E-6
-292,500000E-3	13,082554E-6
-292,300000E-3	13,068224E-6
-291,600000E-3	13,049497E-6
-291,000000E-3	13,030925E-6
-290,500000E-3	13,012512E-6
-290,200000E-3	12,994767E-6
-289,500000E-3	12,979472E-6
-289,100000E-3	12,967539E-6
-288,400000E-3	12,956835E-6
-288,100000E-3	12,944911E-6
-287,600000E-3	12,929272E-6
-287,000000E-3	12,909897E-6
-286,400000E-3	12,890851E-6
-285,800000E-3	12,873833E-6
-285,300000E-3	12,855642E-6
-285,000000E-3	12,838303E-6
-284,400000E-3	12,818452E-6
-283,900000E-3	12,800675E-6
-283,300000E-3	12,783014E-6
-282,700000E-3	12,766708E-6
-282,100000E-3	12,753030E-6
-281,800000E-3	12,737515E-6
-281,300000E-3	12,719624E-6
-280,700000E-3	12,702154E-6
-280,100000E-3	12,683406E-6
-279,800000E-3	12,664517E-6
-279,000000E-3	12,649456E-6
-278,400000E-3	12,632639E-6
-278,100000E-3	12,618590E-6
-277,600000E-3	12,603765E-6
-277,000000E-3	12,588012E-6
-276,400000E-3	12,572892E-6
-276,000000E-3	12,555882E-6
-275,300000E-3	12,536115E-6
-275,100000E-3	12,513662E-6
-274,500000E-3	12,490297E-6
-273,900000E-3	12,471599E-6
-273,300000E-3	12,457397E-6
-273,000000E-3	12,444848E-6
-272,300000E-3	12,432251E-6
-271,900000E-3	12,420216E-6
-271,300000E-3	12,408596E-6
-270,700000E-3	12,396566E-6
-270,200000E-3	12,381932E-6
-269,900000E-3	12,361922E-6
-269,200000E-3	12,339193E-6
-268,700000E-3	12,319290E-6
-268,200000E-3	12,301889E-6
-267,600000E-3	12,281589E-6
-267,300000E-3	12,258165E-6
-266,700000E-3	12,238071E-6
-266,200000E-3	12,221396E-6
-265,600000E-3	12,202549E-6
-265,100000E-3	12,183403E-6
-264,600000E-3	12,166117E-6
-264,000000E-3	12,147649E-6
-263,600000E-3	12,128275E-6
-263,100000E-3	12,110416E-6
-262,500000E-3	12,092418E-6
-262,000000E-3	12,071589E-6
-261,700000E-3	12,053143E-6
-260,800000E-3	12,035929E-6
-260,500000E-3	12,016819E-6
-259,900000E-3	11,996833E-6
-259,400000E-3	11,978848E-6
-258,800000E-3	11,961962E-6
-258,500000E-3	11,946407E-6
-257,800000E-3	11,927651E-6
-257,100000E-3	11,906559E-6
-256,500000E-3	11,875662E-6
-256,000000E-3	11,855780E-6
-255,600000E-3	11,840256E-6
-254,800000E-3	11,825711E-6
-254,100000E-3	11,810062E-6
-253,800000E-3	11,792280E-6
-253,300000E-3	11,769505E-6
-252,700000E-3	11,745262E-6
-252,400000E-3	11,724241E-6
-251,700000E-3	11,704252E-6
-251,000000E-3	11,680501E-6
-250,700000E-3	11,658077E-6
-250,100000E-3	11,641457E-6
-249,500000E-3	11,627606E-6
-249,200000E-3	11,613167E-6
-248,700000E-3	11,593720E-6
-247,800000E-3	11,568031E-6
-247,200000E-3	11,545984E-6
-247,000000E-3	11,526286E-6
-246,400000E-3	11,504196E-6
-245,800000E-3	11,484549E-6
-245,600000E-3	11,465027E-6
-244,800000E-3	11,444740E-6
-244,100000E-3	11,425537E-6
-243,800000E-3	11,407682E-6
-243,300000E-3	11,389135E-6
-242,700000E-3	11,368609E-6
-242,400000E-3	11,344592E-6
-241,900000E-3	11,323984E-6
-241,000000E-3	11,301648E-6
-240,700000E-3	11,279286E-6
-240,200000E-3	11,263221E-6
-239,600000E-3	11,251364E-6
-239,000000E-3	11,237175E-6
-238,700000E-3	11,217403E-6
-238,000000E-3	11,191202E-6
-237,300000E-3	11,167078E-6
-237,000000E-3	11,149998E-6
-236,400000E-3	11,133631E-6
-235,800000E-3	11,115094E-6
-235,300000E-3	11,094760E-6
-235,000000E-3	11,073243E-6
-234,200000E-3	11,052897E-6
-233,900000E-3	11,035828E-6
-233,300000E-3	11,018720E-6
-232,700000E-3	10,996241E-6
-232,100000E-3	10,968386E-6
-231,900000E-3	10,943789E-6
-231,300000E-3	10,925830E-6
-230,700000E-3	10,912944E-6
-230,100000E-3	10,896627E-6
-229,500000E-3	10,872529E-6
-229,000000E-3	10,851843E-6
-228,400000E-3	10,830070E-6
-228,100000E-3	10,806707E-6
-227,300000E-3	10,788031E-6
-227,000000E-3	10,771562E-6
-226,600000E-3	10,756560E-6
-225,900000E-3	10,743173E-6
-225,300000E-3	10,729286E-6
-225,000000E-3	10,712141E-6
-224,400000E-3	10,691245E-6
-223,800000E-3	10,671094E-6
-223,300000E-3	10,650522E-6
-222,700000E-3	10,630208E-6
-222,100000E-3	10,610896E-6
-221,800000E-3	10,595727E-6
-221,300000E-3	10,579193E-6
-220,700000E-3	10,557330E-6
-220,100000E-3	10,539284E-6
-219,500000E-3	10,522679E-6
-219,000000E-3	10,498960E-6
-218,400000E-3	10,484021E-6
-217,800000E-3	10,470819E-6
-217,200000E-3	10,455758E-6
-216,700000E-3	10,438396E-6
-216,100000E-3	10,418634E-6
-215,800000E-3	10,401271E-6
-215,100000E-3	10,385780E-6
-214,700000E-3	10,370838E-6
-214,100000E-3	10,356438E-6
-213,600000E-3	10,343594E-6
-213,000000E-3	10,327895E-6
-212,700000E-3	10,309373E-6
-212,200000E-3	10,293365E-6
-211,500000E-3	10,279946E-6
-211,000000E-3	10,266660E-6
-210,700000E-3	10,252743E-6
-209,800000E-3	10,235007E-6
-209,200000E-3	10,214750E-6
-208,700000E-3	10,203861E-6
-208,400000E-3	10,192550E-6
-207,600000E-3	10,181801E-6
-207,300000E-3	10,173069E-6
-206,700000E-3	10,162022E-6
-206,100000E-3	10,147751E-6
-205,500000E-3	10,129897E-6
-205,300000E-3	10,114506E-6
-204,700000E-3	10,102687E-6
-204,100000E-3	10,092893E-6
-203,600000E-3	10,086584E-6
-203,000000E-3	10,082173E-6
-202,500000E-3	10,073484E-6
-201,900000E-3	10,058514E-6
-201,600000E-3	10,044806E-6
-200,700000E-3	10,034900E-6
-200,400000E-3	10,025487E-6
-199,800000E-3	10,013178E-6
-199,300000E-3	10,002266E-6
-198,700000E-3	9,993384E-6
-198,500000E-3	9,986868E-6
-197,700000E-3	9,978769E-6
-197,300000E-3	9,966846E-6
-196,700000E-3	9,953865E-6
-196,300000E-3	9,943428E-6
-195,600000E-3	9,934934E-6
-195,300000E-3	9,924645E-6
-194,700000E-3	9,912569E-6
-194,100000E-3	9,902502E-6
-193,500000E-3	9,894485E-6
-193,300000E-3	9,886592E-6
-192,500000E-3	9,878418E-6
-192,200000E-3	9,870171E-6
-191,600000E-3	9,862201E-6
-191,000000E-3	9,852992E-6
-190,400000E-3	9,842109E-6
-190,200000E-3	9,832017E-6
-189,600000E-3	9,824019E-6
-189,000000E-3	9,817665E-6
-188,400000E-3	9,808918E-6
-187,900000E-3	9,796772E-6
-187,300000E-3	9,786920E-6
-186,700000E-3	9,776370E-6
-186,400000E-3	9,763926E-6
-185,600000E-3	9,751286E-6
-185,300000E-3	9,740039E-6
-184,700000E-3	9,729542E-6
-184,200000E-3	9,717368E-6
-183,600000E-3	9,707907E-6
-183,100000E-3	9,697251E-6
-182,800000E-3	9,682082E-6
-181,900000E-3	9,665795E-6
-181,600000E-3	9,652780E-6
-181,000000E-3	9,638723E-6
-180,500000E-3	9,624739E-6
-179,900000E-3	9,613533E-6
-179,600000E-3	9,603178E-6
-178,900000E-3	9,591148E-6
-178,200000E-3	9,577240E-6
-177,900000E-3	9,564574E-6
-177,400000E-3	9,550945E-6
-176,800000E-3	9,542815E-6
-176,200000E-3	9,537443E-6
-175,900000E-3	9,528879E-6
-175,100000E-3	9,515950E-6
-174,800000E-3	9,502392E-6
-174,200000E-3	9,488589E-6
-173,600000E-3	9,475262E-6
-173,100000E-3	9,463959E-6
-172,500000E-3	9,451485E-6
-172,100000E-3	9,435165E-6
-171,600000E-3	9,414602E-6
-171,100000E-3	9,395855E-6
-170,500000E-3	9,379630E-6
-169,900000E-3	9,361914E-6
-169,100000E-3	9,340536E-6
-168,500000E-3	9,333728E-6
-167,900000E-3	9,326614E-6
-167,500000E-3	9,314470E-6
-166,800000E-3	9,297360E-6
-166,500000E-3	9,281039E-6
-165,900000E-3	9,265843E-6
-165,300000E-3	9,252156E-6
-164,800000E-3	9,238250E-6
-164,500000E-3	9,224957E-6
-163,700000E-3	9,211605E-6
-163,400000E-3	9,196335E-6
-162,800000E-3	9,180167E-6
-162,200000E-3	9,164964E-6
-161,600000E-3	9,149237E-6
-161,100000E-3	9,127545E-6
-160,800000E-3	9,103367E-6
-160,100000E-3	9,080003E-6
-159,600000E-3	9,060656E-6
-159,100000E-3	9,044754E-6
-158,500000E-3	9,029641E-6
-157,900000E-3	9,010346E-6
-157,300000E-3	8,992945E-6
-156,900000E-3	8,978544E-6
-156,200000E-3	8,958791E-6
-155,900000E-3	8,935830E-6
-155,300000E-3	8,910800E-6
-154,700000E-3	8,886871E-6
-154,200000E-3	8,862703E-6
-153,900000E-3	8,841417E-6
-153,200000E-3	8,823918E-6
-152,700000E-3	8,806075E-6
-152,200000E-3	8,785762E-6
-151,700000E-3	8,764344E-6
-151,100000E-3	8,740958E-6
-150,800000E-3	8,718947E-6
-150,100000E-3	8,697133E-6
-149,400000E-3	8,673978E-6
-149,000000E-3	8,652209E-6
-148,600000E-3	8,631132E-6
-148,000000E-3	8,608044E-6
-147,400000E-3	8,578620E-6
-147,100000E-3	8,552338E-6
-146,200000E-3	8,527617E-6
-146,000000E-3	8,503706E-6
-145,400000E-3	8,480773E-6
-144,800000E-3	8,456391E-6
-144,200000E-3	8,428163E-6
-143,900000E-3	8,401815E-6
-143,200000E-3	8,374892E-6
-142,600000E-3	8,345755E-6
-142,200000E-3	8,319373E-6
-141,800000E-3	8,292019E-6
-141,100000E-3	8,263535E-6
-140,500000E-3	8,233490E-6
-140,200000E-3	8,204254E-6
-139,400000E-3	8,173543E-6
-139,100000E-3	8,145163E-6
-138,500000E-3	8,118673E-6
-138,000000E-3	8,092631E-6
-137,400000E-3	8,063890E-6
-137,100000E-3	8,035690E-6
-136,500000E-3	8,008640E-6
-135,900000E-3	7,981259E-6
-135,400000E-3	7,949496E-6
-135,100000E-3	7,915198E-6
-134,200000E-3	7,877909E-6
-134,000000E-3	7,843265E-6
-133,400000E-3	7,810137E-6
-132,700000E-3	7,767670E-6
-132,000000E-3	7,734505E-6
-131,400000E-3	7,702803E-6
-131,100000E-3	7,671660E-6
-130,500000E-3	7,638881E-6
-129,900000E-3	7,607027E-6
-129,700000E-3	7,577122E-6
-128,800000E-3	7,546115E-6
-128,300000E-3	7,511944E-6
-128,000000E-3	7,481351E-6
-127,400000E-3	7,448862E-6
-126,800000E-3	7,417384E-6
-126,500000E-3	7,379405E-6
-125,800000E-3	7,337140E-6
-125,100000E-3	7,300136E-6
-124,900000E-3	7,269083E-6
-124,300000E-3	7,239203E-6
-123,700000E-3	7,208420E-6
-123,200000E-3	7,176251E-6
-122,900000E-3	7,140649E-6
-122,000000E-3	7,101987E-6
-121,700000E-3	7,064274E-6
-121,100000E-3	7,028947E-6
-120,600000E-3	6,995247E-6
-120,000000E-3	6,962649E-6
-119,800000E-3	6,921260E-6
-119,100000E-3	6,882526E-6
-118,400000E-3	6,845826E-6
-118,000000E-3	6,810995E-6
-117,400000E-3	6,774230E-6
-116,900000E-3	6,735747E-6
-116,300000E-3	6,697432E-6
-116,000000E-3	6,658199E-6
-115,300000E-3	6,616153E-6
-114,800000E-3	6,571826E-6
-114,600000E-3	6,528196E-6
-113,900000E-3	6,486103E-6
-113,100000E-3	6,443391E-6
-112,900000E-3	6,406304E-6
-112,300000E-3	6,366598E-6
-111,700000E-3	6,325840E-6
-111,100000E-3	6,287528E-6
-110,900000E-3	6,249310E-6
-110,000000E-3	6,209279E-6
-109,700000E-3	6,167740E-6
-109,200000E-3	6,125758E-6
-108,600000E-3	6,085934E-6
-108,000000E-3	6,047479E-6
-107,700000E-3	6,009171E-6
-107,000000E-3	5,967624E-6
-106,600000E-3	5,928994E-6
-106,000000E-3	5,890552E-6
-105,400000E-3	5,833884E-6
-104,600000E-3	5,788785E-6
-104,100000E-3	5,732002E-6
-103,500000E-3	5,686226E-6
-103,200000E-3	5,642408E-6
-102,500000E-3	5,602065E-6
-101,800000E-3	5,556490E-6
-101,200000E-3	5,509770E-6
-100,900000E-3	5,466580E-6
-100,200000E-3	5,416004E-6
-99,800000E-3	5,372360E-6
-99,200000E-3	5,327932E-6
-98,600000E-3	5,282260E-6
-98,100000E-3	5,240948E-6
-97,500000E-3	5,196953E-6
-97,000000E-3	5,151748E-6
-96,400000E-3	5,106631E-6
-96,000000E-3	5,060221E-6
-95,400000E-3	5,012802E-6
-94,900000E-3	4,965979E-6
-94,300000E-3	4,919476E-6
-94,000000E-3	4,874044E-6
-93,500000E-3	4,830529E-6
-92,900000E-3	4,787995E-6
-92,600000E-3	4,743196E-6
-91,800000E-3	4,695227E-6
-91,200000E-3	4,647187E-6
-90,900000E-3	4,597767E-6
-90,300000E-3	4,547012E-6
-89,800000E-3	4,495659E-6
-89,100000E-3	4,443986E-6
-88,800000E-3	4,392611E-6
-88,100000E-3	4,341795E-6
-87,500000E-3	4,280534E-6
-87,200000E-3	4,232209E-6
-86,500000E-3	4,176499E-6
-86,000000E-3	4,124700E-6
-85,400000E-3	4,074297E-6
-85,100000E-3	4,025884E-6
-84,600000E-3	3,980576E-6
-84,100000E-3	3,934500E-6
-83,500000E-3	3,883485E-6
-82,900000E-3	3,831467E-6
-82,300000E-3	3,779646E-6
-82,000000E-3	3,726516E-6
-81,200000E-3	3,675920E-6
-80,900000E-3	3,626135E-6
-80,300000E-3	3,574555E-6
-79,700000E-3	3,522876E-6
-79,100000E-3	3,464854E-6
-78,900000E-3	3,408871E-6
-78,300000E-3	3,355221E-6
-77,700000E-3	3,302923E-6
-77,200000E-3	3,252806E-6
-76,700000E-3	3,204956E-6
-76,300000E-3	3,148784E-6
-75,800000E-3	3,090688E-6
-75,200000E-3	3,031081E-6
-74,300000E-3	2,978321E-6
-74,000000E-3	2,930049E-6
-73,600000E-3	2,878999E-6
-72,900000E-3	2,822596E-6
-72,600000E-3	2,764457E-6
-72,000000E-3	2,709170E-6
-71,400000E-3	2,656713E-6
-70,900000E-3	2,604924E-6
-70,600000E-3	2,553010E-6
-69,700000E-3	2,500853E-6
-69,400000E-3	2,447220E-6
-68,900000E-3	2,390762E-6
-68,400000E-3	2,333978E-6
-67,700000E-3	2,277792E-6
-67,400000E-3	2,222813E-6
-66,900000E-3	2,168414E-6
-66,300000E-3	2,112010E-6
-65,700000E-3	2,054063E-6
-65,400000E-3	1,999665E-6
-64,600000E-3	1,947459E-6
-64,200000E-3	1,894701E-6
-63,900000E-3	1,842685E-6
-63,300000E-3	1,790826E-6
-62,600000E-3	1,736723E-6
-62,300000E-3	1,682542E-6
-61,700000E-3	1,627166E-6
-61,100000E-3	1,570481E-6
-60,500000E-3	1,513515E-6
-60,200000E-3	1,457945E-6
-59,500000E-3	1,401974E-6
-59,000000E-3	1,346067E-6
-58,500000E-3	1,290217E-6
-58,000000E-3	1,232544E-6
-57,300000E-3	1,176247E-6
-57,100000E-3	1,120200E-6
-56,500000E-3	1,063483E-6
-56,000000E-3	1,010315E-6
-55,300000E-3	959,301685E-9
-54,700000E-3	900,422137E-9
-54,300000E-3	849,877896E-9
-53,900000E-3	792,487458E-9
-53,300000E-3	730,620202E-9
-52,700000E-3	665,722516E-9
-52,200000E-3	610,612015E-9
-51,600000E-3	557,004552E-9
-51,300000E-3	504,243688E-9
-50,500000E-3	453,699677E-9
-50,200000E-3	402,468241E-9
-49,600000E-3	346,174709E-9
-49,200000E-3	289,608972E-9
-48,400000E-3	235,684821E-9
-48,100000E-3	181,359572E-9
-47,600000E-3	121,276676E-9
-47,000000E-3	65,959362E-9
-46,400000E-3	11,158859E-9
-46,100000E-3	-39,498969E-9
-45,400000E-3	-86,003371E-9
-45,000000E-3	-132,709460E-9
-44,400000E-3	-184,237904E-9
-43,900000E-3	-233,530180E-9
-43,300000E-3	-284,916346E-9
-43,000000E-3	-341,162497E-9
-42,400000E-3	-391,181452E-9
-41,600000E-3	-438,271577E-9
-41,300000E-3	-485,826516E-9
-40,700000E-3	-534,727438E-9
-40,100000E-3	-584,884984E-9
-39,500000E-3	-638,677648E-9
-39,300000E-3	-683,832044E-9
-38,700000E-3	-723,819590E-9
-38,200000E-3	-763,481033E-9
-37,900000E-3	-807,951246E-9
-37,000000E-3	-855,574115E-9
-36,700000E-3	-903,374491E-9
-36,100000E-3	-947,847942E-9
-35,500000E-3	-990,798245E-9
-35,000000E-3	-1,029617E-6
-34,400000E-3	-1,074111E-6
-34,100000E-3	-1,119608E-6
-33,400000E-3	-1,164346E-6
-32,600000E-3	-1,208030E-6
-32,300000E-3	-1,246933E-6
-31,900000E-3	-1,284019E-6
-31,200000E-3	-1,319692E-6
-30,600000E-3	-1,356403E-6
-30,300000E-3	-1,394209E-6
-29,800000E-3	-1,430878E-6
-29,200000E-3	-1,465293E-6
-28,700000E-3	-1,499671E-6
-28,100000E-3	-1,533799E-6
-27,500000E-3	-1,567740E-6
-27,200000E-3	-1,600827E-6
-26,600000E-3	-1,631965E-6
-26,000000E-3	-1,657158E-6
-25,500000E-3	-1,683325E-6
-25,200000E-3	-1,711603E-6
-24,600000E-3	-1,739699E-6
-24,000000E-3	-1,766985E-6
-23,500000E-3	-1,794606E-6
-22,900000E-3	-1,820892E-6
-22,300000E-3	-1,844109E-6
-22,000000E-3	-1,865820E-6
-21,500000E-3	-1,888589E-6
-20,900000E-3	-1,909890E-6
-20,300000E-3	-1,932070E-6
-20,000000E-3	-1,954229E-6
-19,200000E-3	-1,973717E-6
-18,900000E-3	-1,989045E-6
-18,300000E-3	-2,004515E-6
-17,900000E-3	-2,023244E-6
-17,200000E-3	-2,048061E-6
-16,800000E-3	-2,070811E-6
-16,200000E-3	-2,088884E-6
-15,700000E-3	-2,103950E-6
-14,800000E-3	-2,118670E-6
-14,300000E-3	-2,125457E-6
-14,000000E-3	-2,130889E-6
-13,400000E-3	-2,136623E-6
-12,800000E-3	-2,144050E-6
-12,500000E-3	-2,153245E-6
-12,000000E-3	-2,160651E-6
-11,100000E-3	-2,164621E-6
-10,800000E-3	-2,169440E-6
-10,300000E-3	-2,175923E-6
-9,700000E-3	-2,180948E-6
-9,400000E-3	-2,183027E-6
-8,800000E-3	-2,182841E-6
-8,200000E-3	-2,183928E-6
-7,700000E-3	-2,186964E-6
-7,400000E-3	-2,189044E-6
-6,800000E-3	-2,189522E-6
-6,200000E-3	-2,188814E-6
-5,700000E-3	-2,186094E-6
-5,100000E-3	-2,182765E-6
-4,500000E-3	-2,179385E-6
-3,900000E-3	-2,173235E-6
-3,600000E-3	-2,167172E-6
-3,100000E-3	-2,163959E-6
-2,400000E-3	-2,160944E-6
-1,800000E-3	-2,153088E-6
-1,200000E-3	-2,142525E-6
-600,000000E-6	-2,133799E-6
-300,000000E-6	-2,127243E-6
200,000000E-6	-2,120947E-6
800,000000E-6	-2,113033E-6
1,400000E-3	-2,101875E-6
1,700000E-3	-2,088089E-6
2,300000E-3	-2,075165E-6
2,800000E-3	-2,062212E-6
3,400000E-3	-2,049025E-6
4,000000E-3	-2,037354E-6
4,600000E-3	-2,026939E-6
4,900000E-3	-2,013854E-6
5,500000E-3	-1,998708E-6
6,100000E-3	-1,983070E-6
6,600000E-3	-1,968130E-6
6,900000E-3	-1,954260E-6
7,800000E-3	-1,939869E-6
8,300000E-3	-1,917451E-6
8,900000E-3	-1,901369E-6
9,500000E-3	-1,886523E-6
9,800000E-3	-1,870998E-6
10,400000E-3	-1,853175E-6
10,900000E-3	-1,835287E-6
11,200000E-3	-1,815353E-6
12,100000E-3	-1,792732E-6
12,400000E-3	-1,771756E-6
12,900000E-3	-1,751962E-6
13,500000E-3	-1,731963E-6
14,100000E-3	-1,710443E-6
14,400000E-3	-1,689250E-6
15,000000E-3	-1,665833E-6
15,600000E-3	-1,643916E-6
16,100000E-3	-1,621834E-6
16,700000E-3	-1,600021E-6
17,200000E-3	-1,577680E-6
17,500000E-3	-1,553288E-6
18,100000E-3	-1,523689E-6
19,000000E-3	-1,489176E-6
19,300000E-3	-1,460204E-6
19,800000E-3	-1,435476E-6
20,300000E-3	-1,413462E-6
21,000000E-3	-1,387280E-6
21,300000E-3	-1,362355E-6
21,900000E-3	-1,332668E-6
22,400000E-3	-1,298225E-6
23,000000E-3	-1,264625E-6
23,300000E-3	-1,234014E-6
24,000000E-3	-1,205430E-6
24,500000E-3	-1,175442E-6
25,000000E-3	-1,143638E-6
25,300000E-3	-1,109451E-6
25,900000E-3	-1,074751E-6
26,200000E-3	-1,042757E-6
27,100000E-3	-1,012717E-6
27,400000E-3	-981,711932E-9
28,200000E-3	-945,078598E-9
28,600000E-3	-906,218790E-9
29,200000E-3	-872,527138E-9
29,600000E-3	-841,876086E-9
30,300000E-3	-811,164443E-9
30,600000E-3	-776,203202E-9
31,200000E-3	-737,823720E-9
31,900000E-3	-696,406316E-9
32,300000E-3	-659,845448E-9
32,600000E-3	-625,441201E-9
33,400000E-3	-590,353032E-9
34,000000E-3	-550,905621E-9
34,400000E-3	-514,458324E-9
34,900000E-3	-479,289321E-9
35,500000E-3	-442,262703E-9
36,100000E-3	-403,946693E-9
36,300000E-3	-367,094869E-9
37,200000E-3	-330,507638E-9
37,500000E-3	-295,640071E-9
38,100000E-3	-259,795731E-9
38,500000E-3	-220,867044E-9
39,200000E-3	-182,064760E-9
39,500000E-3	-140,450502E-9
40,100000E-3	-99,436466E-9
40,800000E-3	-56,234195E-9
41,200000E-3	-17,412332E-9
41,800000E-3	22,505262E-9
42,300000E-3	63,560407E-9
42,900000E-3	105,861263E-9
43,200000E-3	146,954650E-9
43,800000E-3	188,155159E-9
44,400000E-3	230,156211E-9
44,700000E-3	273,518669E-9
45,200000E-3	318,246319E-9
46,100000E-3	362,427155E-9
46,400000E-3	406,699552E-9
46,700000E-3	451,989388E-9
47,300000E-3	499,186105E-9
47,900000E-3	547,846465E-9
48,500000E-3	597,703143E-9
49,000000E-3	646,530756E-9
49,500000E-3	692,792360E-9
50,100000E-3	741,078909E-9
50,400000E-3	786,238796E-9
51,000000E-3	835,884810E-9
51,600000E-3	890,881776E-9
52,200000E-3	943,523106E-9
52,600000E-3	994,075904E-9
53,000000E-3	1,043165E-6
53,500000E-3	1,091643E-6
54,400000E-3	1,150060E-6
54,700000E-3	1,203738E-6
55,200000E-3	1,264678E-6
55,800000E-3	1,320390E-6
56,400000E-3	1,373574E-6
56,700000E-3	1,425545E-6
57,300000E-3	1,477113E-6
57,900000E-3	1,528779E-6
58,500000E-3	1,579785E-6
58,900000E-3	1,627006E-6
59,300000E-3	1,675404E-6
59,800000E-3	1,729375E-6
60,400000E-3	1,788638E-6
61,000000E-3	1,841871E-6
61,600000E-3	1,893627E-6
61,900000E-3	1,943677E-6
62,600000E-3	1,992104E-6
62,700000E-3	2,041353E-6
63,400000E-3	2,093943E-6
64,000000E-3	2,151772E-6
64,600000E-3	2,211264E-6
64,900000E-3	2,266249E-6
65,400000E-3	2,318740E-6
66,000000E-3	2,371683E-6
66,600000E-3	2,423997E-6
66,900000E-3	2,475095E-6
67,700000E-3	2,524611E-6
68,000000E-3	2,574574E-6
68,600000E-3	2,626339E-6
69,100000E-3	2,678804E-6
69,700000E-3	2,730540E-6
70,000000E-3	2,780061E-6
70,600000E-3	2,828697E-6
71,200000E-3	2,876963E-6
71,800000E-3	2,922081E-6
72,300000E-3	2,973520E-6
72,900000E-3	3,025453E-6
73,200000E-3	3,079242E-6
73,700000E-3	3,133131E-6
74,400000E-3	3,181573E-6
74,900000E-3	3,226053E-6
75,200000E-3	3,270646E-6
75,800000E-3	3,315898E-6
76,400000E-3	3,368928E-6
77,000000E-3	3,415479E-6
77,400000E-3	3,466120E-6
78,100000E-3	3,518737E-6
78,700000E-3	3,563721E-6
78,900000E-3	3,608555E-6
79,500000E-3	3,654233E-6
80,100000E-3	3,703576E-6
80,700000E-3	3,757745E-6
81,100000E-3	3,811716E-6
81,800000E-3	3,855991E-6
82,100000E-3	3,902807E-6
82,700000E-3	3,943420E-6
83,300000E-3	3,984831E-6
83,600000E-3	4,026591E-6
84,300000E-3	4,074170E-6
84,800000E-3	4,121720E-6
85,700000E-3	4,170385E-6
86,000000E-3	4,213871E-6
86,300000E-3	4,256303E-6
87,100000E-3	4,298245E-6
87,400000E-3	4,339735E-6
87,800000E-3	4,381565E-6
88,600000E-3	4,424606E-6
89,200000E-3	4,466754E-6
89,500000E-3	4,507512E-6
90,000000E-3	4,548931E-6
90,600000E-3	4,591364E-6
90,700000E-3	4,631760E-6
90,700000E-3	4,672324E-6
92,200000E-3	4,712611E-6
92,500000E-3	4,750136E-6
93,100000E-3	4,788542E-6
93,600000E-3	4,829173E-6
94,200000E-3	4,869164E-6
94,600000E-3	4,908831E-6
95,300000E-3	4,948770E-6
95,600000E-3	4,989166E-6
96,200000E-3	5,029739E-6
96,800000E-3	5,071994E-6
97,400000E-3	5,114115E-6
97,700000E-3	5,154232E-6
98,500000E-3	5,193892E-6
98,500000E-3	5,234750E-6
99,500000E-3	5,272536E-6
99,800000E-3	5,309623E-6
100,600000E-3	5,350169E-6
101,300000E-3	5,392804E-6
101,600000E-3	5,430704E-6
102,100000E-3	5,466685E-6
102,400000E-3	5,499730E-6
103,300000E-3	5,535935E-6
103,500000E-3	5,577970E-6
104,300000E-3	5,617273E-6
104,300000E-3	5,649458E-6
105,200000E-3	5,679527E-6
105,500000E-3	5,711449E-6
106,000000E-3	5,747320E-6
106,700000E-3	5,784223E-6
107,200000E-3	5,820497E-6
107,700000E-3	5,857317E-6
108,100000E-3	5,892115E-6
108,700000E-3	5,923876E-6
109,200000E-3	5,959431E-6
109,800000E-3	5,995176E-6
110,400000E-3	6,030468E-6
110,700000E-3	6,063590E-6
111,500000E-3	6,094928E-6
111,800000E-3	6,126369E-6
112,100000E-3	6,161685E-6
113,000000E-3	6,198934E-6
113,300000E-3	6,234474E-6
113,800000E-3	6,272231E-6
114,400000E-3	6,305169E-6
114,800000E-3	6,336195E-6
115,400000E-3	6,370047E-6
115,900000E-3	6,406438E-6
116,500000E-3	6,439865E-6
117,100000E-3	6,471574E-6
117,400000E-3	6,501688E-6
117,900000E-3	6,531200E-6
118,500000E-3	6,568240E-6
119,100000E-3	6,607993E-6
119,700000E-3	6,648925E-6
120,100000E-3	6,690202E-6
120,800000E-3	6,722522E-6
121,100000E-3	6,751304E-6
121,700000E-3	6,783178E-6
122,000000E-3	6,818194E-6
122,600000E-3	6,852671E-6
123,600000E-3	6,887982E-6
123,900000E-3	6,923011E-6
124,400000E-3	6,958255E-6
125,000000E-3	6,993043E-6
125,600000E-3	7,031371E-6
125,900000E-3	7,067136E-6
126,500000E-3	7,104080E-6
127,300000E-3	7,140014E-6
127,600000E-3	7,165706E-6
128,200000E-3	7,189238E-6
128,800000E-3	7,217028E-6
129,400000E-3	7,246901E-6
129,700000E-3	7,276588E-6
130,200000E-3	7,307961E-6
130,800000E-3	7,338733E-6
131,300000E-3	7,365508E-6
131,600000E-3	7,389396E-6
132,300000E-3	7,413595E-6
132,600000E-3	7,440645E-6
133,400000E-3	7,469760E-6
133,700000E-3	7,495685E-6
134,300000E-3	7,525577E-6
134,900000E-3	7,554190E-6
135,500000E-3	7,582428E-6
135,800000E-3	7,609121E-6
136,400000E-3	7,632510E-6
137,000000E-3	7,653519E-6
137,600000E-3	7,673566E-6
137,900000E-3	7,695177E-6
138,200000E-3	7,717091E-6
139,000000E-3	7,740691E-6
139,700000E-3	7,766917E-6
140,100000E-3	7,793440E-6
140,700000E-3	7,820053E-6
141,000000E-3	7,845780E-6
141,300000E-3	7,871787E-6
142,100000E-3	7,896438E-6
142,500000E-3	7,918230E-6
143,100000E-3	7,938575E-6
143,600000E-3	7,956393E-6
144,200000E-3	7,973330E-6
144,900000E-3	7,992506E-6
145,200000E-3	8,015431E-6
145,800000E-3	8,038661E-6
146,400000E-3	8,061960E-6
146,800000E-3	8,086933E-6
147,600000E-3	8,113081E-6
147,900000E-3	8,134384E-6
148,500000E-3	8,151653E-6
148,800000E-3	8,171258E-6
149,400000E-3	8,194077E-6
150,000000E-3	8,221178E-6
150,600000E-3	8,247183E-6
150,800000E-3	8,269685E-6
151,500000E-3	8,289208E-6
152,100000E-3	8,305466E-6
152,700000E-3	8,325034E-6
153,000000E-3	8,348055E-6
153,600000E-3	8,371340E-6
154,100000E-3	8,393715E-6
154,800000E-3	8,414394E-6
155,100000E-3	8,434558E-6
155,700000E-3	8,457267E-6
156,000000E-3	8,482429E-6
156,600000E-3	8,506914E-6
157,200000E-3	8,529531E-6
157,900000E-3	8,548919E-6
158,100000E-3	8,566021E-6
158,800000E-3	8,587411E-6
159,400000E-3	8,609410E-6
160,000000E-3	8,630987E-6
160,300000E-3	8,653348E-6
160,900000E-3	8,676961E-6
161,400000E-3	8,699450E-6
162,000000E-3	8,721694E-6
162,400000E-3	8,742732E-6
163,000000E-3	8,765004E-6
163,600000E-3	8,785445E-6
164,200000E-3	8,803147E-6
164,500000E-3	8,820683E-6
165,100000E-3	8,842694E-6
165,400000E-3	8,867254E-6
166,000000E-3	8,890082E-6
166,700000E-3	8,910968E-6
167,200000E-3	8,932052E-6
167,500000E-3	8,954542E-6
168,100000E-3	8,975480E-6
168,700000E-3	8,994098E-6
169,300000E-3	9,012395E-6
169,600000E-3	9,034769E-6
170,200000E-3	9,057614E-6
170,800000E-3	9,082488E-6
171,500000E-3	9,106977E-6
172,000000E-3	9,125550E-6
172,400000E-3	9,146641E-6
173,000000E-3	9,170213E-6
173,600000E-3	9,191790E-6
174,000000E-3	9,211015E-6
174,800000E-3	9,232914E-6
175,300000E-3	9,264760E-6
175,700000E-3	9,287456E-6
175,900000E-3	9,311569E-6
176,600000E-3	9,337132E-6
177,300000E-3	9,363086E-6
178,100000E-3	9,388378E-6
178,400000E-3	9,410235E-6
178,700000E-3	9,430110E-6
179,000000E-3	9,449038E-6
179,700000E-3	9,471124E-6
180,300000E-3	9,498545E-6
180,900000E-3	9,523570E-6
181,500000E-3	9,546349E-6
182,100000E-3	9,570461E-6
182,400000E-3	9,595457E-6
183,300000E-3	9,616565E-6
183,300000E-3	9,634669E-6
184,200000E-3	9,656640E-6
184,500000E-3	9,681288E-6
185,000000E-3	9,705229E-6
185,100000E-3	9,729293E-6
186,100000E-3	9,752728E-6
186,600000E-3	9,778543E-6
187,200000E-3	9,803811E-6
187,800000E-3	9,826108E-6
188,200000E-3	9,845494E-6
188,800000E-3	9,863764E-6
189,400000E-3	9,880382E-6
189,600000E-3	9,899232E-6
190,300000E-3	9,921918E-6
190,700000E-3	9,943222E-6
191,500000E-3	9,962149E-6
191,700000E-3	9,980088E-6
192,400000E-3	9,999108E-6
192,700000E-3	10,019696E-6
193,300000E-3	10,039995E-6
193,800000E-3	10,058470E-6
194,500000E-3	10,073982E-6
194,800000E-3	10,088565E-6
195,400000E-3	10,105027E-6
196,000000E-3	10,122252E-6
196,600000E-3	10,138442E-6
196,900000E-3	10,154304E-6
197,300000E-3	10,172688E-6
197,800000E-3	10,193722E-6
198,400000E-3	10,213494E-6
199,000000E-3	10,228212E-6
199,500000E-3	10,240352E-6
200,300000E-3	10,254331E-6
200,900000E-3	10,269097E-6
201,200000E-3	10,281737E-6
201,500000E-3	10,291587E-6
202,100000E-3	10,300335E-6
202,700000E-3	10,312035E-6
203,400000E-3	10,323961E-6
203,900000E-3	10,339553E-6
204,300000E-3	10,355905E-6
204,800000E-3	10,368899E-6
205,400000E-3	10,379114E-6
206,000000E-3	10,390953E-6
206,400000E-3	10,403101E-6
206,900000E-3	10,413773E-6
207,200000E-3	10,425286E-6
207,900000E-3	10,437924E-6
207,900000E-3	10,450168E-6
208,900000E-3	10,463451E-6
209,300000E-3	10,474604E-6
210,000000E-3	10,483342E-6
210,300000E-3	10,493354E-6
210,900000E-3	10,502834E-6
211,500000E-3	10,510913E-6
212,000000E-3	10,521477E-6
212,200000E-3	10,533065E-6
213,200000E-3	10,546093E-6
213,500000E-3	10,559393E-6
214,100000E-3	10,574206E-6
214,700000E-3	10,588426E-6
215,300000E-3	10,603464E-6
215,700000E-3	10,618589E-6
216,200000E-3	10,630855E-6
216,700000E-3	10,641696E-6
217,200000E-3	10,652068E-6
217,800000E-3	10,663890E-6
218,000000E-3	10,678351E-6
218,700000E-3	10,693678E-6
219,200000E-3	10,706893E-6
219,900000E-3	10,718766E-6
220,200000E-3	10,731429E-6
220,700000E-3	10,747583E-6
221,400000E-3	10,766145E-6
222,000000E-3	10,781434E-6
222,600000E-3	10,791827E-6
222,900000E-3	10,800368E-6
223,500000E-3	10,810498E-6
223,900000E-3	10,822882E-6
224,400000E-3	10,836879E-6
225,000000E-3	10,851807E-6
225,600000E-3	10,868555E-6
225,900000E-3	10,884285E-6
226,600000E-3	10,896404E-6
227,100000E-3	10,909207E-6
227,700000E-3	10,925348E-6
228,000000E-3	10,940838E-6
228,600000E-3	10,954606E-6
229,200000E-3	10,967692E-6
229,900000E-3	10,980063E-6
229,900000E-3	10,993921E-6
230,700000E-3	11,011824E-6
231,300000E-3	11,028817E-6
231,600000E-3	11,045829E-6
232,600000E-3	11,062664E-6
232,800000E-3	11,081218E-6
233,500000E-3	11,101168E-6
233,800000E-3	11,119679E-6
234,400000E-3	11,135548E-6
234,700000E-3	11,153344E-6
235,700000E-3	11,169385E-6
235,900000E-3	11,179603E-6
236,500000E-3	11,188517E-6
236,900000E-3	11,199678E-6
237,500000E-3	11,213156E-6
237,800000E-3	11,229961E-6
238,400000E-3	11,249182E-6
239,000000E-3	11,269268E-6
239,700000E-3	11,286595E-6
240,000000E-3	11,304121E-6
240,600000E-3	11,321576E-6
240,900000E-3	11,340195E-6
241,500000E-3	11,357611E-6
242,100000E-3	11,372043E-6
242,800000E-3	11,385495E-6
243,400000E-3	11,397308E-6
243,700000E-3	11,412705E-6
244,300000E-3	11,432184E-6
244,700000E-3	11,453891E-6
245,400000E-3	11,474715E-6
245,700000E-3	11,491418E-6
246,600000E-3	11,505936E-6
247,200000E-3	11,526581E-6
247,500000E-3	11,545626E-6
247,500000E-3	11,565237E-6
248,500000E-3	11,582905E-6
249,200000E-3	11,599384E-6
249,500000E-3	11,614841E-6
250,100000E-3	11,628549E-6
250,800000E-3	11,643181E-6
251,400000E-3	11,659924E-6
252,000000E-3	11,676748E-6
252,200000E-3	11,693379E-6
252,800000E-3	11,711767E-6
253,300000E-3	11,729643E-6
253,800000E-3	11,746448E-6
254,400000E-3	11,763859E-6
254,700000E-3	11,780302E-6
255,400000E-3	11,796682E-6
256,000000E-3	11,815422E-6
256,600000E-3	11,835076E-6
257,000000E-3	11,854739E-6
257,600000E-3	11,872150E-6
257,900000E-3	11,884301E-6
258,500000E-3	11,894664E-6
259,100000E-3	11,908758E-6
259,800000E-3	11,922874E-6
260,000000E-3	11,936889E-6
260,700000E-3	11,950770E-6
261,000000E-3	11,966308E-6
261,600000E-3	11,983284E-6
262,200000E-3	12,000203E-6
262,900000E-3	12,015083E-6
263,200000E-3	12,026358E-6
263,800000E-3	12,036855E-6
264,100000E-3	12,050861E-6
264,700000E-3	12,068178E-6
265,400000E-3	12,087120E-6
266,000000E-3	12,106764E-6
266,300000E-3	12,127238E-6
266,900000E-3	12,142128E-6
267,200000E-3	12,155852E-6
267,900000E-3	12,169822E-6
268,400000E-3	12,184974E-6
269,000000E-3	12,200421E-6
269,700000E-3	12,213162E-6
270,000000E-3	12,223019E-6
270,300000E-3	12,234407E-6
270,900000E-3	12,250112E-6
271,500000E-3	12,267719E-6
272,200000E-3	12,284764E-6
272,800000E-3	12,300929E-6
273,100000E-3	12,315902E-6
273,400000E-3	12,329419E-6
274,000000E-3	12,344226E-6
274,700000E-3	12,360785E-6
275,300000E-3	12,376405E-6
275,600000E-3	12,391462E-6
276,200000E-3	12,404352E-6
276,500000E-3	12,415300E-6
277,200000E-3	12,428631E-6
277,800000E-3	12,447266E-6
278,400000E-3	12,464779E-6
278,700000E-3	12,477826E-6
279,300000E-3	12,489534E-6
279,700000E-3	12,502917E-6
280,300000E-3	12,518632E-6
280,900000E-3	12,536116E-6
281,500000E-3	12,551552E-6
281,900000E-3	12,565998E-6
282,500000E-3	12,580183E-6
282,800000E-3	12,590354E-6
283,400000E-3	12,599063E-6
284,000000E-3	12,609258E-6
284,600000E-3	12,620154E-6
285,000000E-3	12,630982E-6
285,600000E-3	12,639109E-6
285,900000E-3	12,645871E-6
286,500000E-3	12,655676E-6
287,100000E-3	12,668699E-6
287,800000E-3	12,681112E-6
288,100000E-3	12,694807E-6
288,700000E-3	12,710584E-6
289,000000E-3	12,726460E-6
289,600000E-3	12,740017E-6
290,200000E-3	12,749225E-6
291,000000E-3	12,756327E-6
291,100000E-3	12,766911E-6
291,700000E-3	12,779627E-6
292,300000E-3	12,793176E-6
292,900000E-3	12,804656E-6
293,300000E-3	12,813885E-6
293,900000E-3	12,822240E-6
294,500000E-3	12,830300E-6
294,800000E-3	12,837143E-6
295,400000E-3	12,846074E-6
296,100000E-3	12,860559E-6
296,300000E-3	12,876325E-6
297,000000E-3	12,888443E-6
297,600000E-3	12,894550E-6
297,900000E-3	12,898982E-6
298,600000E-3	12,907265E-6
299,200000E-3	12,915023E-6
299,500000E-3	12,917907E-6
300,100000E-3	12,919978E-6
300,400000E-3	12,924897E-6
301,000000E-3	12,932658E-6
301,600000E-3	12,941422E-6
302,200000E-3	12,948656E-6
302,600000E-3	12,956293E-6
303,400000E-3	12,963613E-6
303,700000E-3	12,969657E-6
304,100000E-3	12,974738E-6
304,700000E-3	12,979448E-6
305,400000E-3	12,984354E-6
305,600000E-3	12,987145E-6
306,300000E-3	12,988014E-6
306,600000E-3	12,988564E-6
306,900000E-3	12,988531E-6
307,800000E-3	12,990355E-6
308,100000E-3	12,997568E-6
308,800000E-3	13,006816E-6
309,100000E-3	13,009545E-6
310,000000E-3	13,005252E-6
310,300000E-3	13,001563E-6
310,900000E-3	13,002463E-6
311,500000E-3	13,005623E-6
311,800000E-3	13,009107E-6
312,500000E-3	13,013216E-6
313,100000E-3	13,016314E-6
313,400000E-3	13,018983E-6
314,000000E-3	13,020966E-6
314,600000E-3	13,019931E-6
315,000000E-3	13,014339E-6
315,900000E-3	13,009734E-6
316,500000E-3	13,009514E-6
316,800000E-3	13,009313E-6
317,500000E-3	13,009451E-6
317,700000E-3	13,011564E-6
318,400000E-3	13,015009E-6
318,700000E-3	13,019086E-6
319,300000E-3	13,022218E-6
319,900000E-3	13,022046E-6
320,200000E-3	13,022202E-6
320,900000E-3	13,023625E-6
321,400000E-3	13,023366E-6
322,100000E-3	13,022373E-6
322,400000E-3	13,021764E-6
323,000000E-3	13,020460E-6
323,300000E-3	13,020146E-6
323,900000E-3	13,021928E-6
324,600000E-3	13,025516E-6
324,900000E-3	13,031970E-6
325,800000E-3	13,036604E-6
326,400000E-3	13,036848E-6
326,700000E-3	13,035722E-6
327,200000E-3	13,036168E-6
327,900000E-3	13,037263E-6
328,200000E-3	13,036881E-6
328,800000E-3	13,037287E-6
329,400000E-3	13,041135E-6
330,000000E-3	13,046433E-6
330,600000E-3	13,050534E-6
330,800000E-3	13,055554E-6
331,400000E-3	13,061251E-6
332,000000E-3	13,061384E-6
332,300000E-3	13,056868E-6
332,900000E-3	13,054215E-6
333,500000E-3	13,052917E-6
334,100000E-3	13,051103E-6
334,700000E-3	13,052464E-6
335,300000E-3	13,059314E-6
335,400000E-3	13,068224E-6
336,200000E-3	13,073448E-6
336,800000E-3	13,072101E-6
337,400000E-3	13,068798E-6
337,600000E-3	13,070121E-6
338,200000E-3	13,074927E-6
338,800000E-3	13,076547E-6
339,400000E-3	13,076604E-6
339,700000E-3	13,077622E-6
340,300000E-3	13,080537E-6
341,000000E-3	13,087514E-6
341,500000E-3	13,096695E-6
341,800000E-3	13,103031E-6
342,500000E-3	13,105878E-6
342,600000E-3	13,111110E-6
343,400000E-3	13,114793E-6
343,900000E-3	13,115184E-6
344,500000E-3	13,117440E-6
344,800000E-3	13,121441E-6
345,400000E-3	13,124705E-6
346,000000E-3	13,128701E-6
346,600000E-3	13,132246E-6
347,100000E-3	13,132797E-6
347,600000E-3	13,132617E-6
348,300000E-3	13,135421E-6
348,800000E-3	13,141203E-6
349,300000E-3	13,149467E-6
350,000000E-3	13,158302E-6
350,200000E-3	13,166561E-6
350,800000E-3	13,173451E-6
351,400000E-3	13,179554E-6
352,000000E-3	13,186451E-6
352,300000E-3	13,194799E-6
353,100000E-3	13,203605E-6
353,400000E-3	13,214424E-6
354,000000E-3	13,225239E-6
354,500000E-3	13,232462E-6
355,100000E-3	13,238319E-6
355,700000E-3	13,243378E-6
356,000000E-3	13,249746E-6
356,800000E-3	13,255195E-6
357,100000E-3	13,257887E-6
357,700000E-3	13,260973E-6
358,300000E-3	13,266768E-6
358,600000E-3	13,273416E-6
359,400000E-3	13,280262E-6
359,700000E-3	13,288164E-6
360,300000E-3	13,296940E-6
360,600000E-3	13,305008E-6
361,600000E-3	13,316738E-6
361,800000E-3	13,329694E-6
362,500000E-3	13,337632E-6
363,000000E-3	13,341455E-6
363,300000E-3	13,345036E-6
363,900000E-3	13,350207E-6
364,400000E-3	13,357203E-6
365,000000E-3	13,364235E-6
365,600000E-3	13,370966E-6
366,100000E-3	13,377921E-6
366,400000E-3	13,386740E-6
367,000000E-3	13,397772E-6
367,600000E-3	13,412950E-6
368,200000E-3	13,431200E-6
368,700000E-3	13,447162E-6
369,000000E-3	13,458517E-6
369,800000E-3	13,466698E-6
370,100000E-3	13,472023E-6
370,700000E-3	13,477599E-6
371,300000E-3	13,483893E-6
371,800000E-3	13,490316E-6
372,200000E-3	13,496042E-6
373,000000E-3	13,502155E-6
373,300000E-3	13,508027E-6
373,900000E-3	13,512660E-6
374,500000E-3	13,518594E-6
375,000000E-3	13,525674E-6
375,600000E-3	13,533751E-6
375,600000E-3	13,542973E-6
376,500000E-3	13,553714E-6
377,100000E-3	13,563370E-6
377,700000E-3	13,570927E-6
378,000000E-3	13,577945E-6
378,800000E-3	13,584856E-6
378,800000E-3	13,591062E-6
379,500000E-3	13,595796E-6
380,000000E-3	13,601614E-6
380,800000E-3	13,612264E-6
381,200000E-3	13,626511E-6
381,700000E-3	13,640185E-6
382,300000E-3	13,649965E-6
382,600000E-3	13,656706E-6
383,100000E-3	13,663498E-6
383,700000E-3	13,671207E-6
384,300000E-3	13,679083E-6
384,900000E-3	13,686026E-6
385,300000E-3	13,694392E-6
385,900000E-3	13,703489E-6
386,200000E-3	13,712147E-6
387,000000E-3	13,720629E-6
387,500000E-3	13,730093E-6
388,100000E-3	13,738635E-6
388,400000E-3	13,744608E-6
389,000000E-3	13,747989E-6
389,600000E-3	13,751693E-6
390,100000E-3	13,756241E-6
390,500000E-3	13,760479E-6
391,200000E-3	13,765522E-6
391,800000E-3	13,771078E-6
392,100000E-3	13,777738E-6
393,000000E-3	13,783686E-6
393,200000E-3	13,789551E-6
393,800000E-3	13,794162E-6
394,300000E-3	13,792285E-6
394,900000E-3	13,788783E-6
395,500000E-3	13,788341E-6
396,100000E-3	13,794861E-6
396,600000E-3	13,803693E-6
397,200000E-3	13,810257E-6
397,500000E-3	13,813407E-6
398,200000E-3	13,816062E-6
398,600000E-3	13,820919E-6
399,200000E-3	13,827933E-6
399,700000E-3	13,835540E-6
399,700000E-3	13,841070E-6
400,500000E-3	13,844568E-6
401,100000E-3	13,847343E-6
401,600000E-3	13,849077E-6
402,200000E-3	13,851016E-6
402,800000E-3	13,854708E-6
403,300000E-3	13,858199E-6
403,900000E-3	13,861114E-6
404,200000E-3	13,863489E-6
404,800000E-3	13,864907E-6
405,400000E-3	13,866332E-6
405,900000E-3	13,867645E-6
406,500000E-3	13,870916E-6
407,100000E-3	13,875436E-6
407,400000E-3	13,879019E-6
407,900000E-3	13,885814E-6
408,500000E-3	13,895726E-6
409,000000E-3	13,904975E-6
409,300000E-3	13,916789E-6
410,200000E-3	13,929041E-6
410,500000E-3	13,936984E-6
411,100000E-3	13,941371E-6
411,600000E-3	13,946886E-6
412,200000E-3	13,953462E-6
412,700000E-3	13,957388E-6
413,300000E-3	13,959682E-6
413,600000E-3	13,961753E-6
414,100000E-3	13,960833E-6
414,500000E-3	13,959239E-6
415,200000E-3	13,962718E-6
415,700000E-3	13,971034E-6
416,300000E-3	13,979726E-6
416,900000E-3	13,980281E-6
417,200000E-3	13,980747E-6
417,800000E-3	13,989981E-6
418,300000E-3	14,000959E-6
418,800000E-3	14,009247E-6
419,400000E-3	14,016982E-6
420,000000E-3	14,024144E-6
420,300000E-3	14,030025E-6
421,200000E-3	14,037273E-6
421,700000E-3	14,045718E-6
422,000000E-3	14,050453E-6
422,600000E-3	14,053878E-6
423,200000E-3	14,059899E-6
423,800000E-3	14,067481E-6
424,200000E-3	14,073175E-6
424,800000E-3	14,077205E-6
425,100000E-3	14,079432E-6
425,700000E-3	14,080325E-6
425,700000E-3	14,078863E-6
426,800000E-3	14,076422E-6
427,000000E-3	14,075836E-6
427,600000E-3	14,077122E-6
428,200000E-3	14,079282E-6
428,800000E-3	14,083026E-6
428,800000E-3	14,087381E-6
429,900000E-3	14,091710E-6
430,200000E-3	14,098743E-6
430,700000E-3	14,108545E-6
431,400000E-3	14,121801E-6
432,000000E-3	14,135576E-6
432,600000E-3	14,143604E-6
432,800000E-3	14,148497E-6
433,400000E-3	14,151943E-6
434,200000E-3	14,154914E-6
434,600000E-3	14,159100E-6
435,100000E-3	14,163950E-6
435,700000E-3	14,169539E-6
436,000000E-3	14,176416E-6
436,700000E-3	14,182861E-6
437,200000E-3	14,187337E-6
437,800000E-3	14,188573E-6
438,400000E-3	14,191688E-6
438,700000E-3	14,199858E-6
439,500000E-3	14,208725E-6
439,800000E-3	14,216976E-6
440,400000E-3	14,223920E-6
441,000000E-3	14,231204E-6
441,500000E-3	14,240343E-6
441,800000E-3	14,248249E-6
442,400000E-3	14,254046E-6
442,700000E-3	14,257324E-6
443,500000E-3	14,258630E-6
443,800000E-3	14,260242E-6
444,400000E-3	14,261025E-6
445,000000E-3	14,260473E-6
445,600000E-3	14,262876E-6
446,100000E-3	14,269082E-6
446,500000E-3	14,274900E-6
447,000000E-3	14,280595E-6
447,600000E-3	14,288664E-6
448,100000E-3	14,296309E-6
448,700000E-3	14,302566E-6
449,000000E-3	14,310063E-6
449,700000E-3	14,317539E-6
450,100000E-3	14,321918E-6
450,700000E-3	14,325155E-6
451,200000E-3	14,332748E-6
451,500000E-3	14,344248E-6
452,200000E-3	14,357671E-6
452,500000E-3	14,369380E-6
453,700000E-3	14,383794E-6
454,000000E-3	14,392422E-6
454,600000E-3	14,396768E-6
455,200000E-3	14,394087E-6
455,800000E-3	14,390954E-6
455,800000E-3	14,390216E-6
456,900000E-3	14,391214E-6
457,300000E-3	14,392205E-6
457,800000E-3	14,395538E-6
458,300000E-3	14,403797E-6
458,600000E-3	14,412945E-6
459,300000E-3	14,422737E-6
459,900000E-3	14,432238E-6
460,500000E-3	14,440519E-6
461,100000E-3	14,446638E-6
461,400000E-3	14,452738E-6
462,200000E-3	14,458129E-6
462,800000E-3	14,465299E-6
463,100000E-3	14,473426E-6
463,600000E-3	14,479536E-6
464,500000E-3	14,486608E-6
464,800000E-3	14,493559E-6
465,300000E-3	14,499718E-6
465,900000E-3	14,505326E-6
465,900000E-3	14,514875E-6
466,800000E-3	14,527670E-6
467,400000E-3	14,537032E-6
467,700000E-3	14,541647E-6
468,500000E-3	14,546330E-6
468,800000E-3	14,554401E-6
469,400000E-3	14,566697E-6
470,000000E-3	14,583527E-6
470,500000E-3	14,601005E-6
471,100000E-3	14,616000E-6
471,600000E-3	14,626469E-6
471,900000E-3	14,632532E-6
472,300000E-3	14,635796E-6
473,100000E-3	14,639995E-6
473,700000E-3	14,649866E-6
474,200000E-3	14,664720E-6
474,800000E-3	14,679200E-6
475,300000E-3	14,692546E-6
476,000000E-3	14,706573E-6
476,500000E-3	14,720662E-6
476,800000E-3	14,733734E-6
477,300000E-3	14,749257E-6
477,900000E-3	14,763081E-6
478,200000E-3	14,774931E-6
478,900000E-3	14,787076E-6
479,600000E-3	14,799156E-6
479,900000E-3	14,808867E-6
480,500000E-3	14,819330E-6
481,100000E-3	14,828773E-6
481,400000E-3	14,837410E-6
481,900000E-3	14,850261E-6
482,800000E-3	14,866045E-6
483,100000E-3	14,877489E-6
483,500000E-3	14,883690E-6
484,200000E-3	14,889728E-6
484,800000E-3	14,900568E-6
485,100000E-3	14,919543E-6
485,600000E-3	14,945304E-6
485,900000E-3	14,965808E-6
486,700000E-3	14,979710E-6
487,200000E-3	14,990760E-6
487,200000E-3	15,004028E-6
488,300000E-3	15,019872E-6
488,900000E-3	15,036348E-6
488,900000E-3	15,053807E-6
489,900000E-3	15,070943E-6
490,100000E-3	15,084439E-6
490,700000E-3	15,095678E-6
491,300000E-3	15,108060E-6
491,900000E-3	15,118931E-6
492,500000E-3	15,134596E-6
492,500000E-3	15,152016E-6
493,200000E-3	15,167763E-6
494,000000E-3	15,185195E-6
494,700000E-3	15,201448E-6
494,900000E-3	15,217924E-6
495,700000E-3	15,235764E-6
496,100000E-3	15,259182E-6
496,600000E-3	15,281428E-6
497,200000E-3	15,302871E-6
497,700000E-3	15,321106E-6
498,100000E-3	15,338768E-6
498,300000E-3	15,356911E-6
499,400000E-3	15,375430E-6
499,800000E-3	15,396186E-6
