-500,900000E-3	19,379441E-6
-500,900000E-3	19,498806E-6
-501,100000E-3	19,514098E-6
-501,200000E-3	19,526580E-6
-501,100000E-3	19,535535E-6
-501,000000E-3	19,537222E-6
-500,800000E-3	19,538619E-6
-500,600000E-3	19,543581E-6
-500,300000E-3	19,544176E-6
-500,000000E-3	19,534399E-6
-499,800000E-3	19,517141E-6
-499,300000E-3	19,500681E-6
-499,100000E-3	19,493771E-6
-498,600000E-3	19,490631E-6
-498,200000E-3	19,485472E-6
-497,700000E-3	19,477392E-6
-497,400000E-3	19,467102E-6
-496,900000E-3	19,453892E-6
-496,400000E-3	19,440610E-6
-495,900000E-3	19,429624E-6
-495,600000E-3	19,421841E-6
-494,800000E-3	19,415019E-6
-494,600000E-3	19,406260E-6
-494,000000E-3	19,392270E-6
-493,500000E-3	19,376299E-6
-492,900000E-3	19,362652E-6
-492,700000E-3	19,350296E-6
-492,100000E-3	19,338656E-6
-491,500000E-3	19,323112E-6
-490,900000E-3	19,301524E-6
-490,700000E-3	19,279452E-6
-489,900000E-3	19,260568E-6
-489,300000E-3	19,244469E-6
-489,000000E-3	19,230903E-6
-488,400000E-3	19,219638E-6
-487,800000E-3	19,208253E-6
-487,200000E-3	19,195736E-6
-487,000000E-3	19,182306E-6
-486,200000E-3	19,167829E-6
-485,900000E-3	19,148469E-6
-485,300000E-3	19,130717E-6
-484,800000E-3	19,112088E-6
-484,200000E-3	19,093838E-6
-483,600000E-3	19,077075E-6
-483,000000E-3	19,060917E-6
-482,400000E-3	19,044854E-6
-482,100000E-3	19,024897E-6
-481,600000E-3	19,008263E-6
-481,000000E-3	18,989021E-6
-480,500000E-3	18,967824E-6
-479,900000E-3	18,946224E-6
-479,300000E-3	18,925869E-6
-478,700000E-3	18,906153E-6
-478,400000E-3	18,886043E-6
-478,000000E-3	18,866125E-6
-477,300000E-3	18,846498E-6
-477,000000E-3	18,824039E-6
-476,400000E-3	18,799084E-6
-475,800000E-3	18,775039E-6
-475,200000E-3	18,754307E-6
-475,000000E-3	18,735690E-6
-474,200000E-3	18,715971E-6
-473,800000E-3	18,693032E-6
-473,200000E-3	18,672882E-6
-472,800000E-3	18,658345E-6
-472,000000E-3	18,646060E-6
-471,900000E-3	18,631908E-6
-471,200000E-3	18,612988E-6
-470,700000E-3	18,589673E-6
-470,100000E-3	18,564969E-6
-469,800000E-3	18,539588E-6
-469,000000E-3	18,515338E-6
-468,600000E-3	18,492751E-6
-468,100000E-3	18,471446E-6
-467,500000E-3	18,447529E-6
-466,900000E-3	18,420027E-6
-466,300000E-3	18,397380E-6
-465,700000E-3	18,381035E-6
-465,200000E-3	18,361196E-6
-464,600000E-3	18,339480E-6
-464,300000E-3	18,315717E-6
-463,700000E-3	18,288383E-6
-463,200000E-3	18,260093E-6
-462,600000E-3	18,235519E-6
-462,300000E-3	18,214228E-6
-461,500000E-3	18,195917E-6
-461,100000E-3	18,178538E-6
-460,600000E-3	18,157696E-6
-460,100000E-3	18,129522E-6
-459,400000E-3	18,100012E-6
-459,100000E-3	18,072480E-6
-458,600000E-3	18,045697E-6
-457,900000E-3	18,013322E-6
-457,400000E-3	17,980325E-6
-457,100000E-3	17,950557E-6
-456,300000E-3	17,925982E-6
-455,700000E-3	17,903775E-6
-455,400000E-3	17,874877E-6
-454,800000E-3	17,849702E-6
-454,300000E-3	17,829078E-6
-453,700000E-3	17,809387E-6
-453,400000E-3	17,784035E-6
-452,600000E-3	17,753494E-6
-452,300000E-3	17,723659E-6
-451,700000E-3	17,697002E-6
-451,300000E-3	17,671316E-6
-450,500000E-3	17,646163E-6
-450,300000E-3	17,620740E-6
-449,700000E-3	17,593625E-6
-449,100000E-3	17,567361E-6
-448,500000E-3	17,540770E-6
-448,300000E-3	17,513946E-6
-447,400000E-3	17,487449E-6
-447,100000E-3	17,455383E-6
-446,600000E-3	17,420101E-6
-446,000000E-3	17,391131E-6
-445,400000E-3	17,366567E-6
-444,800000E-3	17,337413E-6
-444,300000E-3	17,304278E-6
-443,700000E-3	17,273246E-6
-443,100000E-3	17,244015E-6
-442,800000E-3	17,217689E-6
-442,200000E-3	17,194488E-6
-441,600000E-3	17,168749E-6
-441,100000E-3	17,144476E-6
-440,700000E-3	17,124978E-6
-440,200000E-3	17,108082E-6
-439,700000E-3	17,085936E-6
-439,100000E-3	17,058276E-6
-438,500000E-3	17,026036E-6
-437,900000E-3	16,993030E-6
-437,300000E-3	16,971933E-6
-437,000000E-3	16,952859E-6
-436,300000E-3	16,929265E-6
-435,900000E-3	16,897265E-6
-435,300000E-3	16,865886E-6
-434,700000E-3	16,835559E-6
-434,200000E-3	16,808390E-6
-433,900000E-3	16,786375E-6
-433,400000E-3	16,766514E-6
-432,800000E-3	16,740089E-6
-432,200000E-3	16,712919E-6
-431,600000E-3	16,689454E-6
-431,300000E-3	16,669468E-6
-430,700000E-3	16,650435E-6
-430,200000E-3	16,631213E-6
-429,600000E-3	16,607608E-6
-429,000000E-3	16,578523E-6
-428,700000E-3	16,549842E-6
-428,100000E-3	16,523585E-6
-427,500000E-3	16,498154E-6
-427,000000E-3	16,472148E-6
-426,700000E-3	16,441893E-6
-425,900000E-3	16,413505E-6
-425,600000E-3	16,389047E-6
-425,000000E-3	16,369418E-6
-424,400000E-3	16,350763E-6
-423,900000E-3	16,323551E-6
-423,300000E-3	16,297406E-6
-423,000000E-3	16,272302E-6
-422,300000E-3	16,245517E-6
-421,800000E-3	16,217110E-6
-421,200000E-3	16,191127E-6
-420,700000E-3	16,169036E-6
-420,200000E-3	16,151070E-6
-419,800000E-3	16,130722E-6
-419,300000E-3	16,109438E-6
-418,700000E-3	16,087703E-6
-418,100000E-3	16,059233E-6
-417,500000E-3	16,033306E-6
-417,000000E-3	16,010574E-6
-416,400000E-3	15,991540E-6
-416,100000E-3	15,972287E-6
-415,500000E-3	15,948939E-6
-414,700000E-3	15,921169E-6
-414,400000E-3	15,890290E-6
-413,800000E-3	15,866582E-6
-413,400000E-3	15,845317E-6
-412,600000E-3	15,824057E-6
-412,300000E-3	15,803575E-6
-411,800000E-3	15,781621E-6
-411,200000E-3	15,761541E-6
-410,600000E-3	15,743342E-6
-410,400000E-3	15,723215E-6
-409,600000E-3	15,702470E-6
-409,200000E-3	15,682194E-6
-408,600000E-3	15,660193E-6
-408,000000E-3	15,633460E-6
-407,500000E-3	15,604384E-6
-407,200000E-3	15,579127E-6
-406,600000E-3	15,555350E-6
-406,100000E-3	15,530717E-6
-405,500000E-3	15,507215E-6
-405,200000E-3	15,481864E-6
-404,300000E-3	15,453681E-6
-404,000000E-3	15,431436E-6
-403,400000E-3	15,415522E-6
-402,900000E-3	15,398596E-6
-402,300000E-3	15,380899E-6
-402,000000E-3	15,361328E-6
-401,400000E-3	15,342310E-6
-400,800000E-3	15,322375E-6
-400,200000E-3	15,299353E-6
-400,000000E-3	15,278555E-6
-399,200000E-3	15,263155E-6
-398,900000E-3	15,248337E-6
-398,300000E-3	15,229209E-6
-397,700000E-3	15,204425E-6
-397,100000E-3	15,174389E-6
-396,800000E-3	15,142043E-6
-396,300000E-3	15,111851E-6
-395,700000E-3	15,084497E-6
-395,100000E-3	15,063698E-6
-394,700000E-3	15,044713E-6
-394,000000E-3	15,026742E-6
-393,700000E-3	15,006276E-6
-393,100000E-3	14,986344E-6
-392,600000E-3	14,967755E-6
-392,000000E-3	14,949639E-6
-391,700000E-3	14,930949E-6
-391,100000E-3	14,912069E-6
-390,500000E-3	14,892626E-6
-389,900000E-3	14,870804E-6
-389,500000E-3	14,844551E-6
-388,800000E-3	14,819482E-6
-388,200000E-3	14,800659E-6
-388,000000E-3	14,782064E-6
-387,400000E-3	14,766030E-6
-386,800000E-3	14,750566E-6
-386,200000E-3	14,735806E-6
-385,800000E-3	14,720805E-6
-385,100000E-3	14,705222E-6
-384,800000E-3	14,690424E-6
-384,200000E-3	14,678112E-6
-383,600000E-3	14,665042E-6
-383,100000E-3	14,648673E-6
-382,800000E-3	14,629348E-6
-382,200000E-3	14,611349E-6
-381,400000E-3	14,592807E-6
-381,100000E-3	14,574804E-6
-380,600000E-3	14,557614E-6
-379,900000E-3	14,539383E-6
-379,700000E-3	14,521894E-6
-379,100000E-3	14,504579E-6
-378,500000E-3	14,486682E-6
-377,900000E-3	14,470528E-6
-377,600000E-3	14,456842E-6
-376,900000E-3	14,442794E-6
-376,500000E-3	14,427836E-6
-375,900000E-3	14,415732E-6
-375,400000E-3	14,402462E-6
-374,800000E-3	14,386674E-6
-374,500000E-3	14,370058E-6
-373,900000E-3	14,352893E-6
-373,300000E-3	14,332710E-6
-372,800000E-3	14,315498E-6
-372,200000E-3	14,300289E-6
-371,700000E-3	14,284888E-6
-371,300000E-3	14,269427E-6
-370,800000E-3	14,254811E-6
-370,200000E-3	14,240485E-6
-369,600000E-3	14,225876E-6
-369,300000E-3	14,212586E-6
-368,700000E-3	14,195405E-6
-368,100000E-3	14,176378E-6
-367,600000E-3	14,157935E-6
-367,300000E-3	14,141551E-6
-366,500000E-3	14,127786E-6
-366,100000E-3	14,113723E-6
-365,600000E-3	14,100527E-6
-365,000000E-3	14,090140E-6
-364,500000E-3	14,079202E-6
-364,200000E-3	14,064885E-6
-363,600000E-3	14,050208E-6
-363,000000E-3	14,039246E-6
-362,400000E-3	14,030084E-6
-362,100000E-3	14,016904E-6
-361,300000E-3	14,001648E-6
-361,000000E-3	13,989521E-6
-360,400000E-3	13,977583E-6
-359,800000E-3	13,961221E-6
-359,200000E-3	13,944889E-6
-359,000000E-3	13,933209E-6
-358,400000E-3	13,924231E-6
-357,800000E-3	13,913680E-6
-357,200000E-3	13,900020E-6
-356,800000E-3	13,881865E-6
-356,000000E-3	13,866847E-6
-355,500000E-3	13,855187E-6
-355,300000E-3	13,843474E-6
-354,700000E-3	13,831490E-6
-354,100000E-3	13,820483E-6
-353,500000E-3	13,810861E-6
-353,100000E-3	13,800368E-6
-352,300000E-3	13,787424E-6
-352,100000E-3	13,774116E-6
-351,500000E-3	13,763799E-6
-351,000000E-3	13,753162E-6
-350,300000E-3	13,738941E-6
-350,100000E-3	13,726305E-6
-349,500000E-3	13,717083E-6
-348,900000E-3	13,707568E-6
-348,300000E-3	13,694315E-6
-347,900000E-3	13,676252E-6
-347,200000E-3	13,660573E-6
-346,900000E-3	13,647307E-6
-346,300000E-3	13,635557E-6
-345,700000E-3	13,623136E-6
-345,100000E-3	13,609445E-6
-344,900000E-3	13,596803E-6
-344,200000E-3	13,586413E-6
-343,700000E-3	13,578488E-6
-343,100000E-3	13,570459E-6
-342,600000E-3	13,559505E-6
-342,000000E-3	13,546279E-6
-341,700000E-3	13,532337E-6
-341,100000E-3	13,518022E-6
-340,500000E-3	13,507123E-6
-339,900000E-3	13,499932E-6
-339,700000E-3	13,492564E-6
-339,000000E-3	13,485049E-6
-338,600000E-3	13,477760E-6
-338,300000E-3	13,469002E-6
-337,400000E-3	13,458503E-6
-336,800000E-3	13,447415E-6
-336,500000E-3	13,435901E-6
-336,000000E-3	13,424282E-6
-335,400000E-3	13,409374E-6
-334,800000E-3	13,394146E-6
-334,500000E-3	13,380220E-6
-333,600000E-3	13,369681E-6
-333,300000E-3	13,362231E-6
-332,800000E-3	13,356790E-6
-332,200000E-3	13,349878E-6
-331,700000E-3	13,340957E-6
-331,300000E-3	13,331079E-6
-330,800000E-3	13,320964E-6
-330,200000E-3	13,308310E-6
-329,600000E-3	13,292612E-6
-329,300000E-3	13,278489E-6
-328,700000E-3	13,266431E-6
-328,100000E-3	13,252832E-6
-327,600000E-3	13,239385E-6
-327,000000E-3	13,228036E-6
-326,700000E-3	13,217282E-6
-326,200000E-3	13,206785E-6
-325,600000E-3	13,196746E-6
-325,000000E-3	13,187328E-6
-324,400000E-3	13,178209E-6
-324,200000E-3	13,168774E-6
-323,600000E-3	13,158012E-6
-323,000000E-3	13,145443E-6
-322,700000E-3	13,131048E-6
-321,800000E-3	13,116109E-6
-321,300000E-3	13,100577E-6
-320,900000E-3	13,086690E-6
-320,400000E-3	13,074760E-6
-319,900000E-3	13,063986E-6
-319,600000E-3	13,050551E-6
-319,000000E-3	13,033659E-6
-318,400000E-3	13,018138E-6
-317,800000E-3	13,008094E-6
-317,500000E-3	13,002342E-6
-316,700000E-3	12,996161E-6
-316,400000E-3	12,986521E-6
-315,900000E-3	12,972953E-6
-315,200000E-3	12,959887E-6
-314,600000E-3	12,947943E-6
-314,300000E-3	12,936101E-6
-313,800000E-3	12,925063E-6
-313,100000E-3	12,914134E-6
-312,600000E-3	12,902593E-6
-312,000000E-3	12,890585E-6
-311,700000E-3	12,878784E-6
-311,100000E-3	12,867664E-6
-310,600000E-3	12,857816E-6
-310,200000E-3	12,846420E-6
-309,400000E-3	12,833435E-6
-309,100000E-3	12,823127E-6
-308,500000E-3	12,814254E-6
-308,000000E-3	12,803656E-6
-307,300000E-3	12,792620E-6
-307,100000E-3	12,782464E-6
-306,500000E-3	12,773218E-6
-305,800000E-3	12,760604E-6
-305,400000E-3	12,742551E-6
-304,800000E-3	12,725378E-6
-304,300000E-3	12,708154E-6
-303,600000E-3	12,692697E-6
-303,300000E-3	12,678201E-6
-302,800000E-3	12,669605E-6
-302,200000E-3	12,665018E-6
-301,700000E-3	12,658610E-6
-301,400000E-3	12,643706E-6
-300,700000E-3	12,624325E-6
-300,100000E-3	12,606790E-6
-299,500000E-3	12,590308E-6
-299,300000E-3	12,574128E-6
-298,500000E-3	12,559290E-6
-297,800000E-3	12,547454E-6
-297,500000E-3	12,535435E-6
-297,200000E-3	12,522436E-6
-296,400000E-3	12,509383E-6
-296,000000E-3	12,497841E-6
-295,500000E-3	12,485668E-6
-294,900000E-3	12,471691E-6
-294,500000E-3	12,456252E-6
-293,700000E-3	12,440230E-6
-293,400000E-3	12,423124E-6
-292,800000E-3	12,404629E-6
-292,400000E-3	12,387546E-6
-291,900000E-3	12,374479E-6
-291,200000E-3	12,362706E-6
-291,000000E-3	12,347858E-6
-290,300000E-3	12,329785E-6
-289,800000E-3	12,310509E-6
-289,200000E-3	12,294704E-6
-288,800000E-3	12,279218E-6
-288,200000E-3	12,262053E-6
-287,900000E-3	12,246918E-6
-287,200000E-3	12,233709E-6
-286,700000E-3	12,218121E-6
-286,100000E-3	12,202279E-6
-285,800000E-3	12,188808E-6
-285,200000E-3	12,175612E-6
-284,600000E-3	12,158954E-6
-284,000000E-3	12,140129E-6
-283,700000E-3	12,122715E-6
-283,100000E-3	12,107091E-6
-282,500000E-3	12,089209E-6
-281,900000E-3	12,070341E-6
-281,600000E-3	12,049279E-6
-281,000000E-3	12,028816E-6
-280,500000E-3	12,012272E-6
-279,900000E-3	11,999683E-6
-279,500000E-3	11,987755E-6
-278,900000E-3	11,977100E-6
-278,500000E-3	11,966832E-6
-278,000000E-3	11,952825E-6
-277,300000E-3	11,933701E-6
-276,700000E-3	11,913692E-6
-276,500000E-3	11,895032E-6
-275,900000E-3	11,879062E-6
-275,300000E-3	11,864288E-6
-274,700000E-3	11,847979E-6
-274,400000E-3	11,829003E-6
-273,800000E-3	11,810181E-6
-273,300000E-3	11,791235E-6
-272,600000E-3	11,772822E-6
-272,300000E-3	11,755160E-6
-271,700000E-3	11,737231E-6
-271,400000E-3	11,720083E-6
-270,600000E-3	11,703952E-6
-270,200000E-3	11,687646E-6
-269,500000E-3	11,673024E-6
-269,300000E-3	11,658761E-6
-268,600000E-3	11,643334E-6
-268,000000E-3	11,624375E-6
-267,500000E-3	11,604306E-6
-267,100000E-3	11,586896E-6
-266,500000E-3	11,570503E-6
-266,000000E-3	11,553135E-6
-265,300000E-3	11,534288E-6
-265,000000E-3	11,514193E-6
-264,400000E-3	11,496141E-6
-263,800000E-3	11,479803E-6
-263,300000E-3	11,464336E-6
-262,900000E-3	11,446335E-6
-262,300000E-3	11,426370E-6
-262,000000E-3	11,409112E-6
-261,400000E-3	11,394090E-6
-260,900000E-3	11,375957E-6
-260,200000E-3	11,353700E-6
-259,900000E-3	11,332678E-6
-259,400000E-3	11,316482E-6
-258,700000E-3	11,302362E-6
-258,100000E-3	11,284770E-6
-257,800000E-3	11,265107E-6
-257,200000E-3	11,245739E-6
-256,700000E-3	11,227837E-6
-256,000000E-3	11,210572E-6
-255,600000E-3	11,190112E-6
-255,100000E-3	11,169376E-6
-254,400000E-3	11,151624E-6
-254,100000E-3	11,135285E-6
-253,500000E-3	11,118415E-6
-252,900000E-3	11,099379E-6
-252,600000E-3	11,077283E-6
-251,900000E-3	11,054560E-6
-251,400000E-3	11,033859E-6
-250,700000E-3	11,014745E-6
-250,400000E-3	10,996571E-6
-249,800000E-3	10,978825E-6
-249,400000E-3	10,959258E-6
-248,600000E-3	10,937667E-6
-248,300000E-3	10,917901E-6
-247,700000E-3	10,900526E-6
-247,400000E-3	10,883868E-6
-246,800000E-3	10,865899E-6
-246,200000E-3	10,842853E-6
-245,600000E-3	10,820268E-6
-245,000000E-3	10,797567E-6
-244,700000E-3	10,779891E-6
-244,100000E-3	10,766908E-6
-243,500000E-3	10,750962E-6
-243,100000E-3	10,728560E-6
-242,500000E-3	10,705419E-6
-241,900000E-3	10,685814E-6
-241,400000E-3	10,667416E-6
-240,800000E-3	10,648788E-6
-240,500000E-3	10,629309E-6
-240,100000E-3	10,612086E-6
-239,600000E-3	10,597494E-6
-238,900000E-3	10,581618E-6
-238,300000E-3	10,561018E-6
-237,700000E-3	10,541484E-6
-237,100000E-3	10,522085E-6
-236,800000E-3	10,503430E-6
-236,200000E-3	10,483850E-6
-235,600000E-3	10,464706E-6
-235,300000E-3	10,449658E-6
-234,700000E-3	10,436806E-6
-234,100000E-3	10,420723E-6
-233,500000E-3	10,400145E-6
-233,200000E-3	10,379546E-6
-232,600000E-3	10,360940E-6
-232,000000E-3	10,344335E-6
-231,300000E-3	10,328519E-6
-231,000000E-3	10,312774E-6
-230,400000E-3	10,297119E-6
-230,200000E-3	10,281311E-6
-229,500000E-3	10,264161E-6
-229,000000E-3	10,245021E-6
-228,400000E-3	10,224838E-6
-228,100000E-3	10,203186E-6
-227,500000E-3	10,180348E-6
-226,800000E-3	10,155047E-6
-226,200000E-3	10,135226E-6
-226,000000E-3	10,116744E-6
-225,300000E-3	10,097909E-6
-224,700000E-3	10,078957E-6
-224,100000E-3	10,061190E-6
-223,500000E-3	10,045734E-6
-223,200000E-3	10,027427E-6
-222,600000E-3	10,007808E-6
-222,100000E-3	9,988819E-6
-221,400000E-3	9,970076E-6
-221,100000E-3	9,952906E-6
-220,500000E-3	9,937037E-6
-220,200000E-3	9,921676E-6
-219,600000E-3	9,908092E-6
-218,900000E-3	9,891032E-6
-218,400000E-3	9,868018E-6
-217,700000E-3	9,849764E-6
-217,100000E-3	9,834549E-6
-216,800000E-3	9,820392E-6
-216,200000E-3	9,805927E-6
-215,700000E-3	9,790025E-6
-215,000000E-3	9,774332E-6
-214,700000E-3	9,757707E-6
-214,000000E-3	9,742393E-6
-213,700000E-3	9,731147E-6
-213,200000E-3	9,720403E-6
-212,600000E-3	9,704076E-6
-212,000000E-3	9,685858E-6
-211,600000E-3	9,668489E-6
-211,100000E-3	9,651254E-6
-210,500000E-3	9,634117E-6
-209,800000E-3	9,617183E-6
-209,200000E-3	9,602450E-6
-208,900000E-3	9,586965E-6
-208,500000E-3	9,571596E-6
-207,700000E-3	9,555245E-6
-207,100000E-3	9,539235E-6
-206,800000E-3	9,522949E-6
-206,200000E-3	9,507020E-6
-205,900000E-3	9,491699E-6
-205,200000E-3	9,477364E-6
-204,700000E-3	9,463939E-6
-204,000000E-3	9,452222E-6
-203,400000E-3	9,440018E-6
-203,100000E-3	9,424694E-6
-202,800000E-3	9,405936E-6
-202,200000E-3	9,388942E-6
-201,600000E-3	9,376082E-6
-201,000000E-3	9,362138E-6
-200,700000E-3	9,345860E-6
-200,100000E-3	9,329668E-6
-199,500000E-3	9,315013E-6
-198,800000E-3	9,300227E-6
-198,500000E-3	9,287316E-6
-197,800000E-3	9,276690E-6
-197,600000E-3	9,267347E-6
-197,000000E-3	9,258676E-6
-196,400000E-3	9,248315E-6
-195,700000E-3	9,235280E-6
-195,400000E-3	9,219620E-6
-194,800000E-3	9,203436E-6
-194,500000E-3	9,189323E-6
-193,900000E-3	9,176223E-6
-193,300000E-3	9,162733E-6
-192,700000E-3	9,148847E-6
-192,300000E-3	9,137329E-6
-191,700000E-3	9,127836E-6
-191,100000E-3	9,118628E-6
-190,800000E-3	9,111432E-6
-190,200000E-3	9,103591E-6
-189,500000E-3	9,090369E-6
-189,200000E-3	9,070927E-6
-188,600000E-3	9,051587E-6
-188,000000E-3	9,034921E-6
-187,700000E-3	9,018142E-6
-187,100000E-3	9,000979E-6
-186,400000E-3	8,985826E-6
-186,100000E-3	8,973943E-6
-185,500000E-3	8,963392E-6
-184,800000E-3	8,952785E-6
-184,600000E-3	8,941914E-6
-183,900000E-3	8,931788E-6
-183,300000E-3	8,921205E-6
-183,000000E-3	8,908948E-6
-182,400000E-3	8,893190E-6
-181,800000E-3	8,875420E-6
-181,300000E-3	8,858648E-6
-180,600000E-3	8,845137E-6
-180,400000E-3	8,834438E-6
-180,000000E-3	8,822982E-6
-179,300000E-3	8,810542E-6
-178,900000E-3	8,797820E-6
-178,200000E-3	8,783698E-6
-177,600000E-3	8,771381E-6
-177,300000E-3	8,758482E-6
-176,700000E-3	8,743913E-6
-176,000000E-3	8,726037E-6
-175,400000E-3	8,705959E-6
-175,100000E-3	8,684231E-6
-174,500000E-3	8,664328E-6
-174,200000E-3	8,645512E-6
-173,600000E-3	8,627343E-6
-173,000000E-3	8,609213E-6
-172,300000E-3	8,594546E-6
-172,000000E-3	8,578851E-6
-171,400000E-3	8,562772E-6
-171,100000E-3	8,548711E-6
-170,500000E-3	8,533970E-6
-169,800000E-3	8,516575E-6
-169,200000E-3	8,498221E-6
-168,900000E-3	8,480724E-6
-168,300000E-3	8,463640E-6
-168,000000E-3	8,447217E-6
-167,300000E-3	8,431930E-6
-166,700000E-3	8,415178E-6
-166,100000E-3	8,396666E-6
-165,800000E-3	8,376119E-6
-165,200000E-3	8,358117E-6
-164,900000E-3	8,343407E-6
-164,300000E-3	8,329231E-6
-163,600000E-3	8,313100E-6
-163,000000E-3	8,297384E-6
-162,700000E-3	8,281661E-6
-162,100000E-3	8,262688E-6
-161,500000E-3	8,245435E-6
-161,100000E-3	8,228420E-6
-160,500000E-3	8,208919E-6
-159,900000E-3	8,184561E-6
-159,300000E-3	8,160109E-6
-158,900000E-3	8,135263E-6
-158,300000E-3	8,114723E-6
-158,100000E-3	8,096383E-6
-157,400000E-3	8,075697E-6
-156,800000E-3	8,050975E-6
-156,100000E-3	8,029225E-6
-155,800000E-3	8,010269E-6
-155,200000E-3	7,993711E-6
-154,900000E-3	7,976234E-6
-154,300000E-3	7,957141E-6
-153,700000E-3	7,934058E-6
-153,100000E-3	7,911629E-6
-152,700000E-3	7,891259E-6
-152,100000E-3	7,871200E-6
-151,500000E-3	7,852004E-6
-151,200000E-3	7,832677E-6
-150,600000E-3	7,810916E-6
-150,000000E-3	7,787800E-6
-149,700000E-3	7,765339E-6
-149,000000E-3	7,741255E-6
-148,400000E-3	7,721772E-6
-148,100000E-3	7,704432E-6
-147,500000E-3	7,685618E-6
-146,800000E-3	7,662364E-6
-146,200000E-3	7,633821E-6
-145,900000E-3	7,600954E-6
-145,300000E-3	7,570755E-6
-144,700000E-3	7,544647E-6
-144,300000E-3	7,519416E-6
-143,700000E-3	7,493368E-6
-143,100000E-3	7,468904E-6
-142,800000E-3	7,444988E-6
-142,200000E-3	7,418186E-6
-141,500000E-3	7,389712E-6
-141,200000E-3	7,363435E-6
-140,600000E-3	7,337002E-6
-140,000000E-3	7,310304E-6
-139,700000E-3	7,285149E-6
-139,000000E-3	7,260579E-6
-138,400000E-3	7,236421E-6
-138,100000E-3	7,212081E-6
-137,500000E-3	7,187918E-6
-136,800000E-3	7,164605E-6
-136,500000E-3	7,135998E-6
-135,900000E-3	7,103864E-6
-135,300000E-3	7,070244E-6
-135,000000E-3	7,038413E-6
-134,300000E-3	7,009164E-6
-133,800000E-3	6,983238E-6
-133,400000E-3	6,956521E-6
-132,800000E-3	6,927589E-6
-132,500000E-3	6,899493E-6
-131,900000E-3	6,871569E-6
-131,300000E-3	6,841587E-6
-130,600000E-3	6,812161E-6
-130,300000E-3	6,781455E-6
-129,700000E-3	6,750643E-6
-129,400000E-3	6,717555E-6
-128,800000E-3	6,687378E-6
-128,100000E-3	6,661304E-6
-127,600000E-3	6,633550E-6
-127,300000E-3	6,601272E-6
-126,600000E-3	6,567328E-6
-126,300000E-3	6,535583E-6
-125,700000E-3	6,504117E-6
-125,100000E-3	6,471271E-6
-124,400000E-3	6,440860E-6
-124,100000E-3	6,408990E-6
-123,500000E-3	6,377545E-6
-123,200000E-3	6,349012E-6
-122,600000E-3	6,320588E-6
-121,900000E-3	6,286333E-6
-121,400000E-3	6,254583E-6
-121,000000E-3	6,223004E-6
-120,400000E-3	6,191051E-6
-120,100000E-3	6,154447E-6
-119,500000E-3	6,119201E-6
-118,900000E-3	6,088369E-6
-118,300000E-3	6,058592E-6
-118,000000E-3	6,025058E-6
-117,400000E-3	5,987650E-6
-116,900000E-3	5,949716E-6
-116,100000E-3	5,907684E-6
-115,600000E-3	5,869210E-6
-115,200000E-3	5,829956E-6
-114,600000E-3	5,797004E-6
-114,300000E-3	5,762961E-6
-113,700000E-3	5,727325E-6
-113,100000E-3	5,691877E-6
-112,400000E-3	5,655299E-6
-112,100000E-3	5,618866E-6
-111,500000E-3	5,583805E-6
-111,200000E-3	5,546928E-6
-110,600000E-3	5,507174E-6
-110,000000E-3	5,469039E-6
-109,300000E-3	5,428735E-6
-108,700000E-3	5,392533E-6
-108,400000E-3	5,357214E-6
-107,700000E-3	5,321676E-6
-107,400000E-3	5,286444E-6
-106,800000E-3	5,248677E-6
-106,200000E-3	5,208208E-6
-105,600000E-3	5,170751E-6
-105,200000E-3	5,137531E-6
-104,700000E-3	5,103431E-6
-104,300000E-3	5,065778E-6
-103,700000E-3	5,026040E-6
-103,100000E-3	4,986320E-6
-102,500000E-3	4,948511E-6
-102,300000E-3	4,911614E-6
-101,600000E-3	4,873316E-6
-101,000000E-3	4,827471E-6
-100,400000E-3	4,787805E-6
-100,100000E-3	4,746510E-6
-99,500000E-3	4,699874E-6
-98,900000E-3	4,661562E-6
-98,600000E-3	4,628553E-6
-98,000000E-3	4,595320E-6
-97,300000E-3	4,561114E-6
-96,700000E-3	4,525461E-6
-96,400000E-3	4,484902E-6
-95,700000E-3	4,446962E-6
-95,400000E-3	4,407752E-6
-94,800000E-3	4,366367E-6
-94,200000E-3	4,321844E-6
-93,500000E-3	4,281284E-6
-93,200000E-3	4,237645E-6
-92,600000E-3	4,188737E-6
-92,000000E-3	4,147327E-6
-91,700000E-3	4,109356E-6
-91,100000E-3	4,071567E-6
-90,500000E-3	4,029268E-6
-89,900000E-3	3,985948E-6
-89,600000E-3	3,938953E-6
-89,000000E-3	3,892711E-6
-88,400000E-3	3,843125E-6
-87,700000E-3	3,799911E-6
-87,400000E-3	3,761372E-6
-86,900000E-3	3,722912E-6
-86,300000E-3	3,681442E-6
-85,700000E-3	3,637138E-6
-85,200000E-3	3,593525E-6
-84,900000E-3	3,553216E-6
-84,300000E-3	3,512433E-6
-83,700000E-3	3,467616E-6
-83,200000E-3	3,420569E-6
-82,600000E-3	3,374577E-6
-82,000000E-3	3,331204E-6
-81,700000E-3	3,288158E-6
-81,200000E-3	3,245066E-6
-80,600000E-3	3,202053E-6
-80,300000E-3	3,158323E-6
-79,400000E-3	3,113717E-6
-79,200000E-3	3,069516E-6
-78,600000E-3	3,026669E-6
-78,000000E-3	2,984825E-6
-77,400000E-3	2,943805E-6
-77,200000E-3	2,900860E-6
-76,600000E-3	2,852825E-6
-76,000000E-3	2,805676E-6
-75,400000E-3	2,763054E-6
-75,100000E-3	2,721458E-6
-74,300000E-3	2,677904E-6
-74,000000E-3	2,634301E-6
-73,400000E-3	2,589666E-6
-72,900000E-3	2,542110E-6
-72,300000E-3	2,494414E-6
-72,000000E-3	2,449854E-6
-71,100000E-3	2,408405E-6
-70,900000E-3	2,360404E-6
-70,300000E-3	2,311542E-6
-69,700000E-3	2,264722E-6
-69,100000E-3	2,219663E-6
-68,900000E-3	2,172820E-6
-68,300000E-3	2,128045E-6
-67,700000E-3	2,082293E-6
-67,200000E-3	2,040192E-6
-66,600000E-3	2,000091E-6
-66,100000E-3	1,960820E-6
-65,700000E-3	1,920241E-6
-65,000000E-3	1,879547E-6
-64,700000E-3	1,835119E-6
-64,100000E-3	1,786704E-6
-63,500000E-3	1,739161E-6
-62,900000E-3	1,692998E-6
-62,600000E-3	1,647936E-6
-62,100000E-3	1,605192E-6
-61,500000E-3	1,555106E-6
-60,900000E-3	1,509653E-6
-60,500000E-3	1,463874E-6
-59,700000E-3	1,414353E-6
-59,200000E-3	1,370494E-6
-58,900000E-3	1,328614E-6
-58,200000E-3	1,286959E-6
-57,800000E-3	1,242859E-6
-57,200000E-3	1,196145E-6
-56,700000E-3	1,146796E-6
-56,000000E-3	1,104058E-6
-55,800000E-3	1,065300E-6
-55,200000E-3	1,026571E-6
-54,600000E-3	981,252204E-9
-54,000000E-3	932,489419E-9
-53,600000E-3	888,241196E-9
-53,000000E-3	848,009345E-9
-52,700000E-3	807,538766E-9
-52,100000E-3	766,591567E-9
-51,500000E-3	722,593713E-9
-51,200000E-3	675,560401E-9
-50,600000E-3	632,864105E-9
-50,000000E-3	593,067965E-9
-49,500000E-3	552,897092E-9
-49,200000E-3	511,756621E-9
-48,400000E-3	469,783162E-9
-48,000000E-3	429,077427E-9
-47,500000E-3	390,298132E-9
-46,900000E-3	350,094530E-9
-46,400000E-3	308,556547E-9
-46,100000E-3	263,553950E-9
-45,500000E-3	216,995472E-9
-44,900000E-3	177,222445E-9
-44,300000E-3	144,325084E-9
-43,800000E-3	111,569394E-9
-43,300000E-3	77,116885E-9
-42,900000E-3	41,052398E-9
-42,300000E-3	2,596789E-9
-41,800000E-3	-41,865022E-9
-41,200000E-3	-89,466250E-9
-40,700000E-3	-128,654461E-9
-40,100000E-3	-162,765724E-9
-39,500000E-3	-196,659866E-9
-39,300000E-3	-230,418620E-9
-38,600000E-3	-265,642049E-9
-38,100000E-3	-304,019987E-9
-37,500000E-3	-338,837710E-9
-37,000000E-3	-373,314993E-9
-36,400000E-3	-404,910542E-9
-36,100000E-3	-435,229722E-9
-35,600000E-3	-463,960359E-9
-35,000000E-3	-496,167558E-9
-34,400000E-3	-530,480137E-9
-34,100000E-3	-561,369312E-9
-33,200000E-3	-590,500221E-9
-32,900000E-3	-620,188390E-9
-32,400000E-3	-647,395192E-9
-31,800000E-3	-676,515447E-9
-31,200000E-3	-706,445886E-9
-31,000000E-3	-737,253992E-9
-30,200000E-3	-767,959719E-9
-29,800000E-3	-795,352488E-9
-29,300000E-3	-820,036073E-9
-28,600000E-3	-848,034062E-9
-28,100000E-3	-873,606522E-9
-27,500000E-3	-895,469059E-9
-27,200000E-3	-917,828251E-9
-26,700000E-3	-943,254173E-9
-26,100000E-3	-968,704439E-9
-25,800000E-3	-993,667899E-9
-25,000000E-3	-1,019575E-6
-24,400000E-3	-1,040575E-6
-24,100000E-3	-1,058333E-6
-23,400000E-3	-1,076628E-6
-23,000000E-3	-1,098734E-6
-22,400000E-3	-1,119155E-6
-21,800000E-3	-1,141953E-6
-21,300000E-3	-1,164223E-6
-20,900000E-3	-1,182382E-6
-20,500000E-3	-1,198404E-6
-19,800000E-3	-1,215015E-6
-19,300000E-3	-1,233810E-6
-18,800000E-3	-1,251013E-6
-18,100000E-3	-1,263182E-6
-17,900000E-3	-1,273559E-6
-17,300000E-3	-1,284980E-6
-16,700000E-3	-1,297646E-6
-16,100000E-3	-1,312014E-6
-15,800000E-3	-1,325198E-6
-15,100000E-3	-1,334541E-6
-14,700000E-3	-1,342918E-6
-14,100000E-3	-1,352851E-6
-13,600000E-3	-1,363638E-6
-12,900000E-3	-1,371450E-6
-12,700000E-3	-1,376129E-6
-12,000000E-3	-1,379729E-6
-11,600000E-3	-1,385233E-6
-11,000000E-3	-1,392575E-6
-10,400000E-3	-1,398664E-6
-9,800000E-3	-1,403861E-6
-9,500000E-3	-1,411554E-6
-8,900000E-3	-1,417797E-6
-8,400000E-3	-1,419908E-6
-7,800000E-3	-1,421039E-6
-7,600000E-3	-1,421141E-6
-6,700000E-3	-1,421798E-6
-6,400000E-3	-1,422005E-6
-5,800000E-3	-1,421973E-6
-5,300000E-3	-1,422013E-6
-4,700000E-3	-1,422227E-6
-4,100000E-3	-1,420909E-6
-3,800000E-3	-1,418256E-6
-2,900000E-3	-1,416184E-6
-2,600000E-3	-1,414512E-6
-2,100000E-3	-1,411907E-6
-1,500000E-3	-1,407692E-6
-900,000000E-6	-1,403058E-6
-500,000000E-6	-1,398607E-6
300,000000E-6	-1,392798E-6
500,000000E-6	-1,386624E-6
1,000000E-3	-1,382047E-6
1,700000E-3	-1,376122E-6
2,300000E-3	-1,366540E-6
2,600000E-3	-1,356198E-6
3,100000E-3	-1,347364E-6
3,700000E-3	-1,337446E-6
4,300000E-3	-1,326600E-6
4,900000E-3	-1,318125E-6
5,500000E-3	-1,313342E-6
5,700000E-3	-1,306746E-6
6,300000E-3	-1,298131E-6
6,900000E-3	-1,289328E-6
7,500000E-3	-1,278518E-6
7,700000E-3	-1,263980E-6
8,700000E-3	-1,247423E-6
9,200000E-3	-1,233335E-6
9,500000E-3	-1,221168E-6
10,100000E-3	-1,207115E-6
10,600000E-3	-1,191274E-6
11,200000E-3	-1,178326E-6
11,600000E-3	-1,166515E-6
12,000000E-3	-1,151535E-6
12,600000E-3	-1,133175E-6
13,200000E-3	-1,115043E-6
13,800000E-3	-1,097629E-6
14,000000E-3	-1,080573E-6
14,600000E-3	-1,064741E-6
15,200000E-3	-1,050249E-6
15,800000E-3	-1,035889E-6
16,200000E-3	-1,018868E-6
16,900000E-3	-999,378586E-9
17,200000E-3	-978,278125E-9
17,800000E-3	-958,417908E-9
18,300000E-3	-938,930359E-9
18,900000E-3	-919,170128E-9
19,200000E-3	-899,585287E-9
19,900000E-3	-877,283870E-9
20,300000E-3	-853,632158E-9
20,900000E-3	-830,609499E-9
21,400000E-3	-809,653302E-9
22,000000E-3	-789,559213E-9
22,300000E-3	-769,432077E-9
23,000000E-3	-746,935743E-9
23,500000E-3	-722,899699E-9
24,100000E-3	-699,773999E-9
24,600000E-3	-676,649365E-9
24,900000E-3	-652,035191E-9
25,500000E-3	-626,010477E-9
26,100000E-3	-598,530327E-9
26,600000E-3	-574,007234E-9
27,200000E-3	-547,982382E-9
27,700000E-3	-521,766316E-9
28,300000E-3	-496,034637E-9
28,600000E-3	-469,931698E-9
29,400000E-3	-441,093757E-9
29,700000E-3	-409,441440E-9
30,300000E-3	-378,873906E-9
30,900000E-3	-349,943591E-9
31,500000E-3	-320,926470E-9
31,800000E-3	-292,665189E-9
32,300000E-3	-265,702453E-9
32,900000E-3	-238,604590E-9
33,400000E-3	-210,706485E-9
34,000000E-3	-179,931850E-9
34,600000E-3	-152,885388E-9
35,200000E-3	-124,718916E-9
35,400000E-3	-96,735239E-9
36,000000E-3	-64,526148E-9
36,600000E-3	-33,786619E-9
37,200000E-3	-1,858513E-9
37,800000E-3	30,694714E-9
38,400000E-3	60,435931E-9
38,900000E-3	92,492662E-9
39,100000E-3	121,239040E-9
39,900000E-3	153,949873E-9
39,900000E-3	188,719652E-9
40,900000E-3	225,265224E-9
41,200000E-3	259,336409E-9
41,700000E-3	290,395058E-9
42,300000E-3	320,577121E-9
42,900000E-3	351,673577E-9
43,300000E-3	385,139391E-9
44,100000E-3	419,101335E-9
44,300000E-3	452,578475E-9
44,900000E-3	486,561183E-9
45,500000E-3	521,201746E-9
46,000000E-3	556,876871E-9
46,400000E-3	595,624710E-9
47,100000E-3	630,703294E-9
47,700000E-3	662,857811E-9
47,900000E-3	694,999871E-9
48,600000E-3	731,123837E-9
49,100000E-3	770,843317E-9
49,400000E-3	812,662920E-9
50,000000E-3	853,550848E-9
50,600000E-3	889,238644E-9
51,200000E-3	923,263800E-9
51,800000E-3	960,389243E-9
52,300000E-3	1,001019E-6
52,300000E-3	1,044243E-6
53,300000E-3	1,088722E-6
53,300000E-3	1,129507E-6
54,500000E-3	1,169504E-6
54,800000E-3	1,207043E-6
55,100000E-3	1,246817E-6
55,700000E-3	1,289347E-6
56,200000E-3	1,332002E-6
56,800000E-3	1,372571E-6
57,400000E-3	1,412562E-6
58,000000E-3	1,454461E-6
58,600000E-3	1,496845E-6
58,800000E-3	1,540372E-6
59,500000E-3	1,584937E-6
60,000000E-3	1,626840E-6
60,600000E-3	1,665247E-6
61,200000E-3	1,701387E-6
61,600000E-3	1,743207E-6
61,900000E-3	1,788816E-6
62,700000E-3	1,834317E-6
63,100000E-3	1,873322E-6
63,700000E-3	1,912650E-6
64,100000E-3	1,956692E-6
64,800000E-3	2,005639E-6
65,400000E-3	2,054838E-6
65,700000E-3	2,096435E-6
66,600000E-3	2,144075E-6
66,800000E-3	2,187503E-6
67,300000E-3	2,227738E-6
67,400000E-3	2,266892E-6
68,500000E-3	2,305989E-6
68,900000E-3	2,349477E-6
69,400000E-3	2,392607E-6
70,000000E-3	2,437715E-6
70,500000E-3	2,480102E-6
70,800000E-3	2,520947E-6
71,400000E-3	2,560454E-6
71,900000E-3	2,597628E-6
72,600000E-3	2,637243E-6
73,000000E-3	2,681632E-6
73,700000E-3	2,724447E-6
74,100000E-3	2,766792E-6
74,500000E-3	2,808717E-6
75,100000E-3	2,848303E-6
75,700000E-3	2,887432E-6
76,000000E-3	2,928773E-6
76,800000E-3	2,969508E-6
77,100000E-3	3,013063E-6
77,700000E-3	3,055424E-6
78,300000E-3	3,106198E-6
78,900000E-3	3,146954E-6
79,400000E-3	3,187920E-6
79,600000E-3	3,231410E-6
80,400000E-3	3,271764E-6
80,800000E-3	3,307507E-6
81,400000E-3	3,343546E-6
82,000000E-3	3,386992E-6
82,600000E-3	3,425104E-6
82,800000E-3	3,464656E-6
83,600000E-3	3,504649E-6
84,200000E-3	3,543314E-6
84,600000E-3	3,585815E-6
85,000000E-3	3,625403E-6
85,200000E-3	3,663317E-6
86,300000E-3	3,700924E-6
86,600000E-3	3,737772E-6
87,500000E-3	3,775759E-6
87,700000E-3	3,812089E-6
88,300000E-3	3,848750E-6
88,900000E-3	3,886312E-6
89,400000E-3	3,927072E-6
90,000000E-3	3,968998E-6
90,300000E-3	4,007997E-6
90,900000E-3	4,043304E-6
91,500000E-3	4,075861E-6
92,100000E-3	4,107989E-6
92,300000E-3	4,140387E-6
92,900000E-3	4,175902E-6
93,700000E-3	4,219707E-6
94,100000E-3	4,270075E-6
94,600000E-3	4,310227E-6
95,300000E-3	4,345480E-6
95,700000E-3	4,379347E-6
96,000000E-3	4,413906E-6
96,700000E-3	4,449963E-6
97,200000E-3	4,486795E-6
97,800000E-3	4,522793E-6
98,200000E-3	4,557863E-6
98,900000E-3	4,590956E-6
99,200000E-3	4,625468E-6
99,800000E-3	4,660725E-6
100,500000E-3	4,696994E-6
100,900000E-3	4,729169E-6
101,200000E-3	4,758156E-6
101,900000E-3	4,787633E-6
102,700000E-3	4,817399E-6
102,900000E-3	4,848532E-6
103,500000E-3	4,884483E-6
104,100000E-3	4,920660E-6
104,600000E-3	4,952286E-6
105,000000E-3	4,981801E-6
105,800000E-3	5,015884E-6
106,100000E-3	5,051292E-6
106,300000E-3	5,089201E-6
107,200000E-3	5,124823E-6
107,500000E-3	5,157576E-6
108,100000E-3	5,189236E-6
108,700000E-3	5,220625E-6
109,100000E-3	5,256404E-6
109,700000E-3	5,291946E-6
110,100000E-3	5,322316E-6
110,900000E-3	5,350266E-6
111,400000E-3	5,379253E-6
112,000000E-3	5,410211E-6
112,000000E-3	5,441792E-6
112,700000E-3	5,474273E-6
113,300000E-3	5,503296E-6
114,100000E-3	5,535830E-6
114,400000E-3	5,572144E-6
115,000000E-3	5,603801E-6
115,300000E-3	5,633532E-6
116,200000E-3	5,662240E-6
116,500000E-3	5,687552E-6
117,400000E-3	5,715031E-6
117,600000E-3	5,742483E-6
117,900000E-3	5,769741E-6
118,200000E-3	5,802227E-6
119,400000E-3	5,834252E-6
119,600000E-3	5,867708E-6
120,200000E-3	5,897530E-6
120,400000E-3	5,928590E-6
121,400000E-3	5,961138E-6
121,900000E-3	5,995342E-6
122,500000E-3	6,022463E-6
122,800000E-3	6,048687E-6
123,400000E-3	6,076577E-6
124,000000E-3	6,108404E-6
124,600000E-3	6,139617E-6
124,800000E-3	6,168742E-6
125,400000E-3	6,197451E-6
126,000000E-3	6,226115E-6
126,600000E-3	6,254561E-6
127,100000E-3	6,282732E-6
127,700000E-3	6,308987E-6
128,300000E-3	6,332623E-6
128,500000E-3	6,359249E-6
129,100000E-3	6,389017E-6
129,700000E-3	6,415699E-6
130,000000E-3	6,442069E-6
130,500000E-3	6,470993E-6
131,400000E-3	6,498801E-6
131,700000E-3	6,523934E-6
132,300000E-3	6,547991E-6
132,700000E-3	6,572619E-6
133,400000E-3	6,597334E-6
133,700000E-3	6,621925E-6
134,200000E-3	6,649783E-6
134,800000E-3	6,680134E-6
135,400000E-3	6,705822E-6
135,700000E-3	6,731923E-6
136,600000E-3	6,758925E-6
137,100000E-3	6,789188E-6
137,400000E-3	6,814017E-6
138,000000E-3	6,836558E-6
138,500000E-3	6,858662E-6
138,900000E-3	6,882342E-6
139,500000E-3	6,906260E-6
140,300000E-3	6,932057E-6
140,600000E-3	6,955208E-6
141,100000E-3	6,978431E-6
141,700000E-3	7,001941E-6
142,300000E-3	7,024426E-6
142,500000E-3	7,047416E-6
143,400000E-3	7,071723E-6
144,000000E-3	7,097581E-6
144,300000E-3	7,119844E-6
144,700000E-3	7,141952E-6
144,800000E-3	7,164467E-6
145,900000E-3	7,189187E-6
146,200000E-3	7,217224E-6
146,800000E-3	7,243379E-6
147,400000E-3	7,268398E-6
148,000000E-3	7,293142E-6
148,600000E-3	7,311345E-6
148,800000E-3	7,325929E-6
149,600000E-3	7,342851E-6
150,000000E-3	7,362961E-6
150,600000E-3	7,386932E-6
151,200000E-3	7,413415E-6
151,700000E-3	7,437388E-6
152,000000E-3	7,458558E-6
152,600000E-3	7,479831E-6
153,100000E-3	7,502743E-6
153,500000E-3	7,525208E-6
154,100000E-3	7,548872E-6
154,900000E-3	7,571224E-6
155,100000E-3	7,594743E-6
155,700000E-3	7,619048E-6
156,300000E-3	7,641578E-6
156,600000E-3	7,664275E-6
157,200000E-3	7,687804E-6
157,800000E-3	7,709068E-6
158,400000E-3	7,729341E-6
158,900000E-3	7,749301E-6
159,200000E-3	7,767638E-6
159,800000E-3	7,786070E-6
160,400000E-3	7,806227E-6
160,800000E-3	7,826947E-6
161,400000E-3	7,848014E-6
161,800000E-3	7,869034E-6
162,300000E-3	7,891237E-6
162,900000E-3	7,914557E-6
163,500000E-3	7,937343E-6
163,800000E-3	7,956471E-6
164,600000E-3	7,977025E-6
164,900000E-3	8,002540E-6
165,500000E-3	8,026482E-6
165,800000E-3	8,044634E-6
166,700000E-3	8,062614E-6
167,000000E-3	8,086458E-6
167,600000E-3	8,108221E-6
168,200000E-3	8,129861E-6
168,800000E-3	8,149601E-6
169,100000E-3	8,169755E-6
169,700000E-3	8,190301E-6
170,400000E-3	8,209965E-6
170,800000E-3	8,231870E-6
171,400000E-3	8,253231E-6
171,900000E-3	8,277326E-6
172,500000E-3	8,298521E-6
172,800000E-3	8,319299E-6
173,400000E-3	8,343174E-6
174,100000E-3	8,366934E-6
174,600000E-3	8,387983E-6
175,200000E-3	8,408458E-6
175,700000E-3	8,429319E-6
176,000000E-3	8,452824E-6
176,500000E-3	8,474834E-6
177,100000E-3	8,496614E-6
177,700000E-3	8,516612E-6
178,300000E-3	8,533736E-6
178,500000E-3	8,550205E-6
179,100000E-3	8,568931E-6
179,700000E-3	8,593793E-6
180,100000E-3	8,622442E-6
180,300000E-3	8,646207E-6
181,400000E-3	8,664818E-6
181,400000E-3	8,682486E-6
182,600000E-3	8,703299E-6
182,800000E-3	8,725571E-6
183,400000E-3	8,749573E-6
183,400000E-3	8,770364E-6
184,700000E-3	8,790236E-6
184,900000E-3	8,813076E-6
185,500000E-3	8,836152E-6
185,800000E-3	8,858538E-6
186,700000E-3	8,878676E-6
187,000000E-3	8,899206E-6
187,500000E-3	8,918870E-6
187,900000E-3	8,938577E-6
188,500000E-3	8,957994E-6
189,000000E-3	8,976525E-6
189,600000E-3	8,997292E-6
189,900000E-3	9,018308E-6
190,700000E-3	9,040138E-6
191,000000E-3	9,062362E-6
191,600000E-3	9,082713E-6
192,000000E-3	9,102172E-6
192,700000E-3	9,118325E-6
193,300000E-3	9,135316E-6
193,600000E-3	9,154285E-6
194,200000E-3	9,172687E-6
194,800000E-3	9,187564E-6
195,300000E-3	9,203645E-6
195,600000E-3	9,222401E-6
196,400000E-3	9,238034E-6
196,800000E-3	9,251382E-6
197,400000E-3	9,268095E-6
197,900000E-3	9,288671E-6
198,500000E-3	9,312386E-6
198,800000E-3	9,334305E-6
199,400000E-3	9,353423E-6
200,000000E-3	9,370253E-6
200,200000E-3	9,386005E-6
200,800000E-3	9,401709E-6
201,600000E-3	9,418392E-6
201,900000E-3	9,436266E-6
202,500000E-3	9,452256E-6
203,100000E-3	9,465264E-6
203,700000E-3	9,477057E-6
204,000000E-3	9,485738E-6
204,600000E-3	9,495696E-6
205,200000E-3	9,512776E-6
206,000000E-3	9,532293E-6
206,500000E-3	9,558629E-6
206,900000E-3	9,578590E-6
207,700000E-3	9,599102E-6
208,300000E-3	9,616809E-6
208,600000E-3	9,632014E-6
208,800000E-3	9,645206E-6
209,800000E-3	9,655665E-6
210,000000E-3	9,663988E-6
210,600000E-3	9,674511E-6
211,200000E-3	9,688984E-6
211,800000E-3	9,708618E-6
212,300000E-3	9,727221E-6
212,900000E-3	9,741048E-6
213,500000E-3	9,755656E-6
214,100000E-3	9,770339E-6
214,400000E-3	9,784169E-6
215,200000E-3	9,798258E-6
215,500000E-3	9,813781E-6
216,100000E-3	9,829649E-6
216,600000E-3	9,844827E-6
217,200000E-3	9,859122E-6
217,500000E-3	9,872661E-6
218,200000E-3	9,884858E-6
218,700000E-3	9,897341E-6
219,200000E-3	9,909642E-6
219,800000E-3	9,920570E-6
220,400000E-3	9,930389E-6
220,700000E-3	9,939440E-6
221,300000E-3	9,949108E-6
221,900000E-3	9,961817E-6
222,400000E-3	9,978423E-6
223,100000E-3	9,995789E-6
223,300000E-3	10,011017E-6
223,900000E-3	10,025314E-6
224,100000E-3	10,039162E-6
224,900000E-3	10,053372E-6
225,500000E-3	10,069234E-6
226,100000E-3	10,086581E-6
226,700000E-3	10,104299E-6
226,700000E-3	10,121624E-6
227,500000E-3	10,136207E-6
227,800000E-3	10,147199E-6
228,700000E-3	10,157277E-6
229,000000E-3	10,170661E-6
229,600000E-3	10,185920E-6
230,100000E-3	10,201108E-6
230,700000E-3	10,217209E-6
230,700000E-3	10,236152E-6
231,600000E-3	10,259155E-6
232,200000E-3	10,283842E-6
232,800000E-3	10,301404E-6
233,100000E-3	10,314770E-6
233,900000E-3	10,331343E-6
234,200000E-3	10,351732E-6
235,100000E-3	10,370012E-6
235,700000E-3	10,386443E-6
235,700000E-3	10,402682E-6
236,500000E-3	10,417076E-6
236,800000E-3	10,432026E-6
237,400000E-3	10,447958E-6
237,900000E-3	10,464663E-6
238,500000E-3	10,480987E-6
238,900000E-3	10,494769E-6
239,600000E-3	10,507632E-6
240,000000E-3	10,521401E-6
240,500000E-3	10,536454E-6
241,100000E-3	10,551247E-6
241,400000E-3	10,565293E-6
241,900000E-3	10,580508E-6
242,800000E-3	10,597359E-6
243,100000E-3	10,615325E-6
243,300000E-3	10,632777E-6
244,300000E-3	10,649108E-6
244,500000E-3	10,665812E-6
245,100000E-3	10,683550E-6
245,700000E-3	10,702350E-6
246,300000E-3	10,720845E-6
246,500000E-3	10,735620E-6
247,400000E-3	10,748195E-6
247,700000E-3	10,761965E-6
248,300000E-3	10,774021E-6
248,800000E-3	10,786059E-6
249,500000E-3	10,803149E-6
250,000000E-3	10,834149E-6
250,400000E-3	10,857679E-6
251,200000E-3	10,879101E-6
251,800000E-3	10,900134E-6
252,200000E-3	10,918123E-6
252,700000E-3	10,934854E-6
253,200000E-3	10,951619E-6
253,600000E-3	10,965556E-6
254,200000E-3	10,977087E-6
254,700000E-3	10,990530E-6
255,300000E-3	11,005080E-6
255,900000E-3	11,017379E-6
256,400000E-3	11,028143E-6
256,700000E-3	11,041644E-6
257,600000E-3	11,058674E-6
257,900000E-3	11,078095E-6
258,500000E-3	11,097066E-6
259,100000E-3	11,112339E-6
259,700000E-3	11,124721E-6
260,200000E-3	11,137450E-6
260,500000E-3	11,153471E-6
261,000000E-3	11,169702E-6
261,600000E-3	11,184763E-6
261,900000E-3	11,197983E-6
262,800000E-3	11,209994E-6
263,400000E-3	11,220945E-6
263,600000E-3	11,232396E-6
264,200000E-3	11,245888E-6
264,800000E-3	11,261699E-6
265,400000E-3	11,276812E-6
265,800000E-3	11,294163E-6
266,500000E-3	11,313438E-6
266,800000E-3	11,332317E-6
267,300000E-3	11,347892E-6
267,900000E-3	11,359934E-6
268,600000E-3	11,372067E-6
268,800000E-3	11,384561E-6
269,500000E-3	11,394620E-6
270,000000E-3	11,405038E-6
270,500000E-3	11,420330E-6
271,000000E-3	11,438669E-6
271,700000E-3	11,455156E-6
271,900000E-3	11,470318E-6
272,500000E-3	11,486541E-6
273,100000E-3	11,504631E-6
273,900000E-3	11,522349E-6
273,900000E-3	11,537978E-6
274,700000E-3	11,551059E-6
275,100000E-3	11,562054E-6
275,700000E-3	11,574469E-6
276,300000E-3	11,588875E-6
276,900000E-3	11,603155E-6
277,200000E-3	11,618730E-6
277,700000E-3	11,634486E-6
278,300000E-3	11,647493E-6
278,800000E-3	11,660256E-6
279,200000E-3	11,675823E-6
279,700000E-3	11,693023E-6
280,300000E-3	11,708615E-6
280,600000E-3	11,722278E-6
281,300000E-3	11,736229E-6
282,100000E-3	11,747620E-6
282,300000E-3	11,758644E-6
282,900000E-3	11,769733E-6
283,500000E-3	11,781498E-6
284,100000E-3	11,794230E-6
284,300000E-3	11,806486E-6
284,900000E-3	11,819432E-6
285,500000E-3	11,832662E-6
286,100000E-3	11,843842E-6
286,500000E-3	11,855595E-6
287,200000E-3	11,871194E-6
287,500000E-3	11,886302E-6
288,300000E-3	11,897979E-6
288,600000E-3	11,909803E-6
289,200000E-3	11,923461E-6
289,800000E-3	11,935046E-6
290,300000E-3	11,945872E-6
291,000000E-3	11,956032E-6
291,300000E-3	11,966443E-6
291,900000E-3	11,979314E-6
292,400000E-3	11,995136E-6
293,000000E-3	12,008410E-6
293,300000E-3	12,016067E-6
293,900000E-3	12,022597E-6
294,500000E-3	12,032452E-6
295,000000E-3	12,041481E-6
295,600000E-3	12,046638E-6
296,100000E-3	12,051412E-6
296,700000E-3	12,061294E-6
297,000000E-3	12,073427E-6
297,600000E-3	12,086480E-6
298,400000E-3	12,099658E-6
298,800000E-3	12,113106E-6
299,000000E-3	12,125961E-6
299,900000E-3	12,138252E-6
300,200000E-3	12,153555E-6
300,800000E-3	12,165226E-6
301,300000E-3	12,172730E-6
301,900000E-3	12,176793E-6
302,200000E-3	12,180354E-6
302,700000E-3	12,188632E-6
303,300000E-3	12,201004E-6
303,900000E-3	12,213583E-6
304,400000E-3	12,225926E-6
305,100000E-3	12,233779E-6
305,300000E-3	12,240058E-6
305,900000E-3	12,246734E-6
306,500000E-3	12,253635E-6
307,100000E-3	12,262661E-6
307,400000E-3	12,271607E-6
308,000000E-3	12,277179E-6
308,800000E-3	12,281898E-6
309,100000E-3	12,289249E-6
309,600000E-3	12,297636E-6
310,200000E-3	12,305602E-6
310,800000E-3	12,310717E-6
311,000000E-3	12,315348E-6
311,600000E-3	12,324600E-6
312,200000E-3	12,335626E-6
312,800000E-3	12,342969E-6
313,400000E-3	12,345249E-6
313,700000E-3	12,346493E-6
314,300000E-3	12,351425E-6
314,800000E-3	12,361505E-6
315,400000E-3	12,374176E-6
315,900000E-3	12,385863E-6
316,500000E-3	12,393049E-6
317,100000E-3	12,397731E-6
317,400000E-3	12,404324E-6
318,000000E-3	12,412337E-6
318,600000E-3	12,419106E-6
319,200000E-3	12,422827E-6
319,500000E-3	12,425804E-6
320,200000E-3	12,430545E-6
320,600000E-3	12,435258E-6
321,100000E-3	12,438983E-6
321,800000E-3	12,442632E-6
322,400000E-3	12,446676E-6
322,600000E-3	12,452145E-6
323,200000E-3	12,458181E-6
323,700000E-3	12,464394E-6
324,100000E-3	12,470797E-6
324,700000E-3	12,475175E-6
325,500000E-3	12,477454E-6
325,800000E-3	12,479106E-6
326,100000E-3	12,481480E-6
326,800000E-3	12,484245E-6
327,500000E-3	12,488784E-6
327,800000E-3	12,495478E-6
328,400000E-3	12,501704E-6
329,000000E-3	12,508037E-6
329,600000E-3	12,517542E-6
329,900000E-3	12,529937E-6
330,300000E-3	12,540354E-6
330,900000E-3	12,547642E-6
331,500000E-3	12,555220E-6
331,900000E-3	12,562861E-6
332,600000E-3	12,566988E-6
332,900000E-3	12,565765E-6
333,500000E-3	12,563086E-6
334,100000E-3	12,564686E-6
334,600000E-3	12,568440E-6
334,900000E-3	12,572995E-6
335,400000E-3	12,577660E-6
336,000000E-3	12,581152E-6
336,600000E-3	12,586760E-6
337,000000E-3	12,593433E-6
337,800000E-3	12,596547E-6
338,400000E-3	12,596920E-6
339,100000E-3	12,596923E-6
339,300000E-3	12,600896E-6
339,800000E-3	12,610828E-6
340,300000E-3	12,620963E-6
341,100000E-3	12,629800E-6
341,500000E-3	12,637465E-6
342,000000E-3	12,643470E-6
342,300000E-3	12,650546E-6
342,900000E-3	12,660126E-6
343,500000E-3	12,669526E-6
344,100000E-3	12,676908E-6
344,400000E-3	12,684904E-6
345,000000E-3	12,690837E-6
345,700000E-3	12,689762E-6
345,900000E-3	12,687711E-6
346,500000E-3	12,688203E-6
347,200000E-3	12,688351E-6
347,600000E-3	12,690547E-6
348,400000E-3	12,694872E-6
348,700000E-3	12,699342E-6
349,300000E-3	12,702470E-6
349,600000E-3	12,706887E-6
350,200000E-3	12,717085E-6
350,800000E-3	12,727751E-6
351,400000E-3	12,734115E-6
351,700000E-3	12,738370E-6
352,400000E-3	12,744098E-6
352,900000E-3	12,750184E-6
353,300000E-3	12,754857E-6
353,800000E-3	12,760206E-6
354,400000E-3	12,769162E-6
355,000000E-3	12,781539E-6
355,700000E-3	12,794361E-6
355,900000E-3	12,801407E-6
356,600000E-3	12,806355E-6
356,800000E-3	12,813770E-6
357,500000E-3	12,821543E-6
358,100000E-3	12,826881E-6
358,700000E-3	12,830841E-6
359,000000E-3	12,837539E-6
359,500000E-3	12,847250E-6
360,200000E-3	12,857353E-6
360,800000E-3	12,867286E-6
361,100000E-3	12,874763E-6
361,400000E-3	12,881418E-6
362,000000E-3	12,888664E-6
362,800000E-3	12,898229E-6
363,200000E-3	12,909453E-6
363,800000E-3	12,921779E-6
364,200000E-3	12,936127E-6
364,800000E-3	12,949459E-6
365,400000E-3	12,962144E-6
365,700000E-3	12,973711E-6
366,300000E-3	12,980466E-6
366,900000E-3	12,985074E-6
367,200000E-3	12,991974E-6
367,800000E-3	13,000423E-6
368,100000E-3	13,008920E-6
368,100000E-3	13,020401E-6
369,300000E-3	13,032883E-6
370,000000E-3	13,040630E-6
370,400000E-3	13,045068E-6
370,900000E-3	13,048338E-6
371,200000E-3	13,054195E-6
371,800000E-3	13,060968E-6
372,500000E-3	13,067128E-6
373,100000E-3	13,074979E-6
373,400000E-3	13,084810E-6
374,000000E-3	13,094591E-6
374,600000E-3	13,101289E-6
375,200000E-3	13,106592E-6
375,500000E-3	13,115966E-6
376,100000E-3	13,128583E-6
376,500000E-3	13,139720E-6
377,200000E-3	13,150899E-6
377,600000E-3	13,164149E-6
378,300000E-3	13,175994E-6
378,500000E-3	13,182818E-6
379,100000E-3	13,186525E-6
379,700000E-3	13,188707E-6
380,300000E-3	13,191426E-6
380,600000E-3	13,195230E-6
381,200000E-3	13,199218E-6
381,800000E-3	13,205971E-6
382,500000E-3	13,214713E-6
382,800000E-3	13,222699E-6
383,400000E-3	13,232222E-6
383,600000E-3	13,240132E-6
384,000000E-3	13,244197E-6
384,900000E-3	13,251294E-6
385,600000E-3	13,261471E-6
385,900000E-3	13,272443E-6
386,500000E-3	13,283738E-6
387,100000E-3	13,294438E-6
387,700000E-3	13,303569E-6
388,000000E-3	13,308536E-6
388,400000E-3	13,315122E-6
388,900000E-3	13,324787E-6
389,500000E-3	13,336606E-6
389,900000E-3	13,348967E-6
390,700000E-3	13,360088E-6
390,900000E-3	13,366320E-6
391,900000E-3	13,364662E-6
391,900000E-3	13,360657E-6
392,500000E-3	13,360009E-6
393,100000E-3	13,360849E-6
393,700000E-3	13,360067E-6
394,000000E-3	13,358899E-6
394,600000E-3	13,362620E-6
395,200000E-3	13,369990E-6
395,800000E-3	13,377619E-6
396,100000E-3	13,386111E-6
396,800000E-3	13,396283E-6
397,200000E-3	13,408296E-6
398,000000E-3	13,421125E-6
398,500000E-3	13,431800E-6
398,900000E-3	13,437999E-6
399,400000E-3	13,440516E-6
399,700000E-3	13,443196E-6
400,500000E-3	13,447805E-6
401,000000E-3	13,453562E-6
401,600000E-3	13,458511E-6
401,800000E-3	13,463357E-6
402,500000E-3	13,469463E-6
403,100000E-3	13,477094E-6
403,700000E-3	13,485316E-6
404,100000E-3	13,494173E-6
404,700000E-3	13,503142E-6
405,500000E-3	13,506387E-6
405,500000E-3	13,507388E-6
406,300000E-3	13,512277E-6
406,600000E-3	13,521568E-6
407,200000E-3	13,534087E-6
407,900000E-3	13,546192E-6
408,500000E-3	13,555772E-6
409,100000E-3	13,563865E-6
409,700000E-3	13,569044E-6
409,800000E-3	13,576928E-6
410,500000E-3	13,589325E-6
410,900000E-3	13,599146E-6
411,800000E-3	13,604854E-6
412,100000E-3	13,611469E-6
412,400000E-3	13,619584E-6
413,100000E-3	13,627568E-6
413,800000E-3	13,634518E-6
413,900000E-3	13,638447E-6
414,500000E-3	13,641468E-6
415,100000E-3	13,646698E-6
415,700000E-3	13,653288E-6
416,000000E-3	13,663347E-6
416,600000E-3	13,673834E-6
417,100000E-3	13,684390E-6
417,900000E-3	13,695835E-6
418,400000E-3	13,705941E-6
418,700000E-3	13,711812E-6
419,100000E-3	13,713765E-6
419,600000E-3	13,716278E-6
420,200000E-3	13,724047E-6
420,700000E-3	13,734074E-6
421,400000E-3	13,742332E-6
422,000000E-3	13,747685E-6
422,600000E-3	13,756805E-6
422,900000E-3	13,767772E-6
423,200000E-3	13,775250E-6
424,100000E-3	13,777845E-6
424,700000E-3	13,778711E-6
425,000000E-3	13,780365E-6
425,600000E-3	13,786939E-6
426,200000E-3	13,797412E-6
426,800000E-3	13,804038E-6
427,200000E-3	13,807316E-6
427,600000E-3	13,816331E-6
427,800000E-3	13,828554E-6
428,700000E-3	13,837517E-6
428,900000E-3	13,843720E-6
429,700000E-3	13,849995E-6
430,300000E-3	13,857000E-6
430,600000E-3	13,862813E-6
431,200000E-3	13,869178E-6
431,900000E-3	13,877519E-6
432,500000E-3	13,886040E-6
432,800000E-3	13,891075E-6
433,400000E-3	13,895091E-6
433,700000E-3	13,901076E-6
434,300000E-3	13,908498E-6
434,900000E-3	13,914710E-6
435,500000E-3	13,918676E-6
435,800000E-3	13,924058E-6
436,400000E-3	13,934267E-6
437,100000E-3	13,946571E-6
437,600000E-3	13,956264E-6
438,000000E-3	13,966927E-6
438,500000E-3	13,979416E-6
439,100000E-3	13,989879E-6
439,800000E-3	13,997976E-6
440,000000E-3	14,005720E-6
440,700000E-3	14,012348E-6
441,000000E-3	14,017291E-6
441,500000E-3	14,021124E-6
442,200000E-3	14,024566E-6
442,400000E-3	14,029961E-6
443,100000E-3	14,035508E-6
443,700000E-3	14,038223E-6
444,200000E-3	14,040897E-6
444,900000E-3	14,043762E-6
445,200000E-3	14,047926E-6
445,600000E-3	14,055682E-6
446,400000E-3	14,066946E-6
447,000000E-3	14,078788E-6
447,300000E-3	14,088111E-6
447,600000E-3	14,093550E-6
448,200000E-3	14,096901E-6
448,900000E-3	14,100778E-6
449,400000E-3	14,105183E-6
450,000000E-3	14,110347E-6
450,400000E-3	14,119826E-6
450,900000E-3	14,131293E-6
451,600000E-3	14,139225E-6
451,900000E-3	14,144643E-6
451,900000E-3	14,150026E-6
453,000000E-3	14,156003E-6
453,500000E-3	14,165046E-6
454,000000E-3	14,173346E-6
454,000000E-3	14,179635E-6
455,100000E-3	14,186686E-6
455,500000E-3	14,195882E-6
456,200000E-3	14,202990E-6
456,500000E-3	14,207022E-6
457,100000E-3	14,213669E-6
457,700000E-3	14,224129E-6
458,000000E-3	14,234126E-6
458,700000E-3	14,243949E-6
459,300000E-3	14,254718E-6
459,600000E-3	14,263522E-6
460,200000E-3	14,268282E-6
460,900000E-3	14,271302E-6
461,200000E-3	14,279266E-6
461,800000E-3	14,292090E-6
462,400000E-3	14,305816E-6
462,700000E-3	14,316196E-6
463,400000E-3	14,323346E-6
464,000000E-3	14,328209E-6
464,400000E-3	14,332462E-6
464,800000E-3	14,340745E-6
465,400000E-3	14,353511E-6
466,000000E-3	14,363137E-6
466,700000E-3	14,368474E-6
466,900000E-3	14,372110E-6
467,600000E-3	14,378812E-6
468,100000E-3	14,387895E-6
468,600000E-3	14,398904E-6
469,300000E-3	14,408771E-6
469,700000E-3	14,415508E-6
470,300000E-3	14,422464E-6
470,600000E-3	14,430769E-6
471,200000E-3	14,440722E-6
471,800000E-3	14,453040E-6
472,400000E-3	14,467535E-6
473,100000E-3	14,483236E-6
473,400000E-3	14,494275E-6
474,000000E-3	14,502032E-6
474,300000E-3	14,510935E-6
474,900000E-3	14,522013E-6
475,600000E-3	14,536344E-6
476,200000E-3	14,548697E-6
476,200000E-3	14,556714E-6
476,200000E-3	14,565442E-6
477,700000E-3	14,576102E-6
477,800000E-3	14,587968E-6
478,500000E-3	14,600844E-6
479,000000E-3	14,614571E-6
479,700000E-3	14,628251E-6
480,100000E-3	14,642525E-6
480,600000E-3	14,654181E-6
481,000000E-3	14,662709E-6
481,500000E-3	14,671173E-6
482,300000E-3	14,680473E-6
482,800000E-3	14,689915E-6
483,500000E-3	14,701576E-6
483,800000E-3	14,713488E-6
484,100000E-3	14,724467E-6
484,100000E-3	14,738427E-6
485,400000E-3	14,757978E-6
485,800000E-3	14,779144E-6
486,100000E-3	14,799516E-6
486,100000E-3	14,818006E-6
487,300000E-3	14,830898E-6
487,900000E-3	14,841426E-6
488,400000E-3	14,854709E-6
489,100000E-3	14,865493E-6
489,700000E-3	14,875353E-6
489,700000E-3	14,889288E-6
490,400000E-3	14,904555E-6
491,000000E-3	14,917960E-6
491,700000E-3	14,928440E-6
492,200000E-3	14,938735E-6
492,900000E-3	14,950720E-6
493,200000E-3	14,964065E-6
493,200000E-3	14,980680E-6
494,300000E-3	15,000706E-6
494,700000E-3	15,017652E-6
495,100000E-3	15,030497E-6
495,800000E-3	15,042892E-6
496,200000E-3	15,055873E-6
497,000000E-3	15,070653E-6
497,600000E-3	15,089447E-6
497,900000E-3	15,107879E-6
498,500000E-3	15,125110E-6
498,800000E-3	15,140437E-6
499,500000E-3	15,151649E-6
500,000000E-3	15,162669E-6
