-500,900000E-3	17,619798E-6
-500,900000E-3	17,736266E-6
-501,100000E-3	17,756951E-6
-501,100000E-3	17,767347E-6
-501,100000E-3	17,766394E-6
-501,000000E-3	17,760526E-6
-500,900000E-3	17,754019E-6
-500,500000E-3	17,750370E-6
-500,300000E-3	17,749420E-6
-500,000000E-3	17,748032E-6
-499,700000E-3	17,742685E-6
-499,300000E-3	17,735574E-6
-499,100000E-3	17,727839E-6
-498,500000E-3	17,719505E-6
-498,100000E-3	17,711541E-6
-497,700000E-3	17,700710E-6
-497,200000E-3	17,687190E-6
-496,700000E-3	17,671987E-6
-496,400000E-3	17,657228E-6
-495,900000E-3	17,643538E-6
-495,400000E-3	17,628630E-6
-494,900000E-3	17,610891E-6
-494,400000E-3	17,597644E-6
-493,800000E-3	17,583334E-6
-493,300000E-3	17,565938E-6
-492,700000E-3	17,550788E-6
-492,300000E-3	17,537856E-6
-491,600000E-3	17,524391E-6
-491,400000E-3	17,506820E-6
-490,800000E-3	17,485417E-6
-490,200000E-3	17,464540E-6
-489,700000E-3	17,447776E-6
-489,400000E-3	17,433871E-6
-488,600000E-3	17,418571E-6
-488,300000E-3	17,399606E-6
-487,700000E-3	17,379333E-6
-487,100000E-3	17,358966E-6
-486,600000E-3	17,341745E-6
-486,300000E-3	17,324569E-6
-485,700000E-3	17,307649E-6
-485,100000E-3	17,291749E-6
-484,600000E-3	17,276539E-6
-484,000000E-3	17,260583E-6
-483,400000E-3	17,241310E-6
-482,900000E-3	17,219218E-6
-482,500000E-3	17,197167E-6
-481,800000E-3	17,178360E-6
-481,400000E-3	17,161201E-6
-480,900000E-3	17,145014E-6
-480,300000E-3	17,129212E-6
-479,700000E-3	17,113237E-6
-479,400000E-3	17,095568E-6
-478,800000E-3	17,077412E-6
-478,300000E-3	17,055138E-6
-477,700000E-3	17,031318E-6
-477,200000E-3	17,009554E-6
-476,600000E-3	16,989501E-6
-476,000000E-3	16,974824E-6
-475,700000E-3	16,958657E-6
-475,000000E-3	16,941398E-6
-474,600000E-3	16,922458E-6
-474,000000E-3	16,897590E-6
-473,400000E-3	16,876782E-6
-472,800000E-3	16,862378E-6
-472,300000E-3	16,854881E-6
-471,700000E-3	16,849270E-6
-471,100000E-3	16,833205E-6
-470,500000E-3	16,807183E-6
-470,300000E-3	16,778278E-6
-469,700000E-3	16,753414E-6
-468,900000E-3	16,732604E-6
-468,600000E-3	16,712226E-6
-468,300000E-3	16,691799E-6
-467,400000E-3	16,668306E-6
-467,100000E-3	16,641866E-6
-466,500000E-3	16,614595E-6
-466,000000E-3	16,590959E-6
-465,400000E-3	16,575021E-6
-465,100000E-3	16,560678E-6
-464,400000E-3	16,542011E-6
-464,000000E-3	16,521759E-6
-463,400000E-3	16,504096E-6
-462,900000E-3	16,486065E-6
-462,300000E-3	16,464579E-6
-462,000000E-3	16,440946E-6
-461,400000E-3	16,417499E-6
-460,800000E-3	16,394025E-6
-460,200000E-3	16,374201E-6
-459,700000E-3	16,356263E-6
-459,200000E-3	16,337628E-6
-458,800000E-3	16,316118E-6
-458,300000E-3	16,293001E-6
-457,700000E-3	16,270540E-6
-457,200000E-3	16,253092E-6
-456,600000E-3	16,236163E-6
-456,000000E-3	16,216631E-6
-455,400000E-3	16,196901E-6
-455,100000E-3	16,178154E-6
-454,600000E-3	16,159776E-6
-454,000000E-3	16,134371E-6
-453,400000E-3	16,108498E-6
-452,900000E-3	16,087122E-6
-452,300000E-3	16,068033E-6
-451,500000E-3	16,042696E-6
-451,100000E-3	16,013941E-6
-450,600000E-3	15,989944E-6
-450,000000E-3	15,965515E-6
-449,500000E-3	15,945510E-6
-449,200000E-3	15,923643E-6
-448,600000E-3	15,900946E-6
-447,800000E-3	15,876791E-6
-447,400000E-3	15,854070E-6
-446,900000E-3	15,832505E-6
-446,300000E-3	15,805839E-6
-445,700000E-3	15,784045E-6
-445,500000E-3	15,764579E-6
-444,900000E-3	15,742358E-6
-444,300000E-3	15,717322E-6
-443,800000E-3	15,686696E-6
-443,200000E-3	15,662310E-6
-442,600000E-3	15,641248E-6
-442,000000E-3	15,621665E-6
-441,700000E-3	15,597815E-6
-440,900000E-3	15,570516E-6
-440,300000E-3	15,547841E-6
-440,000000E-3	15,527865E-6
-439,500000E-3	15,508168E-6
-438,900000E-3	15,487787E-6
-438,300000E-3	15,468032E-6
-438,000000E-3	15,452178E-6
-437,200000E-3	15,440371E-6
-437,000000E-3	15,425539E-6
-436,400000E-3	15,405796E-6
-435,800000E-3	15,383577E-6
-435,200000E-3	15,360893E-6
-434,900000E-3	15,340116E-6
-434,100000E-3	15,322399E-6
-433,800000E-3	15,304591E-6
-433,200000E-3	15,284028E-6
-432,700000E-3	15,262737E-6
-432,100000E-3	15,241339E-6
-431,800000E-3	15,218629E-6
-431,200000E-3	15,196452E-6
-430,700000E-3	15,178250E-6
-430,100000E-3	15,160209E-6
-429,500000E-3	15,139596E-6
-428,900000E-3	15,118122E-6
-428,600000E-3	15,097963E-6
-428,100000E-3	15,077929E-6
-427,600000E-3	15,057902E-6
-427,000000E-3	15,037750E-6
-426,700000E-3	15,018451E-6
-425,800000E-3	15,001590E-6
-425,500000E-3	14,979611E-6
-424,900000E-3	14,957823E-6
-424,400000E-3	14,938970E-6
-423,800000E-3	14,921531E-6
-423,200000E-3	14,906610E-6
-422,800000E-3	14,892569E-6
-422,100000E-3	14,877733E-6
-421,800000E-3	14,859343E-6
-421,300000E-3	14,838400E-6
-420,700000E-3	14,818352E-6
-420,100000E-3	14,802285E-6
-419,800000E-3	14,781080E-6
-419,000000E-3	14,754206E-6
-418,700000E-3	14,728140E-6
-418,100000E-3	14,705069E-6
-417,500000E-3	14,684868E-6
-417,000000E-3	14,665873E-6
-416,400000E-3	14,645653E-6
-415,900000E-3	14,626985E-6
-415,300000E-3	14,609061E-6
-414,700000E-3	14,591230E-6
-414,400000E-3	14,573618E-6
-413,800000E-3	14,556633E-6
-413,300000E-3	14,534908E-6
-412,700000E-3	14,512669E-6
-412,200000E-3	14,492849E-6
-411,600000E-3	14,474607E-6
-411,300000E-3	14,453556E-6
-410,700000E-3	14,429840E-6
-410,100000E-3	14,408924E-6
-409,600000E-3	14,394123E-6
-409,000000E-3	14,382493E-6
-408,400000E-3	14,369666E-6
-408,100000E-3	14,353035E-6
-407,500000E-3	14,335256E-6
-407,000000E-3	14,316092E-6
-406,400000E-3	14,298352E-6
-405,900000E-3	14,277991E-6
-405,400000E-3	14,254257E-6
-404,700000E-3	14,235380E-6
-404,400000E-3	14,217776E-6
-403,900000E-3	14,199575E-6
-403,300000E-3	14,180597E-6
-402,700000E-3	14,164464E-6
-402,100000E-3	14,150417E-6
-401,600000E-3	14,133614E-6
-401,300000E-3	14,113101E-6
-400,700000E-3	14,093419E-6
-400,100000E-3	14,080486E-6
-399,600000E-3	14,073409E-6
-399,300000E-3	14,067206E-6
-398,600000E-3	14,058023E-6
-398,200000E-3	14,042450E-6
-397,600000E-3	14,018821E-6
-397,200000E-3	13,989827E-6
-396,500000E-3	13,960795E-6
-396,200000E-3	13,936747E-6
-395,600000E-3	13,915753E-6
-395,000000E-3	13,891242E-6
-394,400000E-3	13,873914E-6
-394,000000E-3	13,858868E-6
-393,400000E-3	13,840621E-6
-392,800000E-3	13,819848E-6
-392,500000E-3	13,800307E-6
-391,900000E-3	13,782154E-6
-391,300000E-3	13,765299E-6
-390,700000E-3	13,750771E-6
-390,400000E-3	13,737001E-6
-389,600000E-3	13,723818E-6
-389,300000E-3	13,710497E-6
-388,700000E-3	13,693428E-6
-388,200000E-3	13,673009E-6
-387,600000E-3	13,658027E-6
-387,300000E-3	13,646386E-6
-386,600000E-3	13,633849E-6
-386,200000E-3	13,619340E-6
-385,600000E-3	13,603343E-6
-385,000000E-3	13,585962E-6
-384,400000E-3	13,574139E-6
-384,200000E-3	13,561243E-6
-383,500000E-3	13,547560E-6
-382,800000E-3	13,532709E-6
-382,500000E-3	13,514281E-6
-381,900000E-3	13,496018E-6
-381,300000E-3	13,474687E-6
-380,800000E-3	13,457484E-6
-380,500000E-3	13,443783E-6
-379,800000E-3	13,431311E-6
-379,300000E-3	13,416930E-6
-378,700000E-3	13,400900E-6
-378,200000E-3	13,385581E-6
-377,700000E-3	13,368956E-6
-377,400000E-3	13,351335E-6
-376,600000E-3	13,334624E-6
-375,900000E-3	13,319122E-6
-375,600000E-3	13,302146E-6
-375,000000E-3	13,284866E-6
-374,500000E-3	13,266728E-6
-374,000000E-3	13,250942E-6
-373,600000E-3	13,233046E-6
-373,100000E-3	13,213322E-6
-372,500000E-3	13,197544E-6
-371,900000E-3	13,186160E-6
-371,400000E-3	13,173882E-6
-370,800000E-3	13,157813E-6
-370,500000E-3	13,141566E-6
-369,900000E-3	13,128781E-6
-369,300000E-3	13,114534E-6
-368,800000E-3	13,100589E-6
-368,500000E-3	13,087711E-6
-367,700000E-3	13,073422E-6
-367,400000E-3	13,057392E-6
-366,900000E-3	13,040330E-6
-366,300000E-3	13,022752E-6
-365,700000E-3	13,008809E-6
-365,400000E-3	12,999721E-6
-364,500000E-3	12,991406E-6
-364,200000E-3	12,977590E-6
-363,700000E-3	12,962650E-6
-363,100000E-3	12,945478E-6
-362,500000E-3	12,927180E-6
-362,300000E-3	12,910643E-6
-361,700000E-3	12,896249E-6
-361,100000E-3	12,881891E-6
-360,500000E-3	12,868953E-6
-360,000000E-3	12,854757E-6
-359,400000E-3	12,840664E-6
-359,100000E-3	12,827916E-6
-358,500000E-3	12,815753E-6
-357,900000E-3	12,803114E-6
-357,400000E-3	12,791221E-6
-356,800000E-3	12,776585E-6
-356,300000E-3	12,754780E-6
-355,700000E-3	12,736040E-6
-355,100000E-3	12,724875E-6
-354,800000E-3	12,714949E-6
-354,000000E-3	12,703294E-6
-353,700000E-3	12,687611E-6
-353,100000E-3	12,669368E-6
-352,600000E-3	12,651981E-6
-352,000000E-3	12,635118E-6
-351,400000E-3	12,619708E-6
-351,000000E-3	12,608269E-6
-350,600000E-3	12,597908E-6
-350,000000E-3	12,586860E-6
-349,400000E-3	12,576246E-6
-348,800000E-3	12,558833E-6
-348,300000E-3	12,540920E-6
-347,700000E-3	12,526570E-6
-347,100000E-3	12,512749E-6
-346,500000E-3	12,499531E-6
-346,200000E-3	12,488739E-6
-345,700000E-3	12,478589E-6
-345,100000E-3	12,464182E-6
-344,500000E-3	12,447308E-6
-344,000000E-3	12,433924E-6
-343,400000E-3	12,427013E-6
-342,800000E-3	12,420322E-6
-342,600000E-3	12,409496E-6
-341,900000E-3	12,396053E-6
-341,400000E-3	12,380740E-6
-340,800000E-3	12,365725E-6
-340,200000E-3	12,351074E-6
-339,700000E-3	12,337776E-6
-339,400000E-3	12,327477E-6
-338,800000E-3	12,318744E-6
-338,200000E-3	12,308836E-6
-337,700000E-3	12,294008E-6
-337,400000E-3	12,278449E-6
-336,500000E-3	12,266621E-6
-336,200000E-3	12,256615E-6
-335,700000E-3	12,247672E-6
-335,100000E-3	12,238217E-6
-334,500000E-3	12,226331E-6
-333,900000E-3	12,210918E-6
-333,600000E-3	12,196021E-6
-333,100000E-3	12,184210E-6
-332,600000E-3	12,173454E-6
-332,100000E-3	12,158356E-6
-331,400000E-3	12,139758E-6
-331,200000E-3	12,123694E-6
-330,600000E-3	12,111320E-6
-330,000000E-3	12,100235E-6
-329,400000E-3	12,091136E-6
-329,000000E-3	12,081923E-6
-328,300000E-3	12,068409E-6
-328,000000E-3	12,050647E-6
-327,400000E-3	12,032080E-6
-326,800000E-3	12,016917E-6
-326,300000E-3	12,006442E-6
-326,000000E-3	12,000148E-6
-325,100000E-3	11,992162E-6
-324,800000E-3	11,977914E-6
-324,300000E-3	11,961032E-6
-323,700000E-3	11,944227E-6
-323,100000E-3	11,928755E-6
-322,800000E-3	11,915906E-6
-322,200000E-3	11,905562E-6
-321,600000E-3	11,893896E-6
-321,100000E-3	11,879804E-6
-320,800000E-3	11,863429E-6
-319,900000E-3	11,848531E-6
-319,600000E-3	11,835642E-6
-319,100000E-3	11,824264E-6
-318,500000E-3	11,812111E-6
-317,900000E-3	11,797557E-6
-317,600000E-3	11,783307E-6
-317,100000E-3	11,771897E-6
-316,500000E-3	11,761068E-6
-316,300000E-3	11,749338E-6
-315,400000E-3	11,735469E-6
-314,800000E-3	11,721783E-6
-314,500000E-3	11,707488E-6
-314,000000E-3	11,692275E-6
-313,400000E-3	11,677443E-6
-312,900000E-3	11,662195E-6
-312,200000E-3	11,643132E-6
-311,700000E-3	11,626586E-6
-311,400000E-3	11,616426E-6
-310,900000E-3	11,608755E-6
-310,300000E-3	11,599063E-6
-309,700000E-3	11,588246E-6
-309,400000E-3	11,577103E-6
-308,500000E-3	11,563359E-6
-308,000000E-3	11,549711E-6
-307,400000E-3	11,537113E-6
-307,100000E-3	11,525082E-6
-306,400000E-3	11,513135E-6
-306,000000E-3	11,499466E-6
-305,400000E-3	11,483939E-6
-304,900000E-3	11,464395E-6
-304,300000E-3	11,446852E-6
-304,000000E-3	11,433021E-6
-303,400000E-3	11,419993E-6
-302,800000E-3	11,405655E-6
-302,200000E-3	11,390189E-6
-302,000000E-3	11,371207E-6
-301,300000E-3	11,355496E-6
-300,900000E-3	11,343989E-6
-300,200000E-3	11,330621E-6
-299,700000E-3	11,314313E-6
-299,100000E-3	11,297341E-6
-298,800000E-3	11,281336E-6
-298,200000E-3	11,266822E-6
-297,600000E-3	11,250986E-6
-297,000000E-3	11,238148E-6
-296,800000E-3	11,226128E-6
-296,200000E-3	11,214521E-6
-295,600000E-3	11,201452E-6
-295,000000E-3	11,187014E-6
-294,500000E-3	11,169320E-6
-293,900000E-3	11,148872E-6
-293,600000E-3	11,129945E-6
-293,000000E-3	11,117275E-6
-292,400000E-3	11,105505E-6
-291,900000E-3	11,092586E-6
-291,300000E-3	11,077431E-6
-290,700000E-3	11,061553E-6
-290,400000E-3	11,045111E-6
-289,900000E-3	11,030091E-6
-289,400000E-3	11,018023E-6
-288,700000E-3	11,004738E-6
-288,100000E-3	10,991716E-6
-287,800000E-3	10,977482E-6
-287,200000E-3	10,961942E-6
-286,700000E-3	10,944980E-6
-286,100000E-3	10,927035E-6
-285,600000E-3	10,909172E-6
-284,900000E-3	10,889584E-6
-284,700000E-3	10,870562E-6
-284,100000E-3	10,855417E-6
-283,500000E-3	10,841086E-6
-283,000000E-3	10,825868E-6
-282,700000E-3	10,810947E-6
-281,900000E-3	10,796388E-6
-281,500000E-3	10,781215E-6
-280,900000E-3	10,765576E-6
-280,600000E-3	10,749254E-6
-279,900000E-3	10,733286E-6
-279,400000E-3	10,716683E-6
-278,900000E-3	10,698374E-6
-278,300000E-3	10,681570E-6
-277,800000E-3	10,665634E-6
-277,500000E-3	10,649207E-6
-276,900000E-3	10,633543E-6
-276,300000E-3	10,619490E-6
-275,700000E-3	10,605624E-6
-275,200000E-3	10,585644E-6
-274,600000E-3	10,561775E-6
-274,300000E-3	10,540664E-6
-273,700000E-3	10,525617E-6
-273,100000E-3	10,511035E-6
-272,600000E-3	10,495751E-6
-272,000000E-3	10,480924E-6
-271,700000E-3	10,466894E-6
-271,200000E-3	10,453762E-6
-270,500000E-3	10,439947E-6
-270,300000E-3	10,424358E-6
-269,400000E-3	10,409266E-6
-269,200000E-3	10,395444E-6
-268,600000E-3	10,380845E-6
-268,000000E-3	10,361483E-6
-267,400000E-3	10,340004E-6
-267,100000E-3	10,319475E-6
-266,500000E-3	10,298052E-6
-266,000000E-3	10,277999E-6
-265,400000E-3	10,260839E-6
-264,800000E-3	10,245375E-6
-264,200000E-3	10,235050E-6
-263,900000E-3	10,222237E-6
-263,300000E-3	10,207268E-6
-262,700000E-3	10,190509E-6
-262,100000E-3	10,170990E-6
-261,600000E-3	10,153455E-6
-261,400000E-3	10,136240E-6
-260,500000E-3	10,116943E-6
-260,200000E-3	10,096074E-6
-259,600000E-3	10,076518E-6
-259,200000E-3	10,057478E-6
-258,500000E-3	10,039360E-6
-258,200000E-3	10,023009E-6
-257,600000E-3	10,011112E-6
-257,000000E-3	9,996321E-6
-256,400000E-3	9,979309E-6
-256,200000E-3	9,964896E-6
-255,500000E-3	9,951472E-6
-254,700000E-3	9,937059E-6
-254,400000E-3	9,920822E-6
-253,800000E-3	9,902640E-6
-253,200000E-3	9,879791E-6
-252,700000E-3	9,859154E-6
-252,400000E-3	9,843080E-6
-251,500000E-3	9,831179E-6
-251,200000E-3	9,816572E-6
-250,600000E-3	9,797751E-6
-250,100000E-3	9,780261E-6
-249,400000E-3	9,764808E-6
-249,100000E-3	9,748146E-6
-248,600000E-3	9,730406E-6
-248,000000E-3	9,715139E-6
-247,400000E-3	9,701788E-6
-247,100000E-3	9,687833E-6
-246,500000E-3	9,672298E-6
-245,900000E-3	9,654664E-6
-245,300000E-3	9,635117E-6
-245,000000E-3	9,617302E-6
-244,200000E-3	9,602801E-6
-243,900000E-3	9,586786E-6
-243,400000E-3	9,566457E-6
-242,700000E-3	9,543466E-6
-242,100000E-3	9,523871E-6
-241,900000E-3	9,505654E-6
-241,300000E-3	9,487224E-6
-240,800000E-3	9,471235E-6
-240,200000E-3	9,456312E-6
-239,700000E-3	9,438884E-6
-239,000000E-3	9,420290E-6
-238,700000E-3	9,403184E-6
-238,100000E-3	9,389256E-6
-237,600000E-3	9,378391E-6
-237,000000E-3	9,365023E-6
-236,700000E-3	9,346192E-6
-236,200000E-3	9,327291E-6
-235,600000E-3	9,309014E-6
-235,000000E-3	9,292836E-6
-234,500000E-3	9,275110E-6
-233,800000E-3	9,256858E-6
-233,500000E-3	9,237013E-6
-233,000000E-3	9,218077E-6
-232,400000E-3	9,201981E-6
-231,800000E-3	9,187902E-6
-231,500000E-3	9,173066E-6
-230,700000E-3	9,154841E-6
-230,400000E-3	9,134923E-6
-229,700000E-3	9,113960E-6
-229,200000E-3	9,098298E-6
-228,600000E-3	9,081108E-6
-228,000000E-3	9,059802E-6
-227,400000E-3	9,038898E-6
-227,200000E-3	9,023161E-6
-226,300000E-3	9,008842E-6
-226,000000E-3	8,991070E-6
-225,400000E-3	8,975085E-6
-224,800000E-3	8,959642E-6
-224,300000E-3	8,945804E-6
-224,000000E-3	8,931979E-6
-223,400000E-3	8,914541E-6
-222,900000E-3	8,895461E-6
-222,300000E-3	8,878438E-6
-221,700000E-3	8,862111E-6
-221,300000E-3	8,848536E-6
-220,800000E-3	8,834695E-6
-220,300000E-3	8,816866E-6
-219,900000E-3	8,797850E-6
-219,100000E-3	8,778263E-6
-218,500000E-3	8,757520E-6
-218,300000E-3	8,737913E-6
-217,700000E-3	8,721159E-6
-217,100000E-3	8,707788E-6
-216,800000E-3	8,695375E-6
-216,200000E-3	8,678871E-6
-215,700000E-3	8,661299E-6
-215,100000E-3	8,645363E-6
-214,500000E-3	8,628869E-6
-213,900000E-3	8,615762E-6
-213,700000E-3	8,603906E-6
-213,100000E-3	8,589766E-6
-212,500000E-3	8,571724E-6
-211,900000E-3	8,553426E-6
-211,600000E-3	8,536225E-6
-211,000000E-3	8,519328E-6
-210,500000E-3	8,502829E-6
-209,900000E-3	8,486504E-6
-209,300000E-3	8,468420E-6
-208,800000E-3	8,451416E-6
-208,500000E-3	8,437262E-6
-208,000000E-3	8,423954E-6
-207,300000E-3	8,412248E-6
-206,700000E-3	8,398475E-6
-206,500000E-3	8,381762E-6
-205,600000E-3	8,364205E-6
-205,300000E-3	8,343068E-6
-204,700000E-3	8,323157E-6
-204,300000E-3	8,306380E-6
-203,500000E-3	8,291326E-6
-203,300000E-3	8,275654E-6
-202,700000E-3	8,260013E-6
-202,100000E-3	8,246356E-6
-201,600000E-3	8,231826E-6
-201,300000E-3	8,215855E-6
-200,500000E-3	8,200477E-6
-200,100000E-3	8,185810E-6
-199,600000E-3	8,170663E-6
-199,000000E-3	8,156441E-6
-198,400000E-3	8,144997E-6
-198,100000E-3	8,128253E-6
-197,600000E-3	8,108955E-6
-197,000000E-3	8,089328E-6
-196,400000E-3	8,068202E-6
-195,800000E-3	8,050426E-6
-195,500000E-3	8,034399E-6
-194,700000E-3	8,019922E-6
-194,300000E-3	8,004496E-6
-193,800000E-3	7,986404E-6
-193,200000E-3	7,964474E-6
-192,700000E-3	7,945059E-6
-192,400000E-3	7,929460E-6
-191,700000E-3	7,914569E-6
-191,200000E-3	7,899158E-6
-190,600000E-3	7,885894E-6
-190,200000E-3	7,872581E-6
-189,500000E-3	7,855222E-6
-189,100000E-3	7,838084E-6
-188,600000E-3	7,822696E-6
-188,000000E-3	7,806929E-6
-187,400000E-3	7,789912E-6
-187,200000E-3	7,771232E-6
-186,600000E-3	7,754277E-6
-186,000000E-3	7,741645E-6
-185,400000E-3	7,732207E-6
-185,000000E-3	7,718554E-6
-184,300000E-3	7,701262E-6
-184,000000E-3	7,680824E-6
-183,400000E-3	7,660089E-6
-182,900000E-3	7,642123E-6
-182,300000E-3	7,625384E-6
-182,000000E-3	7,609653E-6
-181,300000E-3	7,594013E-6
-180,900000E-3	7,575961E-6
-180,300000E-3	7,557069E-6
-179,700000E-3	7,538334E-6
-179,100000E-3	7,522789E-6
-178,800000E-3	7,507342E-6
-178,200000E-3	7,492974E-6
-177,600000E-3	7,477058E-6
-177,100000E-3	7,457061E-6
-176,500000E-3	7,436988E-6
-176,200000E-3	7,417748E-6
-175,300000E-3	7,399858E-6
-175,000000E-3	7,383679E-6
-174,500000E-3	7,367985E-6
-173,900000E-3	7,350953E-6
-173,200000E-3	7,332848E-6
-172,700000E-3	7,312667E-6
-172,500000E-3	7,293234E-6
-171,900000E-3	7,275101E-6
-171,400000E-3	7,255477E-6
-171,100000E-3	7,232996E-6
-170,300000E-3	7,212916E-6
-169,600000E-3	7,198416E-6
-169,300000E-3	7,185866E-6
-168,700000E-3	7,173080E-6
-168,100000E-3	7,157782E-6
-167,900000E-3	7,139368E-6
-167,300000E-3	7,120740E-6
-166,500000E-3	7,102065E-6
-166,200000E-3	7,083815E-6
-165,900000E-3	7,065646E-6
-165,000000E-3	7,044322E-6
-164,700000E-3	7,021731E-6
-164,100000E-3	7,000905E-6
-163,600000E-3	6,981374E-6
-163,000000E-3	6,962588E-6
-162,700000E-3	6,943445E-6
-162,100000E-3	6,925292E-6
-161,500000E-3	6,904739E-6
-160,900000E-3	6,884117E-6
-160,300000E-3	6,866639E-6
-159,900000E-3	6,849328E-6
-159,200000E-3	6,832396E-6
-158,900000E-3	6,814491E-6
-158,400000E-3	6,795128E-6
-157,800000E-3	6,774516E-6
-157,200000E-3	6,753558E-6
-156,600000E-3	6,732788E-6
-156,100000E-3	6,710648E-6
-155,500000E-3	6,687549E-6
-155,200000E-3	6,666226E-6
-154,600000E-3	6,647743E-6
-154,000000E-3	6,624566E-6
-153,400000E-3	6,598924E-6
-152,900000E-3	6,574205E-6
-152,600000E-3	6,552452E-6
-152,000000E-3	6,532144E-6
-151,400000E-3	6,510850E-6
-151,000000E-3	6,486617E-6
-150,300000E-3	6,460924E-6
-150,000000E-3	6,437403E-6
-149,500000E-3	6,418769E-6
-148,800000E-3	6,400753E-6
-148,300000E-3	6,382863E-6
-148,000000E-3	6,362080E-6
-147,300000E-3	6,340517E-6
-146,800000E-3	6,320673E-6
-146,200000E-3	6,301226E-6
-145,700000E-3	6,280994E-6
-145,100000E-3	6,259466E-6
-144,800000E-3	6,234263E-6
-144,200000E-3	6,209810E-6
-143,600000E-3	6,183185E-6
-143,100000E-3	6,155617E-6
-142,500000E-3	6,129622E-6
-142,200000E-3	6,106142E-6
-141,700000E-3	6,082738E-6
-141,000000E-3	6,056410E-6
-140,400000E-3	6,032826E-6
-139,900000E-3	6,008822E-6
-139,300000E-3	5,982876E-6
-138,700000E-3	5,959493E-6
-138,200000E-3	5,937259E-6
-137,700000E-3	5,915019E-6
-137,000000E-3	5,892590E-6
-136,700000E-3	5,867381E-6
-136,100000E-3	5,840615E-6
-135,600000E-3	5,816599E-6
-135,000000E-3	5,791804E-6
-134,700000E-3	5,766655E-6
-134,100000E-3	5,743577E-6
-133,600000E-3	5,718381E-6
-133,300000E-3	5,690588E-6
-132,400000E-3	5,664969E-6
-132,100000E-3	5,641505E-6
-131,600000E-3	5,619779E-6
-131,000000E-3	5,597875E-6
-130,400000E-3	5,572359E-6
-130,100000E-3	5,545595E-6
-129,600000E-3	5,520775E-6
-129,000000E-3	5,496358E-6
-128,500000E-3	5,472868E-6
-128,200000E-3	5,451004E-6
-127,400000E-3	5,426727E-6
-127,000000E-3	5,398574E-6
-126,400000E-3	5,373650E-6
-125,800000E-3	5,352167E-6
-125,300000E-3	5,330911E-6
-125,000000E-3	5,305045E-6
-124,400000E-3	5,279624E-6
-123,800000E-3	5,253092E-6
-123,300000E-3	5,225343E-6
-123,000000E-3	5,196428E-6
-122,100000E-3	5,168170E-6
-121,800000E-3	5,140927E-6
-121,200000E-3	5,114031E-6
-120,700000E-3	5,088248E-6
-120,100000E-3	5,064504E-6
-119,800000E-3	5,039742E-6
-119,200000E-3	5,013834E-6
-118,700000E-3	4,986858E-6
-118,100000E-3	4,960073E-6
-117,800000E-3	4,929815E-6
-116,900000E-3	4,899552E-6
-116,600000E-3	4,869801E-6
-116,100000E-3	4,841770E-6
-115,500000E-3	4,812026E-6
-114,900000E-3	4,782361E-6
-114,700000E-3	4,751266E-6
-114,100000E-3	4,722096E-6
-113,500000E-3	4,696153E-6
-112,900000E-3	4,671285E-6
-112,500000E-3	4,643002E-6
-111,800000E-3	4,616937E-6
-111,500000E-3	4,590079E-6
-111,000000E-3	4,558822E-6
-110,200000E-3	4,527086E-6
-109,800000E-3	4,497055E-6
-109,200000E-3	4,470170E-6
-108,800000E-3	4,442257E-6
-108,400000E-3	4,414269E-6
-107,800000E-3	4,385564E-6
-107,200000E-3	4,359459E-6
-106,500000E-3	4,333395E-6
-106,100000E-3	4,305891E-6
-105,800000E-3	4,276999E-6
-105,100000E-3	4,246942E-6
-104,600000E-3	4,217340E-6
-104,000000E-3	4,187716E-6
-103,500000E-3	4,156199E-6
-102,900000E-3	4,125368E-6
-102,600000E-3	4,096638E-6
-102,000000E-3	4,069516E-6
-101,500000E-3	4,043235E-6
-100,900000E-3	4,017045E-6
-100,600000E-3	3,990156E-6
-99,800000E-3	3,961701E-6
-99,400000E-3	3,933156E-6
-98,800000E-3	3,903212E-6
-98,400000E-3	3,872337E-6
-97,700000E-3	3,841551E-6
-97,200000E-3	3,811075E-6
-96,500000E-3	3,782101E-6
-96,300000E-3	3,753844E-6
-95,700000E-3	3,725672E-6
-95,300000E-3	3,697592E-6
-94,700000E-3	3,668992E-6
-94,200000E-3	3,639245E-6
-93,700000E-3	3,609696E-6
-93,400000E-3	3,580425E-6
-92,500000E-3	3,549150E-6
-92,200000E-3	3,516528E-6
-91,600000E-3	3,482955E-6
-91,300000E-3	3,450007E-6
-90,600000E-3	3,418617E-6
-90,100000E-3	3,389678E-6
-89,400000E-3	3,362068E-6
-89,100000E-3	3,332233E-6
-88,500000E-3	3,299590E-6
-87,900000E-3	3,267401E-6
-87,300000E-3	3,239109E-6
-87,000000E-3	3,211967E-6
-86,500000E-3	3,183895E-6
-85,800000E-3	3,153069E-6
-85,200000E-3	3,122785E-6
-84,900000E-3	3,093365E-6
-84,300000E-3	3,064478E-6
-84,000000E-3	3,036111E-6
-83,400000E-3	3,007797E-6
-82,800000E-3	2,976985E-6
-82,200000E-3	2,943848E-6
-81,900000E-3	2,913040E-6
-81,300000E-3	2,884934E-6
-80,700000E-3	2,852704E-6
-80,100000E-3	2,820464E-6
-79,800000E-3	2,784819E-6
-79,200000E-3	2,750779E-6
-78,600000E-3	2,717348E-6
-78,000000E-3	2,682178E-6
-77,400000E-3	2,650812E-6
-77,000000E-3	2,620180E-6
-76,700000E-3	2,590163E-6
-76,000000E-3	2,559336E-6
-75,200000E-3	2,527028E-6
-74,900000E-3	2,492433E-6
-74,400000E-3	2,463120E-6
-74,100000E-3	2,436104E-6
-73,300000E-3	2,409724E-6
-72,900000E-3	2,378792E-6
-72,200000E-3	2,342813E-6
-72,000000E-3	2,307330E-6
-71,300000E-3	2,277760E-6
-70,700000E-3	2,251884E-6
-70,100000E-3	2,224311E-6
-69,900000E-3	2,194564E-6
-69,300000E-3	2,164625E-6
-68,600000E-3	2,132925E-6
-68,000000E-3	2,102160E-6
-67,700000E-3	2,072115E-6
-67,100000E-3	2,040587E-6
-66,800000E-3	2,007235E-6
-66,000000E-3	1,977292E-6
-65,600000E-3	1,947472E-6
-65,000000E-3	1,919504E-6
-64,700000E-3	1,893241E-6
-64,100000E-3	1,866927E-6
-63,500000E-3	1,837488E-6
-62,800000E-3	1,807363E-6
-62,600000E-3	1,774654E-6
-62,000000E-3	1,744877E-6
-61,400000E-3	1,716627E-6
-60,700000E-3	1,688453E-6
-60,400000E-3	1,661123E-6
-59,900000E-3	1,630878E-6
-59,400000E-3	1,599589E-6
-58,800000E-3	1,572306E-6
-58,300000E-3	1,546090E-6
-57,700000E-3	1,520041E-6
-57,400000E-3	1,492986E-6
-56,800000E-3	1,463137E-6
-56,200000E-3	1,433381E-6
-55,700000E-3	1,408181E-6
-55,300000E-3	1,383518E-6
-54,700000E-3	1,358450E-6
-54,100000E-3	1,327976E-6
-53,500000E-3	1,297696E-6
-53,200000E-3	1,266820E-6
-52,600000E-3	1,238594E-6
-52,000000E-3	1,214603E-6
-51,400000E-3	1,192252E-6
-51,100000E-3	1,168063E-6
-50,500000E-3	1,139887E-6
-50,200000E-3	1,109645E-6
-49,500000E-3	1,079654E-6
-48,700000E-3	1,054222E-6
-48,400000E-3	1,029856E-6
-47,800000E-3	1,007108E-6
-47,500000E-3	982,366745E-9
-46,900000E-3	956,498694E-9
-46,300000E-3	930,258064E-9
-45,700000E-3	908,343211E-9
-45,100000E-3	886,138658E-9
-44,800000E-3	861,580748E-9
-44,200000E-3	839,199411E-9
-43,600000E-3	816,859449E-9
-43,300000E-3	790,691124E-9
-42,700000E-3	764,629865E-9
-42,100000E-3	741,842349E-9
-41,400000E-3	721,833792E-9
-41,200000E-3	702,981288E-9
-40,500000E-3	683,322184E-9
-40,300000E-3	660,518435E-9
-39,600000E-3	634,434103E-9
-39,000000E-3	610,698978E-9
-38,500000E-3	590,612746E-9
-38,100000E-3	570,705993E-9
-37,500000E-3	549,183667E-9
-36,900000E-3	524,774838E-9
-36,300000E-3	502,727457E-9
-35,800000E-3	484,583305E-9
-35,500000E-3	468,529055E-9
-34,800000E-3	452,101636E-9
-34,200000E-3	435,670407E-9
-33,900000E-3	414,270503E-9
-33,300000E-3	391,672541E-9
-32,700000E-3	371,752649E-9
-32,400000E-3	352,636214E-9
-31,800000E-3	333,338760E-9
-31,200000E-3	315,167106E-9
-30,900000E-3	298,399386E-9
-30,300000E-3	283,805817E-9
-29,700000E-3	269,579445E-9
-29,100000E-3	253,963919E-9
-28,800000E-3	239,709146E-9
-28,200000E-3	226,600285E-9
-27,600000E-3	209,925818E-9
-27,000000E-3	192,145592E-9
-26,400000E-3	174,606356E-9
-26,100000E-3	159,355006E-9
-25,400000E-3	144,900601E-9
-25,000000E-3	131,853371E-9
-24,500000E-3	121,467651E-9
-23,900000E-3	109,331940E-9
-23,300000E-3	95,421498E-9
-23,000000E-3	83,656894E-9
-22,400000E-3	73,756867E-9
-21,800000E-3	63,812039E-9
-21,500000E-3	55,222451E-9
-20,900000E-3	47,928894E-9
-20,300000E-3	37,083571E-9
-19,700000E-3	22,056686E-9
-19,100000E-3	9,360006E-9
-18,800000E-3	-2,000908E-9
-18,200000E-3	-12,036832E-9
-17,700000E-3	-23,412133E-9
-17,000000E-3	-32,307231E-9
-16,300000E-3	-40,439364E-9
-16,000000E-3	-53,646074E-9
-15,500000E-3	-66,449542E-9
-15,000000E-3	-75,131129E-9
-14,300000E-3	-77,904400E-9
-14,000000E-3	-79,891279E-9
-13,400000E-3	-81,919230E-9
-13,000000E-3	-86,090045E-9
-12,400000E-3	-91,775467E-9
-11,800000E-3	-96,201748E-9
-11,200000E-3	-101,054406E-9
-10,900000E-3	-108,209816E-9
-10,300000E-3	-113,097292E-9
-9,700000E-3	-117,913672E-9
-9,100000E-3	-125,953891E-9
-8,600000E-3	-129,615057E-9
-8,000000E-3	-131,911283E-9
-7,700000E-3	-134,878430E-9
-7,000000E-3	-137,663157E-9
-6,400000E-3	-140,388174E-9
-5,800000E-3	-143,993000E-9
-5,500000E-3	-144,938363E-9
-4,900000E-3	-143,395762E-9
-4,500000E-3	-140,584783E-9
-3,700000E-3	-137,233561E-9
-3,400000E-3	-136,337188E-9
-2,700000E-3	-140,223800E-9
-2,400000E-3	-144,710290E-9
-1,800000E-3	-146,926011E-9
-1,100000E-3	-145,809283E-9
-500,000000E-6	-142,408072E-9
-200,000000E-6	-139,286875E-9
300,000000E-6	-135,523678E-9
1,000000E-3	-130,604939E-9
1,600000E-3	-125,393946E-9
1,900000E-3	-121,931525E-9
2,500000E-3	-119,950109E-9
3,100000E-3	-115,757522E-9
3,700000E-3	-111,290868E-9
4,000000E-3	-108,525921E-9
4,600000E-3	-106,373233E-9
5,100000E-3	-102,647046E-9
5,900000E-3	-96,816065E-9
6,100000E-3	-91,179559E-9
6,800000E-3	-84,739687E-9
7,000000E-3	-76,255580E-9
7,700000E-3	-70,274546E-9
8,400000E-3	-66,114817E-9
8,900000E-3	-61,861103E-9
9,500000E-3	-55,375087E-9
9,700000E-3	-44,936632E-9
10,400000E-3	-33,748464E-9
11,000000E-3	-24,203317E-9
11,600000E-3	-17,950189E-9
11,900000E-3	-12,084400E-9
12,600000E-3	-3,912213E-9
12,800000E-3	4,995598E-9
13,500000E-3	14,502089E-9
14,100000E-3	27,010209E-9
14,700000E-3	39,527887E-9
15,400000E-3	51,070135E-9
15,700000E-3	62,517554E-9
16,000000E-3	73,530198E-9
16,600000E-3	85,394229E-9
17,200000E-3	97,754296E-9
17,800000E-3	109,003529E-9
18,400000E-3	118,353127E-9
18,700000E-3	130,349066E-9
19,300000E-3	144,292546E-9
19,900000E-3	156,886971E-9
20,500000E-3	170,077481E-9
20,900000E-3	185,870844E-9
21,500000E-3	200,580242E-9
22,100000E-3	211,731969E-9
22,400000E-3	221,094266E-9
23,000000E-3	232,399725E-9
23,600000E-3	246,016554E-9
23,900000E-3	261,965160E-9
24,600000E-3	278,386911E-9
25,200000E-3	294,037727E-9
25,500000E-3	306,785897E-9
26,100000E-3	319,071448E-9
26,700000E-3	334,557980E-9
27,000000E-3	353,476886E-9
27,700000E-3	371,465146E-9
28,300000E-3	387,650271E-9
28,600000E-3	402,784393E-9
29,200000E-3	417,802324E-9
29,800000E-3	433,212758E-9
30,500000E-3	449,789823E-9
30,800000E-3	469,466405E-9
31,400000E-3	490,124074E-9
31,700000E-3	509,012743E-9
32,300000E-3	526,541678E-9
33,000000E-3	545,246530E-9
33,600000E-3	562,192561E-9
33,900000E-3	580,756766E-9
34,500000E-3	599,905140E-9
35,100000E-3	619,985603E-9
35,400000E-3	637,294347E-9
36,100000E-3	652,871885E-9
36,700000E-3	672,080664E-9
37,000000E-3	693,723720E-9
37,600000E-3	716,084541E-9
38,300000E-3	736,677173E-9
38,600000E-3	756,194732E-9
39,200000E-3	776,373953E-9
39,800000E-3	797,273046E-9
40,400000E-3	816,595314E-9
40,800000E-3	835,946841E-9
41,300000E-3	856,451859E-9
42,000000E-3	879,995965E-9
42,300000E-3	900,773085E-9
42,900000E-3	919,935236E-9
43,500000E-3	940,099647E-9
43,800000E-3	961,064812E-9
44,400000E-3	981,886459E-9
45,100000E-3	1,003957E-6
45,400000E-3	1,026580E-6
46,000000E-3	1,049762E-6
46,600000E-3	1,073918E-6
46,900000E-3	1,098078E-6
47,500000E-3	1,121959E-6
47,900000E-3	1,145598E-6
48,700000E-3	1,167926E-6
49,300000E-3	1,191286E-6
49,600000E-3	1,212435E-6
50,200000E-3	1,237546E-6
50,900000E-3	1,266892E-6
51,400000E-3	1,298066E-6
51,700000E-3	1,324838E-6
52,400000E-3	1,347455E-6
52,700000E-3	1,370613E-6
53,300000E-3	1,395127E-6
53,900000E-3	1,420829E-6
54,500000E-3	1,447987E-6
55,100000E-3	1,475773E-6
55,500000E-3	1,501842E-6
56,100000E-3	1,527887E-6
56,400000E-3	1,554034E-6
57,000000E-3	1,579178E-6
57,400000E-3	1,604789E-6
58,000000E-3	1,629610E-6
58,500000E-3	1,656036E-6
59,100000E-3	1,683960E-6
59,500000E-3	1,712301E-6
60,200000E-3	1,739465E-6
60,400000E-3	1,765300E-6
61,100000E-3	1,791901E-6
61,700000E-3	1,820545E-6
62,300000E-3	1,851374E-6
62,700000E-3	1,883417E-6
63,300000E-3	1,913165E-6
63,600000E-3	1,941840E-6
64,200000E-3	1,970150E-6
64,800000E-3	1,995674E-6
65,400000E-3	2,020009E-6
65,800000E-3	2,043344E-6
66,400000E-3	2,065609E-6
66,700000E-3	2,087030E-6
67,300000E-3	2,111354E-6
67,900000E-3	2,139615E-6
68,500000E-3	2,167384E-6
68,900000E-3	2,195437E-6
69,500000E-3	2,225283E-6
69,800000E-3	2,254891E-6
70,400000E-3	2,285228E-6
71,000000E-3	2,318317E-6
71,600000E-3	2,349491E-6
71,600000E-3	2,376621E-6
72,700000E-3	2,403473E-6
73,000000E-3	2,429466E-6
73,600000E-3	2,461351E-6
74,200000E-3	2,489171E-6
74,800000E-3	2,519874E-6
75,500000E-3	2,549645E-6
75,700000E-3	2,576553E-6
76,400000E-3	2,601971E-6
76,700000E-3	2,629997E-6
77,400000E-3	2,657558E-6
78,000000E-3	2,687576E-6
78,600000E-3	2,718904E-6
79,200000E-3	2,748190E-6
79,500000E-3	2,774956E-6
79,800000E-3	2,802937E-6
80,500000E-3	2,834618E-6
81,100000E-3	2,867557E-6
81,700000E-3	2,893390E-6
82,000000E-3	2,918984E-6
82,600000E-3	2,946296E-6
83,100000E-3	2,975297E-6
83,800000E-3	3,002024E-6
84,100000E-3	3,026479E-6
84,500000E-3	3,053265E-6
85,400000E-3	3,080805E-6
85,700000E-3	3,107590E-6
86,300000E-3	3,136049E-6
86,600000E-3	3,165878E-6
87,300000E-3	3,196272E-6
87,900000E-3	3,227170E-6
88,200000E-3	3,256398E-6
88,800000E-3	3,284837E-6
89,400000E-3	3,312888E-6
90,000000E-3	3,341835E-6
90,400000E-3	3,369227E-6
90,700000E-3	3,396970E-6
91,600000E-3	3,423725E-6
91,900000E-3	3,449434E-6
92,500000E-3	3,472999E-6
92,800000E-3	3,497252E-6
93,500000E-3	3,523261E-6
94,100000E-3	3,551476E-6
94,400000E-3	3,578564E-6
95,000000E-3	3,604801E-6
95,600000E-3	3,631551E-6
95,900000E-3	3,659821E-6
96,600000E-3	3,688850E-6
96,900000E-3	3,718108E-6
97,500000E-3	3,747583E-6
98,100000E-3	3,775415E-6
98,800000E-3	3,803010E-6
99,400000E-3	3,829826E-6
99,700000E-3	3,854808E-6
100,300000E-3	3,879572E-6
100,900000E-3	3,907776E-6
101,300000E-3	3,937818E-6
101,900000E-3	3,965602E-6
102,500000E-3	3,991519E-6
102,800000E-3	4,016641E-6
103,100000E-3	4,043028E-6
104,000000E-3	4,069708E-6
104,300000E-3	4,095147E-6
104,800000E-3	4,118343E-6
105,500000E-3	4,146047E-6
106,100000E-3	4,171502E-6
106,400000E-3	4,197022E-6
107,000000E-3	4,223246E-6
107,300000E-3	4,248862E-6
108,000000E-3	4,273390E-6
108,800000E-3	4,296081E-6
109,100000E-3	4,324914E-6
109,700000E-3	4,352468E-6
109,700000E-3	4,379713E-6
110,800000E-3	4,405878E-6
111,300000E-3	4,432079E-6
111,900000E-3	4,454878E-6
112,200000E-3	4,474412E-6
112,900000E-3	4,495994E-6
113,400000E-3	4,522053E-6
113,900000E-3	4,549346E-6
114,200000E-3	4,578472E-6
114,800000E-3	4,606052E-6
115,400000E-3	4,628330E-6
116,000000E-3	4,648791E-6
116,300000E-3	4,669609E-6
117,100000E-3	4,691644E-6
117,500000E-3	4,717586E-6
118,000000E-3	4,744793E-6
118,600000E-3	4,769859E-6
119,200000E-3	4,795682E-6
119,500000E-3	4,824548E-6
120,000000E-3	4,851360E-6
120,600000E-3	4,871554E-6
120,800000E-3	4,888366E-6
121,400000E-3	4,906559E-6
122,200000E-3	4,928136E-6
122,500000E-3	4,951183E-6
123,000000E-3	4,975154E-6
123,600000E-3	5,002399E-6
124,200000E-3	5,036419E-6
124,800000E-3	5,068672E-6
125,300000E-3	5,098676E-6
125,700000E-3	5,125450E-6
126,200000E-3	5,149720E-6
126,800000E-3	5,172572E-6
127,300000E-3	5,194163E-6
127,600000E-3	5,215067E-6
128,300000E-3	5,234135E-6
128,800000E-3	5,254662E-6
129,400000E-3	5,275747E-6
129,700000E-3	5,300506E-6
130,500000E-3	5,325791E-6
130,800000E-3	5,348189E-6
131,300000E-3	5,367168E-6
131,900000E-3	5,391077E-6
132,500000E-3	5,418785E-6
132,800000E-3	5,442226E-6
133,600000E-3	5,461042E-6
134,200000E-3	5,482088E-6
134,500000E-3	5,505846E-6
135,000000E-3	5,530238E-6
135,000000E-3	5,554375E-6
136,200000E-3	5,577638E-6
136,700000E-3	5,604401E-6
137,300000E-3	5,632168E-6
137,500000E-3	5,656969E-6
138,100000E-3	5,676964E-6
138,700000E-3	5,691905E-6
139,300000E-3	5,707065E-6
139,600000E-3	5,725357E-6
140,100000E-3	5,746530E-6
141,000000E-3	5,769713E-6
141,300000E-3	5,793193E-6
141,800000E-3	5,817790E-6
142,400000E-3	5,843893E-6
142,700000E-3	5,869439E-6
143,300000E-3	5,891788E-6
143,900000E-3	5,909931E-6
144,500000E-3	5,926363E-6
145,000000E-3	5,944967E-6
145,500000E-3	5,963996E-6
145,800000E-3	5,983368E-6
146,400000E-3	6,007083E-6
147,000000E-3	6,034207E-6
147,600000E-3	6,055898E-6
147,900000E-3	6,073327E-6
148,500000E-3	6,090550E-6
149,000000E-3	6,112808E-6
149,500000E-3	6,138488E-6
150,100000E-3	6,163387E-6
150,700000E-3	6,187279E-6
151,200000E-3	6,213384E-6
151,500000E-3	6,237821E-6
152,100000E-3	6,262150E-6
152,700000E-3	6,282234E-6
153,100000E-3	6,301927E-6
153,900000E-3	6,322361E-6
154,100000E-3	6,343631E-6
154,600000E-3	6,363718E-6
155,300000E-3	6,383002E-6
155,800000E-3	6,403620E-6
156,100000E-3	6,424728E-6
156,900000E-3	6,444683E-6
157,400000E-3	6,464062E-6
157,700000E-3	6,483576E-6
158,200000E-3	6,504206E-6
158,900000E-3	6,526124E-6
159,500000E-3	6,546801E-6
160,100000E-3	6,563836E-6
160,300000E-3	6,578622E-6
161,200000E-3	6,594514E-6
161,500000E-3	6,614103E-6
162,000000E-3	6,637150E-6
162,600000E-3	6,663660E-6
163,200000E-3	6,690842E-6
163,500000E-3	6,714550E-6
164,000000E-3	6,734521E-6
164,600000E-3	6,754816E-6
164,900000E-3	6,777354E-6
165,800000E-3	6,800902E-6
166,000000E-3	6,825667E-6
166,600000E-3	6,847902E-6
167,200000E-3	6,865639E-6
167,700000E-3	6,883342E-6
168,000000E-3	6,901611E-6
168,700000E-3	6,921470E-6
169,200000E-3	6,941977E-6
169,700000E-3	6,960434E-6
170,300000E-3	6,978356E-6
170,800000E-3	6,997893E-6
171,600000E-3	7,018119E-6
172,000000E-3	7,037656E-6
172,300000E-3	7,055796E-6
172,900000E-3	7,076284E-6
173,400000E-3	7,098549E-6
174,000000E-3	7,118900E-6
174,300000E-3	7,138443E-6
174,900000E-3	7,159233E-6
175,400000E-3	7,180126E-6
176,000000E-3	7,200861E-6
176,300000E-3	7,220512E-6
177,100000E-3	7,239840E-6
177,400000E-3	7,257217E-6
178,000000E-3	7,272650E-6
178,600000E-3	7,290068E-6
179,100000E-3	7,309638E-6
179,400000E-3	7,330886E-6
179,400000E-3	7,353361E-6
180,600000E-3	7,375235E-6
181,300000E-3	7,396018E-6
181,800000E-3	7,416142E-6
182,100000E-3	7,436016E-6
182,600000E-3	7,452346E-6
183,200000E-3	7,465330E-6
183,500000E-3	7,480342E-6
184,100000E-3	7,497732E-6
184,700000E-3	7,517437E-6
184,700000E-3	7,536461E-6
185,200000E-3	7,555179E-6
185,200000E-3	7,574772E-6
186,700000E-3	7,592103E-6
187,300000E-3	7,609144E-6
187,800000E-3	7,626239E-6
188,400000E-3	7,641075E-6
188,700000E-3	7,654468E-6
189,500000E-3	7,669238E-6
189,800000E-3	7,685711E-6
190,400000E-3	7,705620E-6
191,000000E-3	7,725313E-6
191,500000E-3	7,743404E-6
192,100000E-3	7,760603E-6
192,500000E-3	7,782030E-6
193,000000E-3	7,802839E-6
193,600000E-3	7,821582E-6
194,100000E-3	7,840322E-6
194,700000E-3	7,858381E-6
195,000000E-3	7,875660E-6
195,800000E-3	7,894579E-6
196,100000E-3	7,910159E-6
196,700000E-3	7,923933E-6
197,200000E-3	7,940784E-6
197,800000E-3	7,955751E-6
198,100000E-3	7,967539E-6
198,700000E-3	7,981401E-6
199,300000E-3	8,001844E-6
199,800000E-3	8,021740E-6
200,400000E-3	8,038122E-6
201,000000E-3	8,052735E-6
201,500000E-3	8,066850E-6
201,800000E-3	8,081674E-6
202,400000E-3	8,098113E-6
203,000000E-3	8,115106E-6
203,500000E-3	8,130774E-6
204,100000E-3	8,145080E-6
204,400000E-3	8,161196E-6
205,000000E-3	8,179578E-6
205,500000E-3	8,199323E-6
206,100000E-3	8,215006E-6
206,700000E-3	8,229212E-6
207,200000E-3	8,246154E-6
207,500000E-3	8,267204E-6
208,100000E-3	8,288769E-6
208,700000E-3	8,308243E-6
209,300000E-3	8,320469E-6
209,900000E-3	8,329433E-6
210,100000E-3	8,339268E-6
210,800000E-3	8,350883E-6
211,300000E-3	8,364319E-6
211,900000E-3	8,378958E-6
212,400000E-3	8,396524E-6
212,900000E-3	8,418652E-6
213,300000E-3	8,438387E-6
213,800000E-3	8,452937E-6
214,500000E-3	8,464836E-6
215,000000E-3	8,477953E-6
215,300000E-3	8,493136E-6
216,100000E-3	8,509419E-6
216,400000E-3	8,525075E-6
217,300000E-3	8,541232E-6
217,600000E-3	8,555258E-6
217,900000E-3	8,568955E-6
218,800000E-3	8,581312E-6
219,000000E-3	8,592720E-6
219,600000E-3	8,605559E-6
220,300000E-3	8,619948E-6
221,000000E-3	8,634423E-6
221,000000E-3	8,649204E-6
221,800000E-3	8,664548E-6
222,400000E-3	8,681785E-6
222,700000E-3	8,702199E-6
223,300000E-3	8,721315E-6
224,200000E-3	8,736507E-6
224,200000E-3	8,749402E-6
224,900000E-3	8,760545E-6
225,000000E-3	8,770916E-6
226,100000E-3	8,782033E-6
226,400000E-3	8,793528E-6
227,000000E-3	8,809520E-6
227,600000E-3	8,831712E-6
227,800000E-3	8,853728E-6
228,400000E-3	8,873608E-6
229,000000E-3	8,891685E-6
229,500000E-3	8,907542E-6
230,100000E-3	8,922393E-6
230,700000E-3	8,938115E-6
231,000000E-3	8,955023E-6
231,500000E-3	8,969468E-6
232,100000E-3	8,984066E-6
232,700000E-3	8,996866E-6
233,300000E-3	9,009114E-6
233,600000E-3	9,024252E-6
234,400000E-3	9,041993E-6
234,700000E-3	9,056470E-6
235,300000E-3	9,068099E-6
235,300000E-3	9,079268E-6
236,600000E-3	9,094315E-6
236,900000E-3	9,110172E-6
237,200000E-3	9,130084E-6
238,000000E-3	9,146682E-6
238,300000E-3	9,157645E-6
238,900000E-3	9,169400E-6
239,500000E-3	9,184011E-6
240,000000E-3	9,200581E-6
240,300000E-3	9,218630E-6
241,200000E-3	9,234921E-6
241,200000E-3	9,249386E-6
241,900000E-3	9,263742E-6
242,500000E-3	9,276277E-6
243,100000E-3	9,290686E-6
243,700000E-3	9,310598E-6
243,900000E-3	9,329177E-6
244,200000E-3	9,344246E-6
245,200000E-3	9,358432E-6
245,500000E-3	9,372092E-6
246,100000E-3	9,384125E-6
246,600000E-3	9,397241E-6
246,600000E-3	9,414151E-6
247,300000E-3	9,433330E-6
248,300000E-3	9,450221E-6
248,600000E-3	9,465122E-6
249,100000E-3	9,480141E-6
249,700000E-3	9,495982E-6
250,300000E-3	9,514990E-6
250,900000E-3	9,529567E-6
251,500000E-3	9,540879E-6
251,900000E-3	9,554231E-6
252,600000E-3	9,570837E-6
253,200000E-3	9,586595E-6
253,500000E-3	9,600520E-6
254,100000E-3	9,614882E-6
254,700000E-3	9,629854E-6
254,900000E-3	9,645542E-6
255,600000E-3	9,662069E-6
256,300000E-3	9,679546E-6
256,700000E-3	9,698048E-6
257,200000E-3	9,716034E-6
257,800000E-3	9,737983E-6
258,100000E-3	9,753647E-6
258,900000E-3	9,766739E-6
259,500000E-3	9,779828E-6
260,100000E-3	9,795221E-6
260,700000E-3	9,814116E-6
261,000000E-3	9,832857E-6
261,400000E-3	9,846966E-6
262,100000E-3	9,857109E-6
262,600000E-3	9,867830E-6
262,900000E-3	9,879501E-6
263,800000E-3	9,891657E-6
264,100000E-3	9,904825E-6
264,400000E-3	9,919821E-6
265,000000E-3	9,937392E-6
265,500000E-3	9,952549E-6
266,100000E-3	9,963866E-6
266,700000E-3	9,974606E-6
267,000000E-3	9,987904E-6
267,800000E-3	10,002258E-6
268,200000E-3	10,018592E-6
268,700000E-3	10,034651E-6
269,200000E-3	10,050596E-6
269,800000E-3	10,066594E-6
270,100000E-3	10,081349E-6
270,800000E-3	10,093070E-6
271,200000E-3	10,103045E-6
271,800000E-3	10,115216E-6
272,200000E-3	10,128115E-6
272,900000E-3	10,139717E-6
273,300000E-3	10,153332E-6
273,800000E-3	10,169615E-6
274,400000E-3	10,187864E-6
274,900000E-3	10,204374E-6
275,400000E-3	10,219570E-6
276,100000E-3	10,233160E-6
276,400000E-3	10,244311E-6
276,900000E-3	10,251846E-6
277,500000E-3	10,261503E-6
278,100000E-3	10,278631E-6
278,300000E-3	10,299182E-6
279,100000E-3	10,316818E-6
279,500000E-3	10,330570E-6
280,100000E-3	10,343575E-6
280,100000E-3	10,357861E-6
281,400000E-3	10,372590E-6
281,700000E-3	10,384568E-6
282,000000E-3	10,396792E-6
282,800000E-3	10,409240E-6
283,400000E-3	10,420163E-6
283,700000E-3	10,429562E-6
284,300000E-3	10,439976E-6
285,100000E-3	10,456098E-6
285,400000E-3	10,472305E-6
286,000000E-3	10,487040E-6
286,500000E-3	10,501325E-6
287,100000E-3	10,515523E-6
287,500000E-3	10,526952E-6
288,200000E-3	10,540153E-6
288,500000E-3	10,555020E-6
289,100000E-3	10,569551E-6
289,400000E-3	10,581364E-6
290,000000E-3	10,593557E-6
290,600000E-3	10,607520E-6
291,100000E-3	10,617726E-6
291,700000E-3	10,627091E-6
291,700000E-3	10,639015E-6
291,700000E-3	10,651352E-6
293,300000E-3	10,664288E-6
293,600000E-3	10,678834E-6
293,900000E-3	10,693757E-6
295,000000E-3	10,705952E-6
295,300000E-3	10,713858E-6
295,900000E-3	10,723616E-6
296,400000E-3	10,735213E-6
297,000000E-3	10,746995E-6
297,300000E-3	10,757456E-6
298,100000E-3	10,765508E-6
298,400000E-3	10,773355E-6
299,000000E-3	10,782418E-6
299,600000E-3	10,792894E-6
300,100000E-3	10,806163E-6
300,400000E-3	10,822058E-6
301,100000E-3	10,837265E-6
301,600000E-3	10,849393E-6
302,100000E-3	10,860001E-6
302,700000E-3	10,869030E-6
303,300000E-3	10,877072E-6
303,600000E-3	10,885890E-6
304,300000E-3	10,897144E-6
304,700000E-3	10,911714E-6
305,300000E-3	10,926932E-6
305,700000E-3	10,938257E-6
306,500000E-3	10,945801E-6
306,800000E-3	10,953208E-6
307,000000E-3	10,964235E-6
307,600000E-3	10,976852E-6
308,100000E-3	10,986296E-6
308,700000E-3	10,993966E-6
309,000000E-3	11,003982E-6
309,800000E-3	11,018534E-6
310,300000E-3	11,031356E-6
310,900000E-3	11,039129E-6
311,700000E-3	11,047073E-6
312,100000E-3	11,060339E-6
312,100000E-3	11,070895E-6
313,300000E-3	11,078874E-6
313,900000E-3	11,086658E-6
314,400000E-3	11,095903E-6
314,900000E-3	11,104968E-6
315,300000E-3	11,115497E-6
315,900000E-3	11,128997E-6
316,400000E-3	11,141641E-6
317,000000E-3	11,151734E-6
317,600000E-3	11,162524E-6
317,900000E-3	11,172938E-6
318,500000E-3	11,178644E-6
319,000000E-3	11,182231E-6
319,300000E-3	11,189946E-6
320,200000E-3	11,203004E-6
320,700000E-3	11,216419E-6
321,000000E-3	11,223064E-6
321,500000E-3	11,229769E-6
322,200000E-3	11,239473E-6
322,800000E-3	11,248577E-6
323,300000E-3	11,258026E-6
323,700000E-3	11,274094E-6
323,900000E-3	11,288993E-6
324,800000E-3	11,298480E-6
325,300000E-3	11,305626E-6
325,900000E-3	11,315274E-6
326,500000E-3	11,322384E-6
326,800000E-3	11,325184E-6
327,500000E-3	11,328808E-6
328,100000E-3	11,336203E-6
328,600000E-3	11,345929E-6
328,900000E-3	11,355818E-6
329,500000E-3	11,363701E-6
330,100000E-3	11,371763E-6
330,600000E-3	11,382225E-6
331,100000E-3	11,393955E-6
331,500000E-3	11,406695E-6
332,000000E-3	11,417758E-6
332,600000E-3	11,424928E-6
332,600000E-3	11,429163E-6
333,600000E-3	11,434172E-6
333,900000E-3	11,438741E-6
334,800000E-3	11,443844E-6
335,100000E-3	11,452856E-6
335,700000E-3	11,463991E-6
336,100000E-3	11,472928E-6
336,800000E-3	11,479291E-6
337,200000E-3	11,484831E-6
337,700000E-3	11,491387E-6
338,300000E-3	11,500245E-6
338,800000E-3	11,507959E-6
339,100000E-3	11,509417E-6
339,900000E-3	11,507365E-6
340,300000E-3	11,506980E-6
340,800000E-3	11,512027E-6
341,300000E-3	11,522747E-6
342,000000E-3	11,535533E-6
342,300000E-3	11,544173E-6
342,800000E-3	11,552811E-6
343,400000E-3	11,563527E-6
344,000000E-3	11,573082E-6
344,300000E-3	11,580824E-6
345,000000E-3	11,588035E-6
345,500000E-3	11,593952E-6
346,100000E-3	11,601487E-6
346,500000E-3	11,614304E-6
347,200000E-3	11,626174E-6
347,500000E-3	11,635965E-6
348,000000E-3	11,646704E-6
348,600000E-3	11,658146E-6
349,200000E-3	11,670553E-6
349,200000E-3	11,682652E-6
350,400000E-3	11,691404E-6
350,700000E-3	11,700849E-6
351,200000E-3	11,710518E-6
351,800000E-3	11,719948E-6
352,100000E-3	11,728864E-6
352,800000E-3	11,741578E-6
353,400000E-3	11,754250E-6
353,900000E-3	11,763464E-6
354,200000E-3	11,772220E-6
354,800000E-3	11,781500E-6
355,500000E-3	11,788708E-6
356,000000E-3	11,794556E-6
356,300000E-3	11,798975E-6
357,000000E-3	11,802209E-6
357,400000E-3	11,809245E-6
358,000000E-3	11,817581E-6
358,600000E-3	11,827414E-6
359,100000E-3	11,837797E-6
359,400000E-3	11,848638E-6
360,000000E-3	11,860355E-6
360,600000E-3	11,869780E-6
361,200000E-3	11,870273E-6
361,500000E-3	11,869803E-6
362,300000E-3	11,877690E-6
362,300000E-3	11,893839E-6
363,100000E-3	11,910043E-6
363,700000E-3	11,921912E-6
364,500000E-3	11,933526E-6
365,100000E-3	11,942454E-6
365,100000E-3	11,946400E-6
366,000000E-3	11,947433E-6
366,500000E-3	11,948536E-6
367,100000E-3	11,953175E-6
367,700000E-3	11,959506E-6
368,000000E-3	11,966578E-6
368,600000E-3	11,976202E-6
369,100000E-3	11,986314E-6
369,700000E-3	11,996661E-6
370,000000E-3	12,008608E-6
370,600000E-3	12,021972E-6
371,100000E-3	12,036532E-6
371,700000E-3	12,050806E-6
372,300000E-3	12,061391E-6
372,600000E-3	12,068132E-6
373,200000E-3	12,072907E-6
373,700000E-3	12,076709E-6
374,000000E-3	12,082136E-6
374,600000E-3	12,090328E-6
375,400000E-3	12,102119E-6
375,800000E-3	12,115027E-6
376,100000E-3	12,122236E-6
376,300000E-3	12,124984E-6
377,300000E-3	12,129960E-6
377,900000E-3	12,140794E-6
378,400000E-3	12,154604E-6
378,700000E-3	12,169024E-6
379,300000E-3	12,180871E-6
379,900000E-3	12,189697E-6
380,500000E-3	12,198674E-6
381,000000E-3	12,207927E-6
381,600000E-3	12,218020E-6
381,900000E-3	12,230707E-6
382,500000E-3	12,241613E-6
383,000000E-3	12,249505E-6
383,600000E-3	12,256535E-6
384,200000E-3	12,261421E-6
384,500000E-3	12,263930E-6
385,000000E-3	12,268092E-6
385,600000E-3	12,284556E-6
386,500000E-3	12,298178E-6
387,100000E-3	12,312196E-6
387,700000E-3	12,318640E-6
387,900000E-3	12,322949E-6
388,600000E-3	12,330179E-6
389,000000E-3	12,341523E-6
389,600000E-3	12,353947E-6
390,200000E-3	12,363146E-6
390,800000E-3	12,369165E-6
391,400000E-3	12,375175E-6
391,900000E-3	12,380563E-6
392,500000E-3	12,388082E-6
393,100000E-3	12,398746E-6
393,400000E-3	12,409469E-6
394,000000E-3	12,418434E-6
394,500000E-3	12,426506E-6
394,500000E-3	12,436771E-6
395,400000E-3	12,448639E-6
395,900000E-3	12,459959E-6
396,500000E-3	12,472008E-6
397,000000E-3	12,481762E-6
397,600000E-3	12,489424E-6
398,000000E-3	12,497167E-6
398,500000E-3	12,504843E-6
399,100000E-3	12,511831E-6
399,600000E-3	12,519506E-6
400,300000E-3	12,529086E-6
400,800000E-3	12,540002E-6
401,100000E-3	12,546879E-6
401,900000E-3	12,548725E-6
402,200000E-3	12,551632E-6
402,500000E-3	12,556311E-6
403,300000E-3	12,559212E-6
404,000000E-3	12,565930E-6
404,200000E-3	12,577786E-6
404,800000E-3	12,590395E-6
405,400000E-3	12,603226E-6
406,000000E-3	12,614204E-6
406,200000E-3	12,626206E-6
407,000000E-3	12,636967E-6
407,100000E-3	12,649849E-6
408,200000E-3	12,665597E-6
408,700000E-3	12,676765E-6
409,300000E-3	12,684208E-6
409,600000E-3	12,691484E-6
410,200000E-3	12,696313E-6
410,400000E-3	12,697940E-6
411,100000E-3	12,699636E-6
411,600000E-3	12,708018E-6
412,400000E-3	12,722287E-6
412,800000E-3	12,731027E-6
413,000000E-3	12,733082E-6
413,700000E-3	12,737035E-6
414,200000E-3	12,746610E-6
414,800000E-3	12,754525E-6
415,200000E-3	12,759435E-6
415,700000E-3	12,768249E-6
416,300000E-3	12,785716E-6
416,900000E-3	12,805300E-6
417,400000E-3	12,817622E-6
418,000000E-3	12,823183E-6
418,300000E-3	12,827941E-6
418,900000E-3	12,833853E-6
419,500000E-3	12,838506E-6
419,700000E-3	12,839633E-6
420,500000E-3	12,839208E-6
420,900000E-3	12,839863E-6
421,500000E-3	12,843665E-6
422,000000E-3	12,852540E-6
422,600000E-3	12,863373E-6
422,900000E-3	12,874632E-6
423,500000E-3	12,882429E-6
424,100000E-3	12,885353E-6
424,700000E-3	12,884909E-6
425,000000E-3	12,886199E-6
425,800000E-3	12,893187E-6
426,100000E-3	12,904518E-6
426,700000E-3	12,919075E-6
427,200000E-3	12,932140E-6
427,800000E-3	12,939942E-6
428,400000E-3	12,949151E-6
428,700000E-3	12,961148E-6
428,700000E-3	12,974586E-6
428,900000E-3	12,989545E-6
430,500000E-3	13,001061E-6
430,800000E-3	13,005674E-6
431,400000E-3	13,004858E-6
432,000000E-3	13,004606E-6
432,200000E-3	13,008142E-6
432,800000E-3	13,018025E-6
433,400000E-3	13,032273E-6
433,900000E-3	13,048074E-6
434,500000E-3	13,059660E-6
434,800000E-3	13,068303E-6
435,700000E-3	13,075361E-6
435,900000E-3	13,079885E-6
436,200000E-3	13,084832E-6
437,200000E-3	13,094112E-6
437,400000E-3	13,107432E-6
438,300000E-3	13,123019E-6
438,300000E-3	13,134214E-6
439,000000E-3	13,141311E-6
439,600000E-3	13,151258E-6
440,200000E-3	13,163143E-6
440,800000E-3	13,171476E-6
441,000000E-3	13,178612E-6
441,700000E-3	13,185934E-6
442,100000E-3	13,193732E-6
442,800000E-3	13,203936E-6
443,400000E-3	13,217089E-6
443,900000E-3	13,228257E-6
444,500000E-3	13,236234E-6
444,800000E-3	13,244557E-6
445,000000E-3	13,257099E-6
446,000000E-3	13,269045E-6
446,300000E-3	13,276605E-6
446,900000E-3	13,280609E-6
447,500000E-3	13,284287E-6
447,800000E-3	13,288795E-6
448,500000E-3	13,295994E-6
449,200000E-3	13,304943E-6
449,500000E-3	13,311434E-6
450,100000E-3	13,317048E-6
450,700000E-3	13,325429E-6
450,900000E-3	13,335052E-6
451,500000E-3	13,343029E-6
452,100000E-3	13,351900E-6
452,700000E-3	13,364205E-6
453,000000E-3	13,375854E-6
453,800000E-3	13,384852E-6
454,200000E-3	13,392724E-6
454,700000E-3	13,402178E-6
454,700000E-3	13,412159E-6
455,300000E-3	13,423219E-6
456,400000E-3	13,434543E-6
457,000000E-3	13,443354E-6
457,200000E-3	13,449369E-6
457,800000E-3	13,453879E-6
458,400000E-3	13,458176E-6
459,000000E-3	13,465023E-6
459,300000E-3	13,474681E-6
459,900000E-3	13,483560E-6
460,200000E-3	13,493698E-6
460,900000E-3	13,505681E-6
461,400000E-3	13,513329E-6
462,000000E-3	13,519147E-6
462,200000E-3	13,527421E-6
462,900000E-3	13,536655E-6
463,200000E-3	13,543876E-6
464,100000E-3	13,550653E-6
464,400000E-3	13,560363E-6
465,300000E-3	13,568490E-6
465,900000E-3	13,578724E-6
466,200000E-3	13,591429E-6
466,500000E-3	13,600809E-6
467,100000E-3	13,606199E-6
467,600000E-3	13,613967E-6
468,500000E-3	13,624555E-6
469,000000E-3	13,635846E-6
469,400000E-3	13,647928E-6
469,900000E-3	13,658551E-6
470,200000E-3	13,667291E-6
470,200000E-3	13,674066E-6
471,300000E-3	13,680859E-6
471,900000E-3	13,691059E-6
472,400000E-3	13,703952E-6
472,700000E-3	13,716324E-6
473,300000E-3	13,726530E-6
473,900000E-3	13,734561E-6
474,500000E-3	13,742477E-6
475,000000E-3	13,754398E-6
475,600000E-3	13,765551E-6
475,900000E-3	13,777227E-6
476,500000E-3	13,790096E-6
477,300000E-3	13,803075E-6
477,600000E-3	13,816423E-6
477,900000E-3	13,831990E-6
478,500000E-3	13,849288E-6
479,000000E-3	13,860066E-6
479,600000E-3	13,862076E-6
480,200000E-3	13,862744E-6
480,800000E-3	13,870399E-6
481,200000E-3	13,884835E-6
482,000000E-3	13,899020E-6
482,200000E-3	13,913096E-6
482,800000E-3	13,929544E-6
483,200000E-3	13,950211E-6
484,100000E-3	13,965825E-6
484,400000E-3	13,972576E-6
485,000000E-3	13,978478E-6
485,600000E-3	13,991018E-6
486,100000E-3	14,007317E-6
486,400000E-3	14,022202E-6
487,000000E-3	14,032043E-6
487,500000E-3	14,040279E-6
488,100000E-3	14,049393E-6
488,600000E-3	14,056407E-6
489,300000E-3	14,061964E-6
489,500000E-3	14,071276E-6
490,100000E-3	14,084047E-6
490,700000E-3	14,100971E-6
491,300000E-3	14,117040E-6
491,600000E-3	14,127615E-6
492,300000E-3	14,136956E-6
492,400000E-3	14,148306E-6
492,400000E-3	14,159610E-6
493,800000E-3	14,170709E-6
494,100000E-3	14,185347E-6
495,000000E-3	14,201193E-6
495,600000E-3	14,216657E-6
495,900000E-3	14,230212E-6
496,200000E-3	14,243125E-6
496,800000E-3	14,253274E-6
497,400000E-3	14,262982E-6
497,900000E-3	14,275457E-6
498,500000E-3	14,291463E-6
498,800000E-3	14,306199E-6
499,400000E-3	14,316825E-6
499,900000E-3	14,325872E-6
