-300,000000E-3	16,721026E-6
-300,000000E-3	16,764469E-6
-300,000000E-3	16,724652E-6
-300,000000E-3	16,736063E-6
-299,800000E-3	16,680158E-6
-299,800000E-3	16,689706E-6
-299,600000E-3	16,715275E-6
-299,200000E-3	16,733766E-6
-299,100000E-3	16,768087E-6
-298,900000E-3	16,780950E-6
-298,500000E-3	16,794765E-6
-298,200000E-3	16,747034E-6
-297,700000E-3	16,753430E-6
-297,200000E-3	16,820678E-6
-296,900000E-3	16,812269E-6
-296,600000E-3	16,838822E-6
-296,400000E-3	16,835872E-6
-295,800000E-3	16,874068E-6
-295,400000E-3	16,869246E-6
-294,900000E-3	16,893929E-6
-294,500000E-3	16,907524E-6
-294,300000E-3	17,032335E-6
-293,500000E-3	17,038833E-6
-293,000000E-3	16,980858E-6
-292,700000E-3	17,054265E-6
-292,000000E-3	17,043452E-6
-291,700000E-3	17,091823E-6
-291,000000E-3	17,081784E-6
-290,700000E-3	17,205277E-6
-290,000000E-3	17,268461E-6
-289,700000E-3	17,315064E-6
-289,300000E-3	17,366019E-6
-288,800000E-3	17,505683E-6
-288,400000E-3	17,606874E-6
-287,700000E-3	17,660491E-6
-287,400000E-3	17,780408E-6
-286,800000E-3	17,840169E-6
-286,400000E-3	17,894027E-6
-285,700000E-3	17,933404E-6
-285,400000E-3	18,032755E-6
-285,000000E-3	18,021089E-6
-284,300000E-3	18,014926E-6
-283,900000E-3	18,055567E-6
-283,200000E-3	18,086995E-6
-283,100000E-3	18,024485E-6
-282,600000E-3	17,963141E-6
-282,000000E-3	17,944860E-6
-281,300000E-3	17,835775E-6
-280,900000E-3	17,747161E-6
-280,500000E-3	17,620351E-6
-279,800000E-3	17,587959E-6
-279,500000E-3	17,533765E-6
-278,800000E-3	17,402546E-6
-278,500000E-3	17,255531E-6
-277,800000E-3	17,200313E-6
-277,400000E-3	17,114060E-6
-276,800000E-3	17,057142E-6
-276,400000E-3	16,944144E-6
-276,000000E-3	16,932943E-6
-275,300000E-3	16,873444E-6
-275,000000E-3	16,867361E-6
-274,300000E-3	16,779567E-6
-274,000000E-3	16,781316E-6
-273,300000E-3	16,645991E-6
-272,900000E-3	16,605361E-6
-272,600000E-3	16,619811E-6
-272,300000E-3	16,509827E-6
-271,600000E-3	16,505233E-6
-271,200000E-3	16,475346E-6
-270,600000E-3	16,378649E-6
-270,200000E-3	16,380662E-6
-269,900000E-3	16,374176E-6
-269,100000E-3	16,351617E-6
-268,800000E-3	16,278528E-6
-268,100000E-3	16,223365E-6
-267,400000E-3	16,226036E-6
-267,100000E-3	16,228300E-6
-266,700000E-3	16,270668E-6
-266,100000E-3	16,295561E-6
-265,400000E-3	16,378881E-6
-265,000000E-3	16,486589E-6
-264,500000E-3	16,571544E-6
-264,000000E-3	16,631487E-6
-263,700000E-3	16,671773E-6
-263,300000E-3	16,705652E-6
-262,600000E-3	16,731079E-6
-262,300000E-3	16,730181E-6
-261,600000E-3	16,731401E-6
-260,900000E-3	16,593373E-6
-260,600000E-3	16,540916E-6
-259,900000E-3	16,382835E-6
-259,500000E-3	16,349549E-6
-259,200000E-3	16,278720E-6
-258,400000E-3	16,245547E-6
-258,100000E-3	16,173901E-6
-257,400000E-3	16,116873E-6
-257,100000E-3	16,113612E-6
-256,400000E-3	16,147251E-6
-256,100000E-3	16,068975E-6
-255,400000E-3	16,066385E-6
-255,000000E-3	16,016093E-6
-254,600000E-3	15,901952E-6
-253,900000E-3	15,828788E-6
-253,500000E-3	15,806584E-6
-252,900000E-3	15,714428E-6
-252,500000E-3	15,684969E-6
-252,100000E-3	15,615602E-6
-251,800000E-3	15,570830E-6
-251,100000E-3	15,447549E-6
-250,800000E-3	15,451088E-6
-250,400000E-3	15,371090E-6
-249,700000E-3	15,386723E-6
-249,300000E-3	15,343623E-6
-248,600000E-3	15,337736E-6
-248,300000E-3	15,292049E-6
-248,000000E-3	15,316745E-6
-247,600000E-3	15,404587E-6
-246,900000E-3	15,368720E-6
-246,600000E-3	15,420702E-6
-245,900000E-3	15,325571E-6
-245,900000E-3	15,271452E-6
-245,100000E-3	15,276307E-6
-244,800000E-3	15,193883E-6
-244,100000E-3	15,145129E-6
-243,800000E-3	15,001795E-6
-243,100000E-3	14,872472E-6
-242,400000E-3	14,828497E-6
-242,100000E-3	14,789345E-6
-241,600000E-3	14,724375E-6
-241,000000E-3	14,743274E-6
-240,600000E-3	14,690509E-6
-239,900000E-3	14,750789E-6
-239,500000E-3	14,771775E-6
-239,200000E-3	14,683713E-6
-238,500000E-3	14,689312E-6
-238,300000E-3	14,700167E-6
-237,800000E-3	14,664765E-6
-237,100000E-3	14,678191E-6
-236,700000E-3	14,623578E-6
-236,000000E-3	14,562647E-6
-235,600000E-3	14,597304E-6
-235,200000E-3	14,614455E-6
-234,500000E-3	14,603179E-6
-234,100000E-3	14,559467E-6
-233,400000E-3	14,492563E-6
-233,000000E-3	14,367593E-6
-232,700000E-3	14,293759E-6
-232,000000E-3	14,310810E-6
-231,600000E-3	14,285729E-6
-231,100000E-3	14,234015E-6
-230,500000E-3	14,234862E-6
-230,200000E-3	14,206593E-6
-229,500000E-3	14,145674E-6
-229,100000E-3	14,095845E-6
-228,700000E-3	14,079416E-6
-228,100000E-3	13,966999E-6
-227,600000E-3	13,892768E-6
-227,100000E-3	13,798196E-6
-226,600000E-3	13,659364E-6
-226,200000E-3	13,532781E-6
-225,500000E-3	13,438024E-6
-225,100000E-3	13,352686E-6
-224,700000E-3	13,258529E-6
-224,000000E-3	13,160007E-6
-223,600000E-3	13,040165E-6
-223,100000E-3	12,883854E-6
-222,500000E-3	12,718506E-6
-222,200000E-3	12,568435E-6
-221,500000E-3	12,376993E-6
-221,200000E-3	12,279790E-6
-220,800000E-3	12,259563E-6
-220,100000E-3	12,193861E-6
-219,700000E-3	12,227518E-6
-219,300000E-3	12,193399E-6
-219,000000E-3	12,205848E-6
-218,400000E-3	12,211265E-6
-217,900000E-3	12,228714E-6
-217,500000E-3	12,267129E-6
-216,800000E-3	12,309792E-6
-216,800000E-3	12,337866E-6
-216,000000E-3	12,388792E-6
-215,700000E-3	12,443426E-6
-215,300000E-3	12,520554E-6
-215,000000E-3	12,564068E-6
-214,400000E-3	12,564548E-6
-214,200000E-3	12,580486E-6
-213,900000E-3	12,601564E-6
-213,500000E-3	12,563003E-6
-212,800000E-3	12,595550E-6
-212,500000E-3	12,548484E-6
-212,100000E-3	12,556260E-6
-211,400000E-3	12,503517E-6
-211,200000E-3	12,447515E-6
-210,700000E-3	12,499464E-6
-210,300000E-3	12,415573E-6
-209,900000E-3	12,535031E-6
-209,600000E-3	12,589159E-6
-208,800000E-3	12,568778E-6
-208,500000E-3	12,558049E-6
-208,100000E-3	12,478859E-6
-207,200000E-3	12,315552E-6
-206,600000E-3	12,222935E-6
-206,300000E-3	12,173462E-6
-205,600000E-3	12,159986E-6
-205,200000E-3	12,165375E-6
-204,800000E-3	12,163893E-6
-204,100000E-3	12,236745E-6
-203,800000E-3	12,335057E-6
-203,200000E-3	12,345590E-6
-202,700000E-3	12,394291E-6
-202,400000E-3	12,460167E-6
-201,600000E-3	12,516753E-6
-201,300000E-3	12,632174E-6
-200,900000E-3	12,747926E-6
-200,200000E-3	12,791248E-6
-199,700000E-3	12,932194E-6
-199,400000E-3	13,032918E-6
-198,700000E-3	13,176622E-6
-198,400000E-3	13,280726E-6
-197,600000E-3	13,461517E-6
-197,600000E-3	13,503234E-6
-196,900000E-3	13,687389E-6
-196,200000E-3	13,848144E-6
-195,800000E-3	14,109202E-6
-195,400000E-3	14,258099E-6
-194,700000E-3	14,409731E-6
-194,400000E-3	14,537513E-6
-193,700000E-3	14,649433E-6
-193,300000E-3	14,782497E-6
-192,900000E-3	14,894054E-6
-192,200000E-3	14,968828E-6
-191,700000E-3	15,017958E-6
-191,400000E-3	14,989732E-6
-190,700000E-3	15,027244E-6
-190,300000E-3	14,980052E-6
-189,800000E-3	14,936552E-6
-189,300000E-3	14,928377E-6
-188,900000E-3	14,973441E-6
-188,200000E-3	14,969720E-6
-187,800000E-3	14,945635E-6
-187,500000E-3	14,950246E-6
-187,100000E-3	14,873257E-6
-186,700000E-3	14,864303E-6
-186,000000E-3	14,845298E-6
-185,300000E-3	14,804026E-6
-184,900000E-3	14,867185E-6
-184,200000E-3	15,023509E-6
-183,800000E-3	15,020200E-6
-183,500000E-3	15,069289E-6
-182,700000E-3	15,190327E-6
-182,400000E-3	15,221594E-6
-181,900000E-3	15,319074E-6
-181,300000E-3	15,383290E-6
-181,000000E-3	15,456418E-6
-180,300000E-3	15,518725E-6
-179,900000E-3	15,505833E-6
-179,500000E-3	15,516597E-6
-178,800000E-3	15,508192E-6
-178,400000E-3	15,486198E-6
-178,000000E-3	15,461215E-6
-177,300000E-3	15,534484E-6
-176,900000E-3	15,609790E-6
-176,200000E-3	15,702324E-6
-175,800000E-3	15,751646E-6
-175,500000E-3	15,749697E-6
-174,700000E-3	15,797307E-6
-174,400000E-3	15,835974E-6
-174,100000E-3	15,899907E-6
-173,400000E-3	15,987884E-6
-173,000000E-3	16,168137E-6
-172,300000E-3	16,200834E-6
-171,900000E-3	16,370782E-6
-171,600000E-3	16,417268E-6
-170,800000E-3	16,529537E-6
-170,500000E-3	16,565120E-6
-169,900000E-3	16,621773E-6
-169,400000E-3	16,689504E-6
-169,000000E-3	16,788175E-6
-168,300000E-3	16,915074E-6
-167,900000E-3	17,002661E-6
-167,500000E-3	17,053561E-6
-166,800000E-3	16,990156E-6
-166,500000E-3	16,956728E-6
-166,100000E-3	17,030988E-6
-165,800000E-3	16,960370E-6
-165,100000E-3	17,031757E-6
-164,700000E-3	17,054805E-6
-164,300000E-3	17,099862E-6
-163,900000E-3	17,174280E-6
-163,600000E-3	17,220806E-6
-163,200000E-3	17,349919E-6
-162,500000E-3	17,573164E-6
-161,900000E-3	17,900334E-6
-161,400000E-3	18,074012E-6
-161,000000E-3	18,197383E-6
-160,300000E-3	18,270081E-6
-159,900000E-3	18,395734E-6
-159,600000E-3	18,392625E-6
-158,800000E-3	18,347052E-6
-158,500000E-3	18,226002E-6
-158,100000E-3	18,028826E-6
-157,500000E-3	17,819981E-6
-157,000000E-3	17,591015E-6
-156,400000E-3	17,320318E-6
-156,000000E-3	17,091625E-6
-155,600000E-3	16,865750E-6
-154,800000E-3	16,624851E-6
-154,500000E-3	16,458291E-6
-154,100000E-3	16,354797E-6
-153,400000E-3	16,292990E-6
-153,000000E-3	16,309924E-6
-152,700000E-3	16,364969E-6
-152,000000E-3	16,380565E-6
-151,600000E-3	16,398744E-6
-151,000000E-3	16,396418E-6
-150,500000E-3	16,427841E-6
-150,100000E-3	16,435514E-6
-149,400000E-3	16,494072E-6
-149,000000E-3	16,503209E-6
-148,700000E-3	16,496826E-6
-147,900000E-3	16,471933E-6
-147,600000E-3	16,471975E-6
-147,100000E-3	16,554264E-6
-146,500000E-3	16,565913E-6
-146,100000E-3	16,662345E-6
-145,400000E-3	16,742792E-6
-145,000000E-3	16,638204E-6
-144,700000E-3	16,570590E-6
-143,900000E-3	16,564494E-6
-143,600000E-3	16,624584E-6
-143,100000E-3	16,750655E-6
-142,500000E-3	16,872559E-6
-142,100000E-3	16,990582E-6
-141,400000E-3	16,978894E-6
-141,000000E-3	17,059416E-6
-140,700000E-3	17,061869E-6
-140,000000E-3	16,909181E-6
-139,600000E-3	16,806281E-6
-139,200000E-3	16,721635E-6
-138,500000E-3	16,568132E-6
-138,200000E-3	16,451432E-6
-137,400000E-3	16,317596E-6
-137,000000E-3	16,170431E-6
-136,700000E-3	16,058221E-6
-135,900000E-3	16,099199E-6
-135,600000E-3	16,037924E-6
-135,200000E-3	16,017979E-6
-134,400000E-3	16,237986E-6
-134,100000E-3	16,483136E-6
-133,700000E-3	16,610664E-6
-132,900000E-3	16,665908E-6
-132,600000E-3	16,618514E-6
-132,200000E-3	16,496736E-6
-131,400000E-3	16,417703E-6
-131,100000E-3	16,418756E-6
-130,700000E-3	16,487250E-6
-130,000000E-3	16,427176E-6
-129,600000E-3	16,384058E-6
-129,300000E-3	16,304068E-6
-128,600000E-3	16,106660E-6
-128,200000E-3	15,883307E-6
-127,800000E-3	15,702491E-6
-127,500000E-3	15,494678E-6
-127,100000E-3	15,422095E-6
-126,800000E-3	15,322556E-6
-126,100000E-3	15,154511E-6
-125,700000E-3	15,086793E-6
-125,300000E-3	14,908982E-6
-124,900000E-3	14,762943E-6
-124,600000E-3	14,476344E-6
-124,200000E-3	14,387428E-6
-123,800000E-3	14,230039E-6
-123,100000E-3	14,110480E-6
-123,100000E-3	13,986980E-6
-122,700000E-3	13,809687E-6
-122,300000E-3	13,652980E-6
-121,600000E-3	13,671522E-6
-121,200000E-3	13,658049E-6
-120,800000E-3	13,700990E-6
-120,100000E-3	13,812933E-6
-119,700000E-3	14,069004E-6
-119,300000E-3	14,194730E-6
-118,600000E-3	14,349104E-6
-118,200000E-3	14,438667E-6
-117,800000E-3	14,591526E-6
-117,100000E-3	14,766829E-6
-116,700000E-3	14,868737E-6
-116,300000E-3	14,900595E-6
-115,600000E-3	14,958498E-6
-115,200000E-3	15,028996E-6
-114,800000E-3	15,103643E-6
-114,100000E-3	14,852721E-6
-113,700000E-3	14,571644E-6
-113,300000E-3	14,286181E-6
-112,600000E-3	14,087234E-6
-112,200000E-3	13,960495E-6
-111,900000E-3	13,750135E-6
-111,100000E-3	13,527373E-6
-110,700000E-3	13,413180E-6
-110,400000E-3	13,209720E-6
-109,600000E-3	12,956094E-6
-109,200000E-3	12,781033E-6
-108,900000E-3	12,710015E-6
-108,100000E-3	12,853492E-6
-107,700000E-3	12,960593E-6
-107,400000E-3	12,911378E-6
-106,700000E-3	12,758284E-6
-106,300000E-3	12,553887E-6
-105,900000E-3	12,270733E-6
-105,200000E-3	12,138086E-6
-104,700000E-3	12,064166E-6
-104,400000E-3	12,150615E-6
-103,700000E-3	12,191731E-6
-103,300000E-3	12,213939E-6
-102,900000E-3	12,075532E-6
-102,100000E-3	11,838526E-6
-101,800000E-3	11,487871E-6
-101,400000E-3	11,202637E-6
-100,700000E-3	11,181391E-6
-100,300000E-3	11,305412E-6
-99,900000E-3	11,396534E-6
-99,200000E-3	11,450602E-6
-98,800000E-3	11,374237E-6
-98,400000E-3	11,145848E-6
-98,000000E-3	11,026644E-6
-97,700000E-3	10,968834E-6
-97,300000E-3	10,985198E-6
-96,900000E-3	10,947784E-6
-96,200000E-3	10,758175E-6
-95,800000E-3	10,631288E-6
-95,400000E-3	10,648697E-6
-94,700000E-3	10,598732E-6
-94,400000E-3	10,497335E-6
-93,900000E-3	10,400366E-6
-93,200000E-3	10,236147E-6
-92,900000E-3	10,135438E-6
-92,500000E-3	9,936032E-6
-91,700000E-3	9,787124E-6
-91,400000E-3	9,699000E-6
-91,000000E-3	9,703724E-6
-90,300000E-3	9,951468E-6
-89,900000E-3	10,148906E-6
-89,500000E-3	10,324334E-6
-88,800000E-3	10,415303E-6
-88,400000E-3	10,511122E-6
-88,000000E-3	10,446794E-6
-87,300000E-3	10,271011E-6
-86,900000E-3	10,143560E-6
-86,500000E-3	10,078472E-6
-85,800000E-3	10,042370E-6
-85,400000E-3	10,126506E-6
-85,000000E-3	10,227494E-6
-84,300000E-3	10,148994E-6
-83,900000E-3	9,928610E-6
-83,200000E-3	9,660085E-6
-82,800000E-3	9,195898E-6
-82,000000E-3	8,660896E-6
-81,700000E-3	8,304003E-6
-81,300000E-3	8,171984E-6
-80,500000E-3	8,000509E-6
-80,200000E-3	7,838409E-6
-79,800000E-3	7,557389E-6
-79,100000E-3	7,089145E-6
-78,700000E-3	6,732003E-6
-78,300000E-3	6,434596E-6
-77,600000E-3	6,161385E-6
-77,200000E-3	6,006277E-6
-76,800000E-3	6,064471E-6
-76,400000E-3	6,140032E-6
-76,100000E-3	6,390330E-6
-75,300000E-3	6,689242E-6
-75,000000E-3	6,921539E-6
-74,600000E-3	6,969608E-6
-74,200000E-3	6,971832E-6
-73,800000E-3	6,973397E-6
-73,100000E-3	7,014119E-6
-72,700000E-3	6,811578E-6
-72,300000E-3	6,494460E-6
-71,600000E-3	6,278613E-6
-71,200000E-3	6,247469E-6
-70,900000E-3	6,293528E-6
-70,100000E-3	6,247044E-6
-69,700000E-3	6,161824E-6
-69,300000E-3	6,078186E-6
-68,600000E-3	6,015705E-6
-68,200000E-3	5,936535E-6
-67,900000E-3	5,946124E-6
-67,100000E-3	5,925759E-6
-66,700000E-3	6,063128E-6
-66,400000E-3	6,206382E-6
-65,600000E-3	6,329269E-6
-65,200000E-3	6,325480E-6
-64,900000E-3	6,417392E-6
-64,200000E-3	6,371191E-6
-63,700000E-3	6,232299E-6
-63,400000E-3	6,198728E-6
-62,600000E-3	6,401362E-6
-62,200000E-3	6,610275E-6
-61,900000E-3	6,560826E-6
-61,100000E-3	6,470718E-6
-60,700000E-3	6,200500E-6
-60,400000E-3	5,871771E-6
-59,700000E-3	5,448874E-6
-59,200000E-3	5,024087E-6
-58,900000E-3	4,693837E-6
-58,200000E-3	4,676976E-6
-57,700000E-3	4,605591E-6
-57,400000E-3	4,555454E-6
-56,700000E-3	4,460518E-6
-56,300000E-3	4,205391E-6
-55,900000E-3	4,065884E-6
-55,200000E-3	3,818761E-6
-54,800000E-3	3,619909E-6
-54,400000E-3	3,421046E-6
-54,400000E-3	3,186187E-6
-53,700000E-3	2,842891E-6
-53,300000E-3	2,847508E-6
-52,900000E-3	2,804773E-6
-52,200000E-3	2,702728E-6
-51,800000E-3	2,684312E-6
-51,400000E-3	2,768302E-6
-51,000000E-3	2,974608E-6
-50,700000E-3	3,121543E-6
-49,900000E-3	3,012469E-6
-49,900000E-3	2,847158E-6
-49,200000E-3	2,534830E-6
-48,800000E-3	2,100703E-6
-48,400000E-3	1,779628E-6
-47,700000E-3	1,477285E-6
-47,300000E-3	1,096179E-6
-46,900000E-3	654,366336E-9
-46,200000E-3	518,074942E-9
-45,900000E-3	319,480837E-9
-45,400000E-3	110,059724E-9
-44,700000E-3	76,004850E-9
-44,400000E-3	107,786619E-9
-44,000000E-3	311,850496E-9
-43,500000E-3	313,288551E-9
-43,200000E-3	322,965062E-9
-42,500000E-3	215,211556E-9
-42,100000E-3	59,709361E-9
-41,400000E-3	-105,701711E-9
-41,000000E-3	-367,492467E-9
-40,600000E-3	-509,204156E-9
-40,200000E-3	-719,124165E-9
-39,900000E-3	-753,921457E-9
-39,500000E-3	-941,116385E-9
-38,800000E-3	-950,737889E-9
-38,400000E-3	-1,082697E-6
-38,000000E-3	-1,271530E-6
-37,300000E-3	-1,293065E-6
-36,900000E-3	-1,513836E-6
-36,500000E-3	-1,811850E-6
-35,800000E-3	-2,124371E-6
-35,400000E-3	-2,267478E-6
-35,000000E-3	-2,511073E-6
-34,300000E-3	-2,838133E-6
-33,900000E-3	-3,054179E-6
-33,500000E-3	-3,430100E-6
-32,800000E-3	-3,844379E-6
-32,400000E-3	-3,982657E-6
-32,000000E-3	-4,133211E-6
-31,300000E-3	-4,185602E-6
-30,900000E-3	-4,221754E-6
-30,500000E-3	-4,349583E-6
-29,800000E-3	-4,549089E-6
-29,400000E-3	-4,780166E-6
-29,000000E-3	-5,072577E-6
-28,300000E-3	-5,324687E-6
-27,900000E-3	-5,425814E-6
-27,500000E-3	-5,340786E-6
-26,800000E-3	-5,250450E-6
-26,400000E-3	-5,330814E-6
-26,000000E-3	-5,455796E-6
-25,300000E-3	-5,527853E-6
-24,900000E-3	-5,549264E-6
-24,500000E-3	-5,609136E-6
-23,800000E-3	-5,658638E-6
-23,400000E-3	-5,744384E-6
-23,000000E-3	-5,774987E-6
-22,400000E-3	-5,886309E-6
-22,000000E-3	-5,955883E-6
-21,600000E-3	-6,340677E-6
-20,800000E-3	-6,439657E-6
-20,500000E-3	-6,449520E-6
-20,100000E-3	-6,563862E-6
-19,300000E-3	-6,590248E-6
-19,000000E-3	-6,564022E-6
-18,600000E-3	-6,576891E-6
-17,800000E-3	-6,632137E-6
-17,500000E-3	-6,666604E-6
-17,100000E-3	-6,866919E-6
-16,400000E-3	-6,904097E-6
-16,000000E-3	-6,796519E-6
-15,700000E-3	-6,546421E-6
-14,900000E-3	-6,511348E-6
-14,500000E-3	-6,577978E-6
-14,200000E-3	-6,683942E-6
-13,400000E-3	-6,706949E-6
-13,000000E-3	-6,490960E-6
-12,700000E-3	-6,297779E-6
-11,900000E-3	-6,239675E-6
-11,500000E-3	-6,301834E-6
-11,200000E-3	-6,458204E-6
-10,500000E-3	-6,535926E-6
-10,100000E-3	-6,604826E-6
-9,400000E-3	-6,517966E-6
-9,000000E-3	-6,496248E-6
-8,600000E-3	-6,353393E-6
-7,900000E-3	-6,262347E-6
-7,500000E-3	-6,188658E-6
-7,200000E-3	-6,224036E-6
-6,400000E-3	-6,412563E-6
-6,100000E-3	-6,547441E-6
-5,700000E-3	-6,549921E-6
-4,900000E-3	-6,256654E-6
-4,600000E-3	-6,094044E-6
-4,200000E-3	-5,875144E-6
-3,400000E-3	-5,674245E-6
-3,400000E-3	-5,552380E-6
-2,600000E-3	-5,500515E-6
-2,200000E-3	-5,472660E-6
-1,900000E-3	-5,229805E-6
-1,100000E-3	-5,187612E-6
-700,000000E-6	-5,323272E-6
-300,000000E-6	-5,286550E-6
400,000000E-6	-5,245148E-6
800,000000E-6	-5,339628E-6
1,600000E-3	-5,512265E-6
1,900000E-3	-5,601253E-6
2,700000E-3	-5,704014E-6
3,100000E-3	-5,636386E-6
3,400000E-3	-5,488070E-6
4,200000E-3	-5,387248E-6
4,600000E-3	-5,479833E-6
4,900000E-3	-5,397483E-6
5,700000E-3	-5,296510E-6
5,700000E-3	-5,188411E-6
6,400000E-3	-4,974764E-6
6,800000E-3	-4,697175E-6
7,200000E-3	-4,576141E-6
7,900000E-3	-4,637350E-6
8,700000E-3	-4,652797E-6
9,100000E-3	-4,800821E-6
9,400000E-3	-4,754639E-6
10,100000E-3	-4,784462E-6
10,500000E-3	-4,705581E-6
11,100000E-3	-4,748730E-6
11,500000E-3	-4,793383E-6
12,200000E-3	-4,805249E-6
12,500000E-3	-4,774995E-6
13,100000E-3	-4,744911E-6
13,600000E-3	-4,625809E-6
13,900000E-3	-4,449442E-6
14,600000E-3	-4,281666E-6
15,000000E-3	-4,169326E-6
15,600000E-3	-4,262012E-6
16,000000E-3	-4,157760E-6
16,500000E-3	-3,984053E-6
17,000000E-3	-3,816447E-6
17,400000E-3	-3,797788E-6
17,700000E-3	-3,722615E-6
18,000000E-3	-3,728242E-6
18,400000E-3	-3,688483E-6
19,100000E-3	-3,606508E-6
19,400000E-3	-3,584255E-6
20,100000E-3	-3,527034E-6
20,100000E-3	-3,465958E-6
20,800000E-3	-3,405081E-6
21,500000E-3	-3,330309E-6
21,800000E-3	-3,222290E-6
22,500000E-3	-3,050779E-6
22,800000E-3	-3,064327E-6
23,600000E-3	-2,916620E-6
23,900000E-3	-2,790485E-6
24,600000E-3	-2,650121E-6
24,900000E-3	-2,369004E-6
25,500000E-3	-2,182429E-6
25,900000E-3	-2,053173E-6
26,600000E-3	-1,879865E-6
27,000000E-3	-1,760344E-6
27,300000E-3	-1,681977E-6
28,000000E-3	-1,558240E-6
28,400000E-3	-1,550312E-6
29,000000E-3	-1,607155E-6
29,300000E-3	-1,716741E-6
30,000000E-3	-1,770833E-6
30,400000E-3	-1,709013E-6
31,100000E-3	-1,492365E-6
31,400000E-3	-1,416051E-6
32,100000E-3	-1,392971E-6
32,500000E-3	-1,391343E-6
32,900000E-3	-1,336730E-6
33,500000E-3	-1,136997E-6
33,800000E-3	-1,131416E-6
34,500000E-3	-1,138502E-6
34,800000E-3	-953,784446E-9
35,600000E-3	-739,042112E-9
35,800000E-3	-638,905846E-9
36,500000E-3	-761,961881E-9
36,900000E-3	-989,104530E-9
37,500000E-3	-1,123298E-6
37,900000E-3	-937,884353E-9
38,400000E-3	-433,587235E-9
39,000000E-3	-233,190643E-9
39,300000E-3	32,193657E-9
39,900000E-3	260,898154E-9
40,300000E-3	528,076188E-9
41,000000E-3	741,887859E-9
41,300000E-3	864,401559E-9
42,000000E-3	909,992775E-9
42,400000E-3	904,051135E-9
42,800000E-3	971,165102E-9
43,400000E-3	982,786960E-9
43,800000E-3	1,094520E-6
44,400000E-3	1,189539E-6
44,800000E-3	1,338723E-6
45,500000E-3	1,479869E-6
45,700000E-3	1,587988E-6
46,200000E-3	1,720381E-6
46,500000E-3	1,779767E-6
46,800000E-3	1,818273E-6
47,200000E-3	1,853267E-6
47,500000E-3	2,092097E-6
48,200000E-3	2,393438E-6
48,400000E-3	2,563366E-6
48,900000E-3	2,661437E-6
49,300000E-3	2,725648E-6
49,600000E-3	2,966924E-6
50,200000E-3	3,223664E-6
50,600000E-3	3,472776E-6
51,100000E-3	3,666402E-6
51,600000E-3	3,853711E-6
52,000000E-3	4,000254E-6
52,300000E-3	4,028223E-6
53,000000E-3	4,128835E-6
53,300000E-3	4,277905E-6
53,700000E-3	4,442935E-6
54,400000E-3	4,655844E-6
54,600000E-3	4,782301E-6
54,600000E-3	4,803502E-6
54,600000E-3	4,810663E-6
55,700000E-3	4,774360E-6
56,000000E-3	4,717201E-6
56,400000E-3	4,743983E-6
56,700000E-3	4,767504E-6
57,000000E-3	4,810601E-6
57,400000E-3	4,813362E-6
57,400000E-3	4,807515E-6
57,800000E-3	4,812015E-6
58,000000E-3	4,899820E-6
58,400000E-3	4,989029E-6
59,100000E-3	5,199003E-6
59,500000E-3	5,259035E-6
59,700000E-3	5,302713E-6
60,400000E-3	5,398220E-6
60,800000E-3	5,434488E-6
61,200000E-3	5,485744E-6
61,800000E-3	5,626772E-6
62,200000E-3	5,775566E-6
62,900000E-3	5,876138E-6
63,200000E-3	5,988228E-6
63,900000E-3	6,164660E-6
64,200000E-3	6,500868E-6
64,900000E-3	6,704865E-6
65,300000E-3	6,849301E-6
65,800000E-3	7,050526E-6
66,300000E-3	7,181382E-6
66,600000E-3	7,242478E-6
67,300000E-3	7,185214E-6
67,600000E-3	7,119457E-6
68,400000E-3	7,203204E-6
68,700000E-3	7,262466E-6
69,400000E-3	7,172991E-6
69,700000E-3	7,058393E-6
70,400000E-3	7,022557E-6
70,700000E-3	6,959486E-6
71,200000E-3	7,180416E-6
71,800000E-3	7,460733E-6
72,100000E-3	7,600701E-6
72,500000E-3	7,749325E-6
73,000000E-3	7,949482E-6
73,500000E-3	8,009713E-6
74,200000E-3	8,310374E-6
74,800000E-3	8,488972E-6
75,200000E-3	8,620799E-6
75,500000E-3	8,725119E-6
76,300000E-3	8,586940E-6
76,600000E-3	8,312672E-6
77,300000E-3	8,211215E-6
77,600000E-3	8,290966E-6
78,300000E-3	8,342348E-6
78,600000E-3	8,266574E-6
79,300000E-3	8,296708E-6
79,700000E-3	8,480574E-6
80,400000E-3	8,801161E-6
80,700000E-3	9,056733E-6
81,000000E-3	9,284209E-6
81,700000E-3	9,364190E-6
82,000000E-3	9,453682E-6
82,700000E-3	9,521100E-6
83,100000E-3	9,663295E-6
83,800000E-3	9,767947E-6
84,100000E-3	9,934839E-6
84,800000E-3	10,045723E-6
85,100000E-3	10,120727E-6
85,800000E-3	10,034215E-6
86,200000E-3	10,007218E-6
86,700000E-3	9,972955E-6
87,200000E-3	9,929086E-6
87,500000E-3	9,824081E-6
88,200000E-3	9,727977E-6
88,500000E-3	9,656416E-6
89,200000E-3	9,646434E-6
89,500000E-3	9,729206E-6
90,200000E-3	9,715187E-6
90,600000E-3	9,740435E-6
91,300000E-3	9,758864E-6
91,600000E-3	9,808399E-6
92,100000E-3	9,986704E-6
92,600000E-3	10,178752E-6
93,000000E-3	10,356866E-6
93,300000E-3	10,466370E-6
94,000000E-3	10,507163E-6
94,400000E-3	10,355452E-6
94,800000E-3	10,276884E-6
95,700000E-3	10,367143E-6
96,000000E-3	10,479340E-6
96,700000E-3	10,585608E-6
97,100000E-3	10,668898E-6
97,400000E-3	10,720722E-6
98,100000E-3	10,791039E-6
98,500000E-3	10,889765E-6
99,200000E-3	10,989844E-6
99,400000E-3	11,069456E-6
100,100000E-3	11,053192E-6
100,300000E-3	11,083687E-6
100,500000E-3	11,107812E-6
101,200000E-3	11,264881E-6
101,500000E-3	11,572579E-6
102,200000E-3	11,816412E-6
102,600000E-3	11,917265E-6
102,900000E-3	12,130128E-6
103,600000E-3	12,128810E-6
103,900000E-3	12,156781E-6
104,600000E-3	12,186700E-6
105,000000E-3	12,179264E-6
105,700000E-3	12,230106E-6
106,000000E-3	12,253978E-6
106,300000E-3	12,218840E-6
106,700000E-3	12,222671E-6
107,000000E-3	12,135737E-6
107,600000E-3	12,032680E-6
108,100000E-3	12,103946E-6
108,400000E-3	12,170964E-6
108,700000E-3	12,161813E-6
109,000000E-3	12,132195E-6
109,400000E-3	12,053407E-6
109,400000E-3	11,996120E-6
110,100000E-3	11,867288E-6
110,500000E-3	11,783680E-6
110,800000E-3	11,660519E-6
111,200000E-3	11,583136E-6
111,500000E-3	11,371511E-6
112,100000E-3	11,408149E-6
112,500000E-3	11,442753E-6
112,800000E-3	11,523715E-6
113,500000E-3	11,743654E-6
113,900000E-3	11,904853E-6
114,200000E-3	11,953156E-6
114,900000E-3	11,877000E-6
115,600000E-3	11,810323E-6
116,000000E-3	11,917383E-6
116,600000E-3	12,041551E-6
116,900000E-3	12,233174E-6
116,900000E-3	12,400785E-6
117,400000E-3	12,509858E-6
117,800000E-3	12,592181E-6
118,100000E-3	12,650957E-6
118,500000E-3	12,714643E-6
118,500000E-3	12,780340E-6
118,800000E-3	12,985386E-6
119,500000E-3	13,154830E-6
119,500000E-3	13,189674E-6
119,900000E-3	13,230561E-6
120,200000E-3	13,263091E-6
120,200000E-3	13,336434E-6
120,500000E-3	13,344086E-6
120,900000E-3	13,387396E-6
121,200000E-3	13,470079E-6
121,200000E-3	13,555342E-6
121,600000E-3	13,546801E-6
121,900000E-3	13,608195E-6
122,200000E-3	13,604023E-6
122,200000E-3	13,620704E-6
122,900000E-3	13,662355E-6
123,100000E-3	13,712665E-6
123,300000E-3	13,730764E-6
123,900000E-3	13,777676E-6
123,900000E-3	13,786771E-6
124,200000E-3	13,882142E-6
124,600000E-3	13,945603E-6
124,900000E-3	14,042473E-6
124,900000E-3	14,116238E-6
125,600000E-3	14,204251E-6
125,800000E-3	14,302208E-6
126,000000E-3	14,368955E-6
126,700000E-3	14,574037E-6
126,700000E-3	14,662127E-6
127,300000E-3	14,764968E-6
127,700000E-3	14,847729E-6
127,700000E-3	14,827965E-6
128,000000E-3	14,846083E-6
128,300000E-3	14,833488E-6
128,500000E-3	14,849770E-6
128,700000E-3	14,822877E-6
129,000000E-3	14,780116E-6
129,400000E-3	14,809851E-6
129,400000E-3	14,703187E-6
129,700000E-3	14,561115E-6
130,100000E-3	14,494851E-6
130,400000E-3	14,385734E-6
130,400000E-3	14,365196E-6
130,800000E-3	14,331893E-6
131,200000E-3	14,306022E-6
131,200000E-3	14,312705E-6
131,400000E-3	14,304169E-6
132,100000E-3	14,251451E-6
132,100000E-3	14,234051E-6
132,400000E-3	14,228917E-6
133,100000E-3	14,298573E-6
133,100000E-3	14,292377E-6
133,500000E-3	14,284846E-6
134,000000E-3	14,286494E-6
134,200000E-3	14,262367E-6
134,500000E-3	14,176504E-6
134,800000E-3	14,103188E-6
135,200000E-3	14,029342E-6
135,500000E-3	13,976561E-6
135,700000E-3	13,968451E-6
135,900000E-3	13,946223E-6
136,200000E-3	13,895862E-6
136,600000E-3	13,839500E-6
136,700000E-3	13,802272E-6
136,900000E-3	13,763656E-6
137,300000E-3	13,799955E-6
137,600000E-3	13,811391E-6
138,400000E-3	13,910671E-6
138,700000E-3	14,038876E-6
139,300000E-3	14,048677E-6
139,700000E-3	14,044982E-6
140,400000E-3	13,962260E-6
140,700000E-3	13,886878E-6
141,400000E-3	13,840401E-6
141,800000E-3	13,797444E-6
142,200000E-3	13,752326E-6
142,500000E-3	13,770227E-6
143,200000E-3	13,779990E-6
143,500000E-3	13,792007E-6
144,200000E-3	13,774743E-6
144,900000E-3	13,629221E-6
145,200000E-3	13,520127E-6
145,900000E-3	13,374715E-6
146,300000E-3	13,313860E-6
146,800000E-3	13,287101E-6
147,400000E-3	13,239455E-6
147,600000E-3	13,121236E-6
148,300000E-3	13,056527E-6
148,600000E-3	13,057102E-6
149,000000E-3	12,964136E-6
149,700000E-3	12,968718E-6
150,400000E-3	12,899262E-6
150,500000E-3	12,871563E-6
151,400000E-3	12,786551E-6
151,700000E-3	12,820450E-6
152,200000E-3	12,848725E-6
152,800000E-3	12,924724E-6
153,100000E-3	12,950632E-6
153,800000E-3	13,010083E-6
154,100000E-3	13,066759E-6
154,800000E-3	13,078287E-6
155,100000E-3	12,999725E-6
155,900000E-3	12,876867E-6
156,200000E-3	12,793835E-6
156,900000E-3	12,729936E-6
157,200000E-3	12,720282E-6
157,700000E-3	12,664217E-6
157,900000E-3	12,631664E-6
158,500000E-3	12,534446E-6
158,900000E-3	12,415759E-6
159,400000E-3	12,225693E-6
160,300000E-3	12,135339E-6
160,700000E-3	12,086857E-6
161,400000E-3	11,997388E-6
161,600000E-3	12,052503E-6
162,200000E-3	12,042908E-6
162,700000E-3	12,174774E-6
163,000000E-3	12,194252E-6
163,700000E-3	12,246916E-6
164,000000E-3	12,244646E-6
164,300000E-3	12,305235E-6
164,300000E-3	12,336091E-6
165,200000E-3	12,398076E-6
165,900000E-3	12,358435E-6
165,900000E-3	12,348882E-6
166,300000E-3	12,343856E-6
166,600000E-3	12,341668E-6
167,000000E-3	12,320835E-6
167,300000E-3	12,320928E-6
167,600000E-3	12,214431E-6
167,900000E-3	12,253640E-6
168,300000E-3	12,182199E-6
168,600000E-3	12,060651E-6
169,000000E-3	12,087313E-6
169,400000E-3	12,002641E-6
169,400000E-3	12,025271E-6
169,700000E-3	12,097550E-6
170,000000E-3	12,174615E-6
170,400000E-3	12,281974E-6
170,400000E-3	12,304004E-6
170,700000E-3	12,347059E-6
171,100000E-3	12,405096E-6
171,200000E-3	12,509209E-6
171,800000E-3	12,587394E-6
172,100000E-3	12,652309E-6
172,100000E-3	12,745883E-6
172,800000E-3	12,842475E-6
172,900000E-3	12,868006E-6
173,100000E-3	12,837420E-6
173,500000E-3	12,928203E-6
173,800000E-3	12,837880E-6
174,200000E-3	12,838919E-6
174,500000E-3	12,826003E-6
174,900000E-3	12,808066E-6
174,900000E-3	12,848427E-6
175,500000E-3	12,855062E-6
175,800000E-3	12,859250E-6
175,800000E-3	12,879968E-6
176,200000E-3	12,936641E-6
176,600000E-3	13,030646E-6
176,700000E-3	13,162794E-6
177,300000E-3	13,301705E-6
177,500000E-3	13,456845E-6
177,500000E-3	13,557485E-6
177,900000E-3	13,697624E-6
178,300000E-3	13,803971E-6
178,600000E-3	13,927100E-6
179,000000E-3	14,024705E-6
179,300000E-3	14,095033E-6
179,300000E-3	14,128833E-6
180,000000E-3	14,268750E-6
180,200000E-3	14,364206E-6
180,700000E-3	14,420833E-6
181,000000E-3	14,506675E-6
181,000000E-3	14,589065E-6
181,400000E-3	14,700808E-6
181,700000E-3	14,756491E-6
182,000000E-3	14,845224E-6
182,000000E-3	14,947358E-6
182,800000E-3	15,058721E-6
183,100000E-3	15,142414E-6
183,100000E-3	15,187781E-6
183,100000E-3	15,291222E-6
183,400000E-3	15,263219E-6
183,800000E-3	15,290675E-6
184,100000E-3	15,266550E-6
184,500000E-3	15,267888E-6
184,600000E-3	15,237408E-6
185,200000E-3	15,149785E-6
185,500000E-3	15,165984E-6
185,500000E-3	15,147090E-6
186,200000E-3	15,154586E-6
186,600000E-3	15,141434E-6
186,600000E-3	15,155020E-6
186,900000E-3	15,163530E-6
187,300000E-3	15,205172E-6
187,600000E-3	15,240470E-6
187,900000E-3	15,265803E-6
188,200000E-3	15,281251E-6
188,400000E-3	15,288609E-6
188,600000E-3	15,253569E-6
188,900000E-3	15,281222E-6
189,300000E-3	15,236872E-6
189,300000E-3	15,214077E-6
189,600000E-3	15,215023E-6
190,300000E-3	15,223947E-6
190,300000E-3	15,236204E-6
190,700000E-3	15,240589E-6
191,000000E-3	15,301740E-6
191,200000E-3	15,326524E-6
191,600000E-3	15,326601E-6
192,000000E-3	15,328496E-6
192,000000E-3	15,302284E-6
192,300000E-3	15,327536E-6
192,700000E-3	15,306525E-6
193,100000E-3	15,334277E-6
193,400000E-3	15,333903E-6
193,800000E-3	15,350859E-6
193,800000E-3	15,393425E-6
194,100000E-3	15,337378E-6
194,400000E-3	15,330665E-6
194,800000E-3	15,293305E-6
194,800000E-3	15,227309E-6
195,400000E-3	15,231794E-6
195,800000E-3	15,195687E-6
195,800000E-3	15,173714E-6
196,100000E-3	15,112151E-6
196,500000E-3	15,108727E-6
196,800000E-3	15,063481E-6
197,100000E-3	14,930703E-6
197,500000E-3	14,903583E-6
197,500000E-3	14,781527E-6
197,900000E-3	14,709621E-6
198,200000E-3	14,661514E-6
198,300000E-3	14,613143E-6
198,500000E-3	14,596033E-6
198,900000E-3	14,493480E-6
199,200000E-3	14,477305E-6
199,200000E-3	14,476654E-6
199,600000E-3	14,353488E-6
199,900000E-3	14,265330E-6
200,200000E-3	14,231923E-6
200,200000E-3	14,068009E-6
200,600000E-3	13,993662E-6
201,000000E-3	13,933333E-6
201,000000E-3	13,842425E-6
201,300000E-3	13,799872E-6
201,700000E-3	13,725375E-6
202,000000E-3	13,690545E-6
202,000000E-3	13,577576E-6
202,400000E-3	13,513253E-6
203,000000E-3	13,471435E-6
203,000000E-3	13,407001E-6
203,000000E-3	13,391235E-6
203,700000E-3	13,372425E-6
203,800000E-3	13,380968E-6
204,000000E-3	13,375678E-6
204,700000E-3	13,348952E-6
204,700000E-3	13,362662E-6
205,100000E-3	13,245450E-6
205,500000E-3	13,220818E-6
205,700000E-3	13,151377E-6
206,100000E-3	13,135984E-6
206,500000E-3	13,090365E-6
206,500000E-3	13,097542E-6
206,800000E-3	13,032582E-6
207,100000E-3	13,002840E-6
207,500000E-3	12,945238E-6
207,500000E-3	12,942790E-6
207,800000E-3	12,843680E-6
208,200000E-3	12,818812E-6
208,500000E-3	12,744653E-6
208,900000E-3	12,730657E-6
209,200000E-3	12,683612E-6
209,300000E-3	12,753063E-6
209,500000E-3	12,695150E-6
209,900000E-3	12,724613E-6
210,200000E-3	12,705099E-6
210,500000E-3	12,742419E-6
210,800000E-3	12,762839E-6
211,200000E-3	12,741262E-6
211,600000E-3	12,765647E-6
211,900000E-3	12,814255E-6
212,100000E-3	12,798363E-6
212,300000E-3	12,844678E-6
212,500000E-3	12,885539E-6
213,100000E-3	12,972808E-6
213,200000E-3	12,938058E-6
213,200000E-3	12,908599E-6
214,100000E-3	12,901759E-6
214,800000E-3	12,908180E-6
214,800000E-3	12,921117E-6
214,800000E-3	12,958777E-6
215,500000E-3	13,004384E-6
216,100000E-3	13,011697E-6
216,100000E-3	13,014121E-6
216,500000E-3	13,003911E-6
216,900000E-3	13,011370E-6
217,200000E-3	13,001226E-6
217,600000E-3	12,932219E-6
217,900000E-3	12,931434E-6
217,900000E-3	12,901666E-6
218,300000E-3	12,880880E-6
218,600000E-3	12,911140E-6
218,900000E-3	12,919375E-6
219,300000E-3	12,959802E-6
219,300000E-3	12,999156E-6
219,300000E-3	13,044157E-6
220,000000E-3	13,038826E-6
220,700000E-3	13,144570E-6
221,100000E-3	13,107790E-6
221,800000E-3	13,131623E-6
222,100000E-3	13,132393E-6
222,600000E-3	13,157607E-6
223,100000E-3	13,169564E-6
223,500000E-3	13,263140E-6
224,200000E-3	13,255912E-6
224,200000E-3	13,302726E-6
224,200000E-3	13,335313E-6
225,200000E-3	13,419568E-6
225,600000E-3	13,495569E-6
226,200000E-3	13,532110E-6
226,500000E-3	13,591684E-6
227,300000E-3	13,612899E-6
227,500000E-3	13,643701E-6
227,600000E-3	13,626665E-6
228,300000E-3	13,661818E-6
228,600000E-3	13,714564E-6
228,900000E-3	13,732346E-6
229,300000E-3	13,703648E-6
229,600000E-3	13,827150E-6
230,100000E-3	13,815642E-6
230,700000E-3	13,869380E-6
231,000000E-3	13,888748E-6
231,400000E-3	13,968032E-6
231,800000E-3	13,985388E-6
232,400000E-3	14,029663E-6
232,700000E-3	14,070637E-6
233,400000E-3	14,187243E-6
233,700000E-3	14,205860E-6
233,700000E-3	14,251163E-6
234,100000E-3	14,298290E-6
234,800000E-3	14,384142E-6
235,100000E-3	14,446476E-6
235,600000E-3	14,524590E-6
236,200000E-3	14,636321E-6
236,400000E-3	14,619445E-6
237,100000E-3	14,787548E-6
237,500000E-3	14,809686E-6
237,800000E-3	14,876055E-6
237,800000E-3	14,956978E-6
237,800000E-3	14,986475E-6
238,600000E-3	15,016193E-6
239,300000E-3	15,108692E-6
239,300000E-3	15,108946E-6
239,700000E-3	15,116987E-6
240,300000E-3	15,099384E-6
240,300000E-3	15,117396E-6
240,300000E-3	15,153875E-6
241,200000E-3	15,151882E-6
241,900000E-3	15,191375E-6
242,200000E-3	15,156835E-6
242,900000E-3	15,124306E-6
243,200000E-3	15,044026E-6
243,600000E-3	15,030268E-6
244,300000E-3	14,985271E-6
245,000000E-3	14,967946E-6
245,400000E-3	14,876906E-6
246,100000E-3	14,832890E-6
246,400000E-3	14,783466E-6
247,100000E-3	14,812151E-6
247,400000E-3	14,859454E-6
247,700000E-3	14,906721E-6
248,100000E-3	14,954036E-6
248,800000E-3	14,974656E-6
249,100000E-3	15,080186E-6
249,900000E-3	15,200407E-6
250,500000E-3	15,346992E-6
250,900000E-3	15,425887E-6
251,600000E-3	15,396268E-6
251,900000E-3	15,493011E-6
252,600000E-3	15,601916E-6
253,000000E-3	15,692724E-6
253,700000E-3	15,757942E-6
253,700000E-3	15,771096E-6
254,300000E-3	15,837958E-6
254,600000E-3	15,903832E-6
255,400000E-3	15,979278E-6
255,800000E-3	15,944200E-6
256,500000E-3	15,993695E-6
257,000000E-3	15,932201E-6
257,600000E-3	15,945381E-6
257,900000E-3	15,945664E-6
258,200000E-3	15,934275E-6
258,900000E-3	15,960598E-6
258,900000E-3	15,945045E-6
259,600000E-3	15,910567E-6
259,900000E-3	15,909637E-6
260,700000E-3	15,885678E-6
260,700000E-3	15,850308E-6
261,400000E-3	15,852385E-6
262,100000E-3	15,904561E-6
262,400000E-3	15,911599E-6
263,000000E-3	15,965967E-6
263,400000E-3	16,030223E-6
264,000000E-3	16,037722E-6
264,400000E-3	16,080506E-6
265,100000E-3	16,099231E-6
265,500000E-3	16,128577E-6
266,000000E-3	16,120922E-6
266,100000E-3	16,139922E-6
267,000000E-3	16,179379E-6
267,500000E-3	16,185124E-6
267,800000E-3	16,231404E-6
268,600000E-3	16,263997E-6
268,900000E-3	16,278287E-6
269,600000E-3	16,327936E-6
269,900000E-3	16,378928E-6
270,300000E-3	16,425490E-6
270,900000E-3	16,514696E-6
271,600000E-3	16,579910E-6
272,000000E-3	16,551265E-6
272,000000E-3	16,585548E-6
272,800000E-3	16,625979E-6
273,100000E-3	16,647663E-6
273,400000E-3	16,749304E-6
273,700000E-3	16,751428E-6
274,100000E-3	16,773499E-6
274,500000E-3	16,834955E-6
274,500000E-3	16,800001E-6
275,200000E-3	16,847913E-6
275,200000E-3	16,871909E-6
275,800000E-3	16,887668E-6
276,200000E-3	16,888391E-6
276,900000E-3	16,890828E-6
277,600000E-3	16,940789E-6
277,700000E-3	16,956758E-6
277,900000E-3	17,005954E-6
278,300000E-3	17,000601E-6
278,600000E-3	17,044535E-6
279,000000E-3	17,023184E-6
279,600000E-3	17,016467E-6
280,000000E-3	17,040659E-6
280,700000E-3	16,957939E-6
281,000000E-3	16,972948E-6
281,400000E-3	16,926788E-6
281,700000E-3	16,870777E-6
282,100000E-3	16,832846E-6
282,400000E-3	16,806925E-6
282,800000E-3	16,791952E-6
283,100000E-3	16,733874E-6
283,500000E-3	16,710616E-6
284,100000E-3	16,638172E-6
284,100000E-3	16,656695E-6
284,500000E-3	16,590996E-6
284,800000E-3	16,560447E-6
285,200000E-3	16,520492E-6
285,800000E-3	16,485900E-6
285,800000E-3	16,425201E-6
286,600000E-3	16,400046E-6
286,900000E-3	16,345041E-6
287,600000E-3	16,333689E-6
287,900000E-3	16,276186E-6
288,500000E-3	16,273245E-6
288,600000E-3	16,256109E-6
289,400000E-3	16,239122E-6
290,000000E-3	16,226073E-6
290,400000E-3	16,288696E-6
291,100000E-3	16,308128E-6
291,300000E-3	16,329450E-6
291,800000E-3	16,357201E-6
292,100000E-3	16,411577E-6
292,400000E-3	16,390378E-6
292,800000E-3	16,440545E-6
293,000000E-3	16,445250E-6
293,500000E-3	16,478331E-6
293,800000E-3	16,498664E-6
293,800000E-3	16,448075E-6
294,100000E-3	16,459520E-6
294,500000E-3	16,462242E-6
294,800000E-3	16,489184E-6
295,200000E-3	16,439755E-6
295,500000E-3	16,455291E-6
295,800000E-3	16,435082E-6
295,800000E-3	16,412775E-6
296,500000E-3	16,411414E-6
296,500000E-3	16,413126E-6
297,200000E-3	16,359441E-6
297,600000E-3	16,308702E-6
298,300000E-3	16,357044E-6
298,300000E-3	16,331439E-6
299,000000E-3	16,283782E-6
299,100000E-3	16,213161E-6
299,300000E-3	16,170760E-6
299,900000E-3	16,140927E-6
299,900000E-3	16,098195E-6
