-501,000000E-3	15,748825E-6
-501,000000E-3	15,834330E-6
-501,100000E-3	15,840498E-6
-501,100000E-3	15,847320E-6
-501,100000E-3	15,851486E-6
-501,100000E-3	15,853357E-6
-500,800000E-3	15,852767E-6
-500,700000E-3	15,848522E-6
-500,400000E-3	15,843690E-6
-500,100000E-3	15,842787E-6
-499,700000E-3	15,841766E-6
-499,300000E-3	15,836590E-6
-498,900000E-3	15,829233E-6
-498,600000E-3	15,820802E-6
-498,200000E-3	15,811322E-6
-497,700000E-3	15,799201E-6
-497,100000E-3	15,784662E-6
-496,800000E-3	15,768733E-6
-496,300000E-3	15,756474E-6
-495,700000E-3	15,747315E-6
-495,200000E-3	15,737737E-6
-494,900000E-3	15,726173E-6
-494,300000E-3	15,716233E-6
-493,900000E-3	15,703192E-6
-493,300000E-3	15,686447E-6
-492,700000E-3	15,671260E-6
-492,100000E-3	15,659740E-6
-491,800000E-3	15,650270E-6
-491,200000E-3	15,639342E-6
-490,600000E-3	15,629124E-6
-490,000000E-3	15,620272E-6
-489,400000E-3	15,605270E-6
-489,100000E-3	15,584240E-6
-488,500000E-3	15,565343E-6
-488,100000E-3	15,548359E-6
-487,300000E-3	15,535216E-6
-487,100000E-3	15,521796E-6
-486,400000E-3	15,503626E-6
-486,100000E-3	15,482375E-6
-485,500000E-3	15,463482E-6
-484,800000E-3	15,448968E-6
-484,400000E-3	15,435318E-6
-484,000000E-3	15,421866E-6
-483,500000E-3	15,408895E-6
-482,800000E-3	15,393716E-6
-482,200000E-3	15,375123E-6
-481,600000E-3	15,358638E-6
-481,300000E-3	15,343202E-6
-480,700000E-3	15,327013E-6
-480,100000E-3	15,309003E-6
-479,500000E-3	15,287817E-6
-479,200000E-3	15,265611E-6
-478,600000E-3	15,246929E-6
-478,000000E-3	15,227083E-6
-477,400000E-3	15,210541E-6
-476,800000E-3	15,197192E-6
-476,500000E-3	15,184210E-6
-475,900000E-3	15,171114E-6
-475,600000E-3	15,159190E-6
-474,900000E-3	15,147983E-6
-474,100000E-3	15,133200E-6
-473,800000E-3	15,112087E-6
-473,100000E-3	15,093449E-6
-472,900000E-3	15,076708E-6
-472,300000E-3	15,062614E-6
-471,600000E-3	15,049819E-6
-471,100000E-3	15,035899E-6
-470,500000E-3	15,021397E-6
-470,200000E-3	15,006067E-6
-469,600000E-3	14,987016E-6
-468,900000E-3	14,963740E-6
-468,700000E-3	14,939404E-6
-468,100000E-3	14,918420E-6
-467,600000E-3	14,900769E-6
-466,900000E-3	14,883912E-6
-466,500000E-3	14,868378E-6
-465,900000E-3	14,853218E-6
-465,600000E-3	14,836433E-6
-465,000000E-3	14,817981E-6
-464,400000E-3	14,801703E-6
-463,800000E-3	14,789949E-6
-463,500000E-3	14,779848E-6
-462,900000E-3	14,768452E-6
-462,300000E-3	14,753601E-6
-461,700000E-3	14,732778E-6
-461,400000E-3	14,708714E-6
-460,800000E-3	14,686826E-6
-460,200000E-3	14,669254E-6
-459,600000E-3	14,659435E-6
-459,300000E-3	14,647169E-6
-458,700000E-3	14,631863E-6
-458,100000E-3	14,615058E-6
-457,800000E-3	14,600695E-6
-457,000000E-3	14,589325E-6
-456,600000E-3	14,575119E-6
-456,000000E-3	14,561579E-6
-455,600000E-3	14,545427E-6
-455,000000E-3	14,527559E-6
-454,400000E-3	14,510255E-6
-453,900000E-3	14,493414E-6
-453,600000E-3	14,477713E-6
-453,000000E-3	14,462789E-6
-452,400000E-3	14,446660E-6
-451,700000E-3	14,431054E-6
-451,400000E-3	14,412119E-6
-450,800000E-3	14,386498E-6
-450,300000E-3	14,366444E-6
-449,600000E-3	14,349358E-6
-449,000000E-3	14,333722E-6
-448,700000E-3	14,316968E-6
-448,100000E-3	14,298687E-6
-447,500000E-3	14,279012E-6
-447,200000E-3	14,261202E-6
-446,500000E-3	14,245824E-6
-446,000000E-3	14,231260E-6
-445,400000E-3	14,215775E-6
-445,100000E-3	14,197565E-6
-444,500000E-3	14,179759E-6
-443,900000E-3	14,164100E-6
-443,300000E-3	14,148704E-6
-443,000000E-3	14,133583E-6
-442,400000E-3	14,120864E-6
-441,800000E-3	14,111044E-6
-441,200000E-3	14,101730E-6
-440,800000E-3	14,088082E-6
-440,200000E-3	14,067963E-6
-439,600000E-3	14,046691E-6
-439,300000E-3	14,025745E-6
-438,700000E-3	14,007852E-6
-438,100000E-3	13,989093E-6
-437,500000E-3	13,971272E-6
-437,200000E-3	13,954818E-6
-436,600000E-3	13,942701E-6
-436,000000E-3	13,932289E-6
-435,400000E-3	13,918558E-6
-435,100000E-3	13,899992E-6
-434,500000E-3	13,883162E-6
-434,200000E-3	13,867623E-6
-433,400000E-3	13,848601E-6
-432,800000E-3	13,827920E-6
-432,300000E-3	13,806383E-6
-431,800000E-3	13,790209E-6
-431,500000E-3	13,775245E-6
-430,900000E-3	13,756393E-6
-430,200000E-3	13,736707E-6
-429,600000E-3	13,720244E-6
-429,300000E-3	13,702861E-6
-428,700000E-3	13,684455E-6
-428,100000E-3	13,668648E-6
-427,500000E-3	13,657297E-6
-427,200000E-3	13,644042E-6
-426,600000E-3	13,626644E-6
-426,100000E-3	13,608475E-6
-425,400000E-3	13,589779E-6
-425,100000E-3	13,572778E-6
-424,600000E-3	13,561364E-6
-424,200000E-3	13,551688E-6
-423,500000E-3	13,537402E-6
-422,700000E-3	13,519436E-6
-422,400000E-3	13,499056E-6
-421,800000E-3	13,482716E-6
-421,500000E-3	13,471147E-6
-420,900000E-3	13,460725E-6
-420,300000E-3	13,442480E-6
-419,700000E-3	13,418053E-6
-419,000000E-3	13,392086E-6
-418,500000E-3	13,369051E-6
-418,200000E-3	13,352390E-6
-417,600000E-3	13,342079E-6
-416,900000E-3	13,333833E-6
-416,600000E-3	13,320895E-6
-416,000000E-3	13,305886E-6
-415,400000E-3	13,292664E-6
-415,100000E-3	13,278886E-6
-414,500000E-3	13,264271E-6
-413,900000E-3	13,249923E-6
-413,600000E-3	13,232711E-6
-413,000000E-3	13,212097E-6
-412,300000E-3	13,192616E-6
-411,700000E-3	13,177760E-6
-411,400000E-3	13,166441E-6
-410,800000E-3	13,154833E-6
-410,400000E-3	13,138505E-6
-409,700000E-3	13,121874E-6
-409,000000E-3	13,110124E-6
-408,700000E-3	13,100826E-6
-408,500000E-3	13,089859E-6
-407,800000E-3	13,075761E-6
-407,200000E-3	13,055919E-6
-406,600000E-3	13,033854E-6
-406,000000E-3	13,013961E-6
-405,600000E-3	12,995908E-6
-405,300000E-3	12,975842E-6
-404,700000E-3	12,953977E-6
-404,100000E-3	12,933190E-6
-403,500000E-3	12,915043E-6
-402,900000E-3	12,900852E-6
-402,600000E-3	12,891912E-6
-402,300000E-3	12,885888E-6
-401,600000E-3	12,880241E-6
-401,000000E-3	12,872461E-6
-400,400000E-3	12,858443E-6
-399,800000E-3	12,840551E-6
-399,400000E-3	12,823272E-6
-399,100000E-3	12,807977E-6
-398,500000E-3	12,794771E-6
-397,900000E-3	12,781167E-6
-397,300000E-3	12,768777E-6
-396,900000E-3	12,759611E-6
-396,300000E-3	12,750146E-6
-396,000000E-3	12,736718E-6
-395,400000E-3	12,720017E-6
-394,800000E-3	12,702168E-6
-394,200000E-3	12,683765E-6
-393,800000E-3	12,666722E-6
-393,200000E-3	12,653187E-6
-392,900000E-3	12,638037E-6
-392,300000E-3	12,621683E-6
-391,700000E-3	12,606411E-6
-391,000000E-3	12,588741E-6
-390,700000E-3	12,570054E-6
-390,100000E-3	12,554138E-6
-389,800000E-3	12,541784E-6
-389,200000E-3	12,531372E-6
-388,500000E-3	12,519295E-6
-387,900000E-3	12,501068E-6
-387,600000E-3	12,481579E-6
-387,000000E-3	12,465967E-6
-386,700000E-3	12,452043E-6
-386,100000E-3	12,439539E-6
-385,400000E-3	12,428829E-6
-385,100000E-3	12,415646E-6
-384,500000E-3	12,399671E-6
-384,200000E-3	12,384593E-6
-383,600000E-3	12,372972E-6
-382,900000E-3	12,363621E-6
-382,300000E-3	12,351888E-6
-382,000000E-3	12,338091E-6
-381,400000E-3	12,323248E-6
-380,800000E-3	12,307563E-6
-380,500000E-3	12,291158E-6
-379,900000E-3	12,275715E-6
-379,300000E-3	12,259219E-6
-378,600000E-3	12,244964E-6
-378,300000E-3	12,228858E-6
-377,700000E-3	12,211765E-6
-377,400000E-3	12,196483E-6
-376,800000E-3	12,183076E-6
-376,100000E-3	12,173670E-6
-375,600000E-3	12,165242E-6
-375,200000E-3	12,154885E-6
-374,500000E-3	12,146171E-6
-374,300000E-3	12,136931E-6
-373,700000E-3	12,123936E-6
-373,100000E-3	12,109324E-6
-372,400000E-3	12,095480E-6
-372,100000E-3	12,081836E-6
-371,500000E-3	12,065542E-6
-371,200000E-3	12,045339E-6
-370,600000E-3	12,023204E-6
-369,900000E-3	12,002966E-6
-369,300000E-3	11,984786E-6
-369,000000E-3	11,966896E-6
-368,400000E-3	11,952677E-6
-368,100000E-3	11,939833E-6
-367,400000E-3	11,925675E-6
-366,900000E-3	11,910119E-6
-366,200000E-3	11,897194E-6
-365,900000E-3	11,882960E-6
-365,300000E-3	11,866077E-6
-364,600000E-3	11,849920E-6
-364,400000E-3	11,837649E-6
-363,700000E-3	11,827371E-6
-363,100000E-3	11,816133E-6
-362,800000E-3	11,802487E-6
-362,200000E-3	11,787153E-6
-361,500000E-3	11,776288E-6
-361,200000E-3	11,765857E-6
-360,600000E-3	11,754277E-6
-360,000000E-3	11,741959E-6
-359,400000E-3	11,729762E-6
-359,000000E-3	11,713791E-6
-358,400000E-3	11,695718E-6
-357,800000E-3	11,678663E-6
-357,500000E-3	11,663743E-6
-356,900000E-3	11,652049E-6
-356,300000E-3	11,639952E-6
-356,000000E-3	11,623884E-6
-355,300000E-3	11,604467E-6
-354,700000E-3	11,588873E-6
-354,400000E-3	11,575871E-6
-353,800000E-3	11,564043E-6
-353,200000E-3	11,553758E-6
-352,600000E-3	11,545809E-6
-352,200000E-3	11,539306E-6
-351,600000E-3	11,531731E-6
-351,000000E-3	11,523655E-6
-350,700000E-3	11,514073E-6
-350,100000E-3	11,503919E-6
-349,400000E-3	11,491858E-6
-349,100000E-3	11,478196E-6
-348,500000E-3	11,465328E-6
-348,200000E-3	11,450947E-6
-347,600000E-3	11,434406E-6
-346,900000E-3	11,418985E-6
-346,300000E-3	11,405378E-6
-346,000000E-3	11,391870E-6
-345,400000E-3	11,377080E-6
-345,100000E-3	11,364414E-6
-344,400000E-3	11,357189E-6
-343,800000E-3	11,351259E-6
-343,200000E-3	11,343981E-6
-342,900000E-3	11,331714E-6
-342,300000E-3	11,313562E-6
-341,900000E-3	11,297442E-6
-341,300000E-3	11,283404E-6
-340,700000E-3	11,270232E-6
-340,400000E-3	11,257787E-6
-339,800000E-3	11,243626E-6
-339,100000E-3	11,228630E-6
-338,600000E-3	11,211865E-6
-338,200000E-3	11,198146E-6
-337,700000E-3	11,185709E-6
-337,000000E-3	11,172335E-6
-336,600000E-3	11,160277E-6
-336,100000E-3	11,147806E-6
-335,400000E-3	11,133855E-6
-335,200000E-3	11,118875E-6
-334,500000E-3	11,104721E-6
-333,900000E-3	11,090635E-6
-333,600000E-3	11,076957E-6
-332,900000E-3	11,064136E-6
-332,700000E-3	11,053982E-6
-332,000000E-3	11,046352E-6
-331,400000E-3	11,036227E-6
-330,800000E-3	11,022475E-6
-330,400000E-3	11,006254E-6
-329,800000E-3	10,989425E-6
-329,200000E-3	10,975911E-6
-328,900000E-3	10,963800E-6
-328,300000E-3	10,950960E-6
-327,700000E-3	10,938033E-6
-327,300000E-3	10,927382E-6
-326,700000E-3	10,918181E-6
-326,400000E-3	10,906439E-6
-325,800000E-3	10,891985E-6
-325,200000E-3	10,875863E-6
-324,500000E-3	10,859597E-6
-324,200000E-3	10,840176E-6
-323,600000E-3	10,821898E-6
-323,000000E-3	10,804620E-6
-322,700000E-3	10,790844E-6
-322,000000E-3	10,781264E-6
-321,500000E-3	10,769903E-6
-320,900000E-3	10,757841E-6
-320,600000E-3	10,743599E-6
-319,900000E-3	10,727555E-6
-319,500000E-3	10,714770E-6
-318,900000E-3	10,704129E-6
-318,500000E-3	10,689817E-6
-317,800000E-3	10,671722E-6
-317,400000E-3	10,652828E-6
-316,800000E-3	10,633999E-6
-316,500000E-3	10,618446E-6
-315,700000E-3	10,605309E-6
-315,300000E-3	10,590981E-6
-314,700000E-3	10,576109E-6
-314,400000E-3	10,561751E-6
-313,500000E-3	10,550093E-6
-313,200000E-3	10,539643E-6
-312,600000E-3	10,526849E-6
-312,000000E-3	10,510467E-6
-311,500000E-3	10,493707E-6
-311,200000E-3	10,476584E-6
-310,600000E-3	10,460270E-6
-310,100000E-3	10,443828E-6
-309,500000E-3	10,427138E-6
-309,200000E-3	10,413268E-6
-308,600000E-3	10,403748E-6
-308,000000E-3	10,394362E-6
-307,500000E-3	10,379928E-6
-306,900000E-3	10,362808E-6
-306,300000E-3	10,351240E-6
-306,000000E-3	10,342975E-6
-305,500000E-3	10,331785E-6
-304,900000E-3	10,316251E-6
-304,400000E-3	10,301179E-6
-303,900000E-3	10,287234E-6
-303,200000E-3	10,273406E-6
-302,700000E-3	10,259403E-6
-302,400000E-3	10,243699E-6
-301,800000E-3	10,228410E-6
-301,200000E-3	10,216413E-6
-301,000000E-3	10,204868E-6
-300,000000E-3	10,191120E-6
-299,500000E-3	10,174692E-6
-299,200000E-3	10,157670E-6
-298,600000E-3	10,144876E-6
-298,000000E-3	10,132917E-6
-297,500000E-3	10,118996E-6
-297,100000E-3	10,105192E-6
-296,400000E-3	10,091858E-6
-296,100000E-3	10,077308E-6
-295,500000E-3	10,064077E-6
-294,900000E-3	10,052330E-6
-294,400000E-3	10,038962E-6
-294,100000E-3	10,022050E-6
-293,200000E-3	10,005819E-6
-292,600000E-3	9,990837E-6
-292,400000E-3	9,976639E-6
-291,900000E-3	9,963879E-6
-291,300000E-3	9,952934E-6
-291,000000E-3	9,939822E-6
-290,300000E-3	9,922569E-6
-289,500000E-3	9,904751E-6
-289,200000E-3	9,889854E-6
-288,900000E-3	9,877444E-6
-288,100000E-3	9,862213E-6
-287,800000E-3	9,844141E-6
-287,300000E-3	9,827940E-6
-286,600000E-3	9,813941E-6
-286,100000E-3	9,800500E-6
-285,800000E-3	9,788589E-6
-285,000000E-3	9,775762E-6
-284,600000E-3	9,759122E-6
-284,100000E-3	9,745329E-6
-283,500000E-3	9,731382E-6
-283,000000E-3	9,713877E-6
-282,400000E-3	9,698027E-6
-282,000000E-3	9,684892E-6
-281,200000E-3	9,669544E-6
-280,900000E-3	9,647071E-6
-280,400000E-3	9,627453E-6
-279,800000E-3	9,614561E-6
-279,200000E-3	9,603112E-6
-279,000000E-3	9,590003E-6
-278,400000E-3	9,577299E-6
-277,800000E-3	9,565325E-6
-277,200000E-3	9,552410E-6
-276,600000E-3	9,538337E-6
-276,100000E-3	9,523597E-6
-275,800000E-3	9,510096E-6
-275,200000E-3	9,498194E-6
-274,700000E-3	9,483672E-6
-274,100000E-3	9,468626E-6
-273,800000E-3	9,453694E-6
-272,900000E-3	9,438802E-6
-272,600000E-3	9,420608E-6
-272,100000E-3	9,399221E-6
-271,500000E-3	9,378880E-6
-270,900000E-3	9,366120E-6
-270,400000E-3	9,356247E-6
-269,800000E-3	9,345833E-6
-269,300000E-3	9,332164E-6
-268,900000E-3	9,315552E-6
-268,500000E-3	9,299308E-6
-267,900000E-3	9,282941E-6
-267,500000E-3	9,265708E-6
-266,800000E-3	9,251520E-6
-266,400000E-3	9,240171E-6
-265,900000E-3	9,230223E-6
-265,300000E-3	9,218487E-6
-264,700000E-3	9,201127E-6
-264,400000E-3	9,179900E-6
-263,900000E-3	9,161042E-6
-263,300000E-3	9,145275E-6
-262,700000E-3	9,130951E-6
-262,300000E-3	9,117951E-6
-261,600000E-3	9,105365E-6
-261,300000E-3	9,090294E-6
-260,700000E-3	9,073367E-6
-260,200000E-3	9,058157E-6
-259,600000E-3	9,044271E-6
-259,300000E-3	9,029199E-6
-258,400000E-3	9,011850E-6
-258,200000E-3	8,991480E-6
-257,600000E-3	8,972437E-6
-257,000000E-3	8,956765E-6
-256,500000E-3	8,943168E-6
-256,200000E-3	8,930728E-6
-255,600000E-3	8,918055E-6
-255,000000E-3	8,905550E-6
-254,400000E-3	8,895672E-6
-254,000000E-3	8,885312E-6
-253,200000E-3	8,871986E-6
-253,000000E-3	8,850439E-6
-252,300000E-3	8,829241E-6
-251,600000E-3	8,809307E-6
-251,200000E-3	8,791209E-6
-250,600000E-3	8,775419E-6
-250,100000E-3	8,759744E-6
-249,500000E-3	8,744025E-6
-249,200000E-3	8,728098E-6
-248,600000E-3	8,711338E-6
-248,000000E-3	8,695273E-6
-247,400000E-3	8,681792E-6
-247,200000E-3	8,668738E-6
-246,400000E-3	8,653377E-6
-246,000000E-3	8,637531E-6
-245,500000E-3	8,624189E-6
-244,900000E-3	8,608754E-6
-244,400000E-3	8,594347E-6
-244,000000E-3	8,583247E-6
-243,200000E-3	8,572645E-6
-242,900000E-3	8,553126E-6
-242,300000E-3	8,531601E-6
-241,800000E-3	8,510696E-6
-241,200000E-3	8,490255E-6
-240,600000E-3	8,471336E-6
-240,000000E-3	8,456406E-6
-239,400000E-3	8,446554E-6
-239,200000E-3	8,436426E-6
-238,600000E-3	8,424685E-6
-238,000000E-3	8,408291E-6
-237,500000E-3	8,389914E-6
-236,900000E-3	8,374510E-6
-236,400000E-3	8,360306E-6
-236,100000E-3	8,345813E-6
-235,400000E-3	8,330299E-6
-234,800000E-3	8,312046E-6
-234,400000E-3	8,294246E-6
-233,800000E-3	8,276985E-6
-233,400000E-3	8,262583E-6
-232,600000E-3	8,247392E-6
-232,400000E-3	8,230465E-6
-231,800000E-3	8,215136E-6
-231,200000E-3	8,201613E-6
-230,600000E-3	8,187546E-6
-230,300000E-3	8,173968E-6
-229,800000E-3	8,159048E-6
-229,200000E-3	8,141406E-6
-228,900000E-3	8,124657E-6
-228,100000E-3	8,110666E-6
-227,800000E-3	8,096922E-6
-227,200000E-3	8,081549E-6
-226,600000E-3	8,065964E-6
-226,000000E-3	8,048557E-6
-225,800000E-3	8,029557E-6
-224,900000E-3	8,012412E-6
-224,300000E-3	7,999526E-6
-224,100000E-3	7,987533E-6
-223,500000E-3	7,975002E-6
-222,900000E-3	7,961823E-6
-222,600000E-3	7,946179E-6
-221,900000E-3	7,927358E-6
-221,500000E-3	7,909001E-6
-220,900000E-3	7,891707E-6
-220,300000E-3	7,874196E-6
-219,700000E-3	7,855644E-6
-219,400000E-3	7,838781E-6
-218,900000E-3	7,822718E-6
-218,300000E-3	7,806836E-6
-217,700000E-3	7,791007E-6
-217,500000E-3	7,773380E-6
-216,600000E-3	7,755636E-6
-216,300000E-3	7,738617E-6
-215,700000E-3	7,721986E-6
-215,100000E-3	7,707943E-6
-214,600000E-3	7,695194E-6
-214,300000E-3	7,680793E-6
-213,700000E-3	7,663608E-6
-213,100000E-3	7,645420E-6
-212,500000E-3	7,626308E-6
-212,100000E-3	7,605743E-6
-211,400000E-3	7,589420E-6
-211,200000E-3	7,576133E-6
-210,600000E-3	7,563134E-6
-210,000000E-3	7,548125E-6
-209,400000E-3	7,531694E-6
-209,100000E-3	7,516561E-6
-208,300000E-3	7,503419E-6
-208,000000E-3	7,485346E-6
-207,500000E-3	7,466853E-6
-206,800000E-3	7,450751E-6
-206,400000E-3	7,437425E-6
-206,000000E-3	7,425785E-6
-205,200000E-3	7,411901E-6
-204,800000E-3	7,395556E-6
-204,300000E-3	7,379986E-6
-203,800000E-3	7,363792E-6
-203,200000E-3	7,347365E-6
-203,000000E-3	7,328055E-6
-202,200000E-3	7,306817E-6
-201,400000E-3	7,290629E-6
-201,200000E-3	7,276358E-6
-200,600000E-3	7,262917E-6
-200,100000E-3	7,249067E-6
-199,500000E-3	7,234539E-6
-199,200000E-3	7,218085E-6
-198,400000E-3	7,200832E-6
-198,100000E-3	7,183507E-6
-197,500000E-3	7,166946E-6
-196,900000E-3	7,152703E-6
-196,300000E-3	7,140801E-6
-196,100000E-3	7,129109E-6
-195,500000E-3	7,117371E-6
-194,900000E-3	7,104059E-6
-194,300000E-3	7,087615E-6
-194,000000E-3	7,067677E-6
-193,200000E-3	7,047828E-6
-192,900000E-3	7,030031E-6
-192,300000E-3	7,013429E-6
-191,700000E-3	6,998862E-6
-191,200000E-3	6,984481E-6
-190,900000E-3	6,969703E-6
-190,200000E-3	6,953340E-6
-189,700000E-3	6,934352E-6
-189,200000E-3	6,920922E-6
-188,600000E-3	6,911909E-6
-188,100000E-3	6,901706E-6
-187,700000E-3	6,888674E-6
-187,200000E-3	6,873353E-6
-186,600000E-3	6,853937E-6
-186,100000E-3	6,832802E-6
-185,500000E-3	6,812416E-6
-184,900000E-3	6,792714E-6
-184,600000E-3	6,775111E-6
-184,100000E-3	6,761475E-6
-183,500000E-3	6,747063E-6
-182,900000E-3	6,732678E-6
-182,600000E-3	6,716971E-6
-181,800000E-3	6,699420E-6
-181,500000E-3	6,681356E-6
-180,900000E-3	6,662371E-6
-180,400000E-3	6,641662E-6
-179,800000E-3	6,621819E-6
-179,200000E-3	6,603733E-6
-178,800000E-3	6,586779E-6
-178,400000E-3	6,571183E-6
-177,800000E-3	6,558114E-6
-177,300000E-3	6,545558E-6
-176,700000E-3	6,530916E-6
-176,000000E-3	6,514987E-6
-175,800000E-3	6,497787E-6
-175,000000E-3	6,481470E-6
-174,600000E-3	6,463655E-6
-174,100000E-3	6,446039E-6
-173,500000E-3	6,428969E-6
-173,000000E-3	6,410732E-6
-172,700000E-3	6,392837E-6
-172,000000E-3	6,375121E-6
-171,600000E-3	6,357284E-6
-171,000000E-3	6,338582E-6
-170,400000E-3	6,319021E-6
-169,800000E-3	6,301341E-6
-169,200000E-3	6,285257E-6
-168,900000E-3	6,269100E-6
-168,400000E-3	6,253217E-6
-167,800000E-3	6,237647E-6
-167,400000E-3	6,221188E-6
-166,700000E-3	6,203006E-6
-166,100000E-3	6,186233E-6
-165,800000E-3	6,169877E-6
-165,200000E-3	6,152560E-6
-164,700000E-3	6,133400E-6
-164,400000E-3	6,112909E-6
-163,500000E-3	6,093232E-6
-163,200000E-3	6,074615E-6
-162,700000E-3	6,056406E-6
-162,200000E-3	6,039464E-6
-161,600000E-3	6,024938E-6
-161,200000E-3	6,009857E-6
-160,700000E-3	5,992711E-6
-160,100000E-3	5,975215E-6
-159,500000E-3	5,959736E-6
-159,200000E-3	5,945710E-6
-158,400000E-3	5,930283E-6
-158,100000E-3	5,911290E-6
-157,500000E-3	5,889061E-6
-157,000000E-3	5,867781E-6
-156,400000E-3	5,848921E-6
-156,100000E-3	5,831310E-6
-155,500000E-3	5,815887E-6
-154,900000E-3	5,800706E-6
-154,400000E-3	5,783483E-6
-153,800000E-3	5,762336E-6
-153,200000E-3	5,740097E-6
-152,900000E-3	5,719833E-6
-152,400000E-3	5,701970E-6
-151,800000E-3	5,685249E-6
-151,200000E-3	5,667900E-6
-150,700000E-3	5,650350E-6
-150,100000E-3	5,632878E-6
-149,800000E-3	5,613688E-6
-149,300000E-3	5,593492E-6
-148,700000E-3	5,573470E-6
-148,100000E-3	5,553209E-6
-147,800000E-3	5,533512E-6
-146,900000E-3	5,515641E-6
-146,700000E-3	5,499934E-6
-146,100000E-3	5,484509E-6
-145,500000E-3	5,466587E-6
-145,300000E-3	5,447530E-6
-144,700000E-3	5,429958E-6
-143,800000E-3	5,412862E-6
-143,500000E-3	5,392744E-6
-143,100000E-3	5,370613E-6
-142,500000E-3	5,348050E-6
-141,900000E-3	5,326871E-6
-141,500000E-3	5,308334E-6
-140,900000E-3	5,291533E-6
-140,300000E-3	5,273082E-6
-140,100000E-3	5,251870E-6
-139,300000E-3	5,229534E-6
-139,000000E-3	5,208980E-6
-138,400000E-3	5,190129E-6
-137,900000E-3	5,169337E-6
-137,300000E-3	5,147560E-6
-136,900000E-3	5,128534E-6
-136,400000E-3	5,110218E-6
-135,800000E-3	5,089781E-6
-135,200000E-3	5,070662E-6
-134,600000E-3	5,052595E-6
-134,100000E-3	5,030659E-6
-133,600000E-3	5,010273E-6
-133,200000E-3	4,990721E-6
-132,500000E-3	4,968463E-6
-132,100000E-3	4,947437E-6
-131,500000E-3	4,930730E-6
-131,100000E-3	4,912581E-6
-130,400000E-3	4,890522E-6
-130,100000E-3	4,867112E-6
-129,600000E-3	4,846209E-6
-129,000000E-3	4,824792E-6
-128,400000E-3	4,803272E-6
-127,900000E-3	4,782086E-6
-127,300000E-3	4,763955E-6
-127,000000E-3	4,748522E-6
-126,400000E-3	4,730661E-6
-125,700000E-3	4,706742E-6
-125,300000E-3	4,681652E-6
-124,700000E-3	4,660957E-6
-124,300000E-3	4,643113E-6
-123,600000E-3	4,623751E-6
-123,300000E-3	4,600413E-6
-122,700000E-3	4,577323E-6
-122,100000E-3	4,554059E-6
-121,500000E-3	4,533211E-6
-121,200000E-3	4,511017E-6
-120,500000E-3	4,488344E-6
-120,100000E-3	4,465264E-6
-119,600000E-3	4,444774E-6
-119,000000E-3	4,423890E-6
-118,400000E-3	4,403712E-6
-117,800000E-3	4,384367E-6
-117,600000E-3	4,360066E-6
-116,700000E-3	4,336731E-6
-116,400000E-3	4,315892E-6
-115,900000E-3	4,297237E-6
-115,300000E-3	4,276679E-6
-114,800000E-3	4,254943E-6
-114,200000E-3	4,233052E-6
-113,800000E-3	4,211899E-6
-113,300000E-3	4,186011E-6
-112,800000E-3	4,162435E-6
-112,200000E-3	4,141238E-6
-111,700000E-3	4,121142E-6
-111,100000E-3	4,101329E-6
-110,700000E-3	4,080234E-6
-110,200000E-3	4,058503E-6
-109,600000E-3	4,036705E-6
-109,300000E-3	4,014035E-6
-108,600000E-3	3,989689E-6
-108,200000E-3	3,965694E-6
-107,600000E-3	3,943266E-6
-107,000000E-3	3,921309E-6
-106,500000E-3	3,903285E-6
-106,200000E-3	3,884282E-6
-105,600000E-3	3,863316E-6
-105,000000E-3	3,843433E-6
-104,400000E-3	3,824896E-6
-104,200000E-3	3,806988E-6
-103,300000E-3	3,786822E-6
-103,000000E-3	3,757729E-6
-102,400000E-3	3,730349E-6
-101,900000E-3	3,704176E-6
-101,300000E-3	3,681821E-6
-100,800000E-3	3,662669E-6
-100,200000E-3	3,642419E-6
-99,600000E-3	3,622726E-6
-99,300000E-3	3,600758E-6
-98,700000E-3	3,576682E-6
-98,100000E-3	3,554035E-6
-97,600000E-3	3,530824E-6
-97,300000E-3	3,506507E-6
-96,400000E-3	3,485440E-6
-96,100000E-3	3,464224E-6
-95,500000E-3	3,443132E-6
-95,000000E-3	3,422253E-6
-94,500000E-3	3,401419E-6
-93,900000E-3	3,380495E-6
-93,500000E-3	3,357707E-6
-92,800000E-3	3,334954E-6
-92,400000E-3	3,311821E-6
-91,800000E-3	3,289214E-6
-91,300000E-3	3,267166E-6
-90,700000E-3	3,243454E-6
-90,400000E-3	3,220221E-6
-89,800000E-3	3,199810E-6
-89,200000E-3	3,179047E-6
-88,600000E-3	3,154814E-6
-88,400000E-3	3,131457E-6
-87,600000E-3	3,110499E-6
-87,200000E-3	3,089276E-6
-86,600000E-3	3,067103E-6
-86,100000E-3	3,043648E-6
-85,800000E-3	3,018369E-6
-85,200000E-3	2,995638E-6
-84,700000E-3	2,976217E-6
-84,100000E-3	2,956586E-6
-83,800000E-3	2,936333E-6
-83,200000E-3	2,916894E-6
-82,300000E-3	2,897271E-6
-82,100000E-3	2,875636E-6
-81,500000E-3	2,852484E-6
-80,900000E-3	2,829360E-6
-80,600000E-3	2,806032E-6
-80,000000E-3	2,781167E-6
-79,400000E-3	2,755385E-6
-78,900000E-3	2,731354E-6
-78,600000E-3	2,710137E-6
-77,800000E-3	2,691745E-6
-77,400000E-3	2,672543E-6
-76,900000E-3	2,649182E-6
-76,400000E-3	2,625243E-6
-75,700000E-3	2,602466E-6
-75,100000E-3	2,582367E-6
-74,900000E-3	2,560148E-6
-74,300000E-3	2,536873E-6
-73,700000E-3	2,513495E-6
-73,100000E-3	2,492885E-6
-72,600000E-3	2,472569E-6
-71,900000E-3	2,453092E-6
-71,700000E-3	2,432566E-6
-71,100000E-3	2,411074E-6
-70,600000E-3	2,388255E-6
-70,000000E-3	2,364539E-6
-69,700000E-3	2,342150E-6
-68,900000E-3	2,321811E-6
-68,600000E-3	2,297794E-6
-68,000000E-3	2,275125E-6
-67,400000E-3	2,256266E-6
-66,800000E-3	2,239147E-6
-66,500000E-3	2,221725E-6
-66,000000E-3	2,203291E-6
-65,400000E-3	2,183902E-6
-64,800000E-3	2,165186E-6
-64,500000E-3	2,146693E-6
-63,600000E-3	2,125796E-6
-63,300000E-3	2,103983E-6
-62,700000E-3	2,085137E-6
-62,400000E-3	2,064217E-6
-61,600000E-3	2,041853E-6
-61,300000E-3	2,021117E-6
-60,700000E-3	2,003073E-6
-60,200000E-3	1,984819E-6
-59,700000E-3	1,963153E-6
-59,100000E-3	1,939442E-6
-58,500000E-3	1,918025E-6
-57,900000E-3	1,902677E-6
-57,700000E-3	1,887427E-6
-57,100000E-3	1,869426E-6
-56,500000E-3	1,847025E-6
-55,900000E-3	1,827597E-6
-55,600000E-3	1,810769E-6
-54,800000E-3	1,793395E-6
-54,500000E-3	1,775682E-6
-54,000000E-3	1,757734E-6
-53,400000E-3	1,738009E-6
-52,800000E-3	1,719025E-6
-52,500000E-3	1,702452E-6
-51,700000E-3	1,686788E-6
-51,300000E-3	1,670838E-6
-51,000000E-3	1,654699E-6
-50,300000E-3	1,639474E-6
-49,600000E-3	1,623571E-6
-49,300000E-3	1,605402E-6
-48,700000E-3	1,588271E-6
-48,100000E-3	1,572344E-6
-47,900000E-3	1,556245E-6
-47,300000E-3	1,541545E-6
-46,700000E-3	1,527375E-6
-46,200000E-3	1,513009E-6
-45,900000E-3	1,499297E-6
-45,000000E-3	1,484909E-6
-44,700000E-3	1,466868E-6
-44,100000E-3	1,447510E-6
-43,700000E-3	1,430004E-6
-43,000000E-3	1,413131E-6
-42,700000E-3	1,395922E-6
-42,200000E-3	1,380642E-6
-41,500000E-3	1,367765E-6
-41,000000E-3	1,353084E-6
-40,700000E-3	1,337238E-6
-39,900000E-3	1,323087E-6
-39,500000E-3	1,310327E-6
-38,900000E-3	1,296060E-6
-38,500000E-3	1,278652E-6
-37,800000E-3	1,260628E-6
-37,500000E-3	1,245218E-6
-37,000000E-3	1,231209E-6
-36,400000E-3	1,220049E-6
-36,100000E-3	1,211992E-6
-35,500000E-3	1,203112E-6
-34,800000E-3	1,191716E-6
-34,400000E-3	1,180801E-6
-33,800000E-3	1,169106E-6
-33,300000E-3	1,154678E-6
-32,600000E-3	1,142498E-6
-32,400000E-3	1,131057E-6
-31,800000E-3	1,121075E-6
-31,000000E-3	1,110265E-6
-30,700000E-3	1,097434E-6
-30,000000E-3	1,084253E-6
-29,600000E-3	1,071670E-6
-28,900000E-3	1,060401E-6
-28,700000E-3	1,050389E-6
-28,100000E-3	1,041734E-6
-27,500000E-3	1,031041E-6
-26,900000E-3	1,020194E-6
-26,600000E-3	1,008522E-6
-25,900000E-3	995,971048E-9
-25,400000E-3	985,354583E-9
-24,800000E-3	977,312847E-9
-24,300000E-3	970,715831E-9
-23,700000E-3	963,523255E-9
-23,200000E-3	955,402203E-9
-22,800000E-3	947,203801E-9
-22,000000E-3	938,287642E-9
-21,700000E-3	929,719353E-9
-21,100000E-3	922,570105E-9
-20,800000E-3	917,038892E-9
-20,000000E-3	912,113718E-9
-19,700000E-3	907,350268E-9
-19,100000E-3	901,347437E-9
-18,600000E-3	891,282290E-9
-18,000000E-3	881,193253E-9
-17,700000E-3	873,424971E-9
-17,000000E-3	866,207221E-9
-16,300000E-3	861,382442E-9
-15,900000E-3	860,137088E-9
-15,400000E-3	858,343026E-9
-14,800000E-3	852,406380E-9
-14,200000E-3	845,385514E-9
-13,900000E-3	838,407660E-9
-13,100000E-3	833,631635E-9
-12,800000E-3	830,871693E-9
-12,200000E-3	829,100867E-9
-11,800000E-3	827,576559E-9
-11,100000E-3	824,632078E-9
-10,800000E-3	819,477189E-9
-10,200000E-3	813,971876E-9
-9,600000E-3	808,273381E-9
-9,000000E-3	805,924537E-9
-8,800000E-3	806,368115E-9
-7,900000E-3	805,586974E-9
-7,600000E-3	805,124735E-9
-7,100000E-3	804,949246E-9
-6,600000E-3	802,463699E-9
-5,800000E-3	796,738478E-9
-5,500000E-3	791,155922E-9
-5,100000E-3	788,932654E-9
-4,500000E-3	789,899797E-9
-3,900000E-3	791,553087E-9
-3,600000E-3	793,363970E-9
-2,900000E-3	794,094189E-9
-2,300000E-3	792,905902E-9
-1,700000E-3	793,487491E-9
-1,200000E-3	795,128002E-9
-600,000000E-6	797,013055E-9
-300,000000E-6	799,241714E-9
300,000000E-6	801,654428E-9
800,000000E-6	803,083496E-9
1,400000E-3	802,451963E-9
2,000000E-3	799,573533E-9
2,600000E-3	797,865841E-9
2,900000E-3	799,245279E-9
3,500000E-3	800,566516E-9
4,100000E-3	801,446237E-9
4,600000E-3	803,048723E-9
4,900000E-3	804,776142E-9
5,800000E-3	807,005992E-9
6,100000E-3	810,038808E-9
6,700000E-3	812,598811E-9
7,200000E-3	813,417831E-9
7,800000E-3	812,982539E-9
8,100000E-3	814,128757E-9
8,700000E-3	818,598672E-9
9,400000E-3	824,209650E-9
9,800000E-3	829,829468E-9
10,100000E-3	837,615824E-9
10,900000E-3	846,086021E-9
11,300000E-3	853,824409E-9
11,800000E-3	859,286882E-9
12,400000E-3	861,885100E-9
13,000000E-3	864,899764E-9
13,200000E-3	869,649745E-9
13,800000E-3	873,943817E-9
14,400000E-3	879,223053E-9
15,000000E-3	884,616812E-9
15,300000E-3	892,363115E-9
16,200000E-3	904,067354E-9
16,500000E-3	914,226055E-9
17,000000E-3	920,510623E-9
17,300000E-3	925,542797E-9
17,900000E-3	930,785572E-9
18,700000E-3	936,411956E-9
19,300000E-3	940,620596E-9
19,900000E-3	945,368955E-9
20,500000E-3	958,848599E-9
21,100000E-3	970,181137E-9
21,400000E-3	979,179191E-9
22,200000E-3	985,213070E-9
22,600000E-3	994,299723E-9
23,100000E-3	1,008658E-6
23,600000E-3	1,024705E-6
24,200000E-3	1,036318E-6
24,800000E-3	1,045104E-6
25,100000E-3	1,052024E-6
25,900000E-3	1,057967E-6
26,300000E-3	1,065882E-6
26,800000E-3	1,073503E-6
27,400000E-3	1,080650E-6
27,900000E-3	1,090352E-6
28,500000E-3	1,102845E-6
28,900000E-3	1,118815E-6
29,600000E-3	1,131144E-6
30,000000E-3	1,139312E-6
30,600000E-3	1,146610E-6
31,200000E-3	1,158432E-6
31,800000E-3	1,172445E-6
32,300000E-3	1,186976E-6
32,600000E-3	1,198939E-6
33,400000E-3	1,211708E-6
33,700000E-3	1,225543E-6
34,000000E-3	1,240933E-6
34,900000E-3	1,253155E-6
35,500000E-3	1,261234E-6
35,600000E-3	1,269591E-6
36,000000E-3	1,281800E-6
36,800000E-3	1,300334E-6
37,400000E-3	1,316953E-6
38,000000E-3	1,331959E-6
38,400000E-3	1,343461E-6
39,000000E-3	1,351997E-6
39,300000E-3	1,361009E-6
39,900000E-3	1,374947E-6
40,700000E-3	1,395594E-6
41,000000E-3	1,415166E-6
41,600000E-3	1,430973E-6
42,000000E-3	1,442758E-6
42,800000E-3	1,454719E-6
43,000000E-3	1,470478E-6
43,600000E-3	1,488515E-6
44,200000E-3	1,504810E-6
44,500000E-3	1,516528E-6
45,300000E-3	1,526338E-6
45,900000E-3	1,538365E-6
46,200000E-3	1,553727E-6
46,500000E-3	1,571066E-6
47,300000E-3	1,590646E-6
47,900000E-3	1,609576E-6
48,200000E-3	1,626555E-6
48,700000E-3	1,643019E-6
49,300000E-3	1,657065E-6
49,700000E-3	1,671572E-6
50,200000E-3	1,687228E-6
50,800000E-3	1,701944E-6
51,400000E-3	1,717138E-6
51,900000E-3	1,735336E-6
52,200000E-3	1,756733E-6
52,800000E-3	1,775647E-6
53,400000E-3	1,793200E-6
53,900000E-3	1,810740E-6
54,500000E-3	1,828321E-6
55,000000E-3	1,845120E-6
55,700000E-3	1,861481E-6
55,900000E-3	1,879296E-6
56,500000E-3	1,895740E-6
57,100000E-3	1,912717E-6
57,700000E-3	1,930250E-6
58,000000E-3	1,947463E-6
58,700000E-3	1,963309E-6
58,800000E-3	1,977092E-6
59,900000E-3	1,991908E-6
60,100000E-3	2,008698E-6
60,800000E-3	2,026054E-6
61,200000E-3	2,045600E-6
61,600000E-3	2,066404E-6
62,300000E-3	2,085548E-6
62,700000E-3	2,104747E-6
63,300000E-3	2,122758E-6
63,800000E-3	2,139751E-6
64,500000E-3	2,155817E-6
65,000000E-3	2,173464E-6
65,300000E-3	2,190278E-6
65,900000E-3	2,211084E-6
66,500000E-3	2,234389E-6
67,100000E-3	2,257260E-6
67,600000E-3	2,276557E-6
68,200000E-3	2,292383E-6
68,700000E-3	2,309948E-6
69,100000E-3	2,333451E-6
69,600000E-3	2,358225E-6
70,200000E-3	2,384653E-6
70,800000E-3	2,407648E-6
71,000000E-3	2,427578E-6
71,600000E-3	2,445925E-6
72,500000E-3	2,464745E-6
72,800000E-3	2,484938E-6
73,300000E-3	2,510237E-6
74,000000E-3	2,533868E-6
74,500000E-3	2,552835E-6
74,800000E-3	2,568740E-6
75,400000E-3	2,583563E-6
76,000000E-3	2,600300E-6
76,200000E-3	2,619195E-6
77,000000E-3	2,638148E-6
77,300000E-3	2,657254E-6
77,900000E-3	2,678469E-6
78,500000E-3	2,700510E-6
79,100000E-3	2,721891E-6
79,400000E-3	2,742099E-6
80,000000E-3	2,761351E-6
80,500000E-3	2,780895E-6
81,100000E-3	2,801512E-6
81,400000E-3	2,822792E-6
82,300000E-3	2,845827E-6
82,600000E-3	2,868784E-6
83,200000E-3	2,887785E-6
83,600000E-3	2,903753E-6
84,300000E-3	2,920941E-6
84,600000E-3	2,943582E-6
85,200000E-3	2,962409E-6
85,800000E-3	2,980696E-6
86,400000E-3	2,999605E-6
86,900000E-3	3,018662E-6
87,400000E-3	3,038994E-6
87,800000E-3	3,062874E-6
88,300000E-3	3,083514E-6
88,900000E-3	3,103966E-6
89,500000E-3	3,123364E-6
90,100000E-3	3,145098E-6
90,700000E-3	3,169886E-6
91,100000E-3	3,195491E-6
91,800000E-3	3,220821E-6
92,100000E-3	3,245151E-6
92,700000E-3	3,271100E-6
93,200000E-3	3,292913E-6
93,800000E-3	3,309073E-6
94,100000E-3	3,325256E-6
94,800000E-3	3,346159E-6
95,300000E-3	3,366946E-6
95,800000E-3	3,386468E-6
96,200000E-3	3,407644E-6
96,700000E-3	3,432276E-6
97,500000E-3	3,456986E-6
97,900000E-3	3,478572E-6
98,500000E-3	3,498805E-6
99,100000E-3	3,519480E-6
99,100000E-3	3,538561E-6
100,100000E-3	3,555349E-6
100,400000E-3	3,572711E-6
101,000000E-3	3,591552E-6
101,800000E-3	3,613472E-6
102,100000E-3	3,634924E-6
102,700000E-3	3,656143E-6
103,300000E-3	3,677508E-6
103,900000E-3	3,701032E-6
104,500000E-3	3,723931E-6
104,700000E-3	3,745837E-6
105,400000E-3	3,768192E-6
105,800000E-3	3,787782E-6
106,400000E-3	3,806313E-6
107,000000E-3	3,825646E-6
107,300000E-3	3,847344E-6
107,900000E-3	3,868330E-6
108,400000E-3	3,888828E-6
109,000000E-3	3,909044E-6
109,200000E-3	3,928428E-6
109,800000E-3	3,948035E-6
110,500000E-3	3,965073E-6
111,000000E-3	3,976009E-6
111,400000E-3	3,988013E-6
112,000000E-3	4,005944E-6
112,600000E-3	4,026551E-6
113,100000E-3	4,047919E-6
113,400000E-3	4,071384E-6
114,100000E-3	4,096116E-6
114,600000E-3	4,119572E-6
115,200000E-3	4,141886E-6
115,600000E-3	4,165170E-6
116,200000E-3	4,188526E-6
116,600000E-3	4,211659E-6
117,400000E-3	4,232239E-6
117,700000E-3	4,249164E-6
118,300000E-3	4,263179E-6
118,500000E-3	4,276707E-6
119,200000E-3	4,292816E-6
119,800000E-3	4,312397E-6
120,400000E-3	4,333417E-6
120,700000E-3	4,353323E-6
121,300000E-3	4,375445E-6
121,900000E-3	4,395711E-6
122,500000E-3	4,415255E-6
122,800000E-3	4,434446E-6
122,800000E-3	4,455745E-6
123,900000E-3	4,476830E-6
124,400000E-3	4,494193E-6
124,800000E-3	4,509445E-6
125,300000E-3	4,528945E-6
125,900000E-3	4,553384E-6
126,500000E-3	4,576212E-6
126,800000E-3	4,596754E-6
127,400000E-3	4,616596E-6
127,900000E-3	4,635584E-6
128,500000E-3	4,656368E-6
129,000000E-3	4,680521E-6
129,500000E-3	4,702469E-6
129,800000E-3	4,722152E-6
130,400000E-3	4,738697E-6
131,000000E-3	4,754661E-6
131,600000E-3	4,773368E-6
131,900000E-3	4,796341E-6
132,500000E-3	4,816953E-6
133,200000E-3	4,835914E-6
133,700000E-3	4,851794E-6
134,100000E-3	4,866198E-6
134,600000E-3	4,880751E-6
135,100000E-3	4,897305E-6
135,800000E-3	4,917770E-6
136,100000E-3	4,940028E-6
136,700000E-3	4,961829E-6
137,100000E-3	4,984376E-6
137,800000E-3	5,006602E-6
138,200000E-3	5,026851E-6
138,800000E-3	5,045255E-6
139,100000E-3	5,063627E-6
139,700000E-3	5,080685E-6
140,400000E-3	5,095735E-6
140,600000E-3	5,111899E-6
141,200000E-3	5,131221E-6
141,900000E-3	5,149682E-6
142,400000E-3	5,167131E-6
142,700000E-3	5,184246E-6
143,300000E-3	5,201431E-6
143,800000E-3	5,222785E-6
144,500000E-3	5,246537E-6
144,800000E-3	5,266736E-6
145,500000E-3	5,284553E-6
145,800000E-3	5,304314E-6
146,300000E-3	5,324558E-6
146,900000E-3	5,345635E-6
147,500000E-3	5,364413E-6
147,800000E-3	5,377452E-6
148,400000E-3	5,392851E-6
149,100000E-3	5,412549E-6
149,600000E-3	5,432439E-6
150,000000E-3	5,452835E-6
150,600000E-3	5,475833E-6
151,200000E-3	5,496313E-6
151,800000E-3	5,511505E-6
152,100000E-3	5,528424E-6
152,700000E-3	5,544729E-6
153,000000E-3	5,561161E-6
153,600000E-3	5,582300E-6
154,200000E-3	5,604468E-6
154,800000E-3	5,625151E-6
155,000000E-3	5,644236E-6
155,700000E-3	5,662349E-6
156,300000E-3	5,684806E-6
156,900000E-3	5,705343E-6
156,900000E-3	5,721097E-6
157,600000E-3	5,734502E-6
158,400000E-3	5,752800E-6
159,100000E-3	5,773328E-6
159,300000E-3	5,793699E-6
160,000000E-3	5,813087E-6
160,600000E-3	5,831575E-6
161,100000E-3	5,849458E-6
161,400000E-3	5,867907E-6
162,000000E-3	5,885207E-6
162,300000E-3	5,899668E-6
163,100000E-3	5,912615E-6
163,900000E-3	5,926055E-6
164,200000E-3	5,942153E-6
164,400000E-3	5,960812E-6
165,100000E-3	5,978555E-6
165,700000E-3	5,996343E-6
166,300000E-3	6,012728E-6
166,900000E-3	6,029429E-6
167,200000E-3	6,045875E-6
167,800000E-3	6,063759E-6
168,500000E-3	6,084712E-6
168,700000E-3	6,107716E-6
169,300000E-3	6,129635E-6
169,900000E-3	6,146679E-6
170,400000E-3	6,161391E-6
171,100000E-3	6,179735E-6
171,400000E-3	6,200979E-6
172,100000E-3	6,220388E-6
172,300000E-3	6,236618E-6
172,900000E-3	6,252719E-6
173,600000E-3	6,268471E-6
174,200000E-3	6,280487E-6
174,400000E-3	6,292421E-6
175,100000E-3	6,308941E-6
175,700000E-3	6,328137E-6
176,200000E-3	6,346974E-6
176,600000E-3	6,365846E-6
177,200000E-3	6,384188E-6
177,700000E-3	6,399827E-6
178,400000E-3	6,413623E-6
178,700000E-3	6,429637E-6
179,200000E-3	6,450893E-6
179,700000E-3	6,472333E-6
180,500000E-3	6,488745E-6
181,100000E-3	6,502902E-6
181,400000E-3	6,514943E-6
181,700000E-3	6,528738E-6
182,300000E-3	6,542667E-6
183,000000E-3	6,557422E-6
183,500000E-3	6,574218E-6
184,100000E-3	6,590754E-6
184,400000E-3	6,605499E-6
184,700000E-3	6,619566E-6
185,400000E-3	6,634840E-6
186,000000E-3	6,653543E-6
186,600000E-3	6,675771E-6
187,200000E-3	6,697292E-6
187,500000E-3	6,717077E-6
188,000000E-3	6,736510E-6
188,500000E-3	6,756965E-6
189,300000E-3	6,774875E-6
189,800000E-3	6,791619E-6
190,500000E-3	6,812019E-6
190,800000E-3	6,831050E-6
191,400000E-3	6,847397E-6
191,800000E-3	6,861231E-6
192,400000E-3	6,876481E-6
192,700000E-3	6,892817E-6
193,600000E-3	6,909495E-6
193,900000E-3	6,923066E-6
194,400000E-3	6,934775E-6
195,100000E-3	6,947713E-6
195,700000E-3	6,966335E-6
196,000000E-3	6,989400E-6
196,400000E-3	7,009297E-6
196,900000E-3	7,025540E-6
197,600000E-3	7,042265E-6
198,200000E-3	7,057858E-6
198,500000E-3	7,071068E-6
199,100000E-3	7,083013E-6
199,500000E-3	7,097099E-6
200,200000E-3	7,112891E-6
200,600000E-3	7,128619E-6
201,100000E-3	7,145170E-6
201,800000E-3	7,165163E-6
202,100000E-3	7,188320E-6
202,700000E-3	7,214538E-6
203,600000E-3	7,234016E-6
203,600000E-3	7,246766E-6
204,300000E-3	7,259298E-6
204,900000E-3	7,272759E-6
205,500000E-3	7,286588E-6
206,100000E-3	7,299526E-6
206,500000E-3	7,316762E-6
207,100000E-3	7,336524E-6
207,600000E-3	7,353206E-6
208,100000E-3	7,364825E-6
208,700000E-3	7,374608E-6
209,100000E-3	7,388373E-6
209,800000E-3	7,405499E-6
210,100000E-3	7,423056E-6
210,700000E-3	7,439447E-6
211,300000E-3	7,453640E-6
211,700000E-3	7,467118E-6
212,400000E-3	7,479885E-6
213,000000E-3	7,495204E-6
213,000000E-3	7,510838E-6
213,900000E-3	7,525151E-6
214,500000E-3	7,538272E-6
214,800000E-3	7,551717E-6
215,400000E-3	7,565242E-6
215,400000E-3	7,576412E-6
216,500000E-3	7,587097E-6
217,000000E-3	7,601870E-6
217,400000E-3	7,619713E-6
218,000000E-3	7,635806E-6
218,600000E-3	7,648730E-6
219,200000E-3	7,663245E-6
219,500000E-3	7,680334E-6
220,200000E-3	7,702953E-6
220,500000E-3	7,722901E-6
221,100000E-3	7,739110E-6
221,700000E-3	7,754371E-6
222,300000E-3	7,769121E-6
222,700000E-3	7,781004E-6
223,300000E-3	7,791698E-6
223,600000E-3	7,803849E-6
224,200000E-3	7,818601E-6
224,800000E-3	7,834966E-6
225,500000E-3	7,850439E-6
226,100000E-3	7,867077E-6
226,400000E-3	7,883090E-6
227,100000E-3	7,897984E-6
227,300000E-3	7,907125E-6
228,000000E-3	7,913179E-6
228,600000E-3	7,921542E-6
229,200000E-3	7,934006E-6
229,600000E-3	7,947166E-6
230,100000E-3	7,960114E-6
230,500000E-3	7,974108E-6
231,000000E-3	7,991935E-6
231,700000E-3	8,012645E-6
232,200000E-3	8,029868E-6
232,900000E-3	8,042423E-6
233,300000E-3	8,052700E-6
233,500000E-3	8,066891E-6
233,500000E-3	8,085532E-6
234,900000E-3	8,107498E-6
235,500000E-3	8,126112E-6
235,900000E-3	8,143907E-6
236,500000E-3	8,159385E-6
236,800000E-3	8,172992E-6
236,800000E-3	8,184181E-6
237,900000E-3	8,196271E-6
238,100000E-3	8,210825E-6
239,100000E-3	8,226129E-6
239,400000E-3	8,239669E-6
240,000000E-3	8,252973E-6
240,600000E-3	8,267334E-6
241,200000E-3	8,282254E-6
241,900000E-3	8,298106E-6
242,200000E-3	8,313740E-6
242,800000E-3	8,328932E-6
243,100000E-3	8,344081E-6
243,700000E-3	8,359370E-6
244,400000E-3	8,374378E-6
245,000000E-3	8,388491E-6
245,300000E-3	8,398242E-6
245,900000E-3	8,407495E-6
246,200000E-3	8,421019E-6
246,900000E-3	8,436045E-6
247,500000E-3	8,452227E-6
247,800000E-3	8,469715E-6
247,800000E-3	8,485862E-6
248,900000E-3	8,499593E-6
249,300000E-3	8,510978E-6
250,100000E-3	8,521382E-6
250,400000E-3	8,533305E-6
251,100000E-3	8,545798E-6
251,700000E-3	8,559897E-6
252,300000E-3	8,574567E-6
252,600000E-3	8,589086E-6
253,300000E-3	8,600819E-6
253,800000E-3	8,608770E-6
254,500000E-3	8,619280E-6
254,800000E-3	8,636332E-6
255,400000E-3	8,651610E-6
255,800000E-3	8,664331E-6
256,500000E-3	8,676636E-6
257,000000E-3	8,689461E-6
257,100000E-3	8,704831E-6
257,900000E-3	8,719433E-6
258,700000E-3	8,732246E-6
259,000000E-3	8,746018E-6
259,600000E-3	8,758051E-6
260,100000E-3	8,768525E-6
260,300000E-3	8,781583E-6
261,100000E-3	8,795433E-6
261,500000E-3	8,807454E-6
262,000000E-3	8,818731E-6
262,700000E-3	8,831243E-6
263,300000E-3	8,843581E-6
263,300000E-3	8,856123E-6
264,000000E-3	8,871527E-6
264,600000E-3	8,887652E-6
265,300000E-3	8,902633E-6
265,900000E-3	8,915395E-6
266,400000E-3	8,930039E-6
266,800000E-3	8,946909E-6
267,400000E-3	8,964493E-6
267,900000E-3	8,978206E-6
268,300000E-3	8,989688E-6
268,900000E-3	9,002265E-6
269,200000E-3	9,016731E-6
269,800000E-3	9,032022E-6
270,400000E-3	9,046583E-6
271,000000E-3	9,059711E-6
271,700000E-3	9,074217E-6
272,000000E-3	9,091264E-6
272,200000E-3	9,110963E-6
272,900000E-3	9,127877E-6
273,500000E-3	9,139208E-6
274,200000E-3	9,147617E-6
274,500000E-3	9,157057E-6
275,000000E-3	9,169353E-6
275,700000E-3	9,182098E-6
276,000000E-3	9,193867E-6
276,600000E-3	9,207648E-6
277,200000E-3	9,223404E-6
277,600000E-3	9,239978E-6
278,100000E-3	9,253342E-6
278,700000E-3	9,265742E-6
279,000000E-3	9,279823E-6
279,600000E-3	9,293078E-6
280,200000E-3	9,303221E-6
280,800000E-3	9,312419E-6
281,100000E-3	9,327141E-6
281,700000E-3	9,343844E-6
282,200000E-3	9,357364E-6
282,400000E-3	9,368568E-6
283,400000E-3	9,381598E-6
283,900000E-3	9,393090E-6
284,500000E-3	9,399735E-6
284,900000E-3	9,402699E-6
285,500000E-3	9,408693E-6
286,100000E-3	9,419277E-6
286,300000E-3	9,432797E-6
287,000000E-3	9,446352E-6
287,600000E-3	9,459124E-6
288,200000E-3	9,471438E-6
288,700000E-3	9,485446E-6
289,100000E-3	9,501717E-6
289,700000E-3	9,519995E-6
290,000000E-3	9,534639E-6
290,700000E-3	9,546684E-6
291,300000E-3	9,559826E-6
291,900000E-3	9,571602E-6
292,200000E-3	9,582172E-6
292,800000E-3	9,591744E-6
293,200000E-3	9,603513E-6
293,700000E-3	9,616202E-6
294,400000E-3	9,628619E-6
295,000000E-3	9,641355E-6
295,300000E-3	9,654955E-6
295,600000E-3	9,669707E-6
296,200000E-3	9,683925E-6
296,900000E-3	9,692321E-6
297,500000E-3	9,696678E-6
298,100000E-3	9,702998E-6
298,400000E-3	9,713104E-6
299,100000E-3	9,725734E-6
299,400000E-3	9,738666E-6
300,000000E-3	9,751561E-6
300,600000E-3	9,766731E-6
301,200000E-3	9,782553E-6
301,500000E-3	9,797007E-6
301,900000E-3	9,809447E-6
302,500000E-3	9,821468E-6
303,100000E-3	9,831903E-6
303,700000E-3	9,840341E-6
304,400000E-3	9,847347E-6
304,700000E-3	9,855206E-6
305,300000E-3	9,864913E-6
305,600000E-3	9,873529E-6
306,200000E-3	9,882644E-6
306,900000E-3	9,894087E-6
307,400000E-3	9,908406E-6
307,800000E-3	9,924898E-6
308,100000E-3	9,941396E-6
308,700000E-3	9,954332E-6
309,300000E-3	9,964230E-6
309,900000E-3	9,974153E-6
310,300000E-3	9,984252E-6
310,900000E-3	9,993017E-6
311,200000E-3	10,001471E-6
311,800000E-3	10,010203E-6
312,400000E-3	10,019957E-6
313,100000E-3	10,033911E-6
313,400000E-3	10,048727E-6
314,000000E-3	10,060998E-6
314,400000E-3	10,070759E-6
314,900000E-3	10,080961E-6
315,600000E-3	10,089312E-6
316,000000E-3	10,094029E-6
316,400000E-3	10,099833E-6
317,000000E-3	10,107220E-6
317,600000E-3	10,115789E-6
318,200000E-3	10,125819E-6
318,500000E-3	10,133804E-6
319,000000E-3	10,140180E-6
319,700000E-3	10,147928E-6
320,300000E-3	10,154733E-6
320,500000E-3	10,161185E-6
321,100000E-3	10,169047E-6
321,700000E-3	10,177740E-6
322,300000E-3	10,187703E-6
322,300000E-3	10,200500E-6
323,200000E-3	10,215274E-6
323,800000E-3	10,229528E-6
324,300000E-3	10,242894E-6
325,000000E-3	10,254088E-6
325,200000E-3	10,262129E-6
325,800000E-3	10,270793E-6
326,400000E-3	10,281651E-6
326,900000E-3	10,291162E-6
327,500000E-3	10,298664E-6
328,000000E-3	10,304298E-6
328,600000E-3	10,312608E-6
328,900000E-3	10,324669E-6
329,500000E-3	10,342648E-6
330,100000E-3	10,359196E-6
330,700000E-3	10,369615E-6
331,200000E-3	10,376340E-6
331,800000E-3	10,382979E-6
332,100000E-3	10,389361E-6
332,600000E-3	10,395278E-6
333,200000E-3	10,402371E-6
333,800000E-3	10,412078E-6
334,100000E-3	10,420739E-6
334,700000E-3	10,425335E-6
335,000000E-3	10,428517E-6
335,800000E-3	10,434073E-6
336,100000E-3	10,444379E-6
336,700000E-3	10,457934E-6
337,200000E-3	10,467335E-6
337,900000E-3	10,471372E-6
338,100000E-3	10,475340E-6
338,800000E-3	10,483531E-6
339,200000E-3	10,498478E-6
339,800000E-3	10,518043E-6
340,400000E-3	10,533722E-6
341,000000E-3	10,542321E-6
341,200000E-3	10,548423E-6
341,800000E-3	10,556842E-6
342,400000E-3	10,570731E-6
343,000000E-3	10,590354E-6
343,600000E-3	10,609782E-6
344,100000E-3	10,625840E-6
344,600000E-3	10,637592E-6
345,200000E-3	10,645193E-6
345,700000E-3	10,649609E-6
346,400000E-3	10,654307E-6
346,700000E-3	10,662579E-6
347,300000E-3	10,673011E-6
347,800000E-3	10,684544E-6
348,400000E-3	10,696410E-6
348,700000E-3	10,709822E-6
349,300000E-3	10,723196E-6
349,800000E-3	10,734005E-6
350,400000E-3	10,744464E-6
350,900000E-3	10,753203E-6
351,500000E-3	10,757757E-6
351,800000E-3	10,761967E-6
352,400000E-3	10,768779E-6
353,000000E-3	10,777504E-6
353,500000E-3	10,784840E-6
353,900000E-3	10,788788E-6
354,700000E-3	10,792973E-6
355,300000E-3	10,801327E-6
355,500000E-3	10,812768E-6
356,100000E-3	10,824919E-6
356,700000E-3	10,837623E-6
357,200000E-3	10,850631E-6
357,800000E-3	10,861605E-6
358,400000E-3	10,870055E-6
358,700000E-3	10,875918E-6
359,300000E-3	10,879410E-6
359,800000E-3	10,884438E-6
360,400000E-3	10,894066E-6
360,700000E-3	10,906902E-6
361,500000E-3	10,916333E-6
361,800000E-3	10,921977E-6
362,400000E-3	10,929531E-6
362,900000E-3	10,941078E-6
363,400000E-3	10,952400E-6
363,800000E-3	10,962233E-6
364,600000E-3	10,968821E-6
364,900000E-3	10,976289E-6
365,500000E-3	10,987675E-6
366,100000E-3	10,999056E-6
366,700000E-3	11,011005E-6
367,000000E-3	11,024301E-6
367,600000E-3	11,034674E-6
368,100000E-3	11,043832E-6
368,700000E-3	11,055542E-6
369,300000E-3	11,067547E-6
369,600000E-3	11,074843E-6
370,100000E-3	11,074182E-6
371,000000E-3	11,073061E-6
371,300000E-3	11,075966E-6
371,600000E-3	11,081453E-6
372,200000E-3	11,091139E-6
372,200000E-3	11,101765E-6
373,200000E-3	11,110418E-6
373,700000E-3	11,117784E-6
374,600000E-3	11,125001E-6
374,600000E-3	11,132203E-6
375,300000E-3	11,140803E-6
375,900000E-3	11,152862E-6
376,200000E-3	11,166267E-6
376,900000E-3	11,178456E-6
377,500000E-3	11,190520E-6
378,000000E-3	11,200714E-6
378,300000E-3	11,208698E-6
379,100000E-3	11,215449E-6
379,600000E-3	11,223699E-6
380,100000E-3	11,233268E-6
380,700000E-3	11,242282E-6
381,000000E-3	11,249123E-6
381,900000E-3	11,255957E-6
382,200000E-3	11,265293E-6
382,500000E-3	11,283117E-6
383,000000E-3	11,308989E-6
383,800000E-3	11,336689E-6
384,100000E-3	11,358240E-6
384,700000E-3	11,368923E-6
385,300000E-3	11,374140E-6
385,900000E-3	11,379785E-6
386,200000E-3	11,383201E-6
386,800000E-3	11,386029E-6
387,600000E-3	11,392847E-6
387,800000E-3	11,402751E-6
388,400000E-3	11,412009E-6
388,700000E-3	11,423045E-6
389,400000E-3	11,437543E-6
389,900000E-3	11,451304E-6
390,800000E-3	11,463686E-6
391,400000E-3	11,474356E-6
391,600000E-3	11,479435E-6
392,200000E-3	11,481117E-6
392,800000E-3	11,483877E-6
393,400000E-3	11,490900E-6
393,600000E-3	11,502045E-6
394,500000E-3	11,514119E-6
394,800000E-3	11,522857E-6
395,400000E-3	11,532042E-6
396,000000E-3	11,542658E-6
396,200000E-3	11,553132E-6
396,800000E-3	11,560075E-6
397,400000E-3	11,562324E-6
398,000000E-3	11,564725E-6
398,500000E-3	11,570672E-6
399,100000E-3	11,579265E-6
399,400000E-3	11,588521E-6
399,800000E-3	11,595698E-6
400,400000E-3	11,602161E-6
400,900000E-3	11,611428E-6
401,600000E-3	11,622540E-6
401,900000E-3	11,633447E-6
402,500000E-3	11,643857E-6
403,000000E-3	11,653742E-6
403,700000E-3	11,664057E-6
404,200000E-3	11,671210E-6
404,800000E-3	11,674346E-6
405,100000E-3	11,679920E-6
405,900000E-3	11,687707E-6
406,200000E-3	11,693187E-6
406,700000E-3	11,697183E-6
407,300000E-3	11,705546E-6
407,900000E-3	11,719236E-6
408,200000E-3	11,735923E-6
409,000000E-3	11,751489E-6
409,400000E-3	11,765722E-6
409,600000E-3	11,779882E-6
410,500000E-3	11,792935E-6
410,800000E-3	11,803786E-6
411,300000E-3	11,814677E-6
412,100000E-3	11,824881E-6
412,500000E-3	11,835778E-6
413,100000E-3	11,849680E-6
413,500000E-3	11,863121E-6
414,200000E-3	11,870917E-6
414,500000E-3	11,875408E-6
415,000000E-3	11,878766E-6
415,000000E-3	11,879438E-6
416,100000E-3	11,879488E-6
416,300000E-3	11,883298E-6
417,200000E-3	11,889788E-6
417,500000E-3	11,898800E-6
418,100000E-3	11,908486E-6
418,700000E-3	11,915823E-6
419,300000E-3	11,922446E-6
419,600000E-3	11,929261E-6
420,100000E-3	11,936944E-6
420,700000E-3	11,944533E-6
421,000000E-3	11,949354E-6
421,700000E-3	11,952366E-6
422,200000E-3	11,958836E-6
422,800000E-3	11,971099E-6
423,500000E-3	11,983258E-6
423,800000E-3	11,991762E-6
424,600000E-3	11,995747E-6
425,200000E-3	12,000819E-6
425,700000E-3	12,008385E-6
426,000000E-3	12,016978E-6
426,900000E-3	12,026358E-6
427,200000E-3	12,032277E-6
427,500000E-3	12,034061E-6
428,300000E-3	12,039819E-6
428,900000E-3	12,051543E-6
429,200000E-3	12,066995E-6
429,700000E-3	12,083058E-6
430,300000E-3	12,094688E-6
430,900000E-3	12,105307E-6
431,400000E-3	12,116263E-6
432,000000E-3	12,123208E-6
432,300000E-3	12,126258E-6
432,900000E-3	12,130811E-6
433,500000E-3	12,138694E-6
434,000000E-3	12,147391E-6
434,000000E-3	12,155381E-6
434,700000E-3	12,163695E-6
435,200000E-3	12,173546E-6
435,200000E-3	12,181662E-6
436,500000E-3	12,186227E-6
437,100000E-3	12,191954E-6
437,400000E-3	12,199733E-6
437,900000E-3	12,201894E-6
438,600000E-3	12,200878E-6
439,100000E-3	12,204660E-6
439,400000E-3	12,216223E-6
440,300000E-3	12,229320E-6
440,500000E-3	12,241721E-6
441,100000E-3	12,252090E-6
441,400000E-3	12,260925E-6
442,100000E-3	12,268488E-6
442,700000E-3	12,275719E-6
443,300000E-3	12,285439E-6
443,500000E-3	12,298414E-6
444,300000E-3	12,313855E-6
444,800000E-3	12,327509E-6
445,400000E-3	12,335161E-6
445,700000E-3	12,337895E-6
446,200000E-3	12,340622E-6
447,000000E-3	12,344519E-6
447,400000E-3	12,353233E-6
447,700000E-3	12,364390E-6
448,500000E-3	12,374126E-6
448,800000E-3	12,386567E-6
449,400000E-3	12,396502E-6
450,100000E-3	12,402423E-6
450,600000E-3	12,407293E-6
450,800000E-3	12,411738E-6
451,500000E-3	12,421007E-6
452,000000E-3	12,434653E-6
452,600000E-3	12,447852E-6
453,100000E-3	12,458160E-6
453,600000E-3	12,463929E-6
454,000000E-3	12,466660E-6
454,600000E-3	12,472357E-6
455,200000E-3	12,485015E-6
455,800000E-3	12,500816E-6
456,300000E-3	12,513893E-6
456,500000E-3	12,525859E-6
457,100000E-3	12,537217E-6
457,700000E-3	12,546591E-6
458,300000E-3	12,557720E-6
458,900000E-3	12,571183E-6
459,400000E-3	12,579233E-6
459,900000E-3	12,580939E-6
459,900000E-3	12,582571E-6
460,900000E-3	12,587567E-6
460,900000E-3	12,595776E-6
462,100000E-3	12,605679E-6
462,500000E-3	12,615738E-6
463,000000E-3	12,627082E-6
463,500000E-3	12,637790E-6
464,100000E-3	12,651441E-6
464,700000E-3	12,658546E-6
465,000000E-3	12,663210E-6
465,900000E-3	12,670400E-6
466,100000E-3	12,680656E-6
466,100000E-3	12,694651E-6
467,400000E-3	12,709716E-6
467,400000E-3	12,720417E-6
468,500000E-3	12,729481E-6
468,800000E-3	12,740534E-6
469,400000E-3	12,753491E-6
470,000000E-3	12,761808E-6
470,600000E-3	12,764121E-6
470,900000E-3	12,765066E-6
471,400000E-3	12,771466E-6
472,000000E-3	12,785424E-6
472,600000E-3	12,802266E-6
473,100000E-3	12,817249E-6
473,700000E-3	12,826328E-6
474,300000E-3	12,835587E-6
474,500000E-3	12,847219E-6
475,200000E-3	12,857715E-6
475,200000E-3	12,863264E-6
476,300000E-3	12,868130E-6
476,600000E-3	12,879096E-6
476,900000E-3	12,894303E-6
477,900000E-3	12,904615E-6
478,100000E-3	12,912468E-6
478,700000E-3	12,923511E-6
478,700000E-3	12,939091E-6
479,900000E-3	12,955501E-6
480,400000E-3	12,969059E-6
481,000000E-3	12,978640E-6
481,600000E-3	12,985803E-6
482,100000E-3	12,993891E-6
482,700000E-3	13,003916E-6
483,300000E-3	13,015292E-6
483,600000E-3	13,028435E-6
484,200000E-3	13,042824E-6
484,500000E-3	13,057829E-6
484,500000E-3	13,073948E-6
485,700000E-3	13,087175E-6
486,300000E-3	13,095247E-6
486,600000E-3	13,096951E-6
487,200000E-3	13,097631E-6
487,700000E-3	13,103599E-6
488,300000E-3	13,114543E-6
488,600000E-3	13,124336E-6
489,400000E-3	13,129812E-6
489,700000E-3	13,136942E-6
490,300000E-3	13,144203E-6
490,800000E-3	13,151198E-6
491,600000E-3	13,161393E-6
491,900000E-3	13,173401E-6
492,500000E-3	13,183814E-6
493,000000E-3	13,190345E-6
493,700000E-3	13,197354E-6
494,000000E-3	13,205655E-6
494,500000E-3	13,215170E-6
495,100000E-3	13,227218E-6
495,400000E-3	13,242704E-6
496,100000E-3	13,259473E-6
496,500000E-3	13,273130E-6
497,400000E-3	13,284822E-6
497,700000E-3	13,298277E-6
498,300000E-3	13,312291E-6
498,600000E-3	13,322949E-6
499,200000E-3	13,329031E-6
499,700000E-3	13,331618E-6
500,100000E-3	13,337659E-6
