-500,800000E-3	13,708845E-6
-500,900000E-3	13,792458E-6
-501,100000E-3	13,798207E-6
-501,200000E-3	13,803446E-6
-501,100000E-3	13,807516E-6
-501,000000E-3	13,807805E-6
-500,900000E-3	13,806432E-6
-500,500000E-3	13,807838E-6
-500,300000E-3	13,807677E-6
-500,000000E-3	13,803286E-6
-499,700000E-3	13,799730E-6
-499,200000E-3	13,796807E-6
-499,000000E-3	13,793766E-6
-498,600000E-3	13,788824E-6
-498,100000E-3	13,780025E-6
-497,700000E-3	13,770096E-6
-497,400000E-3	13,762635E-6
-496,700000E-3	13,756601E-6
-496,400000E-3	13,748517E-6
-496,100000E-3	13,736165E-6
-495,300000E-3	13,722706E-6
-495,100000E-3	13,711517E-6
-494,600000E-3	13,700343E-6
-494,000000E-3	13,685577E-6
-493,500000E-3	13,670696E-6
-492,900000E-3	13,656709E-6
-492,700000E-3	13,644445E-6
-491,800000E-3	13,631599E-6
-491,500000E-3	13,619355E-6
-491,000000E-3	13,613068E-6
-490,400000E-3	13,610472E-6
-489,800000E-3	13,601852E-6
-489,600000E-3	13,587762E-6
-489,000000E-3	13,573666E-6
-488,400000E-3	13,561782E-6
-487,900000E-3	13,550675E-6
-487,400000E-3	13,541824E-6
-486,700000E-3	13,533430E-6
-486,400000E-3	13,522600E-6
-485,900000E-3	13,510697E-6
-485,300000E-3	13,498093E-6
-484,800000E-3	13,484432E-6
-484,500000E-3	13,470398E-6
-483,900000E-3	13,452998E-6
-483,000000E-3	13,435849E-6
-482,700000E-3	13,421583E-6
-482,200000E-3	13,408619E-6
-481,600000E-3	13,392364E-6
-481,000000E-3	13,373415E-6
-480,700000E-3	13,352078E-6
-480,100000E-3	13,326965E-6
-479,500000E-3	13,307327E-6
-479,000000E-3	13,292325E-6
-478,500000E-3	13,277592E-6
-477,900000E-3	13,266148E-6
-477,300000E-3	13,255801E-6
-477,000000E-3	13,244920E-6
-476,400000E-3	13,230770E-6
-475,500000E-3	13,214761E-6
-475,200000E-3	13,196566E-6
-474,700000E-3	13,178237E-6
-474,100000E-3	13,164876E-6
-473,500000E-3	13,156338E-6
-473,300000E-3	13,149350E-6
-472,700000E-3	13,140104E-6
-472,100000E-3	13,126467E-6
-471,500000E-3	13,111150E-6
-471,200000E-3	13,098120E-6
-470,400000E-3	13,087619E-6
-470,100000E-3	13,076959E-6
-469,500000E-3	13,063817E-6
-469,000000E-3	13,050623E-6
-468,400000E-3	13,039669E-6
-468,100000E-3	13,029876E-6
-467,500000E-3	13,017069E-6
-466,900000E-3	12,999997E-6
-466,300000E-3	12,979599E-6
-466,000000E-3	12,960872E-6
-465,200000E-3	12,948944E-6
-464,600000E-3	12,939504E-6
-464,400000E-3	12,929762E-6
-463,700000E-3	12,916668E-6
-463,200000E-3	12,896369E-6
-462,900000E-3	12,874049E-6
-462,300000E-3	12,856299E-6
-461,500000E-3	12,843100E-6
-461,200000E-3	12,831250E-6
-460,600000E-3	12,817912E-6
-460,000000E-3	12,803699E-6
-459,400000E-3	12,790482E-6
-459,200000E-3	12,780873E-6
-458,600000E-3	12,773756E-6
-458,000000E-3	12,768139E-6
-457,400000E-3	12,761549E-6
-457,100000E-3	12,751264E-6
-456,300000E-3	12,732769E-6
-456,000000E-3	12,710999E-6
-455,400000E-3	12,690173E-6
-454,800000E-3	12,672837E-6
-454,300000E-3	12,661430E-6
-453,700000E-3	12,648231E-6
-453,400000E-3	12,632622E-6
-452,600000E-3	12,618037E-6
-452,300000E-3	12,605770E-6
-451,700000E-3	12,593604E-6
-451,100000E-3	12,583206E-6
-450,500000E-3	12,573110E-6
-449,900000E-3	12,562951E-6
-449,700000E-3	12,554662E-6
-449,000000E-3	12,544514E-6
-448,500000E-3	12,527860E-6
-447,900000E-3	12,510427E-6
-447,400000E-3	12,497397E-6
-446,800000E-3	12,482537E-6
-446,600000E-3	12,463665E-6
-445,900000E-3	12,446315E-6
-445,400000E-3	12,430828E-6
-444,800000E-3	12,414068E-6
-444,300000E-3	12,396973E-6
-443,600000E-3	12,381379E-6
-443,400000E-3	12,369676E-6
-442,800000E-3	12,364842E-6
-442,200000E-3	12,355904E-6
-441,700000E-3	12,337770E-6
-441,000000E-3	12,317752E-6
-440,800000E-3	12,301409E-6
-440,100000E-3	12,285595E-6
-439,300000E-3	12,264790E-6
-439,000000E-3	12,248859E-6
-438,500000E-3	12,238475E-6
-437,900000E-3	12,233172E-6
-437,300000E-3	12,225505E-6
-437,100000E-3	12,212597E-6
-436,300000E-3	12,196579E-6
-435,900000E-3	12,180269E-6
-435,300000E-3	12,168147E-6
-434,700000E-3	12,161534E-6
-434,200000E-3	12,153640E-6
-433,900000E-3	12,140113E-6
-433,300000E-3	12,122321E-6
-432,500000E-3	12,099459E-6
-432,200000E-3	12,077716E-6
-431,600000E-3	12,062480E-6
-431,100000E-3	12,052255E-6
-430,500000E-3	12,041999E-6
-430,200000E-3	12,031254E-6
-429,600000E-3	12,017789E-6
-429,000000E-3	12,001520E-6
-428,400000E-3	11,986124E-6
-427,900000E-3	11,974880E-6
-427,600000E-3	11,963996E-6
-427,000000E-3	11,952732E-6
-426,400000E-3	11,945833E-6
-425,800000E-3	11,945701E-6
-425,200000E-3	11,947968E-6
-424,900000E-3	11,945747E-6
-424,400000E-3	11,934894E-6
-423,800000E-3	11,915355E-6
-423,300000E-3	11,893098E-6
-422,700000E-3	11,873800E-6
-422,100000E-3	11,858389E-6
-421,800000E-3	11,846231E-6
-421,300000E-3	11,833854E-6
-420,700000E-3	11,822278E-6
-420,100000E-3	11,809538E-6
-419,800000E-3	11,795618E-6
-419,000000E-3	11,783407E-6
-418,700000E-3	11,770753E-6
-418,100000E-3	11,754915E-6
-417,500000E-3	11,740208E-6
-416,900000E-3	11,727027E-6
-416,400000E-3	11,712555E-6
-416,100000E-3	11,697257E-6
-415,400000E-3	11,681767E-6
-415,000000E-3	11,670198E-6
-414,700000E-3	11,659184E-6
-413,800000E-3	11,647618E-6
-413,200000E-3	11,636142E-6
-412,900000E-3	11,621474E-6
-412,400000E-3	11,603208E-6
-411,800000E-3	11,587077E-6
-411,200000E-3	11,572908E-6
-410,900000E-3	11,561737E-6
-410,100000E-3	11,550140E-6
-409,500000E-3	11,539134E-6
-409,200000E-3	11,529611E-6
-408,600000E-3	11,515524E-6
-408,000000E-3	11,499484E-6
-407,800000E-3	11,483357E-6
-407,200000E-3	11,469868E-6
-406,400000E-3	11,459425E-6
-405,800000E-3	11,446531E-6
-405,200000E-3	11,437428E-6
-404,900000E-3	11,432528E-6
-404,300000E-3	11,424214E-6
-403,700000E-3	11,413984E-6
-403,100000E-3	11,404615E-6
-402,700000E-3	11,394548E-6
-402,000000E-3	11,382024E-6
-401,700000E-3	11,369709E-6
-401,200000E-3	11,356405E-6
-400,500000E-3	11,340735E-6
-400,000000E-3	11,324925E-6
-399,700000E-3	11,314197E-6
-399,200000E-3	11,305372E-6
-398,600000E-3	11,295572E-6
-398,000000E-3	11,283317E-6
-397,600000E-3	11,268380E-6
-396,800000E-3	11,251128E-6
-396,600000E-3	11,237860E-6
-396,000000E-3	11,227605E-6
-395,500000E-3	11,214979E-6
-394,900000E-3	11,201010E-6
-394,300000E-3	11,190920E-6
-393,800000E-3	11,184196E-6
-393,100000E-3	11,174678E-6
-392,900000E-3	11,162676E-6
-392,300000E-3	11,147607E-6
-391,700000E-3	11,130057E-6
-391,100000E-3	11,115295E-6
-390,500000E-3	11,103880E-6
-390,200000E-3	11,093411E-6
-389,400000E-3	11,081169E-6
-389,100000E-3	11,066949E-6
-388,500000E-3	11,048607E-6
-388,000000E-3	11,034673E-6
-387,400000E-3	11,024539E-6
-387,100000E-3	11,016762E-6
-386,500000E-3	11,013819E-6
-386,000000E-3	11,011303E-6
-385,400000E-3	11,002643E-6
-384,800000E-3	10,984096E-6
-384,300000E-3	10,962357E-6
-383,700000E-3	10,940059E-6
-383,400000E-3	10,919814E-6
-382,800000E-3	10,903760E-6
-382,200000E-3	10,891157E-6
-381,600000E-3	10,879968E-6
-381,400000E-3	10,871049E-6
-380,600000E-3	10,864934E-6
-380,200000E-3	10,857491E-6
-379,600000E-3	10,847797E-6
-379,000000E-3	10,841034E-6
-378,500000E-3	10,834800E-6
-378,200000E-3	10,822560E-6
-377,600000E-3	10,803970E-6
-377,000000E-3	10,783481E-6
-376,500000E-3	10,766109E-6
-376,200000E-3	10,753893E-6
-375,300000E-3	10,746538E-6
-374,700000E-3	10,738852E-6
-374,100000E-3	10,724580E-6
-373,800000E-3	10,706465E-6
-373,300000E-3	10,693219E-6
-372,700000E-3	10,684959E-6
-372,100000E-3	10,674111E-6
-371,600000E-3	10,659908E-6
-371,000000E-3	10,648780E-6
-370,700000E-3	10,642953E-6
-370,200000E-3	10,634042E-6
-369,500000E-3	10,619241E-6
-368,900000E-3	10,600791E-6
-368,600000E-3	10,583405E-6
-368,000000E-3	10,566332E-6
-367,500000E-3	10,550317E-6
-367,000000E-3	10,538864E-6
-366,400000E-3	10,531048E-6
-366,100000E-3	10,527482E-6
-365,500000E-3	10,524993E-6
-365,200000E-3	10,519502E-6
-364,300000E-3	10,510347E-6
-363,800000E-3	10,497422E-6
-363,500000E-3	10,481979E-6
-362,900000E-3	10,465608E-6
-362,400000E-3	10,451458E-6
-361,700000E-3	10,440900E-6
-361,400000E-3	10,431058E-6
-360,600000E-3	10,417892E-6
-360,300000E-3	10,400193E-6
-359,800000E-3	10,382677E-6
-359,200000E-3	10,366523E-6
-358,600000E-3	10,348608E-6
-358,400000E-3	10,337138E-6
-357,700000E-3	10,329615E-6
-357,000000E-3	10,319838E-6
-356,600000E-3	10,307630E-6
-356,300000E-3	10,294747E-6
-355,400000E-3	10,284268E-6
-354,800000E-3	10,274740E-6
-354,600000E-3	10,263376E-6
-354,000000E-3	10,252927E-6
-353,400000E-3	10,244326E-6
-352,800000E-3	10,234329E-6
-352,600000E-3	10,223447E-6
-351,700000E-3	10,212239E-6
-351,500000E-3	10,202148E-6
-350,800000E-3	10,194935E-6
-350,300000E-3	10,186935E-6
-349,700000E-3	10,176419E-6
-349,400000E-3	10,165184E-6
-348,800000E-3	10,153032E-6
-348,200000E-3	10,139801E-6
-347,600000E-3	10,127599E-6
-347,300000E-3	10,115826E-6
-346,600000E-3	10,103157E-6
-346,200000E-3	10,091851E-6
-345,600000E-3	10,079070E-6
-345,000000E-3	10,061172E-6
-344,400000E-3	10,042266E-6
-343,900000E-3	10,026458E-6
-343,600000E-3	10,013884E-6
-342,900000E-3	9,998646E-6
-342,400000E-3	9,982751E-6
-342,200000E-3	9,970601E-6
-341,300000E-3	9,961892E-6
-340,700000E-3	9,950968E-6
-340,400000E-3	9,938783E-6
-340,000000E-3	9,929215E-6
-339,300000E-3	9,922815E-6
-338,700000E-3	9,918240E-6
-338,400000E-3	9,910415E-6
-337,700000E-3	9,896231E-6
-337,300000E-3	9,877374E-6
-336,700000E-3	9,857257E-6
-336,100000E-3	9,837959E-6
-335,600000E-3	9,822548E-6
-335,200000E-3	9,809095E-6
-334,700000E-3	9,796112E-6
-334,100000E-3	9,784271E-6
-333,800000E-3	9,774529E-6
-333,300000E-3	9,765058E-6
-332,400000E-3	9,753346E-6
-332,100000E-3	9,741560E-6
-331,500000E-3	9,730258E-6
-331,200000E-3	9,721177E-6
-330,300000E-3	9,710698E-6
-330,000000E-3	9,698315E-6
-329,400000E-3	9,685929E-6
-328,900000E-3	9,672047E-6
-328,300000E-3	9,656879E-6
-328,000000E-3	9,648022E-6
-327,400000E-3	9,644222E-6
-326,900000E-3	9,637785E-6
-326,300000E-3	9,627891E-6
-325,800000E-3	9,618564E-6
-325,200000E-3	9,606217E-6
-324,900000E-3	9,589372E-6
-324,300000E-3	9,572726E-6
-323,700000E-3	9,557342E-6
-323,000000E-3	9,540154E-6
-322,800000E-3	9,523094E-6
-322,200000E-3	9,510107E-6
-321,500000E-3	9,497715E-6
-321,100000E-3	9,483586E-6
-320,500000E-3	9,470174E-6
-319,900000E-3	9,456717E-6
-319,300000E-3	9,443603E-6
-319,000000E-3	9,432848E-6
-318,500000E-3	9,423885E-6
-318,000000E-3	9,416730E-6
-317,300000E-3	9,410361E-6
-316,700000E-3	9,401545E-6
-316,400000E-3	9,391556E-6
-316,100000E-3	9,379461E-6
-315,300000E-3	9,364863E-6
-314,900000E-3	9,349004E-6
-314,300000E-3	9,334088E-6
-313,900000E-3	9,321299E-6
-313,300000E-3	9,309952E-6
-312,800000E-3	9,298732E-6
-312,100000E-3	9,287526E-6
-311,900000E-3	9,275451E-6
-311,200000E-3	9,262898E-6
-310,600000E-3	9,251467E-6
-310,100000E-3	9,243371E-6
-309,800000E-3	9,233835E-6
-309,100000E-3	9,218167E-6
-308,600000E-3	9,198791E-6
-307,900000E-3	9,186203E-6
-307,300000E-3	9,174575E-6
-307,000000E-3	9,161712E-6
-306,400000E-3	9,151496E-6
-306,000000E-3	9,143454E-6
-305,400000E-3	9,132009E-6
-304,900000E-3	9,119628E-6
-304,300000E-3	9,107028E-6
-304,000000E-3	9,093714E-6
-303,400000E-3	9,079759E-6
-302,800000E-3	9,066352E-6
-302,500000E-3	9,052677E-6
-302,000000E-3	9,036016E-6
-301,300000E-3	9,020680E-6
-300,700000E-3	9,007537E-6
-300,100000E-3	8,993195E-6
-299,800000E-3	8,980314E-6
-299,500000E-3	8,969280E-6
-298,800000E-3	8,959851E-6
-298,000000E-3	8,950805E-6
-297,700000E-3	8,941880E-6
-297,400000E-3	8,932042E-6
-296,800000E-3	8,919279E-6
-296,200000E-3	8,905176E-6
-295,500000E-3	8,894362E-6
-295,000000E-3	8,883132E-6
-294,700000E-3	8,869751E-6
-294,100000E-3	8,855768E-6
-293,500000E-3	8,843471E-6
-292,800000E-3	8,833118E-6
-292,600000E-3	8,820950E-6
-291,900000E-3	8,807637E-6
-291,300000E-3	8,796303E-6
-290,800000E-3	8,786627E-6
-290,200000E-3	8,774593E-6
-289,800000E-3	8,763198E-6
-289,500000E-3	8,752245E-6
-288,900000E-3	8,739863E-6
-288,100000E-3	8,727337E-6
-287,600000E-3	8,712501E-6
-287,100000E-3	8,695708E-6
-286,800000E-3	8,679042E-6
-286,200000E-3	8,662206E-6
-285,600000E-3	8,646920E-6
-285,000000E-3	8,634868E-6
-284,400000E-3	8,622963E-6
-284,100000E-3	8,610124E-6
-283,500000E-3	8,595699E-6
-282,900000E-3	8,582015E-6
-282,300000E-3	8,566149E-6
-282,000000E-3	8,552078E-6
-281,300000E-3	8,538892E-6
-280,900000E-3	8,528603E-6
-280,200000E-3	8,518275E-6
-279,800000E-3	8,506112E-6
-279,500000E-3	8,493261E-6
-279,000000E-3	8,484824E-6
-278,100000E-3	8,479430E-6
-277,800000E-3	8,473388E-6
-277,200000E-3	8,465923E-6
-276,800000E-3	8,453864E-6
-276,300000E-3	8,437354E-6
-275,700000E-3	8,419885E-6
-275,400000E-3	8,403892E-6
-274,700000E-3	8,390901E-6
-274,100000E-3	8,378816E-6
-273,500000E-3	8,364730E-6
-273,200000E-3	8,349051E-6
-272,600000E-3	8,332711E-6
-272,300000E-3	8,315862E-6
-271,500000E-3	8,302727E-6
-271,100000E-3	8,293384E-6
-270,500000E-3	8,286009E-6
-270,200000E-3	8,278812E-6
-269,600000E-3	8,270733E-6
-269,000000E-3	8,260082E-6
-268,400000E-3	8,245839E-6
-267,800000E-3	8,227445E-6
-267,500000E-3	8,208704E-6
-266,900000E-3	8,193877E-6
-266,300000E-3	8,182343E-6
-265,600000E-3	8,170512E-6
-265,400000E-3	8,158634E-6
-264,800000E-3	8,147136E-6
-264,300000E-3	8,136156E-6
-263,900000E-3	8,124137E-6
-263,300000E-3	8,111889E-6
-263,000000E-3	8,099821E-6
-262,400000E-3	8,088842E-6
-261,800000E-3	8,079163E-6
-261,200000E-3	8,067374E-6
-260,900000E-3	8,053466E-6
-260,300000E-3	8,040069E-6
-259,700000E-3	8,026936E-6
-259,100000E-3	8,012674E-6
-258,800000E-3	7,997791E-6
-258,200000E-3	7,985247E-6
-257,600000E-3	7,972514E-6
-257,000000E-3	7,957681E-6
-256,700000E-3	7,943809E-6
-256,100000E-3	7,934073E-6
-255,500000E-3	7,925024E-6
-255,000000E-3	7,914377E-6
-254,500000E-3	7,900908E-6
-253,900000E-3	7,887430E-6
-253,300000E-3	7,875909E-6
-253,000000E-3	7,864010E-6
-252,300000E-3	7,851070E-6
-251,800000E-3	7,836150E-6
-251,400000E-3	7,820203E-6
-250,900000E-3	7,802842E-6
-250,200000E-3	7,786337E-6
-249,600000E-3	7,773160E-6
-249,000000E-3	7,761194E-6
-248,700000E-3	7,750011E-6
-248,100000E-3	7,741825E-6
-247,600000E-3	7,733113E-6
-246,900000E-3	7,721332E-6
-246,600000E-3	7,707952E-6
-246,000000E-3	7,692574E-6
-245,700000E-3	7,673261E-6
-245,100000E-3	7,656598E-6
-244,500000E-3	7,641629E-6
-243,900000E-3	7,626214E-6
-243,600000E-3	7,615008E-6
-243,000000E-3	7,608329E-6
-242,400000E-3	7,600023E-6
-241,800000E-3	7,587868E-6
-241,500000E-3	7,572425E-6
-240,800000E-3	7,552992E-6
-240,400000E-3	7,533767E-6
-239,700000E-3	7,515764E-6
-239,000000E-3	7,501438E-6
-238,700000E-3	7,491582E-6
-238,100000E-3	7,482573E-6
-237,800000E-3	7,470818E-6
-237,100000E-3	7,453052E-6
-236,600000E-3	7,435788E-6
-236,100000E-3	7,423112E-6
-235,800000E-3	7,412187E-6
-235,100000E-3	7,400447E-6
-234,500000E-3	7,388846E-6
-233,900000E-3	7,374441E-6
-233,600000E-3	7,357557E-6
-233,000000E-3	7,341324E-6
-232,400000E-3	7,327156E-6
-231,800000E-3	7,313264E-6
-231,100000E-3	7,296807E-6
-230,800000E-3	7,281130E-6
-230,500000E-3	7,268582E-6
-229,900000E-3	7,261282E-6
-229,300000E-3	7,255889E-6
-228,700000E-3	7,247449E-6
-228,100000E-3	7,234376E-6
-227,800000E-3	7,220390E-6
-227,100000E-3	7,205037E-6
-226,800000E-3	7,187237E-6
-226,200000E-3	7,168478E-6
-225,500000E-3	7,149707E-6
-225,000000E-3	7,136224E-6
-224,300000E-3	7,125413E-6
-224,000000E-3	7,113321E-6
-223,400000E-3	7,101723E-6
-223,000000E-3	7,089062E-6
-222,400000E-3	7,075203E-6
-221,800000E-3	7,060792E-6
-221,200000E-3	7,048632E-6
-220,900000E-3	7,037201E-6
-220,200000E-3	7,025464E-6
-220,000000E-3	7,013264E-6
-219,300000E-3	7,000223E-6
-218,700000E-3	6,981761E-6
-218,100000E-3	6,963998E-6
-217,500000E-3	6,949093E-6
-217,100000E-3	6,936511E-6
-216,500000E-3	6,921799E-6
-216,200000E-3	6,904629E-6
-215,600000E-3	6,889618E-6
-215,000000E-3	6,877451E-6
-214,300000E-3	6,865974E-6
-214,000000E-3	6,853827E-6
-213,700000E-3	6,839764E-6
-213,100000E-3	6,825485E-6
-212,500000E-3	6,811735E-6
-211,900000E-3	6,799833E-6
-211,300000E-3	6,786664E-6
-211,000000E-3	6,770518E-6
-210,600000E-3	6,756406E-6
-210,000000E-3	6,743994E-6
-209,400000E-3	6,731304E-6
-208,800000E-3	6,720898E-6
-208,100000E-3	6,709478E-6
-207,900000E-3	6,697032E-6
-207,600000E-3	6,687170E-6
-206,900000E-3	6,675817E-6
-206,300000E-3	6,657418E-6
-205,600000E-3	6,639737E-6
-205,000000E-3	6,624353E-6
-204,400000E-3	6,611410E-6
-204,100000E-3	6,600931E-6
-203,800000E-3	6,587419E-6
-203,200000E-3	6,571310E-6
-202,500000E-3	6,554284E-6
-201,900000E-3	6,541596E-6
-201,300000E-3	6,530977E-6
-201,000000E-3	6,519275E-6
-200,300000E-3	6,506443E-6
-200,100000E-3	6,491538E-6
-199,400000E-3	6,475218E-6
-198,800000E-3	6,459960E-6
-198,200000E-3	6,445551E-6
-197,800000E-3	6,430468E-6
-197,600000E-3	6,415750E-6
-196,900000E-3	6,401933E-6
-196,300000E-3	6,386714E-6
-195,700000E-3	6,374801E-6
-195,100000E-3	6,364452E-6
-194,700000E-3	6,351723E-6
-194,100000E-3	6,335550E-6
-193,800000E-3	6,318857E-6
-193,200000E-3	6,302789E-6
-192,600000E-3	6,288028E-6
-192,000000E-3	6,275980E-6
-191,600000E-3	6,263803E-6
-191,000000E-3	6,248822E-6
-190,800000E-3	6,232194E-6
-190,100000E-3	6,216403E-6
-189,500000E-3	6,201574E-6
-188,800000E-3	6,186078E-6
-188,500000E-3	6,169014E-6
-187,900000E-3	6,151340E-6
-187,600000E-3	6,136901E-6
-187,000000E-3	6,125846E-6
-186,400000E-3	6,115744E-6
-185,800000E-3	6,104257E-6
-185,400000E-3	6,091885E-6
-184,800000E-3	6,078821E-6
-184,500000E-3	6,062428E-6
-183,900000E-3	6,047174E-6
-183,300000E-3	6,034189E-6
-182,700000E-3	6,021613E-6
-182,300000E-3	6,007628E-6
-181,700000E-3	5,991689E-6
-181,400000E-3	5,975948E-6
-180,800000E-3	5,958674E-6
-180,100000E-3	5,942044E-6
-179,500000E-3	5,926386E-6
-178,900000E-3	5,910148E-6
-178,600000E-3	5,893005E-6
-178,300000E-3	5,879862E-6
-177,700000E-3	5,868725E-6
-177,000000E-3	5,854885E-6
-176,400000E-3	5,837287E-6
-175,800000E-3	5,819803E-6
-175,500000E-3	5,804440E-6
-174,800000E-3	5,790027E-6
-174,500000E-3	5,774844E-6
-173,900000E-3	5,757251E-6
-173,300000E-3	5,739472E-6
-172,700000E-3	5,726198E-6
-172,400000E-3	5,715577E-6
-171,800000E-3	5,704773E-6
-171,400000E-3	5,693278E-6
-170,800000E-3	5,680720E-6
-170,200000E-3	5,665322E-6
-169,600000E-3	5,648002E-6
-169,300000E-3	5,631036E-6
-169,000000E-3	5,615363E-6
-168,400000E-3	5,603432E-6
-167,700000E-3	5,592594E-6
-167,100000E-3	5,576709E-6
-166,500000E-3	5,555936E-6
-166,200000E-3	5,538268E-6
-165,900000E-3	5,522291E-6
-165,200000E-3	5,508082E-6
-164,600000E-3	5,496499E-6
-164,000000E-3	5,484199E-6
-163,700000E-3	5,467211E-6
-163,100000E-3	5,447842E-6
-162,700000E-3	5,429872E-6
-162,100000E-3	5,415218E-6
-161,500000E-3	5,402173E-6
-160,900000E-3	5,387534E-6
-160,600000E-3	5,372109E-6
-159,900000E-3	5,358605E-6
-159,600000E-3	5,342330E-6
-159,000000E-3	5,326150E-6
-158,400000E-3	5,309797E-6
-157,800000E-3	5,296548E-6
-157,200000E-3	5,283507E-6
-156,800000E-3	5,267859E-6
-156,500000E-3	5,253239E-6
-155,900000E-3	5,241985E-6
-155,300000E-3	5,228750E-6
-154,700000E-3	5,211129E-6
-154,100000E-3	5,192262E-6
-153,700000E-3	5,175482E-6
-153,100000E-3	5,158485E-6
-152,800000E-3	5,141486E-6
-152,200000E-3	5,126341E-6
-151,600000E-3	5,110890E-6
-151,000000E-3	5,092528E-6
-150,600000E-3	5,075651E-6
-150,000000E-3	5,057863E-6
-149,700000E-3	5,038844E-6
-149,100000E-3	5,023248E-6
-148,500000E-3	5,010296E-6
-147,900000E-3	4,998990E-6
-147,500000E-3	4,988105E-6
-146,900000E-3	4,974395E-6
-146,600000E-3	4,957317E-6
-146,000000E-3	4,938677E-6
-145,400000E-3	4,920293E-6
-144,700000E-3	4,904005E-6
-144,400000E-3	4,888553E-6
-144,100000E-3	4,871029E-6
-143,500000E-3	4,853709E-6
-142,900000E-3	4,839240E-6
-142,200000E-3	4,827264E-6
-141,600000E-3	4,812812E-6
-141,300000E-3	4,795682E-6
-140,600000E-3	4,777691E-6
-140,400000E-3	4,762308E-6
-139,700000E-3	4,748891E-6
-139,100000E-3	4,734164E-6
-138,500000E-3	4,717594E-6
-137,900000E-3	4,696057E-6
-137,300000E-3	4,672626E-6
-136,600000E-3	4,652443E-6
-136,300000E-3	4,636486E-6
-135,700000E-3	4,621017E-6
-135,400000E-3	4,606137E-6
-134,800000E-3	4,592283E-6
-134,200000E-3	4,578257E-6
-133,500000E-3	4,564179E-6
-133,200000E-3	4,551058E-6
-132,600000E-3	4,537794E-6
-132,300000E-3	4,523068E-6
-131,600000E-3	4,504948E-6
-131,000000E-3	4,485666E-6
-130,400000E-3	4,466654E-6
-130,100000E-3	4,448579E-6
-129,500000E-3	4,433705E-6
-129,200000E-3	4,420621E-6
-128,500000E-3	4,404809E-6
-127,900000E-3	4,390348E-6
-127,300000E-3	4,375031E-6
-127,100000E-3	4,357022E-6
-126,500000E-3	4,339415E-6
-125,900000E-3	4,322265E-6
-125,300000E-3	4,304480E-6
-125,000000E-3	4,287692E-6
-124,700000E-3	4,272471E-6
-123,900000E-3	4,257560E-6
-123,200000E-3	4,243353E-6
-122,900000E-3	4,228625E-6
-122,600000E-3	4,210514E-6
-121,800000E-3	4,189508E-6
-121,200000E-3	4,169744E-6
-120,900000E-3	4,152254E-6
-120,200000E-3	4,136377E-6
-119,800000E-3	4,122099E-6
-119,100000E-3	4,104191E-6
-118,800000E-3	4,084752E-6
-118,200000E-3	4,064737E-6
-117,700000E-3	4,044268E-6
-117,000000E-3	4,028013E-6
-116,700000E-3	4,017871E-6
-116,100000E-3	4,007825E-6
-115,600000E-3	3,994375E-6
-115,000000E-3	3,969907E-6
-114,300000E-3	3,954034E-6
-114,000000E-3	3,939060E-6
-113,400000E-3	3,921531E-6
-112,900000E-3	3,901789E-6
-112,200000E-3	3,882407E-6
-111,900000E-3	3,865411E-6
-111,300000E-3	3,848817E-6
-110,800000E-3	3,831778E-6
-110,200000E-3	3,815763E-6
-109,600000E-3	3,799206E-6
-109,400000E-3	3,780964E-6
-108,500000E-3	3,761815E-6
-108,200000E-3	3,746698E-6
-107,700000E-3	3,733114E-6
-107,100000E-3	3,720019E-6
-106,500000E-3	3,705297E-6
-106,200000E-3	3,689357E-6
-105,400000E-3	3,672321E-6
-105,000000E-3	3,654645E-6
-104,500000E-3	3,636759E-6
-104,000000E-3	3,619339E-6
-103,400000E-3	3,601471E-6
-103,100000E-3	3,583676E-6
-102,500000E-3	3,566304E-6
-101,900000E-3	3,549926E-6
-101,300000E-3	3,536258E-6
-101,000000E-3	3,523075E-6
-100,200000E-3	3,508183E-6
-99,900000E-3	3,491371E-6
-99,400000E-3	3,476732E-6
-98,600000E-3	3,463185E-6
-98,200000E-3	3,452027E-6
-98,000000E-3	3,438402E-6
-97,100000E-3	3,422413E-6
-96,500000E-3	3,404314E-6
-96,200000E-3	3,387048E-6
-95,600000E-3	3,371561E-6
-95,100000E-3	3,355612E-6
-94,800000E-3	3,341367E-6
-94,100000E-3	3,327419E-6
-93,300000E-3	3,309977E-6
-93,100000E-3	3,290221E-6
-92,500000E-3	3,269757E-6
-91,900000E-3	3,252826E-6
-91,600000E-3	3,238928E-6
-91,100000E-3	3,224306E-6
-90,200000E-3	3,209732E-6
-90,000000E-3	3,196815E-6
-89,300000E-3	3,183917E-6
-88,800000E-3	3,170180E-6
-88,500000E-3	3,156101E-6
-87,900000E-3	3,140372E-6
-87,200000E-3	3,120274E-6
-86,500000E-3	3,098528E-6
-86,200000E-3	3,081495E-6
-85,600000E-3	3,065990E-6
-85,000000E-3	3,050015E-6
-84,500000E-3	3,031008E-6
-84,200000E-3	3,011843E-6
-83,600000E-3	2,996208E-6
-82,800000E-3	2,982329E-6
-82,200000E-3	2,966945E-6
-81,900000E-3	2,953159E-6
-81,200000E-3	2,936559E-6
-80,800000E-3	2,917278E-6
-80,500000E-3	2,898264E-6
-79,600000E-3	2,884315E-6
-79,300000E-3	2,872335E-6
-78,700000E-3	2,857752E-6
-78,200000E-3	2,841777E-6
-77,600000E-3	2,826628E-6
-77,300000E-3	2,812114E-6
-76,600000E-3	2,796978E-6
-76,200000E-3	2,779490E-6
-75,600000E-3	2,761425E-6
-75,100000E-3	2,746656E-6
-74,500000E-3	2,733918E-6
-74,200000E-3	2,719988E-6
-73,600000E-3	2,703612E-6
-73,000000E-3	2,687290E-6
-72,500000E-3	2,673184E-6
-72,000000E-3	2,660487E-6
-71,400000E-3	2,648609E-6
-71,100000E-3	2,636709E-6
-70,500000E-3	2,624038E-6
-69,900000E-3	2,608267E-6
-69,400000E-3	2,590230E-6
-69,100000E-3	2,574432E-6
-68,300000E-3	2,561889E-6
-67,900000E-3	2,551176E-6
-67,300000E-3	2,540238E-6
-66,800000E-3	2,525689E-6
-66,200000E-3	2,510131E-6
-65,900000E-3	2,499026E-6
-65,300000E-3	2,489587E-6
-64,800000E-3	2,478419E-6
-64,500000E-3	2,464211E-6
-63,800000E-3	2,446276E-6
-63,100000E-3	2,428236E-6
-62,800000E-3	2,413853E-6
-62,300000E-3	2,402679E-6
-61,600000E-3	2,392105E-6
-61,100000E-3	2,380246E-6
-60,800000E-3	2,371290E-6
-60,000000E-3	2,361562E-6
-59,400000E-3	2,345273E-6
-59,100000E-3	2,331309E-6
-58,500000E-3	2,317604E-6
-58,200000E-3	2,301565E-6
-57,700000E-3	2,284240E-6
-56,900000E-3	2,269987E-6
-56,200000E-3	2,258429E-6
-56,000000E-3	2,243335E-6
-55,400000E-3	2,232534E-6
-54,800000E-3	2,221491E-6
-54,200000E-3	2,207629E-6
-53,900000E-3	2,192918E-6
-53,100000E-3	2,179836E-6
-52,500000E-3	2,169308E-6
-52,200000E-3	2,157576E-6
-51,700000E-3	2,145813E-6
-51,100000E-3	2,132931E-6
-50,500000E-3	2,120511E-6
-50,000000E-3	2,108303E-6
-49,400000E-3	2,097251E-6
-48,800000E-3	2,087031E-6
-48,300000E-3	2,075933E-6
-47,900000E-3	2,065429E-6
-47,100000E-3	2,057575E-6
-46,800000E-3	2,051914E-6
-46,300000E-3	2,045434E-6
-45,700000E-3	2,037502E-6
-45,100000E-3	2,026776E-6
-44,900000E-3	2,014079E-6
-44,000000E-3	2,002052E-6
-43,700000E-3	1,993257E-6
-43,100000E-3	1,985681E-6
-42,500000E-3	1,975896E-6
-41,900000E-3	1,963504E-6
-41,600000E-3	1,950700E-6
-41,100000E-3	1,937378E-6
-40,500000E-3	1,925905E-6
-40,200000E-3	1,916962E-6
-39,500000E-3	1,907950E-6
-38,800000E-3	1,899002E-6
-38,200000E-3	1,888546E-6
-37,900000E-3	1,877917E-6
-37,400000E-3	1,867861E-6
-36,800000E-3	1,859189E-6
-36,600000E-3	1,851256E-6
-35,700000E-3	1,841584E-6
-35,100000E-3	1,830579E-6
-34,800000E-3	1,822140E-6
-34,300000E-3	1,815582E-6
-33,700000E-3	1,809347E-6
-33,100000E-3	1,804835E-6
-32,700000E-3	1,802137E-6
-31,900000E-3	1,797260E-6
-31,700000E-3	1,787662E-6
-31,200000E-3	1,777334E-6
-30,500000E-3	1,770227E-6
-30,000000E-3	1,764520E-6
-29,700000E-3	1,757082E-6
-29,100000E-3	1,748188E-6
-28,500000E-3	1,739829E-6
-28,000000E-3	1,732447E-6
-27,400000E-3	1,727610E-6
-26,800000E-3	1,721770E-6
-26,600000E-3	1,716415E-6
-25,900000E-3	1,710900E-6
-25,100000E-3	1,703409E-6
-24,800000E-3	1,695813E-6
-24,300000E-3	1,688002E-6
-23,700000E-3	1,679365E-6
-23,100000E-3	1,669955E-6
-22,800000E-3	1,661090E-6
-22,100000E-3	1,655048E-6
-21,400000E-3	1,654097E-6
-21,100000E-3	1,654362E-6
-20,600000E-3	1,650927E-6
-19,900000E-3	1,645076E-6
-19,400000E-3	1,638734E-6
-19,100000E-3	1,632159E-6
-18,300000E-3	1,627106E-6
-18,000000E-3	1,624630E-6
-17,600000E-3	1,620731E-6
-16,800000E-3	1,614719E-6
-16,300000E-3	1,608495E-6
-16,000000E-3	1,604707E-6
-15,300000E-3	1,603198E-6
-14,800000E-3	1,599915E-6
-14,300000E-3	1,594975E-6
-13,700000E-3	1,591754E-6
-13,100000E-3	1,592038E-6
-12,800000E-3	1,592222E-6
-12,200000E-3	1,587501E-6
-11,700000E-3	1,580141E-6
-11,100000E-3	1,573897E-6
-10,700000E-3	1,572121E-6
-10,000000E-3	1,572927E-6
-9,800000E-3	1,573015E-6
-9,200000E-3	1,571665E-6
-8,600000E-3	1,570140E-6
-8,000000E-3	1,569804E-6
-7,700000E-3	1,568836E-6
-7,100000E-3	1,564109E-6
-6,500000E-3	1,557833E-6
-6,000000E-3	1,554653E-6
-5,400000E-3	1,555438E-6
-4,800000E-3	1,555715E-6
-4,500000E-3	1,553226E-6
-4,000000E-3	1,551061E-6
-3,400000E-3	1,552208E-6
-2,800000E-3	1,552866E-6
-2,500000E-3	1,549441E-6
-1,600000E-3	1,546809E-6
-1,000000E-3	1,544175E-6
-400,000000E-6	1,543565E-6
200,000000E-6	1,543359E-6
700,000000E-6	1,542378E-6
1,300000E-3	1,542941E-6
1,600000E-3	1,545587E-6
2,200000E-3	1,547778E-6
2,700000E-3	1,548793E-6
3,300000E-3	1,548082E-6
3,800000E-3	1,547723E-6
4,400000E-3	1,549592E-6
4,700000E-3	1,552269E-6
5,300000E-3	1,556474E-6
5,900000E-3	1,561328E-6
6,500000E-3	1,566959E-6
7,000000E-3	1,572552E-6
7,600000E-3	1,576116E-6
8,200000E-3	1,579455E-6
8,700000E-3	1,582762E-6
9,000000E-3	1,584767E-6
9,800000E-3	1,584028E-6
10,500000E-3	1,585582E-6
10,800000E-3	1,589297E-6
11,300000E-3	1,591218E-6
12,200000E-3	1,591889E-6
12,800000E-3	1,596283E-6
13,300000E-3	1,600792E-6
13,600000E-3	1,602475E-6
14,200000E-3	1,605512E-6
14,800000E-3	1,611121E-6
15,200000E-3	1,616880E-6
15,900000E-3	1,620446E-6
16,500000E-3	1,625258E-6
16,700000E-3	1,629815E-6
17,300000E-3	1,633188E-6
17,900000E-3	1,634770E-6
18,500000E-3	1,638099E-6
19,000000E-3	1,644077E-6
19,300000E-3	1,649267E-6
19,900000E-3	1,654515E-6
20,500000E-3	1,657102E-6
21,200000E-3	1,661704E-6
21,600000E-3	1,668399E-6
22,200000E-3	1,673620E-6
22,700000E-3	1,679208E-6
23,300000E-3	1,683905E-6
23,600000E-3	1,686386E-6
23,900000E-3	1,690032E-6
24,600000E-3	1,696533E-6
25,200000E-3	1,703052E-6
25,700000E-3	1,707875E-6
26,000000E-3	1,713081E-6
26,900000E-3	1,719213E-6
27,100000E-3	1,727399E-6
27,700000E-3	1,736290E-6
28,300000E-3	1,745149E-6
28,900000E-3	1,754927E-6
29,400000E-3	1,765424E-6
30,000000E-3	1,773925E-6
30,600000E-3	1,780507E-6
30,900000E-3	1,786731E-6
31,700000E-3	1,791748E-6
32,300000E-3	1,796251E-6
32,600000E-3	1,801953E-6
33,100000E-3	1,810386E-6
33,800000E-3	1,821565E-6
34,300000E-3	1,831855E-6
34,800000E-3	1,841724E-6
35,400000E-3	1,850888E-6
35,700000E-3	1,860458E-6
36,200000E-3	1,869646E-6
36,800000E-3	1,876436E-6
37,400000E-3	1,880693E-6
37,700000E-3	1,883254E-6
38,000000E-3	1,887189E-6
38,700000E-3	1,895281E-6
39,200000E-3	1,907120E-6
39,800000E-3	1,919790E-6
40,500000E-3	1,929683E-6
41,000000E-3	1,937088E-6
41,600000E-3	1,942539E-6
42,200000E-3	1,954164E-6
42,400000E-3	1,968993E-6
43,200000E-3	1,983157E-6
43,600000E-3	1,993291E-6
44,200000E-3	2,001031E-6
44,700000E-3	2,010587E-6
45,000000E-3	2,020354E-6
45,700000E-3	2,029443E-6
46,300000E-3	2,038477E-6
46,600000E-3	2,047772E-6
47,100000E-3	2,055631E-6
47,700000E-3	2,062556E-6
48,300000E-3	2,071058E-6
48,600000E-3	2,082263E-6
49,200000E-3	2,094182E-6
49,700000E-3	2,103055E-6
50,300000E-3	2,112169E-6
50,800000E-3	2,122909E-6
51,400000E-3	2,133956E-6
52,000000E-3	2,144270E-6
52,600000E-3	2,153764E-6
53,100000E-3	2,163695E-6
53,700000E-3	2,176607E-6
54,000000E-3	2,190117E-6
54,700000E-3	2,203041E-6
55,200000E-3	2,215529E-6
55,800000E-3	2,224954E-6
56,300000E-3	2,234151E-6
56,800000E-3	2,246199E-6
57,100000E-3	2,260761E-6
57,700000E-3	2,274248E-6
58,300000E-3	2,286271E-6
58,800000E-3	2,297321E-6
59,200000E-3	2,308950E-6
59,700000E-3	2,322551E-6
60,400000E-3	2,337712E-6
60,900000E-3	2,353665E-6
61,400000E-3	2,366859E-6
61,900000E-3	2,378963E-6
62,600000E-3	2,392341E-6
63,200000E-3	2,405887E-6
63,500000E-3	2,417308E-6
64,200000E-3	2,429208E-6
64,600000E-3	2,443299E-6
64,900000E-3	2,457730E-6
65,700000E-3	2,472616E-6
66,000000E-3	2,486382E-6
66,600000E-3	2,498649E-6
67,200000E-3	2,511219E-6
67,900000E-3	2,522812E-6
68,300000E-3	2,532493E-6
68,600000E-3	2,542128E-6
69,200000E-3	2,553902E-6
69,700000E-3	2,570206E-6
70,300000E-3	2,588958E-6
70,900000E-3	2,603367E-6
71,200000E-3	2,614738E-6
71,700000E-3	2,626390E-6
72,500000E-3	2,638125E-6
72,900000E-3	2,647022E-6
73,200000E-3	2,656644E-6
73,800000E-3	2,668838E-6
74,300000E-3	2,682178E-6
74,900000E-3	2,697323E-6
75,200000E-3	2,714835E-6
75,800000E-3	2,733046E-6
76,300000E-3	2,747592E-6
76,900000E-3	2,759408E-6
77,500000E-3	2,772823E-6
77,900000E-3	2,787049E-6
78,600000E-3	2,799923E-6
78,900000E-3	2,814190E-6
79,500000E-3	2,830149E-6
80,100000E-3	2,847290E-6
80,700000E-3	2,862059E-6
81,000000E-3	2,873856E-6
81,500000E-3	2,885135E-6
82,100000E-3	2,898518E-6
82,700000E-3	2,915071E-6
83,200000E-3	2,934454E-6
83,800000E-3	2,949853E-6
84,400000E-3	2,961962E-6
84,700000E-3	2,975308E-6
85,300000E-3	2,990823E-6
85,800000E-3	3,009205E-6
86,400000E-3	3,025018E-6
87,000000E-3	3,039316E-6
87,500000E-3	3,052196E-6
88,100000E-3	3,065411E-6
88,400000E-3	3,079352E-6
89,000000E-3	3,092314E-6
89,600000E-3	3,107206E-6
90,100000E-3	3,123566E-6
90,700000E-3	3,143013E-6
91,300000E-3	3,163064E-6
91,900000E-3	3,177714E-6
92,100000E-3	3,191323E-6
92,700000E-3	3,206669E-6
93,300000E-3	3,223935E-6
93,900000E-3	3,240137E-6
94,200000E-3	3,252953E-6
95,000000E-3	3,265834E-6
95,300000E-3	3,284196E-6
95,800000E-3	3,303810E-6
96,400000E-3	3,320506E-6
97,000000E-3	3,334173E-6
97,300000E-3	3,345803E-6
98,100000E-3	3,354490E-6
98,500000E-3	3,365507E-6
99,100000E-3	3,377944E-6
99,500000E-3	3,391959E-6
100,200000E-3	3,407400E-6
100,500000E-3	3,421987E-6
101,000000E-3	3,436672E-6
101,600000E-3	3,454956E-6
102,200000E-3	3,472805E-6
102,500000E-3	3,487728E-6
103,200000E-3	3,500414E-6
103,600000E-3	3,513591E-6
104,200000E-3	3,527910E-6
104,500000E-3	3,542040E-6
105,400000E-3	3,557391E-6
105,600000E-3	3,572296E-6
106,500000E-3	3,588267E-6
106,800000E-3	3,606599E-6
107,400000E-3	3,624697E-6
107,900000E-3	3,641839E-6
108,500000E-3	3,658558E-6
108,800000E-3	3,675617E-6
109,400000E-3	3,692850E-6
110,100000E-3	3,710552E-6
110,500000E-3	3,722879E-6
110,500000E-3	3,734598E-6
111,500000E-3	3,749390E-6
112,000000E-3	3,766188E-6
112,600000E-3	3,782574E-6
113,100000E-3	3,794965E-6
113,500000E-3	3,807664E-6
114,300000E-3	3,821107E-6
114,800000E-3	3,835337E-6
115,100000E-3	3,850347E-6
115,400000E-3	3,866642E-6
116,200000E-3	3,886153E-6
116,600000E-3	3,906697E-6
117,100000E-3	3,926199E-6
117,700000E-3	3,943484E-6
118,500000E-3	3,957664E-6
118,500000E-3	3,970688E-6
119,200000E-3	3,984684E-6
119,800000E-3	4,000009E-6
120,400000E-3	4,014939E-6
120,900000E-3	4,028910E-6
121,400000E-3	4,043715E-6
121,700000E-3	4,058935E-6
122,300000E-3	4,075328E-6
122,900000E-3	4,091146E-6
123,500000E-3	4,103615E-6
123,800000E-3	4,117031E-6
124,500000E-3	4,133244E-6
125,200000E-3	4,152920E-6
125,500000E-3	4,170225E-6
125,900000E-3	4,187188E-6
126,600000E-3	4,202815E-6
126,900000E-3	4,216846E-6
127,400000E-3	4,230470E-6
128,000000E-3	4,243921E-6
128,900000E-3	4,257881E-6
128,900000E-3	4,274666E-6
129,600000E-3	4,289949E-6
130,100000E-3	4,302688E-6
130,300000E-3	4,315695E-6
131,200000E-3	4,330764E-6
131,500000E-3	4,348746E-6
132,300000E-3	4,366661E-6
132,900000E-3	4,379696E-6
133,200000E-3	4,392584E-6
133,600000E-3	4,408487E-6
134,300000E-3	4,427670E-6
134,600000E-3	4,449247E-6
135,200000E-3	4,466547E-6
135,800000E-3	4,481394E-6
136,400000E-3	4,496169E-6
136,900000E-3	4,511277E-6
137,500000E-3	4,524439E-6
137,700000E-3	4,537624E-6
138,300000E-3	4,552160E-6
138,900000E-3	4,568973E-6
139,500000E-3	4,586306E-6
140,100000E-3	4,604224E-6
140,300000E-3	4,619944E-6
141,200000E-3	4,633126E-6
141,500000E-3	4,648225E-6
142,100000E-3	4,664177E-6
142,700000E-3	4,680107E-6
143,200000E-3	4,697425E-6
143,800000E-3	4,711822E-6
144,100000E-3	4,725305E-6
144,700000E-3	4,740562E-6
145,200000E-3	4,759022E-6
145,800000E-3	4,778026E-6
146,400000E-3	4,792518E-6
147,000000E-3	4,801073E-6
147,300000E-3	4,809291E-6
147,900000E-3	4,820190E-6
148,400000E-3	4,834404E-6
149,000000E-3	4,852891E-6
149,200000E-3	4,869766E-6
150,100000E-3	4,884631E-6
150,400000E-3	4,901863E-6
150,700000E-3	4,919530E-6
151,500000E-3	4,938981E-6
152,000000E-3	4,955481E-6
152,600000E-3	4,968791E-6
152,900000E-3	4,981321E-6
153,500000E-3	4,996646E-6
154,100000E-3	5,013681E-6
154,400000E-3	5,029355E-6
154,900000E-3	5,043211E-6
155,700000E-3	5,055211E-6
156,100000E-3	5,069002E-6
156,400000E-3	5,086109E-6
157,300000E-3	5,101295E-6
157,600000E-3	5,114155E-6
158,100000E-3	5,128090E-6
158,700000E-3	5,144779E-6
159,300000E-3	5,159970E-6
159,900000E-3	5,172138E-6
160,200000E-3	5,184612E-6
161,000000E-3	5,199626E-6
161,300000E-3	5,220782E-6
161,800000E-3	5,239843E-6
162,400000E-3	5,257287E-6
163,000000E-3	5,274222E-6
163,600000E-3	5,290112E-6
163,900000E-3	5,302868E-6
164,600000E-3	5,313750E-6
165,000000E-3	5,326165E-6
165,600000E-3	5,341063E-6
166,200000E-3	5,357812E-6
167,000000E-3	5,373414E-6
167,000000E-3	5,390577E-6
167,700000E-3	5,407345E-6
168,200000E-3	5,422603E-6
168,800000E-3	5,437387E-6
169,100000E-3	5,453431E-6
169,900000E-3	5,467818E-6
170,200000E-3	5,479041E-6
170,200000E-3	5,488024E-6
171,500000E-3	5,500946E-6
171,500000E-3	5,518246E-6
172,600000E-3	5,535684E-6
172,900000E-3	5,549181E-6
173,200000E-3	5,559505E-6
173,500000E-3	5,571338E-6
174,600000E-3	5,584636E-6
174,900000E-3	5,598854E-6
175,400000E-3	5,614227E-6
176,000000E-3	5,631078E-6
176,600000E-3	5,646813E-6
177,200000E-3	5,660073E-6
177,500000E-3	5,671597E-6
178,000000E-3	5,685145E-6
178,700000E-3	5,701472E-6
179,200000E-3	5,717828E-6
179,800000E-3	5,731286E-6
180,400000E-3	5,746063E-6
181,000000E-3	5,763131E-6
181,200000E-3	5,777963E-6
181,800000E-3	5,795196E-6
182,400000E-3	5,812040E-6
183,000000E-3	5,825639E-6
183,300000E-3	5,838510E-6
183,900000E-3	5,852981E-6
184,400000E-3	5,867406E-6
185,000000E-3	5,882765E-6
185,300000E-3	5,900393E-6
186,000000E-3	5,916835E-6
186,500000E-3	5,929931E-6
186,700000E-3	5,941223E-6
187,500000E-3	5,955027E-6
188,100000E-3	5,970913E-6
188,600000E-3	5,985135E-6
189,300000E-3	5,996983E-6
189,300000E-3	6,008868E-6
190,200000E-3	6,020701E-6
190,500000E-3	6,031947E-6
191,300000E-3	6,044682E-6
191,600000E-3	6,062864E-6
192,200000E-3	6,081370E-6
192,800000E-3	6,098118E-6
193,400000E-3	6,113871E-6
193,400000E-3	6,127805E-6
194,500000E-3	6,141027E-6
194,800000E-3	6,156674E-6
195,400000E-3	6,172522E-6
196,000000E-3	6,189430E-6
196,500000E-3	6,204450E-6
197,100000E-3	6,218408E-6
197,400000E-3	6,233098E-6
198,000000E-3	6,247581E-6
198,600000E-3	6,257615E-6
199,100000E-3	6,269210E-6
199,700000E-3	6,288091E-6
200,200000E-3	6,306257E-6
200,600000E-3	6,320412E-6
201,100000E-3	6,332941E-6
201,700000E-3	6,347326E-6
202,300000E-3	6,362583E-6
202,900000E-3	6,373934E-6
203,400000E-3	6,384710E-6
204,000000E-3	6,396278E-6
204,600000E-3	6,406394E-6
204,900000E-3	6,419134E-6
205,600000E-3	6,434709E-6
206,000000E-3	6,450130E-6
206,600000E-3	6,463501E-6
207,200000E-3	6,476494E-6
207,700000E-3	6,492041E-6
208,000000E-3	6,508665E-6
208,600000E-3	6,523027E-6
209,200000E-3	6,535743E-6
209,800000E-3	6,548907E-6
210,000000E-3	6,559927E-6
210,900000E-3	6,568890E-6
211,200000E-3	6,578122E-6
211,600000E-3	6,591721E-6
212,300000E-3	6,609517E-6
213,000000E-3	6,626109E-6
213,300000E-3	6,638243E-6
213,900000E-3	6,647797E-6
214,400000E-3	6,657971E-6
215,000000E-3	6,669608E-6
215,200000E-3	6,682990E-6
216,000000E-3	6,695936E-6
216,400000E-3	6,707134E-6
217,000000E-3	6,718528E-6
217,600000E-3	6,731555E-6
218,200000E-3	6,745579E-6
218,400000E-3	6,758330E-6
219,000000E-3	6,769966E-6
219,600000E-3	6,781404E-6
220,200000E-3	6,790897E-6
220,800000E-3	6,803679E-6
221,400000E-3	6,824380E-6
222,000000E-3	6,840127E-6
222,500000E-3	6,852369E-6
223,100000E-3	6,864507E-6
223,400000E-3	6,877111E-6
224,000000E-3	6,888961E-6
224,600000E-3	6,897721E-6
225,100000E-3	6,904016E-6
225,700000E-3	6,911928E-6
226,300000E-3	6,924356E-6
226,600000E-3	6,938734E-6
227,200000E-3	6,954993E-6
227,400000E-3	6,970226E-6
228,100000E-3	6,980369E-6
228,600000E-3	6,988319E-6
229,200000E-3	6,997538E-6
229,500000E-3	7,009349E-6
230,100000E-3	7,025249E-6
230,800000E-3	7,040446E-6
231,300000E-3	7,053361E-6
231,800000E-3	7,063707E-6
232,400000E-3	7,073127E-6
233,000000E-3	7,082307E-6
233,200000E-3	7,093627E-6
233,900000E-3	7,107747E-6
234,500000E-3	7,120103E-6
235,000000E-3	7,128939E-6
235,300000E-3	7,138584E-6
236,000000E-3	7,150552E-6
236,500000E-3	7,165066E-6
236,800000E-3	7,180527E-6
237,700000E-3	7,196022E-6
238,000000E-3	7,210456E-6
238,500000E-3	7,222606E-6
239,100000E-3	7,238830E-6
239,700000E-3	7,254105E-6
239,900000E-3	7,265846E-6
240,800000E-3	7,274697E-6
241,100000E-3	7,283045E-6
242,000000E-3	7,291083E-6
242,300000E-3	7,299054E-6
242,900000E-3	7,311585E-6
243,500000E-3	7,326996E-6
243,700000E-3	7,341869E-6
244,300000E-3	7,356733E-6
244,900000E-3	7,374731E-6
245,400000E-3	7,391131E-6
246,000000E-3	7,406952E-6
246,700000E-3	7,419171E-6
246,900000E-3	7,431780E-6
247,400000E-3	7,442329E-6
248,300000E-3	7,448666E-6
248,600000E-3	7,454289E-6
249,100000E-3	7,463592E-6
249,700000E-3	7,476000E-6
250,300000E-3	7,490200E-6
250,600000E-3	7,502078E-6
251,200000E-3	7,509481E-6
251,800000E-3	7,518929E-6
252,400000E-3	7,528317E-6
253,000000E-3	7,537928E-6
253,500000E-3	7,549749E-6
253,800000E-3	7,563030E-6
254,400000E-3	7,575157E-6
255,000000E-3	7,589639E-6
255,600000E-3	7,605933E-6
256,100000E-3	7,620330E-6
256,700000E-3	7,632459E-6
257,300000E-3	7,643135E-6
257,600000E-3	7,653227E-6
258,100000E-3	7,662542E-6
258,700000E-3	7,673995E-6
259,600000E-3	7,685106E-6
259,600000E-3	7,695059E-6
260,200000E-3	7,706560E-6
261,100000E-3	7,719712E-6
261,400000E-3	7,732149E-6
261,800000E-3	7,746562E-6
262,500000E-3	7,762277E-6
263,000000E-3	7,774513E-6
263,300000E-3	7,783635E-6
263,900000E-3	7,796608E-6
264,500000E-3	7,810763E-6
264,800000E-3	7,820849E-6
265,400000E-3	7,826766E-6
266,200000E-3	7,833574E-6
266,800000E-3	7,844514E-6
266,900000E-3	7,857866E-6
267,700000E-3	7,873287E-6
268,200000E-3	7,888183E-6
268,800000E-3	7,900298E-6
269,100000E-3	7,910101E-6
269,700000E-3	7,917542E-6
270,200000E-3	7,927055E-6
270,800000E-3	7,937836E-6
271,100000E-3	7,949597E-6
271,700000E-3	7,959538E-6
272,300000E-3	7,965570E-6
272,800000E-3	7,971296E-6
273,100000E-3	7,979926E-6
274,000000E-3	7,992149E-6
274,200000E-3	8,008053E-6
274,800000E-3	8,023296E-6
275,400000E-3	8,033326E-6
276,000000E-3	8,042285E-6
276,300000E-3	8,053849E-6
276,800000E-3	8,068383E-6
277,400000E-3	8,083035E-6
278,000000E-3	8,095646E-6
278,500000E-3	8,104404E-6
279,200000E-3	8,109330E-6
279,400000E-3	8,116491E-6
280,000000E-3	8,126712E-6
280,000000E-3	8,144087E-6
281,200000E-3	8,166651E-6
281,500000E-3	8,186606E-6
282,400000E-3	8,201176E-6
282,700000E-3	8,211527E-6
283,300000E-3	8,220361E-6
283,700000E-3	8,228665E-6
284,400000E-3	8,238759E-6
285,000000E-3	8,252296E-6
285,600000E-3	8,259754E-6
286,200000E-3	8,267560E-6
286,700000E-3	8,274269E-6
287,200000E-3	8,283259E-6
287,500000E-3	8,294163E-6
288,100000E-3	8,302686E-6
288,700000E-3	8,310310E-6
289,300000E-3	8,321402E-6
289,900000E-3	8,339165E-6
290,200000E-3	8,350916E-6
290,600000E-3	8,364481E-6
290,900000E-3	8,378266E-6
291,900000E-3	8,390073E-6
292,400000E-3	8,397736E-6
293,000000E-3	8,404154E-6
293,600000E-3	8,414491E-6
293,800000E-3	8,431508E-6
294,700000E-3	8,448978E-6
295,000000E-3	8,461765E-6
295,600000E-3	8,472845E-6
296,200000E-3	8,483807E-6
296,700000E-3	8,493778E-6
297,000000E-3	8,502856E-6
297,600000E-3	8,510986E-6
298,200000E-3	8,518119E-6
298,800000E-3	8,524238E-6
299,000000E-3	8,532306E-6
299,800000E-3	8,542537E-6
300,200000E-3	8,555016E-6
300,800000E-3	8,566257E-6
301,200000E-3	8,577756E-6
301,900000E-3	8,588556E-6
302,300000E-3	8,598884E-6
302,800000E-3	8,610585E-6
303,400000E-3	8,622934E-6
304,000000E-3	8,634292E-6
304,300000E-3	8,645957E-6
304,900000E-3	8,654960E-6
305,500000E-3	8,661395E-6
306,100000E-3	8,669382E-6
306,300000E-3	8,678500E-6
307,000000E-3	8,687793E-6
307,700000E-3	8,697548E-6
308,100000E-3	8,706919E-6
308,400000E-3	8,714809E-6
309,100000E-3	8,723200E-6
309,500000E-3	8,734164E-6
310,400000E-3	8,745970E-6
310,600000E-3	8,756173E-6
311,300000E-3	8,762402E-6
311,500000E-3	8,769633E-6
312,100000E-3	8,781281E-6
312,800000E-3	8,792901E-6
313,400000E-3	8,799596E-6
313,900000E-3	8,806300E-6
314,200000E-3	8,812508E-6
314,400000E-3	8,818062E-6
315,300000E-3	8,825854E-6
316,000000E-3	8,835892E-6
316,200000E-3	8,848852E-6
316,900000E-3	8,863880E-6
317,500000E-3	8,875450E-6
318,100000E-3	8,883248E-6
318,700000E-3	8,889372E-6
319,000000E-3	8,896267E-6
319,600000E-3	8,903149E-6
320,000000E-3	8,909867E-6
320,800000E-3	8,918743E-6
321,400000E-3	8,928209E-6
321,400000E-3	8,937838E-6
322,200000E-3	8,947782E-6
322,600000E-3	8,956492E-6
322,800000E-3	8,964905E-6
323,900000E-3	8,974009E-6
324,300000E-3	8,983988E-6
324,900000E-3	8,993321E-6
324,900000E-3	9,002210E-6
326,000000E-3	9,010597E-6
326,400000E-3	9,019822E-6
327,000000E-3	9,033004E-6
327,400000E-3	9,047063E-6
327,900000E-3	9,061013E-6
328,600000E-3	9,076131E-6
329,200000E-3	9,092008E-6
329,800000E-3	9,106548E-6
330,100000E-3	9,115800E-6
330,700000E-3	9,123703E-6
331,300000E-3	9,128602E-6
331,900000E-3	9,134298E-6
332,300000E-3	9,144165E-6
332,600000E-3	9,153885E-6
333,100000E-3	9,158546E-6
333,900000E-3	9,162256E-6
334,300000E-3	9,169558E-6
334,600000E-3	9,177938E-6
335,200000E-3	9,184203E-6
335,800000E-3	9,190961E-6
335,800000E-3	9,200239E-6
336,900000E-3	9,210442E-6
337,500000E-3	9,221397E-6
337,900000E-3	9,233690E-6
338,600000E-3	9,244055E-6
338,900000E-3	9,253189E-6
339,500000E-3	9,262455E-6
340,100000E-3	9,273424E-6
340,700000E-3	9,281344E-6
341,300000E-3	9,288749E-6
341,700000E-3	9,296977E-6
342,500000E-3	9,307766E-6
343,100000E-3	9,319991E-6
343,400000E-3	9,329345E-6
344,000000E-3	9,338077E-6
344,300000E-3	9,346047E-6
344,900000E-3	9,354583E-6
345,500000E-3	9,363031E-6
346,100000E-3	9,372249E-6
346,400000E-3	9,384741E-6
347,000000E-3	9,399033E-6
347,600000E-3	9,413359E-6
347,900000E-3	9,426012E-6
348,600000E-3	9,438794E-6
349,200000E-3	9,452634E-6
349,700000E-3	9,464535E-6
350,400000E-3	9,473483E-6
351,000000E-3	9,480125E-6
351,300000E-3	9,482288E-6
351,900000E-3	9,484258E-6
352,300000E-3	9,489049E-6
352,900000E-3	9,493410E-6
353,400000E-3	9,498032E-6
354,000000E-3	9,506996E-6
354,600000E-3	9,519517E-6
354,900000E-3	9,527987E-6
355,500000E-3	9,536168E-6
356,100000E-3	9,547895E-6
356,700000E-3	9,559285E-6
357,000000E-3	9,566731E-6
357,600000E-3	9,572995E-6
358,300000E-3	9,581866E-6
358,800000E-3	9,587662E-6
359,400000E-3	9,592591E-6
360,000000E-3	9,595700E-6
360,300000E-3	9,599716E-6
360,900000E-3	9,606621E-6
361,600000E-3	9,613790E-6
362,200000E-3	9,620734E-6
362,700000E-3	9,630307E-6
363,000000E-3	9,642098E-6
363,700000E-3	9,659009E-6
364,300000E-3	9,669857E-6
364,900000E-3	9,677899E-6
365,500000E-3	9,685333E-6
366,100000E-3	9,693337E-6
366,400000E-3	9,703780E-6
367,000000E-3	9,718245E-6
367,000000E-3	9,725811E-6
368,100000E-3	9,731630E-6
368,700000E-3	9,739327E-6
369,000000E-3	9,749889E-6
369,500000E-3	9,761172E-6
369,800000E-3	9,771120E-6
370,800000E-3	9,779623E-6
371,100000E-3	9,789188E-6
371,500000E-3	9,801771E-6
372,000000E-3	9,811289E-6
372,900000E-3	9,813493E-6
373,100000E-3	9,810915E-6
373,800000E-3	9,810513E-6
373,900000E-3	9,815608E-6
374,900000E-3	9,830716E-6
375,500000E-3	9,843226E-6
376,300000E-3	9,856706E-6
376,600000E-3	9,867679E-6
377,200000E-3	9,877367E-6
377,800000E-3	9,886235E-6
378,100000E-3	9,893363E-6
378,700000E-3	9,899384E-6
379,300000E-3	9,907931E-6
379,600000E-3	9,917451E-6
380,200000E-3	9,925144E-6
380,800000E-3	9,932975E-6
381,400000E-3	9,943067E-6
382,000000E-3	9,952584E-6
382,300000E-3	9,959706E-6
382,900000E-3	9,964082E-6
383,500000E-3	9,969887E-6
384,100000E-3	9,980790E-6
384,700000E-3	9,989794E-6
385,000000E-3	9,994353E-6
385,600000E-3	9,995771E-6
386,100000E-3	9,998020E-6
386,700000E-3	10,005814E-6
387,100000E-3	10,019534E-6
387,700000E-3	10,034655E-6
388,000000E-3	10,045934E-6
388,700000E-3	10,054755E-6
389,300000E-3	10,063240E-6
389,800000E-3	10,071970E-6
390,100000E-3	10,081444E-6
390,800000E-3	10,092155E-6
391,400000E-3	10,106338E-6
392,000000E-3	10,115798E-6
392,500000E-3	10,125414E-6
393,200000E-3	10,135115E-6
393,800000E-3	10,141409E-6
394,000000E-3	10,145255E-6
394,700000E-3	10,152024E-6
395,300000E-3	10,159222E-6
395,900000E-3	10,162412E-6
396,200000E-3	10,164359E-6
396,500000E-3	10,168901E-6
397,400000E-3	10,173594E-6
397,700000E-3	10,176612E-6
398,200000E-3	10,181853E-6
398,900000E-3	10,190781E-6
399,500000E-3	10,201801E-6
399,800000E-3	10,212024E-6
400,100000E-3	10,218955E-6
400,900000E-3	10,226287E-6
401,400000E-3	10,233035E-6
402,200000E-3	10,240742E-6
402,800000E-3	10,252824E-6
403,000000E-3	10,263508E-6
403,700000E-3	10,271526E-6
404,000000E-3	10,277083E-6
404,700000E-3	10,281096E-6
405,100000E-3	10,286830E-6
405,800000E-3	10,294984E-6
406,000000E-3	10,301862E-6
406,700000E-3	10,305579E-6
407,300000E-3	10,308809E-6
407,900000E-3	10,314265E-6
408,500000E-3	10,322253E-6
408,900000E-3	10,328180E-6
409,500000E-3	10,335667E-6
409,900000E-3	10,343532E-6
410,700000E-3	10,351877E-6
411,300000E-3	10,360796E-6
411,600000E-3	10,368267E-6
411,900000E-3	10,375932E-6
412,500000E-3	10,383001E-6
413,100000E-3	10,391046E-6
413,800000E-3	10,400035E-6
414,300000E-3	10,410047E-6
414,700000E-3	10,421701E-6
415,200000E-3	10,432136E-6
415,600000E-3	10,440279E-6
416,300000E-3	10,447273E-6
417,100000E-3	10,453096E-6
417,400000E-3	10,460705E-6
418,000000E-3	10,471414E-6
418,300000E-3	10,483400E-6
418,300000E-3	10,495804E-6
419,500000E-3	10,507838E-6
419,900000E-3	10,515283E-6
420,200000E-3	10,519773E-6
420,800000E-3	10,524873E-6
421,500000E-3	10,532330E-6
422,100000E-3	10,540815E-6
422,400000E-3	10,549419E-6
423,100000E-3	10,558696E-6
423,100000E-3	10,567297E-6
424,200000E-3	10,573302E-6
424,600000E-3	10,577880E-6
425,200000E-3	10,579508E-6
425,500000E-3	10,579529E-6
426,200000E-3	10,582413E-6
426,800000E-3	10,591863E-6
427,400000E-3	10,602101E-6
428,000000E-3	10,613480E-6
428,600000E-3	10,628818E-6
429,200000E-3	10,645802E-6
429,600000E-3	10,662338E-6
430,200000E-3	10,674334E-6
430,500000E-3	10,684698E-6
431,300000E-3	10,691723E-6
431,700000E-3	10,698059E-6
432,500000E-3	10,708770E-6
433,000000E-3	10,718509E-6
433,700000E-3	10,724921E-6
434,000000E-3	10,730226E-6
434,700000E-3	10,734248E-6
435,100000E-3	10,736536E-6
435,800000E-3	10,739748E-6
436,100000E-3	10,745487E-6
436,500000E-3	10,753164E-6
436,500000E-3	10,760763E-6
437,800000E-3	10,767127E-6
438,200000E-3	10,773090E-6
438,700000E-3	10,781833E-6
439,300000E-3	10,793019E-6
439,600000E-3	10,801638E-6
440,200000E-3	10,804614E-6
440,900000E-3	10,808314E-6
441,400000E-3	10,817404E-6
441,700000E-3	10,828727E-6
442,400000E-3	10,838839E-6
442,800000E-3	10,846377E-6
443,500000E-3	10,852496E-6
444,200000E-3	10,858466E-6
444,500000E-3	10,865374E-6
444,700000E-3	10,872954E-6
445,400000E-3	10,880160E-6
446,000000E-3	10,886983E-6
446,700000E-3	10,894127E-6
446,900000E-3	10,899831E-6
447,600000E-3	10,904727E-6
447,900000E-3	10,910233E-6
448,500000E-3	10,916199E-6
449,100000E-3	10,926713E-6
449,700000E-3	10,939122E-6
450,400000E-3	10,949966E-6
450,700000E-3	10,958227E-6
451,000000E-3	10,963905E-6
451,600000E-3	10,970648E-6
452,200000E-3	10,981721E-6
452,900000E-3	10,990958E-6
453,500000E-3	10,997718E-6
453,800000E-3	11,004270E-6
454,100000E-3	11,010882E-6
455,000000E-3	11,018179E-6
455,300000E-3	11,028255E-6
455,900000E-3	11,041902E-6
456,500000E-3	11,054078E-6
457,200000E-3	11,060068E-6
457,700000E-3	11,067482E-6
458,000000E-3	11,077851E-6
458,700000E-3	11,086393E-6
458,900000E-3	11,094548E-6
459,600000E-3	11,104810E-6
460,200000E-3	11,113243E-6
460,200000E-3	11,117941E-6
460,200000E-3	11,123123E-6
461,600000E-3	11,129327E-6
461,800000E-3	11,134956E-6
461,800000E-3	11,143701E-6
463,100000E-3	11,154491E-6
463,700000E-3	11,163204E-6
464,000000E-3	11,172407E-6
464,000000E-3	11,181056E-6
465,200000E-3	11,186387E-6
465,600000E-3	11,191329E-6
466,400000E-3	11,200430E-6
467,000000E-3	11,211008E-6
467,300000E-3	11,223107E-6
467,900000E-3	11,231539E-6
468,200000E-3	11,238327E-6
468,900000E-3	11,245519E-6
469,500000E-3	11,252280E-6
470,100000E-3	11,260928E-6
470,700000E-3	11,271225E-6
471,000000E-3	11,281910E-6
471,700000E-3	11,288251E-6
472,000000E-3	11,294600E-6
472,600000E-3	11,303690E-6
473,200000E-3	11,311701E-6
473,200000E-3	11,321091E-6
474,400000E-3	11,334155E-6
474,500000E-3	11,344971E-6
475,300000E-3	11,354130E-6
475,800000E-3	11,364173E-6
476,500000E-3	11,374745E-6
477,100000E-3	11,384220E-6
477,100000E-3	11,391701E-6
477,900000E-3	11,399416E-6
478,600000E-3	11,407708E-6
478,800000E-3	11,416696E-6
479,500000E-3	11,426977E-6
480,100000E-3	11,439469E-6
480,700000E-3	11,449336E-6
480,700000E-3	11,457670E-6
481,700000E-3	11,465122E-6
482,000000E-3	11,471634E-6
482,600000E-3	11,477498E-6
483,200000E-3	11,484931E-6
483,900000E-3	11,493910E-6
484,500000E-3	11,499995E-6
485,100000E-3	11,505332E-6
485,400000E-3	11,511849E-6
485,700000E-3	11,521715E-6
486,400000E-3	11,529630E-6
487,000000E-3	11,535025E-6
487,600000E-3	11,540936E-6
488,200000E-3	11,547896E-6
488,600000E-3	11,555584E-6
489,200000E-3	11,564763E-6
489,500000E-3	11,574458E-6
490,100000E-3	11,585330E-6
490,700000E-3	11,596540E-6
491,300000E-3	11,607137E-6
491,700000E-3	11,614869E-6
492,300000E-3	11,620669E-6
492,600000E-3	11,623741E-6
493,200000E-3	11,625630E-6
493,800000E-3	11,629579E-6
494,500000E-3	11,637331E-6
495,100000E-3	11,651975E-6
495,400000E-3	11,666385E-6
496,000000E-3	11,681010E-6
496,300000E-3	11,695834E-6
496,900000E-3	11,708957E-6
497,500000E-3	11,716483E-6
498,100000E-3	11,720042E-6
498,700000E-3	11,727295E-6
499,300000E-3	11,738340E-6
499,600000E-3	11,751480E-6
500,100000E-3	11,761286E-6
500,500000E-3	11,766650E-6
500,800000E-3	11,771144E-6
500,900000E-3	11,774177E-6
501,000000E-3	11,777944E-6
501,100000E-3	11,785455E-6
501,100000E-3	11,790462E-6
501,100000E-3	11,791580E-6
501,000000E-3	11,792528E-6
500,900000E-3	11,793578E-6
500,800000E-3	11,802053E-6
500,700000E-3	11,811823E-6
500,600000E-3	11,817729E-6
500,500000E-3	11,817399E-6
500,400000E-3	11,814478E-6
500,300000E-3	11,806397E-6
