-500,000000E-3	21,733543E-6
-500,000000E-3	21,734599E-6
-499,900000E-3	21,733477E-6
-499,800000E-3	21,728846E-6
-499,600000E-3	21,725360E-6
-499,300000E-3	21,725998E-6
-499,000000E-3	21,728910E-6
-498,800000E-3	21,731013E-6
-498,400000E-3	21,729264E-6
-497,800000E-3	21,725106E-6
-497,600000E-3	21,719553E-6
-497,100000E-3	21,713959E-6
-496,600000E-3	21,708529E-6
-496,100000E-3	21,699899E-6
-495,800000E-3	21,685540E-6
-495,300000E-3	21,667272E-6
-494,800000E-3	21,648825E-6
-494,300000E-3	21,629842E-6
-494,100000E-3	21,608373E-6
-493,300000E-3	21,584674E-6
-492,800000E-3	21,558468E-6
-492,500000E-3	21,532796E-6
-491,800000E-3	21,507029E-6
-491,400000E-3	21,482891E-6
-490,900000E-3	21,457210E-6
-490,500000E-3	21,428841E-6
-489,800000E-3	21,400673E-6
-489,500000E-3	21,369862E-6
-488,900000E-3	21,337408E-6
-488,400000E-3	21,306736E-6
-487,800000E-3	21,278525E-6
-487,500000E-3	21,253282E-6
-486,700000E-3	21,227141E-6
-486,500000E-3	21,200004E-6
-485,900000E-3	21,174890E-6
-485,300000E-3	21,150511E-6
-484,700000E-3	21,124668E-6
-484,500000E-3	21,097889E-6
-483,800000E-3	21,071709E-6
-483,300000E-3	21,046184E-6
-482,800000E-3	21,022940E-6
-482,200000E-3	21,000066E-6
-481,600000E-3	20,983651E-6
-481,300000E-3	20,965431E-6
-480,700000E-3	20,945530E-6
-480,000000E-3	20,925515E-6
-479,600000E-3	20,908197E-6
-479,000000E-3	20,889841E-6
-478,600000E-3	20,874037E-6
-477,900000E-3	20,862615E-6
-477,600000E-3	20,853643E-6
-477,000000E-3	20,846972E-6
-476,400000E-3	20,841721E-6
-475,900000E-3	20,836747E-6
-475,400000E-3	20,835145E-6
-474,800000E-3	20,835253E-6
-474,400000E-3	20,834263E-6
-474,000000E-3	20,832172E-6
-473,300000E-3	20,830011E-6
-472,700000E-3	20,828501E-6
-472,200000E-3	20,826891E-6
-471,600000E-3	20,825178E-6
-471,300000E-3	20,821328E-6
-470,700000E-3	20,815593E-6
-470,400000E-3	20,808715E-6
-469,700000E-3	20,799795E-6
-468,900000E-3	20,789199E-6
-468,700000E-3	20,778925E-6
-468,100000E-3	20,769847E-6
-467,500000E-3	20,758552E-6
-466,900000E-3	20,746793E-6
-466,700000E-3	20,730851E-6
-466,000000E-3	20,712015E-6
-465,200000E-3	20,691307E-6
-464,900000E-3	20,667039E-6
-464,400000E-3	20,646128E-6
-463,800000E-3	20,623295E-6
-463,200000E-3	20,595355E-6
-462,900000E-3	20,563900E-6
-462,200000E-3	20,531876E-6
-461,800000E-3	20,500956E-6
-461,200000E-3	20,472073E-6
-460,700000E-3	20,442389E-6
-460,000000E-3	20,409610E-6
-459,800000E-3	20,372694E-6
-459,200000E-3	20,331329E-6
-458,600000E-3	20,289796E-6
-458,000000E-3	20,249938E-6
-457,800000E-3	20,208895E-6
-457,000000E-3	20,164312E-6
-456,600000E-3	20,118835E-6
-456,000000E-3	20,073752E-6
-455,400000E-3	20,028507E-6
-454,900000E-3	19,983168E-6
-454,600000E-3	19,935953E-6
-454,000000E-3	19,884046E-6
-453,400000E-3	19,834960E-6
-452,800000E-3	19,781514E-6
-452,500000E-3	19,724442E-6
-451,800000E-3	19,664738E-6
-451,400000E-3	19,604546E-6
-451,100000E-3	19,545584E-6
-450,300000E-3	19,484105E-6
-449,700000E-3	19,416284E-6
-449,400000E-3	19,346252E-6
-448,800000E-3	19,273970E-6
-448,300000E-3	19,199388E-6
-447,700000E-3	19,125264E-6
-447,400000E-3	19,046690E-6
-446,600000E-3	18,961065E-6
-446,200000E-3	18,879586E-6
-445,700000E-3	18,801953E-6
-445,300000E-3	18,721769E-6
-444,800000E-3	18,640669E-6
-444,200000E-3	18,554926E-6
-443,700000E-3	18,460592E-6
-443,100000E-3	18,382216E-6
-442,500000E-3	18,310798E-6
-441,900000E-3	18,208867E-6
-441,400000E-3	18,143150E-6
-440,800000E-3	18,081660E-6
-440,200000E-3	18,020679E-6
-439,900000E-3	17,965693E-6
-439,300000E-3	17,907889E-6
-438,800000E-3	17,851245E-6
-438,200000E-3	17,802321E-6
-437,600000E-3	17,761235E-6
-437,100000E-3	17,725965E-6
-436,700000E-3	17,688554E-6
-436,100000E-3	17,645299E-6
-435,700000E-3	17,603180E-6
-435,000000E-3	17,569973E-6
-434,700000E-3	17,546378E-6
-434,100000E-3	17,525392E-6
-433,600000E-3	17,505317E-6
-433,000000E-3	17,485613E-6
-432,700000E-3	17,463084E-6
-432,000000E-3	17,441581E-6
-431,600000E-3	17,425759E-6
-431,300000E-3	17,414549E-6
-430,400000E-3	17,405426E-6
-429,900000E-3	17,399488E-6
-429,600000E-3	17,394384E-6
-429,000000E-3	17,389043E-6
-428,400000E-3	17,385529E-6
-427,800000E-3	17,382702E-6
-427,500000E-3	17,379644E-6
-426,800000E-3	17,375783E-6
-426,400000E-3	17,369974E-6
-425,800000E-3	17,361328E-6
-425,300000E-3	17,348615E-6
-424,700000E-3	17,330469E-6
-424,400000E-3	17,307554E-6
-423,800000E-3	17,286346E-6
-423,100000E-3	17,260916E-6
-422,400000E-3	17,226828E-6
-421,800000E-3	17,199848E-6
-421,200000E-3	17,168304E-6
-420,600000E-3	17,133684E-6
-420,000000E-3	17,093064E-6
-419,700000E-3	17,049547E-6
-419,200000E-3	17,002247E-6
-418,700000E-3	16,950189E-6
-418,300000E-3	16,892298E-6
-417,700000E-3	16,830213E-6
-417,100000E-3	16,764608E-6
-416,600000E-3	16,702771E-6
-416,000000E-3	16,636308E-6
-415,700000E-3	16,565966E-6
-415,000000E-3	16,481912E-6
-414,600000E-3	16,396910E-6
-414,000000E-3	16,314323E-6
-413,400000E-3	16,237160E-6
-412,800000E-3	16,162177E-6
-412,600000E-3	16,088922E-6
-412,000000E-3	16,015756E-6
-411,400000E-3	15,939318E-6
-410,800000E-3	15,863876E-6
-410,500000E-3	15,792608E-6
-409,800000E-3	15,720222E-6
-409,300000E-3	15,659702E-6
-409,100000E-3	15,602306E-6
-408,200000E-3	15,544251E-6
-407,700000E-3	15,490610E-6
-407,400000E-3	15,444595E-6
-406,800000E-3	15,403623E-6
-406,200000E-3	15,366385E-6
-405,600000E-3	15,333251E-6
-405,400000E-3	15,304011E-6
-404,500000E-3	15,278395E-6
-403,900000E-3	15,249661E-6
-403,700000E-3	15,227753E-6
-403,000000E-3	15,212355E-6
-402,500000E-3	15,198971E-6
-401,900000E-3	15,184253E-6
-401,600000E-3	15,168834E-6
-401,000000E-3	15,151365E-6
-400,400000E-3	15,129886E-6
-399,900000E-3	15,107875E-6
-399,300000E-3	15,075492E-6
-398,700000E-3	15,051470E-6
-398,200000E-3	15,024490E-6
-397,600000E-3	14,993391E-6
-397,300000E-3	14,959151E-6
-396,700000E-3	14,922106E-6
-396,100000E-3	14,889980E-6
-395,500000E-3	14,855762E-6
-395,000000E-3	14,819010E-6
-394,400000E-3	14,781028E-6
-394,100000E-3	14,738229E-6
-393,500000E-3	14,692798E-6
-393,000000E-3	14,648472E-6
-392,400000E-3	14,605320E-6
-392,100000E-3	14,566050E-6
-391,200000E-3	14,527552E-6
-391,000000E-3	14,488592E-6
-390,400000E-3	14,445041E-6
-389,800000E-3	14,404927E-6
-389,200000E-3	14,365010E-6
-388,900000E-3	14,320697E-6
-388,300000E-3	14,273779E-6
-387,700000E-3	14,222028E-6
-387,200000E-3	14,164227E-6
-386,600000E-3	14,111224E-6
-386,100000E-3	14,058434E-6
-385,500000E-3	13,999059E-6
-385,200000E-3	13,949067E-6
-384,600000E-3	13,899322E-6
-384,000000E-3	13,855620E-6
-383,400000E-3	13,811850E-6
-383,200000E-3	13,772989E-6
-382,300000E-3	13,739478E-6
-382,000000E-3	13,709041E-6
-381,500000E-3	13,680791E-6
-380,900000E-3	13,656348E-6
-380,300000E-3	13,632712E-6
-380,000000E-3	13,610138E-6
-379,400000E-3	13,587862E-6
-378,900000E-3	13,567072E-6
-378,300000E-3	13,548623E-6
-377,700000E-3	13,528314E-6
-377,200000E-3	13,518906E-6
-376,600000E-3	13,512194E-6
-376,000000E-3	13,506886E-6
-375,700000E-3	13,503716E-6
-375,000000E-3	13,505235E-6
-374,500000E-3	13,505914E-6
-374,000000E-3	13,503495E-6
-373,400000E-3	13,501194E-6
-372,800000E-3	13,503182E-6
-372,300000E-3	13,513067E-6
-372,000000E-3	13,523064E-6
-371,400000E-3	13,528912E-6
-370,800000E-3	13,531838E-6
-370,400000E-3	13,532956E-6
-369,700000E-3	13,534773E-6
-369,400000E-3	13,536056E-6
-368,800000E-3	13,538003E-6
-368,200000E-3	13,539132E-6
-367,700000E-3	13,537488E-6
-367,400000E-3	13,534659E-6
-366,600000E-3	13,531734E-6
-366,200000E-3	13,524844E-6
-365,700000E-3	13,517310E-6
-365,100000E-3	13,514694E-6
-364,500000E-3	13,514518E-6
-364,200000E-3	13,510560E-6
-363,700000E-3	13,499102E-6
-363,100000E-3	13,488380E-6
-362,500000E-3	13,478916E-6
-362,200000E-3	13,466743E-6
-361,600000E-3	13,450941E-6
-361,100000E-3	13,435108E-6
-360,500000E-3	13,421120E-6
-360,000000E-3	13,410699E-6
-359,400000E-3	13,406123E-6
-359,100000E-3	13,403463E-6
-358,500000E-3	13,402801E-6
-358,000000E-3	13,407614E-6
-357,600000E-3	13,416904E-6
-357,100000E-3	13,429633E-6
-356,200000E-3	13,445723E-6
-355,600000E-3	13,470448E-6
-355,300000E-3	13,492093E-6
-354,700000E-3	13,516485E-6
-354,200000E-3	13,538138E-6
-353,900000E-3	13,561469E-6
-353,300000E-3	13,587181E-6
-352,500000E-3	13,613789E-6
-351,900000E-3	13,650945E-6
-351,600000E-3	13,680941E-6
-351,000000E-3	13,713676E-6
-350,400000E-3	13,752646E-6
-350,100000E-3	13,801471E-6
-349,600000E-3	13,855912E-6
-348,700000E-3	13,911927E-6
-348,100000E-3	13,984395E-6
-347,500000E-3	14,034500E-6
-346,900000E-3	14,082936E-6
-346,500000E-3	14,128437E-6
-345,800000E-3	14,176658E-6
-345,300000E-3	14,231402E-6
-345,000000E-3	14,267412E-6
-344,400000E-3	14,306622E-6
-343,800000E-3	14,346551E-6
-343,200000E-3	14,382279E-6
-342,900000E-3	14,413208E-6
-342,100000E-3	14,443699E-6
-341,800000E-3	14,476764E-6
-341,200000E-3	14,508300E-6
-340,600000E-3	14,537949E-6
-340,000000E-3	14,569098E-6
-339,800000E-3	14,598413E-6
-339,200000E-3	14,629582E-6
-338,600000E-3	14,667133E-6
-338,000000E-3	14,706524E-6
-337,600000E-3	14,746449E-6
-336,900000E-3	14,786419E-6
-336,600000E-3	14,828244E-6
-336,100000E-3	14,874599E-6
-335,500000E-3	14,915771E-6
-334,900000E-3	14,954299E-6
-334,600000E-3	14,995158E-6
-334,000000E-3	15,040584E-6
-333,400000E-3	15,083401E-6
-332,800000E-3	15,120170E-6
-332,400000E-3	15,152673E-6
-331,700000E-3	15,180410E-6
-331,400000E-3	15,209256E-6
-330,900000E-3	15,232149E-6
-330,200000E-3	15,250963E-6
-329,700000E-3	15,264029E-6
-329,400000E-3	15,272602E-6
-328,700000E-3	15,277252E-6
-328,300000E-3	15,277867E-6
-327,700000E-3	15,279803E-6
-327,100000E-3	15,284319E-6
-326,500000E-3	15,281228E-6
-325,800000E-3	15,270102E-6
-325,400000E-3	15,255371E-6
-324,800000E-3	15,236954E-6
-324,200000E-3	15,217958E-6
-323,600000E-3	15,198980E-6
-323,400000E-3	15,181036E-6
-322,800000E-3	15,163750E-6
-322,200000E-3	15,148220E-6
-321,600000E-3	15,133738E-6
-321,300000E-3	15,118021E-6
-320,500000E-3	15,102910E-6
-320,200000E-3	15,094318E-6
-319,800000E-3	15,095665E-6
-319,000000E-3	15,105503E-6
-318,500000E-3	15,117212E-6
-318,200000E-3	15,124804E-6
-317,600000E-3	15,128592E-6
-317,100000E-3	15,130721E-6
-316,500000E-3	15,129596E-6
-316,200000E-3	15,122636E-6
-315,300000E-3	15,112233E-6
-315,000000E-3	15,099304E-6
-314,400000E-3	15,082245E-6
-313,900000E-3	15,055446E-6
-313,600000E-3	15,017843E-6
-313,000000E-3	14,975174E-6
-312,500000E-3	14,930844E-6
-311,900000E-3	14,886070E-6
-311,300000E-3	14,841839E-6
-310,900000E-3	14,799068E-6
-310,100000E-3	14,756805E-6
-309,900000E-3	14,719836E-6
-309,300000E-3	14,691753E-6
-308,700000E-3	14,668620E-6
-308,100000E-3	14,651457E-6
-307,900000E-3	14,643803E-6
-307,000000E-3	14,650546E-6
-306,700000E-3	14,675612E-6
-306,100000E-3	14,712991E-6
-305,600000E-3	14,758283E-6
-305,300000E-3	14,808285E-6
-304,700000E-3	14,859447E-6
-304,200000E-3	14,919480E-6
-303,600000E-3	14,981511E-6
-303,000000E-3	15,039173E-6
-302,700000E-3	15,087851E-6
-301,800000E-3	15,129211E-6
-301,600000E-3	15,170485E-6
-301,000000E-3	15,224085E-6
-300,400000E-3	15,275883E-6
-299,800000E-3	15,317387E-6
-299,500000E-3	15,349458E-6
-298,900000E-3	15,379130E-6
-298,400000E-3	15,410800E-6
-297,800000E-3	15,444193E-6
-297,500000E-3	15,476128E-6
-296,700000E-3	15,508200E-6
-296,100000E-3	15,543462E-6
-295,800000E-3	15,573747E-6
-295,300000E-3	15,601885E-6
-294,700000E-3	15,629643E-6
-294,400000E-3	15,659108E-6
-293,800000E-3	15,688115E-6
-292,900000E-3	15,716325E-6
-292,600000E-3	15,746079E-6
-292,300000E-3	15,778530E-6
-291,500000E-3	15,817130E-6
-291,200000E-3	15,862507E-6
-290,600000E-3	15,911509E-6
-290,100000E-3	15,968245E-6
-289,500000E-3	16,023472E-6
-288,900000E-3	16,076251E-6
-288,600000E-3	16,134088E-6
-287,800000E-3	16,189460E-6
-287,500000E-3	16,245149E-6
-286,900000E-3	16,296943E-6
-286,300000E-3	16,339009E-6
-285,700000E-3	16,374163E-6
-285,500000E-3	16,402622E-6
-284,900000E-3	16,420774E-6
-284,000000E-3	16,429065E-6
-283,700000E-3	16,428811E-6
-283,100000E-3	16,425199E-6
-282,600000E-3	16,418012E-6
-282,000000E-3	16,405281E-6
-281,700000E-3	16,384416E-6
-281,200000E-3	16,351209E-6
-280,600000E-3	16,302603E-6
-280,000000E-3	16,250385E-6
-279,400000E-3	16,194393E-6
-278,900000E-3	16,126981E-6
-278,300000E-3	16,070159E-6
-277,700000E-3	16,016547E-6
-277,400000E-3	15,968147E-6
-276,600000E-3	15,925891E-6
-276,300000E-3	15,883945E-6
-275,700000E-3	15,838722E-6
-275,300000E-3	15,793575E-6
-274,600000E-3	15,758481E-6
-274,200000E-3	15,726973E-6
-273,700000E-3	15,695734E-6
-273,100000E-3	15,659108E-6
-272,500000E-3	15,617391E-6
-272,200000E-3	15,580023E-6
-271,400000E-3	15,549149E-6
-271,100000E-3	15,518678E-6
-270,500000E-3	15,485756E-6
-270,000000E-3	15,450315E-6
-269,400000E-3	15,413382E-6
-269,100000E-3	15,377954E-6
-268,500000E-3	15,344288E-6
-268,000000E-3	15,310354E-6
-267,700000E-3	15,278501E-6
-267,100000E-3	15,252255E-6
-266,400000E-3	15,234350E-6
-265,900000E-3	15,231333E-6
-265,400000E-3	15,238407E-6
-264,800000E-3	15,252550E-6
-264,200000E-3	15,277990E-6
-263,900000E-3	15,304541E-6
-263,400000E-3	15,320935E-6
-262,800000E-3	15,321983E-6
-262,200000E-3	15,309243E-6
-261,900000E-3	15,283019E-6
-261,300000E-3	15,241787E-6
-260,700000E-3	15,186821E-6
-260,200000E-3	15,123552E-6
-259,600000E-3	15,059592E-6
-259,000000E-3	15,001832E-6
-258,700000E-3	14,951615E-6
-258,200000E-3	14,905621E-6
-257,600000E-3	14,862294E-6
-257,000000E-3	14,825006E-6
-256,700000E-3	14,796442E-6
-256,000000E-3	14,769797E-6
-255,500000E-3	14,739891E-6
-255,000000E-3	14,709923E-6
-254,300000E-3	14,677656E-6
-253,700000E-3	14,641476E-6
-253,500000E-3	14,601713E-6
-252,900000E-3	14,557854E-6
-252,300000E-3	14,508330E-6
-251,700000E-3	14,455592E-6
-251,400000E-3	14,404125E-6
-250,800000E-3	14,353690E-6
-250,100000E-3	14,306260E-6
-249,500000E-3	14,266783E-6
-249,200000E-3	14,235052E-6
-248,800000E-3	14,209174E-6
-248,200000E-3	14,191243E-6
-247,500000E-3	14,173993E-6
-246,800000E-3	14,160030E-6
-246,200000E-3	14,131288E-6
-245,600000E-3	14,099408E-6
-245,000000E-3	14,054067E-6
-244,700000E-3	13,997139E-6
-244,100000E-3	13,931152E-6
-243,500000E-3	13,861718E-6
-242,800000E-3	13,796938E-6
-242,600000E-3	13,737500E-6
-241,900000E-3	13,682007E-6
-241,500000E-3	13,629073E-6
-240,800000E-3	13,582079E-6
-240,400000E-3	13,545915E-6
-240,200000E-3	13,520060E-6
-239,600000E-3	13,504651E-6
-238,900000E-3	13,495639E-6
-238,400000E-3	13,494452E-6
-237,700000E-3	13,500958E-6
-237,400000E-3	13,505361E-6
-236,800000E-3	13,507256E-6
-236,300000E-3	13,509052E-6
-235,600000E-3	13,508434E-6
-235,000000E-3	13,500986E-6
-234,800000E-3	13,483886E-6
-234,100000E-3	13,453910E-6
-233,500000E-3	13,413884E-6
-232,900000E-3	13,358172E-6
-232,600000E-3	13,297889E-6
-232,000000E-3	13,237827E-6
-231,400000E-3	13,175983E-6
-230,800000E-3	13,126789E-6
-230,500000E-3	13,076690E-6
-229,900000E-3	13,032448E-6
-229,300000E-3	12,994957E-6
-229,000000E-3	12,957346E-6
-228,400000E-3	12,913784E-6
-227,800000E-3	12,865853E-6
-227,200000E-3	12,818562E-6
-226,900000E-3	12,773263E-6
-226,200000E-3	12,729540E-6
-225,700000E-3	12,686155E-6
-225,100000E-3	12,640913E-6
-224,700000E-3	12,587484E-6
-224,200000E-3	12,523966E-6
-223,600000E-3	12,457428E-6
-223,000000E-3	12,389515E-6
-222,700000E-3	12,313936E-6
-222,100000E-3	12,225351E-6
-221,500000E-3	12,129330E-6
-220,900000E-3	12,034613E-6
-220,500000E-3	11,952513E-6
-219,900000E-3	11,889124E-6
-219,600000E-3	11,834248E-6
-218,900000E-3	11,793004E-6
-218,400000E-3	11,762936E-6
-217,800000E-3	11,743955E-6
-217,500000E-3	11,734209E-6
-216,900000E-3	11,729018E-6
-216,300000E-3	11,726333E-6
-215,700000E-3	11,727676E-6
-215,100000E-3	11,742389E-6
-214,500000E-3	11,757194E-6
-214,200000E-3	11,771173E-6
-213,600000E-3	11,778754E-6
-213,000000E-3	11,777137E-6
-212,400000E-3	11,767395E-6
-212,100000E-3	11,750595E-6
-211,800000E-3	11,728559E-6
-211,100000E-3	11,707586E-6
-210,400000E-3	11,691833E-6
-210,000000E-3	11,683260E-6
-209,400000E-3	11,680345E-6
-209,100000E-3	11,678489E-6
-208,500000E-3	11,672226E-6
-207,800000E-3	11,654131E-6
-207,300000E-3	11,612463E-6
-206,900000E-3	11,558013E-6
-206,300000E-3	11,498024E-6
-205,800000E-3	11,443937E-6
-205,100000E-3	11,393550E-6
-204,500000E-3	11,376630E-6
-204,200000E-3	11,381396E-6
-203,600000E-3	11,410120E-6
-203,100000E-3	11,459296E-6
-202,500000E-3	11,519447E-6
-201,800000E-3	11,594928E-6
-201,500000E-3	11,670333E-6
-201,200000E-3	11,759310E-6
-200,600000E-3	11,859555E-6
-199,900000E-3	11,970422E-6
-199,400000E-3	12,069874E-6
-198,800000E-3	12,164823E-6
-198,500000E-3	12,260499E-6
-197,900000E-3	12,358890E-6
-197,300000E-3	12,460239E-6
-196,700000E-3	12,574441E-6
-196,400000E-3	12,704881E-6
-195,800000E-3	12,833450E-6
-195,200000E-3	12,954791E-6
-194,600000E-3	13,072357E-6
-194,200000E-3	13,188904E-6
-193,900000E-3	13,315010E-6
-193,400000E-3	13,450338E-6
-192,600000E-3	13,574847E-6
-192,100000E-3	13,683685E-6
-191,800000E-3	13,780524E-6
-191,200000E-3	13,867377E-6
-190,600000E-3	13,944903E-6
-190,000000E-3	13,999780E-6
-189,400000E-3	14,040843E-6
-189,100000E-3	14,072561E-6
-188,500000E-3	14,098622E-6
-187,900000E-3	14,118168E-6
-187,300000E-3	14,128012E-6
-187,000000E-3	14,125740E-6
-186,400000E-3	14,119023E-6
-186,100000E-3	14,116351E-6
-185,300000E-3	14,118783E-6
-184,900000E-3	14,124190E-6
-184,600000E-3	14,134385E-6
-184,000000E-3	14,157316E-6
-183,300000E-3	14,194399E-6
-182,700000E-3	14,239441E-6
-182,200000E-3	14,293509E-6
-181,600000E-3	14,377450E-6
-181,000000E-3	14,439051E-6
-180,700000E-3	14,506219E-6
-180,100000E-3	14,549048E-6
-179,500000E-3	14,577170E-6
-178,900000E-3	14,590689E-6
-178,300000E-3	14,592889E-6
-178,000000E-3	14,592680E-6
-177,400000E-3	14,599444E-6
-176,800000E-3	14,614874E-6
-176,200000E-3	14,639928E-6
-175,900000E-3	14,671122E-6
-175,300000E-3	14,707180E-6
-174,600000E-3	14,750204E-6
-174,100000E-3	14,793073E-6
-173,500000E-3	14,841825E-6
-173,200000E-3	14,892951E-6
-172,500000E-3	14,983527E-6
-171,900000E-3	15,066896E-6
-171,300000E-3	15,156253E-6
-170,700000E-3	15,249000E-6
-170,400000E-3	15,341184E-6
-169,800000E-3	15,423835E-6
-169,500000E-3	15,499009E-6
-168,800000E-3	15,562120E-6
-168,300000E-3	15,628929E-6
-167,700000E-3	15,695139E-6
-167,100000E-3	15,747454E-6
-166,800000E-3	15,778453E-6
-166,200000E-3	15,801276E-6
-165,600000E-3	15,819524E-6
-165,000000E-3	15,847053E-6
-164,700000E-3	15,894154E-6
-164,100000E-3	15,959185E-6
-163,500000E-3	16,032335E-6
-162,900000E-3	16,112184E-6
-162,500000E-3	16,204780E-6
-162,200000E-3	16,309936E-6
-161,600000E-3	16,424533E-6
-161,000000E-3	16,537564E-6
-160,300000E-3	16,633380E-6
-159,800000E-3	16,714187E-6
-159,400000E-3	16,780917E-6
-159,000000E-3	16,830445E-6
-158,200000E-3	16,849776E-6
-157,600000E-3	16,825252E-6
-157,300000E-3	16,762465E-6
-156,700000E-3	16,669213E-6
-156,400000E-3	16,547329E-6
-155,800000E-3	16,392703E-6
-155,100000E-3	16,234108E-6
-154,600000E-3	16,071259E-6
-154,300000E-3	15,930342E-6
-153,700000E-3	15,818923E-6
-153,100000E-3	15,737667E-6
-152,400000E-3	15,683289E-6
-152,400000E-3	15,650604E-6
-151,500000E-3	15,634931E-6
-151,200000E-3	15,620878E-6
-150,600000E-3	15,593480E-6
-150,000000E-3	15,549884E-6
-149,300000E-3	15,502612E-6
-149,000000E-3	15,460514E-6
-148,400000E-3	15,426974E-6
-148,100000E-3	15,399659E-6
-147,500000E-3	15,372803E-6
-146,900000E-3	15,344078E-6
-146,200000E-3	15,317015E-6
-145,900000E-3	15,311791E-6
-145,300000E-3	15,329024E-6
-145,000000E-3	15,351149E-6
-144,300000E-3	15,363165E-6
-143,700000E-3	15,368587E-6
-143,100000E-3	15,380266E-6
-142,500000E-3	15,416541E-6
-142,100000E-3	15,466780E-6
-141,500000E-3	15,524606E-6
-141,200000E-3	15,571943E-6
-140,600000E-3	15,599278E-6
-140,000000E-3	15,602056E-6
-139,400000E-3	15,577931E-6
-138,700000E-3	15,523090E-6
-138,400000E-3	15,466120E-6
-138,100000E-3	15,409837E-6
-137,500000E-3	15,353717E-6
-136,900000E-3	15,293359E-6
-136,200000E-3	15,230124E-6
-135,600000E-3	15,168207E-6
-135,300000E-3	15,115625E-6
-135,000000E-3	15,084135E-6
-134,400000E-3	15,094194E-6
-133,700000E-3	15,150950E-6
-133,200000E-3	15,231774E-6
-132,500000E-3	15,307859E-6
-132,500000E-3	15,352058E-6
-131,600000E-3	15,346478E-6
-131,300000E-3	15,293888E-6
-130,600000E-3	15,229040E-6
-130,000000E-3	15,172940E-6
-129,500000E-3	15,121077E-6
-129,200000E-3	15,062972E-6
-128,800000E-3	14,985220E-6
-128,200000E-3	14,880243E-6
-127,600000E-3	14,752587E-6
-127,000000E-3	14,607022E-6
-126,300000E-3	14,443716E-6
-126,000000E-3	14,304683E-6
-125,800000E-3	14,178926E-6
-125,100000E-3	14,063715E-6
-124,500000E-3	13,955454E-6
-123,900000E-3	13,843308E-6
-123,300000E-3	13,715437E-6
-122,900000E-3	13,598205E-6
-122,300000E-3	13,475534E-6
-122,000000E-3	13,352522E-6
-121,400000E-3	13,254266E-6
-120,800000E-3	13,189213E-6
-120,200000E-3	13,153125E-6
-119,800000E-3	13,142195E-6
-119,500000E-3	13,164314E-6
-118,900000E-3	13,223457E-6
-118,300000E-3	13,305737E-6
-117,700000E-3	13,392819E-6
-117,100000E-3	13,473485E-6
-116,500000E-3	13,550369E-6
-115,800000E-3	13,623058E-6
-115,500000E-3	13,670453E-6
-115,200000E-3	13,708953E-6
-114,600000E-3	13,745561E-6
-114,000000E-3	13,755766E-6
-113,300000E-3	13,708739E-6
-112,700000E-3	13,599876E-6
-112,400000E-3	13,454125E-6
-112,100000E-3	13,293314E-6
-111,500000E-3	13,126761E-6
-110,800000E-3	12,963228E-6
-110,200000E-3	12,802198E-6
-109,900000E-3	12,645525E-6
-109,300000E-3	12,492854E-6
-109,000000E-3	12,335472E-6
-108,300000E-3	12,194520E-6
-107,700000E-3	12,106809E-6
-107,100000E-3	12,064329E-6
-106,800000E-3	12,037564E-6
-106,200000E-3	11,993436E-6
-105,900000E-3	11,908945E-6
-105,200000E-3	11,784988E-6
-104,600000E-3	11,656036E-6
-104,000000E-3	11,549432E-6
-103,700000E-3	11,476445E-6
-103,400000E-3	11,431724E-6
-102,700000E-3	11,384772E-6
-102,100000E-3	11,290325E-6
-101,500000E-3	11,155505E-6
-100,900000E-3	10,991268E-6
-100,500000E-3	10,825249E-6
-99,900000E-3	10,706953E-6
-99,600000E-3	10,660725E-6
-99,000000E-3	10,662689E-6
-98,400000E-3	10,660781E-6
-97,700000E-3	10,621502E-6
-97,100000E-3	10,513027E-6
-96,800000E-3	10,412647E-6
-96,500000E-3	10,319457E-6
-95,800000E-3	10,222944E-6
-95,300000E-3	10,117032E-6
-94,600000E-3	10,011918E-6
-94,000000E-3	9,900566E-6
-93,800000E-3	9,805027E-6
-93,400000E-3	9,717755E-6
-92,800000E-3	9,624259E-6
-92,200000E-3	9,517618E-6
-91,500000E-3	9,408682E-6
-90,900000E-3	9,305575E-6
-90,600000E-3	9,221454E-6
-90,300000E-3	9,177666E-6
-89,700000E-3	9,188015E-6
-89,000000E-3	9,250162E-6
-88,400000E-3	9,329867E-6
-88,100000E-3	9,394188E-6
-87,500000E-3	9,430639E-6
-87,200000E-3	9,424138E-6
-86,600000E-3	9,369291E-6
-85,900000E-3	9,274556E-6
-85,300000E-3	9,198255E-6
-84,700000E-3	9,159581E-6
-84,400000E-3	9,146749E-6
-83,800000E-3	9,128912E-6
-83,400000E-3	9,071910E-6
-82,900000E-3	8,951245E-6
-82,200000E-3	8,756362E-6
-81,600000E-3	8,493582E-6
-81,300000E-3	8,190948E-6
-80,600000E-3	7,894228E-6
-80,300000E-3	7,642449E-6
-79,700000E-3	7,420571E-6
-79,100000E-3	7,188634E-6
-78,500000E-3	6,934604E-6
-78,200000E-3	6,670955E-6
-77,500000E-3	6,414262E-6
-77,300000E-3	6,178679E-6
-76,600000E-3	5,993334E-6
-76,000000E-3	5,885169E-6
-75,400000E-3	5,860228E-6
-75,100000E-3	5,909112E-6
-74,500000E-3	6,010236E-6
-74,100000E-3	6,124534E-6
-73,500000E-3	6,222378E-6
-72,900000E-3	6,273749E-6
-72,300000E-3	6,279145E-6
-71,900000E-3	6,220901E-6
-71,300000E-3	6,093471E-6
-71,000000E-3	5,922250E-6
-70,400000E-3	5,781626E-6
-69,800000E-3	5,675685E-6
-69,200000E-3	5,585216E-6
-68,500000E-3	5,497057E-6
-68,200000E-3	5,414360E-6
-67,600000E-3	5,336836E-6
-67,300000E-3	5,256917E-6
-66,700000E-3	5,207546E-6
-66,000000E-3	5,194720E-6
-65,400000E-3	5,220087E-6
-65,100000E-3	5,257630E-6
-64,500000E-3	5,287738E-6
-64,200000E-3	5,305767E-6
-63,500000E-3	5,306371E-6
-62,900000E-3	5,284669E-6
-62,300000E-3	5,266205E-6
-62,000000E-3	5,282641E-6
-61,300000E-3	5,324280E-6
-61,100000E-3	5,351352E-6
-60,500000E-3	5,326495E-6
-59,900000E-3	5,217091E-6
-59,300000E-3	5,025431E-6
-59,000000E-3	4,733049E-6
-58,300000E-3	4,457147E-6
-57,800000E-3	4,203687E-6
-57,200000E-3	3,997356E-6
-56,900000E-3	3,841711E-6
-56,200000E-3	3,717604E-6
-55,800000E-3	3,594859E-6
-55,200000E-3	3,453015E-6
-54,900000E-3	3,282206E-6
-54,200000E-3	3,081815E-6
-53,700000E-3	2,834644E-6
-53,100000E-3	2,559474E-6
-52,800000E-3	2,336993E-6
-52,200000E-3	2,188044E-6
-51,600000E-3	2,087941E-6
-51,000000E-3	2,023485E-6
-50,700000E-3	2,002974E-6
-50,100000E-3	2,023119E-6
-49,500000E-3	2,031443E-6
-48,900000E-3	1,972210E-6
-48,700000E-3	1,828044E-6
-48,000000E-3	1,614337E-6
-47,500000E-3	1,361144E-6
-46,800000E-3	1,096069E-6
-46,600000E-3	839,176656E-9
-46,000000E-3	589,987881E-9
-45,400000E-3	356,063297E-9
-45,100000E-3	140,981673E-9
-44,500000E-3	-51,801617E-9
-43,900000E-3	-202,621276E-9
-43,300000E-3	-289,039421E-9
-42,700000E-3	-325,350598E-9
-42,400000E-3	-346,486239E-9
-41,600000E-3	-386,066085E-9
-41,300000E-3	-473,250043E-9
-40,800000E-3	-608,433418E-9
-40,200000E-3	-759,659131E-9
-39,600000E-3	-918,315002E-9
-39,300000E-3	-1,052326E-6
-38,500000E-3	-1,171533E-6
-38,200000E-3	-1,284871E-6
-37,700000E-3	-1,412297E-6
-37,100000E-3	-1,555348E-6
-36,500000E-3	-1,691399E-6
-35,900000E-3	-1,836443E-6
-35,600000E-3	-2,011794E-6
-34,700000E-3	-2,237160E-6
-34,500000E-3	-2,472901E-6
-33,900000E-3	-2,736255E-6
-33,300000E-3	-2,997223E-6
-32,700000E-3	-3,240305E-6
-32,500000E-3	-3,483259E-6
-31,800000E-3	-3,728971E-6
-31,400000E-3	-3,963984E-6
-30,800000E-3	-4,165908E-6
-30,200000E-3	-4,317241E-6
-29,600000E-3	-4,443860E-6
-29,300000E-3	-4,570095E-6
-28,700000E-3	-4,719569E-6
-28,200000E-3	-4,893893E-6
-27,600000E-3	-5,107205E-6
-27,400000E-3	-5,315647E-6
-26,500000E-3	-5,465104E-6
-26,200000E-3	-5,554249E-6
-25,600000E-3	-5,614747E-6
-25,000000E-3	-5,668391E-6
-24,500000E-3	-5,717449E-6
-24,200000E-3	-5,763208E-6
-23,400000E-3	-5,815821E-6
-23,000000E-3	-5,876709E-6
-22,400000E-3	-5,940489E-6
-21,900000E-3	-6,000328E-6
-21,400000E-3	-6,069965E-6
-21,100000E-3	-6,165110E-6
-20,300000E-3	-6,295207E-6
-19,900000E-3	-6,427523E-6
-19,300000E-3	-6,540896E-6
-18,800000E-3	-6,632778E-6
-18,200000E-3	-6,710767E-6
-17,900000E-3	-6,782694E-6
-17,400000E-3	-6,851117E-6
-16,800000E-3	-6,914997E-6
-16,200000E-3	-6,974487E-6
-15,800000E-3	-7,031146E-6
-15,000000E-3	-7,069183E-6
-14,500000E-3	-7,040591E-6
-14,200000E-3	-6,980239E-6
-13,500000E-3	-6,937979E-6
-13,000000E-3	-6,929603E-6
-12,400000E-3	-6,921242E-6
-11,900000E-3	-6,831852E-6
-11,300000E-3	-6,732117E-6
-10,700000E-3	-6,662307E-6
-10,100000E-3	-6,667190E-6
-9,600000E-3	-6,727009E-6
-9,100000E-3	-6,785188E-6
-8,500000E-3	-6,800528E-6
-8,200000E-3	-6,778484E-6
-7,400000E-3	-6,727557E-6
-7,100000E-3	-6,650895E-6
-6,500000E-3	-6,559066E-6
-5,900000E-3	-6,484270E-6
-5,300000E-3	-6,460570E-6
-5,000000E-3	-6,470852E-6
-4,500000E-3	-6,462837E-6
-3,900000E-3	-6,408480E-6
-3,600000E-3	-6,317798E-6
-2,900000E-3	-6,200052E-6
-2,100000E-3	-6,068901E-6
-1,800000E-3	-5,942614E-6
-1,200000E-3	-5,824357E-6
-600,000000E-6	-5,735315E-6
-0,000000E+0	-5,671749E-6
200,000000E-6	-5,644760E-6
1,100000E-3	-5,639466E-6
1,700000E-3	-5,646163E-6
2,000000E-3	-5,680407E-6
2,600000E-3	-5,742502E-6
3,200000E-3	-5,811832E-6
3,400000E-3	-5,857115E-6
4,100000E-3	-5,851825E-6
4,800000E-3	-5,794688E-6
5,100000E-3	-5,730210E-6
5,700000E-3	-5,675941E-6
6,300000E-3	-5,612456E-6
6,600000E-3	-5,513106E-6
7,100000E-3	-5,376808E-6
8,000000E-3	-5,223222E-6
8,300000E-3	-5,092235E-6
8,800000E-3	-5,012130E-6
9,400000E-3	-4,974839E-6
10,000000E-3	-4,957925E-6
10,600000E-3	-4,951809E-6
11,000000E-3	-4,941006E-6
11,700000E-3	-4,914856E-6
12,300000E-3	-4,891335E-6
12,600000E-3	-4,883676E-6
13,100000E-3	-4,870496E-6
13,700000E-3	-4,839105E-6
14,200000E-3	-4,787017E-6
14,700000E-3	-4,708767E-6
15,400000E-3	-4,600799E-6
15,700000E-3	-4,486534E-6
16,300000E-3	-4,396858E-6
16,800000E-3	-4,333169E-6
17,100000E-3	-4,270164E-6
17,500000E-3	-4,191361E-6
18,400000E-3	-4,112079E-6
18,700000E-3	-4,046350E-6
19,300000E-3	-3,982103E-6
19,900000E-3	-3,913901E-6
19,900000E-3	-3,857636E-6
20,900000E-3	-3,817330E-6
21,400000E-3	-3,777827E-6
22,000000E-3	-3,725482E-6
22,300000E-3	-3,663003E-6
22,800000E-3	-3,600508E-6
23,700000E-3	-3,524227E-6
24,000000E-3	-3,448467E-6
24,600000E-3	-3,364655E-6
25,100000E-3	-3,268824E-6
25,600000E-3	-3,161838E-6
26,200000E-3	-3,027032E-6
26,700000E-3	-2,877246E-6
26,800000E-3	-2,730591E-6
27,800000E-3	-2,591737E-6
28,000000E-3	-2,463402E-6
28,600000E-3	-2,345112E-6
29,200000E-3	-2,238836E-6
29,600000E-3	-2,164058E-6
30,400000E-3	-2,131867E-6
31,000000E-3	-2,123957E-6
31,200000E-3	-2,102955E-6
31,800000E-3	-2,052657E-6
32,100000E-3	-1,985924E-6
32,900000E-3	-1,913642E-6
33,200000E-3	-1,836689E-6
33,800000E-3	-1,750078E-6
34,400000E-3	-1,647666E-6
35,000000E-3	-1,546317E-6
35,200000E-3	-1,460950E-6
35,800000E-3	-1,385205E-6
36,400000E-3	-1,312248E-6
36,900000E-3	-1,250124E-6
37,500000E-3	-1,234224E-6
38,100000E-3	-1,274865E-6
38,400000E-3	-1,321884E-6
39,200000E-3	-1,314096E-6
39,600000E-3	-1,185329E-6
40,100000E-3	-1,008900E-6
40,700000E-3	-804,864230E-9
41,200000E-3	-592,434298E-9
41,800000E-3	-394,197106E-9
42,300000E-3	-231,017711E-9
43,000000E-3	-98,077726E-9
43,200000E-3	-12,335947E-9
43,800000E-3	49,477262E-9
44,400000E-3	99,390239E-9
45,000000E-3	156,084129E-9
45,200000E-3	233,528347E-9
46,100000E-3	326,365525E-9
46,400000E-3	427,100282E-9
46,900000E-3	549,512525E-9
47,500000E-3	731,189061E-9
48,200000E-3	889,030123E-9
48,700000E-3	1,088386E-6
49,200000E-3	1,321807E-6
49,800000E-3	1,571602E-6
50,400000E-3	1,782940E-6
50,900000E-3	1,980314E-6
51,200000E-3	2,165862E-6
52,100000E-3	2,347212E-6
52,400000E-3	2,527205E-6
52,900000E-3	2,695455E-6
53,500000E-3	2,853771E-6
54,100000E-3	3,025557E-6
54,700000E-3	3,224806E-6
55,000000E-3	3,405125E-6
55,500000E-3	3,584382E-6
56,100000E-3	3,750788E-6
56,700000E-3	3,888325E-6
57,200000E-3	4,006818E-6
57,500000E-3	4,116663E-6
58,100000E-3	4,210018E-6
58,700000E-3	4,287944E-6
59,300000E-3	4,369580E-6
59,300000E-3	4,464652E-6
60,200000E-3	4,562372E-6
60,500000E-3	4,645415E-6
61,000000E-3	4,706451E-6
61,800000E-3	4,750833E-6
62,200000E-3	4,807499E-6
62,700000E-3	4,895896E-6
63,400000E-3	5,019240E-6
63,600000E-3	5,167245E-6
64,500000E-3	5,325017E-6
64,700000E-3	5,485414E-6
65,300000E-3	5,641831E-6
65,900000E-3	5,778891E-6
66,500000E-3	5,903346E-6
66,700000E-3	6,027520E-6
67,400000E-3	6,149324E-6
67,900000E-3	6,270250E-6
68,500000E-3	6,366420E-6
69,100000E-3	6,454004E-6
69,700000E-3	6,508841E-6
70,300000E-3	6,520964E-6
70,600000E-3	6,491536E-6
71,400000E-3	6,436892E-6
71,700000E-3	6,402086E-6
72,000000E-3	6,429894E-6
72,900000E-3	6,529239E-6
73,400000E-3	6,662892E-6
73,700000E-3	6,791554E-6
74,400000E-3	6,905185E-6
74,800000E-3	7,030637E-6
75,400000E-3	7,183591E-6
75,800000E-3	7,344440E-6
76,300000E-3	7,504236E-6
76,900000E-3	7,609409E-6
77,400000E-3	7,663513E-6
78,000000E-3	7,684381E-6
78,300000E-3	7,711042E-6
79,100000E-3	7,748793E-6
79,700000E-3	7,781054E-6
80,000000E-3	7,819239E-6
80,400000E-3	7,894616E-6
81,100000E-3	8,019866E-6
81,700000E-3	8,186333E-6
82,000000E-3	8,359788E-6
82,600000E-3	8,490954E-6
83,200000E-3	8,573020E-6
83,700000E-3	8,628255E-6
84,200000E-3	8,685353E-6
84,800000E-3	8,758386E-6
85,400000E-3	8,842966E-6
85,700000E-3	8,927527E-6
86,500000E-3	8,994973E-6
86,900000E-3	9,034355E-6
87,400000E-3	9,050243E-6
88,000000E-3	9,070951E-6
88,600000E-3	9,105020E-6
88,800000E-3	9,142231E-6
89,100000E-3	9,168671E-6
89,800000E-3	9,177611E-6
90,400000E-3	9,172252E-6
91,000000E-3	9,163095E-6
91,600000E-3	9,164867E-6
91,800000E-3	9,192863E-6
92,500000E-3	9,249514E-6
93,000000E-3	9,333664E-6
93,600000E-3	9,441812E-6
94,100000E-3	9,560512E-6
94,600000E-3	9,663316E-6
95,000000E-3	9,722443E-6
95,600000E-3	9,742653E-6
96,100000E-3	9,758216E-6
96,700000E-3	9,793003E-6
97,100000E-3	9,850474E-6
97,800000E-3	9,939100E-6
98,100000E-3	10,075973E-6
98,700000E-3	10,223840E-6
99,200000E-3	10,343987E-6
99,800000E-3	10,430581E-6
100,300000E-3	10,499641E-6
100,900000E-3	10,562548E-6
101,300000E-3	10,641363E-6
101,800000E-3	10,738711E-6
102,300000E-3	10,852224E-6
102,900000E-3	10,980666E-6
103,300000E-3	11,150569E-6
103,900000E-3	11,361634E-6
104,400000E-3	11,553113E-6
104,900000E-3	11,675336E-6
105,500000E-3	11,747123E-6
106,100000E-3	11,790044E-6
106,400000E-3	11,829469E-6
106,900000E-3	11,861877E-6
107,400000E-3	11,868791E-6
108,000000E-3	11,851582E-6
108,400000E-3	11,826416E-6
109,200000E-3	11,802585E-6
109,500000E-3	11,776044E-6
110,200000E-3	11,737669E-6
110,700000E-3	11,655192E-6
111,400000E-3	11,552476E-6
111,400000E-3	11,439187E-6
112,200000E-3	11,341947E-6
112,800000E-3	11,289388E-6
113,400000E-3	11,294712E-6
114,000000E-3	11,358070E-6
114,200000E-3	11,462851E-6
114,900000E-3	11,566533E-6
115,600000E-3	11,640853E-6
115,900000E-3	11,692608E-6
116,500000E-3	11,739417E-6
117,000000E-3	11,799833E-6
117,300000E-3	11,891186E-6
118,100000E-3	12,011026E-6
118,700000E-3	12,132064E-6
119,200000E-3	12,246988E-6
119,500000E-3	12,364120E-6
120,100000E-3	12,498846E-6
120,100000E-3	12,634397E-6
121,200000E-3	12,781139E-6
121,500000E-3	12,923093E-6
122,000000E-3	13,051341E-6
122,600000E-3	13,159692E-6
123,200000E-3	13,240661E-6
123,800000E-3	13,301081E-6
124,400000E-3	13,355753E-6
124,600000E-3	13,420078E-6
125,200000E-3	13,490310E-6
126,000000E-3	13,579913E-6
126,300000E-3	13,675045E-6
126,900000E-3	13,822138E-6
127,400000E-3	13,947446E-6
128,000000E-3	14,083389E-6
128,600000E-3	14,213330E-6
128,900000E-3	14,305583E-6
129,800000E-3	14,353301E-6
130,300000E-3	14,358106E-6
130,500000E-3	14,320944E-6
131,300000E-3	14,253136E-6
131,700000E-3	14,156180E-6
132,300000E-3	14,070732E-6
132,900000E-3	13,992744E-6
133,400000E-3	13,923621E-6
133,900000E-3	13,874107E-6
134,300000E-3	13,837212E-6
135,000000E-3	13,811116E-6
135,700000E-3	13,790945E-6
136,000000E-3	13,772563E-6
136,500000E-3	13,743795E-6
137,100000E-3	13,700582E-6
137,700000E-3	13,646287E-6
138,200000E-3	13,593057E-6
138,500000E-3	13,557937E-6
139,100000E-3	13,553538E-6
139,500000E-3	13,575605E-6
140,300000E-3	13,600464E-6
140,600000E-3	13,618259E-6
141,100000E-3	13,629342E-6
141,700000E-3	13,630666E-6
142,000000E-3	13,621565E-6
142,800000E-3	13,607743E-6
143,400000E-3	13,594520E-6
143,700000E-3	13,585518E-6
144,300000E-3	13,579228E-6
144,900000E-3	13,566487E-6
145,500000E-3	13,531155E-6
145,700000E-3	13,463112E-6
146,400000E-3	13,373332E-6
146,900000E-3	13,282691E-6
147,500000E-3	13,203276E-6
148,100000E-3	13,152233E-6
148,600000E-3	13,107119E-6
148,900000E-3	13,065850E-6
149,500000E-3	13,020831E-6
150,200000E-3	12,967746E-6
150,600000E-3	12,915675E-6
150,900000E-3	12,865578E-6
151,800000E-3	12,827536E-6
152,000000E-3	12,809838E-6
152,600000E-3	12,813450E-6
153,200000E-3	12,828589E-6
153,800000E-3	12,843878E-6
154,400000E-3	12,862097E-6
154,900000E-3	12,884692E-6
155,500000E-3	12,909399E-6
156,000000E-3	12,924999E-6
156,300000E-3	12,931447E-6
156,900000E-3	12,930999E-6
157,500000E-3	12,931227E-6
157,800000E-3	12,932993E-6
158,400000E-3	12,928854E-6
158,900000E-3	12,911813E-6
159,500000E-3	12,873967E-6
160,200000E-3	12,814908E-6
160,600000E-3	12,743445E-6
160,900000E-3	12,671327E-6
161,800000E-3	12,604540E-6
162,300000E-3	12,546464E-6
162,600000E-3	12,510172E-6
163,200000E-3	12,505364E-6
163,500000E-3	12,527113E-6
164,100000E-3	12,568008E-6
164,700000E-3	12,621260E-6
165,200000E-3	12,677491E-6
165,500000E-3	12,728746E-6
166,400000E-3	12,773279E-6
166,800000E-3	12,812301E-6
167,300000E-3	12,845627E-6
167,500000E-3	12,870688E-6
168,400000E-3	12,880243E-6
168,700000E-3	12,868472E-6
169,200000E-3	12,840347E-6
169,800000E-3	12,805877E-6
170,400000E-3	12,780059E-6
170,700000E-3	12,775368E-6
171,300000E-3	12,797705E-6
171,800000E-3	12,855088E-6
172,800000E-3	12,952597E-6
173,000000E-3	13,046704E-6
173,600000E-3	13,131485E-6
174,200000E-3	13,198986E-6
174,400000E-3	13,244465E-6
175,100000E-3	13,274317E-6
175,600000E-3	13,297136E-6
176,100000E-3	13,320945E-6
176,400000E-3	13,359983E-6
177,000000E-3	13,425114E-6
177,600000E-3	13,518083E-6
178,100000E-3	13,643141E-6
178,700000E-3	13,794562E-6
179,100000E-3	13,947881E-6
179,800000E-3	14,088645E-6
180,200000E-3	14,213276E-6
180,800000E-3	14,322421E-6
181,100000E-3	14,426993E-6
182,000000E-3	14,536734E-6
182,200000E-3	14,649802E-6
183,000000E-3	14,767591E-6
183,300000E-3	14,885410E-6
183,700000E-3	14,995034E-6
184,400000E-3	15,084492E-6
185,100000E-3	15,148237E-6
185,400000E-3	15,191918E-6
186,000000E-3	15,218656E-6
186,200000E-3	15,232472E-6
187,100000E-3	15,240958E-6
187,400000E-3	15,249971E-6
188,000000E-3	15,261394E-6
188,500000E-3	15,274425E-6
189,100000E-3	15,288837E-6
189,700000E-3	15,297880E-6
190,000000E-3	15,297269E-6
190,600000E-3	15,292054E-6
191,100000E-3	15,293298E-6
191,700000E-3	15,305958E-6
192,200000E-3	15,323348E-6
192,800000E-3	15,340634E-6
193,400000E-3	15,356052E-6
193,700000E-3	15,369902E-6
194,300000E-3	15,388300E-6
194,900000E-3	15,411406E-6
195,200000E-3	15,426013E-6
196,000000E-3	15,424520E-6
196,300000E-3	15,408602E-6
196,900000E-3	15,381444E-6
197,300000E-3	15,339502E-6
198,000000E-3	15,284742E-6
198,300000E-3	15,230491E-6
198,900000E-3	15,178749E-6
199,500000E-3	15,116471E-6
200,000000E-3	15,044915E-6
200,300000E-3	14,954329E-6
201,200000E-3	14,847696E-6
201,500000E-3	14,735777E-6
202,000000E-3	14,620803E-6
202,500000E-3	14,493489E-6
203,200000E-3	14,379146E-6
203,500000E-3	14,267687E-6
204,000000E-3	14,166815E-6
204,600000E-3	14,091173E-6
205,200000E-3	14,040001E-6
205,500000E-3	14,005844E-6
206,400000E-3	13,980654E-6
206,700000E-3	13,956694E-6
207,300000E-3	13,931106E-6
207,600000E-3	13,903215E-6
208,400000E-3	13,870897E-6
208,600000E-3	13,838992E-6
209,200000E-3	13,812416E-6
210,100000E-3	13,794246E-6
210,100000E-3	13,782611E-6
210,700000E-3	13,773397E-6
211,500000E-3	13,763282E-6
211,800000E-3	13,752362E-6
212,100000E-3	13,745322E-6
213,000000E-3	13,745726E-6
213,200000E-3	13,750953E-6
213,800000E-3	13,759480E-6
214,400000E-3	13,768066E-6
215,000000E-3	13,772800E-6
215,200000E-3	13,777550E-6
216,100000E-3	13,785645E-6
216,700000E-3	13,786610E-6
217,000000E-3	13,776726E-6
217,600000E-3	13,763452E-6
218,100000E-3	13,747904E-6
218,400000E-3	13,731936E-6
219,000000E-3	13,717552E-6
219,800000E-3	13,709469E-6
220,200000E-3	13,711086E-6
220,800000E-3	13,723597E-6
220,800000E-3	13,743899E-6
221,700000E-3	13,764654E-6
222,300000E-3	13,783886E-6
222,800000E-3	13,805254E-6
223,400000E-3	13,829698E-6
224,000000E-3	13,857650E-6
224,300000E-3	13,890962E-6
224,900000E-3	13,926851E-6
225,400000E-3	13,963786E-6
225,700000E-3	14,006042E-6
226,300000E-3	14,052920E-6
227,200000E-3	14,096528E-6
227,500000E-3	14,138367E-6
228,000000E-3	14,182073E-6
228,600000E-3	14,229682E-6
228,900000E-3	14,280766E-6
229,500000E-3	14,327128E-6
230,000000E-3	14,368390E-6
230,600000E-3	14,413586E-6
230,900000E-3	14,467647E-6
231,700000E-3	14,527444E-6
232,300000E-3	14,594580E-6
232,600000E-3	14,658756E-6
233,100000E-3	14,726858E-6
233,700000E-3	14,802945E-6
234,300000E-3	14,890784E-6
234,700000E-3	14,989495E-6
235,200000E-3	15,095320E-6
235,800000E-3	15,198930E-6
236,100000E-3	15,292534E-6
236,900000E-3	15,377712E-6
237,200000E-3	15,457870E-6
238,000000E-3	15,536609E-6
238,300000E-3	15,617398E-6
238,900000E-3	15,695912E-6
239,300000E-3	15,758772E-6
240,100000E-3	15,806901E-6
240,600000E-3	15,855375E-6
240,600000E-3	15,894241E-6
241,500000E-3	15,927935E-6
241,800000E-3	15,950420E-6
242,600000E-3	15,963100E-6
243,000000E-3	15,969311E-6
243,500000E-3	15,970237E-6
244,000000E-3	15,967003E-6
244,700000E-3	15,959049E-6
245,000000E-3	15,945246E-6
245,600000E-3	15,924446E-6
246,100000E-3	15,902892E-6
246,700000E-3	15,886234E-6
246,900000E-3	15,873531E-6
247,500000E-3	15,867678E-6
248,200000E-3	15,873613E-6
248,700000E-3	15,891898E-6
249,300000E-3	15,918601E-6
249,900000E-3	15,953171E-6
250,200000E-3	16,000276E-6
250,800000E-3	16,057644E-6
251,400000E-3	16,122952E-6
251,600000E-3	16,195052E-6
252,400000E-3	16,264812E-6
253,200000E-3	16,326841E-6
253,400000E-3	16,380340E-6
254,000000E-3	16,431206E-6
254,600000E-3	16,474930E-6
255,200000E-3	16,515983E-6
255,400000E-3	16,551644E-6
256,000000E-3	16,582542E-6
256,600000E-3	16,609345E-6
257,000000E-3	16,629030E-6
257,700000E-3	16,639442E-6
258,300000E-3	16,641700E-6
258,600000E-3	16,640395E-6
259,200000E-3	16,639252E-6
259,800000E-3	16,637654E-6
260,100000E-3	16,636839E-6
260,700000E-3	16,635700E-6
261,200000E-3	16,631443E-6
261,800000E-3	16,626580E-6
262,200000E-3	16,626525E-6
262,900000E-3	16,639758E-6
263,300000E-3	16,667676E-6
263,800000E-3	16,702843E-6
264,400000E-3	16,739432E-6
265,000000E-3	16,767755E-6
265,600000E-3	16,795292E-6
266,000000E-3	16,825514E-6
266,400000E-3	16,859589E-6
267,000000E-3	16,892177E-6
267,400000E-3	16,924041E-6
268,300000E-3	16,946748E-6
268,500000E-3	16,965444E-6
269,100000E-3	16,981533E-6
269,700000E-3	16,995522E-6
270,300000E-3	17,010164E-6
270,900000E-3	17,029021E-6
271,100000E-3	17,055325E-6
271,900000E-3	17,089961E-6
272,300000E-3	17,129077E-6
272,600000E-3	17,167523E-6
273,400000E-3	17,203760E-6
274,000000E-3	17,244565E-6
274,200000E-3	17,290413E-6
274,800000E-3	17,331157E-6
275,100000E-3	17,367546E-6
276,000000E-3	17,403452E-6
276,300000E-3	17,437856E-6
276,600000E-3	17,471640E-6
277,300000E-3	17,506645E-6
277,800000E-3	17,538938E-6
278,400000E-3	17,565608E-6
279,000000E-3	17,584221E-6
279,300000E-3	17,604983E-6
280,000000E-3	17,623998E-6
280,400000E-3	17,627629E-6
281,000000E-3	17,615290E-6
281,600000E-3	17,596685E-6
282,200000E-3	17,573524E-6
282,400000E-3	17,544359E-6
283,000000E-3	17,508846E-6
283,600000E-3	17,468707E-6
284,200000E-3	17,433166E-6
284,800000E-3	17,400014E-6
285,300000E-3	17,369832E-6
285,600000E-3	17,340672E-6
286,200000E-3	17,309308E-6
286,800000E-3	17,274423E-6
287,300000E-3	17,233998E-6
287,900000E-3	17,201740E-6
288,200000E-3	17,177260E-6
288,900000E-3	17,154958E-6
289,300000E-3	17,132348E-6
289,900000E-3	17,112634E-6
290,500000E-3	17,095111E-6
291,100000E-3	17,082089E-6
291,600000E-3	17,075842E-6
291,900000E-3	17,076226E-6
292,500000E-3	17,083232E-6
293,100000E-3	17,097282E-6
293,400000E-3	17,116136E-6
294,200000E-3	17,137401E-6
294,800000E-3	17,158142E-6
295,100000E-3	17,177923E-6
295,600000E-3	17,196612E-6
296,200000E-3	17,212944E-6
296,500000E-3	17,225834E-6
297,200000E-3	17,233030E-6
297,700000E-3	17,233050E-6
298,300000E-3	17,226313E-6
298,500000E-3	17,212916E-6
299,400000E-3	17,193781E-6
299,700000E-3	17,164920E-6
300,300000E-3	17,128195E-6
300,900000E-3	17,085482E-6
301,400000E-3	17,039307E-6
301,700000E-3	16,987134E-6
302,300000E-3	16,931533E-6
302,900000E-3	16,868617E-6
303,500000E-3	16,809173E-6
304,100000E-3	16,750616E-6
304,600000E-3	16,691121E-6
304,800000E-3	16,630615E-6
305,500000E-3	16,568095E-6
306,000000E-3	16,500395E-6
306,600000E-3	16,424501E-6
306,900000E-3	16,346109E-6
307,700000E-3	16,267056E-6
308,000000E-3	16,185033E-6
308,600000E-3	16,100485E-6
308,900000E-3	16,013818E-6
309,800000E-3	15,925714E-6
310,000000E-3	15,837982E-6
310,900000E-3	15,751452E-6
311,200000E-3	15,665680E-6
311,500000E-3	15,580734E-6
312,200000E-3	15,495690E-6
312,700000E-3	15,413001E-6
313,300000E-3	15,340152E-6
313,900000E-3	15,274390E-6
314,200000E-3	15,212174E-6
314,700000E-3	15,149100E-6
315,300000E-3	15,081271E-6
315,900000E-3	15,011450E-6
316,200000E-3	14,938117E-6
317,100000E-3	14,876074E-6
317,300000E-3	14,817228E-6
317,900000E-3	14,761032E-6
318,500000E-3	14,704886E-6
319,100000E-3	14,645603E-6
319,300000E-3	14,588279E-6
319,900000E-3	14,532634E-6
320,500000E-3	14,475700E-6
321,100000E-3	14,416157E-6
321,500000E-3	14,351012E-6
322,300000E-3	14,292163E-6
322,800000E-3	14,233423E-6
323,100000E-3	14,176705E-6
323,700000E-3	14,125711E-6
324,200000E-3	14,080345E-6
324,500000E-3	14,038437E-6
325,200000E-3	13,996536E-6
325,700000E-3	13,951753E-6
326,300000E-3	13,905029E-6
326,800000E-3	13,856476E-6
327,400000E-3	13,807190E-6
327,700000E-3	13,759419E-6
328,300000E-3	13,710838E-6
328,900000E-3	13,659639E-6
329,500000E-3	13,606405E-6
329,700000E-3	13,553429E-6
330,500000E-3	13,504818E-6
330,800000E-3	13,457375E-6
331,400000E-3	13,415231E-6
332,000000E-3	13,374240E-6
332,600000E-3	13,339217E-6
332,900000E-3	13,308470E-6
333,400000E-3	13,278987E-6
334,000000E-3	13,249575E-6
334,600000E-3	13,224979E-6
334,900000E-3	13,201740E-6
335,800000E-3	13,182405E-6
336,100000E-3	13,167642E-6
336,600000E-3	13,154755E-6
337,100000E-3	13,140757E-6
337,700000E-3	13,127066E-6
338,100000E-3	13,114759E-6
338,600000E-3	13,102773E-6
339,400000E-3	13,090159E-6
339,800000E-3	13,073509E-6
340,300000E-3	13,056373E-6
340,900000E-3	13,040455E-6
341,200000E-3	13,026244E-6
341,800000E-3	13,014660E-6
342,400000E-3	13,007617E-6
343,000000E-3	13,001218E-6
343,500000E-3	12,994133E-6
343,800000E-3	12,985622E-6
344,700000E-3	12,973779E-6
345,000000E-3	12,962270E-6
345,600000E-3	12,956377E-6
346,100000E-3	12,954471E-6
346,700000E-3	12,954739E-6
347,000000E-3	12,956428E-6
347,500000E-3	12,961542E-6
348,100000E-3	12,969839E-6
348,700000E-3	12,975365E-6
349,000000E-3	12,975873E-6
349,500000E-3	12,978637E-6
350,100000E-3	12,984932E-6
350,500000E-3	12,993757E-6
351,300000E-3	13,005555E-6
351,500000E-3	13,015685E-6
352,400000E-3	13,023917E-6
353,000000E-3	13,036217E-6
353,300000E-3	13,046042E-6
353,900000E-3	13,055423E-6
354,400000E-3	13,069070E-6
355,000000E-3	13,093023E-6
355,300000E-3	13,121801E-6
355,900000E-3	13,153249E-6
356,400000E-3	13,188885E-6
357,000000E-3	13,224330E-6
357,300000E-3	13,257269E-6
357,800000E-3	13,294473E-6
358,700000E-3	13,337060E-6
358,700000E-3	13,379224E-6
359,500000E-3	13,418533E-6
360,100000E-3	13,457518E-6
360,600000E-3	13,496746E-6
361,200000E-3	13,533092E-6
361,500000E-3	13,566952E-6
362,300000E-3	13,601563E-6
362,700000E-3	13,636747E-6
363,200000E-3	13,673558E-6
363,800000E-3	13,712303E-6
364,400000E-3	13,754410E-6
364,600000E-3	13,791786E-6
365,200000E-3	13,828664E-6
365,800000E-3	13,865795E-6
366,400000E-3	13,902477E-6
366,600000E-3	13,938271E-6
367,500000E-3	13,976696E-6
367,800000E-3	14,012230E-6
368,100000E-3	14,046362E-6
368,700000E-3	14,080759E-6
369,300000E-3	14,116160E-6
369,800000E-3	14,154106E-6
370,500000E-3	14,194984E-6
370,800000E-3	14,237032E-6
371,700000E-3	14,281563E-6
372,000000E-3	14,327148E-6
372,500000E-3	14,372187E-6
372,800000E-3	14,423020E-6
373,400000E-3	14,472988E-6
374,000000E-3	14,519328E-6
374,600000E-3	14,560074E-6
374,900000E-3	14,594934E-6
375,400000E-3	14,622683E-6
376,200000E-3	14,649544E-6
376,600000E-3	14,677904E-6
376,900000E-3	14,704222E-6
377,800000E-3	14,726801E-6
378,100000E-3	14,745854E-6
378,600000E-3	14,761624E-6
379,100000E-3	14,777005E-6
379,500000E-3	14,789843E-6
380,100000E-3	14,795487E-6
380,700000E-3	14,792171E-6
381,300000E-3	14,783212E-6
381,900000E-3	14,773722E-6
382,200000E-3	14,763986E-6
383,000000E-3	14,753177E-6
383,500000E-3	14,739933E-6
383,900000E-3	14,729046E-6
384,500000E-3	14,720927E-6
385,000000E-3	14,714412E-6
385,300000E-3	14,707329E-6
386,000000E-3	14,701808E-6
386,400000E-3	14,698090E-6
387,000000E-3	14,695010E-6
387,600000E-3	14,692142E-6
388,200000E-3	14,688480E-6
388,400000E-3	14,684267E-6
389,000000E-3	14,680936E-6
389,600000E-3	14,679007E-6
390,200000E-3	14,675307E-6
390,400000E-3	14,667822E-6
391,000000E-3	14,659327E-6
391,000000E-3	14,651834E-6
392,300000E-3	14,643146E-6
392,500000E-3	14,633690E-6
393,100000E-3	14,626923E-6
393,600000E-3	14,621606E-6
394,200000E-3	14,618091E-6
394,800000E-3	14,615391E-6
395,100000E-3	14,611078E-6
395,800000E-3	14,605351E-6
396,300000E-3	14,600764E-6
397,100000E-3	14,598166E-6
397,400000E-3	14,595573E-6
398,000000E-3	14,589512E-6
398,300000E-3	14,582379E-6
398,800000E-3	14,575674E-6
399,400000E-3	14,569233E-6
400,300000E-3	14,560669E-6
400,300000E-3	14,546535E-6
401,100000E-3	14,530572E-6
401,400000E-3	14,515222E-6
402,000000E-3	14,500215E-6
402,500000E-3	14,478177E-6
403,100000E-3	14,453084E-6
404,000000E-3	14,434675E-6
404,300000E-3	14,416592E-6
404,800000E-3	14,395068E-6
405,100000E-3	14,372306E-6
405,700000E-3	14,352873E-6
406,400000E-3	14,332529E-6
406,800000E-3	14,312048E-6
407,100000E-3	14,292184E-6
408,000000E-3	14,273284E-6
408,200000E-3	14,254774E-6
408,800000E-3	14,237008E-6
409,400000E-3	14,221489E-6
410,000000E-3	14,208062E-6
410,300000E-3	14,194588E-6
410,800000E-3	14,180060E-6
411,400000E-3	14,165043E-6
411,700000E-3	14,152793E-6
412,400000E-3	14,142429E-6
413,200000E-3	14,132520E-6
413,400000E-3	14,125872E-6
413,900000E-3	14,124947E-6
414,500000E-3	14,126113E-6
415,100000E-3	14,126917E-6
415,100000E-3	14,126301E-6
416,300000E-3	14,125883E-6
416,700000E-3	14,123196E-6
417,000000E-3	14,118431E-6
417,800000E-3	14,115705E-6
418,000000E-3	14,115743E-6
418,600000E-3	14,113883E-6
419,200000E-3	14,111015E-6
419,800000E-3	14,111780E-6
420,400000E-3	14,115058E-6
420,900000E-3	14,119254E-6
421,200000E-3	14,123965E-6
421,500000E-3	14,128882E-6
422,700000E-3	14,133043E-6
423,000000E-3	14,136936E-6
423,300000E-3	14,139743E-6
424,100000E-3	14,142153E-6
424,300000E-3	14,145851E-6
424,900000E-3	14,150127E-6
425,500000E-3	14,155030E-6
426,100000E-3	14,159453E-6
426,700000E-3	14,163824E-6
427,100000E-3	14,166811E-6
427,800000E-3	14,170885E-6
428,200000E-3	14,178528E-6
428,700000E-3	14,185009E-6
429,300000E-3	14,188145E-6
429,900000E-3	14,190417E-6
430,100000E-3	14,194167E-6
430,700000E-3	14,199187E-6
430,700000E-3	14,203732E-6
431,600000E-3	14,207973E-6
432,500000E-3	14,214190E-6
432,800000E-3	14,222282E-6
433,500000E-3	14,230899E-6
434,000000E-3	14,238548E-6
434,500000E-3	14,245771E-6
435,100000E-3	14,254623E-6
435,400000E-3	14,269690E-6
436,000000E-3	14,284064E-6
436,500000E-3	14,294611E-6
437,100000E-3	14,304229E-6
437,600000E-3	14,314139E-6
438,000000E-3	14,323232E-6
438,600000E-3	14,334105E-6
439,100000E-3	14,348603E-6
439,700000E-3	14,363139E-6
440,000000E-3	14,377423E-6
440,600000E-3	14,392158E-6
441,100000E-3	14,404670E-6
441,700000E-3	14,414785E-6
442,000000E-3	14,425719E-6
442,900000E-3	14,437797E-6
442,900000E-3	14,449673E-6
443,700000E-3	14,462315E-6
444,200000E-3	14,473044E-6
445,100000E-3	14,480554E-6
445,400000E-3	14,486846E-6
445,900000E-3	14,492384E-6
446,500000E-3	14,492828E-6
446,800000E-3	14,487958E-6
447,400000E-3	14,480576E-6
447,900000E-3	14,471185E-6
448,500000E-3	14,459696E-6
448,800000E-3	14,445611E-6
449,700000E-3	14,428931E-6
450,300000E-3	14,411312E-6
450,800000E-3	14,397658E-6
450,800000E-3	14,383403E-6
451,500000E-3	14,368683E-6
452,000000E-3	14,355474E-6
452,900000E-3	14,339398E-6
453,200000E-3	14,320459E-6
453,700000E-3	14,305897E-6
454,300000E-3	14,294460E-6
454,900000E-3	14,287058E-6
455,200000E-3	14,281689E-6
455,800000E-3	14,275603E-6
456,300000E-3	14,272563E-6
456,900000E-3	14,274520E-6
457,200000E-3	14,278865E-6
458,000000E-3	14,285429E-6
458,400000E-3	14,293779E-6
458,900000E-3	14,303495E-6
459,500000E-3	14,314642E-6
460,100000E-3	14,330170E-6
460,700000E-3	14,347861E-6
460,900000E-3	14,368144E-6
461,700000E-3	14,390107E-6
462,000000E-3	14,413112E-6
462,900000E-3	14,437603E-6
463,500000E-3	14,460751E-6
463,800000E-3	14,481465E-6
464,400000E-3	14,499699E-6
464,400000E-3	14,515711E-6
465,200000E-3	14,532492E-6
465,700000E-3	14,551775E-6
466,600000E-3	14,569461E-6
466,800000E-3	14,584485E-6
467,300000E-3	14,596550E-6
468,000000E-3	14,605712E-6
468,300000E-3	14,614100E-6
468,900000E-3	14,623191E-6
469,200000E-3	14,631495E-6
469,200000E-3	14,638495E-6
470,500000E-3	14,643226E-6
471,100000E-3	14,646706E-6
471,700000E-3	14,650691E-6
471,900000E-3	14,652767E-6
472,500000E-3	14,653670E-6
473,100000E-3	14,655672E-6
473,700000E-3	14,658714E-6
474,200000E-3	14,664280E-6
474,600000E-3	14,670599E-6
474,800000E-3	14,673352E-6
475,500000E-3	14,675696E-6
476,100000E-3	14,681863E-6
476,700000E-3	14,691358E-6
477,300000E-3	14,701575E-6
477,700000E-3	14,714055E-6
478,200000E-3	14,727269E-6
478,900000E-3	14,740026E-6
479,300000E-3	14,750771E-6
479,600000E-3	14,761576E-6
480,400000E-3	14,774196E-6
480,700000E-3	14,788881E-6
481,300000E-3	14,803615E-6
481,300000E-3	14,818371E-6
482,600000E-3	14,831883E-6
482,900000E-3	14,843555E-6
483,400000E-3	14,854107E-6
484,000000E-3	14,867017E-6
484,600000E-3	14,883442E-6
484,800000E-3	14,899687E-6
485,200000E-3	14,914476E-6
485,800000E-3	14,925773E-6
486,400000E-3	14,934549E-6
486,900000E-3	14,944390E-6
487,500000E-3	14,955865E-6
487,800000E-3	14,966883E-6
488,100000E-3	14,976292E-6
489,100000E-3	14,985824E-6
489,300000E-3	14,997604E-6
490,200000E-3	15,010115E-6
490,500000E-3	15,019481E-6
490,800000E-3	15,026995E-6
491,700000E-3	15,037395E-6
492,200000E-3	15,051737E-6
492,800000E-3	15,070185E-6
493,300000E-3	15,089510E-6
493,900000E-3	15,112572E-6
494,200000E-3	15,138502E-6
494,800000E-3	15,166117E-6
495,400000E-3	15,193000E-6
496,000000E-3	15,218956E-6
496,400000E-3	15,246206E-6
497,100000E-3	15,276778E-6
497,400000E-3	15,311920E-6
498,000000E-3	15,348897E-6
498,600000E-3	15,388291E-6
499,100000E-3	15,423781E-6
499,600000E-3	15,462263E-6
499,900000E-3	15,505232E-6
