-501,300000E-3	11,803352E-6
-501,300000E-3	11,819554E-6
-501,200000E-3	11,821827E-6
-501,100000E-3	11,822865E-6
-500,900000E-3	11,821529E-6
-500,800000E-3	11,820147E-6
-500,500000E-3	11,817357E-6
-500,200000E-3	11,811368E-6
-499,800000E-3	11,808976E-6
-499,600000E-3	11,810732E-6
-498,900000E-3	11,808664E-6
-498,500000E-3	11,803583E-6
-498,300000E-3	11,804110E-6
-497,700000E-3	11,807477E-6
-497,300000E-3	11,807447E-6
-496,800000E-3	11,798584E-6
-496,300000E-3	11,783803E-6
-495,800000E-3	11,773919E-6
-495,300000E-3	11,771905E-6
-494,700000E-3	11,772527E-6
-494,200000E-3	11,767935E-6
-493,900000E-3	11,757229E-6
-493,400000E-3	11,745715E-6
-492,800000E-3	11,734349E-6
-492,300000E-3	11,720540E-6
-491,700000E-3	11,705055E-6
-491,100000E-3	11,692100E-6
-490,600000E-3	11,684353E-6
-490,300000E-3	11,672191E-6
-489,800000E-3	11,655520E-6
-489,200000E-3	11,643669E-6
-488,600000E-3	11,641730E-6
-488,100000E-3	11,637199E-6
-487,600000E-3	11,626587E-6
-487,000000E-3	11,613432E-6
-486,700000E-3	11,594583E-6
-486,100000E-3	11,569771E-6
-485,600000E-3	11,540351E-6
-485,000000E-3	11,514596E-6
-484,400000E-3	11,498059E-6
-483,900000E-3	11,491609E-6
-483,500000E-3	11,486530E-6
-482,900000E-3	11,475905E-6
-482,400000E-3	11,462510E-6
-481,800000E-3	11,450840E-6
-481,200000E-3	11,439494E-6
-480,800000E-3	11,426132E-6
-480,400000E-3	11,410005E-6
-479,800000E-3	11,392562E-6
-479,300000E-3	11,375067E-6
-478,700000E-3	11,362817E-6
-478,100000E-3	11,355469E-6
-477,900000E-3	11,348072E-6
-477,000000E-3	11,337341E-6
-476,400000E-3	11,323648E-6
-476,100000E-3	11,312428E-6
-475,500000E-3	11,302167E-6
-475,000000E-3	11,295040E-6
-474,400000E-3	11,291351E-6
-473,900000E-3	11,284317E-6
-473,300000E-3	11,276266E-6
-472,900000E-3	11,267462E-6
-472,500000E-3	11,258749E-6
-471,800000E-3	11,247267E-6
-471,300000E-3	11,231137E-6
-470,700000E-3	11,216457E-6
-470,100000E-3	11,205759E-6
-469,600000E-3	11,194748E-6
-469,300000E-3	11,183315E-6
-468,700000E-3	11,173010E-6
-468,100000E-3	11,165012E-6
-467,600000E-3	11,155910E-6
-467,200000E-3	11,145682E-6
-466,400000E-3	11,138149E-6
-466,100000E-3	11,134447E-6
-465,500000E-3	11,130737E-6
-465,000000E-3	11,123251E-6
-464,400000E-3	11,117905E-6
-463,800000E-3	11,111851E-6
-463,400000E-3	11,102736E-6
-462,700000E-3	11,089191E-6
-462,200000E-3	11,070498E-6
-461,800000E-3	11,054111E-6
-461,200000E-3	11,042992E-6
-460,700000E-3	11,034478E-6
-460,400000E-3	11,024060E-6
-459,600000E-3	11,011724E-6
-459,000000E-3	10,999620E-6
-458,700000E-3	10,992328E-6
-458,100000E-3	10,994196E-6
-457,600000E-3	10,997446E-6
-457,000000E-3	10,994072E-6
-456,400000E-3	10,979781E-6
-455,800000E-3	10,962253E-6
-455,600000E-3	10,945084E-6
-455,000000E-3	10,930873E-6
-454,300000E-3	10,917526E-6
-453,800000E-3	10,905461E-6
-453,500000E-3	10,896258E-6
-452,700000E-3	10,889385E-6
-452,400000E-3	10,880651E-6
-451,900000E-3	10,870383E-6
-451,300000E-3	10,855651E-6
-450,700000E-3	10,832789E-6
-450,400000E-3	10,810437E-6
-449,800000E-3	10,794309E-6
-449,300000E-3	10,781467E-6
-448,700000E-3	10,773348E-6
-448,400000E-3	10,766993E-6
-447,500000E-3	10,757012E-6
-447,300000E-3	10,742569E-6
-446,700000E-3	10,729236E-6
-446,000000E-3	10,717903E-6
-445,600000E-3	10,708554E-6
-445,300000E-3	10,699859E-6
-444,400000E-3	10,690634E-6
-444,200000E-3	10,686463E-6
-443,600000E-3	10,690374E-6
-443,000000E-3	10,691468E-6
-442,400000E-3	10,684253E-6
-442,200000E-3	10,671349E-6
-441,600000E-3	10,657361E-6
-441,000000E-3	10,644790E-6
-440,400000E-3	10,635474E-6
-439,800000E-3	10,622605E-6
-439,300000E-3	10,606491E-6
-438,800000E-3	10,595117E-6
-438,400000E-3	10,586556E-6
-437,600000E-3	10,577145E-6
-437,200000E-3	10,563119E-6
-436,700000E-3	10,549773E-6
-436,200000E-3	10,535700E-6
-435,300000E-3	10,518605E-6
-435,000000E-3	10,503921E-6
-434,600000E-3	10,494770E-6
-433,900000E-3	10,488992E-6
-433,300000E-3	10,482857E-6
-433,000000E-3	10,472291E-6
-432,400000E-3	10,460082E-6
-431,900000E-3	10,449120E-6
-431,300000E-3	10,439383E-6
-430,900000E-3	10,430539E-6
-430,500000E-3	10,422567E-6
-429,900000E-3	10,414629E-6
-429,300000E-3	10,407550E-6
-428,700000E-3	10,399746E-6
-428,500000E-3	10,391629E-6
-427,900000E-3	10,385834E-6
-427,300000E-3	10,382167E-6
-426,700000E-3	10,375160E-6
-426,200000E-3	10,366762E-6
-425,600000E-3	10,358344E-6
-425,300000E-3	10,351074E-6
-424,700000E-3	10,345430E-6
-424,200000E-3	10,339296E-6
-423,600000E-3	10,329970E-6
-423,300000E-3	10,315472E-6
-422,500000E-3	10,299056E-6
-422,200000E-3	10,286334E-6
-421,600000E-3	10,278188E-6
-421,000000E-3	10,272923E-6
-420,500000E-3	10,266087E-6
-419,800000E-3	10,258079E-6
-419,600000E-3	10,253581E-6
-419,000000E-3	10,249343E-6
-418,400000E-3	10,240645E-6
-417,900000E-3	10,228068E-6
-417,400000E-3	10,215016E-6
-416,800000E-3	10,195761E-6
-416,500000E-3	10,165765E-6
-415,900000E-3	10,133269E-6
-415,400000E-3	10,107459E-6
-414,900000E-3	10,091252E-6
-414,200000E-3	10,088120E-6
-413,700000E-3	10,090699E-6
-413,400000E-3	10,092789E-6
-412,800000E-3	10,090565E-6
-412,200000E-3	10,084094E-6
-411,900000E-3	10,076813E-6
-411,000000E-3	10,070146E-6
-410,500000E-3	10,061977E-6
-410,200000E-3	10,052763E-6
-409,600000E-3	10,044203E-6
-409,000000E-3	10,033740E-6
-408,500000E-3	10,021999E-6
-408,200000E-3	10,006962E-6
-407,300000E-3	9,995460E-6
-406,800000E-3	9,983867E-6
-406,500000E-3	9,971085E-6
-405,900000E-3	9,960087E-6
-405,300000E-3	9,945952E-6
-404,700000E-3	9,929748E-6
-404,300000E-3	9,913850E-6
-403,700000E-3	9,901171E-6
-403,300000E-3	9,888274E-6
-402,700000E-3	9,879818E-6
-402,200000E-3	9,873212E-6
-401,600000E-3	9,865999E-6
-401,400000E-3	9,858656E-6
-400,500000E-3	9,847641E-6
-399,900000E-3	9,835907E-6
-399,600000E-3	9,827998E-6
-399,100000E-3	9,820613E-6
-398,500000E-3	9,809748E-6
-398,200000E-3	9,796510E-6
-397,500000E-3	9,785238E-6
-397,100000E-3	9,772438E-6
-396,500000E-3	9,754815E-6
-396,100000E-3	9,737343E-6
-395,400000E-3	9,725965E-6
-395,100000E-3	9,719104E-6
-394,500000E-3	9,706171E-6
-394,000000E-3	9,686697E-6
-393,400000E-3	9,666760E-6
-392,900000E-3	9,652715E-6
-392,300000E-3	9,647972E-6
-391,600000E-3	9,646658E-6
-391,400000E-3	9,645908E-6
-390,800000E-3	9,646991E-6
-390,200000E-3	9,646742E-6
-389,700000E-3	9,639409E-6
-389,300000E-3	9,626153E-6
-388,500000E-3	9,612571E-6
-388,300000E-3	9,602248E-6
-387,700000E-3	9,594320E-6
-387,000000E-3	9,584701E-6
-386,500000E-3	9,577859E-6
-386,000000E-3	9,573281E-6
-385,500000E-3	9,565014E-6
-384,800000E-3	9,551828E-6
-384,500000E-3	9,539396E-6
-384,000000E-3	9,531195E-6
-383,400000E-3	9,527443E-6
-382,800000E-3	9,522784E-6
-382,400000E-3	9,511458E-6
-381,700000E-3	9,497637E-6
-381,400000E-3	9,486189E-6
-380,900000E-3	9,475891E-6
-380,300000E-3	9,465963E-6
-379,700000E-3	9,455771E-6
-379,400000E-3	9,442920E-6
-378,700000E-3	9,430229E-6
-378,200000E-3	9,422449E-6
-377,700000E-3	9,420318E-6
-377,200000E-3	9,418794E-6
-376,600000E-3	9,411634E-6
-376,300000E-3	9,404415E-6
-375,600000E-3	9,401388E-6
-375,200000E-3	9,396425E-6
-374,600000E-3	9,385838E-6
-374,100000E-3	9,372602E-6
-373,500000E-3	9,361474E-6
-372,900000E-3	9,353468E-6
-372,600000E-3	9,345263E-6
-372,000000E-3	9,335607E-6
-371,500000E-3	9,326273E-6
-371,100000E-3	9,315538E-6
-370,300000E-3	9,300749E-6
-369,700000E-3	9,285770E-6
-369,500000E-3	9,273044E-6
-368,900000E-3	9,261441E-6
-368,300000E-3	9,251108E-6
-368,000000E-3	9,243186E-6
-367,500000E-3	9,236941E-6
-366,600000E-3	9,228881E-6
-366,400000E-3	9,219495E-6
-365,800000E-3	9,212104E-6
-365,200000E-3	9,202983E-6
-364,900000E-3	9,183098E-6
-364,300000E-3	9,155763E-6
-363,800000E-3	9,133602E-6
-363,200000E-3	9,118108E-6
-362,900000E-3	9,107014E-6
-362,200000E-3	9,097915E-6
-361,700000E-3	9,089378E-6
-361,200000E-3	9,082565E-6
-360,600000E-3	9,078465E-6
-360,000000E-3	9,075431E-6
-359,800000E-3	9,068298E-6
-359,000000E-3	9,053687E-6
-358,600000E-3	9,035508E-6
-358,000000E-3	9,021127E-6
-357,500000E-3	9,009475E-6
-356,900000E-3	8,998642E-6
-356,600000E-3	8,988852E-6
-356,000000E-3	8,986637E-6
-355,400000E-3	8,986106E-6
-354,900000E-3	8,978622E-6
-354,300000E-3	8,967102E-6
-353,700000E-3	8,957279E-6
-353,200000E-3	8,947443E-6
-352,900000E-3	8,936054E-6
-352,300000E-3	8,923297E-6
-351,700000E-3	8,910091E-6
-351,200000E-3	8,894609E-6
-350,900000E-3	8,879543E-6
-350,100000E-3	8,867790E-6
-349,800000E-3	8,858004E-6
-349,200000E-3	8,850726E-6
-348,600000E-3	8,843125E-6
-348,000000E-3	8,834273E-6
-347,400000E-3	8,824035E-6
-347,200000E-3	8,813733E-6
-346,400000E-3	8,802888E-6
-346,000000E-3	8,792638E-6
-345,700000E-3	8,782815E-6
-344,800000E-3	8,769447E-6
-344,300000E-3	8,754888E-6
-344,000000E-3	8,744051E-6
-343,400000E-3	8,738010E-6
-342,800000E-3	8,735684E-6
-342,500000E-3	8,735086E-6
-341,900000E-3	8,730432E-6
-341,400000E-3	8,721139E-6
-340,900000E-3	8,715972E-6
-340,300000E-3	8,717163E-6
-339,700000E-3	8,717629E-6
-339,000000E-3	8,712278E-6
-338,800000E-3	8,701344E-6
-338,200000E-3	8,691298E-6
-337,600000E-3	8,685443E-6
-337,000000E-3	8,675898E-6
-336,800000E-3	8,661246E-6
-335,900000E-3	8,647113E-6
-335,600000E-3	8,634345E-6
-335,000000E-3	8,625189E-6
-334,600000E-3	8,618077E-6
-333,800000E-3	8,611376E-6
-333,600000E-3	8,604372E-6
-333,000000E-3	8,597221E-6
-332,500000E-3	8,589434E-6
-331,900000E-3	8,578955E-6
-331,500000E-3	8,565990E-6
-330,800000E-3	8,553760E-6
-330,400000E-3	8,541589E-6
-329,800000E-3	8,527486E-6
-329,500000E-3	8,513862E-6
-328,700000E-3	8,504563E-6
-328,400000E-3	8,497110E-6
-327,800000E-3	8,488857E-6
-327,300000E-3	8,484171E-6
-326,600000E-3	8,482394E-6
-326,400000E-3	8,478833E-6
-325,700000E-3	8,468926E-6
-325,200000E-3	8,449078E-6
-324,600000E-3	8,430924E-6
-324,100000E-3	8,419734E-6
-323,600000E-3	8,413061E-6
-323,200000E-3	8,407510E-6
-322,700000E-3	8,399903E-6
-322,100000E-3	8,387365E-6
-321,500000E-3	8,372063E-6
-321,000000E-3	8,357678E-6
-320,400000E-3	8,345490E-6
-320,100000E-3	8,331613E-6
-319,500000E-3	8,320170E-6
-319,000000E-3	8,308895E-6
-318,400000E-3	8,293854E-6
-317,800000E-3	8,276766E-6
-317,300000E-3	8,261041E-6
-316,700000E-3	8,248568E-6
-316,100000E-3	8,237366E-6
-315,800000E-3	8,228675E-6
-315,200000E-3	8,220190E-6
-314,600000E-3	8,211110E-6
-314,100000E-3	8,199300E-6
-313,700000E-3	8,185399E-6
-313,200000E-3	8,174065E-6
-312,600000E-3	8,166542E-6
-312,100000E-3	8,160732E-6
-311,500000E-3	8,157238E-6
-311,000000E-3	8,155947E-6
-310,600000E-3	8,154199E-6
-309,900000E-3	8,150465E-6
-309,500000E-3	8,144332E-6
-309,200000E-3	8,136519E-6
-308,400000E-3	8,126223E-6
-307,800000E-3	8,112528E-6
-307,500000E-3	8,096993E-6
-306,900000E-3	8,080190E-6
-306,300000E-3	8,063304E-6
-306,100000E-3	8,045140E-6
-305,500000E-3	8,030667E-6
-304,700000E-3	8,025030E-6
-304,400000E-3	8,023555E-6
-304,000000E-3	8,019926E-6
-303,200000E-3	8,010296E-6
-302,900000E-3	7,996019E-6
-302,400000E-3	7,984570E-6
-301,800000E-3	7,979591E-6
-301,200000E-3	7,977215E-6
-300,900000E-3	7,973416E-6
-300,300000E-3	7,964315E-6
-299,800000E-3	7,951770E-6
-299,200000E-3	7,939874E-6
-298,600000E-3	7,929899E-6
-298,000000E-3	7,923868E-6
-297,700000E-3	7,918638E-6
-297,100000E-3	7,911323E-6
-296,500000E-3	7,901129E-6
-296,000000E-3	7,887011E-6
-295,700000E-3	7,871170E-6
-295,100000E-3	7,854948E-6
-294,600000E-3	7,837632E-6
-294,000000E-3	7,822970E-6
-293,500000E-3	7,813748E-6
-292,800000E-3	7,807860E-6
-292,600000E-3	7,800748E-6
-292,000000E-3	7,790384E-6
-291,400000E-3	7,780904E-6
-290,800000E-3	7,771785E-6
-290,600000E-3	7,757809E-6
-289,800000E-3	7,743204E-6
-289,400000E-3	7,732192E-6
-288,900000E-3	7,723523E-6
-288,400000E-3	7,712772E-6
-287,700000E-3	7,700173E-6
-287,400000E-3	7,688743E-6
-286,800000E-3	7,678156E-6
-286,300000E-3	7,669694E-6
-285,700000E-3	7,662586E-6
-285,400000E-3	7,653953E-6
-284,500000E-3	7,645850E-6
-284,200000E-3	7,637172E-6
-283,600000E-3	7,626024E-6
-283,000000E-3	7,612557E-6
-282,500000E-3	7,600126E-6
-282,200000E-3	7,586560E-6
-281,600000E-3	7,573855E-6
-280,800000E-3	7,562682E-6
-280,400000E-3	7,552787E-6
-279,800000E-3	7,542005E-6
-279,600000E-3	7,531685E-6
-278,900000E-3	7,522528E-6
-278,500000E-3	7,512994E-6
-278,100000E-3	7,500535E-6
-277,300000E-3	7,486598E-6
-277,000000E-3	7,476344E-6
-276,400000E-3	7,467369E-6
-275,900000E-3	7,458252E-6
-275,300000E-3	7,451319E-6
-275,000000E-3	7,444493E-6
-274,400000E-3	7,434641E-6
-273,800000E-3	7,423328E-6
-273,300000E-3	7,411611E-6
-272,800000E-3	7,398720E-6
-272,200000E-3	7,388728E-6
-271,900000E-3	7,381618E-6
-271,300000E-3	7,375633E-6
-270,700000E-3	7,368309E-6
-270,100000E-3	7,355417E-6
-269,500000E-3	7,342555E-6
-269,200000E-3	7,330923E-6
-268,400000E-3	7,318107E-6
-268,100000E-3	7,304560E-6
-267,500000E-3	7,293384E-6
-266,900000E-3	7,283420E-6
-266,300000E-3	7,274212E-6
-266,100000E-3	7,265473E-6
-265,600000E-3	7,258773E-6
-265,000000E-3	7,253387E-6
-264,400000E-3	7,244489E-6
-263,800000E-3	7,230796E-6
-263,200000E-3	7,215717E-6
-262,900000E-3	7,200038E-6
-262,300000E-3	7,184015E-6
-261,900000E-3	7,169341E-6
-261,200000E-3	7,156952E-6
-260,900000E-3	7,144314E-6
-260,300000E-3	7,131261E-6
-259,500000E-3	7,119029E-6
-259,200000E-3	7,109650E-6
-258,900000E-3	7,102097E-6
-258,200000E-3	7,093118E-6
-257,400000E-3	7,080836E-6
-257,200000E-3	7,067529E-6
-256,600000E-3	7,053926E-6
-256,000000E-3	7,038833E-6
-255,700000E-3	7,020560E-6
-255,200000E-3	7,002734E-6
-254,600000E-3	6,988568E-6
-253,900000E-3	6,977193E-6
-253,600000E-3	6,968692E-6
-252,900000E-3	6,960821E-6
-252,400000E-3	6,949876E-6
-251,900000E-3	6,938051E-6
-251,400000E-3	6,927897E-6
-250,700000E-3	6,918944E-6
-250,500000E-3	6,911386E-6
-249,800000E-3	6,901742E-6
-249,300000E-3	6,891479E-6
-249,000000E-3	6,881111E-6
-248,400000E-3	6,868335E-6
-247,600000E-3	6,855867E-6
-247,300000E-3	6,847419E-6
-246,800000E-3	6,843669E-6
-246,100000E-3	6,838760E-6
-245,800000E-3	6,828216E-6
-245,200000E-3	6,815698E-6
-244,700000E-3	6,802779E-6
-244,100000E-3	6,790866E-6
-243,800000E-3	6,781371E-6
-243,200000E-3	6,772495E-6
-242,700000E-3	6,760251E-6
-242,100000E-3	6,745894E-6
-241,500000E-3	6,732843E-6
-241,000000E-3	6,717855E-6
-240,600000E-3	6,703581E-6
-240,000000E-3	6,693016E-6
-239,500000E-3	6,682245E-6
-238,900000E-3	6,671303E-6
-238,300000E-3	6,659678E-6
-238,000000E-3	6,647944E-6
-237,400000E-3	6,636196E-6
-236,900000E-3	6,624612E-6
-236,600000E-3	6,614943E-6
-235,700000E-3	6,608118E-6
-235,400000E-3	6,604152E-6
-234,900000E-3	6,599554E-6
-234,300000E-3	6,593654E-6
-233,700000E-3	6,586850E-6
-233,500000E-3	6,576324E-6
-232,900000E-3	6,560221E-6
-232,300000E-3	6,540244E-6
-231,700000E-3	6,521209E-6
-231,400000E-3	6,506944E-6
-230,500000E-3	6,497245E-6
-230,300000E-3	6,486197E-6
-229,800000E-3	6,472649E-6
-229,100000E-3	6,459262E-6
-228,500000E-3	6,448978E-6
-228,200000E-3	6,441682E-6
-227,600000E-3	6,434872E-6
-227,000000E-3	6,426018E-6
-226,500000E-3	6,414199E-6
-226,300000E-3	6,400256E-6
-225,300000E-3	6,387503E-6
-225,100000E-3	6,377537E-6
-224,500000E-3	6,367186E-6
-223,900000E-3	6,354993E-6
-223,300000E-3	6,341784E-6
-223,000000E-3	6,331154E-6
-222,500000E-3	6,323888E-6
-221,900000E-3	6,315970E-6
-221,300000E-3	6,305072E-6
-221,000000E-3	6,291057E-6
-220,300000E-3	6,276996E-6
-219,600000E-3	6,261317E-6
-219,300000E-3	6,244663E-6
-218,700000E-3	6,227494E-6
-218,100000E-3	6,214698E-6
-217,800000E-3	6,208059E-6
-217,200000E-3	6,200650E-6
-216,700000E-3	6,191264E-6
-216,100000E-3	6,184374E-6
-215,800000E-3	6,178756E-6
-214,900000E-3	6,172495E-6
-214,700000E-3	6,162859E-6
-214,100000E-3	6,148954E-6
-213,500000E-3	6,131173E-6
-212,900000E-3	6,113790E-6
-212,700000E-3	6,098618E-6
-212,100000E-3	6,086359E-6
-211,500000E-3	6,077496E-6
-210,900000E-3	6,067399E-6
-210,600000E-3	6,053428E-6
-209,900000E-3	6,040269E-6
-209,400000E-3	6,029790E-6
-208,900000E-3	6,018978E-6
-208,300000E-3	6,004090E-6
-207,700000E-3	5,987264E-6
-207,500000E-3	5,974629E-6
-206,900000E-3	5,967827E-6
-206,300000E-3	5,959145E-6
-205,700000E-3	5,946092E-6
-205,500000E-3	5,931681E-6
-204,600000E-3	5,918478E-6
-204,300000E-3	5,905078E-6
-203,700000E-3	5,891469E-6
-203,300000E-3	5,878502E-6
-202,600000E-3	5,866926E-6
-202,000000E-3	5,854518E-6
-201,700000E-3	5,844578E-6
-201,000000E-3	5,836910E-6
-200,600000E-3	5,827948E-6
-200,000000E-3	5,818005E-6
-199,400000E-3	5,807173E-6
-198,800000E-3	5,795361E-6
-198,500000E-3	5,782626E-6
-198,000000E-3	5,769937E-6
-197,400000E-3	5,756042E-6
-196,800000E-3	5,744886E-6
-196,500000E-3	5,739020E-6
-195,700000E-3	5,734866E-6
-195,300000E-3	5,726758E-6
-194,700000E-3	5,712870E-6
-194,500000E-3	5,697686E-6
-193,600000E-3	5,683586E-6
-193,000000E-3	5,667701E-6
-192,800000E-3	5,652580E-6
-192,200000E-3	5,639423E-6
-191,600000E-3	5,628158E-6
-191,000000E-3	5,615178E-6
-190,800000E-3	5,603526E-6
-189,900000E-3	5,594730E-6
-189,600000E-3	5,583056E-6
-189,000000E-3	5,573572E-6
-188,400000E-3	5,566789E-6
-187,900000E-3	5,558199E-6
-187,600000E-3	5,547086E-6
-187,100000E-3	5,534547E-6
-186,300000E-3	5,524051E-6
-185,900000E-3	5,513968E-6
-185,500000E-3	5,502082E-6
-184,700000E-3	5,488436E-6
-184,400000E-3	5,473100E-6
-183,800000E-3	5,456393E-6
-183,300000E-3	5,440852E-6
-182,700000E-3	5,426276E-6
-182,400000E-3	5,410574E-6
-181,800000E-3	5,395766E-6
-181,200000E-3	5,383611E-6
-180,700000E-3	5,372336E-6
-180,100000E-3	5,362734E-6
-179,500000E-3	5,353826E-6
-179,200000E-3	5,345213E-6
-178,600000E-3	5,336879E-6
-178,100000E-3	5,327234E-6
-177,500000E-3	5,317356E-6
-176,900000E-3	5,305672E-6
-176,600000E-3	5,291116E-6
-176,000000E-3	5,277633E-6
-175,500000E-3	5,268430E-6
-175,100000E-3	5,260546E-6
-174,300000E-3	5,249735E-6
-174,000000E-3	5,237475E-6
-173,400000E-3	5,225563E-6
-172,800000E-3	5,210011E-6
-172,300000E-3	5,194307E-6
-172,000000E-3	5,179825E-6
-171,400000E-3	5,167513E-6
-170,600000E-3	5,156537E-6
-170,300000E-3	5,146037E-6
-170,000000E-3	5,134909E-6
-169,300000E-3	5,122247E-6
-168,900000E-3	5,106263E-6
-168,300000E-3	5,091620E-6
-167,700000E-3	5,080153E-6
-167,100000E-3	5,070324E-6
-166,600000E-3	5,062302E-6
-166,300000E-3	5,053482E-6
-165,500000E-3	5,042362E-6
-165,100000E-3	5,029994E-6
-164,500000E-3	5,017293E-6
-164,000000E-3	5,001910E-6
-163,400000E-3	4,983445E-6
-163,100000E-3	4,966459E-6
-162,600000E-3	4,955072E-6
-162,000000E-3	4,942916E-6
-161,400000E-3	4,930618E-6
-160,800000E-3	4,920121E-6
-160,400000E-3	4,906453E-6
-159,700000E-3	4,891586E-6
-159,300000E-3	4,878542E-6
-158,800000E-3	4,869633E-6
-158,200000E-3	4,861689E-6
-157,600000E-3	4,854312E-6
-157,300000E-3	4,842382E-6
-156,500000E-3	4,827150E-6
-156,200000E-3	4,813367E-6
-155,600000E-3	4,801560E-6
-155,100000E-3	4,790839E-6
-154,500000E-3	4,780019E-6
-154,200000E-3	4,768574E-6
-153,600000E-3	4,755121E-6
-153,100000E-3	4,739575E-6
-152,400000E-3	4,723207E-6
-152,200000E-3	4,708093E-6
-151,300000E-3	4,696567E-6
-150,700000E-3	4,687271E-6
-150,400000E-3	4,676841E-6
-149,800000E-3	4,663295E-6
-149,300000E-3	4,648655E-6
-148,700000E-3	4,634203E-6
-148,400000E-3	4,620724E-6
-147,600000E-3	4,609067E-6
-147,300000E-3	4,597776E-6
-146,700000E-3	4,585985E-6
-146,100000E-3	4,572839E-6
-145,600000E-3	4,556841E-6
-145,300000E-3	4,538190E-6
-144,700000E-3	4,522346E-6
-144,100000E-3	4,507904E-6
-143,500000E-3	4,496541E-6
-143,000000E-3	4,486782E-6
-142,500000E-3	4,477359E-6
-142,200000E-3	4,468855E-6
-141,600000E-3	4,460112E-6
-141,000000E-3	4,447174E-6
-140,400000E-3	4,433685E-6
-140,200000E-3	4,421393E-6
-139,400000E-3	4,407435E-6
-139,000000E-3	4,391571E-6
-138,400000E-3	4,377657E-6
-137,800000E-3	4,367151E-6
-137,200000E-3	4,358779E-6
-137,000000E-3	4,347309E-6
-136,400000E-3	4,331951E-6
-135,800000E-3	4,315761E-6
-135,300000E-3	4,300498E-6
-134,700000E-3	4,283775E-6
-134,200000E-3	4,268318E-6
-133,500000E-3	4,254893E-6
-133,300000E-3	4,242432E-6
-132,700000E-3	4,232099E-6
-132,100000E-3	4,221307E-6
-131,500000E-3	4,208619E-6
-131,200000E-3	4,197239E-6
-130,500000E-3	4,187032E-6
-130,100000E-3	4,175221E-6
-129,600000E-3	4,163863E-6
-129,100000E-3	4,152613E-6
-128,400000E-3	4,143446E-6
-128,100000E-3	4,133767E-6
-127,500000E-3	4,123167E-6
-126,900000E-3	4,110741E-6
-126,400000E-3	4,098651E-6
-126,100000E-3	4,087737E-6
-125,300000E-3	4,077092E-6
-124,900000E-3	4,062886E-6
-124,400000E-3	4,044117E-6
-123,800000E-3	4,029040E-6
-123,200000E-3	4,017013E-6
-122,600000E-3	4,004454E-6
-122,200000E-3	3,991803E-6
-121,700000E-3	3,978761E-6
-121,200000E-3	3,964417E-6
-120,500000E-3	3,952701E-6
-119,900000E-3	3,942985E-6
-119,500000E-3	3,933693E-6
-118,900000E-3	3,920539E-6
-118,700000E-3	3,904975E-6
-118,100000E-3	3,891638E-6
-117,500000E-3	3,881710E-6
-116,900000E-3	3,871029E-6
-116,600000E-3	3,857380E-6
-116,000000E-3	3,842626E-6
-115,300000E-3	3,827362E-6
-115,100000E-3	3,811283E-6
-114,500000E-3	3,794825E-6
-113,800000E-3	3,780062E-6
-113,200000E-3	3,769294E-6
-112,900000E-3	3,759997E-6
-112,300000E-3	3,747656E-6
-112,000000E-3	3,733689E-6
-111,400000E-3	3,721561E-6
-110,800000E-3	3,711779E-6
-110,300000E-3	3,699351E-6
-109,900000E-3	3,684313E-6
-109,300000E-3	3,669446E-6
-108,700000E-3	3,656401E-6
-108,000000E-3	3,646377E-6
-107,800000E-3	3,635829E-6
-107,200000E-3	3,622731E-6
-106,600000E-3	3,609640E-6
-106,000000E-3	3,600047E-6
-105,700000E-3	3,592052E-6
-105,200000E-3	3,581519E-6
-104,700000E-3	3,569397E-6
-103,900000E-3	3,557957E-6
-103,600000E-3	3,547208E-6
-103,000000E-3	3,535884E-6
-102,700000E-3	3,521881E-6
-102,100000E-3	3,508057E-6
-101,500000E-3	3,495909E-6
-100,900000E-3	3,484488E-6
-100,600000E-3	3,472074E-6
-100,000000E-3	3,459243E-6
-99,400000E-3	3,444832E-6
-98,800000E-3	3,429886E-6
-98,100000E-3	3,412842E-6
-97,500000E-3	3,400712E-6
-97,300000E-3	3,389908E-6
-96,700000E-3	3,380694E-6
-96,100000E-3	3,369048E-6
-95,500000E-3	3,355851E-6
-95,100000E-3	3,343800E-6
-94,500000E-3	3,329803E-6
-94,100000E-3	3,314483E-6
-93,300000E-3	3,304217E-6
-92,700000E-3	3,295490E-6
-92,400000E-3	3,285624E-6
-92,100000E-3	3,276077E-6
-91,500000E-3	3,266590E-6
-90,900000E-3	3,254193E-6
-90,300000E-3	3,239831E-6
-90,000000E-3	3,226905E-6
-89,400000E-3	3,214659E-6
-88,800000E-3	3,202330E-6
-88,200000E-3	3,192634E-6
-87,900000E-3	3,181059E-6
-87,200000E-3	3,169330E-6
-86,800000E-3	3,159987E-6
-86,100000E-3	3,150243E-6
-85,700000E-3	3,139032E-6
-85,200000E-3	3,128248E-6
-84,800000E-3	3,119683E-6
-84,300000E-3	3,112215E-6
-83,600000E-3	3,101952E-6
-83,000000E-3	3,087494E-6
-82,700000E-3	3,072177E-6
-82,200000E-3	3,061925E-6
-81,500000E-3	3,053407E-6
-80,900000E-3	3,041627E-6
-80,600000E-3	3,029448E-6
-80,000000E-3	3,016240E-6
-79,500000E-3	3,003460E-6
-78,800000E-3	2,994055E-6
-78,500000E-3	2,985542E-6
-77,800000E-3	2,976390E-6
-77,600000E-3	2,965020E-6
-77,000000E-3	2,952770E-6
-76,400000E-3	2,939940E-6
-75,800000E-3	2,929120E-6
-75,500000E-3	2,919967E-6
-74,800000E-3	2,912182E-6
-74,200000E-3	2,904946E-6
-73,700000E-3	2,894825E-6
-73,100000E-3	2,883491E-6
-72,800000E-3	2,871399E-6
-72,200000E-3	2,859574E-6
-71,600000E-3	2,847512E-6
-71,000000E-3	2,837027E-6
-70,700000E-3	2,827920E-6
-70,100000E-3	2,817946E-6
-69,500000E-3	2,805384E-6
-68,900000E-3	2,791661E-6
-68,500000E-3	2,781219E-6
-68,000000E-3	2,775760E-6
-67,600000E-3	2,770564E-6
-66,900000E-3	2,763803E-6
-66,500000E-3	2,755567E-6
-66,100000E-3	2,745153E-6
-65,600000E-3	2,731588E-6
-64,900000E-3	2,718937E-6
-64,300000E-3	2,708124E-6
-63,800000E-3	2,697774E-6
-63,100000E-3	2,687336E-6
-62,800000E-3	2,678660E-6
-62,200000E-3	2,670851E-6
-61,600000E-3	2,662210E-6
-61,000000E-3	2,652331E-6
-60,700000E-3	2,643259E-6
-60,400000E-3	2,633713E-6
-59,600000E-3	2,623775E-6
-59,100000E-3	2,611108E-6
-58,600000E-3	2,598533E-6
-58,000000E-3	2,590265E-6
-57,700000E-3	2,585904E-6
-57,100000E-3	2,581932E-6
-56,500000E-3	2,574352E-6
-56,200000E-3	2,562882E-6
-55,600000E-3	2,550081E-6
-55,000000E-3	2,539732E-6
-54,400000E-3	2,533151E-6
-54,100000E-3	2,527289E-6
-53,500000E-3	2,519678E-6
-52,800000E-3	2,512783E-6
-52,300000E-3	2,505757E-6
-51,700000E-3	2,495766E-6
-51,400000E-3	2,486295E-6
-51,100000E-3	2,477843E-6
-50,300000E-3	2,468580E-6
-49,900000E-3	2,459391E-6
-49,300000E-3	2,450883E-6
-49,000000E-3	2,441168E-6
-48,400000E-3	2,431619E-6
-47,700000E-3	2,424605E-6
-47,100000E-3	2,417834E-6
-46,800000E-3	2,408479E-6
-46,200000E-3	2,399130E-6
-45,600000E-3	2,393332E-6
-45,000000E-3	2,389213E-6
-44,700000E-3	2,382949E-6
-44,100000E-3	2,374916E-6
-43,800000E-3	2,367338E-6
-43,100000E-3	2,362805E-6
-42,700000E-3	2,360186E-6
-42,000000E-3	2,356805E-6
-41,800000E-3	2,349777E-6
-41,100000E-3	2,340137E-6
-40,500000E-3	2,332189E-6
-39,800000E-3	2,328665E-6
-39,500000E-3	2,324874E-6
-38,900000E-3	2,318328E-6
-38,600000E-3	2,311631E-6
-38,000000E-3	2,306014E-6
-37,400000E-3	2,301037E-6
-37,000000E-3	2,294739E-6
-36,500000E-3	2,286390E-6
-36,200000E-3	2,278826E-6
-35,400000E-3	2,272398E-6
-35,000000E-3	2,266006E-6
-34,400000E-3	2,257782E-6
-34,000000E-3	2,251020E-6
-33,400000E-3	2,248801E-6
-32,800000E-3	2,246152E-6
-32,200000E-3	2,239520E-6
-31,900000E-3	2,230159E-6
-31,300000E-3	2,221701E-6
-30,700000E-3	2,218131E-6
-30,100000E-3	2,218515E-6
-29,500000E-3	2,215019E-6
-28,900000E-3	2,208302E-6
-28,600000E-3	2,203062E-6
-27,900000E-3	2,199737E-6
-27,700000E-3	2,197074E-6
-27,000000E-3	2,194346E-6
-26,400000E-3	2,191716E-6
-25,800000E-3	2,190015E-6
-25,400000E-3	2,186464E-6
-24,800000E-3	2,181455E-6
-24,500000E-3	2,176856E-6
-23,900000E-3	2,171101E-6
-23,300000E-3	2,162886E-6
-22,700000E-3	2,154131E-6
-22,300000E-3	2,148437E-6
-21,700000E-3	2,146835E-6
-21,400000E-3	2,146513E-6
-20,800000E-3	2,145425E-6
-20,200000E-3	2,142216E-6
-19,500000E-3	2,137182E-6
-19,200000E-3	2,131271E-6
-18,600000E-3	2,126595E-6
-18,300000E-3	2,124347E-6
-17,700000E-3	2,124414E-6
-17,000000E-3	2,123277E-6
-16,400000E-3	2,120058E-6
-16,100000E-3	2,114757E-6
-15,500000E-3	2,109650E-6
-15,200000E-3	2,108050E-6
-14,500000E-3	2,108312E-6
-13,900000E-3	2,107532E-6
-13,300000E-3	2,107921E-6
-12,700000E-3	2,108101E-6
-12,400000E-3	2,104555E-6
-11,800000E-3	2,098438E-6
-11,400000E-3	2,092238E-6
-10,800000E-3	2,088095E-6
-10,200000E-3	2,087708E-6
-9,500000E-3	2,089865E-6
-9,000000E-3	2,090180E-6
-8,700000E-3	2,087124E-6
-8,300000E-3	2,084510E-6
-7,800000E-3	2,083703E-6
-7,200000E-3	2,084877E-6
-6,500000E-3	2,085180E-6
-5,900000E-3	2,083630E-6
-5,600000E-3	2,081365E-6
-4,900000E-3	2,079997E-6
-4,600000E-3	2,079126E-6
-4,000000E-3	2,077711E-6
-3,400000E-3	2,077227E-6
-2,700000E-3	2,078438E-6
-2,100000E-3	2,080638E-6
-1,700000E-3	2,082716E-6
-1,000000E-3	2,083801E-6
-800,000000E-6	2,082354E-6
-100,000000E-6	2,080980E-6
500,000000E-6	2,082485E-6
1,200000E-3	2,084035E-6
1,700000E-3	2,086087E-6
2,100000E-3	2,088204E-6
2,400000E-3	2,088329E-6
3,000000E-3	2,087345E-6
3,700000E-3	2,087348E-6
4,200000E-3	2,090288E-6
4,900000E-3	2,092467E-6
5,300000E-3	2,090726E-6
5,500000E-3	2,087251E-6
6,200000E-3	2,084674E-6
6,700000E-3	2,085465E-6
7,400000E-3	2,091833E-6
7,800000E-3	2,098178E-6
8,300000E-3	2,099760E-6
8,700000E-3	2,101966E-6
9,200000E-3	2,105698E-6
9,900000E-3	2,107363E-6
10,500000E-3	2,108791E-6
11,100000E-3	2,110831E-6
11,500000E-3	2,110905E-6
11,700000E-3	2,112072E-6
12,400000E-3	2,114611E-6
13,000000E-3	2,113295E-6
13,600000E-3	2,110449E-6
14,200000E-3	2,110501E-6
14,600000E-3	2,111588E-6
15,200000E-3	2,110802E-6
15,500000E-3	2,108775E-6
16,200000E-3	2,108741E-6
16,700000E-3	2,114658E-6
17,500000E-3	2,124464E-6
17,800000E-3	2,131431E-6
18,100000E-3	2,134448E-6
18,700000E-3	2,136242E-6
19,300000E-3	2,136725E-6
20,000000E-3	2,137845E-6
20,500000E-3	2,142210E-6
21,200000E-3	2,148892E-6
21,500000E-3	2,155217E-6
22,100000E-3	2,161447E-6
22,800000E-3	2,167479E-6
23,400000E-3	2,169468E-6
24,000000E-3	2,171738E-6
24,300000E-3	2,176142E-6
24,900000E-3	2,182526E-6
25,300000E-3	2,190380E-6
26,200000E-3	2,202357E-6
26,500000E-3	2,212260E-6
26,800000E-3	2,217009E-6
27,400000E-3	2,217581E-6
28,000000E-3	2,217269E-6
28,700000E-3	2,217475E-6
29,300000E-3	2,218181E-6
29,600000E-3	2,220260E-6
30,200000E-3	2,224777E-6
30,200000E-3	2,229117E-6
31,200000E-3	2,232895E-6
31,400000E-3	2,237113E-6
32,100000E-3	2,241541E-6
32,700000E-3	2,249001E-6
33,300000E-3	2,259021E-6
33,900000E-3	2,268270E-6
34,200000E-3	2,274310E-6
34,500000E-3	2,276543E-6
35,100000E-3	2,278854E-6
35,800000E-3	2,286422E-6
36,400000E-3	2,294003E-6
37,000000E-3	2,299893E-6
37,300000E-3	2,306461E-6
37,600000E-3	2,314076E-6
38,200000E-3	2,321664E-6
38,900000E-3	2,326843E-6
39,400000E-3	2,330668E-6
40,100000E-3	2,336748E-6
40,500000E-3	2,343937E-6
40,700000E-3	2,348577E-6
41,400000E-3	2,352180E-6
41,900000E-3	2,358095E-6
42,600000E-3	2,363662E-6
42,900000E-3	2,367483E-6
43,500000E-3	2,371167E-6
43,900000E-3	2,377490E-6
44,400000E-3	2,386068E-6
45,100000E-3	2,395056E-6
45,700000E-3	2,405143E-6
46,000000E-3	2,415251E-6
46,700000E-3	2,422992E-6
46,900000E-3	2,429581E-6
47,600000E-3	2,437053E-6
48,100000E-3	2,445109E-6
48,800000E-3	2,452700E-6
49,100000E-3	2,459086E-6
49,700000E-3	2,466145E-6
50,100000E-3	2,474942E-6
50,100000E-3	2,485766E-6
51,100000E-3	2,496290E-6
51,700000E-3	2,505028E-6
52,400000E-3	2,514483E-6
53,000000E-3	2,520855E-6
53,300000E-3	2,525947E-6
53,900000E-3	2,531207E-6
54,200000E-3	2,539418E-6
54,800000E-3	2,551065E-6
55,500000E-3	2,560802E-6
56,000000E-3	2,569635E-6
56,300000E-3	2,578957E-6
57,000000E-3	2,588852E-6
57,300000E-3	2,598214E-6
57,900000E-3	2,606751E-6
58,500000E-3	2,616578E-6
59,200000E-3	2,624881E-6
59,500000E-3	2,632075E-6
60,100000E-3	2,639424E-6
60,400000E-3	2,646704E-6
61,000000E-3	2,656359E-6
61,700000E-3	2,666717E-6
62,300000E-3	2,674348E-6
62,600000E-3	2,681152E-6
63,200000E-3	2,690321E-6
63,500000E-3	2,699838E-6
64,200000E-3	2,707268E-6
64,800000E-3	2,715446E-6
65,400000E-3	2,724350E-6
65,700000E-3	2,733189E-6
66,300000E-3	2,743400E-6
66,700000E-3	2,755014E-6
67,200000E-3	2,765140E-6
67,900000E-3	2,773361E-6
68,500000E-3	2,780275E-6
68,800000E-3	2,787051E-6
69,500000E-3	2,793765E-6
69,700000E-3	2,801692E-6
70,400000E-3	2,812686E-6
71,000000E-3	2,826683E-6
71,600000E-3	2,841241E-6
71,900000E-3	2,851833E-6
72,600000E-3	2,857337E-6
73,100000E-3	2,861909E-6
73,800000E-3	2,875947E-6
74,400000E-3	2,890858E-6
74,600000E-3	2,904307E-6
75,400000E-3	2,914996E-6
75,800000E-3	2,924607E-6
76,300000E-3	2,934742E-6
76,900000E-3	2,945546E-6
77,100000E-3	2,954986E-6
77,800000E-3	2,964162E-6
78,600000E-3	2,975558E-6
79,000000E-3	2,990320E-6
79,500000E-3	3,004099E-6
79,900000E-3	3,017319E-6
80,700000E-3	3,028714E-6
81,000000E-3	3,037685E-6
81,600000E-3	3,044595E-6
82,200000E-3	3,051653E-6
82,800000E-3	3,062907E-6
82,800000E-3	3,074822E-6
83,900000E-3	3,084913E-6
84,100000E-3	3,095087E-6
84,800000E-3	3,104295E-6
85,300000E-3	3,113223E-6
85,900000E-3	3,123378E-6
86,200000E-3	3,134588E-6
86,800000E-3	3,145677E-6
87,300000E-3	3,155471E-6
87,900000E-3	3,167442E-6
88,500000E-3	3,182542E-6
89,100000E-3	3,195360E-6
89,300000E-3	3,205852E-6
89,900000E-3	3,216045E-6
90,500000E-3	3,226877E-6
90,800000E-3	3,237306E-6
91,300000E-3	3,247542E-6
92,000000E-3	3,260346E-6
92,500000E-3	3,274304E-6
92,800000E-3	3,287706E-6
93,700000E-3	3,299928E-6
94,200000E-3	3,311884E-6
94,500000E-3	3,321885E-6
95,100000E-3	3,330140E-6
95,700000E-3	3,339505E-6
95,900000E-3	3,351370E-6
96,600000E-3	3,364569E-6
97,400000E-3	3,379537E-6
97,600000E-3	3,394693E-6
98,200000E-3	3,405262E-6
98,800000E-3	3,412155E-6
99,300000E-3	3,417522E-6
99,600000E-3	3,423771E-6
100,500000E-3	3,431602E-6
101,100000E-3	3,441305E-6
101,400000E-3	3,451644E-6
102,000000E-3	3,461852E-6
102,500000E-3	3,475299E-6
102,800000E-3	3,491569E-6
103,300000E-3	3,509496E-6
103,900000E-3	3,526924E-6
104,500000E-3	3,540520E-6
104,800000E-3	3,550760E-6
105,700000E-3	3,561649E-6
105,900000E-3	3,573497E-6
106,500000E-3	3,583938E-6
107,100000E-3	3,594638E-6
107,700000E-3	3,606305E-6
107,900000E-3	3,618416E-6
108,700000E-3	3,627899E-6
109,100000E-3	3,637949E-6
109,700000E-3	3,645909E-6
110,200000E-3	3,655461E-6
110,800000E-3	3,667935E-6
111,400000E-3	3,681082E-6
111,600000E-3	3,694451E-6
112,200000E-3	3,708165E-6
112,800000E-3	3,721605E-6
113,300000E-3	3,735496E-6
113,900000E-3	3,749611E-6
114,400000E-3	3,763871E-6
115,000000E-3	3,775537E-6
115,600000E-3	3,784983E-6
115,900000E-3	3,796394E-6
116,500000E-3	3,809912E-6
117,000000E-3	3,823891E-6
117,300000E-3	3,837480E-6
118,100000E-3	3,847956E-6
118,700000E-3	3,857846E-6
119,300000E-3	3,866500E-6
119,700000E-3	3,878305E-6
120,400000E-3	3,891909E-6
120,700000E-3	3,905696E-6
121,200000E-3	3,918858E-6
121,800000E-3	3,933696E-6
122,400000E-3	3,947917E-6
122,700000E-3	3,960226E-6
123,200000E-3	3,971447E-6
124,100000E-3	3,984753E-6
124,600000E-3	3,999478E-6
124,900000E-3	4,013231E-6
125,500000E-3	4,027398E-6
126,400000E-3	4,041199E-6
126,600000E-3	4,052630E-6
127,000000E-3	4,065034E-6
127,800000E-3	4,079474E-6
128,300000E-3	4,095994E-6
128,600000E-3	4,108861E-6
129,400000E-3	4,121983E-6
129,800000E-3	4,134838E-6
130,300000E-3	4,147157E-6
130,900000E-3	4,160956E-6
131,500000E-3	4,173903E-6
131,700000E-3	4,185869E-6
132,300000E-3	4,194537E-6
133,200000E-3	4,201327E-6
133,700000E-3	4,210304E-6
134,300000E-3	4,225218E-6
134,600000E-3	4,242123E-6
135,200000E-3	4,260418E-6
135,800000E-3	4,276614E-6
136,300000E-3	4,292911E-6
136,900000E-3	4,301912E-6
137,500000E-3	4,314657E-6
138,000000E-3	4,328255E-6
138,600000E-3	4,337521E-6
139,000000E-3	4,344359E-6
139,600000E-3	4,354746E-6
140,100000E-3	4,371422E-6
140,600000E-3	4,388545E-6
140,900000E-3	4,404213E-6
141,500000E-3	4,418903E-6
142,100000E-3	4,428985E-6
142,700000E-3	4,435078E-6
143,300000E-3	4,440735E-6
143,500000E-3	4,450022E-6
144,100000E-3	4,464041E-6
144,700000E-3	4,479740E-6
145,300000E-3	4,495006E-6
145,500000E-3	4,507663E-6
146,300000E-3	4,517543E-6
146,600000E-3	4,528355E-6
147,200000E-3	4,536026E-6
147,800000E-3	4,540912E-6
148,300000E-3	4,547612E-6
148,700000E-3	4,558690E-6
149,500000E-3	4,571234E-6
149,800000E-3	4,586364E-6
150,300000E-3	4,602203E-6
150,900000E-3	4,614413E-6
151,500000E-3	4,624942E-6
152,000000E-3	4,636547E-6
152,400000E-3	4,650689E-6
152,900000E-3	4,667028E-6
153,500000E-3	4,681057E-6
154,000000E-3	4,691789E-6
154,600000E-3	4,703558E-6
155,200000E-3	4,718095E-6
155,500000E-3	4,733308E-6
156,200000E-3	4,747020E-6
156,600000E-3	4,759035E-6
157,200000E-3	4,768491E-6
157,800000E-3	4,777346E-6
158,400000E-3	4,788096E-6
159,000000E-3	4,802496E-6
159,200000E-3	4,821773E-6
160,100000E-3	4,839584E-6
160,400000E-3	4,856419E-6
160,900000E-3	4,870478E-6
161,500000E-3	4,883090E-6
162,100000E-3	4,894233E-6
162,300000E-3	4,905138E-6
162,900000E-3	4,917945E-6
163,500000E-3	4,932030E-6
164,000000E-3	4,945945E-6
164,600000E-3	4,961317E-6
165,200000E-3	4,971973E-6
165,500000E-3	4,978858E-6
166,100000E-3	4,988687E-6
166,600000E-3	5,002555E-6
167,200000E-3	5,017991E-6
167,500000E-3	5,033779E-6
168,400000E-3	5,046241E-6
168,600000E-3	5,057381E-6
169,200000E-3	5,068245E-6
169,700000E-3	5,077953E-6
170,600000E-3	5,084765E-6
170,600000E-3	5,090573E-6
171,500000E-3	5,099512E-6
172,100000E-3	5,111372E-6
172,300000E-3	5,123272E-6
172,900000E-3	5,135590E-6
173,500000E-3	5,149502E-6
174,100000E-3	5,162282E-6
174,300000E-3	5,175794E-6
175,200000E-3	5,189331E-6
175,500000E-3	5,203662E-6
176,100000E-3	5,218526E-6
176,600000E-3	5,230000E-6
177,200000E-3	5,237908E-6
177,500000E-3	5,245204E-6
178,300000E-3	5,254537E-6
178,600000E-3	5,267584E-6
179,200000E-3	5,280267E-6
179,800000E-3	5,291821E-6
180,400000E-3	5,305241E-6
180,700000E-3	5,321720E-6
181,300000E-3	5,337097E-6
182,000000E-3	5,348129E-6
182,400000E-3	5,356032E-6
182,800000E-3	5,363148E-6
183,500000E-3	5,372298E-6
183,800000E-3	5,386038E-6
184,300000E-3	5,405402E-6
184,900000E-3	5,423352E-6
185,500000E-3	5,437654E-6
185,800000E-3	5,448295E-6
186,600000E-3	5,455508E-6
187,000000E-3	5,460607E-6
187,500000E-3	5,463992E-6
188,000000E-3	5,470847E-6
188,600000E-3	5,482191E-6
188,900000E-3	5,494531E-6
189,600000E-3	5,508693E-6
190,000000E-3	5,523529E-6
190,600000E-3	5,536127E-6
191,000000E-3	5,545839E-6
191,800000E-3	5,556702E-6
192,100000E-3	5,568043E-6
192,700000E-3	5,579257E-6
193,300000E-3	5,593690E-6
193,700000E-3	5,610153E-6
194,300000E-3	5,626038E-6
194,800000E-3	5,636206E-6
195,200000E-3	5,642913E-6
195,800000E-3	5,649410E-6
196,300000E-3	5,656706E-6
197,000000E-3	5,667614E-6
197,200000E-3	5,679330E-6
197,800000E-3	5,691629E-6
198,400000E-3	5,704841E-6
198,900000E-3	5,716963E-6
199,300000E-3	5,729378E-6
200,100000E-3	5,739381E-6
200,600000E-3	5,749197E-6
201,000000E-3	5,761152E-6
201,500000E-3	5,771926E-6
202,000000E-3	5,779902E-6
202,400000E-3	5,787680E-6
203,200000E-3	5,797242E-6
203,500000E-3	5,809620E-6
204,200000E-3	5,822734E-6
204,700000E-3	5,840199E-6
205,400000E-3	5,849610E-6
206,000000E-3	5,857256E-6
206,500000E-3	5,865005E-6
206,800000E-3	5,875043E-6
207,600000E-3	5,889576E-6
207,900000E-3	5,905655E-6
208,500000E-3	5,922777E-6
209,100000E-3	5,938077E-6
209,600000E-3	5,950237E-6
209,900000E-3	5,959616E-6
210,500000E-3	5,967382E-6
211,100000E-3	5,976213E-6
211,700000E-3	5,985689E-6
211,900000E-3	5,995920E-6
212,500000E-3	6,006605E-6
213,000000E-3	6,018488E-6
213,700000E-3	6,027897E-6
213,900000E-3	6,038448E-6
214,700000E-3	6,053778E-6
215,300000E-3	6,067207E-6
215,600000E-3	6,078083E-6
216,200000E-3	6,087508E-6
216,700000E-3	6,097144E-6
217,100000E-3	6,108754E-6
217,300000E-3	6,117736E-6
218,600000E-3	6,126888E-6
219,200000E-3	6,135159E-6
219,800000E-3	6,146956E-6
220,000000E-3	6,160796E-6
220,800000E-3	6,176638E-6
221,200000E-3	6,192116E-6
221,800000E-3	6,207921E-6
222,300000E-3	6,220327E-6
222,800000E-3	6,230331E-6
223,200000E-3	6,240686E-6
223,800000E-3	6,251760E-6
224,300000E-3	6,263290E-6
224,600000E-3	6,274297E-6
224,600000E-3	6,285045E-6
225,700000E-3	6,296311E-6
226,300000E-3	6,305595E-6
226,900000E-3	6,312700E-6
227,500000E-3	6,323460E-6
228,100000E-3	6,334415E-6
228,600000E-3	6,344127E-6
229,200000E-3	6,355131E-6
229,800000E-3	6,366351E-6
230,000000E-3	6,373665E-6
230,600000E-3	6,378457E-6
231,200000E-3	6,384932E-6
231,700000E-3	6,401291E-6
232,300000E-3	6,412536E-6
232,900000E-3	6,423475E-6
233,500000E-3	6,433979E-6
234,100000E-3	6,445990E-6
234,600000E-3	6,469601E-6
235,200000E-3	6,484962E-6
235,700000E-3	6,497843E-6
236,300000E-3	6,508175E-6
236,800000E-3	6,516481E-6
236,900000E-3	6,523587E-6
237,700000E-3	6,531471E-6
238,300000E-3	6,540002E-6
238,900000E-3	6,548478E-6
239,500000E-3	6,553849E-6
240,100000E-3	6,559200E-6
240,300000E-3	6,569359E-6
240,900000E-3	6,582105E-6
241,500000E-3	6,596750E-6
242,000000E-3	6,611393E-6
242,600000E-3	6,623425E-6
243,200000E-3	6,633129E-6
243,200000E-3	6,640713E-6
244,300000E-3	6,648451E-6
244,600000E-3	6,657827E-6
245,200000E-3	6,667736E-6
245,800000E-3	6,676661E-6
246,400000E-3	6,681865E-6
246,900000E-3	6,687237E-6
246,900000E-3	6,695519E-6
247,600000E-3	6,704983E-6
248,200000E-3	6,714664E-6
249,000000E-3	6,723491E-6
249,300000E-3	6,729487E-6
250,000000E-3	6,736501E-6
250,500000E-3	6,743958E-6
250,800000E-3	6,751105E-6
251,700000E-3	6,757404E-6
252,300000E-3	6,766370E-6
252,600000E-3	6,779157E-6
253,100000E-3	6,792119E-6
253,600000E-3	6,802419E-6
254,200000E-3	6,809469E-6
254,700000E-3	6,815414E-6
255,100000E-3	6,823961E-6
255,700000E-3	6,835542E-6
256,200000E-3	6,850996E-6
256,800000E-3	6,869731E-6
257,400000E-3	6,890192E-6
257,400000E-3	6,910476E-6
258,600000E-3	6,926663E-6
258,600000E-3	6,936040E-6
259,300000E-3	6,940605E-6
259,900000E-3	6,942135E-6
260,400000E-3	6,943539E-6
260,700000E-3	6,946937E-6
261,500000E-3	6,952918E-6
261,800000E-3	6,962880E-6
262,400000E-3	6,975321E-6
263,000000E-3	6,990727E-6
263,500000E-3	7,006266E-6
263,900000E-3	7,020196E-6
264,500000E-3	7,031801E-6
265,000000E-3	7,038988E-6
265,600000E-3	7,044209E-6
266,100000E-3	7,051076E-6
266,900000E-3	7,060251E-6
266,900000E-3	7,070611E-6
267,600000E-3	7,080531E-6
268,400000E-3	7,088624E-6
268,700000E-3	7,099368E-6
269,300000E-3	7,113176E-6
269,800000E-3	7,125145E-6
270,100000E-3	7,134435E-6
270,600000E-3	7,144712E-6
271,200000E-3	7,158247E-6
271,800000E-3	7,171408E-6
272,100000E-3	7,180269E-6
273,000000E-3	7,185634E-6
273,200000E-3	7,191863E-6
273,800000E-3	7,199391E-6
274,400000E-3	7,206784E-6
275,000000E-3	7,213980E-6
275,200000E-3	7,222108E-6
275,800000E-3	7,232335E-6
276,400000E-3	7,242505E-6
276,700000E-3	7,252116E-6
277,500000E-3	7,264479E-6
278,100000E-3	7,276460E-6
278,300000E-3	7,288009E-6
279,000000E-3	7,299844E-6
279,500000E-3	7,311080E-6
279,800000E-3	7,321234E-6
280,600000E-3	7,329682E-6
281,200000E-3	7,337685E-6
281,500000E-3	7,345861E-6
282,000000E-3	7,355688E-6
282,600000E-3	7,365159E-6
282,900000E-3	7,373177E-6
283,500000E-3	7,381493E-6
284,300000E-3	7,388241E-6
284,600000E-3	7,396465E-6
285,200000E-3	7,405757E-6
285,800000E-3	7,413185E-6
286,100000E-3	7,421035E-6
286,700000E-3	7,434443E-6
287,300000E-3	7,447196E-6
287,500000E-3	7,456746E-6
288,600000E-3	7,463323E-6
288,900000E-3	7,469861E-6
289,500000E-3	7,477123E-6
290,000000E-3	7,484642E-6
290,600000E-3	7,493224E-6
290,900000E-3	7,501243E-6
291,700000E-3	7,509318E-6
292,100000E-3	7,520165E-6
292,300000E-3	7,532999E-6
293,000000E-3	7,543789E-6
293,700000E-3	7,549622E-6
294,100000E-3	7,554960E-6
294,700000E-3	7,561708E-6
295,200000E-3	7,569953E-6
295,800000E-3	7,579838E-6
296,000000E-3	7,589533E-6
296,800000E-3	7,599979E-6
297,200000E-3	7,611898E-6
297,800000E-3	7,623004E-6
298,400000E-3	7,632713E-6
298,600000E-3	7,640740E-6
299,200000E-3	7,649293E-6
299,800000E-3	7,662660E-6
300,600000E-3	7,686474E-6
301,200000E-3	7,699766E-6
301,400000E-3	7,707949E-6
302,100000E-3	7,711535E-6
302,600000E-3	7,714072E-6
303,200000E-3	7,717642E-6
303,500000E-3	7,725120E-6
304,400000E-3	7,734995E-6
304,900000E-3	7,744537E-6
305,200000E-3	7,750529E-6
305,900000E-3	7,757363E-6
306,300000E-3	7,768918E-6
306,900000E-3	7,781620E-6
307,500000E-3	7,800331E-6
308,000000E-3	7,811963E-6
308,600000E-3	7,821995E-6
309,200000E-3	7,829663E-6
309,800000E-3	7,832403E-6
310,400000E-3	7,831382E-6
310,700000E-3	7,831304E-6
311,300000E-3	7,834595E-6
311,800000E-3	7,841147E-6
312,400000E-3	7,852605E-6
313,000000E-3	7,867643E-6
313,300000E-3	7,880742E-6
314,100000E-3	7,892594E-6
314,400000E-3	7,905761E-6
315,000000E-3	7,919602E-6
315,500000E-3	7,928573E-6
316,100000E-3	7,933981E-6
316,400000E-3	7,939855E-6
317,000000E-3	7,947381E-6
317,500000E-3	7,956369E-6
317,900000E-3	7,965445E-6
318,500000E-3	7,970742E-6
319,000000E-3	7,974025E-6
319,600000E-3	7,980913E-6
320,200000E-3	7,992367E-6
320,500000E-3	8,005442E-6
321,000000E-3	8,016934E-6
321,600000E-3	8,025036E-6
322,200000E-3	8,030358E-6
322,800000E-3	8,035362E-6
323,200000E-3	8,042417E-6
323,600000E-3	8,048543E-6
324,200000E-3	8,051694E-6
324,800000E-3	8,055185E-6
325,400000E-3	8,062017E-6
325,700000E-3	8,071348E-6
326,300000E-3	8,079606E-6
326,800000E-3	8,085886E-6
327,300000E-3	8,092533E-6
327,700000E-3	8,099530E-6
328,500000E-3	8,105699E-6
328,900000E-3	8,112332E-6
329,400000E-3	8,121438E-6
329,900000E-3	8,134271E-6
330,600000E-3	8,144415E-6
330,800000E-3	8,148976E-6
331,700000E-3	8,151859E-6
332,000000E-3	8,153975E-6
332,600000E-3	8,157221E-6
332,800000E-3	8,164890E-6
333,400000E-3	8,179890E-6
334,000000E-3	8,196650E-6
334,600000E-3	8,209243E-6
335,000000E-3	8,221622E-6
335,700000E-3	8,233747E-6
336,000000E-3	8,241792E-6
336,500000E-3	8,247578E-6
337,100000E-3	8,253417E-6
337,700000E-3	8,260853E-6
338,000000E-3	8,270433E-6
338,900000E-3	8,279245E-6
339,200000E-3	8,285609E-6
339,800000E-3	8,290198E-6
339,800000E-3	8,296608E-6
341,000000E-3	8,306573E-6
341,200000E-3	8,315433E-6
341,900000E-3	8,321327E-6
342,400000E-3	8,328549E-6
342,700000E-3	8,338830E-6
343,300000E-3	8,350681E-6
343,600000E-3	8,360117E-6
344,600000E-3	8,364615E-6
344,700000E-3	8,368667E-6
345,600000E-3	8,373988E-6
345,900000E-3	8,380419E-6
346,500000E-3	8,389641E-6
347,000000E-3	8,399328E-6
347,700000E-3	8,405963E-6
348,100000E-3	8,412541E-6
348,300000E-3	8,421452E-6
348,800000E-3	8,432716E-6
349,400000E-3	8,440937E-6
350,000000E-3	8,443723E-6
350,600000E-3	8,447082E-6
350,600000E-3	8,451261E-6
351,800000E-3	8,454323E-6
352,100000E-3	8,457241E-6
352,700000E-3	8,463363E-6
353,200000E-3	8,472133E-6
353,800000E-3	8,484072E-6
354,100000E-3	8,495141E-6
354,700000E-3	8,501422E-6
355,300000E-3	8,506959E-6
355,800000E-3	8,514933E-6
356,400000E-3	8,526520E-6
357,000000E-3	8,538307E-6
357,300000E-3	8,547405E-6
358,000000E-3	8,557354E-6
358,400000E-3	8,568999E-6
359,000000E-3	8,580625E-6
359,400000E-3	8,590149E-6
359,900000E-3	8,597155E-6
360,400000E-3	8,603580E-6
361,000000E-3	8,611864E-6
361,500000E-3	8,620535E-6
361,900000E-3	8,628729E-6
362,500000E-3	8,636824E-6
363,200000E-3	8,644013E-6
363,600000E-3	8,650687E-6
363,900000E-3	8,658463E-6
364,700000E-3	8,668043E-6
365,300000E-3	8,678474E-6
365,600000E-3	8,684382E-6
366,100000E-3	8,684923E-6
366,700000E-3	8,683662E-6
367,300000E-3	8,680681E-6
367,500000E-3	8,681482E-6
368,100000E-3	8,689157E-6
368,700000E-3	8,701901E-6
369,300000E-3	8,715443E-6
369,600000E-3	8,726327E-6
370,300000E-3	8,734118E-6
370,800000E-3	8,740287E-6
371,400000E-3	8,746769E-6
371,900000E-3	8,752481E-6
372,200000E-3	8,756983E-6
373,100000E-3	8,764306E-6
373,400000E-3	8,772378E-6
374,000000E-3	8,776443E-6
374,600000E-3	8,778374E-6
374,600000E-3	8,784059E-6
375,700000E-3	8,793355E-6
376,000000E-3	8,801237E-6
376,600000E-3	8,807343E-6
377,200000E-3	8,815015E-6
377,500000E-3	8,825815E-6
378,100000E-3	8,833798E-6
378,600000E-3	8,838715E-6
379,200000E-3	8,842559E-6
379,500000E-3	8,846483E-6
380,000000E-3	8,850780E-6
380,600000E-3	8,855008E-6
381,400000E-3	8,859612E-6
381,800000E-3	8,865241E-6
382,300000E-3	8,870835E-6
382,600000E-3	8,872755E-6
383,200000E-3	8,872249E-6
383,800000E-3	8,876174E-6
384,100000E-3	8,885256E-6
384,100000E-3	8,897465E-6
385,500000E-3	8,910307E-6
385,700000E-3	8,923834E-6
386,600000E-3	8,936487E-6
386,900000E-3	8,948130E-6
387,200000E-3	8,957058E-6
387,900000E-3	8,963589E-6
388,400000E-3	8,967907E-6
389,200000E-3	8,972159E-6
389,500000E-3	8,977417E-6
390,100000E-3	8,983172E-6
390,600000E-3	8,991580E-6
391,000000E-3	9,000396E-6
391,800000E-3	9,007487E-6
392,100000E-3	9,013552E-6
392,700000E-3	9,019219E-6
393,300000E-3	9,024472E-6
393,900000E-3	9,030999E-6
394,100000E-3	9,041793E-6
394,700000E-3	9,055062E-6
395,400000E-3	9,063574E-6
395,400000E-3	9,069741E-6
395,600000E-3	9,075082E-6
396,900000E-3	9,083013E-6
397,100000E-3	9,093850E-6
397,900000E-3	9,101768E-6
398,300000E-3	9,108632E-6
398,600000E-3	9,116141E-6
399,300000E-3	9,121586E-6
399,900000E-3	9,125246E-6
400,500000E-3	9,128132E-6
400,800000E-3	9,132608E-6
401,400000E-3	9,140861E-6
402,000000E-3	9,150289E-6
402,500000E-3	9,156185E-6
402,800000E-3	9,159866E-6
403,700000E-3	9,164725E-6
404,000000E-3	9,173090E-6
404,600000E-3	9,181770E-6
405,200000E-3	9,184502E-6
405,700000E-3	9,182362E-6
406,000000E-3	9,182063E-6
406,500000E-3	9,183654E-6
407,100000E-3	9,184340E-6
407,700000E-3	9,186301E-6
408,100000E-3	9,193285E-6
408,900000E-3	9,205432E-6
409,400000E-3	9,217433E-6
409,700000E-3	9,229301E-6
410,300000E-3	9,240997E-6
410,900000E-3	9,253197E-6
411,500000E-3	9,263698E-6
411,800000E-3	9,268230E-6
412,600000E-3	9,267231E-6
412,900000E-3	9,265008E-6
413,400000E-3	9,267993E-6
414,000000E-3	9,276596E-6
414,600000E-3	9,285905E-6
414,800000E-3	9,294158E-6
415,800000E-3	9,300696E-6
416,100000E-3	9,307983E-6
416,700000E-3	9,314291E-6
417,100000E-3	9,320478E-6
417,700000E-3	9,328799E-6
418,100000E-3	9,339250E-6
418,600000E-3	9,347174E-6
419,200000E-3	9,352722E-6
419,800000E-3	9,360418E-6
420,100000E-3	9,369386E-6
420,700000E-3	9,378489E-6
421,200000E-3	9,390018E-6
421,600000E-3	9,399761E-6
422,200000E-3	9,407282E-6
422,800000E-3	9,413631E-6
423,400000E-3	9,419905E-6
424,000000E-3	9,424355E-6
424,200000E-3	9,427782E-6
425,000000E-3	9,431029E-6
425,800000E-3	9,434690E-6
426,000000E-3	9,435638E-6
426,600000E-3	9,434758E-6
427,100000E-3	9,438149E-6
427,400000E-3	9,446340E-6
428,000000E-3	9,455368E-6
428,600000E-3	9,460259E-6
429,100000E-3	9,463112E-6
429,500000E-3	9,469230E-6
430,300000E-3	9,475723E-6
430,600000E-3	9,479845E-6
431,200000E-3	9,486008E-6
431,700000E-3	9,494671E-6
432,300000E-3	9,502727E-6
432,600000E-3	9,507824E-6
433,200000E-3	9,512165E-6
433,800000E-3	9,520263E-6
434,400000E-3	9,530859E-6
435,000000E-3	9,540753E-6
435,500000E-3	9,548345E-6
435,800000E-3	9,554145E-6
436,300000E-3	9,559372E-6
436,900000E-3	9,564037E-6
437,500000E-3	9,568436E-6
437,800000E-3	9,577257E-6
438,400000E-3	9,589742E-6
438,900000E-3	9,601335E-6
439,500000E-3	9,609879E-6
439,900000E-3	9,615666E-6
440,700000E-3	9,625062E-6
441,000000E-3	9,639362E-6
441,600000E-3	9,650532E-6
442,200000E-3	9,655114E-6
442,500000E-3	9,653808E-6
443,000000E-3	9,650102E-6
443,600000E-3	9,647697E-6
444,200000E-3	9,648057E-6
444,800000E-3	9,650329E-6
445,100000E-3	9,651801E-6
445,900000E-3	9,653249E-6
445,900000E-3	9,656966E-6
446,800000E-3	9,661053E-6
447,000000E-3	9,664194E-6
447,900000E-3	9,670520E-6
448,200000E-3	9,683974E-6
448,800000E-3	9,700003E-6
449,200000E-3	9,718695E-6
449,900000E-3	9,738210E-6
450,200000E-3	9,748908E-6
450,800000E-3	9,748395E-6
451,400000E-3	9,742300E-6
451,900000E-3	9,737813E-6
452,200000E-3	9,738451E-6
452,800000E-3	9,741909E-6
453,100000E-3	9,745520E-6
453,900000E-3	9,752211E-6
454,400000E-3	9,762372E-6
455,300000E-3	9,772343E-6
455,300000E-3	9,781693E-6
456,000000E-3	9,792371E-6
456,200000E-3	9,803421E-6
457,200000E-3	9,810448E-6
457,500000E-3	9,813911E-6
458,100000E-3	9,815660E-6
458,600000E-3	9,816429E-6
458,900000E-3	9,820393E-6
459,800000E-3	9,831490E-6
460,100000E-3	9,846564E-6
460,600000E-3	9,862467E-6
460,900000E-3	9,875092E-6
460,900000E-3	9,880715E-6
462,100000E-3	9,882285E-6
462,600000E-3	9,887701E-6
463,200000E-3	9,898335E-6
463,800000E-3	9,907062E-6
464,100000E-3	9,912838E-6
464,900000E-3	9,920188E-6
465,300000E-3	9,930813E-6
465,800000E-3	9,937438E-6
466,400000E-3	9,936108E-6
467,000000E-3	9,931702E-6
467,300000E-3	9,933408E-6
467,900000E-3	9,940860E-6
468,400000E-3	9,949087E-6
468,900000E-3	9,954772E-6
469,500000E-3	9,962234E-6
470,100000E-3	9,970141E-6
470,500000E-3	9,972367E-6
471,100000E-3	9,974053E-6
471,700000E-3	9,979956E-6
472,300000E-3	9,988201E-6
472,900000E-3	9,996529E-6
473,200000E-3	10,003946E-6
473,700000E-3	10,009104E-6
474,000000E-3	10,015151E-6
475,000000E-3	10,023213E-6
475,300000E-3	10,029143E-6
475,800000E-3	10,038572E-6
476,500000E-3	10,050177E-6
476,700000E-3	10,057315E-6
477,300000E-3	10,059138E-6
477,600000E-3	10,059991E-6
478,300000E-3	10,060316E-6
478,800000E-3	10,060096E-6
479,400000E-3	10,063726E-6
480,000000E-3	10,070753E-6
480,600000E-3	10,079501E-6
481,200000E-3	10,092076E-6
481,400000E-3	10,104196E-6
482,000000E-3	10,110704E-6
482,600000E-3	10,111734E-6
483,100000E-3	10,111400E-6
483,400000E-3	10,111410E-6
484,300000E-3	10,112400E-6
484,600000E-3	10,118679E-6
485,100000E-3	10,135592E-6
485,700000E-3	10,155828E-6
486,300000E-3	10,169974E-6
486,600000E-3	10,178962E-6
487,100000E-3	10,187125E-6
487,700000E-3	10,199062E-6
488,300000E-3	10,210101E-6
488,900000E-3	10,213098E-6
489,500000E-3	10,212192E-6
489,800000E-3	10,213237E-6
490,300000E-3	10,215000E-6
490,900000E-3	10,216753E-6
491,500000E-3	10,219778E-6
492,000000E-3	10,222474E-6
492,300000E-3	10,225989E-6
492,900000E-3	10,233133E-6
493,500000E-3	10,241157E-6
493,800000E-3	10,248489E-6
494,500000E-3	10,258021E-6
494,900000E-3	10,268136E-6
495,500000E-3	10,276769E-6
495,800000E-3	10,285180E-6
496,400000E-3	10,294369E-6
497,000000E-3	10,301522E-6
497,500000E-3	10,305155E-6
497,800000E-3	10,310518E-6
498,500000E-3	10,318832E-6
499,000000E-3	10,327004E-6
499,600000E-3	10,333052E-6
499,900000E-3	10,336674E-6
