-501,000000E-3	10,023918E-6
-501,000000E-3	10,047381E-6
-501,100000E-3	10,054274E-6
-501,200000E-3	10,066018E-6
-501,100000E-3	10,084417E-6
-501,100000E-3	10,104907E-6
-500,800000E-3	10,113679E-6
-500,600000E-3	10,108305E-6
-500,400000E-3	10,100512E-6
-500,000000E-3	10,098654E-6
-499,600000E-3	10,106144E-6
-499,300000E-3	10,114713E-6
-499,000000E-3	10,119534E-6
-498,400000E-3	10,122796E-6
-498,200000E-3	10,120895E-6
-497,700000E-3	10,113476E-6
-497,200000E-3	10,102878E-6
-496,700000E-3	10,095272E-6
-496,400000E-3	10,088438E-6
-495,700000E-3	10,078513E-6
-495,100000E-3	10,061987E-6
-494,900000E-3	10,042489E-6
-494,400000E-3	10,028680E-6
-493,800000E-3	10,023984E-6
-493,300000E-3	10,028704E-6
-492,800000E-3	10,042085E-6
-492,200000E-3	10,049690E-6
-492,000000E-3	10,048554E-6
-491,400000E-3	10,046074E-6
-490,800000E-3	10,043589E-6
-490,600000E-3	10,041560E-6
-489,900000E-3	10,042964E-6
-489,200000E-3	10,045237E-6
-488,900000E-3	10,043609E-6
-488,300000E-3	10,039074E-6
-487,700000E-3	10,033864E-6
-487,200000E-3	10,028026E-6
-486,800000E-3	10,020070E-6
-486,100000E-3	10,016097E-6
-485,500000E-3	10,011011E-6
-485,200000E-3	9,996285E-6
-484,700000E-3	9,971732E-6
-484,100000E-3	9,953097E-6
-483,600000E-3	9,940131E-6
-483,000000E-3	9,934566E-6
-482,400000E-3	9,928451E-6
-481,800000E-3	9,918042E-6
-481,300000E-3	9,906781E-6
-480,700000E-3	9,897874E-6
-480,100000E-3	9,895828E-6
-479,900000E-3	9,898231E-6
-479,000000E-3	9,903160E-6
-478,700000E-3	9,904030E-6
-478,200000E-3	9,898636E-6
-477,600000E-3	9,890373E-6
-477,000000E-3	9,880819E-6
-476,400000E-3	9,869321E-6
-476,100000E-3	9,858849E-6
-475,600000E-3	9,848737E-6
-475,000000E-3	9,840265E-6
-474,400000E-3	9,833049E-6
-473,900000E-3	9,824840E-6
-473,000000E-3	9,807477E-6
-472,400000E-3	9,790153E-6
-471,900000E-3	9,781815E-6
-471,300000E-3	9,783310E-6
-470,700000E-3	9,771833E-6
-470,100000E-3	9,756574E-6
-469,300000E-3	9,741749E-6
-468,700000E-3	9,731510E-6
-468,100000E-3	9,719198E-6
-467,800000E-3	9,706236E-6
-467,200000E-3	9,692021E-6
-466,600000E-3	9,677416E-6
-466,300000E-3	9,665130E-6
-465,800000E-3	9,655646E-6
-464,900000E-3	9,645714E-6
-464,300000E-3	9,635525E-6
-464,100000E-3	9,630514E-6
-463,500000E-3	9,631212E-6
-462,900000E-3	9,633301E-6
-462,600000E-3	9,630893E-6
-462,000000E-3	9,623285E-6
-461,200000E-3	9,613409E-6
-460,800000E-3	9,600505E-6
-460,300000E-3	9,584343E-6
-459,700000E-3	9,569410E-6
-459,400000E-3	9,552856E-6
-458,800000E-3	9,532956E-6
-458,300000E-3	9,514553E-6
-457,700000E-3	9,503719E-6
-457,100000E-3	9,502040E-6
-456,800000E-3	9,503631E-6
-456,000000E-3	9,501494E-6
-455,400000E-3	9,495963E-6
-455,100000E-3	9,489695E-6
-454,600000E-3	9,482466E-6
-453,800000E-3	9,471978E-6
-453,400000E-3	9,458770E-6
-452,800000E-3	9,446289E-6
-452,300000E-3	9,438020E-6
-451,700000E-3	9,431131E-6
-451,400000E-3	9,420368E-6
-450,800000E-3	9,403972E-6
-450,300000E-3	9,388029E-6
-449,700000E-3	9,375475E-6
-449,400000E-3	9,364738E-6
-448,800000E-3	9,354333E-6
-448,200000E-3	9,346187E-6
-447,700000E-3	9,338959E-6
-447,100000E-3	9,335202E-6
-446,600000E-3	9,336805E-6
-446,300000E-3	9,336541E-6
-445,600000E-3	9,328784E-6
-444,800000E-3	9,316203E-6
-444,300000E-3	9,304229E-6
-443,700000E-3	9,297117E-6
-443,400000E-3	9,288473E-6
-442,500000E-3	9,279446E-6
-442,200000E-3	9,271289E-6
-441,600000E-3	9,266618E-6
-441,100000E-3	9,264964E-6
-440,500000E-3	9,265657E-6
-440,200000E-3	9,265012E-6
-439,600000E-3	9,257075E-6
-439,000000E-3	9,239355E-6
-438,500000E-3	9,216908E-6
-438,200000E-3	9,198756E-6
-437,400000E-3	9,191359E-6
-437,100000E-3	9,187006E-6
-436,500000E-3	9,175583E-6
-435,900000E-3	9,160041E-6
-435,600000E-3	9,144555E-6
-435,000000E-3	9,128044E-6
-434,500000E-3	9,112151E-6
-433,900000E-3	9,103421E-6
-433,300000E-3	9,095938E-6
-433,000000E-3	9,084009E-6
-432,200000E-3	9,074620E-6
-431,800000E-3	9,068369E-6
-431,300000E-3	9,060060E-6
-430,800000E-3	9,051219E-6
-430,500000E-3	9,046076E-6
-429,900000E-3	9,046290E-6
-429,300000E-3	9,048623E-6
-428,700000E-3	9,047468E-6
-428,100000E-3	9,041903E-6
-427,800000E-3	9,032355E-6
-427,000000E-3	9,017682E-6
-426,400000E-3	8,997814E-6
-425,800000E-3	8,992003E-6
-425,500000E-3	8,993493E-6
-424,900000E-3	8,997290E-6
-424,100000E-3	8,999354E-6
-423,800000E-3	9,000729E-6
-423,300000E-3	8,999273E-6
-422,700000E-3	8,992736E-6
-422,400000E-3	8,983536E-6
-421,800000E-3	8,974855E-6
-421,100000E-3	8,964339E-6
-420,700000E-3	8,951530E-6
-420,400000E-3	8,938187E-6
-419,500000E-3	8,921695E-6
-419,000000E-3	8,899768E-6
-418,700000E-3	8,889143E-6
-418,100000E-3	8,889753E-6
-417,400000E-3	8,894510E-6
-417,000000E-3	8,898126E-6
-416,700000E-3	8,897590E-6
-415,800000E-3	8,891145E-6
-415,300000E-3	8,874554E-6
-414,700000E-3	8,860559E-6
-414,400000E-3	8,848851E-6
-413,800000E-3	8,841976E-6
-412,900000E-3	8,834870E-6
-412,600000E-3	8,823266E-6
-412,100000E-3	8,807956E-6
-411,500000E-3	8,793764E-6
-411,200000E-3	8,782197E-6
-410,700000E-3	8,774851E-6
-409,800000E-3	8,770100E-6
-409,500000E-3	8,768110E-6
-408,900000E-3	8,765150E-6
-408,300000E-3	8,755858E-6
-407,800000E-3	8,740559E-6
-407,400000E-3	8,727683E-6
-406,900000E-3	8,724087E-6
-406,300000E-3	8,725997E-6
-405,800000E-3	8,729681E-6
-405,500000E-3	8,732973E-6
-404,600000E-3	8,728774E-6
-404,300000E-3	8,713786E-6
-403,700000E-3	8,697779E-6
-403,200000E-3	8,691456E-6
-402,600000E-3	8,689897E-6
-402,000000E-3	8,682216E-6
-401,400000E-3	8,667113E-6
-401,100000E-3	8,656169E-6
-400,400000E-3	8,651096E-6
-400,000000E-3	8,645950E-6
-399,600000E-3	8,642018E-6
-398,900000E-3	8,643000E-6
-398,300000E-3	8,639831E-6
-398,000000E-3	8,627954E-6
-397,400000E-3	8,616989E-6
-396,600000E-3	8,612610E-6
-396,000000E-3	8,608007E-6
-395,700000E-3	8,598847E-6
-395,100000E-3	8,587593E-6
-394,300000E-3	8,568295E-6
-393,700000E-3	8,550052E-6
-393,400000E-3	8,539039E-6
-392,900000E-3	8,532932E-6
-392,300000E-3	8,526651E-6
-392,000000E-3	8,518198E-6
-391,300000E-3	8,508212E-6
-390,600000E-3	8,494218E-6
-389,900000E-3	8,470790E-6
-389,400000E-3	8,462484E-6
-389,100000E-3	8,460844E-6
-388,400000E-3	8,464058E-6
-387,600000E-3	8,466975E-6
-387,300000E-3	8,467595E-6
-386,800000E-3	8,465467E-6
-386,200000E-3	8,460379E-6
-385,700000E-3	8,454493E-6
-385,400000E-3	8,449101E-6
-384,700000E-3	8,442508E-6
-384,100000E-3	8,434162E-6
-383,900000E-3	8,424578E-6
-383,300000E-3	8,411331E-6
-382,700000E-3	8,395594E-6
-382,200000E-3	8,384473E-6
-381,900000E-3	8,375540E-6
-381,200000E-3	8,366205E-6
-380,700000E-3	8,359205E-6
-380,500000E-3	8,354018E-6
-379,600000E-3	8,348422E-6
-379,100000E-3	8,344185E-6
-378,800000E-3	8,338058E-6
-378,200000E-3	8,328675E-6
-377,600000E-3	8,320104E-6
-377,300000E-3	8,311610E-6
-376,700000E-3	8,304380E-6
-375,900000E-3	8,297613E-6
-375,600000E-3	8,288403E-6
-375,000000E-3	8,276576E-6
-374,500000E-3	8,266427E-6
-373,900000E-3	8,259224E-6
-373,500000E-3	8,252008E-6
-373,000000E-3	8,242586E-6
-372,400000E-3	8,234662E-6
-371,900000E-3	8,228511E-6
-371,400000E-3	8,223566E-6
-370,700000E-3	8,218540E-6
-370,400000E-3	8,217237E-6
-369,800000E-3	8,218834E-6
-369,300000E-3	8,219487E-6
-369,000000E-3	8,219437E-6
-368,400000E-3	8,216140E-6
-367,700000E-3	8,207624E-6
-367,300000E-3	8,195799E-6
-366,700000E-3	8,181579E-6
-366,200000E-3	8,168530E-6
-365,600000E-3	8,158024E-6
-365,200000E-3	8,150651E-6
-364,900000E-3	8,143085E-6
-364,200000E-3	8,134840E-6
-363,500000E-3	8,129667E-6
-363,100000E-3	8,125831E-6
-362,900000E-3	8,119859E-6
-362,200000E-3	8,109975E-6
-361,600000E-3	8,098655E-6
-361,000000E-3	8,089738E-6
-360,400000E-3	8,082419E-6
-360,100000E-3	8,075439E-6
-359,400000E-3	8,064348E-6
-359,000000E-3	8,049563E-6
-358,700000E-3	8,033017E-6
-358,100000E-3	8,022172E-6
-357,300000E-3	8,017382E-6
-356,900000E-3	8,012494E-6
-356,600000E-3	8,007015E-6
-356,000000E-3	7,999032E-6
-355,400000E-3	7,983826E-6
-354,800000E-3	7,963348E-6
-354,200000E-3	7,941965E-6
-353,900000E-3	7,921876E-6
-353,200000E-3	7,903278E-6
-352,800000E-3	7,893519E-6
-352,500000E-3	7,890446E-6
-351,900000E-3	7,889019E-6
-351,100000E-3	7,884564E-6
-350,700000E-3	7,876462E-6
-350,100000E-3	7,867505E-6
-349,800000E-3	7,857236E-6
-349,200000E-3	7,849607E-6
-348,600000E-3	7,849609E-6
-348,000000E-3	7,852084E-6
-347,700000E-3	7,849201E-6
-347,100000E-3	7,840184E-6
-346,500000E-3	7,830512E-6
-345,900000E-3	7,822626E-6
-345,600000E-3	7,815949E-6
-345,000000E-3	7,806849E-6
-344,500000E-3	7,794617E-6
-343,900000E-3	7,784896E-6
-343,400000E-3	7,778817E-6
-342,800000E-3	7,770636E-6
-342,500000E-3	7,760294E-6
-341,900000E-3	7,750177E-6
-341,300000E-3	7,740484E-6
-340,700000E-3	7,732614E-6
-340,500000E-3	7,726613E-6
-339,600000E-3	7,721486E-6
-339,300000E-3	7,717986E-6
-339,000000E-3	7,713487E-6
-338,200000E-3	7,703308E-6
-337,600000E-3	7,689558E-6
-337,300000E-3	7,676287E-6
-336,600000E-3	7,665597E-6
-335,800000E-3	7,655402E-6
-335,600000E-3	7,650426E-6
-335,000000E-3	7,649937E-6
-334,500000E-3	7,645883E-6
-333,900000E-3	7,636814E-6
-333,300000E-3	7,624859E-6
-332,800000E-3	7,610915E-6
-332,200000E-3	7,594970E-6
-331,900000E-3	7,578171E-6
-331,300000E-3	7,563839E-6
-330,800000E-3	7,553426E-6
-330,200000E-3	7,548889E-6
-329,600000E-3	7,548583E-6
-329,000000E-3	7,549408E-6
-328,200000E-3	7,546461E-6
-327,900000E-3	7,540092E-6
-327,600000E-3	7,530888E-6
-327,000000E-3	7,519556E-6
-326,200000E-3	7,507043E-6
-325,900000E-3	7,496521E-6
-325,200000E-3	7,483401E-6
-324,500000E-3	7,469305E-6
-324,200000E-3	7,462557E-6
-323,600000E-3	7,459498E-6
-323,000000E-3	7,455289E-6
-322,400000E-3	7,445368E-6
-322,100000E-3	7,431341E-6
-321,600000E-3	7,416580E-6
-321,000000E-3	7,404381E-6
-320,700000E-3	7,394873E-6
-319,900000E-3	7,385791E-6
-319,300000E-3	7,377595E-6
-319,000000E-3	7,371038E-6
-318,400000E-3	7,365080E-6
-317,600000E-3	7,359304E-6
-317,300000E-3	7,355097E-6
-316,700000E-3	7,349826E-6
-316,100000E-3	7,341099E-6
-315,500000E-3	7,329321E-6
-315,200000E-3	7,318016E-6
-314,500000E-3	7,310694E-6
-314,100000E-3	7,304859E-6
-313,600000E-3	7,300577E-6
-313,000000E-3	7,295028E-6
-312,400000E-3	7,284982E-6
-311,900000E-3	7,272537E-6
-311,600000E-3	7,262748E-6
-310,800000E-3	7,253731E-6
-310,100000E-3	7,244754E-6
-309,800000E-3	7,236523E-6
-309,300000E-3	7,226780E-6
-308,700000E-3	7,219041E-6
-308,200000E-3	7,212523E-6
-307,700000E-3	7,200940E-6
-307,000000E-3	7,188371E-6
-306,700000E-3	7,177795E-6
-306,200000E-3	7,168708E-6
-305,600000E-3	7,160181E-6
-305,000000E-3	7,145451E-6
-304,500000E-3	7,132993E-6
-303,900000E-3	7,122908E-6
-303,300000E-3	7,117297E-6
-302,800000E-3	7,113229E-6
-302,500000E-3	7,107102E-6
-301,700000E-3	7,098495E-6
-301,300000E-3	7,087482E-6
-300,800000E-3	7,076809E-6
-300,200000E-3	7,069870E-6
-299,700000E-3	7,068660E-6
-299,000000E-3	7,064901E-6
-298,600000E-3	7,054610E-6
-297,900000E-3	7,042960E-6
-297,600000E-3	7,032966E-6
-297,000000E-3	7,018983E-6
-296,500000E-3	7,003631E-6
-295,900000E-3	6,989206E-6
-295,600000E-3	6,978570E-6
-294,800000E-3	6,972051E-6
-294,500000E-3	6,968050E-6
-293,900000E-3	6,962698E-6
-293,400000E-3	6,955747E-6
-292,800000E-3	6,950655E-6
-292,500000E-3	6,943930E-6
-291,900000E-3	6,933853E-6
-291,400000E-3	6,924619E-6
-291,100000E-3	6,918560E-6
-290,200000E-3	6,913256E-6
-289,700000E-3	6,904330E-6
-289,400000E-3	6,891978E-6
-288,800000E-3	6,882357E-6
-288,300000E-3	6,878450E-6
-287,700000E-3	6,874809E-6
-287,300000E-3	6,867991E-6
-286,500000E-3	6,857991E-6
-286,000000E-3	6,844956E-6
-285,700000E-3	6,834932E-6
-285,100000E-3	6,824275E-6
-284,500000E-3	6,814500E-6
-284,200000E-3	6,806668E-6
-283,400000E-3	6,801695E-6
-283,100000E-3	6,798223E-6
-282,500000E-3	6,793763E-6
-282,000000E-3	6,785588E-6
-281,400000E-3	6,775037E-6
-281,100000E-3	6,764278E-6
-280,500000E-3	6,753389E-6
-279,700000E-3	6,740600E-6
-279,100000E-3	6,725954E-6
-278,800000E-3	6,715340E-6
-278,200000E-3	6,708936E-6
-277,700000E-3	6,703500E-6
-277,400000E-3	6,694937E-6
-276,700000E-3	6,681343E-6
-276,000000E-3	6,666920E-6
-275,400000E-3	6,654835E-6
-275,100000E-3	6,646962E-6
-274,500000E-3	6,641289E-6
-274,000000E-3	6,637693E-6
-273,400000E-3	6,634880E-6
-272,800000E-3	6,630514E-6
-272,300000E-3	6,624815E-6
-271,700000E-3	6,616914E-6
-271,500000E-3	6,608599E-6
-270,600000E-3	6,600524E-6
-270,300000E-3	6,592731E-6
-269,700000E-3	6,584048E-6
-269,100000E-3	6,572694E-6
-268,600000E-3	6,558293E-6
-268,300000E-3	6,543912E-6
-267,700000E-3	6,528301E-6
-266,900000E-3	6,514824E-6
-266,600000E-3	6,505960E-6
-266,000000E-3	6,494068E-6
-265,400000E-3	6,480390E-6
-264,900000E-3	6,465598E-6
-264,600000E-3	6,454252E-6
-263,800000E-3	6,446544E-6
-263,200000E-3	6,437880E-6
-262,900000E-3	6,428618E-6
-262,300000E-3	6,415578E-6
-261,800000E-3	6,405283E-6
-261,200000E-3	6,396491E-6
-260,900000E-3	6,390041E-6
-260,000000E-3	6,383696E-6
-259,800000E-3	6,375183E-6
-259,300000E-3	6,365484E-6
-258,600000E-3	6,357246E-6
-258,000000E-3	6,351609E-6
-257,800000E-3	6,342177E-6
-256,900000E-3	6,328417E-6
-256,600000E-3	6,317121E-6
-256,100000E-3	6,307070E-6
-255,500000E-3	6,297479E-6
-254,900000E-3	6,288584E-6
-254,600000E-3	6,279775E-6
-254,000000E-3	6,270566E-6
-253,400000E-3	6,260951E-6
-253,100000E-3	6,250390E-6
-252,300000E-3	6,241565E-6
-251,700000E-3	6,235562E-6
-251,400000E-3	6,230664E-6
-250,800000E-3	6,224406E-6
-250,300000E-3	6,214728E-6
-250,000000E-3	6,201373E-6
-249,400000E-3	6,187483E-6
-248,500000E-3	6,178236E-6
-248,200000E-3	6,170679E-6
-247,700000E-3	6,162809E-6
-247,100000E-3	6,154910E-6
-246,500000E-3	6,148331E-6
-246,200000E-3	6,142902E-6
-245,400000E-3	6,135561E-6
-245,100000E-3	6,126569E-6
-244,500000E-3	6,119227E-6
-244,000000E-3	6,113471E-6
-243,400000E-3	6,107792E-6
-243,100000E-3	6,101368E-6
-242,600000E-3	6,094919E-6
-242,000000E-3	6,091754E-6
-241,400000E-3	6,090263E-6
-240,800000E-3	6,084159E-6
-240,300000E-3	6,078227E-6
-239,700000E-3	6,072721E-6
-239,400000E-3	6,062331E-6
-238,500000E-3	6,049952E-6
-238,200000E-3	6,036672E-6
-237,700000E-3	6,026248E-6
-237,100000E-3	6,018266E-6
-236,500000E-3	6,012417E-6
-236,200000E-3	6,005807E-6
-235,700000E-3	5,996040E-6
-235,100000E-3	5,984612E-6
-234,500000E-3	5,974502E-6
-233,900000E-3	5,965935E-6
-233,400000E-3	5,958512E-6
-232,800000E-3	5,949149E-6
-232,500000E-3	5,936908E-6
-231,900000E-3	5,922520E-6
-231,300000E-3	5,909968E-6
-230,800000E-3	5,899420E-6
-230,300000E-3	5,882081E-6
-229,700000E-3	5,865397E-6
-229,100000E-3	5,854461E-6
-228,800000E-3	5,846035E-6
-227,900000E-3	5,839522E-6
-227,700000E-3	5,834612E-6
-227,100000E-3	5,826131E-6
-226,500000E-3	5,814706E-6
-225,900000E-3	5,804855E-6
-225,700000E-3	5,795702E-6
-225,100000E-3	5,787503E-6
-224,600000E-3	5,777753E-6
-224,000000E-3	5,765573E-6
-223,400000E-3	5,751498E-6
-222,800000E-3	5,738438E-6
-222,200000E-3	5,727932E-6
-221,900000E-3	5,721210E-6
-221,200000E-3	5,717192E-6
-220,500000E-3	5,710420E-6
-219,900000E-3	5,705193E-6
-219,600000E-3	5,698340E-6
-219,000000E-3	5,691534E-6
-218,300000E-3	5,685540E-6
-218,000000E-3	5,675790E-6
-217,400000E-3	5,659985E-6
-216,800000E-3	5,644414E-6
-216,200000E-3	5,631611E-6
-216,000000E-3	5,624011E-6
-215,200000E-3	5,619943E-6
-214,800000E-3	5,613913E-6
-214,300000E-3	5,602660E-6
-213,700000E-3	5,589746E-6
-213,100000E-3	5,580122E-6
-212,800000E-3	5,575538E-6
-212,300000E-3	5,568864E-6
-211,700000E-3	5,558849E-6
-211,100000E-3	5,548607E-6
-210,500000E-3	5,540671E-6
-210,000000E-3	5,534705E-6
-209,700000E-3	5,526101E-6
-209,100000E-3	5,513770E-6
-208,500000E-3	5,503425E-6
-207,900000E-3	5,496376E-6
-207,700000E-3	5,488971E-6
-206,800000E-3	5,479031E-6
-206,300000E-3	5,461382E-6
-206,000000E-3	5,445157E-6
-205,300000E-3	5,432736E-6
-204,500000E-3	5,420719E-6
-203,900000E-3	5,409730E-6
-203,700000E-3	5,405019E-6
-203,000000E-3	5,398837E-6
-202,600000E-3	5,389331E-6
-202,000000E-3	5,381730E-6
-201,600000E-3	5,377866E-6
-201,200000E-3	5,372637E-6
-200,600000E-3	5,365948E-6
-200,000000E-3	5,362844E-6
-199,200000E-3	5,357219E-6
-198,800000E-3	5,344433E-6
-198,300000E-3	5,329926E-6
-197,700000E-3	5,318475E-6
-197,100000E-3	5,309590E-6
-196,800000E-3	5,296633E-6
-196,100000E-3	5,280555E-6
-195,700000E-3	5,265561E-6
-195,100000E-3	5,256514E-6
-194,800000E-3	5,253009E-6
-194,000000E-3	5,248690E-6
-193,400000E-3	5,237628E-6
-193,100000E-3	5,222424E-6
-192,500000E-3	5,209053E-6
-192,000000E-3	5,199093E-6
-191,400000E-3	5,190008E-6
-190,800000E-3	5,180104E-6
-190,200000E-3	5,170643E-6
-189,700000E-3	5,157280E-6
-189,400000E-3	5,144023E-6
-188,700000E-3	5,134546E-6
-188,300000E-3	5,127882E-6
-188,000000E-3	5,121533E-6
-187,200000E-3	5,111589E-6
-186,500000E-3	5,098182E-6
-186,300000E-3	5,085413E-6
-185,700000E-3	5,074842E-6
-185,100000E-3	5,066487E-6
-184,500000E-3	5,059450E-6
-184,200000E-3	5,052294E-6
-183,700000E-3	5,043687E-6
-183,100000E-3	5,035899E-6
-182,600000E-3	5,025778E-6
-182,000000E-3	5,014433E-6
-181,400000E-3	5,004944E-6
-181,100000E-3	4,996989E-6
-180,500000E-3	4,990249E-6
-180,000000E-3	4,982909E-6
-179,400000E-3	4,972851E-6
-178,800000E-3	4,962316E-6
-178,200000E-3	4,950074E-6
-178,000000E-3	4,937525E-6
-177,400000E-3	4,922101E-6
-176,800000E-3	4,906826E-6
-176,300000E-3	4,898401E-6
-175,900000E-3	4,893319E-6
-175,100000E-3	4,884089E-6
-174,800000E-3	4,870627E-6
-174,200000E-3	4,854209E-6
-173,700000E-3	4,845165E-6
-173,100000E-3	4,837106E-6
-172,600000E-3	4,830355E-6
-172,000000E-3	4,820516E-6
-171,400000E-3	4,810887E-6
-170,900000E-3	4,799507E-6
-170,300000E-3	4,790683E-6
-169,800000E-3	4,778704E-6
-169,100000E-3	4,764286E-6
-168,900000E-3	4,753195E-6
-168,300000E-3	4,744443E-6
-167,600000E-3	4,735206E-6
-167,100000E-3	4,727155E-6
-166,900000E-3	4,721096E-6
-166,000000E-3	4,713815E-6
-165,500000E-3	4,701333E-6
-165,200000E-3	4,689552E-6
-164,400000E-3	4,676865E-6
-163,700000E-3	4,661442E-6
-163,400000E-3	4,650332E-6
-162,800000E-3	4,642534E-6
-162,300000E-3	4,634286E-6
-162,000000E-3	4,623762E-6
-161,400000E-3	4,612974E-6
-160,800000E-3	4,603521E-6
-160,000000E-3	4,591194E-6
-159,500000E-3	4,584321E-6
-158,900000E-3	4,579369E-6
-158,400000E-3	4,571980E-6
-157,700000E-3	4,559808E-6
-157,400000E-3	4,548220E-6
-157,100000E-3	4,537801E-6
-156,300000E-3	4,527686E-6
-155,700000E-3	4,516283E-6
-155,400000E-3	4,504453E-6
-154,600000E-3	4,493995E-6
-154,300000E-3	4,482721E-6
-153,700000E-3	4,471635E-6
-153,200000E-3	4,462314E-6
-152,600000E-3	4,452545E-6
-152,300000E-3	4,441408E-6
-151,700000E-3	4,432333E-6
-151,100000E-3	4,427127E-6
-150,800000E-3	4,422415E-6
-150,300000E-3	4,413542E-6
-149,700000E-3	4,402428E-6
-149,100000E-3	4,392656E-6
-148,500000E-3	4,383641E-6
-148,000000E-3	4,374764E-6
-147,700000E-3	4,363949E-6
-147,200000E-3	4,351012E-6
-146,400000E-3	4,336669E-6
-146,000000E-3	4,327454E-6
-145,400000E-3	4,322046E-6
-144,900000E-3	4,316358E-6
-144,300000E-3	4,307675E-6
-144,000000E-3	4,296189E-6
-143,400000E-3	4,280353E-6
-142,900000E-3	4,266340E-6
-142,300000E-3	4,256809E-6
-141,700000E-3	4,250217E-6
-141,100000E-3	4,243148E-6
-140,900000E-3	4,232666E-6
-140,300000E-3	4,221287E-6
-139,700000E-3	4,210449E-6
-139,100000E-3	4,198910E-6
-138,900000E-3	4,187183E-6
-138,000000E-3	4,177555E-6
-137,700000E-3	4,171210E-6
-137,100000E-3	4,165163E-6
-136,400000E-3	4,153481E-6
-136,000000E-3	4,138821E-6
-135,400000E-3	4,125615E-6
-134,900000E-3	4,109750E-6
-134,300000E-3	4,097691E-6
-133,700000E-3	4,087008E-6
-133,100000E-3	4,078151E-6
-132,800000E-3	4,069576E-6
-132,000000E-3	4,060817E-6
-131,700000E-3	4,049688E-6
-131,200000E-3	4,037869E-6
-130,600000E-3	4,028048E-6
-130,000000E-3	4,019371E-6
-129,700000E-3	4,010142E-6
-129,000000E-3	4,001677E-6
-128,300000E-3	3,991524E-6
-128,000000E-3	3,982737E-6
-127,400000E-3	3,975123E-6
-126,900000E-3	3,966745E-6
-126,300000E-3	3,955611E-6
-126,000000E-3	3,944016E-6
-125,200000E-3	3,934176E-6
-124,900000E-3	3,925650E-6
-124,200000E-3	3,917301E-6
-123,700000E-3	3,907583E-6
-123,200000E-3	3,897903E-6
-122,900000E-3	3,891242E-6
-122,300000E-3	3,884907E-6
-121,700000E-3	3,875089E-6
-121,100000E-3	3,866204E-6
-120,600000E-3	3,858197E-6
-120,100000E-3	3,845372E-6
-119,400000E-3	3,830180E-6
-119,100000E-3	3,814745E-6
-118,600000E-3	3,804588E-6
-118,000000E-3	3,799330E-6
-117,400000E-3	3,794132E-6
-117,100000E-3	3,787191E-6
-116,300000E-3	3,778963E-6
-115,700000E-3	3,762724E-6
-115,100000E-3	3,753212E-6
-114,900000E-3	3,745231E-6
-114,200000E-3	3,736452E-6
-113,700000E-3	3,726695E-6
-113,200000E-3	3,719128E-6
-112,500000E-3	3,712585E-6
-112,000000E-3	3,702620E-6
-111,600000E-3	3,689603E-6
-111,100000E-3	3,676955E-6
-110,500000E-3	3,662995E-6
-109,600000E-3	3,657180E-6
-109,300000E-3	3,653772E-6
-108,800000E-3	3,647693E-6
-108,200000E-3	3,636827E-6
-107,700000E-3	3,626899E-6
-107,400000E-3	3,618129E-6
-106,800000E-3	3,608091E-6
-106,200000E-3	3,594755E-6
-105,600000E-3	3,578969E-6
-105,300000E-3	3,565130E-6
-104,500000E-3	3,554097E-6
-104,200000E-3	3,547044E-6
-103,600000E-3	3,541623E-6
-103,000000E-3	3,534006E-6
-102,400000E-3	3,524573E-6
-102,200000E-3	3,514266E-6
-101,600000E-3	3,505423E-6
-101,000000E-3	3,499140E-6
-100,400000E-3	3,492271E-6
-100,000000E-3	3,485414E-6
-99,300000E-3	3,480335E-6
-98,800000E-3	3,470433E-6
-98,200000E-3	3,459860E-6
-97,600000E-3	3,450791E-6
-97,100000E-3	3,446674E-6
-96,400000E-3	3,444351E-6
-96,100000E-3	3,437675E-6
-95,600000E-3	3,425314E-6
-94,700000E-3	3,412510E-6
-94,100000E-3	3,395044E-6
-93,500000E-3	3,384777E-6
-93,200000E-3	3,371857E-6
-92,600000E-3	3,361592E-6
-91,900000E-3	3,353582E-6
-91,200000E-3	3,345058E-6
-90,700000E-3	3,338762E-6
-90,400000E-3	3,327950E-6
-89,500000E-3	3,317914E-6
-88,900000E-3	3,309149E-6
-88,400000E-3	3,292764E-6
-87,700000E-3	3,281374E-6
-87,200000E-3	3,269024E-6
-86,600000E-3	3,259116E-6
-86,000000E-3	3,252422E-6
-85,800000E-3	3,248312E-6
-85,100000E-3	3,243549E-6
-84,600000E-3	3,236573E-6
-84,000000E-3	3,228856E-6
-83,700000E-3	3,220427E-6
-83,000000E-3	3,211000E-6
-82,500000E-3	3,201471E-6
-82,300000E-3	3,192779E-6
-81,400000E-3	3,183775E-6
-80,900000E-3	3,174630E-6
-80,600000E-3	3,167043E-6
-80,000000E-3	3,158238E-6
-79,300000E-3	3,149553E-6
-78,800000E-3	3,139643E-6
-78,300000E-3	3,132328E-6
-77,700000E-3	3,121035E-6
-77,100000E-3	3,108608E-6
-76,900000E-3	3,100140E-6
-76,200000E-3	3,095806E-6
-75,700000E-3	3,091906E-6
-75,100000E-3	3,085809E-6
-74,800000E-3	3,079453E-6
-74,100000E-3	3,071564E-6
-73,400000E-3	3,061793E-6
-73,000000E-3	3,056281E-6
-72,500000E-3	3,053399E-6
-71,900000E-3	3,051676E-6
-71,700000E-3	3,047858E-6
-71,100000E-3	3,039760E-6
-70,400000E-3	3,031868E-6
-69,600000E-3	3,024522E-6
-69,300000E-3	3,020810E-6
-68,700000E-3	3,018828E-6
-68,200000E-3	3,014597E-6
-67,600000E-3	3,006398E-6
-67,300000E-3	2,997084E-6
-66,500000E-3	2,987690E-6
-65,900000E-3	2,978450E-6
-65,600000E-3	2,972658E-6
-65,000000E-3	2,966833E-6
-64,400000E-3	2,959613E-6
-64,200000E-3	2,948611E-6
-63,600000E-3	2,938332E-6
-62,700000E-3	2,933126E-6
-62,500000E-3	2,930073E-6
-61,800000E-3	2,924831E-6
-61,300000E-3	2,918849E-6
-60,700000E-3	2,914119E-6
-60,400000E-3	2,908295E-6
-59,900000E-3	2,900017E-6
-59,300000E-3	2,892898E-6
-58,700000E-3	2,888676E-6
-58,400000E-3	2,884876E-6
-57,600000E-3	2,881159E-6
-57,300000E-3	2,880626E-6
-56,700000E-3	2,879233E-6
-56,100000E-3	2,872834E-6
-55,500000E-3	2,862539E-6
-55,200000E-3	2,851252E-6
-54,600000E-3	2,839217E-6
-54,100000E-3	2,829979E-6
-53,500000E-3	2,825216E-6
-53,000000E-3	2,820379E-6
-52,400000E-3	2,813975E-6
-52,100000E-3	2,808742E-6
-51,500000E-3	2,804365E-6
-50,900000E-3	2,798788E-6
-50,400000E-3	2,791686E-6
-49,800000E-3	2,783647E-6
-49,500000E-3	2,776467E-6
-48,900000E-3	2,768846E-6
-48,300000E-3	2,763469E-6
-47,800000E-3	2,759443E-6
-47,200000E-3	2,755072E-6
-46,600000E-3	2,751230E-6
-46,000000E-3	2,745992E-6
-45,700000E-3	2,739035E-6
-44,900000E-3	2,732397E-6
-44,400000E-3	2,728732E-6
-44,100000E-3	2,724590E-6
-43,500000E-3	2,717461E-6
-42,900000E-3	2,710465E-6
-42,300000E-3	2,704910E-6
-42,000000E-3	2,703269E-6
-41,300000E-3	2,702501E-6
-40,900000E-3	2,698029E-6
-40,600000E-3	2,689630E-6
-39,800000E-3	2,679471E-6
-39,200000E-3	2,673171E-6
-38,900000E-3	2,670013E-6
-38,300000E-3	2,667532E-6
-37,700000E-3	2,664747E-6
-37,200000E-3	2,662339E-6
-36,900000E-3	2,660290E-6
-36,000000E-3	2,657774E-6
-35,500000E-3	2,654836E-6
-35,200000E-3	2,651614E-6
-34,600000E-3	2,645696E-6
-34,000000E-3	2,639414E-6
-33,700000E-3	2,636279E-6
-33,200000E-3	2,634916E-6
-32,600000E-3	2,633291E-6
-32,000000E-3	2,628901E-6
-31,700000E-3	2,620110E-6
-30,900000E-3	2,611636E-6
-30,600000E-3	2,608873E-6
-30,000000E-3	2,607458E-6
-29,400000E-3	2,600317E-6
-28,900000E-3	2,592018E-6
-28,300000E-3	2,587658E-6
-28,000000E-3	2,585841E-6
-27,100000E-3	2,584292E-6
-26,900000E-3	2,584133E-6
-26,300000E-3	2,586190E-6
-25,700000E-3	2,586903E-6
-25,100000E-3	2,584700E-6
-24,800000E-3	2,580036E-6
-24,200000E-3	2,575252E-6
-23,700000E-3	2,574675E-6
-23,100000E-3	2,576684E-6
-22,700000E-3	2,575423E-6
-22,000000E-3	2,570935E-6
-21,700000E-3	2,565370E-6
-21,100000E-3	2,559537E-6
-20,500000E-3	2,556820E-6
-19,900000E-3	2,555969E-6
-19,600000E-3	2,556691E-6
-18,900000E-3	2,556185E-6
-18,200000E-3	2,553199E-6
-17,700000E-3	2,552620E-6
-17,100000E-3	2,554027E-6
-16,800000E-3	2,551737E-6
-16,200000E-3	2,547830E-6
-15,600000E-3	2,545965E-6
-15,300000E-3	2,545211E-6
-14,500000E-3	2,546194E-6
-14,200000E-3	2,549090E-6
-13,600000E-3	2,548581E-6
-13,100000E-3	2,543799E-6
-12,500000E-3	2,539071E-6
-12,200000E-3	2,534191E-6
-11,600000E-3	2,530978E-6
-11,000000E-3	2,530379E-6
-10,400000E-3	2,527390E-6
-10,000000E-3	2,522708E-6
-9,300000E-3	2,519908E-6
-8,700000E-3	2,520489E-6
-8,400000E-3	2,523326E-6
-7,700000E-3	2,523242E-6
-7,100000E-3	2,520553E-6
-6,800000E-3	2,521601E-6
-6,200000E-3	2,528617E-6
-5,600000E-3	2,531012E-6
-5,000000E-3	2,530507E-6
-4,400000E-3	2,528512E-6
-4,000000E-3	2,525684E-6
-3,300000E-3	2,524686E-6
-2,700000E-3	2,527865E-6
-2,400000E-3	2,530773E-6
-1,700000E-3	2,530406E-6
-1,100000E-3	2,527454E-6
-800,000000E-6	2,522776E-6
-200,000000E-6	2,516818E-6
600,000000E-6	2,513377E-6
1,200000E-3	2,511213E-6
1,800000E-3	2,509033E-6
2,400000E-3	2,508094E-6
2,900000E-3	2,509591E-6
3,500000E-3	2,514028E-6
4,100000E-3	2,519442E-6
4,400000E-3	2,521438E-6
5,100000E-3	2,522293E-6
5,600000E-3	2,522772E-6
6,100000E-3	2,524661E-6
6,600000E-3	2,526875E-6
7,300000E-3	2,528131E-6
7,600000E-3	2,526408E-6
8,100000E-3	2,524682E-6
8,700000E-3	2,526776E-6
9,300000E-3	2,531793E-6
9,600000E-3	2,536109E-6
10,400000E-3	2,538617E-6
11,000000E-3	2,539771E-6
11,600000E-3	2,541391E-6
11,900000E-3	2,542438E-6
12,400000E-3	2,543798E-6
13,000000E-3	2,546620E-6
13,600000E-3	2,549626E-6
14,000000E-3	2,553239E-6
14,200000E-3	2,557681E-6
15,200000E-3	2,561011E-6
15,700000E-3	2,562941E-6
16,300000E-3	2,562569E-6
16,600000E-3	2,559758E-6
17,200000E-3	2,560365E-6
17,600000E-3	2,564700E-6
18,300000E-3	2,569448E-6
18,900000E-3	2,573977E-6
19,200000E-3	2,579458E-6
19,900000E-3	2,584071E-6
20,600000E-3	2,584483E-6
20,600000E-3	2,582186E-6
21,500000E-3	2,580361E-6
22,100000E-3	2,582462E-6
22,400000E-3	2,587074E-6
22,900000E-3	2,592931E-6
23,500000E-3	2,599134E-6
24,100000E-3	2,603439E-6
24,700000E-3	2,608021E-6
25,000000E-3	2,612551E-6
25,600000E-3	2,615541E-6
26,100000E-3	2,616940E-6
26,400000E-3	2,616906E-6
27,300000E-3	2,616996E-6
27,900000E-3	2,616099E-6
28,100000E-3	2,615663E-6
28,500000E-3	2,619467E-6
29,100000E-3	2,625071E-6
29,700000E-3	2,629133E-6
30,300000E-3	2,631029E-6
30,900000E-3	2,632592E-6
31,500000E-3	2,634633E-6
31,700000E-3	2,636185E-6
32,300000E-3	2,638361E-6
32,900000E-3	2,641530E-6
33,500000E-3	2,643784E-6
33,900000E-3	2,644607E-6
34,600000E-3	2,648658E-6
34,800000E-3	2,657474E-6
35,400000E-3	2,667000E-6
36,000000E-3	2,672109E-6
36,600000E-3	2,672056E-6
36,900000E-3	2,673930E-6
37,600000E-3	2,679193E-6
38,300000E-3	2,682519E-6
38,600000E-3	2,686214E-6
39,200000E-3	2,691660E-6
39,800000E-3	2,695039E-6
40,300000E-3	2,694597E-6
40,600000E-3	2,696532E-6
41,200000E-3	2,702829E-6
41,800000E-3	2,711854E-6
42,300000E-3	2,722192E-6
42,800000E-3	2,732757E-6
43,500000E-3	2,739651E-6
43,800000E-3	2,740371E-6
44,300000E-3	2,740230E-6
44,900000E-3	2,741427E-6
45,500000E-3	2,745293E-6
45,800000E-3	2,753060E-6
46,500000E-3	2,760371E-6
46,700000E-3	2,766027E-6
47,600000E-3	2,769804E-6
47,900000E-3	2,771721E-6
48,700000E-3	2,774594E-6
49,100000E-3	2,779140E-6
49,600000E-3	2,783478E-6
50,100000E-3	2,789797E-6
50,800000E-3	2,797492E-6
51,400000E-3	2,804402E-6
51,900000E-3	2,809111E-6
52,400000E-3	2,813680E-6
53,100000E-3	2,819911E-6
53,400000E-3	2,827241E-6
53,900000E-3	2,835162E-6
54,500000E-3	2,840281E-6
55,100000E-3	2,842449E-6
55,400000E-3	2,845332E-6
56,100000E-3	2,848716E-6
56,800000E-3	2,858486E-6
57,400000E-3	2,870417E-6
57,600000E-3	2,881495E-6
58,200000E-3	2,892497E-6
58,800000E-3	2,901319E-6
59,100000E-3	2,906687E-6
59,900000E-3	2,910633E-6
60,400000E-3	2,916219E-6
61,000000E-3	2,923482E-6
61,300000E-3	2,929825E-6
61,900000E-3	2,935260E-6
62,600000E-3	2,942402E-6
63,100000E-3	2,948577E-6
63,300000E-3	2,956292E-6
64,100000E-3	2,968215E-6
64,500000E-3	2,978411E-6
64,900000E-3	2,984697E-6
65,600000E-3	2,991526E-6
66,200000E-3	2,999912E-6
66,400000E-3	3,007429E-6
67,100000E-3	3,013878E-6
67,600000E-3	3,020852E-6
67,900000E-3	3,028915E-6
68,600000E-3	3,036791E-6
69,300000E-3	3,042899E-6
69,600000E-3	3,050802E-6
70,200000E-3	3,061561E-6
70,800000E-3	3,072126E-6
71,400000E-3	3,080942E-6
71,700000E-3	3,089944E-6
72,300000E-3	3,097094E-6
73,100000E-3	3,102517E-6
73,400000E-3	3,106563E-6
74,000000E-3	3,110946E-6
74,300000E-3	3,116123E-6
75,000000E-3	3,123688E-6
75,600000E-3	3,132711E-6
76,200000E-3	3,140296E-6
76,600000E-3	3,148557E-6
77,000000E-3	3,156885E-6
77,500000E-3	3,162576E-6
78,100000E-3	3,167546E-6
78,700000E-3	3,174217E-6
79,300000E-3	3,182723E-6
79,900000E-3	3,193583E-6
80,200000E-3	3,204358E-6
80,900000E-3	3,215739E-6
81,500000E-3	3,224890E-6
82,100000E-3	3,234395E-6
82,300000E-3	3,244143E-6
82,900000E-3	3,253903E-6
83,500000E-3	3,260199E-6
84,200000E-3	3,264532E-6
84,400000E-3	3,271924E-6
84,700000E-3	3,282028E-6
85,000000E-3	3,291863E-6
86,100000E-3	3,300786E-6
86,500000E-3	3,309091E-6
87,200000E-3	3,313956E-6
87,500000E-3	3,316339E-6
88,100000E-3	3,321532E-6
88,700000E-3	3,331999E-6
89,300000E-3	3,344692E-6
89,600000E-3	3,353074E-6
90,100000E-3	3,358820E-6
90,600000E-3	3,368007E-6
91,400000E-3	3,375723E-6
91,700000E-3	3,381551E-6
92,300000E-3	3,387205E-6
92,600000E-3	3,392820E-6
93,200000E-3	3,400462E-6
93,800000E-3	3,411279E-6
94,400000E-3	3,423467E-6
94,700000E-3	3,432674E-6
95,300000E-3	3,439645E-6
95,900000E-3	3,447480E-6
96,500000E-3	3,455693E-6
97,100000E-3	3,464536E-6
97,400000E-3	3,474455E-6
98,100000E-3	3,482984E-6
98,600000E-3	3,490313E-6
99,200000E-3	3,498640E-6
99,500000E-3	3,509156E-6
100,200000E-3	3,518301E-6
100,500000E-3	3,525928E-6
101,200000E-3	3,533714E-6
101,700000E-3	3,542803E-6
102,300000E-3	3,553003E-6
102,500000E-3	3,564547E-6
103,200000E-3	3,576411E-6
103,800000E-3	3,584558E-6
104,400000E-3	3,590751E-6
104,700000E-3	3,599228E-6
105,300000E-3	3,609412E-6
105,900000E-3	3,619512E-6
106,500000E-3	3,629232E-6
106,900000E-3	3,639551E-6
107,500000E-3	3,648922E-6
108,300000E-3	3,657598E-6
108,600000E-3	3,664828E-6
109,200000E-3	3,674926E-6
109,800000E-3	3,687513E-6
110,100000E-3	3,697931E-6
110,700000E-3	3,706152E-6
111,300000E-3	3,713177E-6
111,900000E-3	3,721128E-6
112,200000E-3	3,727381E-6
112,800000E-3	3,732285E-6
113,400000E-3	3,740306E-6
114,100000E-3	3,750831E-6
114,600000E-3	3,763747E-6
115,200000E-3	3,784443E-6
115,800000E-3	3,795416E-6
116,200000E-3	3,801893E-6
116,700000E-3	3,808846E-6
117,400000E-3	3,816670E-6
117,600000E-3	3,823878E-6
118,300000E-3	3,828612E-6
118,800000E-3	3,833107E-6
119,500000E-3	3,840359E-6
120,100000E-3	3,851751E-6
120,400000E-3	3,863131E-6
120,700000E-3	3,873562E-6
121,000000E-3	3,884306E-6
121,900000E-3	3,894138E-6
121,900000E-3	3,902673E-6
122,900000E-3	3,911913E-6
123,400000E-3	3,921669E-6
124,000000E-3	3,932806E-6
124,300000E-3	3,944134E-6
124,900000E-3	3,953341E-6
125,500000E-3	3,961800E-6
126,100000E-3	3,971915E-6
126,400000E-3	3,982403E-6
126,900000E-3	3,991029E-6
127,500000E-3	3,999905E-6
128,200000E-3	4,010383E-6
128,500000E-3	4,020596E-6
128,800000E-3	4,030435E-6
129,400000E-3	4,042303E-6
130,000000E-3	4,055108E-6
130,600000E-3	4,064022E-6
131,200000E-3	4,070054E-6
131,500000E-3	4,078340E-6
132,100000E-3	4,089721E-6
132,700000E-3	4,100497E-6
133,100000E-3	4,109912E-6
133,700000E-3	4,120876E-6
134,200000E-3	4,132305E-6
134,500000E-3	4,140511E-6
135,200000E-3	4,146861E-6
135,800000E-3	4,152518E-6
136,100000E-3	4,159946E-6
136,700000E-3	4,171783E-6
137,300000E-3	4,185857E-6
137,900000E-3	4,199946E-6
138,200000E-3	4,213557E-6
138,800000E-3	4,224197E-6
139,200000E-3	4,234480E-6
140,000000E-3	4,242676E-6
140,300000E-3	4,249176E-6
140,900000E-3	4,257299E-6
141,200000E-3	4,266629E-6
141,800000E-3	4,275533E-6
142,400000E-3	4,284108E-6
143,000000E-3	4,292868E-6
143,300000E-3	4,300934E-6
143,900000E-3	4,308406E-6
144,500000E-3	4,316947E-6
145,100000E-3	4,328094E-6
145,400000E-3	4,339108E-6
146,000000E-3	4,348251E-6
146,600000E-3	4,356497E-6
147,200000E-3	4,365116E-6
147,500000E-3	4,375399E-6
148,100000E-3	4,386620E-6
148,600000E-3	4,398759E-6
149,300000E-3	4,410147E-6
149,600000E-3	4,419978E-6
150,200000E-3	4,427220E-6
150,500000E-3	4,434873E-6
151,100000E-3	4,445171E-6
151,700000E-3	4,458027E-6
152,400000E-3	4,469703E-6
152,700000E-3	4,479675E-6
153,300000E-3	4,486708E-6
153,900000E-3	4,493381E-6
154,500000E-3	4,501626E-6
154,800000E-3	4,509855E-6
155,400000E-3	4,514776E-6
156,000000E-3	4,519864E-6
156,600000E-3	4,530084E-6
157,200000E-3	4,543644E-6
157,500000E-3	4,560054E-6
158,100000E-3	4,572367E-6
158,400000E-3	4,581344E-6
159,200000E-3	4,591712E-6
159,600000E-3	4,603522E-6
160,200000E-3	4,612906E-6
160,500000E-3	4,617128E-6
161,100000E-3	4,621538E-6
161,700000E-3	4,632182E-6
162,000000E-3	4,646653E-6
162,600000E-3	4,657155E-6
163,200000E-3	4,664269E-6
163,800000E-3	4,671132E-6
164,200000E-3	4,679003E-6
164,800000E-3	4,690251E-6
165,100000E-3	4,704222E-6
165,700000E-3	4,715320E-6
166,300000E-3	4,721651E-6
166,900000E-3	4,726821E-6
167,200000E-3	4,733067E-6
167,800000E-3	4,738626E-6
168,400000E-3	4,744106E-6
169,000000E-3	4,754652E-6
169,300000E-3	4,767399E-6
169,900000E-3	4,778777E-6
170,800000E-3	4,788628E-6
171,000000E-3	4,798792E-6
171,600000E-3	4,809116E-6
172,300000E-3	4,818954E-6
172,900000E-3	4,826611E-6
173,200000E-3	4,834748E-6
173,800000E-3	4,845659E-6
174,400000E-3	4,855519E-6
175,000000E-3	4,864700E-6
175,300000E-3	4,871998E-6
175,700000E-3	4,882129E-6
176,400000E-3	4,894171E-6
177,000000E-3	4,904365E-6
177,400000E-3	4,915739E-6
177,600000E-3	4,927237E-6
178,500000E-3	4,934726E-6
179,200000E-3	4,941035E-6
179,800000E-3	4,951464E-6
180,100000E-3	4,964432E-6
180,700000E-3	4,974651E-6
181,000000E-3	4,978752E-6
181,600000E-3	4,982819E-6
182,200000E-3	4,991529E-6
182,500000E-3	5,003930E-6
183,100000E-3	5,015183E-6
183,700000E-3	5,026598E-6
184,300000E-3	5,038501E-6
184,900000E-3	5,050565E-6
185,200000E-3	5,060056E-6
185,600000E-3	5,067644E-6
186,200000E-3	5,073016E-6
186,800000E-3	5,078352E-6
187,400000E-3	5,087361E-6
187,700000E-3	5,101900E-6
188,400000E-3	5,115928E-6
189,000000E-3	5,127645E-6
189,300000E-3	5,139891E-6
189,900000E-3	5,151134E-6
190,500000E-3	5,159868E-6
190,800000E-3	5,167262E-6
191,400000E-3	5,174710E-6
192,000000E-3	5,182474E-6
192,600000E-3	5,190372E-6
192,900000E-3	5,199819E-6
193,500000E-3	5,211114E-6
194,100000E-3	5,220908E-6
194,500000E-3	5,225571E-6
195,100000E-3	5,228758E-6
195,100000E-3	5,235335E-6
196,200000E-3	5,243233E-6
196,500000E-3	5,249894E-6
197,000000E-3	5,256313E-6
197,600000E-3	5,267402E-6
198,300000E-3	5,280017E-6
198,900000E-3	5,290673E-6
199,200000E-3	5,300387E-6
199,500000E-3	5,309148E-6
200,100000E-3	5,317179E-6
200,100000E-3	5,324103E-6
200,900000E-3	5,331070E-6
201,900000E-3	5,339980E-6
202,200000E-3	5,349245E-6
202,800000E-3	5,354397E-6
203,300000E-3	5,358556E-6
203,800000E-3	5,367914E-6
204,500000E-3	5,379503E-6
204,800000E-3	5,388949E-6
205,500000E-3	5,397981E-6
205,800000E-3	5,407662E-6
206,400000E-3	5,417299E-6
206,700000E-3	5,427696E-6
207,300000E-3	5,436938E-6
208,000000E-3	5,441009E-6
208,000000E-3	5,443464E-6
208,000000E-3	5,450110E-6
209,600000E-3	5,462197E-6
210,000000E-3	5,475943E-6
210,600000E-3	5,485157E-6
210,900000E-3	5,488493E-6
211,500000E-3	5,491681E-6
211,500000E-3	5,497443E-6
212,800000E-3	5,504864E-6
213,200000E-3	5,512510E-6
213,800000E-3	5,522010E-6
214,100000E-3	5,531153E-6
214,700000E-3	5,540044E-6
215,300000E-3	5,549665E-6
215,300000E-3	5,558895E-6
216,100000E-3	5,567807E-6
216,700000E-3	5,578257E-6
217,300000E-3	5,588114E-6
217,900000E-3	5,596134E-6
218,200000E-3	5,604330E-6
219,100000E-3	5,612931E-6
219,100000E-3	5,620148E-6
219,700000E-3	5,626419E-6
220,400000E-3	5,635084E-6
221,000000E-3	5,644579E-6
221,700000E-3	5,651514E-6
222,000000E-3	5,658214E-6
222,200000E-3	5,668082E-6
222,900000E-3	5,680316E-6
223,500000E-3	5,693878E-6
223,500000E-3	5,707938E-6
224,500000E-3	5,719019E-6
224,900000E-3	5,727032E-6
225,600000E-3	5,733814E-6
225,900000E-3	5,741422E-6
225,900000E-3	5,748955E-6
227,200000E-3	5,754316E-6
227,600000E-3	5,759554E-6
228,100000E-3	5,765919E-6
228,700000E-3	5,774193E-6
229,000000E-3	5,784780E-6
229,700000E-3	5,794701E-6
230,200000E-3	5,800369E-6
230,800000E-3	5,802979E-6
230,800000E-3	5,804497E-6
231,900000E-3	5,809246E-6
232,300000E-3	5,817509E-6
232,600000E-3	5,826292E-6
233,200000E-3	5,835089E-6
233,800000E-3	5,844833E-6
234,400000E-3	5,856360E-6
234,800000E-3	5,868224E-6
235,100000E-3	5,879866E-6
236,000000E-3	5,889903E-6
236,200000E-3	5,899414E-6
236,900000E-3	5,909522E-6
237,400000E-3	5,918221E-6
238,100000E-3	5,925633E-6
238,400000E-3	5,936263E-6
239,000000E-3	5,945176E-6
239,300000E-3	5,951688E-6
239,900000E-3	5,957759E-6
240,500000E-3	5,966056E-6
241,200000E-3	5,975446E-6
241,500000E-3	5,985703E-6
242,100000E-3	5,999357E-6
242,700000E-3	6,012827E-6
243,000000E-3	6,020331E-6
243,700000E-3	6,022545E-6
244,300000E-3	6,022754E-6
244,600000E-3	6,023902E-6
245,200000E-3	6,027605E-6
245,900000E-3	6,032417E-6
246,500000E-3	6,040831E-6
246,800000E-3	6,053739E-6
247,400000E-3	6,065014E-6
248,000000E-3	6,070195E-6
248,600000E-3	6,073141E-6
249,000000E-3	6,080419E-6
249,600000E-3	6,091776E-6
250,200000E-3	6,100815E-6
250,600000E-3	6,106690E-6
251,200000E-3	6,114870E-6
251,800000E-3	6,124351E-6
252,200000E-3	6,132220E-6
252,800000E-3	6,137877E-6
253,000000E-3	6,141123E-6
253,700000E-3	6,144526E-6
254,300000E-3	6,148292E-6
254,900000E-3	6,150942E-6
255,300000E-3	6,155485E-6
255,900000E-3	6,161497E-6
256,200000E-3	6,168618E-6
256,800000E-3	6,179408E-6
257,500000E-3	6,195916E-6
258,000000E-3	6,214844E-6
258,500000E-3	6,230320E-6
258,900000E-3	6,240256E-6
259,600000E-3	6,246334E-6
260,200000E-3	6,254681E-6
260,500000E-3	6,264263E-6
261,100000E-3	6,271061E-6
261,700000E-3	6,276612E-6
262,400000E-3	6,280520E-6
262,700000E-3	6,283666E-6
263,300000E-3	6,287672E-6
263,600000E-3	6,295855E-6
264,200000E-3	6,305431E-6
264,800000E-3	6,314395E-6
265,500000E-3	6,323578E-6
266,100000E-3	6,334400E-6
266,400000E-3	6,343165E-6
267,100000E-3	6,349526E-6
267,300000E-3	6,353708E-6
267,900000E-3	6,358850E-6
268,600000E-3	6,362640E-6
269,200000E-3	6,369158E-6
269,500000E-3	6,378963E-6
270,100000E-3	6,386969E-6
270,400000E-3	6,391040E-6
271,000000E-3	6,394755E-6
271,700000E-3	6,403776E-6
272,200000E-3	6,417394E-6
272,900000E-3	6,431610E-6
273,500000E-3	6,442153E-6
274,100000E-3	6,444550E-6
274,700000E-3	6,448471E-6
275,100000E-3	6,457429E-6
275,700000E-3	6,470107E-6
276,000000E-3	6,484652E-6
276,600000E-3	6,496029E-6
277,200000E-3	6,501713E-6
277,600000E-3	6,510764E-6
278,500000E-3	6,521353E-6
278,800000E-3	6,527632E-6
279,100000E-3	6,534159E-6
279,400000E-3	6,541296E-6
280,400000E-3	6,547568E-6
280,700000E-3	6,552684E-6
281,000000E-3	6,558836E-6
281,900000E-3	6,564477E-6
282,500000E-3	6,568108E-6
282,800000E-3	6,571962E-6
283,400000E-3	6,578238E-6
284,000000E-3	6,587930E-6
284,600000E-3	6,596916E-6
285,200000E-3	6,605647E-6
285,500000E-3	6,613021E-6
286,100000E-3	6,619717E-6
286,700000E-3	6,628076E-6
287,000000E-3	6,636627E-6
287,500000E-3	6,642796E-6
288,400000E-3	6,649148E-6
288,700000E-3	6,655219E-6
289,000000E-3	6,660707E-6
289,800000E-3	6,666762E-6
290,400000E-3	6,674399E-6
290,700000E-3	6,681912E-6
291,300000E-3	6,688215E-6
291,900000E-3	6,693557E-6
292,200000E-3	6,701122E-6
292,800000E-3	6,711755E-6
293,600000E-3	6,724042E-6
293,800000E-3	6,735462E-6
294,400000E-3	6,745432E-6
295,000000E-3	6,751289E-6
295,600000E-3	6,756357E-6
295,800000E-3	6,762341E-6
296,700000E-3	6,764527E-6
297,000000E-3	6,764575E-6
297,300000E-3	6,766392E-6
298,100000E-3	6,772739E-6
298,700000E-3	6,779700E-6
299,000000E-3	6,787021E-6
299,700000E-3	6,795590E-6
300,100000E-3	6,806778E-6
300,400000E-3	6,818036E-6
301,300000E-3	6,824132E-6
301,900000E-3	6,828314E-6
301,900000E-3	6,835914E-6
302,700000E-3	6,845779E-6
303,200000E-3	6,856111E-6
303,800000E-3	6,866223E-6
304,400000E-3	6,876215E-6
304,900000E-3	6,883815E-6
305,300000E-3	6,890093E-6
305,900000E-3	6,895703E-6
306,100000E-3	6,901218E-6
306,700000E-3	6,907886E-6
307,600000E-3	6,914254E-6
308,100000E-3	6,919795E-6
308,300000E-3	6,925155E-6
308,600000E-3	6,929175E-6
309,300000E-3	6,934819E-6
309,900000E-3	6,942195E-6
310,400000E-3	6,949266E-6
311,100000E-3	6,954894E-6
311,300000E-3	6,961032E-6
312,100000E-3	6,966012E-6
312,500000E-3	6,968575E-6
313,100000E-3	6,969997E-6
313,600000E-3	6,975351E-6
314,200000E-3	6,986549E-6
314,500000E-3	6,997286E-6
315,200000E-3	7,006880E-6
315,600000E-3	7,016404E-6
316,100000E-3	7,027555E-6
316,700000E-3	7,038703E-6
317,300000E-3	7,045552E-6
317,700000E-3	7,049293E-6
318,200000E-3	7,054026E-6
318,700000E-3	7,060031E-6
319,300000E-3	7,066948E-6
319,800000E-3	7,073871E-6
320,500000E-3	7,080610E-6
320,800000E-3	7,087326E-6
321,400000E-3	7,094409E-6
321,900000E-3	7,101661E-6
322,500000E-3	7,106476E-6
322,800000E-3	7,110507E-6
323,400000E-3	7,118399E-6
324,000000E-3	7,124795E-6
324,500000E-3	7,126950E-6
325,100000E-3	7,132952E-6
325,700000E-3	7,141944E-6
325,900000E-3	7,151151E-6
326,500000E-3	7,159960E-6
327,100000E-3	7,164069E-6
327,400000E-3	7,164300E-6
328,300000E-3	7,167631E-6
328,600000E-3	7,177214E-6
329,100000E-3	7,189276E-6
329,700000E-3	7,197319E-6
330,300000E-3	7,202814E-6
330,800000E-3	7,205230E-6
331,400000E-3	7,209489E-6
331,700000E-3	7,215653E-6
332,200000E-3	7,220020E-6
332,800000E-3	7,223023E-6
333,400000E-3	7,228195E-6
334,000000E-3	7,234713E-6
334,600000E-3	7,238907E-6
334,800000E-3	7,242238E-6
335,400000E-3	7,246433E-6
336,000000E-3	7,252251E-6
336,600000E-3	7,257442E-6
336,800000E-3	7,262340E-6
337,700000E-3	7,269370E-6
338,000000E-3	7,277112E-6
338,600000E-3	7,282539E-6
339,100000E-3	7,286396E-6
339,400000E-3	7,291268E-6
340,000000E-3	7,296406E-6
340,600000E-3	7,299140E-6
341,100000E-3	7,301853E-6
341,400000E-3	7,307739E-6
342,200000E-3	7,313462E-6
342,500000E-3	7,317772E-6
343,100000E-3	7,323627E-6
343,700000E-3	7,332021E-6
344,300000E-3	7,343047E-6
344,600000E-3	7,355204E-6
345,200000E-3	7,367220E-6
345,700000E-3	7,376806E-6
346,300000E-3	7,382548E-6
346,800000E-3	7,387014E-6
347,500000E-3	7,391263E-6
347,700000E-3	7,392682E-6
348,300000E-3	7,391555E-6
348,800000E-3	7,394672E-6
349,400000E-3	7,400979E-6
350,000000E-3	7,406098E-6
350,600000E-3	7,411515E-6
350,900000E-3	7,418527E-6
351,700000E-3	7,428478E-6
352,000000E-3	7,439621E-6
352,600000E-3	7,448725E-6
353,100000E-3	7,455103E-6
353,700000E-3	7,462257E-6
354,000000E-3	7,470477E-6
354,700000E-3	7,478245E-6
355,100000E-3	7,485315E-6
355,400000E-3	7,490773E-6
356,300000E-3	7,498234E-6
356,500000E-3	7,505460E-6
357,100000E-3	7,507202E-6
357,600000E-3	7,506656E-6
358,200000E-3	7,512033E-6
358,800000E-3	7,521998E-6
359,100000E-3	7,532391E-6
359,300000E-3	7,539584E-6
360,100000E-3	7,541051E-6
360,700000E-3	7,542885E-6
361,200000E-3	7,551148E-6
362,000000E-3	7,561497E-6
362,600000E-3	7,568964E-6
362,800000E-3	7,572109E-6
363,500000E-3	7,573941E-6
364,000000E-3	7,575217E-6
364,700000E-3	7,575872E-6
364,700000E-3	7,576198E-6
365,600000E-3	7,579573E-6
365,800000E-3	7,584256E-6
366,700000E-3	7,587846E-6
367,300000E-3	7,592738E-6
367,300000E-3	7,602094E-6
368,200000E-3	7,610140E-6
368,700000E-3	7,614353E-6
369,200000E-3	7,618748E-6
369,200000E-3	7,625700E-6
370,000000E-3	7,633934E-6
370,500000E-3	7,643519E-6
371,100000E-3	7,651903E-6
371,700000E-3	7,656438E-6
372,500000E-3	7,661015E-6
372,900000E-3	7,666439E-6
373,100000E-3	7,671158E-6
374,000000E-3	7,676884E-6
374,300000E-3	7,685559E-6
374,900000E-3	7,695885E-6
375,400000E-3	7,702421E-6
376,000000E-3	7,704504E-6
376,600000E-3	7,707095E-6
377,100000E-3	7,711661E-6
377,700000E-3	7,714039E-6
378,000000E-3	7,713268E-6
378,500000E-3	7,712974E-6
378,500000E-3	7,714893E-6
379,700000E-3	7,717773E-6
379,900000E-3	7,719646E-6
380,800000E-3	7,722016E-6
381,100000E-3	7,727244E-6
381,700000E-3	7,735176E-6
382,300000E-3	7,742842E-6
382,900000E-3	7,747180E-6
383,200000E-3	7,748879E-6
383,700000E-3	7,753556E-6
384,300000E-3	7,762896E-6
384,900000E-3	7,776448E-6
385,400000E-3	7,791376E-6
386,000000E-3	7,802321E-6
386,300000E-3	7,807394E-6
386,800000E-3	7,808682E-6
387,400000E-3	7,811700E-6
388,000000E-3	7,817491E-6
388,300000E-3	7,825196E-6
389,100000E-3	7,833225E-6
389,400000E-3	7,839287E-6
389,900000E-3	7,841514E-6
390,500000E-3	7,837081E-6
391,100000E-3	7,829184E-6
391,400000E-3	7,824822E-6
392,100000E-3	7,827747E-6
392,500000E-3	7,837901E-6
393,000000E-3	7,848817E-6
393,500000E-3	7,856776E-6
394,200000E-3	7,860245E-6
394,800000E-3	7,866527E-6
395,100000E-3	7,873126E-6
395,900000E-3	7,876868E-6
396,200000E-3	7,881079E-6
396,700000E-3	7,885559E-6
397,400000E-3	7,891787E-6
397,900000E-3	7,897168E-6
398,200000E-3	7,899658E-6
399,000000E-3	7,902115E-6
399,600000E-3	7,905484E-6
399,600000E-3	7,907192E-6
400,400000E-3	7,907799E-6
400,700000E-3	7,910196E-6
401,300000E-3	7,911555E-6
401,500000E-3	7,914750E-6
402,400000E-3	7,924584E-6
403,000000E-3	7,932895E-6
403,300000E-3	7,936156E-6
404,100000E-3	7,937680E-6
404,700000E-3	7,942706E-6
405,000000E-3	7,950077E-6
405,000000E-3	7,960614E-6
405,000000E-3	7,973941E-6
406,600000E-3	7,984427E-6
406,900000E-3	7,988713E-6
407,500000E-3	7,988744E-6
408,100000E-3	7,988223E-6
408,600000E-3	7,989302E-6
409,200000E-3	7,995274E-6
409,700000E-3	8,004242E-6
410,000000E-3	8,014842E-6
410,600000E-3	8,024915E-6
411,200000E-3	8,035233E-6
411,700000E-3	8,045701E-6
412,200000E-3	8,055886E-6
412,900000E-3	8,062955E-6
413,100000E-3	8,067091E-6
413,700000E-3	8,069202E-6
414,300000E-3	8,069736E-6
414,900000E-3	8,069389E-6
415,100000E-3	8,068755E-6
416,000000E-3	8,068315E-6
416,300000E-3	8,069005E-6
416,900000E-3	8,071299E-6
417,400000E-3	8,075617E-6
418,000000E-3	8,081846E-6
418,300000E-3	8,091813E-6
418,600000E-3	8,103618E-6
419,300000E-3	8,115217E-6
419,900000E-3	8,125114E-6
420,500000E-3	8,131716E-6
421,100000E-3	8,133995E-6
421,500000E-3	8,136467E-6
422,000000E-3	8,140102E-6
422,500000E-3	8,138949E-6
423,100000E-3	8,134122E-6
423,700000E-3	8,134553E-6
424,200000E-3	8,140733E-6
424,800000E-3	8,153019E-6
425,100000E-3	8,168433E-6
425,800000E-3	8,177124E-6
426,200000E-3	8,179733E-6
426,800000E-3	8,182161E-6
427,200000E-3	8,185825E-6
428,000000E-3	8,191740E-6
428,200000E-3	8,197437E-6
428,800000E-3	8,201432E-6
429,400000E-3	8,205006E-6
430,000000E-3	8,207797E-6
430,400000E-3	8,208512E-6
431,100000E-3	8,206335E-6
431,400000E-3	8,207291E-6
432,000000E-3	8,212922E-6
432,200000E-3	8,220853E-6
433,200000E-3	8,228581E-6
433,800000E-3	8,232545E-6
434,000000E-3	8,236579E-6
434,900000E-3	8,241609E-6
435,200000E-3	8,245043E-6
435,800000E-3	8,253232E-6
436,400000E-3	8,266828E-6
436,900000E-3	8,279614E-6
437,200000E-3	8,289546E-6
438,100000E-3	8,295996E-6
438,400000E-3	8,297194E-6
438,900000E-3	8,296802E-6
439,400000E-3	8,298129E-6
440,000000E-3	8,299257E-6
440,400000E-3	8,302525E-6
441,000000E-3	8,309763E-6
441,500000E-3	8,318997E-6
442,000000E-3	8,326822E-6
442,600000E-3	8,334195E-6
443,200000E-3	8,339469E-6
443,800000E-3	8,346161E-6
444,000000E-3	8,351905E-6
444,800000E-3	8,355738E-6
445,200000E-3	8,357062E-6
445,700000E-3	8,358473E-6
446,200000E-3	8,360011E-6
447,000000E-3	8,360660E-6
447,000000E-3	8,364662E-6
447,800000E-3	8,374277E-6
448,300000E-3	8,385488E-6
448,900000E-3	8,391302E-6
449,200000E-3	8,393570E-6
449,800000E-3	8,395427E-6
450,700000E-3	8,394963E-6
450,900000E-3	8,395110E-6
451,200000E-3	8,397101E-6
452,100000E-3	8,400906E-6
452,300000E-3	8,407454E-6
452,900000E-3	8,416215E-6
453,500000E-3	8,419619E-6
454,100000E-3	8,419433E-6
454,300000E-3	8,421541E-6
455,100000E-3	8,422708E-6
455,500000E-3	8,420642E-6
456,100000E-3	8,418667E-6
456,600000E-3	8,419703E-6
457,200000E-3	8,421110E-6
457,400000E-3	8,422803E-6
458,000000E-3	8,428288E-6
458,700000E-3	8,439628E-6
458,700000E-3	8,451020E-6
459,300000E-3	8,461208E-6
460,400000E-3	8,469015E-6
461,000000E-3	8,475119E-6
461,000000E-3	8,481931E-6
461,900000E-3	8,490800E-6
462,200000E-3	8,499657E-6
463,000000E-3	8,505378E-6
463,300000E-3	8,507912E-6
464,000000E-3	8,511669E-6
464,000000E-3	8,515791E-6
465,100000E-3	8,518479E-6
465,600000E-3	8,518914E-6
466,200000E-3	8,519248E-6
466,600000E-3	8,526287E-6
467,300000E-3	8,537060E-6
467,300000E-3	8,546018E-6
468,100000E-3	8,553781E-6
468,500000E-3	8,559285E-6
468,700000E-3	8,561810E-6
469,600000E-3	8,560296E-6
470,200000E-3	8,558584E-6
470,800000E-3	8,563693E-6
471,400000E-3	8,576156E-6
471,800000E-3	8,591895E-6
472,500000E-3	8,606414E-6
473,100000E-3	8,617067E-6
473,300000E-3	8,622767E-6
473,900000E-3	8,626123E-6
474,500000E-3	8,626835E-6
475,100000E-3	8,625768E-6
475,400000E-3	8,626437E-6
476,200000E-3	8,627926E-6
476,500000E-3	8,629322E-6
476,800000E-3	8,628845E-6
477,700000E-3	8,625573E-6
478,000000E-3	8,621071E-6
478,800000E-3	8,621404E-6
479,100000E-3	8,627773E-6
479,700000E-3	8,637267E-6
480,300000E-3	8,649911E-6
480,800000E-3	8,661034E-6
481,400000E-3	8,668743E-6
481,800000E-3	8,671690E-6
482,200000E-3	8,670374E-6
482,800000E-3	8,667540E-6
483,400000E-3	8,668388E-6
484,000000E-3	8,671071E-6
484,500000E-3	8,676490E-6
484,800000E-3	8,684181E-6
485,400000E-3	8,695447E-6
486,000000E-3	8,704238E-6
486,200000E-3	8,706687E-6
487,100000E-3	8,711079E-6
487,400000E-3	8,721486E-6
488,200000E-3	8,733559E-6
488,200000E-3	8,740339E-6
489,200000E-3	8,741454E-6
489,500000E-3	8,741227E-6
490,400000E-3	8,743018E-6
490,600000E-3	8,745929E-6
491,200000E-3	8,751248E-6
491,800000E-3	8,758554E-6
492,400000E-3	8,765409E-6
492,700000E-3	8,772006E-6
492,900000E-3	8,777695E-6
493,900000E-3	8,782706E-6
494,100000E-3	8,788370E-6
495,000000E-3	8,795092E-6
495,300000E-3	8,802991E-6
495,900000E-3	8,809232E-6
496,300000E-3	8,819525E-6
497,000000E-3	8,832733E-6
497,600000E-3	8,841896E-6
497,900000E-3	8,844196E-6
498,400000E-3	8,842535E-6
499,300000E-3	8,843744E-6
499,600000E-3	8,853176E-6
