-500,900000E-3	9,039559E-6
-500,900000E-3	9,032712E-6
-501,100000E-3	9,031169E-6
-501,200000E-3	9,030151E-6
-501,100000E-3	9,028073E-6
-501,000000E-3	9,027013E-6
-500,800000E-3	9,036415E-6
-500,500000E-3	9,055374E-6
-500,200000E-3	9,076358E-6
-500,100000E-3	9,088989E-6
-499,700000E-3	9,095365E-6
-499,300000E-3	9,096577E-6
-498,900000E-3	9,085814E-6
-498,700000E-3	9,071029E-6
-498,000000E-3	9,058888E-6
-497,800000E-3	9,057416E-6
-497,300000E-3	9,065899E-6
-496,800000E-3	9,068489E-6
-496,200000E-3	9,063506E-6
-496,000000E-3	9,052253E-6
-495,500000E-3	9,035021E-6
-495,000000E-3	9,023878E-6
-494,400000E-3	9,023952E-6
-493,900000E-3	9,020642E-6
-493,300000E-3	9,010897E-6
-492,700000E-3	8,998865E-6
-492,200000E-3	8,988285E-6
-491,600000E-3	8,976459E-6
-491,200000E-3	8,959587E-6
-490,500000E-3	8,938936E-6
-490,300000E-3	8,917748E-6
-489,700000E-3	8,904979E-6
-489,100000E-3	8,896678E-6
-488,500000E-3	8,891909E-6
-488,300000E-3	8,891226E-6
-487,500000E-3	8,890271E-6
-487,200000E-3	8,888582E-6
-486,600000E-3	8,883539E-6
-486,000000E-3	8,871217E-6
-485,400000E-3	8,852706E-6
-484,800000E-3	8,838973E-6
-484,600000E-3	8,829391E-6
-484,000000E-3	8,823185E-6
-483,400000E-3	8,818066E-6
-482,800000E-3	8,810329E-6
-482,300000E-3	8,795876E-6
-481,700000E-3	8,780988E-6
-481,100000E-3	8,768738E-6
-480,900000E-3	8,759450E-6
-480,300000E-3	8,757469E-6
-479,700000E-3	8,759752E-6
-479,400000E-3	8,761444E-6
-478,500000E-3	8,762631E-6
-478,100000E-3	8,762739E-6
-477,700000E-3	8,763108E-6
-477,100000E-3	8,759418E-6
-476,600000E-3	8,747503E-6
-476,300000E-3	8,731208E-6
-475,700000E-3	8,714666E-6
-474,800000E-3	8,696916E-6
-474,500000E-3	8,680517E-6
-474,200000E-3	8,668751E-6
-473,400000E-3	8,660716E-6
-473,100000E-3	8,650537E-6
-472,500000E-3	8,636772E-6
-471,700000E-3	8,625516E-6
-471,500000E-3	8,616907E-6
-470,900000E-3	8,614933E-6
-470,300000E-3	8,618483E-6
-469,800000E-3	8,623804E-6
-469,200000E-3	8,624257E-6
-468,700000E-3	8,616870E-6
-468,200000E-3	8,605468E-6
-467,500000E-3	8,594988E-6
-467,300000E-3	8,587393E-6
-466,800000E-3	8,581358E-6
-466,200000E-3	8,574779E-6
-465,600000E-3	8,571353E-6
-465,300000E-3	8,575886E-6
-464,400000E-3	8,584560E-6
-464,100000E-3	8,588099E-6
-463,600000E-3	8,583924E-6
-463,000000E-3	8,575435E-6
-462,400000E-3	8,564369E-6
-462,100000E-3	8,556661E-6
-461,600000E-3	8,554445E-6
-461,000000E-3	8,554164E-6
-460,400000E-3	8,556956E-6
-460,100000E-3	8,559302E-6
-459,400000E-3	8,555067E-6
-458,900000E-3	8,546025E-6
-458,400000E-3	8,534148E-6
-457,800000E-3	8,520036E-6
-457,300000E-3	8,508986E-6
-456,900000E-3	8,500132E-6
-456,200000E-3	8,494608E-6
-455,900000E-3	8,488668E-6
-455,200000E-3	8,478218E-6
-454,800000E-3	8,465686E-6
-454,300000E-3	8,456057E-6
-453,700000E-3	8,448692E-6
-453,100000E-3	8,444856E-6
-452,600000E-3	8,442481E-6
-452,000000E-3	8,443774E-6
-451,400000E-3	8,448345E-6
-450,900000E-3	8,450910E-6
-450,100000E-3	8,448761E-6
-449,800000E-3	8,440109E-6
-449,300000E-3	8,428159E-6
-448,700000E-3	8,414309E-6
-448,400000E-3	8,400640E-6
-447,600000E-3	8,390414E-6
-447,300000E-3	8,380862E-6
-446,800000E-3	8,373334E-6
-446,200000E-3	8,370374E-6
-445,700000E-3	8,370579E-6
-445,100000E-3	8,366700E-6
-444,600000E-3	8,359913E-6
-444,300000E-3	8,352531E-6
-443,500000E-3	8,343620E-6
-443,200000E-3	8,329501E-6
-442,700000E-3	8,309087E-6
-442,100000E-3	8,285155E-6
-441,500000E-3	8,261657E-6
-441,100000E-3	8,241625E-6
-440,400000E-3	8,228724E-6
-440,200000E-3	8,222973E-6
-439,400000E-3	8,221456E-6
-439,000000E-3	8,222089E-6
-438,500000E-3	8,228244E-6
-437,900000E-3	8,235410E-6
-437,400000E-3	8,240442E-6
-437,000000E-3	8,237824E-6
-436,300000E-3	8,223467E-6
-436,000000E-3	8,203484E-6
-435,300000E-3	8,195001E-6
-434,900000E-3	8,201968E-6
-434,400000E-3	8,211548E-6
-433,800000E-3	8,214676E-6
-433,300000E-3	8,204392E-6
-432,700000E-3	8,186369E-6
-432,200000E-3	8,169931E-6
-431,700000E-3	8,160725E-6
-431,100000E-3	8,154211E-6
-430,500000E-3	8,147144E-6
-430,200000E-3	8,140832E-6
-429,400000E-3	8,136053E-6
-429,200000E-3	8,132722E-6
-428,600000E-3	8,131162E-6
-428,000000E-3	8,131466E-6
-427,500000E-3	8,127532E-6
-427,000000E-3	8,116045E-6
-426,700000E-3	8,101242E-6
-426,100000E-3	8,087271E-6
-425,400000E-3	8,072154E-6
-425,000000E-3	8,054630E-6
-424,400000E-3	8,042313E-6
-423,900000E-3	8,032740E-6
-423,300000E-3	8,022405E-6
-422,900000E-3	8,010470E-6
-422,300000E-3	7,999899E-6
-421,700000E-3	7,985837E-6
-421,300000E-3	7,970917E-6
-420,600000E-3	7,965628E-6
-420,300000E-3	7,968638E-6
-419,600000E-3	7,974529E-6
-419,200000E-3	7,976141E-6
-418,600000E-3	7,973959E-6
-418,000000E-3	7,974755E-6
-417,600000E-3	7,974684E-6
-417,000000E-3	7,969118E-6
-416,400000E-3	7,957469E-6
-416,100000E-3	7,939139E-6
-415,400000E-3	7,918452E-6
-414,800000E-3	7,902346E-6
-414,500000E-3	7,893605E-6
-414,000000E-3	7,892179E-6
-413,400000E-3	7,896221E-6
-412,900000E-3	7,899634E-6
-412,300000E-3	7,899075E-6
-412,000000E-3	7,899332E-6
-411,200000E-3	7,898826E-6
-410,900000E-3	7,892328E-6
-410,400000E-3	7,882317E-6
-409,800000E-3	7,870319E-6
-409,300000E-3	7,860993E-6
-408,700000E-3	7,857648E-6
-408,200000E-3	7,859779E-6
-407,900000E-3	7,864182E-6
-407,200000E-3	7,868693E-6
-406,800000E-3	7,868337E-6
-406,200000E-3	7,861617E-6
-405,600000E-3	7,853243E-6
-405,100000E-3	7,843524E-6
-404,500000E-3	7,834286E-6
-404,100000E-3	7,824927E-6
-403,500000E-3	7,817419E-6
-403,100000E-3	7,812008E-6
-402,400000E-3	7,808683E-6
-401,800000E-3	7,802762E-6
-401,200000E-3	7,792786E-6
-400,700000E-3	7,785518E-6
-400,400000E-3	7,785322E-6
-399,600000E-3	7,787811E-6
-399,300000E-3	7,787361E-6
-398,900000E-3	7,782129E-6
-398,300000E-3	7,773323E-6
-397,700000E-3	7,764879E-6
-397,200000E-3	7,758969E-6
-396,600000E-3	7,750277E-6
-396,300000E-3	7,733157E-6
-395,500000E-3	7,715460E-6
-394,900000E-3	7,703898E-6
-394,700000E-3	7,699939E-6
-394,100000E-3	7,696535E-6
-393,500000E-3	7,691127E-6
-393,000000E-3	7,684877E-6
-392,400000E-3	7,680993E-6
-391,900000E-3	7,678863E-6
-391,500000E-3	7,674702E-6
-390,800000E-3	7,670210E-6
-390,500000E-3	7,672298E-6
-389,900000E-3	7,679349E-6
-389,400000E-3	7,679851E-6
-388,900000E-3	7,672010E-6
-388,300000E-3	7,661696E-6
-387,700000E-3	7,654391E-6
-387,400000E-3	7,651363E-6
-386,900000E-3	7,650069E-6
-386,400000E-3	7,647170E-6
-385,800000E-3	7,642716E-6
-385,200000E-3	7,638926E-6
-384,900000E-3	7,633507E-6
-384,100000E-3	7,624179E-6
-383,900000E-3	7,610130E-6
-383,200000E-3	7,598632E-6
-382,800000E-3	7,596692E-6
-382,200000E-3	7,597125E-6
-381,700000E-3	7,593047E-6
-381,100000E-3	7,586281E-6
-380,700000E-3	7,582113E-6
-380,000000E-3	7,579511E-6
-379,800000E-3	7,570319E-6
-379,100000E-3	7,561895E-6
-378,600000E-3	7,559757E-6
-378,100000E-3	7,557460E-6
-377,500000E-3	7,550572E-6
-376,900000E-3	7,542440E-6
-376,600000E-3	7,539055E-6
-375,900000E-3	7,538786E-6
-375,600000E-3	7,535076E-6
-374,900000E-3	7,528280E-6
-374,500000E-3	7,521670E-6
-374,000000E-3	7,510130E-6
-373,400000E-3	7,494087E-6
-372,800000E-3	7,483584E-6
-372,500000E-3	7,481777E-6
-371,800000E-3	7,484472E-6
-371,500000E-3	7,486131E-6
-370,800000E-3	7,485268E-6
-370,300000E-3	7,481387E-6
-369,800000E-3	7,473123E-6
-369,300000E-3	7,462066E-6
-368,700000E-3	7,448431E-6
-368,300000E-3	7,433964E-6
-367,600000E-3	7,423255E-6
-367,300000E-3	7,416951E-6
-366,800000E-3	7,409834E-6
-366,200000E-3	7,398908E-6
-365,700000E-3	7,388015E-6
-365,100000E-3	7,381328E-6
-364,500000E-3	7,381540E-6
-364,300000E-3	7,385320E-6
-363,400000E-3	7,383264E-6
-363,100000E-3	7,376457E-6
-362,600000E-3	7,367369E-6
-362,000000E-3	7,356962E-6
-361,800000E-3	7,348277E-6
-361,000000E-3	7,341631E-6
-360,400000E-3	7,338405E-6
-360,100000E-3	7,337405E-6
-359,300000E-3	7,335291E-6
-359,000000E-3	7,332057E-6
-358,500000E-3	7,329309E-6
-357,900000E-3	7,327728E-6
-357,400000E-3	7,323892E-6
-356,800000E-3	7,316026E-6
-356,500000E-3	7,307466E-6
-356,000000E-3	7,300922E-6
-355,400000E-3	7,293662E-6
-354,900000E-3	7,284277E-6
-354,300000E-3	7,278131E-6
-353,800000E-3	7,277198E-6
-353,500000E-3	7,277546E-6
-352,600000E-3	7,274174E-6
-352,400000E-3	7,263471E-6
-351,900000E-3	7,246460E-6
-351,000000E-3	7,227898E-6
-350,700000E-3	7,214883E-6
-350,200000E-3	7,206427E-6
-349,600000E-3	7,200552E-6
-349,300000E-3	7,195376E-6
-348,700000E-3	7,187737E-6
-348,100000E-3	7,180561E-6
-347,500000E-3	7,175518E-6
-347,300000E-3	7,170656E-6
-346,500000E-3	7,163966E-6
-346,100000E-3	7,153944E-6
-345,600000E-3	7,140833E-6
-344,900000E-3	7,131259E-6
-344,400000E-3	7,129528E-6
-344,100000E-3	7,132125E-6
-343,600000E-3	7,131700E-6
-343,000000E-3	7,125529E-6
-342,400000E-3	7,117491E-6
-341,800000E-3	7,108475E-6
-341,200000E-3	7,099474E-6
-340,900000E-3	7,090265E-6
-340,400000E-3	7,081571E-6
-339,800000E-3	7,075752E-6
-339,200000E-3	7,070573E-6
-339,000000E-3	7,059989E-6
-338,200000E-3	7,045620E-6
-337,800000E-3	7,034286E-6
-337,200000E-3	7,028251E-6
-336,800000E-3	7,025913E-6
-336,100000E-3	7,024513E-6
-335,800000E-3	7,019389E-6
-335,200000E-3	7,010871E-6
-334,600000E-3	7,003439E-6
-334,100000E-3	6,997712E-6
-333,600000E-3	6,988443E-6
-332,900000E-3	6,977442E-6
-332,400000E-3	6,967355E-6
-332,100000E-3	6,960071E-6
-331,500000E-3	6,948147E-6
-331,000000E-3	6,928518E-6
-330,700000E-3	6,910966E-6
-330,000000E-3	6,902611E-6
-329,200000E-3	6,897130E-6
-328,900000E-3	6,886169E-6
-328,300000E-3	6,873647E-6
-327,800000E-3	6,864144E-6
-327,200000E-3	6,860386E-6
-326,900000E-3	6,858862E-6
-326,200000E-3	6,860257E-6
-325,400000E-3	6,861036E-6
-325,100000E-3	6,854040E-6
-324,700000E-3	6,842839E-6
-324,000000E-3	6,832135E-6
-323,800000E-3	6,821956E-6
-323,200000E-3	6,811000E-6
-322,600000E-3	6,800420E-6
-322,000000E-3	6,790101E-6
-321,800000E-3	6,778464E-6
-321,000000E-3	6,768497E-6
-320,600000E-3	6,765998E-6
-320,000000E-3	6,769530E-6
-319,400000E-3	6,769204E-6
-318,900000E-3	6,760635E-6
-318,600000E-3	6,747923E-6
-317,900000E-3	6,738211E-6
-317,400000E-3	6,731781E-6
-316,900000E-3	6,726151E-6
-316,400000E-3	6,718834E-6
-315,700000E-3	6,711409E-6
-315,500000E-3	6,706301E-6
-314,900000E-3	6,700946E-6
-314,300000E-3	6,693443E-6
-313,700000E-3	6,687918E-6
-313,400000E-3	6,684921E-6
-312,600000E-3	6,682916E-6
-312,300000E-3	6,677011E-6
-311,700000E-3	6,669086E-6
-311,200000E-3	6,660463E-6
-310,700000E-3	6,651518E-6
-310,400000E-3	6,644778E-6
-309,700000E-3	6,641830E-6
-309,200000E-3	6,636952E-6
-308,600000E-3	6,632454E-6
-308,000000E-3	6,628371E-6
-307,500000E-3	6,621556E-6
-307,200000E-3	6,615359E-6
-306,600000E-3	6,612387E-6
-306,100000E-3	6,609203E-6
-305,500000E-3	6,602812E-6
-305,100000E-3	6,593286E-6
-304,400000E-3	6,582543E-6
-304,000000E-3	6,576281E-6
-303,400000E-3	6,572846E-6
-303,100000E-3	6,567745E-6
-302,400000E-3	6,557591E-6
-302,000000E-3	6,541617E-6
-301,300000E-3	6,528662E-6
-301,000000E-3	6,523562E-6
-300,300000E-3	6,523171E-6
-299,500000E-3	6,518604E-6
-299,300000E-3	6,511481E-6
-299,000000E-3	6,504853E-6
-298,200000E-3	6,500541E-6
-297,800000E-3	6,498854E-6
-297,200000E-3	6,495328E-6
-296,700000E-3	6,489248E-6
-296,000000E-3	6,482537E-6
-295,600000E-3	6,477692E-6
-295,100000E-3	6,475010E-6
-294,500000E-3	6,473864E-6
-294,200000E-3	6,471815E-6
-293,500000E-3	6,467048E-6
-292,900000E-3	6,458907E-6
-292,400000E-3	6,450358E-6
-292,100000E-3	6,444903E-6
-291,500000E-3	6,438945E-6
-290,900000E-3	6,430060E-6
-290,300000E-3	6,418577E-6
-289,700000E-3	6,409545E-6
-289,400000E-3	6,405131E-6
-288,900000E-3	6,402001E-6
-288,200000E-3	6,397383E-6
-287,800000E-3	6,390657E-6
-287,300000E-3	6,384077E-6
-286,700000E-3	6,382435E-6
-286,300000E-3	6,382864E-6
-285,800000E-3	6,380830E-6
-285,200000E-3	6,375784E-6
-284,800000E-3	6,367868E-6
-284,300000E-3	6,355490E-6
-283,600000E-3	6,339129E-6
-283,100000E-3	6,325892E-6
-282,700000E-3	6,319089E-6
-282,100000E-3	6,313837E-6
-281,500000E-3	6,303061E-6
-281,000000E-3	6,288428E-6
-280,300000E-3	6,270652E-6
-280,000000E-3	6,254410E-6
-279,700000E-3	6,245314E-6
-279,100000E-3	6,244169E-6
-278,500000E-3	6,245907E-6
-277,900000E-3	6,243307E-6
-277,600000E-3	6,233091E-6
-277,000000E-3	6,218945E-6
-276,400000E-3	6,203377E-6
-275,800000E-3	6,191735E-6
-275,500000E-3	6,183999E-6
-274,900000E-3	6,177367E-6
-274,400000E-3	6,168814E-6
-273,700000E-3	6,158596E-6
-273,300000E-3	6,150119E-6
-272,800000E-3	6,145327E-6
-272,500000E-3	6,141835E-6
-271,700000E-3	6,140087E-6
-271,300000E-3	6,140881E-6
-270,700000E-3	6,140759E-6
-270,300000E-3	6,134643E-6
-269,800000E-3	6,121715E-6
-269,100000E-3	6,105347E-6
-268,500000E-3	6,088821E-6
-268,300000E-3	6,075299E-6
-267,600000E-3	6,066168E-6
-267,000000E-3	6,060089E-6
-266,700000E-3	6,055363E-6
-266,100000E-3	6,051704E-6
-265,800000E-3	6,046958E-6
-265,200000E-3	6,040431E-6
-264,500000E-3	6,032912E-6
-264,100000E-3	6,025783E-6
-263,700000E-3	6,018940E-6
-263,100000E-3	6,013306E-6
-262,500000E-3	6,008181E-6
-261,900000E-3	5,999711E-6
-261,600000E-3	5,991107E-6
-261,100000E-3	5,987717E-6
-260,400000E-3	5,985990E-6
-259,800000E-3	5,980050E-6
-259,500000E-3	5,969970E-6
-259,000000E-3	5,961900E-6
-258,600000E-3	5,956912E-6
-258,000000E-3	5,950356E-6
-257,400000E-3	5,938515E-6
-256,800000E-3	5,924600E-6
-256,500000E-3	5,914942E-6
-255,900000E-3	5,911281E-6
-255,200000E-3	5,908638E-6
-254,600000E-3	5,904009E-6
-254,300000E-3	5,894630E-6
-253,600000E-3	5,883354E-6
-253,300000E-3	5,874164E-6
-252,700000E-3	5,867137E-6
-252,000000E-3	5,861807E-6
-251,400000E-3	5,856954E-6
-251,100000E-3	5,854775E-6
-250,500000E-3	5,854848E-6
-250,100000E-3	5,854256E-6
-249,400000E-3	5,849943E-6
-249,000000E-3	5,841475E-6
-248,400000E-3	5,831296E-6
-248,100000E-3	5,821829E-6
-247,400000E-3	5,811239E-6
-246,800000E-3	5,799587E-6
-246,300000E-3	5,789241E-6
-245,900000E-3	5,781301E-6
-245,300000E-3	5,775604E-6
-245,000000E-3	5,769726E-6
-244,400000E-3	5,762241E-6
-243,900000E-3	5,751045E-6
-243,200000E-3	5,741172E-6
-242,900000E-3	5,732301E-6
-242,300000E-3	5,720471E-6
-241,700000E-3	5,707476E-6
-241,100000E-3	5,695582E-6
-240,700000E-3	5,684156E-6
-240,100000E-3	5,677885E-6
-239,500000E-3	5,673253E-6
-239,200000E-3	5,665948E-6
-238,500000E-3	5,657390E-6
-237,900000E-3	5,650907E-6
-237,600000E-3	5,646215E-6
-236,900000E-3	5,639937E-6
-236,400000E-3	5,632161E-6
-235,700000E-3	5,623844E-6
-235,400000E-3	5,614574E-6
-234,800000E-3	5,603175E-6
-234,200000E-3	5,589664E-6
-233,900000E-3	5,577909E-6
-233,200000E-3	5,573256E-6
-232,600000E-3	5,570103E-6
-232,300000E-3	5,564492E-6
-231,700000E-3	5,558087E-6
-231,000000E-3	5,550378E-6
-230,700000E-3	5,539965E-6
-230,100000E-3	5,531711E-6
-229,400000E-3	5,524462E-6
-229,200000E-3	5,515569E-6
-228,500000E-3	5,507511E-6
-228,000000E-3	5,499904E-6
-227,600000E-3	5,489861E-6
-226,900000E-3	5,480288E-6
-226,700000E-3	5,473628E-6
-226,000000E-3	5,465731E-6
-225,500000E-3	5,454618E-6
-224,800000E-3	5,445675E-6
-224,400000E-3	5,441252E-6
-223,900000E-3	5,436324E-6
-223,500000E-3	5,427216E-6
-223,000000E-3	5,414469E-6
-222,300000E-3	5,401529E-6
-221,700000E-3	5,396150E-6
-221,400000E-3	5,395063E-6
-220,700000E-3	5,391616E-6
-220,500000E-3	5,384306E-6
-219,800000E-3	5,376120E-6
-219,200000E-3	5,366860E-6
-218,500000E-3	5,359691E-6
-218,200000E-3	5,356695E-6
-217,700000E-3	5,353036E-6
-217,300000E-3	5,343815E-6
-216,700000E-3	5,331620E-6
-216,100000E-3	5,318605E-6
-215,500000E-3	5,306955E-6
-215,200000E-3	5,295981E-6
-214,500000E-3	5,286907E-6
-214,200000E-3	5,282751E-6
-213,600000E-3	5,281116E-6
-213,000000E-3	5,275452E-6
-212,300000E-3	5,268168E-6
-212,100000E-3	5,262346E-6
-211,400000E-3	5,257538E-6
-210,800000E-3	5,254713E-6
-210,500000E-3	5,250550E-6
-209,800000E-3	5,242295E-6
-209,300000E-3	5,234499E-6
-208,900000E-3	5,228897E-6
-208,300000E-3	5,222129E-6
-208,000000E-3	5,214106E-6
-207,400000E-3	5,207302E-6
-206,800000E-3	5,201789E-6
-206,100000E-3	5,196698E-6
-205,900000E-3	5,188803E-6
-205,200000E-3	5,178600E-6
-204,600000E-3	5,167304E-6
-204,300000E-3	5,154049E-6
-203,700000E-3	5,144763E-6
-203,100000E-3	5,139355E-6
-202,700000E-3	5,131873E-6
-202,100000E-3	5,122465E-6
-201,800000E-3	5,112478E-6
-201,200000E-3	5,099775E-6
-200,600000E-3	5,086924E-6
-200,000000E-3	5,081967E-6
-199,600000E-3	5,082927E-6
-199,000000E-3	5,080535E-6
-198,700000E-3	5,072846E-6
-198,100000E-3	5,063000E-6
-197,500000E-3	5,055229E-6
-196,800000E-3	5,051581E-6
-196,500000E-3	5,048408E-6
-195,900000E-3	5,045841E-6
-195,600000E-3	5,043098E-6
-195,000000E-3	5,037617E-6
-194,300000E-3	5,030209E-6
-193,700000E-3	5,023960E-6
-193,400000E-3	5,015990E-6
-192,800000E-3	5,005050E-6
-192,500000E-3	4,993651E-6
-191,800000E-3	4,985009E-6
-191,200000E-3	4,978499E-6
-190,600000E-3	4,973604E-6
-190,200000E-3	4,969871E-6
-189,600000E-3	4,962455E-6
-189,300000E-3	4,947579E-6
-188,700000E-3	4,932897E-6
-188,100000E-3	4,922767E-6
-187,500000E-3	4,915159E-6
-187,100000E-3	4,908276E-6
-186,500000E-3	4,902630E-6
-186,300000E-3	4,899914E-6
-185,600000E-3	4,897728E-6
-185,100000E-3	4,893742E-6
-184,700000E-3	4,884633E-6
-184,000000E-3	4,871771E-6
-183,500000E-3	4,862040E-6
-183,100000E-3	4,854606E-6
-182,600000E-3	4,846649E-6
-181,900000E-3	4,838096E-6
-181,300000E-3	4,829444E-6
-181,000000E-3	4,821519E-6
-180,300000E-3	4,815377E-6
-180,000000E-3	4,806924E-6
-179,400000E-3	4,798645E-6
-178,800000E-3	4,796280E-6
-178,200000E-3	4,797108E-6
-177,800000E-3	4,793548E-6
-177,300000E-3	4,781860E-6
-176,900000E-3	4,768158E-6
-176,300000E-3	4,759826E-6
-175,700000E-3	4,753549E-6
-175,100000E-3	4,745162E-6
-174,800000E-3	4,734937E-6
-174,100000E-3	4,725482E-6
-173,500000E-3	4,717326E-6
-173,200000E-3	4,712247E-6
-172,600000E-3	4,709708E-6
-171,900000E-3	4,706992E-6
-171,600000E-3	4,702820E-6
-171,000000E-3	4,697294E-6
-170,700000E-3	4,689961E-6
-170,100000E-3	4,678125E-6
-169,500000E-3	4,666278E-6
-168,900000E-3	4,655391E-6
-168,500000E-3	4,643589E-6
-167,900000E-3	4,631674E-6
-167,600000E-3	4,621539E-6
-167,000000E-3	4,615385E-6
-166,400000E-3	4,609594E-6
-165,700000E-3	4,600542E-6
-165,500000E-3	4,590100E-6
-164,800000E-3	4,581475E-6
-164,500000E-3	4,570741E-6
-163,900000E-3	4,557736E-6
-163,200000E-3	4,548032E-6
-162,600000E-3	4,541379E-6
-162,300000E-3	4,534700E-6
-161,700000E-3	4,528752E-6
-161,400000E-3	4,522409E-6
-160,800000E-3	4,512209E-6
-160,200000E-3	4,500301E-6
-159,600000E-3	4,489106E-6
-159,200000E-3	4,478444E-6
-158,600000E-3	4,470115E-6
-158,300000E-3	4,461955E-6
-157,600000E-3	4,454887E-6
-157,100000E-3	4,446758E-6
-156,600000E-3	4,436081E-6
-156,300000E-3	4,425076E-6
-155,500000E-3	4,414289E-6
-155,100000E-3	4,402380E-6
-154,500000E-3	4,394112E-6
-153,800000E-3	4,391527E-6
-153,400000E-3	4,389219E-6
-152,800000E-3	4,384584E-6
-152,300000E-3	4,379541E-6
-151,700000E-3	4,376204E-6
-151,400000E-3	4,373697E-6
-150,900000E-3	4,366753E-6
-150,200000E-3	4,357758E-6
-149,600000E-3	4,352597E-6
-149,300000E-3	4,350049E-6
-148,600000E-3	4,346909E-6
-148,400000E-3	4,341081E-6
-147,700000E-3	4,332275E-6
-147,100000E-3	4,320473E-6
-146,500000E-3	4,309930E-6
-145,900000E-3	4,300519E-6
-145,600000E-3	4,288323E-6
-144,900000E-3	4,278586E-6
-144,700000E-3	4,268046E-6
-144,000000E-3	4,257817E-6
-143,400000E-3	4,251214E-6
-142,700000E-3	4,243292E-6
-142,000000E-3	4,235578E-6
-141,900000E-3	4,230290E-6
-141,300000E-3	4,226155E-6
-140,700000E-3	4,219714E-6
-140,200000E-3	4,211573E-6
-139,800000E-3	4,204080E-6
-139,100000E-3	4,194617E-6
-138,700000E-3	4,183383E-6
-138,100000E-3	4,171306E-6
-137,800000E-3	4,158139E-6
-136,900000E-3	4,145688E-6
-136,700000E-3	4,135836E-6
-136,100000E-3	4,131636E-6
-135,500000E-3	4,129110E-6
-134,900000E-3	4,124114E-6
-134,700000E-3	4,119278E-6
-133,800000E-3	4,116276E-6
-133,300000E-3	4,110780E-6
-132,900000E-3	4,101636E-6
-132,400000E-3	4,092449E-6
-131,800000E-3	4,085220E-6
-131,500000E-3	4,078365E-6
-130,900000E-3	4,069055E-6
-130,400000E-3	4,059395E-6
-129,800000E-3	4,052390E-6
-129,400000E-3	4,045984E-6
-128,700000E-3	4,038744E-6
-128,400000E-3	4,032293E-6
-127,800000E-3	4,024971E-6
-127,200000E-3	4,013981E-6
-126,700000E-3	4,003744E-6
-126,400000E-3	3,998733E-6
-125,600000E-3	3,996036E-6
-125,200000E-3	3,992557E-6
-124,700000E-3	3,986389E-6
-124,100000E-3	3,979268E-6
-123,600000E-3	3,973783E-6
-123,200000E-3	3,968272E-6
-122,500000E-3	3,963641E-6
-122,100000E-3	3,959713E-6
-121,600000E-3	3,954349E-6
-121,000000E-3	3,946045E-6
-120,400000E-3	3,936863E-6
-120,100000E-3	3,928315E-6
-119,600000E-3	3,919235E-6
-118,900000E-3	3,911580E-6
-118,700000E-3	3,904652E-6
-118,100000E-3	3,895710E-6
-117,300000E-3	3,883715E-6
-117,000000E-3	3,873421E-6
-116,400000E-3	3,866249E-6
-115,900000E-3	3,860678E-6
-115,600000E-3	3,853592E-6
-115,000000E-3	3,842877E-6
-114,400000E-3	3,832567E-6
-113,900000E-3	3,823910E-6
-113,500000E-3	3,818618E-6
-112,700000E-3	3,814561E-6
-112,400000E-3	3,807497E-6
-111,900000E-3	3,796645E-6
-111,300000E-3	3,784577E-6
-110,700000E-3	3,776319E-6
-110,400000E-3	3,772008E-6
-109,800000E-3	3,767891E-6
-109,300000E-3	3,762584E-6
-108,700000E-3	3,755238E-6
-108,400000E-3	3,747137E-6
-107,600000E-3	3,741742E-6
-107,200000E-3	3,737229E-6
-106,700000E-3	3,729070E-6
-106,100000E-3	3,717182E-6
-105,600000E-3	3,705476E-6
-105,200000E-3	3,695549E-6
-104,400000E-3	3,686684E-6
-104,100000E-3	3,681580E-6
-103,600000E-3	3,680325E-6
-103,000000E-3	3,677492E-6
-102,400000E-3	3,670736E-6
-102,100000E-3	3,662020E-6
-101,500000E-3	3,654254E-6
-101,000000E-3	3,646089E-6
-100,400000E-3	3,637218E-6
-99,900000E-3	3,628136E-6
-99,300000E-3	3,620421E-6
-99,000000E-3	3,616066E-6
-98,400000E-3	3,611704E-6
-97,900000E-3	3,605823E-6
-97,300000E-3	3,599951E-6
-97,000000E-3	3,593027E-6
-96,100000E-3	3,585407E-6
-95,800000E-3	3,576859E-6
-95,300000E-3	3,568065E-6
-94,700000E-3	3,560708E-6
-94,100000E-3	3,553727E-6
-93,900000E-3	3,545934E-6
-93,000000E-3	3,539379E-6
-92,700000E-3	3,535494E-6
-92,100000E-3	3,533378E-6
-91,600000E-3	3,530294E-6
-91,000000E-3	3,523926E-6
-90,700000E-3	3,515862E-6
-90,100000E-3	3,508924E-6
-89,600000E-3	3,503069E-6
-89,000000E-3	3,495351E-6
-88,500000E-3	3,485009E-6
-88,100000E-3	3,475803E-6
-87,600000E-3	3,471021E-6
-87,000000E-3	3,469865E-6
-86,500000E-3	3,467208E-6
-85,800000E-3	3,460116E-6
-85,500000E-3	3,451935E-6
-84,800000E-3	3,443921E-6
-84,400000E-3	3,434939E-6
-83,800000E-3	3,426408E-6
-83,300000E-3	3,419316E-6
-82,700000E-3	3,411920E-6
-82,400000E-3	3,403996E-6
-81,700000E-3	3,398813E-6
-81,300000E-3	3,396241E-6
-80,700000E-3	3,393589E-6
-80,100000E-3	3,390580E-6
-79,600000E-3	3,387807E-6
-79,200000E-3	3,385949E-6
-78,700000E-3	3,382072E-6
-78,200000E-3	3,374808E-6
-77,900000E-3	3,370633E-6
-77,200000E-3	3,369908E-6
-76,400000E-3	3,368247E-6
-76,200000E-3	3,364561E-6
-75,600000E-3	3,360700E-6
-75,000000E-3	3,353184E-6
-74,700000E-3	3,340419E-6
-74,200000E-3	3,326875E-6
-73,600000E-3	3,315814E-6
-73,000000E-3	3,306821E-6
-72,700000E-3	3,299814E-6
-71,900000E-3	3,292113E-6
-71,600000E-3	3,284095E-6
-71,000000E-3	3,278903E-6
-70,400000E-3	3,275289E-6
-69,800000E-3	3,271852E-6
-69,600000E-3	3,267347E-6
-68,800000E-3	3,263230E-6
-68,500000E-3	3,260181E-6
-67,900000E-3	3,256368E-6
-67,300000E-3	3,252319E-6
-66,700000E-3	3,248398E-6
-66,400000E-3	3,244807E-6
-65,900000E-3	3,239104E-6
-65,300000E-3	3,230030E-6
-64,700000E-3	3,221066E-6
-64,300000E-3	3,213027E-6
-63,500000E-3	3,205881E-6
-63,300000E-3	3,199689E-6
-62,700000E-3	3,194868E-6
-62,200000E-3	3,190183E-6
-61,600000E-3	3,187554E-6
-61,300000E-3	3,185567E-6
-60,400000E-3	3,182693E-6
-60,100000E-3	3,178097E-6
-59,600000E-3	3,172136E-6
-59,000000E-3	3,164801E-6
-58,400000E-3	3,158501E-6
-58,100000E-3	3,155795E-6
-57,500000E-3	3,153478E-6
-57,000000E-3	3,147241E-6
-56,500000E-3	3,140773E-6
-55,900000E-3	3,134863E-6
-55,300000E-3	3,127616E-6
-54,800000E-3	3,123003E-6
-54,200000E-3	3,121637E-6
-53,600000E-3	3,121840E-6
-53,300000E-3	3,123236E-6
-52,800000E-3	3,124611E-6
-52,200000E-3	3,121603E-6
-51,600000E-3	3,113870E-6
-51,000000E-3	3,103604E-6
-50,600000E-3	3,093795E-6
-49,900000E-3	3,088026E-6
-49,600000E-3	3,086049E-6
-49,000000E-3	3,084665E-6
-48,500000E-3	3,081415E-6
-48,200000E-3	3,076317E-6
-47,600000E-3	3,071933E-6
-47,000000E-3	3,067760E-6
-46,500000E-3	3,063972E-6
-46,000000E-3	3,060422E-6
-45,300000E-3	3,054863E-6
-44,800000E-3	3,048939E-6
-44,400000E-3	3,046875E-6
-43,900000E-3	3,047489E-6
-43,300000E-3	3,048897E-6
-43,100000E-3	3,048048E-6
-42,300000E-3	3,043669E-6
-41,900000E-3	3,039632E-6
-41,300000E-3	3,033033E-6
-40,700000E-3	3,023996E-6
-40,100000E-3	3,017455E-6
-39,900000E-3	3,013606E-6
-39,300000E-3	3,010514E-6
-38,500000E-3	3,008277E-6
-38,200000E-3	3,005115E-6
-37,900000E-3	3,001809E-6
-37,100000E-3	2,998804E-6
-36,800000E-3	2,996960E-6
-36,200000E-3	2,997173E-6
-35,600000E-3	2,996263E-6
-35,100000E-3	2,992342E-6
-34,800000E-3	2,989033E-6
-34,000000E-3	2,988057E-6
-33,600000E-3	2,987580E-6
-33,100000E-3	2,985571E-6
-32,500000E-3	2,983025E-6
-31,900000E-3	2,982266E-6
-31,600000E-3	2,981898E-6
-31,000000E-3	2,979380E-6
-30,500000E-3	2,973942E-6
-30,000000E-3	2,969660E-6
-29,400000E-3	2,965814E-6
-28,800000E-3	2,961022E-6
-28,500000E-3	2,956826E-6
-28,000000E-3	2,954270E-6
-27,400000E-3	2,953641E-6
-26,800000E-3	2,952459E-6
-26,200000E-3	2,950629E-6
-25,600000E-3	2,946917E-6
-25,100000E-3	2,940901E-6
-24,800000E-3	2,936195E-6
-24,200000E-3	2,934293E-6
-23,600000E-3	2,932672E-6
-23,100000E-3	2,929048E-6
-22,700000E-3	2,926610E-6
-21,900000E-3	2,926461E-6
-21,700000E-3	2,927008E-6
-21,200000E-3	2,927523E-6
-20,500000E-3	2,925139E-6
-20,200000E-3	2,921949E-6
-19,700000E-3	2,919328E-6
-19,100000E-3	2,915768E-6
-18,500000E-3	2,913036E-6
-18,100000E-3	2,913235E-6
-17,400000E-3	2,915868E-6
-16,800000E-3	2,917980E-6
-16,500000E-3	2,917032E-6
-15,800000E-3	2,913122E-6
-15,300000E-3	2,907488E-6
-15,100000E-3	2,901508E-6
-14,400000E-3	2,897860E-6
-13,900000E-3	2,899349E-6
-13,400000E-3	2,903858E-6
-12,800000E-3	2,907413E-6
-12,300000E-3	2,910118E-6
-12,000000E-3	2,911228E-6
-11,200000E-3	2,906924E-6
-10,800000E-3	2,898770E-6
-10,200000E-3	2,892613E-6
-9,800000E-3	2,888472E-6
-9,100000E-3	2,885572E-6
-8,800000E-3	2,881196E-6
-8,200000E-3	2,875561E-6
-7,500000E-3	2,871298E-6
-7,100000E-3	2,872084E-6
-6,500000E-3	2,877791E-6
-6,000000E-3	2,884406E-6
-5,700000E-3	2,885399E-6
-5,100000E-3	2,883757E-6
-4,500000E-3	2,885055E-6
-3,900000E-3	2,886763E-6
-3,600000E-3	2,886723E-6
-3,000000E-3	2,883377E-6
-2,400000E-3	2,878769E-6
-1,800000E-3	2,875192E-6
-1,300000E-3	2,873814E-6
-700,000000E-6	2,874330E-6
-100,000000E-6	2,874606E-6
200,000000E-6	2,876046E-6
800,000000E-6	2,878348E-6
1,300000E-3	2,881130E-6
1,800000E-3	2,883471E-6
2,500000E-3	2,884953E-6
3,100000E-3	2,887105E-6
3,400000E-3	2,889171E-6
4,000000E-3	2,889972E-6
4,500000E-3	2,888674E-6
5,100000E-3	2,886952E-6
5,700000E-3	2,887351E-6
6,300000E-3	2,889378E-6
6,800000E-3	2,893679E-6
7,100000E-3	2,899245E-6
7,700000E-3	2,904058E-6
8,200000E-3	2,905513E-6
8,500000E-3	2,903988E-6
9,300000E-3	2,900680E-6
10,000000E-3	2,896279E-6
10,200000E-3	2,893781E-6
10,800000E-3	2,896966E-6
11,400000E-3	2,904206E-6
12,000000E-3	2,910305E-6
12,400000E-3	2,911200E-6
13,100000E-3	2,907313E-6
13,400000E-3	2,906650E-6
14,000000E-3	2,909567E-6
14,600000E-3	2,911011E-6
15,100000E-3	2,910152E-6
15,400000E-3	2,908761E-6
16,300000E-3	2,908137E-6
16,800000E-3	2,908871E-6
17,100000E-3	2,911710E-6
17,700000E-3	2,913941E-6
18,300000E-3	2,916302E-6
18,600000E-3	2,921903E-6
19,200000E-3	2,926911E-6
19,600000E-3	2,927797E-6
20,200000E-3	2,927971E-6
20,700000E-3	2,927946E-6
21,400000E-3	2,927827E-6
21,700000E-3	2,928975E-6
22,200000E-3	2,929123E-6
23,100000E-3	2,930243E-6
23,400000E-3	2,934913E-6
23,800000E-3	2,941651E-6
24,600000E-3	2,947684E-6
24,800000E-3	2,952350E-6
25,400000E-3	2,953999E-6
26,000000E-3	2,954377E-6
26,000000E-3	2,953664E-6
26,800000E-3	2,951977E-6
27,500000E-3	2,950786E-6
28,100000E-3	2,953039E-6
28,700000E-3	2,955794E-6
29,300000E-3	2,957320E-6
29,500000E-3	2,960886E-6
30,300000E-3	2,966047E-6
30,700000E-3	2,969260E-6
31,000000E-3	2,970037E-6
31,900000E-3	2,971834E-6
32,400000E-3	2,975355E-6
32,700000E-3	2,980369E-6
33,300000E-3	2,983845E-6
33,900000E-3	2,984132E-6
34,100000E-3	2,983539E-6
34,800000E-3	2,984824E-6
35,600000E-3	2,990248E-6
35,800000E-3	2,997874E-6
36,400000E-3	3,003995E-6
37,000000E-3	3,007925E-6
37,300000E-3	3,008435E-6
38,000000E-3	3,008790E-6
38,400000E-3	3,014615E-6
39,000000E-3	3,022156E-6
39,400000E-3	3,027786E-6
40,100000E-3	3,032877E-6
40,700000E-3	3,037295E-6
41,000000E-3	3,037512E-6
41,500000E-3	3,039267E-6
41,800000E-3	3,046108E-6
42,600000E-3	3,053822E-6
43,100000E-3	3,059725E-6
43,100000E-3	3,064050E-6
44,200000E-3	3,067635E-6
44,800000E-3	3,069114E-6
45,300000E-3	3,070718E-6
45,900000E-3	3,073092E-6
46,200000E-3	3,074721E-6
46,800000E-3	3,075450E-6
47,400000E-3	3,076602E-6
48,000000E-3	3,081810E-6
48,200000E-3	3,087966E-6
48,800000E-3	3,090809E-6
49,300000E-3	3,091248E-6
49,700000E-3	3,092588E-6
50,500000E-3	3,095022E-6
51,100000E-3	3,097797E-6
51,300000E-3	3,103660E-6
51,700000E-3	3,112770E-6
52,600000E-3	3,121021E-6
53,100000E-3	3,124567E-6
53,400000E-3	3,124131E-6
54,000000E-3	3,126632E-6
54,400000E-3	3,135776E-6
55,100000E-3	3,147052E-6
55,600000E-3	3,155569E-6
56,000000E-3	3,162000E-6
56,700000E-3	3,167395E-6
57,400000E-3	3,171894E-6
57,700000E-3	3,174255E-6
58,100000E-3	3,174316E-6
58,800000E-3	3,173580E-6
59,400000E-3	3,174784E-6
59,700000E-3	3,178497E-6
60,200000E-3	3,182570E-6
60,500000E-3	3,185108E-6
61,300000E-3	3,186606E-6
61,600000E-3	3,191440E-6
62,200000E-3	3,200963E-6
62,800000E-3	3,209677E-6
63,300000E-3	3,214799E-6
63,300000E-3	3,216093E-6
64,500000E-3	3,215478E-6
64,800000E-3	3,219094E-6
65,600000E-3	3,228359E-6
65,900000E-3	3,237857E-6
66,500000E-3	3,244167E-6
67,000000E-3	3,250480E-6
67,600000E-3	3,258926E-6
67,900000E-3	3,266517E-6
68,500000E-3	3,272961E-6
69,100000E-3	3,279437E-6
69,300000E-3	3,286899E-6
69,900000E-3	3,292863E-6
70,700000E-3	3,296219E-6
71,100000E-3	3,301202E-6
71,600000E-3	3,309810E-6
72,200000E-3	3,316708E-6
72,500000E-3	3,320546E-6
73,100000E-3	3,323694E-6
73,700000E-3	3,324714E-6
74,200000E-3	3,327105E-6
74,500000E-3	3,331753E-6
75,300000E-3	3,336594E-6
75,600000E-3	3,344052E-6
76,200000E-3	3,355796E-6
76,800000E-3	3,366000E-6
77,300000E-3	3,371989E-6
77,600000E-3	3,376757E-6
78,300000E-3	3,384475E-6
78,800000E-3	3,395259E-6
79,400000E-3	3,404032E-6
80,000000E-3	3,406228E-6
80,500000E-3	3,408219E-6
80,800000E-3	3,412790E-6
80,800000E-3	3,418067E-6
82,000000E-3	3,425460E-6
82,300000E-3	3,433770E-6
82,900000E-3	3,441554E-6
83,500000E-3	3,449523E-6
84,100000E-3	3,457383E-6
84,400000E-3	3,465425E-6
85,000000E-3	3,473635E-6
85,500000E-3	3,479921E-6
86,400000E-3	3,482946E-6
86,400000E-3	3,486721E-6
87,300000E-3	3,491731E-6
87,600000E-3	3,496828E-6
87,900000E-3	3,501218E-6
88,700000E-3	3,505615E-6
89,200000E-3	3,508611E-6
89,800000E-3	3,513292E-6
90,400000E-3	3,521090E-6
90,700000E-3	3,533858E-6
91,300000E-3	3,545320E-6
91,800000E-3	3,554171E-6
92,400000E-3	3,560910E-6
93,000000E-3	3,565135E-6
93,300000E-3	3,566745E-6
94,200000E-3	3,566741E-6
94,400000E-3	3,568094E-6
95,000000E-3	3,573899E-6
95,400000E-3	3,583359E-6
96,200000E-3	3,592121E-6
96,500000E-3	3,599737E-6
97,300000E-3	3,608067E-6
97,700000E-3	3,617752E-6
98,000000E-3	3,625942E-6
98,700000E-3	3,631827E-6
99,400000E-3	3,637992E-6
99,700000E-3	3,643549E-6
100,300000E-3	3,648219E-6
100,800000E-3	3,652867E-6
101,400000E-3	3,660709E-6
101,700000E-3	3,668883E-6
102,300000E-3	3,672686E-6
102,900000E-3	3,674989E-6
103,500000E-3	3,680714E-6
103,900000E-3	3,689228E-6
104,300000E-3	3,699341E-6
104,900000E-3	3,708863E-6
105,400000E-3	3,715754E-6
106,000000E-3	3,720508E-6
106,600000E-3	3,726297E-6
106,800000E-3	3,735333E-6
107,600000E-3	3,744324E-6
108,000000E-3	3,748782E-6
108,300000E-3	3,751276E-6
109,000000E-3	3,757521E-6
109,700000E-3	3,771563E-6
110,000000E-3	3,785464E-6
110,600000E-3	3,797427E-6
111,200000E-3	3,807786E-6
111,700000E-3	3,814997E-6
112,000000E-3	3,820333E-6
112,700000E-3	3,825879E-6
113,200000E-3	3,833802E-6
113,700000E-3	3,844519E-6
114,300000E-3	3,855345E-6
114,900000E-3	3,864107E-6
115,100000E-3	3,870684E-6
115,800000E-3	3,874900E-6
115,800000E-3	3,878419E-6
116,700000E-3	3,881828E-6
117,300000E-3	3,885362E-6
117,900000E-3	3,888703E-6
118,200000E-3	3,891102E-6
118,800000E-3	3,895521E-6
119,400000E-3	3,902163E-6
119,900000E-3	3,911609E-6
120,200000E-3	3,924239E-6
121,000000E-3	3,936265E-6
121,400000E-3	3,945508E-6
122,000000E-3	3,953731E-6
122,500000E-3	3,963612E-6
122,700000E-3	3,974430E-6
123,900000E-3	3,986672E-6
124,200000E-3	3,996383E-6
124,700000E-3	4,005444E-6
125,200000E-3	4,013401E-6
125,800000E-3	4,021503E-6
126,400000E-3	4,029849E-6
127,000000E-3	4,040750E-6
127,600000E-3	4,049433E-6
127,900000E-3	4,055770E-6
128,300000E-3	4,060156E-6
129,000000E-3	4,063428E-6
129,500000E-3	4,067016E-6
130,100000E-3	4,075452E-6
130,700000E-3	4,087284E-6
131,100000E-3	4,099374E-6
131,600000E-3	4,110799E-6
132,000000E-3	4,122412E-6
132,400000E-3	4,133686E-6
133,300000E-3	4,146249E-6
133,600000E-3	4,160335E-6
134,200000E-3	4,171580E-6
134,400000E-3	4,178761E-6
135,100000E-3	4,183379E-6
135,800000E-3	4,187905E-6
136,100000E-3	4,196746E-6
136,700000E-3	4,204811E-6
137,300000E-3	4,209153E-6
137,800000E-3	4,211534E-6
138,100000E-3	4,214262E-6
138,800000E-3	4,218792E-6
139,600000E-3	4,224191E-6
139,900000E-3	4,227517E-6
140,400000E-3	4,229661E-6
141,000000E-3	4,234135E-6
141,600000E-3	4,241307E-6
141,900000E-3	4,248413E-6
142,600000E-3	4,258635E-6
143,100000E-3	4,270502E-6
143,600000E-3	4,279197E-6
143,900000E-3	4,286387E-6
144,700000E-3	4,291719E-6
145,000000E-3	4,294199E-6
145,600000E-3	4,300161E-6
145,600000E-3	4,310520E-6
146,600000E-3	4,320536E-6
146,900000E-3	4,328060E-6
147,700000E-3	4,335561E-6
148,100000E-3	4,343871E-6
148,600000E-3	4,349619E-6
149,200000E-3	4,353217E-6
149,800000E-3	4,356615E-6
150,100000E-3	4,361799E-6
150,700000E-3	4,368594E-6
151,200000E-3	4,375383E-6
151,800000E-3	4,380969E-6
152,100000E-3	4,385580E-6
152,900000E-3	4,389665E-6
153,300000E-3	4,394471E-6
153,800000E-3	4,401449E-6
154,200000E-3	4,411302E-6
155,000000E-3	4,421217E-6
155,200000E-3	4,431113E-6
155,800000E-3	4,440031E-6
156,400000E-3	4,449118E-6
157,000000E-3	4,459168E-6
157,300000E-3	4,470113E-6
158,000000E-3	4,479163E-6
158,400000E-3	4,482226E-6
159,000000E-3	4,482154E-6
159,600000E-3	4,482868E-6
160,200000E-3	4,484129E-6
160,400000E-3	4,487023E-6
161,000000E-3	4,492461E-6
161,600000E-3	4,502018E-6
162,100000E-3	4,514410E-6
162,500000E-3	4,527079E-6
163,100000E-3	4,540144E-6
163,700000E-3	4,552034E-6
163,900000E-3	4,561037E-6
164,700000E-3	4,568346E-6
165,300000E-3	4,572818E-6
165,600000E-3	4,573940E-6
166,200000E-3	4,576184E-6
166,800000E-3	4,584775E-6
167,100000E-3	4,596398E-6
167,600000E-3	4,605441E-6
168,200000E-3	4,614091E-6
168,800000E-3	4,626674E-6
169,400000E-3	4,639691E-6
169,900000E-3	4,649811E-6
170,200000E-3	4,658772E-6
170,800000E-3	4,668869E-6
171,400000E-3	4,680425E-6
171,900000E-3	4,689973E-6
172,500000E-3	4,695287E-6
173,100000E-3	4,698295E-6
173,400000E-3	4,700752E-6
174,000000E-3	4,704321E-6
174,500000E-3	4,709245E-6
174,800000E-3	4,716122E-6
175,400000E-3	4,725637E-6
176,000000E-3	4,735154E-6
176,600000E-3	4,743529E-6
177,200000E-3	4,750435E-6
177,200000E-3	4,757387E-6
178,300000E-3	4,765285E-6
178,500000E-3	4,775855E-6
179,300000E-3	4,785710E-6
179,700000E-3	4,792894E-6
180,300000E-3	4,797982E-6
180,600000E-3	4,802875E-6
181,400000E-3	4,807398E-6
181,700000E-3	4,811654E-6
182,300000E-3	4,820191E-6
182,800000E-3	4,835100E-6
183,400000E-3	4,852976E-6
184,000000E-3	4,867507E-6
184,600000E-3	4,875542E-6
185,200000E-3	4,882303E-6
185,400000E-3	4,886474E-6
186,000000E-3	4,889555E-6
186,600000E-3	4,894686E-6
187,000000E-3	4,901987E-6
187,700000E-3	4,908730E-6
188,000000E-3	4,914267E-6
188,600000E-3	4,917833E-6
189,100000E-3	4,922744E-6
189,700000E-3	4,930530E-6
190,000000E-3	4,942588E-6
190,900000E-3	4,956109E-6
191,500000E-3	4,966145E-6
191,700000E-3	4,972666E-6
192,300000E-3	4,977723E-6
192,900000E-3	4,981668E-6
193,500000E-3	4,985097E-6
193,800000E-3	4,989251E-6
194,400000E-3	4,992976E-6
194,900000E-3	4,998901E-6
195,500000E-3	5,010031E-6
195,900000E-3	5,023778E-6
196,400000E-3	5,036941E-6
197,200000E-3	5,047514E-6
197,500000E-3	5,054295E-6
198,100000E-3	5,059735E-6
198,400000E-3	5,067095E-6
199,200000E-3	5,075188E-6
199,500000E-3	5,081109E-6
200,100000E-3	5,085460E-6
200,700000E-3	5,089910E-6
201,200000E-3	5,096332E-6
201,800000E-3	5,106497E-6
202,100000E-3	5,118791E-6
202,600000E-3	5,129736E-6
203,200000E-3	5,138915E-6
203,800000E-3	5,146357E-6
204,100000E-3	5,153163E-6
204,900000E-3	5,160329E-6
205,500000E-3	5,169154E-6
205,800000E-3	5,175571E-6
206,400000E-3	5,179159E-6
206,900000E-3	5,184002E-6
207,600000E-3	5,191946E-6
207,800000E-3	5,201966E-6
208,400000E-3	5,211149E-6
208,900000E-3	5,216542E-6
209,500000E-3	5,221894E-6
210,100000E-3	5,229176E-6
210,700000E-3	5,238820E-6
210,900000E-3	5,247748E-6
211,500000E-3	5,254860E-6
212,100000E-3	5,262773E-6
212,700000E-3	5,272683E-6
213,000000E-3	5,283769E-6
213,900000E-3	5,291193E-6
214,200000E-3	5,295961E-6
214,700000E-3	5,302558E-6
215,300000E-3	5,309006E-6
215,800000E-3	5,312405E-6
216,200000E-3	5,312752E-6
216,800000E-3	5,314591E-6
217,300000E-3	5,322636E-6
217,900000E-3	5,335906E-6
218,400000E-3	5,346532E-6
219,100000E-3	5,353362E-6
219,300000E-3	5,360117E-6
219,900000E-3	5,367107E-6
220,500000E-3	5,371725E-6
221,100000E-3	5,375075E-6
221,300000E-3	5,381833E-6
221,800000E-3	5,390170E-6
222,700000E-3	5,397311E-6
223,500000E-3	5,409866E-6
223,500000E-3	5,421059E-6
224,100000E-3	5,430292E-6
224,800000E-3	5,438758E-6
225,400000E-3	5,447565E-6
225,900000E-3	5,456377E-6
226,500000E-3	5,466533E-6
226,800000E-3	5,478104E-6
227,300000E-3	5,489619E-6
228,000000E-3	5,498945E-6
228,600000E-3	5,505695E-6
229,100000E-3	5,510519E-6
229,500000E-3	5,514739E-6
230,300000E-3	5,518023E-6
230,800000E-3	5,523670E-6
231,100000E-3	5,530062E-6
231,700000E-3	5,535369E-6
232,300000E-3	5,538081E-6
232,500000E-3	5,540551E-6
233,300000E-3	5,544821E-6
233,700000E-3	5,551084E-6
234,300000E-3	5,558314E-6
234,900000E-3	5,568518E-6
235,500000E-3	5,580907E-6
236,000000E-3	5,590605E-6
236,300000E-3	5,600557E-6
236,900000E-3	5,610788E-6
237,100000E-3	5,620069E-6
237,500000E-3	5,629339E-6
238,400000E-3	5,637977E-6
239,000000E-3	5,646012E-6
239,500000E-3	5,654728E-6
240,100000E-3	5,664262E-6
240,400000E-3	5,673812E-6
241,100000E-3	5,682292E-6
241,500000E-3	5,689168E-6
242,200000E-3	5,697318E-6
242,700000E-3	5,706575E-6
243,300000E-3	5,713337E-6
243,600000E-3	5,718334E-6
244,200000E-3	5,721555E-6
244,800000E-3	5,725607E-6
245,400000E-3	5,734666E-6
246,200000E-3	5,755405E-6
246,500000E-3	5,762247E-6
247,200000E-3	5,766496E-6
248,000000E-3	5,774804E-6
248,500000E-3	5,787592E-6
249,100000E-3	5,792100E-6
249,400000E-3	5,793927E-6
250,100000E-3	5,797618E-6
250,600000E-3	5,807409E-6
251,200000E-3	5,821916E-6
251,800000E-3	5,838661E-6
252,100000E-3	5,853829E-6
252,700000E-3	5,861816E-6
253,300000E-3	5,864540E-6
253,900000E-3	5,866778E-6
254,200000E-3	5,870086E-6
254,900000E-3	5,875449E-6
255,300000E-3	5,884637E-6
256,100000E-3	5,893333E-6
256,500000E-3	5,897176E-6
257,100000E-3	5,901054E-6
257,300000E-3	5,908863E-6
257,900000E-3	5,918422E-6
258,600000E-3	5,926024E-6
259,000000E-3	5,930506E-6
259,600000E-3	5,938755E-6
260,200000E-3	5,946581E-6
260,700000E-3	5,951354E-6
261,400000E-3	5,956362E-6
261,900000E-3	5,963046E-6
262,100000E-3	5,972002E-6
262,800000E-3	5,979447E-6
263,500000E-3	5,985011E-6
264,000000E-3	5,991482E-6
264,200000E-3	5,997521E-6
265,100000E-3	6,002866E-6
265,400000E-3	6,007805E-6
266,000000E-3	6,011879E-6
266,500000E-3	6,016713E-6
267,000000E-3	6,021702E-6
267,400000E-3	6,028211E-6
268,000000E-3	6,036872E-6
268,500000E-3	6,046132E-6
269,100000E-3	6,055795E-6
269,500000E-3	6,063122E-6
270,300000E-3	6,069545E-6
270,500000E-3	6,075023E-6
271,100000E-3	6,080684E-6
271,700000E-3	6,086343E-6
272,300000E-3	6,089766E-6
272,500000E-3	6,093668E-6
273,100000E-3	6,097780E-6
273,700000E-3	6,099315E-6
274,300000E-3	6,102644E-6
274,600000E-3	6,111321E-6
275,400000E-3	6,121583E-6
275,700000E-3	6,130429E-6
276,400000E-3	6,139837E-6
276,900000E-3	6,151561E-6
277,500000E-3	6,163883E-6
277,800000E-3	6,175392E-6
278,500000E-3	6,186797E-6
279,200000E-3	6,196125E-6
279,800000E-3	6,200696E-6
280,100000E-3	6,205811E-6
280,700000E-3	6,214171E-6
281,300000E-3	6,221786E-6
281,800000E-3	6,232066E-6
282,100000E-3	6,246732E-6
283,000000E-3	6,262681E-6
283,300000E-3	6,272879E-6
283,900000E-3	6,276676E-6
284,300000E-3	6,275376E-6
284,800000E-3	6,273064E-6
285,400000E-3	6,272468E-6
286,000000E-3	6,274678E-6
286,600000E-3	6,279803E-6
286,900000E-3	6,285613E-6
287,500000E-3	6,289466E-6
288,100000E-3	6,292128E-6
288,700000E-3	6,296727E-6
289,000000E-3	6,303605E-6
289,600000E-3	6,312822E-6
290,200000E-3	6,322902E-6
290,500000E-3	6,329697E-6
291,100000E-3	6,334803E-6
291,600000E-3	6,339616E-6
292,300000E-3	6,342805E-6
292,600000E-3	6,345915E-6
293,200000E-3	6,348441E-6
293,800000E-3	6,352393E-6
294,100000E-3	6,358912E-6
294,900000E-3	6,364428E-6
295,300000E-3	6,369114E-6
295,600000E-3	6,373556E-6
296,200000E-3	6,378498E-6
296,800000E-3	6,382713E-6
297,500000E-3	6,386243E-6
297,700000E-3	6,394074E-6
298,400000E-3	6,407405E-6
299,000000E-3	6,423185E-6
299,600000E-3	6,434543E-6
300,100000E-3	6,438487E-6
300,800000E-3	6,437134E-6
301,000000E-3	6,436736E-6
301,600000E-3	6,441901E-6
302,300000E-3	6,452559E-6
302,900000E-3	6,463089E-6
303,500000E-3	6,473356E-6
304,100000E-3	6,481929E-6
304,400000E-3	6,489318E-6
305,000000E-3	6,494256E-6
305,300000E-3	6,497333E-6
306,000000E-3	6,499666E-6
306,500000E-3	6,501041E-6
307,100000E-3	6,506266E-6
307,400000E-3	6,516883E-6
308,000000E-3	6,525339E-6
308,600000E-3	6,529778E-6
309,200000E-3	6,534782E-6
309,500000E-3	6,542998E-6
310,100000E-3	6,555445E-6
310,700000E-3	6,564239E-6
311,300000E-3	6,572939E-6
312,000000E-3	6,580918E-6
312,600000E-3	6,586653E-6
312,900000E-3	6,593901E-6
313,500000E-3	6,602679E-6
313,800000E-3	6,613216E-6
314,400000E-3	6,625878E-6
315,000000E-3	6,639101E-6
315,000000E-3	6,649060E-6
316,000000E-3	6,656293E-6
316,200000E-3	6,664898E-6
316,900000E-3	6,671522E-6
317,500000E-3	6,673304E-6
318,100000E-3	6,675184E-6
318,700000E-3	6,679887E-6
319,000000E-3	6,683819E-6
319,300000E-3	6,683636E-6
319,900000E-3	6,681759E-6
320,500000E-3	6,680395E-6
320,600000E-3	6,683832E-6
321,700000E-3	6,692323E-6
322,300000E-3	6,701476E-6
322,600000E-3	6,709240E-6
323,200000E-3	6,717695E-6
323,800000E-3	6,724306E-6
324,400000E-3	6,724426E-6
324,700000E-3	6,719105E-6
325,100000E-3	6,715687E-6
325,600000E-3	6,718314E-6
326,400000E-3	6,725618E-6
326,900000E-3	6,731888E-6
327,100000E-3	6,735428E-6
327,800000E-3	6,737559E-6
328,000000E-3	6,743295E-6
328,000000E-3	6,755315E-6
329,400000E-3	6,769002E-6
329,700000E-3	6,781828E-6
330,400000E-3	6,789815E-6
331,100000E-3	6,793941E-6
331,800000E-3	6,797619E-6
332,300000E-3	6,801474E-6
332,700000E-3	6,806094E-6
333,000000E-3	6,812281E-6
333,600000E-3	6,819499E-6
334,200000E-3	6,825391E-6
334,800000E-3	6,829731E-6
335,400000E-3	6,837400E-6
335,700000E-3	6,845922E-6
336,300000E-3	6,848934E-6
336,900000E-3	6,847412E-6
337,200000E-3	6,845860E-6
337,800000E-3	6,846993E-6
338,400000E-3	6,852783E-6
339,000000E-3	6,863313E-6
339,300000E-3	6,876251E-6
339,900000E-3	6,886703E-6
339,900000E-3	6,890637E-6
341,000000E-3	6,887369E-6
341,600000E-3	6,882599E-6
342,100000E-3	6,882281E-6
342,400000E-3	6,888161E-6
343,000000E-3	6,897235E-6
343,600000E-3	6,903763E-6
344,300000E-3	6,907994E-6
344,300000E-3	6,910044E-6
345,100000E-3	6,913579E-6
345,500000E-3	6,920711E-6
346,100000E-3	6,926151E-6
346,700000E-3	6,927925E-6
347,300000E-3	6,928959E-6
347,600000E-3	6,935039E-6
348,200000E-3	6,945952E-6
348,800000E-3	6,954577E-6
349,400000E-3	6,954327E-6
349,700000E-3	6,948360E-6
350,600000E-3	6,943758E-6
350,900000E-3	6,945414E-6
351,200000E-3	6,952080E-6
351,900000E-3	6,959007E-6
352,700000E-3	6,965261E-6
353,000000E-3	6,970655E-6
353,300000E-3	6,978680E-6
353,900000E-3	6,984714E-6
354,500000E-3	6,989328E-6
355,100000E-3	6,993367E-6
355,400000E-3	6,996610E-6
356,000000E-3	6,998728E-6
356,600000E-3	6,998266E-6
357,300000E-3	6,997625E-6
357,500000E-3	7,000382E-6
358,200000E-3	7,003364E-6
358,700000E-3	7,008372E-6
359,100000E-3	7,016947E-6
359,900000E-3	7,025536E-6
360,600000E-3	7,034079E-6
360,900000E-3	7,044865E-6
361,200000E-3	7,055435E-6
361,800000E-3	7,063469E-6
362,400000E-3	7,069608E-6
363,000000E-3	7,076013E-6
363,000000E-3	7,085385E-6
364,100000E-3	7,092052E-6
364,900000E-3	7,090748E-6
365,100000E-3	7,085793E-6
365,400000E-3	7,083447E-6
366,000000E-3	7,085149E-6
366,600000E-3	7,085920E-6
367,200000E-3	7,083483E-6
367,500000E-3	7,077958E-6
368,100000E-3	7,075526E-6
368,700000E-3	7,079854E-6
369,300000E-3	7,086486E-6
369,300000E-3	7,090640E-6
370,400000E-3	7,092044E-6
370,800000E-3	7,097112E-6
371,100000E-3	7,107716E-6
371,700000E-3	7,115269E-6
372,400000E-3	7,119670E-6
372,900000E-3	7,123190E-6
373,300000E-3	7,127274E-6
373,500000E-3	7,135371E-6
374,500000E-3	7,147585E-6
374,800000E-3	7,158185E-6
374,800000E-3	7,163433E-6
375,900000E-3	7,164732E-6
376,300000E-3	7,165400E-6
376,900000E-3	7,168166E-6
377,500000E-3	7,175222E-6
378,100000E-3	7,183270E-6
378,400000E-3	7,187551E-6
378,700000E-3	7,190049E-6
379,700000E-3	7,194103E-6
380,300000E-3	7,199203E-6
380,500000E-3	7,205277E-6
381,200000E-3	7,210358E-6
381,800000E-3	7,216676E-6
382,400000E-3	7,224942E-6
383,000000E-3	7,233231E-6
383,300000E-3	7,239351E-6
383,900000E-3	7,242677E-6
384,500000E-3	7,244644E-6
385,100000E-3	7,247724E-6
385,700000E-3	7,250838E-6
386,000000E-3	7,254312E-6
386,300000E-3	7,260629E-6
387,000000E-3	7,270793E-6
387,800000E-3	7,283492E-6
388,400000E-3	7,288220E-6
388,700000E-3	7,291566E-6
389,300000E-3	7,296501E-6
389,600000E-3	7,298283E-6
389,900000E-3	7,293997E-6
390,600000E-3	7,290815E-6
391,200000E-3	7,292054E-6
391,800000E-3	7,292977E-6
392,400000E-3	7,297022E-6
393,100000E-3	7,306362E-6
393,400000E-3	7,316520E-6
394,000000E-3	7,326556E-6
394,300000E-3	7,336571E-6
394,900000E-3	7,347771E-6
395,500000E-3	7,359382E-6
396,100000E-3	7,367097E-6
396,400000E-3	7,370244E-6
397,000000E-3	7,369243E-6
397,600000E-3	7,364945E-6
398,000000E-3	7,357816E-6
398,500000E-3	7,350216E-6
399,200000E-3	7,344426E-6
399,400000E-3	7,342592E-6
400,100000E-3	7,346465E-6
400,700000E-3	7,354304E-6
401,000000E-3	7,366542E-6
401,900000E-3	7,380933E-6
402,300000E-3	7,393899E-6
402,600000E-3	7,405702E-6
403,200000E-3	7,416394E-6
403,800000E-3	7,425545E-6
404,100000E-3	7,431882E-6
404,400000E-3	7,434783E-6
405,100000E-3	7,436358E-6
405,800000E-3	7,435344E-6
406,400000E-3	7,434270E-6
406,700000E-3	7,440850E-6
407,300000E-3	7,454861E-6
407,600000E-3	7,467007E-6
408,200000E-3	7,470163E-6
408,900000E-3	7,461913E-6
409,500000E-3	7,444622E-6
409,800000E-3	7,427249E-6
410,400000E-3	7,421646E-6
410,700000E-3	7,432088E-6
411,400000E-3	7,448539E-6
412,000000E-3	7,460973E-6
412,600000E-3	7,471122E-6
412,900000E-3	7,480452E-6
413,600000E-3	7,487347E-6
413,900000E-3	7,491184E-6
414,500000E-3	7,492350E-6
415,100000E-3	7,495094E-6
415,700000E-3	7,501277E-6
416,100000E-3	7,507097E-6
416,700000E-3	7,510349E-6
417,000000E-3	7,514041E-6
417,600000E-3	7,518495E-6
418,200000E-3	7,524612E-6
418,900000E-3	7,531282E-6
419,100000E-3	7,536314E-6
419,800000E-3	7,540108E-6
420,300000E-3	7,545453E-6
421,000000E-3	7,548608E-6
421,600000E-3	7,552262E-6
422,300000E-3	7,559215E-6
422,800000E-3	7,570339E-6
423,100000E-3	7,578101E-6
423,100000E-3	7,581649E-6
424,300000E-3	7,585822E-6
424,700000E-3	7,592816E-6
425,400000E-3	7,598223E-6
425,800000E-3	7,600767E-6
426,400000E-3	7,606851E-6
427,000000E-3	7,615521E-6
427,300000E-3	7,625651E-6
427,900000E-3	7,636160E-6
428,400000E-3	7,643789E-6
429,100000E-3	7,645120E-6
429,500000E-3	7,643423E-6
430,100000E-3	7,643279E-6
430,600000E-3	7,646999E-6
431,300000E-3	7,651244E-6
431,600000E-3	7,656022E-6
432,200000E-3	7,663519E-6
432,600000E-3	7,670826E-6
433,100000E-3	7,674810E-6
433,800000E-3	7,679047E-6
434,400000E-3	7,684744E-6
434,700000E-3	7,687370E-6
435,100000E-3	7,686650E-6
435,700000E-3	7,688723E-6
436,300000E-3	7,693091E-6
436,900000E-3	7,696658E-6
437,500000E-3	7,700871E-6
437,900000E-3	7,704295E-6
438,100000E-3	7,704737E-6
438,800000E-3	7,706257E-6
439,400000E-3	7,709708E-6
440,100000E-3	7,710553E-6
440,700000E-3	7,711698E-6
441,300000E-3	7,718043E-6
441,600000E-3	7,727724E-6
441,800000E-3	7,739645E-6
442,600000E-3	7,747385E-6
443,100000E-3	7,751078E-6
443,800000E-3	7,755305E-6
444,100000E-3	7,760880E-6
444,700000E-3	7,764848E-6
445,000000E-3	7,767205E-6
445,600000E-3	7,772084E-6
446,300000E-3	7,781032E-6
446,800000E-3	7,791077E-6
447,200000E-3	7,799143E-6
447,800000E-3	7,800906E-6
448,100000E-3	7,794556E-6
448,700000E-3	7,785632E-6
449,300000E-3	7,779462E-6
450,000000E-3	7,779269E-6
450,300000E-3	7,787138E-6
450,600000E-3	7,795997E-6
451,200000E-3	7,799913E-6
451,800000E-3	7,805999E-6
452,400000E-3	7,815335E-6
453,100000E-3	7,823781E-6
453,700000E-3	7,832025E-6
453,700000E-3	7,836451E-6
454,600000E-3	7,839501E-6
455,500000E-3	7,842578E-6
455,500000E-3	7,849631E-6
456,100000E-3	7,859455E-6
456,700000E-3	7,867434E-6
457,300000E-3	7,874205E-6
457,600000E-3	7,882362E-6
457,900000E-3	7,888072E-6
458,700000E-3	7,891760E-6
459,200000E-3	7,896825E-6
459,200000E-3	7,900679E-6
460,300000E-3	7,905219E-6
460,800000E-3	7,911086E-6
461,500000E-3	7,917921E-6
461,500000E-3	7,929042E-6
462,200000E-3	7,940239E-6
463,200000E-3	7,952295E-6
463,300000E-3	7,964974E-6
464,100000E-3	7,977238E-6
464,500000E-3	7,985083E-6
465,200000E-3	7,986889E-6
465,700000E-3	7,984108E-6
466,400000E-3	7,984839E-6
466,700000E-3	7,991311E-6
467,400000E-3	7,998328E-6
467,600000E-3	8,001110E-6
468,300000E-3	7,999440E-6
468,800000E-3	8,002115E-6
469,500000E-3	8,010840E-6
470,100000E-3	8,015929E-6
470,800000E-3	8,021942E-6
471,400000E-3	8,033171E-6
471,700000E-3	8,042578E-6
472,400000E-3	8,044793E-6
472,600000E-3	8,043460E-6
473,000000E-3	8,044992E-6
473,700000E-3	8,051889E-6
474,300000E-3	8,055648E-6
474,600000E-3	8,055512E-6
475,300000E-3	8,054093E-6
476,200000E-3	8,051402E-6
476,500000E-3	8,050058E-6
476,800000E-3	8,052253E-6
477,300000E-3	8,057214E-6
478,100000E-3	8,058297E-6
478,600000E-3	8,056590E-6
478,600000E-3	8,057644E-6
479,700000E-3	8,059555E-6
480,300000E-3	8,060626E-6
480,600000E-3	8,060574E-6
481,200000E-3	8,061828E-6
481,400000E-3	8,063200E-6
482,300000E-3	8,064257E-6
482,600000E-3	8,064822E-6
483,300000E-3	8,060837E-6
483,500000E-3	8,053909E-6
484,400000E-3	8,056896E-6
484,700000E-3	8,073596E-6
485,300000E-3	8,096405E-6
485,900000E-3	8,110625E-6
486,500000E-3	8,117086E-6
486,800000E-3	8,122170E-6
487,300000E-3	8,131519E-6
488,000000E-3	8,142294E-6
488,200000E-3	8,147584E-6
488,200000E-3	8,150785E-6
489,600000E-3	8,155648E-6
489,900000E-3	8,160920E-6
490,500000E-3	8,165770E-6
490,800000E-3	8,176454E-6
491,400000E-3	8,195836E-6
492,000000E-3	8,215956E-6
492,200000E-3	8,228061E-6
492,200000E-3	8,234261E-6
492,300000E-3	8,241245E-6
494,000000E-3	8,250105E-6
494,800000E-3	8,258330E-6
495,100000E-3	8,265531E-6
495,700000E-3	8,274053E-6
496,300000E-3	8,283491E-6
496,500000E-3	8,288475E-6
497,100000E-3	8,284791E-6
497,700000E-3	8,279346E-6
497,700000E-3	8,280128E-6
498,400000E-3	8,280737E-6
499,400000E-3	8,276323E-6
499,600000E-3	8,269866E-6
