0.00000000E+0	-85.00925065E-9	
0.00000000E+0	-83.83241768E-9	
200.00000000E-6	-82.93408628E-9	
500.00000000E-6	-82.54665290E-9	
900.00000000E-6	-82.28923049E-9	
1.20000000E-3	-81.68643200E-9	
1.80000000E-3	-81.13786385E-9	
2.30000000E-3	-81.55211122E-9	
3.10000000E-3	-83.12082936E-9	
3.80000000E-3	-84.88254991E-9	
4.30000000E-3	-86.37623104E-9	
4.90000000E-3	-87.14524859E-9	
5.70000000E-3	-86.91210953E-9	
6.30000000E-3	-85.87854429E-9	
7.10000000E-3	-84.40026077E-9	
7.90000000E-3	-83.32150414E-9	
8.60000000E-3	-82.88491907E-9	
9.10000000E-3	-82.91484212E-9	
10.00000000E-3	-83.34958047E-9	
10.60000000E-3	-84.15504893E-9	
11.50000000E-3	-84.92744366E-9	
12.40000000E-3	-85.25259683E-9	
13.10000000E-3	-85.02379413E-9	
13.80000000E-3	-84.40807550E-9	
14.40000000E-3	-84.01800987E-9	
15.10000000E-3	-84.49249457E-9	
16.00000000E-3	-86.18719208E-9	
16.90000000E-3	-89.20937344E-9	
17.50000000E-3	-93.18415789E-9	
18.40000000E-3	-97.40427376E-9	
19.00000000E-3	-101.53966189E-9	
19.50000000E-3	-106.00371444E-9	
20.40000000E-3	-111.66173576E-9	
21.30000000E-3	-119.06209382E-9	
22.20000000E-3	-127.53002834E-9	
22.80000000E-3	-136.19790763E-9	
23.40000000E-3	-144.57777430E-9	
24.10000000E-3	-152.61705341E-9	
25.00000000E-3	-160.94512388E-9	
25.90000000E-3	-169.09117799E-9	
26.50000000E-3	-177.89010617E-9	
27.40000000E-3	-187.46815726E-9	
28.00000000E-3	-197.68051924E-9	
28.70000000E-3	-208.00188218E-9	
29.60000000E-3	-218.01433297E-9	
30.50000000E-3	-227.36317138E-9	
30.50000000E-3	-235.60287835E-9	
31.70000000E-3	-242.26594197E-9	
32.40000000E-3	-247.32127413E-9	
33.40000000E-3	-251.17110842E-9	
33.90000000E-3	-253.86474046E-9	
34.30000000E-3	-255.63532646E-9	
35.50000000E-3	-257.09675102E-9	
36.40000000E-3	-257.91377061E-9	
37.00000000E-3	-256.99643579E-9	
37.90000000E-3	-253.84387319E-9	
38.60000000E-3	-248.57475280E-9	
39.20000000E-3	-241.50640523E-9	
40.00000000E-3	-232.57780767E-9	
40.60000000E-3	-221.36464581E-9	
41.60000000E-3	-206.44745805E-9	
42.50000000E-3	-189.26982523E-9	
43.20000000E-3	-171.73901021E-9	
44.00000000E-3	-152.84344883E-9	
44.60000000E-3	-132.83016691E-9	
45.50000000E-3	-111.62440614E-9	
46.00000000E-3	-89.34634828E-9	
46.90000000E-3	-66.22200361E-9	
47.90000000E-3	-42.39791828E-9	
48.50000000E-3	-16.23571224E-9	
49.40000000E-3	11.98381956E-9	
50.00000000E-3	41.38634428E-9	
50.70000000E-3	72.51150454E-9	
51.50000000E-3	104.80189249E-9	
52.00000000E-3	137.88258640E-9	
52.90000000E-3	171.36980567E-9	
53.80000000E-3	205.21792013E-9	
54.40000000E-3	239.30633907E-9	
55.30000000E-3	273.66746158E-9	
55.80000000E-3	308.52140349E-9	
56.80000000E-3	343.80581601E-9	
57.40000000E-3	379.94975799E-9	
58.10000000E-3	416.56477675E-9	
59.00000000E-3	454.08782739E-9	
59.80000000E-3	490.51269431E-9	
60.80000000E-3	524.06100454E-9	
61.30000000E-3	555.99665335E-9	
62.00000000E-3	587.39639744E-9	
62.60000000E-3	618.74361030E-9	
63.50000000E-3	649.38763496E-9	
64.50000000E-3	678.56576120E-9	
65.10000000E-3	705.52163788E-9	
65.70000000E-3	730.17436292E-9	
66.30000000E-3	752.85655282E-9	
67.20000000E-3	774.79829282E-9	
68.20000000E-3	793.58958786E-9	
68.80000000E-3	810.56999871E-9	
69.50000000E-3	826.57649361E-9	
70.40000000E-3	841.85417039E-9	
71.00000000E-3	855.53074838E-9	
71.90000000E-3	867.03831357E-9	
72.50000000E-3	875.04890620E-9	
73.40000000E-3	880.33920665E-9	
74.10000000E-3	884.18051373E-9	
75.00000000E-3	887.58847335E-9	
75.50000000E-3	890.14226128E-9	
76.50000000E-3	891.14060626E-9	
77.00000000E-3	890.06841253E-9	
77.90000000E-3	886.86264546E-9	
78.90000000E-3	881.91002886E-9	
79.40000000E-3	875.52239073E-9	
80.30000000E-3	867.77649735E-9	
81.00000000E-3	859.25169124E-9	
81.50000000E-3	850.34328647E-9	
82.50000000E-3	841.26103519E-9	
83.10000000E-3	831.82205952E-9	
83.70000000E-3	821.93726922E-9	
84.70000000E-3	811.38216896E-9	
85.50000000E-3	799.91661332E-9	
85.50000000E-3	787.91692068E-9	
86.90000000E-3	775.86575321E-9	
87.40000000E-3	763.83072966E-9	
88.30000000E-3	751.55365752E-9	
89.20000000E-3	739.14084944E-9	
89.50000000E-3	727.01090006E-9	
90.60000000E-3	715.45347294E-9	
91.50000000E-3	704.76434673E-9	
92.10000000E-3	695.03529000E-9	
92.80000000E-3	686.15583689E-9	
93.60000000E-3	677.56103004E-9	
94.40000000E-3	669.34773541E-9	
95.00000000E-3	661.78568349E-9	
95.90000000E-3	654.52381442E-9	
96.80000000E-3	648.57225062E-9	
97.40000000E-3	643.59193330E-9	
98.30000000E-3	639.46232543E-9	
99.00000000E-3	635.83123457E-9	
99.80000000E-3	632.40730145E-9	
100.40000000E-3	629.33022895E-9	
101.20000000E-3	627.60093070E-9	
101.60000000E-3	627.50091288E-9	
102.60000000E-3	628.41472915E-9	
103.40000000E-3	629.96001307E-9	
104.30000000E-3	631.93641477E-9	
105.00000000E-3	634.14671180E-9	
105.90000000E-3	636.25285369E-9	
106.50000000E-3	638.31434742E-9	
107.10000000E-3	640.79849661E-9	
107.40000000E-3	643.97108875E-9	
108.70000000E-3	647.94519125E-9	
109.60000000E-3	652.47941568E-9	
110.10000000E-3	657.88953946E-9	
111.00000000E-3	663.72328234E-9	
111.90000000E-3	669.60805964E-9	
112.50000000E-3	675.76028090E-9	
113.40000000E-3	682.26819014E-9	
114.00000000E-3	688.90966159E-9	
114.60000000E-3	695.52458462E-9	
115.50000000E-3	701.81414347E-9	
116.10000000E-3	707.62070037E-9	
117.00000000E-3	712.88488424E-9	
117.80000000E-3	717.91882514E-9	
118.40000000E-3	723.34543017E-9	
119.30000000E-3	729.56923913E-9	
119.60000000E-3	736.18895428E-9	
120.90000000E-3	742.65867260E-9	
121.50000000E-3	749.08487659E-9	
121.80000000E-3	755.36470978E-9	
122.90000000E-3	761.48769746E-9	
123.70000000E-3	767.71203686E-9	
124.60000000E-3	773.58879862E-9	
125.20000000E-3	778.73909446E-9	
126.20000000E-3	783.15421450E-9	
126.70000000E-3	787.16147256E-9	
127.30000000E-3	791.33868094E-9	
128.30000000E-3	796.06542919E-9	
128.80000000E-3	801.11667205E-9	
129.80000000E-3	806.40597381E-9	
130.70000000E-3	812.11987896E-9	
131.30000000E-3	817.85887317E-9	
131.90000000E-3	823.29915235E-9	
132.80000000E-3	828.41954531E-9	
133.50000000E-3	833.16025301E-9	
134.10000000E-3	837.33040569E-9	
135.00000000E-3	841.05235791E-9	
135.90000000E-3	844.39837463E-9	
136.70000000E-3	847.94759036E-9	
137.40000000E-3	851.63595619E-9	
138.00000000E-3	855.33167293E-9	
138.60000000E-3	858.85013698E-9	
139.50000000E-3	861.36987655E-9	
140.40000000E-3	863.13423412E-9	
141.00000000E-3	865.00978320E-9	
141.90000000E-3	867.14578890E-9	
142.70000000E-3	869.32606891E-9	
143.30000000E-3	870.96817202E-9	
144.20000000E-3	871.43964896E-9	
144.80000000E-3	870.98879424E-9	
145.10000000E-3	870.63239892E-9	
146.20000000E-3	871.03811422E-9	
147.00000000E-3	871.87109866E-9	
147.90000000E-3	872.59480785E-9	
148.50000000E-3	872.90245629E-9	
149.40000000E-3	872.33019562E-9	
150.30000000E-3	870.79367488E-9	
150.90000000E-3	868.72160292E-9	
151.40000000E-3	866.41625621E-9	
152.30000000E-3	864.28825860E-9	
152.90000000E-3	862.78835997E-9	
153.80000000E-3	862.36212853E-9	
154.50000000E-3	862.62274647E-9	
155.40000000E-3	862.38413522E-9	
156.30000000E-3	861.43673756E-9	
157.00000000E-3	860.20955473E-9	
157.60000000E-3	858.79558434E-9	
158.40000000E-3	856.84239222E-9	
159.10000000E-3	854.04378891E-9	
159.80000000E-3	850.60686378E-9	
160.70000000E-3	846.87695230E-9	
161.30000000E-3	843.11254569E-9	
162.20000000E-3	839.82222770E-9	
162.80000000E-3	837.22112787E-9	
163.70000000E-3	835.08036700E-9	
164.60000000E-3	833.24686001E-9	
165.10000000E-3	831.58097680E-9	
166.00000000E-3	829.68738543E-9	
166.90000000E-3	827.05152017E-9	
167.50000000E-3	823.55803097E-9	
168.30000000E-3	819.57362044E-9	
169.20000000E-3	815.90322530E-9	
169.70000000E-3	812.80597325E-9	
170.60000000E-3	809.89409326E-9	
171.20000000E-3	806.88382100E-9	
172.10000000E-3	803.50182971E-9	
172.90000000E-3	799.86087589E-9	
173.40000000E-3	795.49243134E-9	
174.20000000E-3	790.25886344E-9	
175.10000000E-3	785.37650782E-9	
176.00000000E-3	780.96078530E-9	
176.60000000E-3	776.46279198E-9	
177.40000000E-3	772.17920143E-9	
178.20000000E-3	768.34461272E-9	
178.70000000E-3	764.76723350E-9	
179.50000000E-3	761.34207016E-9	
180.40000000E-3	757.66824785E-9	
180.70000000E-3	753.50361571E-9	
182.00000000E-3	749.00728529E-9	
182.70000000E-3	744.62925711E-9	
183.60000000E-3	740.40068535E-9	
183.80000000E-3	736.67933689E-9	
185.10000000E-3	732.90908483E-9	
185.70000000E-3	728.90858758E-9	
186.50000000E-3	724.54209508E-9	
187.30000000E-3	720.41506977E-9	
188.20000000E-3	717.22592349E-9	
188.80000000E-3	714.38194979E-9	
189.60000000E-3	710.90319734E-9	
190.50000000E-3	706.52016725E-9	
191.00000000E-3	701.51226662E-9	
191.80000000E-3	696.21280772E-9	
192.30000000E-3	691.03791543E-9	
193.10000000E-3	686.45553246E-9	
193.70000000E-3	682.63483106E-9	
194.90000000E-3	679.13342004E-9	
195.40000000E-3	675.31961931E-9	
196.20000000E-3	671.03139510E-9	
197.10000000E-3	666.06159878E-9	
197.90000000E-3	660.94905973E-9	
198.50000000E-3	656.36472791E-9	
199.30000000E-3	652.19456539E-9	
