150,00000000E-3	-45,45736382E-6	
150,00000000E-3	-45,47767016E-6	
149,90000000E-3	-45,50225452E-6	
149,80000000E-3	-45,51213268E-6	
149,70000000E-3	-45,48819863E-6	
149,20000000E-3	-45,41394353E-6	
148,90000000E-3	-45,32884618E-6	
148,60000000E-3	-45,23900750E-6	
148,20000000E-3	-45,15683549E-6	
147,80000000E-3	-45,08100791E-6	
147,60000000E-3	-45,00264837E-6	
147,60000000E-3	-44,88177972E-6	
147,00000000E-3	-44,74527343E-6	
146,00000000E-3	-44,60491071E-6	
145,60000000E-3	-44,47473493E-6	
145,20000000E-3	-44,36974339E-6	
144,80000000E-3	-44,25706746E-6	
144,40000000E-3	-44,12885497E-6	
143,90000000E-3	-43,97317197E-6	
143,30000000E-3	-43,80608163E-6	
142,80000000E-3	-43,66863833E-6	
142,40000000E-3	-43,55799083E-6	
142,10000000E-3	-43,41364773E-6	
141,30000000E-3	-43,24041837E-6	
140,80000000E-3	-43,08473131E-6	
140,40000000E-3	-42,96877662E-6	
139,90000000E-3	-42,82968314E-6	
139,50000000E-3	-42,66775554E-6	
138,90000000E-3	-42,51181687E-6	
138,50000000E-3	-42,38832607E-6	
138,10000000E-3	-42,25560011E-6	
137,60000000E-3	-42,08150961E-6	
136,90000000E-3	-41,92230142E-6	
136,50000000E-3	-41,79266484E-6	
136,30000000E-3	-41,67500788E-6	
135,60000000E-3	-41,53333327E-6	
134,80000000E-3	-41,37826964E-6	
134,40000000E-3	-41,21060290E-6	
134,00000000E-3	-41,04914305E-6	
133,50000000E-3	-40,89934052E-6	
133,10000000E-3	-40,76166791E-6	
132,40000000E-3	-40,63031320E-6	
132,00000000E-3	-40,48698116E-6	
131,50000000E-3	-40,32990815E-6	
131,00000000E-3	-40,17280797E-6	
130,50000000E-3	-40,01714008E-6	
130,10000000E-3	-39,88650393E-6	
129,60000000E-3	-39,75561547E-6	
129,00000000E-3	-39,62577875E-6	
128,50000000E-3	-39,48166594E-6	
128,00000000E-3	-39,33079855E-6	
127,60000000E-3	-39,16809154E-6	
127,10000000E-3	-39,00188654E-6	
126,70000000E-3	-38,85411001E-6	
126,00000000E-3	-38,70995204E-6	
125,50000000E-3	-38,56177441E-6	
125,10000000E-3	-38,42367040E-6	
124,90000000E-3	-38,29029406E-6	
124,60000000E-3	-38,13977215E-6	
123,50000000E-3	-38,00336172E-6	
123,10000000E-3	-37,85840549E-6	
122,70000000E-3	-37,69809162E-6	
122,40000000E-3	-37,57412230E-6	
121,90000000E-3	-37,42395066E-6	
121,10000000E-3	-37,25366030E-6	
120,70000000E-3	-37,11592976E-6	
120,20000000E-3	-36,98457304E-6	
119,70000000E-3	-36,84237339E-6	
119,20000000E-3	-36,69499520E-6	
118,60000000E-3	-36,54852293E-6	
118,10000000E-3	-36,39406315E-6	
118,00000000E-3	-36,24799783E-6	
117,20000000E-3	-36,08853496E-6	
116,80000000E-3	-35,94394397E-6	
116,30000000E-3	-35,79090714E-6	
115,90000000E-3	-35,63870748E-6	
115,30000000E-3	-35,49683626E-6	
114,70000000E-3	-35,35328827E-6	
114,20000000E-3	-35,20188926E-6	
113,80000000E-3	-35,05759899E-6	
113,30000000E-3	-34,91275220E-6	
112,90000000E-3	-34,77097983E-6	
112,20000000E-3	-34,63739606E-6	
111,70000000E-3	-34,49238028E-6	
111,20000000E-3	-34,35862800E-6	
110,70000000E-3	-34,21592969E-6	
110,30000000E-3	-34,07300060E-6	
109,90000000E-3	-33,93756773E-6	
109,20000000E-3	-33,80871296E-6	
108,70000000E-3	-33,66098043E-6	
108,20000000E-3	-33,51858579E-6	
107,80000000E-3	-33,36433116E-6	
107,30000000E-3	-33,21203465E-6	
106,80000000E-3	-33,05671455E-6	
106,40000000E-3	-32,90626944E-6	
106,00000000E-3	-32,75462345E-6	
105,20000000E-3	-32,62161847E-6	
104,90000000E-3	-32,50157401E-6	
104,30000000E-3	-32,36237721E-6	
103,90000000E-3	-32,22898912E-6	
103,40000000E-3	-32,08978091E-6	
102,90000000E-3	-31,94337473E-6	
102,40000000E-3	-31,79156559E-6	
102,30000000E-3	-31,63672748E-6	
101,40000000E-3	-31,48972804E-6	
100,90000000E-3	-31,36627730E-6	
100,30000000E-3	-31,24721834E-6	
99,80000000E-3	-31,11528012E-6	
99,40000000E-3	-30,96887946E-6	
98,90000000E-3	-30,81097748E-6	
98,40000000E-3	-30,65925676E-6	
97,90000000E-3	-30,51964794E-6	
97,50000000E-3	-30,39408339E-6	
96,80000000E-3	-30,27767426E-6	
96,30000000E-3	-30,13942507E-6	
95,90000000E-3	-29,98779917E-6	
95,40000000E-3	-29,83545558E-6	
94,90000000E-3	-29,70667270E-6	
94,50000000E-3	-29,58129965E-6	
93,80000000E-3	-29,44195769E-6	
93,80000000E-3	-29,29237913E-6	
92,90000000E-3	-29,14291276E-6	
92,40000000E-3	-29,00649639E-6	
92,00000000E-3	-28,88019330E-6	
91,30000000E-3	-28,75929344E-6	
90,80000000E-3	-28,63162117E-6	
90,40000000E-3	-28,48463474E-6	
89,90000000E-3	-28,33781366E-6	
89,50000000E-3	-28,19591415E-6	
89,00000000E-3	-28,06361783E-6	
88,50000000E-3	-27,92387453E-6	
87,80000000E-3	-27,79996854E-6	
87,40000000E-3	-27,67363551E-6	
86,90000000E-3	-27,54284443E-6	
86,50000000E-3	-27,41166746E-6	
86,00000000E-3	-27,28686500E-6	
85,50000000E-3	-27,15772852E-6	
84,90000000E-3	-27,02937643E-6	
84,40000000E-3	-26,90340833E-6	
83,90000000E-3	-26,77859748E-6	
83,50000000E-3	-26,64805334E-6	
83,00000000E-3	-26,51912417E-6	
82,60000000E-3	-26,38324002E-6	
81,90000000E-3	-26,24720533E-6	
81,90000000E-3	-26,11541567E-6	
81,00000000E-3	-25,99142540E-6	
80,60000000E-3	-25,85745162E-6	
80,20000000E-3	-25,72604634E-6	
79,70000000E-3	-25,60003142E-6	
78,90000000E-3	-25,46923989E-6	
78,50000000E-3	-25,34575725E-6	
78,00000000E-3	-25,20548983E-6	
77,50000000E-3	-25,06971878E-6	
77,10000000E-3	-24,93442595E-6	
76,60000000E-3	-24,80649453E-6	
75,90000000E-3	-24,67780536E-6	
75,50000000E-3	-24,55375942E-6	
75,00000000E-3	-24,43793444E-6	
74,60000000E-3	-24,32069367E-6	
74,10000000E-3	-24,18162585E-6	
73,60000000E-3	-24,03550451E-6	
72,90000000E-3	-23,90154191E-6	
72,50000000E-3	-23,78006898E-6	
72,00000000E-3	-23,65843259E-6	
71,60000000E-3	-23,52432187E-6	
71,10000000E-3	-23,37888214E-6	
70,70000000E-3	-23,24542576E-6	
70,00000000E-3	-23,12408633E-6	
69,50000000E-3	-22,99960158E-6	
69,10000000E-3	-22,86509549E-6	
68,60000000E-3	-22,70933070E-6	
68,20000000E-3	-22,56971057E-6	
67,70000000E-3	-22,44610733E-6	
67,00000000E-3	-22,30675751E-6	
66,50000000E-3	-22,15801296E-6	
66,00000000E-3	-22,01072966E-6	
65,60000000E-3	-21,88318767E-6	
65,20000000E-3	-21,73975543E-6	
64,70000000E-3	-21,59326695E-6	
64,20000000E-3	-21,43759060E-6	
63,50000000E-3	-21,29092984E-6	
63,10000000E-3	-21,14325766E-6	
62,60000000E-3	-20,98764803E-6	
62,10000000E-3	-20,83035894E-6	
61,90000000E-3	-20,67477130E-6	
61,20000000E-3	-20,52617754E-6	
60,70000000E-3	-20,36682614E-6	
60,30000000E-3	-20,18819495E-6	
59,80000000E-3	-20,03422284E-6	
59,10000000E-3	-19,86637175E-6	
58,60000000E-3	-19,68507942E-6	
58,20000000E-3	-19,50819605E-6	
57,70000000E-3	-19,34479782E-6	
57,30000000E-3	-19,16499871E-6	
56,80000000E-3	-18,97948456E-6	
56,10000000E-3	-18,80890323E-6	
55,70000000E-3	-18,62283917E-6	
55,30000000E-3	-18,42587301E-6	
54,80000000E-3	-18,24045933E-6	
54,10000000E-3	-18,05377960E-6	
53,60000000E-3	-17,85311583E-6	
53,40000000E-3	-17,65050438E-6	
52,70000000E-3	-17,46493020E-6	
52,30000000E-3	-17,27335838E-6	
51,80000000E-3	-17,07236541E-6	
51,30000000E-3	-16,85449916E-6	
50,90000000E-3	-16,65761927E-6	
50,20000000E-3	-16,45263607E-6	
49,90000000E-3	-16,24575078E-6	
49,30000000E-3	-16,03495230E-6	
48,80000000E-3	-15,82665030E-6	
48,40000000E-3	-15,62107382E-6	
47,90000000E-3	-15,42413501E-6	
47,40000000E-3	-15,22362237E-6	
47,00000000E-3	-15,00980471E-6	
46,30000000E-3	-14,80464746E-6	
45,80000000E-3	-14,59285270E-6	
45,20000000E-3	-14,39750779E-6	
44,90000000E-3	-14,20049938E-6	
44,40000000E-3	-14,00131657E-6	
44,00000000E-3	-13,80927199E-6	
43,50000000E-3	-13,60705447E-6	
42,80000000E-3	-13,41825855E-6	
42,30000000E-3	-13,22590636E-6	
42,10000000E-3	-13,03664061E-6	
41,40000000E-3	-12,83426205E-6	
40,90000000E-3	-12,63967379E-6	
40,50000000E-3	-12,46500876E-6	
40,00000000E-3	-12,29454367E-6	
39,30000000E-3	-12,11231453E-6	
38,90000000E-3	-11,92317002E-6	
38,40000000E-3	-11,73989669E-6	
38,00000000E-3	-11,56619383E-6	
37,50000000E-3	-11,38211858E-6	
37,00000000E-3	-11,20488980E-6	
36,40000000E-3	-11,03400363E-6	
35,90000000E-3	-10,86904956E-6	
35,40000000E-3	-10,69779681E-6	
35,00000000E-3	-10,51985974E-6	
34,50000000E-3	-10,34654853E-6	
34,10000000E-3	-10,18261893E-6	
33,40000000E-3	-10,00604720E-6	
32,90000000E-3	-9,83437687E-6	
32,40000000E-3	-9,66000808E-6	
32,00000000E-3	-9,49209361E-6	
31,50000000E-3	-9,32323950E-6	
31,00000000E-3	-9,15445909E-6	
30,50000000E-3	-8,97634654E-6	
29,90000000E-3	-8,79974015E-6	
29,40000000E-3	-8,62351059E-6	
29,30000000E-3	-8,45443458E-6	
28,40000000E-3	-8,27879071E-6	
28,00000000E-3	-8,10887801E-6	
27,70000000E-3	-7,93295366E-6	
27,00000000E-3	-7,75909466E-6	
26,50000000E-3	-7,58364042E-6	
26,00000000E-3	-7,40702591E-6	
25,60000000E-3	-7,23300164E-6	
25,10000000E-3	-7,05561294E-6	
24,70000000E-3	-6,87040744E-6	
23,90000000E-3	-6,69147122E-6	
23,40000000E-3	-6,50800895E-6	
23,10000000E-3	-6,33669851E-6	
22,60000000E-3	-6,15982427E-6	
22,10000000E-3	-5,98295940E-6	
21,70000000E-3	-5,80410090E-6	
21,00000000E-3	-5,61694558E-6	
20,60000000E-3	-5,44475209E-6	
20,10000000E-3	-5,25873275E-6	
19,60000000E-3	-5,08299612E-6	
18,90000000E-3	-4,89335698E-6	
18,70000000E-3	-4,71920804E-6	
18,40000000E-3	-4,54924602E-6	
17,60000000E-3	-4,37489209E-6	
17,20000000E-3	-4,20493657E-6	
16,50000000E-3	-4,02072089E-6	
16,10000000E-3	-3,84466042E-6	
15,60000000E-3	-3,67975772E-6	
15,10000000E-3	-3,51212999E-6	
14,60000000E-3	-3,34055383E-6	
14,20000000E-3	-3,17674220E-6	
13,60000000E-3	-3,02328370E-6	
13,00000000E-3	-2,86312917E-6	
12,60000000E-3	-2,70182165E-6	
12,10000000E-3	-2,53711794E-6	
11,60000000E-3	-2,37580103E-6	
11,20000000E-3	-2,21316290E-6	
10,60000000E-3	-2,06471036E-6	
10,10000000E-3	-1,91737093E-6	
9,60000000E-3	-1,76715613E-6	
9,10000000E-3	-1,62201936E-6	
8,70000000E-3	-1,47176393E-6	
8,20000000E-3	-1,32987212E-6	
7,80000000E-3	-1,17398610E-6	
7,10000000E-3	-1,02747506E-6	
6,60000000E-3	-881,37908922E-9	
6,10000000E-3	-743,26169466E-9	
5,70000000E-3	-603,40067253E-9	
5,20000000E-3	-462,20245638E-9	
4,80000000E-3	-318,65267650E-9	
4,10000000E-3	-174,11339271E-9	
3,60000000E-3	-30,04467199E-9	
3,10000000E-3	112,57031752E-9	
2,70000000E-3	257,24104409E-9	
2,20000000E-3	402,11661077E-9	
1,70000000E-3	547,70235820E-9	
1,00000000E-3	694,29279835E-9	
500,00000000E-6	840,41966830E-9	
0,00000000E+0	986,90960769E-9	
-500,00000000E-6	1,13379647E-6	
-900,00000000E-6	1,28004969E-6	
-1,40000000E-3	1,43660845E-6	
-2,10000000E-3	1,58439333E-6	
-2,50000000E-3	1,72796813E-6	
-3,00000000E-3	1,88716926E-6	
-3,50000000E-3	2,03304702E-6	
-3,90000000E-3	2,17672722E-6	
-4,40000000E-3	2,32534409E-6	
-4,90000000E-3	2,47427308E-6	
-5,50000000E-3	2,62925571E-6	
-6,00000000E-3	2,78378523E-6	
-6,50000000E-3	2,93658619E-6	
-6,90000000E-3	3,08908950E-6	
-7,30000000E-3	3,24046010E-6	
-7,90000000E-3	3,39058610E-6	
-8,50000000E-3	3,54240749E-6	
-9,00000000E-3	3,69887679E-6	
-9,40000000E-3	3,85421059E-6	
-9,90000000E-3	4,01609279E-6	
-10,30000000E-3	4,18275627E-6	
-10,90000000E-3	4,34845232E-6	
-11,50000000E-3	4,50982203E-6	
-12,00000000E-3	4,66139788E-6	
-12,40000000E-3	4,81271936E-6	
-12,80000000E-3	4,98497831E-6	
-13,30000000E-3	5,14722023E-6	
-13,90000000E-3	5,30428977E-6	
-14,50000000E-3	5,47894289E-6	
-14,90000000E-3	5,64768733E-6	
-15,40000000E-3	5,81987250E-6	
-15,80000000E-3	5,99336109E-6	
-16,30000000E-3	6,15566183E-6	
-17,00000000E-3	6,32336397E-6	
-17,50000000E-3	6,49187616E-6	
-17,90000000E-3	6,66780607E-6	
-18,40000000E-3	6,84255656E-6	
-18,90000000E-3	7,02540514E-6	
-19,30000000E-3	7,20442913E-6	
-19,90000000E-3	7,38518234E-6	
-20,40000000E-3	7,57134056E-6	
-20,90000000E-3	7,74883556E-6	
-21,10000000E-3	7,92001827E-6	
-21,60000000E-3	8,11518719E-6	
-22,30000000E-3	8,30839404E-6	
-22,90000000E-3	8,49817502E-6	
-23,20000000E-3	8,70437614E-6	
-23,80000000E-3	8,90387587E-6	
-24,30000000E-3	9,11980052E-6	
-24,80000000E-3	9,31966062E-6	
-25,20000000E-3	9,53126015E-6	
-25,70000000E-3	9,73011226E-6	
-26,20000000E-3	9,94683083E-6	
-26,60000000E-3	10,17789552E-6	
-27,10000000E-3	10,40346968E-6	
-27,70000000E-3	10,62779235E-6	
-28,20000000E-3	10,85636883E-6	
-28,70000000E-3	11,09039795E-6	
-29,40000000E-3	11,32724564E-6	
-29,70000000E-3	11,56128182E-6	
-30,10000000E-3	11,79964607E-6	
-30,70000000E-3	12,03983471E-6	
-31,30000000E-3	12,30287095E-6	
-31,70000000E-3	12,55344029E-6	
-32,20000000E-3	12,82457043E-6	
-32,60000000E-3	13,08411931E-6	
-33,10000000E-3	13,34937851E-6	
-33,60000000E-3	13,60721226E-6	
-34,20000000E-3	13,85969725E-6	
-34,70000000E-3	14,13905852E-6	
-35,10000000E-3	14,40596427E-6	
-35,60000000E-3	14,68769079E-6	
-36,00000000E-3	14,96548139E-6	
-36,70000000E-3	15,23596512E-6	
-37,20000000E-3	15,52595735E-6	
-37,70000000E-3	15,81528435E-6	
-38,20000000E-3	16,09495445E-6	
-38,60000000E-3	16,37548066E-6	
-39,00000000E-3	16,66043674E-6	
-39,60000000E-3	16,94846865E-6	
-40,20000000E-3	17,23777885E-6	
-40,60000000E-3	17,53252068E-6	
-41,10000000E-3	17,82248016E-6	
-41,50000000E-3	18,11066195E-6	
-42,10000000E-3	18,40350448E-6	
-42,70000000E-3	18,68447979E-6	
-43,20000000E-3	18,96281409E-6	
-43,60000000E-3	19,25147426E-6	
-44,10000000E-3	19,53536056E-6	
-44,50000000E-3	19,82424532E-6	
-45,10000000E-3	20,11481094E-6	
-45,70000000E-3	20,39895300E-6	
-46,10000000E-3	20,67977419E-6	
-46,60000000E-3	20,95807214E-6	
-47,00000000E-3	21,22203805E-6	
-47,50000000E-3	21,48055248E-6	
-48,10000000E-3	21,74250197E-6	
-48,60000000E-3	22,00006998E-6	
-49,10000000E-3	22,26785940E-6	
-49,60000000E-3	22,52708921E-6	
-50,00000000E-3	22,78181513E-6	
-50,60000000E-3	23,02798551E-6	
-51,10000000E-3	23,25501349E-6	
-51,60000000E-3	23,47991605E-6	
-52,10000000E-3	23,71622594E-6	
-52,60000000E-3	23,94942121E-6	
-53,00000000E-3	24,17310444E-6	
-53,50000000E-3	24,38637940E-6	
-54,10000000E-3	24,60372887E-6	
-54,60000000E-3	24,81652964E-6	
-55,10000000E-3	25,01059870E-6	
-55,50000000E-3	25,19977591E-6	
-55,90000000E-3	25,38836251E-6	
-56,60000000E-3	25,57997492E-6	
-57,10000000E-3	25,76800855E-6	
-57,60000000E-3	25,94775075E-6	
-58,10000000E-3	26,12222949E-6	
-58,50000000E-3	26,29208920E-6	
-58,90000000E-3	26,45464578E-6	
-59,60000000E-3	26,62307708E-6	
-60,10000000E-3	26,78475850E-6	
-60,50000000E-3	26,93822610E-6	
-61,00000000E-3	27,09269461E-6	
-61,50000000E-3	27,24431098E-6	
-62,00000000E-3	27,39652372E-6	
-62,60000000E-3	27,54322223E-6	
-63,00000000E-3	27,69223671E-6	
-63,50000000E-3	27,83609208E-6	
-64,00000000E-3	27,97622393E-6	
-64,40000000E-3	28,11869579E-6	
-65,10000000E-3	28,25562481E-6	
-65,60000000E-3	28,39435147E-6	
-66,00000000E-3	28,52580048E-6	
-66,50000000E-3	28,65294556E-6	
-67,00000000E-3	28,78148558E-6	
-67,40000000E-3	28,91658610E-6	
-68,00000000E-3	29,04515150E-6	
-68,50000000E-3	29,17604219E-6	
-69,00000000E-3	29,30218487E-6	
-69,50000000E-3	29,43245358E-6	
-69,70000000E-3	29,56151284E-6	
-70,40000000E-3	29,68263446E-6	
-70,90000000E-3	29,79887007E-6	
-71,30000000E-3	29,92559461E-6	
-72,00000000E-3	30,04226578E-6	
-72,20000000E-3	30,17141737E-6	
-72,70000000E-3	30,29667186E-6	
-73,30000000E-3	30,42177868E-6	
-73,90000000E-3	30,53842062E-6	
-74,30000000E-3	30,65240317E-6	
-74,80000000E-3	30,76851858E-6	
-75,30000000E-3	30,89140055E-6	
-75,70000000E-3	31,01227605E-6	
-76,40000000E-3	31,13435906E-6	
-76,80000000E-3	31,25315032E-6	
-77,50000000E-3	31,38145019E-6	
-77,80000000E-3	31,49909699E-6	
-78,20000000E-3	31,61359840E-6	
-78,70000000E-3	31,72533961E-6	
-79,30000000E-3	31,84387919E-6	
-79,80000000E-3	31,96529480E-6	
-80,30000000E-3	32,10045513E-6	
-80,80000000E-3	32,22368988E-6	
-81,20000000E-3	32,33983654E-6	
-81,70000000E-3	32,45000026E-6	
-82,10000000E-3	32,56469719E-6	
-82,80000000E-3	32,69781146E-6	
-83,30000000E-3	32,82657109E-6	
-83,70000000E-3	32,94365861E-6	
-84,20000000E-3	33,06215181E-6	
-84,70000000E-3	33,18341126E-6	
-85,10000000E-3	33,30985471E-6	
-85,80000000E-3	33,44027907E-6	
-86,30000000E-3	33,55812986E-6	
-86,70000000E-3	33,68307187E-6	
-87,20000000E-3	33,81341003E-6	
-87,60000000E-3	33,93951912E-6	
-88,10000000E-3	34,06721109E-6	
-88,80000000E-3	34,18375637E-6	
-89,20000000E-3	34,31880431E-6	
-89,70000000E-3	34,45382014E-6	
-90,10000000E-3	34,58271685E-6	
-90,60000000E-3	34,70207258E-6	
-91,10000000E-3	34,82695480E-6	
-91,70000000E-3	34,95862355E-6	
-92,20000000E-3	35,09465142E-6	
-92,70000000E-3	35,23291143E-6	
-93,10000000E-3	35,35616173E-6	
-93,60000000E-3	35,48348805E-6	
-94,10000000E-3	35,61446072E-6	
-94,70000000E-3	35,76221595E-6	
-95,10000000E-3	35,90069877E-6	
-95,70000000E-3	36,02763750E-6	
-96,10000000E-3	36,14943082E-6	
-96,50000000E-3	36,29182689E-6	
-97,00000000E-3	36,43910812E-6	
-97,70000000E-3	36,58602509E-6	
-98,10000000E-3	36,72343820E-6	
-98,70000000E-3	36,85243301E-6	
-99,10000000E-3	36,98101540E-6	
-99,60000000E-3	37,11120304E-6	
-100,00000000E-3	37,25023581E-6	
-100,70000000E-3	37,40292576E-6	
-101,20000000E-3	37,54648758E-6	
-101,60000000E-3	37,68682055E-6	
-102,10000000E-3	37,81613490E-6	
-102,50000000E-3	37,96032867E-6	
-103,00000000E-3	38,10699982E-6	
-103,70000000E-3	38,24484052E-6	
-104,10000000E-3	38,38138198E-6	
-104,60000000E-3	38,51905265E-6	
-105,10000000E-3	38,66861139E-6	
-105,50000000E-3	38,81503676E-6	
-106,00000000E-3	38,95678373E-6	
-106,70000000E-3	39,09718741E-6	
-107,10000000E-3	39,23668897E-6	
-107,60000000E-3	39,38589918E-6	
-108,10000000E-3	39,53289317E-6	
-108,50000000E-3	39,67018478E-6	
-109,00000000E-3	39,81077174E-6	
-109,70000000E-3	39,95774367E-6	
-110,10000000E-3	40,11288518E-6	
-110,60000000E-3	40,25927039E-6	
-111,10000000E-3	40,39524863E-6	
-111,50000000E-3	40,53680824E-6	
-112,00000000E-3	40,68827561E-6	
-112,70000000E-3	40,83785077E-6	
-113,10000000E-3	40,97490273E-6	
-113,60000000E-3	41,11193918E-6	
-114,00000000E-3	41,26647412E-6	
-114,50000000E-3	41,41561098E-6	
-115,00000000E-3	41,55426116E-6	
-115,40000000E-3	41,69770239E-6	
-116,10000000E-3	41,85463154E-6	
-116,60000000E-3	41,99676485E-6	
-116,80000000E-3	42,12987707E-6	
-117,30000000E-3	42,27350768E-6	
-118,00000000E-3	42,42787869E-6	
-118,50000000E-3	42,58400511E-6	
-119,10000000E-3	42,71609409E-6	
-119,60000000E-3	42,85617134E-6	
-120,00000000E-3	43,01882067E-6	
-120,50000000E-3	43,17505627E-6	
-121,00000000E-3	43,31443528E-6	
-121,40000000E-3	43,44733681E-6	
-121,90000000E-3	43,59652555E-6	
-122,30000000E-3	43,75569866E-6	
-122,80000000E-3	43,90059429E-6	
-123,30000000E-3	44,04681341E-6	
-123,80000000E-3	44,18287170E-6	
-124,40000000E-3	44,32570874E-6	
-124,80000000E-3	44,47861056E-6	
-125,30000000E-3	44,63057586E-6	
-125,80000000E-3	44,78483859E-6	
-126,20000000E-3	44,93266303E-6	
-126,70000000E-3	45,08408924E-6	
-127,20000000E-3	45,22515272E-6	
-127,80000000E-3	45,36787332E-6	
-128,30000000E-3	45,51745045E-6	
-128,70000000E-3	45,66755907E-6	
-129,20000000E-3	45,80793347E-6	
-129,70000000E-3	45,94799889E-6	
-130,20000000E-3	46,09502547E-6	
-130,90000000E-3	46,24788179E-6	
-131,30000000E-3	46,39939697E-6	
-131,80000000E-3	46,55077873E-6	
-132,20000000E-3	46,69679047E-6	
-132,70000000E-3	46,85779203E-6	
-133,20000000E-3	47,01301506E-6	
-133,90000000E-3	47,15513808E-6	
-134,30000000E-3	47,30383391E-6	
-134,80000000E-3	47,45457860E-6	
-135,30000000E-3	47,60234328E-6	
-135,70000000E-3	47,75566213E-6	
-136,20000000E-3	47,90375948E-6	
-136,80000000E-3	48,05286502E-6	
-137,30000000E-3	48,20278084E-6	
-137,80000000E-3	48,34589217E-6	
-138,20000000E-3	48,48433933E-6	
-138,60000000E-3	48,62241386E-6	
-139,10000000E-3	48,76958336E-6	
-139,80000000E-3	48,92966163E-6	
-140,30000000E-3	49,08491339E-6	
-140,80000000E-3	49,24531502E-6	
-141,20000000E-3	49,40026139E-6	
-141,70000000E-3	49,54853415E-6	
-142,10000000E-3	49,69957435E-6	
-142,60000000E-3	49,84343918E-6	
-143,30000000E-3	49,99953854E-6	
-143,70000000E-3	50,14393946E-6	
-144,20000000E-3	50,29235272E-6	
-144,70000000E-3	50,44172801E-6	
-145,10000000E-3	50,59273452E-6	
-145,60000000E-3	50,74060516E-6	
-146,30000000E-3	50,89013161E-6	
-146,70000000E-3	51,02985872E-6	
-147,20000000E-3	51,17411774E-6	
-147,70000000E-3	51,32669870E-6	
-148,10000000E-3	51,49247766E-6	
-148,60000000E-3	51,64640826E-6	
-149,30000000E-3	51,79951016E-6	
-149,80000000E-3	51,94796514E-6	
-150,10000000E-3	52,08596255E-6	
