150,00000000E-3	-44,40135151E-6	
150,00000000E-3	-44,37798860E-6	
150,00000000E-3	-44,36434397E-6	
149,90000000E-3	-44,36743049E-6	
149,70000000E-3	-44,37176884E-6	
149,50000000E-3	-44,36180394E-6	
149,20000000E-3	-44,32558342E-6	
148,90000000E-3	-44,25559006E-6	
148,60000000E-3	-44,16168750E-6	
148,20000000E-3	-44,06350854E-6	
148,00000000E-3	-43,96881648E-6	
147,60000000E-3	-43,87935556E-6	
147,20000000E-3	-43,78251275E-6	
146,80000000E-3	-43,64955645E-6	
146,30000000E-3	-43,50267547E-6	
145,60000000E-3	-43,37437941E-6	
145,20000000E-3	-43,25701487E-6	
145,00000000E-3	-43,12983164E-6	
144,60000000E-3	-42,97842303E-6	
144,10000000E-3	-42,82615805E-6	
143,60000000E-3	-42,69487943E-6	
143,10000000E-3	-42,56339776E-6	
142,60000000E-3	-42,40977639E-6	
142,10000000E-3	-42,24290574E-6	
141,70000000E-3	-42,07759670E-6	
141,10000000E-3	-41,92546397E-6	
140,70000000E-3	-41,77844820E-6	
140,10000000E-3	-41,64336821E-6	
139,70000000E-3	-41,49336973E-6	
139,20000000E-3	-41,34702869E-6	
138,70000000E-3	-41,19484040E-6	
138,20000000E-3	-41,04788936E-6	
137,70000000E-3	-40,89103737E-6	
137,20000000E-3	-40,73303150E-6	
136,70000000E-3	-40,57155662E-6	
136,20000000E-3	-40,41692948E-6	
135,70000000E-3	-40,27144783E-6	
135,20000000E-3	-40,11301266E-6	
134,70000000E-3	-39,95985314E-6	
134,20000000E-3	-39,79616065E-6	
133,70000000E-3	-39,64050849E-6	
133,20000000E-3	-39,49105970E-6	
132,80000000E-3	-39,33555963E-6	
132,20000000E-3	-39,18148629E-6	
132,00000000E-3	-39,03868715E-6	
131,20000000E-3	-38,88111901E-6	
130,60000000E-3	-38,72834345E-6	
130,60000000E-3	-38,58122368E-6	
129,60000000E-3	-38,43925228E-6	
129,20000000E-3	-38,29388273E-6	
128,70000000E-3	-38,15046449E-6	
128,10000000E-3	-38,00509776E-6	
127,60000000E-3	-37,85081138E-6	
127,30000000E-3	-37,69587691E-6	
126,80000000E-3	-37,54603573E-6	
126,30000000E-3	-37,37562802E-6	
125,80000000E-3	-37,20348768E-6	
125,30000000E-3	-37,04500507E-6	
125,00000000E-3	-36,87602801E-6	
124,20000000E-3	-36,72939152E-6	
123,60000000E-3	-36,58456126E-6	
123,20000000E-3	-36,44932103E-6	
122,60000000E-3	-36,30693861E-6	
122,40000000E-3	-36,14700127E-6	
121,90000000E-3	-35,96903330E-6	
121,20000000E-3	-35,80377551E-6	
120,70000000E-3	-35,65977678E-6	
120,50000000E-3	-35,51991072E-6	
119,90000000E-3	-35,36443984E-6	
119,20000000E-3	-35,19960218E-6	
118,70000000E-3	-35,03118599E-6	
118,50000000E-3	-34,88019150E-6	
118,00000000E-3	-34,73248131E-6	
117,40000000E-3	-34,59417745E-6	
117,00000000E-3	-34,43538168E-6	
116,50000000E-3	-34,25408291E-6	
115,80000000E-3	-34,10554009E-6	
115,40000000E-3	-33,96405857E-6	
114,80000000E-3	-33,82144466E-6	
114,40000000E-3	-33,66406059E-6	
113,80000000E-3	-33,48928182E-6	
113,40000000E-3	-33,34262753E-6	
112,80000000E-3	-33,20051727E-6	
112,40000000E-3	-33,04365546E-6	
111,80000000E-3	-32,87209204E-6	
111,40000000E-3	-32,70422676E-6	
111,00000000E-3	-32,55155833E-6	
110,40000000E-3	-32,41621871E-6	
109,90000000E-3	-32,27585046E-6	
109,40000000E-3	-32,12244375E-6	
108,90000000E-3	-31,95622415E-6	
108,40000000E-3	-31,78683161E-6	
107,90000000E-3	-31,62595487E-6	
107,40000000E-3	-31,47306768E-6	
106,90000000E-3	-31,33290779E-6	
106,40000000E-3	-31,19055301E-6	
106,20000000E-3	-31,03747367E-6	
105,50000000E-3	-30,88259287E-6	
105,00000000E-3	-30,70875837E-6	
104,40000000E-3	-30,54382162E-6	
104,00000000E-3	-30,38367771E-6	
103,50000000E-3	-30,22457531E-6	
103,00000000E-3	-30,07591747E-6	
102,50000000E-3	-29,93385846E-6	
102,00000000E-3	-29,79134986E-6	
101,50000000E-3	-29,64667610E-6	
101,00000000E-3	-29,50081717E-6	
100,50000000E-3	-29,32737020E-6	
100,00000000E-3	-29,15509794E-6	
99,50000000E-3	-28,99467585E-6	
98,90000000E-3	-28,84389608E-6	
98,40000000E-3	-28,69235739E-6	
98,40000000E-3	-28,55259391E-6	
97,50000000E-3	-28,40460045E-6	
97,00000000E-3	-28,25955531E-6	
96,50000000E-3	-28,10103796E-6	
96,00000000E-3	-27,93485531E-6	
95,60000000E-3	-27,76696185E-6	
95,10000000E-3	-27,60687112E-6	
94,60000000E-3	-27,45058414E-6	
93,90000000E-3	-27,29762757E-6	
93,40000000E-3	-27,15174250E-6	
92,90000000E-3	-27,01502268E-6	
92,40000000E-3	-26,86908107E-6	
91,90000000E-3	-26,70136920E-6	
91,60000000E-3	-26,53322012E-6	
91,10000000E-3	-26,37305435E-6	
91,10000000E-3	-26,22744474E-6	
90,10000000E-3	-26,07524100E-6	
89,60000000E-3	-25,92685679E-6	
89,10000000E-3	-25,77683341E-6	
88,70000000E-3	-25,62353191E-6	
88,20000000E-3	-25,46578917E-6	
87,90000000E-3	-25,29646419E-6	
87,10000000E-3	-25,13821944E-6	
86,60000000E-3	-24,99597315E-6	
86,40000000E-3	-24,84553286E-6	
85,60000000E-3	-24,68721075E-6	
85,10000000E-3	-24,52413054E-6	
84,70000000E-3	-24,35324837E-6	
84,20000000E-3	-24,20481775E-6	
83,50000000E-3	-24,06265467E-6	
83,00000000E-3	-23,91816706E-6	
83,00000000E-3	-23,76295838E-6	
82,20000000E-3	-23,58507389E-6	
81,70000000E-3	-23,42787356E-6	
81,30000000E-3	-23,28720383E-6	
81,30000000E-3	-23,13645272E-6	
80,10000000E-3	-22,97784965E-6	
79,70000000E-3	-22,81405512E-6	
79,20000000E-3	-22,64837719E-6	
78,90000000E-3	-22,48901261E-6	
78,20000000E-3	-22,33617829E-6	
77,70000000E-3	-22,19375716E-6	
77,00000000E-3	-22,04570000E-6	
76,60000000E-3	-21,88591575E-6	
76,10000000E-3	-21,71763118E-6	
75,70000000E-3	-21,55812589E-6	
75,40000000E-3	-21,40484542E-6	
74,70000000E-3	-21,25177270E-6	
74,20000000E-3	-21,09716571E-6	
73,80000000E-3	-20,94668925E-6	
73,40000000E-3	-20,79746956E-6	
72,70000000E-3	-20,64273534E-6	
72,20000000E-3	-20,48219924E-6	
71,80000000E-3	-20,32487461E-6	
71,30000000E-3	-20,16366108E-6	
70,90000000E-3	-20,01648842E-6	
70,20000000E-3	-19,85311204E-6	
69,70000000E-3	-19,69743900E-6	
69,30000000E-3	-19,54242944E-6	
68,90000000E-3	-19,38531783E-6	
68,40000000E-3	-19,21811702E-6	
67,80000000E-3	-19,06117122E-6	
67,20000000E-3	-18,90444956E-6	
66,80000000E-3	-18,75028788E-6	
66,30000000E-3	-18,59596612E-6	
65,80000000E-3	-18,44400137E-6	
65,30000000E-3	-18,28015070E-6	
64,80000000E-3	-18,13045287E-6	
64,20000000E-3	-17,96935109E-6	
64,00000000E-3	-17,81305846E-6	
63,20000000E-3	-17,65670425E-6	
62,80000000E-3	-17,50540343E-6	
62,30000000E-3	-17,35377436E-6	
61,80000000E-3	-17,19375178E-6	
61,20000000E-3	-17,03428411E-6	
60,90000000E-3	-16,87689148E-6	
60,30000000E-3	-16,72120354E-6	
59,80000000E-3	-16,57157134E-6	
59,30000000E-3	-16,41475061E-6	
58,90000000E-3	-16,25158378E-6	
58,40000000E-3	-16,09894691E-6	
58,00000000E-3	-15,95002367E-6	
57,30000000E-3	-15,79674560E-6	
57,10000000E-3	-15,63968999E-6	
56,50000000E-3	-15,48296707E-6	
55,90000000E-3	-15,32826198E-6	
55,40000000E-3	-15,17225434E-6	
54,80000000E-3	-15,01444661E-6	
54,30000000E-3	-14,86495051E-6	
53,80000000E-3	-14,70746446E-6	
53,60000000E-3	-14,55136214E-6	
53,60000000E-3	-14,39779078E-6	
52,40000000E-3	-14,25170846E-6	
51,90000000E-3	-14,13037040E-6	
51,50000000E-3	-13,97931947E-6	
50,80000000E-3	-13,79565633E-6	
50,80000000E-3	-13,63546884E-6	
49,80000000E-3	-13,48139852E-6	
49,50000000E-3	-13,32752577E-6	
49,00000000E-3	-13,16792580E-6	
48,50000000E-3	-13,00858978E-6	
47,80000000E-3	-12,85309071E-6	
47,30000000E-3	-12,69709112E-6	
46,80000000E-3	-12,54571877E-6	
46,40000000E-3	-12,39356751E-6	
46,00000000E-3	-12,23406377E-6	
45,50000000E-3	-12,07102030E-6	
44,80000000E-3	-11,91447392E-6	
44,40000000E-3	-11,76137646E-6	
43,90000000E-3	-11,61009342E-6	
43,40000000E-3	-11,45953311E-6	
43,00000000E-3	-11,30438113E-6	
42,30000000E-3	-11,15106982E-6	
42,30000000E-3	-10,99822308E-6	
41,50000000E-3	-10,82548873E-6	
41,00000000E-3	-10,67272448E-6	
40,60000000E-3	-10,52961509E-6	
40,10000000E-3	-10,37629921E-6	
39,40000000E-3	-10,21766342E-6	
38,90000000E-3	-10,05274434E-6	
38,50000000E-3	-9,89204507E-6	
38,10000000E-3	-9,73443740E-6	
37,60000000E-3	-9,58731148E-6	
37,00000000E-3	-9,43791601E-6	
36,50000000E-3	-9,27995666E-6	
36,10000000E-3	-9,12228589E-6	
35,50000000E-3	-8,96392563E-6	
35,30000000E-3	-8,81223337E-6	
34,60000000E-3	-8,66328916E-6	
34,20000000E-3	-8,49310209E-6	
33,70000000E-3	-8,32727495E-6	
33,10000000E-3	-8,17171991E-6	
32,50000000E-3	-8,01302242E-6	
32,00000000E-3	-7,85523405E-6	
31,60000000E-3	-7,70507216E-6	
31,10000000E-3	-7,54672926E-6	
30,60000000E-3	-7,38497031E-6	
30,10000000E-3	-7,22603741E-6	
29,70000000E-3	-7,07490068E-6	
29,00000000E-3	-6,91209509E-6	
28,40000000E-3	-6,74999776E-6	
28,00000000E-3	-6,59160088E-6	
27,50000000E-3	-6,44364567E-6	
27,10000000E-3	-6,28341020E-6	
26,70000000E-3	-6,12633182E-6	
26,00000000E-3	-5,97226814E-6	
25,50000000E-3	-5,80952673E-6	
25,30000000E-3	-5,64378162E-6	
24,60000000E-3	-5,49896252E-6	
24,10000000E-3	-5,32907240E-6	
23,70000000E-3	-5,17703571E-6	
23,20000000E-3	-5,03007804E-6	
23,20000000E-3	-4,85957434E-6	
22,30000000E-3	-4,70143988E-6	
21,60000000E-3	-4,55048876E-6	
21,10000000E-3	-4,38828780E-6	
20,70000000E-3	-4,22592373E-6	
20,00000000E-3	-4,06553345E-6	
19,60000000E-3	-3,90834133E-6	
19,10000000E-3	-3,75263992E-6	
18,80000000E-3	-3,59555379E-6	
18,10000000E-3	-3,43454879E-6	
17,60000000E-3	-3,27769535E-6	
17,10000000E-3	-3,12651961E-6	
16,70000000E-3	-2,96088937E-6	
16,30000000E-3	-2,79311396E-6	
15,80000000E-3	-2,62944480E-6	
15,10000000E-3	-2,46871838E-6	
14,70000000E-3	-2,31132399E-6	
14,20000000E-3	-2,16097626E-6	
13,80000000E-3	-2,00694837E-6	
13,30000000E-3	-1,85063202E-6	
12,60000000E-3	-1,69212874E-6	
12,20000000E-3	-1,52375048E-6	
11,70000000E-3	-1,35253713E-6	
11,30000000E-3	-1,19968914E-6	
10,80000000E-3	-1,03887076E-6	
10,20000000E-3	-887,01050182E-9	
9,70000000E-3	-727,94908027E-9	
9,20000000E-3	-556,59132672E-9	
8,70000000E-3	-392,51269531E-9	
8,30000000E-3	-230,13895689E-9	
7,80000000E-3	-75,01524755E-9	
7,10000000E-3	77,96853610E-9	
6,70000000E-3	245,23625034E-9	
6,20000000E-3	409,05604225E-9	
5,80000000E-3	562,16221644E-9	
5,40000000E-3	724,01706072E-9	
4,80000000E-3	875,82672406E-9	
4,20000000E-3	1,03991375E-6	
3,80000000E-3	1,21436190E-6	
3,30000000E-3	1,38233482E-6	
2,90000000E-3	1,53872113E-6	
2,30000000E-3	1,69810004E-6	
1,80000000E-3	1,86038371E-6	
1,10000000E-3	2,03167974E-6	
600,00000000E-6	2,20819296E-6	
100,00000000E-6	2,37655469E-6	
-300,00000000E-6	2,55479591E-6	
-800,00000000E-6	2,72689151E-6	
-1,30000000E-3	2,89676365E-6	
-1,90000000E-3	3,06489294E-6	
-2,40000000E-3	3,23227551E-6	
-2,90000000E-3	3,38906234E-6	
-3,30000000E-3	3,54714306E-6	
-3,80000000E-3	3,71369343E-6	
-4,50000000E-3	3,88805653E-6	
-4,90000000E-3	4,05984913E-6	
-5,30000000E-3	4,23519784E-6	
-5,80000000E-3	4,40698719E-6	
-6,20000000E-3	4,56905380E-6	
-6,90000000E-3	4,73157103E-6	
-7,30000000E-3	4,89318662E-6	
-7,70000000E-3	5,06039186E-6	
-8,20000000E-3	5,23603246E-6	
-8,70000000E-3	5,40775945E-6	
-9,10000000E-3	5,57561933E-6	
-9,80000000E-3	5,74357969E-6	
-10,30000000E-3	5,90946856E-6	
-10,70000000E-3	6,08924772E-6	
-11,20000000E-3	6,26590377E-6	
-11,60000000E-3	6,42990001E-6	
-12,20000000E-3	6,60380405E-6	
-12,80000000E-3	6,76352714E-6	
-13,20000000E-3	6,94340097E-6	
-13,70000000E-3	7,11925498E-6	
-14,10000000E-3	7,28697175E-6	
-14,70000000E-3	7,46899253E-6	
-15,30000000E-3	7,63307530E-6	
-15,70000000E-3	7,79169842E-6	
-16,10000000E-3	7,95846420E-6	
-16,50000000E-3	8,14117564E-6	
-17,20000000E-3	8,31921224E-6	
-17,70000000E-3	8,49394288E-6	
-18,30000000E-3	8,66332710E-6	
-18,80000000E-3	8,83665453E-6	
-19,20000000E-3	9,01002075E-6	
-19,70000000E-3	9,18611578E-6	
-20,10000000E-3	9,35677526E-6	
-20,80000000E-3	9,52325734E-6	
-21,30000000E-3	9,68556510E-6	
-21,70000000E-3	9,86583501E-6	
-22,20000000E-3	10,04065673E-6	
-22,70000000E-3	10,21045127E-6	
-23,20000000E-3	10,39374636E-6	
-23,80000000E-3	10,57291138E-6	
-24,20000000E-3	10,74280118E-6	
-24,70000000E-3	10,92162137E-6	
-25,00000000E-3	11,08172790E-6	
-25,60000000E-3	11,25958108E-6	
-26,20000000E-3	11,42702624E-6	
-26,80000000E-3	11,60643049E-6	
-27,20000000E-3	11,77759102E-6	
-27,70000000E-3	11,96168780E-6	
-28,20000000E-3	12,13833329E-6	
-28,60000000E-3	12,31123971E-6	
-29,00000000E-3	12,47835371E-6	
-29,50000000E-3	12,65295917E-6	
-30,00000000E-3	12,83130670E-6	
-30,50000000E-3	13,00850170E-6	
-31,00000000E-3	13,18449864E-6	
-31,60000000E-3	13,36053955E-6	
-32,30000000E-3	13,53758786E-6	
-32,50000000E-3	13,71801113E-6	
-33,00000000E-3	13,89079803E-6	
-33,40000000E-3	14,06608032E-6	
-34,10000000E-3	14,24202249E-6	
-34,50000000E-3	14,41484958E-6	
-35,00000000E-3	14,59431878E-6	
-35,50000000E-3	14,77442732E-6	
-35,90000000E-3	14,94651168E-6	
-36,40000000E-3	15,12003243E-6	
-37,10000000E-3	15,29552153E-6	
-37,60000000E-3	15,46495568E-6	
-38,00000000E-3	15,63626300E-6	
-38,40000000E-3	15,82299146E-6	
-38,90000000E-3	16,00307334E-6	
-39,50000000E-3	16,17874373E-6	
-40,10000000E-3	16,34873105E-6	
-40,50000000E-3	16,52111194E-6	
-41,00000000E-3	16,69899453E-6	
-41,40000000E-3	16,87724004E-6	
-41,80000000E-3	17,05465881E-6	
-42,60000000E-3	17,22043930E-6	
-43,00000000E-3	17,40199208E-6	
-43,50000000E-3	17,57626362E-6	
-43,90000000E-3	17,75256485E-6	
-44,40000000E-3	17,93038379E-6	
-44,90000000E-3	18,10524309E-6	
-45,50000000E-3	18,27515298E-6	
-46,00000000E-3	18,45526601E-6	
-46,40000000E-3	18,63689997E-6	
-46,90000000E-3	18,81053979E-6	
-47,30000000E-3	18,98494509E-6	
-48,00000000E-3	19,16287557E-6	
-48,50000000E-3	19,34137702E-6	
-48,90000000E-3	19,52041113E-6	
-49,40000000E-3	19,69601220E-6	
-49,90000000E-3	19,87800633E-6	
-50,30000000E-3	20,04729837E-6	
-51,00000000E-3	20,21683579E-6	
-51,50000000E-3	20,39231505E-6	
-51,90000000E-3	20,56205506E-6	
-52,40000000E-3	20,74308314E-6	
-52,80000000E-3	20,92359124E-6	
-53,40000000E-3	21,10356393E-6	
-54,00000000E-3	21,27582715E-6	
-54,40000000E-3	21,45795695E-6	
-54,90000000E-3	21,62732856E-6	
-55,40000000E-3	21,79935948E-6	
-55,80000000E-3	21,98047443E-6	
-56,30000000E-3	22,15318773E-6	
-56,80000000E-3	22,33198520E-6	
-57,40000000E-3	22,50873106E-6	
-57,90000000E-3	22,68399973E-6	
-58,30000000E-3	22,86298020E-6	
-58,80000000E-3	23,03824520E-6	
-59,30000000E-3	23,20621741E-6	
-59,80000000E-3	23,37847162E-6	
-60,40000000E-3	23,55153375E-6	
-60,90000000E-3	23,73215681E-6	
-61,40000000E-3	23,90441866E-6	
-61,80000000E-3	24,07440906E-6	
-62,20000000E-3	24,25270152E-6	
-62,90000000E-3	24,43103961E-6	
-63,40000000E-3	24,60756602E-6	
-63,90000000E-3	24,77745845E-6	
-64,30000000E-3	24,94934010E-6	
-64,70000000E-3	25,12681869E-6	
-65,20000000E-3	25,30447820E-6	
-65,90000000E-3	25,48446378E-6	
-66,30000000E-3	25,65962162E-6	
-66,80000000E-3	25,82960767E-6	
-67,30000000E-3	26,00530822E-6	
-67,70000000E-3	26,17183965E-6	
-68,40000000E-3	26,33644878E-6	
-68,90000000E-3	26,50847048E-6	
-69,30000000E-3	26,68106478E-6	
-69,80000000E-3	26,85430044E-6	
-70,20000000E-3	27,03377081E-6	
-70,70000000E-3	27,20863111E-6	
-71,40000000E-3	27,38667990E-6	
-71,80000000E-3	27,56507126E-6	
-72,30000000E-3	27,73043084E-6	
-72,60000000E-3	27,89236957E-6	
-73,20000000E-3	28,06493114E-6	
-73,80000000E-3	28,23795672E-6	
-74,40000000E-3	28,41406414E-6	
-74,80000000E-3	28,58512973E-6	
-75,30000000E-3	28,76215089E-6	
-75,70000000E-3	28,93656598E-6	
-76,10000000E-3	29,10775137E-6	
-76,90000000E-3	29,27420265E-6	
-77,10000000E-3	29,44406996E-6	
-77,70000000E-3	29,61902635E-6	
-78,00000000E-3	29,78809745E-6	
-78,60000000E-3	29,95072466E-6	
-79,20000000E-3	30,12734867E-6	
-79,80000000E-3	30,30101751E-6	
-80,30000000E-3	30,47179435E-6	
-80,50000000E-3	30,64200896E-6	
-81,20000000E-3	30,80928307E-6	
-81,60000000E-3	30,97050413E-6	
-82,10000000E-3	31,14972173E-6	
-82,60000000E-3	31,31112833E-6	
-83,10000000E-3	31,48076414E-6	
-83,50000000E-3	31,66042651E-6	
-84,00000000E-3	31,82987093E-6	
-84,70000000E-3	31,99465251E-6	
-85,10000000E-3	32,16771933E-6	
-85,60000000E-3	32,33541019E-6	
-86,10000000E-3	32,50774616E-6	
-86,50000000E-3	32,67244783E-6	
-87,00000000E-3	32,84238306E-6	
-87,60000000E-3	33,01834356E-6	
-88,10000000E-3	33,18637427E-6	
-88,60000000E-3	33,36542037E-6	
-89,00000000E-3	33,52996192E-6	
-89,40000000E-3	33,69299270E-6	
-89,90000000E-3	33,86354149E-6	
-90,50000000E-3	34,03023327E-6	
-91,10000000E-3	34,20344142E-6	
-91,50000000E-3	34,36802824E-6	
-92,00000000E-3	34,54472237E-6	
-92,40000000E-3	34,70772155E-6	
-92,90000000E-3	34,88046841E-6	
-93,50000000E-3	35,04615266E-6	
-94,10000000E-3	35,21681247E-6	
-94,60000000E-3	35,37384010E-6	
-95,00000000E-3	35,54974701E-6	
-95,50000000E-3	35,71818321E-6	
-95,90000000E-3	35,89060513E-6	
-96,60000000E-3	36,06151942E-6	
-97,10000000E-3	36,23199517E-6	
-97,50000000E-3	36,40439576E-6	
-98,00000000E-3	36,57382775E-6	
-98,50000000E-3	36,73740723E-6	
-98,90000000E-3	36,89956197E-6	
-99,60000000E-3	37,06494909E-6	
-100,00000000E-3	37,22719095E-6	
-100,50000000E-3	37,40049003E-6	
-101,00000000E-3	37,57136351E-6	
-101,40000000E-3	37,74617384E-6	
-101,90000000E-3	37,92670006E-6	
-102,40000000E-3	38,08344659E-6	
-103,10000000E-3	38,23572646E-6	
-103,50000000E-3	38,40323194E-6	
-104,00000000E-3	38,56148582E-6	
-104,40000000E-3	38,73816137E-6	
-104,90000000E-3	38,91766421E-6	
-105,40000000E-3	39,09242797E-6	
-106,00000000E-3	39,25419848E-6	
-106,50000000E-3	39,41815762E-6	
-107,00000000E-3	39,57265149E-6	
-107,40000000E-3	39,73087451E-6	
-107,90000000E-3	39,91124555E-6	
-108,40000000E-3	40,08339142E-6	
-108,90000000E-3	40,26019346E-6	
-109,50000000E-3	40,42315061E-6	
-110,00000000E-3	40,57821075E-6	
-110,40000000E-3	40,74402805E-6	
-110,90000000E-3	40,91108904E-6	
-111,40000000E-3	41,07466302E-6	
-111,90000000E-3	41,23142553E-6	
-112,50000000E-3	41,41142788E-6	
-113,00000000E-3	41,58325472E-6	
-113,40000000E-3	41,75572425E-6	
-113,90000000E-3	41,91361336E-6	
-114,30000000E-3	42,07409789E-6	
-114,90000000E-3	42,24093607E-6	
-115,40000000E-3	42,39649358E-6	
-115,90000000E-3	42,55691047E-6	
-116,40000000E-3	42,72433567E-6	
-116,90000000E-3	42,89878797E-6	
-117,30000000E-3	43,07086905E-6	
-118,00000000E-3	43,24246607E-6	
-118,50000000E-3	43,39793989E-6	
-118,90000000E-3	43,55537339E-6	
-119,30000000E-3	43,70763624E-6	
-119,80000000E-3	43,87313469E-6	
-120,30000000E-3	44,03800339E-6	
-121,00000000E-3	44,21495977E-6	
-121,40000000E-3	44,38508034E-6	
-121,90000000E-3	44,55783765E-6	
-122,30000000E-3	44,71340792E-6	
-122,80000000E-3	44,86434539E-6	
-123,30000000E-3	45,01683035E-6	
-123,80000000E-3	45,19252388E-6	
-124,40000000E-3	45,37015138E-6	
-124,60000000E-3	45,53400787E-6	
-125,00000000E-3	45,67855483E-6	
-125,60000000E-3	45,83953702E-6	
-126,10000000E-3	46,01467665E-6	
-126,70000000E-3	46,19278511E-6	
-127,40000000E-3	46,35267039E-6	
-127,60000000E-3	46,50007468E-6	
-128,10000000E-3	46,65802390E-6	
-128,80000000E-3	46,83144706E-6	
-129,00000000E-3	47,00070880E-6	
-129,60000000E-3	47,15346704E-6	
-130,10000000E-3	47,30892589E-6	
-130,60000000E-3	47,46266101E-6	
-131,10000000E-3	47,64084228E-6	
-131,60000000E-3	47,81302326E-6	
-132,00000000E-3	47,98014783E-6	
-132,60000000E-3	48,14176456E-6	
-133,10000000E-3	48,28742663E-6	
-133,60000000E-3	48,43531147E-6	
-134,10000000E-3	48,60582461E-6	
-134,60000000E-3	48,78052722E-6	
-135,00000000E-3	48,95510230E-6	
-135,40000000E-3	49,12157438E-6	
-136,00000000E-3	49,28179957E-6	
-136,60000000E-3	49,43327416E-6	
-137,10000000E-3	49,57694793E-6	
-137,50000000E-3	49,72991274E-6	
-138,00000000E-3	49,89962550E-6	
-138,40000000E-3	50,06448275E-6	
-139,10000000E-3	50,24599762E-6	
-139,60000000E-3	50,41507766E-6	
-140,10000000E-3	50,58992412E-6	
-140,50000000E-3	50,76117710E-6	
-141,00000000E-3	50,92811607E-6	
-141,40000000E-3	51,08046239E-6	
-142,00000000E-3	51,23936329E-6	
-142,60000000E-3	51,39880495E-6	
-143,10000000E-3	51,55675970E-6	
-143,60000000E-3	51,71407785E-6	
-144,00000000E-3	51,88722884E-6	
-144,40000000E-3	52,05699564E-6	
-145,10000000E-3	52,22390506E-6	
-145,60000000E-3	52,39126095E-6	
-146,10000000E-3	52,54856695E-6	
-146,60000000E-3	52,69959017E-6	
-147,00000000E-3	52,85491717E-6	
-147,40000000E-3	53,01355577E-6	
-148,10000000E-3	53,16877152E-6	
-148,60000000E-3	53,32662053E-6	
-149,10000000E-3	53,48445001E-6	
-149,50000000E-3	53,65073871E-6	
-149,90000000E-3	53,81867062E-6	
