150,00000000E-3	-45,33708084E-6	
150,00000000E-3	-45,32971059E-6	
150,00000000E-3	-45,32105549E-6	
149,90000000E-3	-45,31135199E-6	
149,70000000E-3	-45,29368598E-6	
149,50000000E-3	-45,26927577E-6	
149,30000000E-3	-45,22841137E-6	
148,90000000E-3	-45,16692189E-6	
148,50000000E-3	-45,10020289E-6	
148,10000000E-3	-45,01184025E-6	
147,80000000E-3	-44,90629470E-6	
147,40000000E-3	-44,79723663E-6	
147,00000000E-3	-44,67974723E-6	
146,30000000E-3	-44,55243491E-6	
146,00000000E-3	-44,42667278E-6	
145,80000000E-3	-44,29639767E-6	
145,30000000E-3	-44,16465407E-6	
144,70000000E-3	-44,01871754E-6	
144,30000000E-3	-43,87213633E-6	
143,80000000E-3	-43,73182791E-6	
143,30000000E-3	-43,58523652E-6	
142,90000000E-3	-43,42827392E-6	
142,20000000E-3	-43,28675000E-6	
141,70000000E-3	-43,14792840E-6	
141,30000000E-3	-43,00622534E-6	
140,80000000E-3	-42,86892150E-6	
140,30000000E-3	-42,73682578E-6	
139,90000000E-3	-42,59800687E-6	
139,30000000E-3	-42,45094506E-6	
139,30000000E-3	-42,28817104E-6	
138,50000000E-3	-42,12653444E-6	
138,00000000E-3	-41,97431753E-6	
137,30000000E-3	-41,82000501E-6	
136,90000000E-3	-41,67502646E-6	
136,40000000E-3	-41,52649393E-6	
135,90000000E-3	-41,38116802E-6	
135,50000000E-3	-41,24707015E-6	
135,10000000E-3	-41,10159391E-6	
134,60000000E-3	-40,95406869E-6	
134,00000000E-3	-40,82357381E-6	
133,50000000E-3	-40,68315844E-6	
133,00000000E-3	-40,54056829E-6	
132,60000000E-3	-40,38584290E-6	
131,90000000E-3	-40,23799701E-6	
131,50000000E-3	-40,08350690E-6	
131,00000000E-3	-39,93285599E-6	
130,50000000E-3	-39,77131055E-6	
130,10000000E-3	-39,61985604E-6	
129,60000000E-3	-39,46488826E-6	
129,00000000E-3	-39,32233420E-6	
128,50000000E-3	-39,17998156E-6	
128,30000000E-3	-39,03477180E-6	
127,70000000E-3	-38,87584172E-6	
127,30000000E-3	-38,70203348E-6	
126,60000000E-3	-38,52128209E-6	
126,00000000E-3	-38,35008363E-6	
125,70000000E-3	-38,19273220E-6	
125,00000000E-3	-38,06716401E-6	
124,70000000E-3	-37,95570407E-6	
124,30000000E-3	-37,82900247E-6	
123,70000000E-3	-37,67192239E-6	
123,20000000E-3	-37,49425262E-6	
122,70000000E-3	-37,31460477E-6	
122,20000000E-3	-37,15488930E-6	
121,80000000E-3	-37,02033807E-6	
121,30000000E-3	-36,90415847E-6	
120,60000000E-3	-36,77784001E-6	
120,10000000E-3	-36,62466567E-6	
120,10000000E-3	-36,43443382E-6	
119,30000000E-3	-36,25184063E-6	
118,80000000E-3	-36,11188961E-6	
118,30000000E-3	-36,01217393E-6	
117,80000000E-3	-35,89322697E-6	
117,20000000E-3	-35,74368934E-6	
116,70000000E-3	-35,57605915E-6	
116,20000000E-3	-35,39896195E-6	
115,80000000E-3	-35,23176031E-6	
115,30000000E-3	-35,06171231E-6	
114,90000000E-3	-34,91043143E-6	
114,20000000E-3	-34,76378870E-6	
113,80000000E-3	-34,62952990E-6	
113,30000000E-3	-34,48795665E-6	
112,70000000E-3	-34,34668675E-6	
112,20000000E-3	-34,19468179E-6	
111,70000000E-3	-34,04166265E-6	
111,20000000E-3	-33,88534984E-6	
110,80000000E-3	-33,71594117E-6	
110,50000000E-3	-33,56164885E-6	
109,80000000E-3	-33,42068763E-6	
109,30000000E-3	-33,28811509E-6	
108,80000000E-3	-33,16564409E-6	
108,30000000E-3	-33,03906334E-6	
107,90000000E-3	-32,89608461E-6	
107,20000000E-3	-32,74920229E-6	
106,70000000E-3	-32,59010567E-6	
106,30000000E-3	-32,41785130E-6	
105,80000000E-3	-32,24407426E-6	
105,40000000E-3	-32,07261259E-6	
104,90000000E-3	-31,91959084E-6	
104,40000000E-3	-31,78432312E-6	
103,80000000E-3	-31,65888816E-6	
103,30000000E-3	-31,54513854E-6	
102,90000000E-3	-31,43048977E-6	
102,40000000E-3	-31,30311054E-6	
102,00000000E-3	-31,15826364E-6	
101,30000000E-3	-31,00396795E-6	
100,80000000E-3	-30,83266841E-6	
100,30000000E-3	-30,66023231E-6	
99,90000000E-3	-30,48639094E-6	
99,40000000E-3	-30,34297444E-6	
99,00000000E-3	-30,23352784E-6	
98,40000000E-3	-30,13441675E-6	
97,80000000E-3	-30,01523446E-6	
97,40000000E-3	-29,87485482E-6	
96,90000000E-3	-29,72111591E-6	
96,40000000E-3	-29,54940251E-6	
96,00000000E-3	-29,39252663E-6	
95,40000000E-3	-29,25307025E-6	
94,80000000E-3	-29,13897633E-6	
94,80000000E-3	-29,03380883E-6	
93,90000000E-3	-28,90736736E-6	
93,50000000E-3	-28,75526681E-6	
93,00000000E-3	-28,58305140E-6	
92,50000000E-3	-28,45262711E-6	
91,90000000E-3	-28,35493535E-6	
91,40000000E-3	-28,23139005E-6	
91,00000000E-3	-28,07343132E-6	
90,40000000E-3	-27,92291263E-6	
89,80000000E-3	-27,82934019E-6	
89,30000000E-3	-27,74372353E-6	
89,10000000E-3	-27,60206056E-6	
88,30000000E-3	-27,44857649E-6	
88,00000000E-3	-27,32400939E-6	
87,40000000E-3	-27,23356130E-6	
87,00000000E-3	-27,11580689E-6	
86,50000000E-3	-26,97243060E-6	
86,10000000E-3	-26,86941096E-6	
85,40000000E-3	-26,80376373E-6	
84,90000000E-3	-26,71695759E-6	
84,50000000E-3	-26,58595357E-6	
84,00000000E-3	-26,44696213E-6	
83,50000000E-3	-26,34657794E-6	
83,10000000E-3	-26,27482762E-6	
82,50000000E-3	-26,18336935E-6	
81,90000000E-3	-26,06821639E-6	
81,70000000E-3	-25,94071289E-6	
81,10000000E-3	-25,83964582E-6	
80,70000000E-3	-25,76587191E-6	
80,20000000E-3	-25,69819767E-6	
79,50000000E-3	-25,61232337E-6	
79,00000000E-3	-25,49910465E-6	
78,40000000E-3	-25,37604853E-6	
78,10000000E-3	-25,29063623E-6	
77,70000000E-3	-25,23797737E-6	
77,30000000E-3	-25,18128320E-6	
76,50000000E-3	-25,09031239E-6	
76,00000000E-3	-24,97688121E-6	
75,70000000E-3	-24,86835905E-6	
75,10000000E-3	-24,79907179E-6	
74,70000000E-3	-24,72035481E-6	
74,20000000E-3	-24,60655378E-6	
73,60000000E-3	-24,48467198E-6	
73,10000000E-3	-24,41668123E-6	
72,40000000E-3	-24,38187762E-6	
72,20000000E-3	-24,33998631E-6	
71,70000000E-3	-24,25928173E-6	
71,30000000E-3	-24,15310772E-6	
70,70000000E-3	-24,05709731E-6	
70,20000000E-3	-23,97719509E-6	
69,60000000E-3	-23,92243781E-6	
69,00000000E-3	-23,87002743E-6	
68,60000000E-3	-23,78524635E-6	
68,10000000E-3	-23,68323213E-6	
67,60000000E-3	-23,60189616E-6	
67,10000000E-3	-23,55889303E-6	
66,60000000E-3	-23,53336000E-6	
66,10000000E-3	-23,49517614E-6	
65,60000000E-3	-23,42729792E-6	
65,10000000E-3	-23,33048966E-6	
64,60000000E-3	-23,24057256E-6	
64,10000000E-3	-23,18125805E-6	
63,90000000E-3	-23,13370723E-6	
63,90000000E-3	-23,07201116E-6	
62,70000000E-3	-22,98083996E-6	
62,20000000E-3	-22,86800297E-6	
61,70000000E-3	-22,76003829E-6	
61,20000000E-3	-22,67435003E-6	
60,70000000E-3	-22,59836672E-6	
60,30000000E-3	-22,50537841E-6	
59,60000000E-3	-22,41048309E-6	
59,10000000E-3	-22,30302508E-6	
58,60000000E-3	-22,16193869E-6	
58,10000000E-3	-22,00965957E-6	
57,60000000E-3	-21,84588630E-6	
57,10000000E-3	-21,68143843E-6	
56,70000000E-3	-21,50948150E-6	
56,30000000E-3	-21,32044913E-6	
55,70000000E-3	-21,10952392E-6	
55,30000000E-3	-20,88553730E-6	
54,80000000E-3	-20,65096627E-6	
54,80000000E-3	-20,39395601E-6	
53,80000000E-3	-20,12676903E-6	
53,70000000E-3	-19,84910090E-6	
52,70000000E-3	-19,53181155E-6	
52,20000000E-3	-19,21302691E-6	
51,60000000E-3	-18,86650705E-6	
51,60000000E-3	-18,50091275E-6	
50,70000000E-3	-18,15528789E-6	
50,30000000E-3	-17,81655316E-6	
49,80000000E-3	-17,46626109E-6	
49,30000000E-3	-17,11730816E-6	
48,80000000E-3	-16,72297547E-6	
48,50000000E-3	-16,31671624E-6	
47,80000000E-3	-15,96402374E-6	
47,30000000E-3	-15,60252061E-6	
46,80000000E-3	-15,26439549E-6	
46,30000000E-3	-14,93302998E-6	
45,90000000E-3	-14,60810682E-6	
45,40000000E-3	-14,26044150E-6	
44,90000000E-3	-13,95031811E-6	
44,40000000E-3	-13,63847857E-6	
44,00000000E-3	-13,37177956E-6	
43,40000000E-3	-13,12957908E-6	
42,80000000E-3	-12,89249432E-6	
42,30000000E-3	-12,68338794E-6	
41,80000000E-3	-12,50849599E-6	
41,30000000E-3	-12,34277626E-6	
40,90000000E-3	-12,18652649E-6	
40,40000000E-3	-12,01171990E-6	
40,00000000E-3	-11,84957568E-6	
39,50000000E-3	-11,69553584E-6	
39,20000000E-3	-11,57939978E-6	
38,20000000E-3	-11,47720471E-6	
37,70000000E-3	-11,38980437E-6	
37,30000000E-3	-11,29455487E-6	
36,80000000E-3	-11,19355136E-6	
36,30000000E-3	-11,08449769E-6	
35,80000000E-3	-10,99400454E-6	
35,40000000E-3	-10,89534411E-6	
34,90000000E-3	-10,76727283E-6	
34,40000000E-3	-10,66844319E-6	
34,10000000E-3	-10,60321406E-6	
33,50000000E-3	-10,52428483E-6	
33,00000000E-3	-10,42745098E-6	
32,30000000E-3	-10,31227672E-6	
31,80000000E-3	-10,19082719E-6	
31,40000000E-3	-10,06815150E-6	
31,00000000E-3	-9,94921240E-6	
30,40000000E-3	-9,84178585E-6	
29,80000000E-3	-9,73002071E-6	
29,30000000E-3	-9,62380516E-6	
29,10000000E-3	-9,53057893E-6	
28,50000000E-3	-9,42006988E-6	
28,10000000E-3	-9,28236923E-6	
27,50000000E-3	-9,11807251E-6	
26,90000000E-3	-8,93902134E-6	
26,40000000E-3	-8,75546086E-6	
26,00000000E-3	-8,58419072E-6	
25,80000000E-3	-8,39954675E-6	
24,90000000E-3	-8,21127632E-6	
24,40000000E-3	-7,99359069E-6	
24,00000000E-3	-7,75845495E-6	
23,50000000E-3	-7,54163124E-6	
23,10000000E-3	-7,29455433E-6	
22,60000000E-3	-7,03289804E-6	
22,20000000E-3	-6,76906328E-6	
21,40000000E-3	-6,50237282E-6	
21,00000000E-3	-6,26916207E-6	
20,50000000E-3	-6,01973921E-6	
20,10000000E-3	-5,79232770E-6	
19,60000000E-3	-5,54251968E-6	
19,10000000E-3	-5,29302078E-6	
18,60000000E-3	-5,06524888E-6	
18,00000000E-3	-4,80253539E-6	
17,50000000E-3	-4,53989516E-6	
17,10000000E-3	-4,30135216E-6	
16,60000000E-3	-4,05777570E-6	
16,10000000E-3	-3,83141224E-6	
15,70000000E-3	-3,59421539E-6	
15,00000000E-3	-3,35965456E-6	
14,60000000E-3	-3,12423987E-6	
14,10000000E-3	-2,90359211E-6	
13,60000000E-3	-2,68581648E-6	
13,20000000E-3	-2,50477614E-6	
12,60000000E-3	-2,35933986E-6	
12,00000000E-3	-2,22524256E-6	
11,60000000E-3	-2,10558649E-6	
11,10000000E-3	-1,95838659E-6	
10,60000000E-3	-1,83056832E-6	
10,20000000E-3	-1,72979351E-6	
9,70000000E-3	-1,63303644E-6	
9,00000000E-3	-1,52915158E-6	
8,50000000E-3	-1,42699533E-6	
8,10000000E-3	-1,34588426E-6	
7,60000000E-3	-1,28508937E-6	
7,20000000E-3	-1,22012676E-6	
6,80000000E-3	-1,14853403E-6	
6,00000000E-3	-1,07158100E-6	
5,60000000E-3	-976,52430295E-9	
5,10000000E-3	-872,68713437E-9	
4,60000000E-3	-767,74394427E-9	
4,20000000E-3	-669,48347723E-9	
3,70000000E-3	-563,12098846E-9	
3,30000000E-3	-442,63035869E-9	
2,60000000E-3	-304,17957725E-9	
2,00000000E-3	-154,57663847E-9	
1,60000000E-3	-24,41417210E-9	
1,00000000E-3	149,61742630E-9	
600,00000000E-6	347,42628628E-9	
100,00000000E-6	534,91972204E-9	
-400,00000000E-6	712,29983398E-9	
-1,10000000E-3	897,70259098E-9	
-1,50000000E-3	1,10056785E-6	
-2,00000000E-3	1,29476173E-6	
-2,50000000E-3	1,49802694E-6	
-3,00000000E-3	1,68854484E-6	
-3,40000000E-3	1,88485779E-6	
-4,00000000E-3	2,06718779E-6	
-4,50000000E-3	2,25840986E-6	
-5,10000000E-3	2,49287463E-6	
-5,50000000E-3	2,69934777E-6	
-6,00000000E-3	2,89337405E-6	
-6,40000000E-3	3,11633281E-6	
-6,90000000E-3	3,36222302E-6	
-7,40000000E-3	3,54863901E-6	
-8,00000000E-3	3,72259999E-6	
-8,50000000E-3	3,89852497E-6	
-9,00000000E-3	4,07130212E-6	
-9,50000000E-3	4,25945698E-6	
-9,90000000E-3	4,45248285E-6	
-10,40000000E-3	4,62648770E-6	
-10,90000000E-3	4,79532523E-6	
-11,40000000E-3	4,95015508E-6	
-11,80000000E-3	5,07060821E-6	
-12,20000000E-3	5,17684526E-6	
-12,70000000E-3	5,29670792E-6	
-13,30000000E-3	5,41812284E-6	
-13,80000000E-3	5,54625628E-6	
-14,30000000E-3	5,67754035E-6	
-14,80000000E-3	5,79632929E-6	
-15,20000000E-3	5,91369741E-6	
-15,70000000E-3	6,02564875E-6	
-16,20000000E-3	6,08442555E-6	
-16,80000000E-3	6,12972138E-6	
-17,30000000E-3	6,21537392E-6	
-17,80000000E-3	6,32833978E-6	
-18,30000000E-3	6,42285112E-6	
-18,70000000E-3	6,49938641E-6	
-19,20000000E-3	6,57972715E-6	
-19,80000000E-3	6,66960780E-6	
-20,30000000E-3	6,75535435E-6	
-20,80000000E-3	6,85717876E-6	
-21,20000000E-3	6,96116275E-6	
-21,70000000E-3	7,06298406E-6	
-22,10000000E-3	7,16352664E-6	
-22,70000000E-3	7,31121164E-6	
-23,30000000E-3	7,46651424E-6	
-23,80000000E-3	7,63194621E-6	
-24,20000000E-3	7,80484315E-6	
-24,60000000E-3	7,98569438E-6	
-25,10000000E-3	8,22203755E-6	
-25,70000000E-3	8,46790602E-6	
-26,30000000E-3	8,69979478E-6	
-26,70000000E-3	8,94868934E-6	
-27,10000000E-3	9,22022521E-6	
-27,60000000E-3	9,51792138E-6	
-28,10000000E-3	9,82433127E-6	
-28,80000000E-3	10,19776299E-6	
-29,20000000E-3	10,57077727E-6	
-29,70000000E-3	10,93108386E-6	
-30,20000000E-3	11,28316128E-6	
-30,60000000E-3	11,66832680E-6	
-31,10000000E-3	12,04540693E-6	
-31,80000000E-3	12,41549751E-6	
-32,20000000E-3	12,78572163E-6	
-32,70000000E-3	13,16364002E-6	
-33,20000000E-3	13,54548643E-6	
-33,60000000E-3	13,92403273E-6	
-34,10000000E-3	14,29761825E-6	
-34,60000000E-3	14,70002731E-6	
-35,20000000E-3	15,09002764E-6	
-35,70000000E-3	15,51209256E-6	
-36,20000000E-3	15,92061332E-6	
-36,60000000E-3	16,33951636E-6	
-37,10000000E-3	16,72671885E-6	
-37,60000000E-3	17,14552098E-6	
-38,20000000E-3	17,59695828E-6	
-38,70000000E-3	18,04689352E-6	
-39,10000000E-3	18,50777052E-6	
-39,60000000E-3	18,98484205E-6	
-40,10000000E-3	19,47932966E-6	
-40,50000000E-3	19,95018207E-6	
-41,20000000E-3	20,40835681E-6	
-41,70000000E-3	20,91360798E-6	
-42,10000000E-3	21,39645490E-6	
-42,60000000E-3	21,89867594E-6	
-43,00000000E-3	22,38981678E-6	
-43,50000000E-3	22,90968747E-6	
-44,20000000E-3	23,40766012E-6	
-44,60000000E-3	23,89299480E-6	
-45,10000000E-3	24,39588409E-6	
-45,60000000E-3	24,89725006E-6	
-46,00000000E-3	25,42662127E-6	
-46,50000000E-3	25,88977469E-6	
-47,20000000E-3	26,31405124E-6	
-47,60000000E-3	26,72317682E-6	
-48,10000000E-3	27,13070198E-6	
-48,60000000E-3	27,46670258E-6	
-49,00000000E-3	27,75682869E-6	
-49,50000000E-3	28,05543909E-6	
-50,20000000E-3	28,37246295E-6	
-50,60000000E-3	28,65233975E-6	
-51,00000000E-3	28,88179163E-6	
-51,50000000E-3	29,06457229E-6	
-52,00000000E-3	29,19809268E-6	
-52,40000000E-3	29,30616124E-6	
-53,10000000E-3	29,40066200E-6	
-53,60000000E-3	29,45988391E-6	
-53,80000000E-3	29,50812711E-6	
-54,50000000E-3	29,56022268E-6	
-55,00000000E-3	29,59283154E-6	
-55,40000000E-3	29,59601939E-6	
-55,90000000E-3	29,56501386E-6	
-56,50000000E-3	29,50748394E-6	
-57,00000000E-3	29,44325112E-6	
-57,50000000E-3	29,40266080E-6	
-58,00000000E-3	29,39611243E-6	
-58,40000000E-3	29,37565256E-6	
-58,90000000E-3	29,32950021E-6	
-59,60000000E-3	29,27140474E-6	
-59,80000000E-3	29,22396472E-6	
-60,50000000E-3	29,20418928E-6	
-61,00000000E-3	29,21997458E-6	
-61,50000000E-3	29,25264276E-6	
-61,90000000E-3	29,27551896E-6	
-62,40000000E-3	29,29995902E-6	
-62,80000000E-3	29,31436598E-6	
-63,30000000E-3	29,33018330E-6	
-63,70000000E-3	29,35597615E-6	
-64,20000000E-3	29,39155638E-6	
-64,90000000E-3	29,42064606E-6	
-65,40000000E-3	29,46477495E-6	
-65,80000000E-3	29,54056751E-6	
-66,30000000E-3	29,60871434E-6	
-66,80000000E-3	29,66290528E-6	
-67,20000000E-3	29,73005982E-6	
-67,80000000E-3	29,79851906E-6	
-68,40000000E-3	29,87521224E-6	
-68,80000000E-3	29,95044505E-6	
-69,30000000E-3	30,01112092E-6	
-69,70000000E-3	30,06622312E-6	
-70,20000000E-3	30,12896499E-6	
-70,90000000E-3	30,18664516E-6	
-71,40000000E-3	30,24111682E-6	
-71,80000000E-3	30,31655804E-6	
-72,30000000E-3	30,41537683E-6	
-72,70000000E-3	30,50672706E-6	
-73,20000000E-3	30,58526514E-6	
-73,90000000E-3	30,65531290E-6	
-74,40000000E-3	30,72340004E-6	
-74,80000000E-3	30,79782130E-6	
-75,30000000E-3	30,86377697E-6	
-75,80000000E-3	30,92942371E-6	
-76,10000000E-3	30,98897805E-6	
-76,60000000E-3	31,04869113E-6	
-77,40000000E-3	31,12530444E-6	
-77,80000000E-3	31,21006249E-6	
-78,30000000E-3	31,29013237E-6	
-78,70000000E-3	31,36065466E-6	
-79,20000000E-3	31,43370737E-6	
-79,60000000E-3	31,48553921E-6	
-80,40000000E-3	31,52321376E-6	
-80,80000000E-3	31,57326034E-6	
-81,20000000E-3	31,62014073E-6	
-81,70000000E-3	31,67283505E-6	
-82,20000000E-3	31,74284515E-6	
-82,60000000E-3	31,82443625E-6	
-83,30000000E-3	31,90120708E-6	
-83,80000000E-3	31,96930590E-6	
-84,20000000E-3	32,03200426E-6	
-84,70000000E-3	32,09841744E-6	
-85,20000000E-3	32,18933003E-6	
-85,60000000E-3	32,28990265E-6	
-86,30000000E-3	32,35229317E-6	
-86,80000000E-3	32,40210997E-6	
-87,20000000E-3	32,47087095E-6	
-87,70000000E-3	32,58320715E-6	
-88,20000000E-3	32,68529834E-6	
-88,60000000E-3	32,76611147E-6	
-89,30000000E-3	32,83874576E-6	
-89,70000000E-3	32,91619728E-6	
-90,20000000E-3	33,01832312E-6	
-90,70000000E-3	33,13077098E-6	
-91,10000000E-3	33,23359429E-6	
-91,60000000E-3	33,31300982E-6	
-92,20000000E-3	33,39023597E-6	
-92,70000000E-3	33,46969609E-6	
-93,20000000E-3	33,57952085E-6	
-93,60000000E-3	33,70700506E-6	
-94,30000000E-3	33,83078701E-6	
-94,70000000E-3	33,94255361E-6	
-95,20000000E-3	34,02636075E-6	
-95,60000000E-3	34,11653716E-6	
-96,00000000E-3	34,22798254E-6	
-96,70000000E-3	34,35685806E-6	
-97,20000000E-3	34,48878646E-6	
-97,60000000E-3	34,60379847E-6	
-98,00000000E-3	34,70226776E-6	
-98,70000000E-3	34,81207397E-6	
-99,20000000E-3	34,94109819E-6	
-99,60000000E-3	35,08577807E-6	
-100,00000000E-3	35,23121181E-6	
-100,70000000E-3	35,36962450E-6	
-101,20000000E-3	35,50479808E-6	
-101,40000000E-3	35,61917655E-6	
-102,10000000E-3	35,72777573E-6	
-102,60000000E-3	35,84415132E-6	
-103,20000000E-3	35,97804764E-6	
-103,70000000E-3	36,13538056E-6	
-104,10000000E-3	36,30143378E-6	
-104,60000000E-3	36,43640109E-6	
-105,00000000E-3	36,55448877E-6	
-105,70000000E-3	36,68232343E-6	
-105,90000000E-3	36,84190854E-6	
-106,50000000E-3	37,00786011E-6	
-107,10000000E-3	37,14086030E-6	
-107,40000000E-3	37,25031744E-6	
-107,90000000E-3	37,37152991E-6	
-108,60000000E-3	37,53417647E-6	
-109,00000000E-3	37,70150692E-6	
-109,60000000E-3	37,84647051E-6	
-110,10000000E-3	37,95101332E-6	
-110,50000000E-3	38,07830653E-6	
-111,00000000E-3	38,24484039E-6	
-111,50000000E-3	38,40223870E-6	
-111,90000000E-3	38,54368168E-6	
-112,50000000E-3	38,66906170E-6	
-113,00000000E-3	38,83201927E-6	
-113,40000000E-3	39,00496509E-6	
-113,90000000E-3	39,16078029E-6	
-114,50000000E-3	39,27342836E-6	
-115,00000000E-3	39,39063094E-6	
-115,40000000E-3	39,56880894E-6	
-115,90000000E-3	39,73821850E-6	
-116,40000000E-3	39,87514817E-6	
-117,00000000E-3	40,00157125E-6	
-117,40000000E-3	40,17292312E-6	
-117,90000000E-3	40,35310736E-6	
-118,40000000E-3	40,51025754E-6	
-118,90000000E-3	40,63141777E-6	
-119,40000000E-3	40,78070981E-6	
-119,80000000E-3	40,96372231E-6	
-120,40000000E-3	41,10068862E-6	
-120,90000000E-3	41,22508794E-6	
-121,40000000E-3	41,38918823E-6	
-121,80000000E-3	41,56254614E-6	
-122,50000000E-3	41,70811925E-6	
-122,90000000E-3	41,82649247E-6	
-123,30000000E-3	41,97069038E-6	
-123,80000000E-3	42,13692277E-6	
-124,50000000E-3	42,31053014E-6	
-124,90000000E-3	42,45715943E-6	
-125,30000000E-3	42,58261075E-6	
-125,80000000E-3	42,69726493E-6	
-126,50000000E-3	42,82317026E-6	
-126,90000000E-3	42,98069509E-6	
-127,30000000E-3	43,14827223E-6	
-127,80000000E-3	43,31969651E-6	
-128,40000000E-3	43,49572578E-6	
-128,90000000E-3	43,66367383E-6	
-129,30000000E-3	43,82000544E-6	
-129,80000000E-3	43,98147725E-6	
-130,30000000E-3	44,13340817E-6	
-130,90000000E-3	44,29063014E-6	
-131,30000000E-3	44,44320943E-6	
-131,70000000E-3	44,59770848E-6	
-132,30000000E-3	44,74165406E-6	
-132,90000000E-3	44,87054617E-6	
-133,30000000E-3	45,00652582E-6	
-133,70000000E-3	45,14243153E-6	
-134,30000000E-3	45,27754791E-6	
-134,80000000E-3	45,42363186E-6	
-135,30000000E-3	45,57510553E-6	
-135,70000000E-3	45,72910297E-6	
-136,40000000E-3	45,88089240E-6	
-136,80000000E-3	46,03340943E-6	
-137,20000000E-3	46,19796205E-6	
-137,70000000E-3	46,36265346E-6	
-138,30000000E-3	46,51662446E-6	
-138,80000000E-3	46,66399863E-6	
-139,20000000E-3	46,82271496E-6	
-139,70000000E-3	46,97118837E-6	
-140,40000000E-3	47,11640713E-6	
-140,80000000E-3	47,26106009E-6	
-141,20000000E-3	47,40116447E-6	
-141,70000000E-3	47,53334814E-6	
-142,40000000E-3	47,67404986E-6	
-142,80000000E-3	47,82303933E-6	
-143,20000000E-3	47,97750673E-6	
-143,70000000E-3	48,14100601E-6	
-144,20000000E-3	48,31113948E-6	
-144,80000000E-3	48,48894973E-6	
-145,20000000E-3	48,66700217E-6	
-145,70000000E-3	48,84993958E-6	
-146,20000000E-3	48,99581422E-6	
-146,80000000E-3	49,10702271E-6	
-147,20000000E-3	49,22050757E-6	
-147,60000000E-3	49,37050469E-6	
-148,20000000E-3	49,55895816E-6	
-148,80000000E-3	49,74308620E-6	
-149,20000000E-3	49,90316296E-6	
-149,60000000E-3	50,04699992E-6	
