150,00000000E-3	-45,50988477E-6	
150,00000000E-3	-45,50057027E-6	
149,90000000E-3	-45,49664412E-6	
149,80000000E-3	-45,49407847E-6	
149,70000000E-3	-45,48076185E-6	
149,40000000E-3	-45,45023945E-6	
149,00000000E-3	-45,40120885E-6	
148,70000000E-3	-45,33203649E-6	
148,50000000E-3	-45,25193892E-6	
148,10000000E-3	-45,15653622E-6	
147,80000000E-3	-45,06311600E-6	
147,80000000E-3	-44,96053861E-6	
146,90000000E-3	-44,83236646E-6	
146,50000000E-3	-44,71208444E-6	
146,00000000E-3	-44,59021561E-6	
145,50000000E-3	-44,46498294E-6	
145,10000000E-3	-44,33758511E-6	
144,70000000E-3	-44,20948714E-6	
144,20000000E-3	-44,07386387E-6	
143,60000000E-3	-43,93157250E-6	
143,10000000E-3	-43,78751273E-6	
142,60000000E-3	-43,63854283E-6	
142,20000000E-3	-43,49518596E-6	
141,70000000E-3	-43,35242181E-6	
141,30000000E-3	-43,20729138E-6	
140,60000000E-3	-43,07786198E-6	
140,10000000E-3	-42,94017176E-6	
139,70000000E-3	-42,79913035E-6	
139,20000000E-3	-42,65379342E-6	
138,80000000E-3	-42,50883163E-6	
138,30000000E-3	-42,35047528E-6	
137,70000000E-3	-42,19666144E-6	
137,40000000E-3	-42,04825447E-6	
136,70000000E-3	-41,89456899E-6	
136,50000000E-3	-41,74663593E-6	
136,50000000E-3	-41,60906747E-6	
135,30000000E-3	-41,46104595E-6	
134,90000000E-3	-41,32084346E-6	
134,50000000E-3	-41,18479939E-6	
134,00000000E-3	-41,04181961E-6	
133,30000000E-3	-40,89041158E-6	
132,90000000E-3	-40,74436728E-6	
132,40000000E-3	-40,59650178E-6	
131,90000000E-3	-40,44401888E-6	
131,30000000E-3	-40,29998228E-6	
130,80000000E-3	-40,14035845E-6	
130,30000000E-3	-39,98862960E-6	
129,80000000E-3	-39,83559229E-6	
129,40000000E-3	-39,69192526E-6	
129,00000000E-3	-39,54636996E-6	
128,30000000E-3	-39,40931953E-6	
127,80000000E-3	-39,26579063E-6	
127,60000000E-3	-39,11896497E-6	
127,10000000E-3	-38,97492822E-6	
126,50000000E-3	-38,83855641E-6	
126,10000000E-3	-38,69504240E-6	
125,40000000E-3	-38,54599785E-6	
124,90000000E-3	-38,39510545E-6	
124,50000000E-3	-38,24807312E-6	
124,00000000E-3	-38,09537506E-6	
123,30000000E-3	-37,93725225E-6	
122,90000000E-3	-37,78575034E-6	
122,70000000E-3	-37,64110872E-6	
122,00000000E-3	-37,50091028E-6	
121,50000000E-3	-37,34984631E-6	
121,00000000E-3	-37,20857966E-6	
120,60000000E-3	-37,06908362E-6	
120,10000000E-3	-36,92782354E-6	
119,70000000E-3	-36,78363016E-6	
119,00000000E-3	-36,63845601E-6	
118,50000000E-3	-36,47966360E-6	
118,10000000E-3	-36,33335920E-6	
117,60000000E-3	-36,17687374E-6	
116,90000000E-3	-36,03000352E-6	
116,50000000E-3	-35,87858586E-6	
116,30000000E-3	-35,73339759E-6	
115,70000000E-3	-35,59449760E-6	
115,20000000E-3	-35,44179568E-6	
114,50000000E-3	-35,29144061E-6	
114,10000000E-3	-35,14498798E-6	
113,60000000E-3	-34,99881028E-6	
113,40000000E-3	-34,85745098E-6	
112,60000000E-3	-34,71261884E-6	
112,10000000E-3	-34,56985424E-6	
111,70000000E-3	-34,43832391E-6	
111,20000000E-3	-34,29397190E-6	
110,50000000E-3	-34,14697063E-6	
110,00000000E-3	-33,99771461E-6	
109,60000000E-3	-33,85181843E-6	
109,10000000E-3	-33,69888455E-6	
108,60000000E-3	-33,56084480E-6	
108,20000000E-3	-33,41082085E-6	
107,80000000E-3	-33,27320924E-6	
107,20000000E-3	-33,13031645E-6	
107,00000000E-3	-32,98097852E-6	
106,10000000E-3	-32,83739701E-6	
105,70000000E-3	-32,68546334E-6	
105,40000000E-3	-32,54012666E-6	
104,70000000E-3	-32,40091276E-6	
104,20000000E-3	-32,24294094E-6	
103,80000000E-3	-32,09906542E-6	
103,30000000E-3	-31,96041928E-6	
102,60000000E-3	-31,81988525E-6	
102,10000000E-3	-31,67126661E-6	
101,70000000E-3	-31,51933541E-6	
101,20000000E-3	-31,36801180E-6	
100,80000000E-3	-31,22087295E-6	
100,30000000E-3	-31,07432552E-6	
99,60000000E-3	-30,93157217E-6	
99,20000000E-3	-30,79417052E-6	
98,70000000E-3	-30,64678894E-6	
98,20000000E-3	-30,50522034E-6	
97,70000000E-3	-30,35795314E-6	
97,30000000E-3	-30,21900419E-6	
96,80000000E-3	-30,07765823E-6	
96,30000000E-3	-29,92039111E-6	
95,90000000E-3	-29,77290742E-6	
95,40000000E-3	-29,63847680E-6	
95,00000000E-3	-29,49589276E-6	
95,00000000E-3	-29,34923325E-6	
93,80000000E-3	-29,20346417E-6	
93,30000000E-3	-29,06226682E-6	
92,70000000E-3	-28,91598611E-6	
92,20000000E-3	-28,77146165E-6	
91,70000000E-3	-28,62506322E-6	
91,30000000E-3	-28,48384794E-6	
90,80000000E-3	-28,33608016E-6	
90,30000000E-3	-28,19201415E-6	
89,80000000E-3	-28,04829326E-6	
89,20000000E-3	-27,90817821E-6	
88,80000000E-3	-27,76903864E-6	
88,50000000E-3	-27,62316464E-6	
87,70000000E-3	-27,47867700E-6	
87,30000000E-3	-27,34081196E-6	
86,80000000E-3	-27,19349472E-6	
86,30000000E-3	-27,04811753E-6	
85,70000000E-3	-26,89972686E-6	
85,70000000E-3	-26,75146793E-6	
84,80000000E-3	-26,60522559E-6	
84,60000000E-3	-26,46381254E-6	
84,00000000E-3	-26,32078091E-6	
83,50000000E-3	-26,18245981E-6	
82,80000000E-3	-26,03572472E-6	
82,30000000E-3	-25,88649765E-6	
81,90000000E-3	-25,73171319E-6	
81,40000000E-3	-25,58613142E-6	
80,90000000E-3	-25,43804390E-6	
80,50000000E-3	-25,29362662E-6	
79,90000000E-3	-25,15589931E-6	
79,40000000E-3	-25,00838310E-6	
78,90000000E-3	-24,85814447E-6	
78,40000000E-3	-24,70741367E-6	
77,90000000E-3	-24,54543045E-6	
77,30000000E-3	-24,40158686E-6	
76,80000000E-3	-24,25784881E-6	
76,30000000E-3	-24,10331423E-6	
75,90000000E-3	-23,95536657E-6	
75,40000000E-3	-23,80105554E-6	
75,00000000E-3	-23,65875874E-6	
74,40000000E-3	-23,50813964E-6	
73,80000000E-3	-23,35823536E-6	
73,40000000E-3	-23,21002113E-6	
72,90000000E-3	-23,06679629E-6	
72,40000000E-3	-22,91549497E-6	
72,10000000E-3	-22,76160315E-6	
71,40000000E-3	-22,61456265E-6	
70,90000000E-3	-22,46294808E-6	
70,50000000E-3	-22,30600606E-6	
70,00000000E-3	-22,14147606E-6	
69,60000000E-3	-21,98344132E-6	
69,10000000E-3	-21,83350932E-6	
68,40000000E-3	-21,67958140E-6	
67,90000000E-3	-21,52658173E-6	
67,50000000E-3	-21,36854856E-6	
67,00000000E-3	-21,20391140E-6	
66,60000000E-3	-21,03761910E-6	
66,10000000E-3	-20,88300316E-6	
65,40000000E-3	-20,72737659E-6	
64,90000000E-3	-20,57176165E-6	
64,70000000E-3	-20,41335610E-6	
63,90000000E-3	-20,25441304E-6	
63,40000000E-3	-20,10154814E-6	
63,20000000E-3	-19,94019667E-6	
62,40000000E-3	-19,78090459E-6	
62,00000000E-3	-19,60426937E-6	
61,50000000E-3	-19,43253983E-6	
61,10000000E-3	-19,27189340E-6	
60,40000000E-3	-19,10397091E-6	
59,90000000E-3	-18,94768591E-6	
59,40000000E-3	-18,79478265E-6	
59,20000000E-3	-18,62899998E-6	
58,50000000E-3	-18,45735681E-6	
58,10000000E-3	-18,28942737E-6	
57,60000000E-3	-18,11906317E-6	
57,00000000E-3	-17,94269724E-6	
56,40000000E-3	-17,77669194E-6	
55,90000000E-3	-17,61305891E-6	
55,70000000E-3	-17,45196921E-6	
55,70000000E-3	-17,28193591E-6	
54,60000000E-3	-17,10291617E-6	
54,20000000E-3	-16,92983037E-6	
53,70000000E-3	-16,76087161E-6	
53,00000000E-3	-16,58962694E-6	
52,70000000E-3	-16,41199352E-6	
52,70000000E-3	-16,23409034E-6	
51,70000000E-3	-16,06489864E-6	
51,30000000E-3	-15,90443358E-6	
50,70000000E-3	-15,74387049E-6	
50,40000000E-3	-15,56362978E-6	
49,50000000E-3	-15,37492355E-6	
49,00000000E-3	-15,20681263E-6	
48,50000000E-3	-15,03947933E-6	
48,30000000E-3	-14,87085939E-6	
47,70000000E-3	-14,68684371E-6	
47,20000000E-3	-14,50633746E-6	
46,70000000E-3	-14,33611717E-6	
46,20000000E-3	-14,17382255E-6	
45,70000000E-3	-14,00252011E-6	
45,30000000E-3	-13,82800794E-6	
44,80000000E-3	-13,64373968E-6	
44,20000000E-3	-13,45852999E-6	
43,80000000E-3	-13,28516157E-6	
43,10000000E-3	-13,09757504E-6	
42,90000000E-3	-12,93563870E-6	
42,10000000E-3	-12,77816376E-6	
41,60000000E-3	-12,61388897E-6	
41,20000000E-3	-12,43132947E-6	
40,60000000E-3	-12,26048529E-6	
40,20000000E-3	-12,09025475E-6	
39,90000000E-3	-11,92010490E-6	
39,20000000E-3	-11,75081515E-6	
38,70000000E-3	-11,56320058E-6	
38,20000000E-3	-11,39399844E-6	
38,00000000E-3	-11,23126653E-6	
37,10000000E-3	-11,06553024E-6	
36,60000000E-3	-10,89205934E-6	
36,20000000E-3	-10,71308003E-6	
35,70000000E-3	-10,54245719E-6	
35,50000000E-3	-10,37517349E-6	
34,70000000E-3	-10,20944882E-6	
34,50000000E-3	-10,04906163E-6	
33,70000000E-3	-9,87987744E-6	
33,40000000E-3	-9,70586809E-6	
32,90000000E-3	-9,53267919E-6	
32,40000000E-3	-9,36218671E-6	
31,90000000E-3	-9,19060618E-6	
31,20000000E-3	-9,01888097E-6	
30,70000000E-3	-8,84348539E-6	
30,20000000E-3	-8,67130273E-6	
29,80000000E-3	-8,51165622E-6	
29,30000000E-3	-8,33565910E-6	
28,80000000E-3	-8,16891732E-6	
28,40000000E-3	-8,00948687E-6	
28,10000000E-3	-7,84628534E-6	
27,40000000E-3	-7,67246861E-6	
26,90000000E-3	-7,51075125E-6	
26,40000000E-3	-7,34601784E-6	
25,90000000E-3	-7,16696820E-6	
25,40000000E-3	-7,00312644E-6	
25,10000000E-3	-6,83644611E-6	
25,10000000E-3	-6,67951973E-6	
23,90000000E-3	-6,50679788E-6	
23,50000000E-3	-6,33899021E-6	
23,00000000E-3	-6,17328209E-6	
23,00000000E-3	-6,01668810E-6	
21,80000000E-3	-5,84466364E-6	
21,30000000E-3	-5,67152478E-6	
20,80000000E-3	-5,51542418E-6	
20,60000000E-3	-5,35947228E-6	
20,10000000E-3	-5,19482069E-6	
19,60000000E-3	-5,02173170E-6	
19,10000000E-3	-4,85609586E-6	
18,60000000E-3	-4,69965477E-6	
18,00000000E-3	-4,53269312E-6	
17,40000000E-3	-4,36698578E-6	
16,90000000E-3	-4,19372363E-6	
16,30000000E-3	-4,03765458E-6	
15,90000000E-3	-3,88161616E-6	
15,50000000E-3	-3,72016010E-6	
15,00000000E-3	-3,55805456E-6	
14,50000000E-3	-3,40194769E-6	
14,00000000E-3	-3,24109380E-6	
13,50000000E-3	-3,08221442E-6	
13,00000000E-3	-2,90921247E-6	
12,40000000E-3	-2,74761425E-6	
12,00000000E-3	-2,58595303E-6	
11,40000000E-3	-2,43505503E-6	
10,90000000E-3	-2,27968908E-6	
10,40000000E-3	-2,11972937E-6	
9,90000000E-3	-1,96093284E-6	
9,40000000E-3	-1,80442997E-6	
9,00000000E-3	-1,64045576E-6	
8,40000000E-3	-1,47094465E-6	
8,00000000E-3	-1,31021330E-6	
7,50000000E-3	-1,16186407E-6	
7,00000000E-3	-1,01923352E-6	
6,50000000E-3	-861,59685794E-9	
6,10000000E-3	-696,63318258E-9	
5,60000000E-3	-536,25638064E-9	
5,10000000E-3	-375,76880091E-9	
4,60000000E-3	-224,80092794E-9	
4,10000000E-3	-64,02448701E-9	
3,60000000E-3	90,51580367E-9	
3,10000000E-3	249,83022591E-9	
2,60000000E-3	402,05736644E-9	
2,00000000E-3	561,24722238E-9	
1,50000000E-3	731,13928408E-9	
1,00000000E-3	894,51930647E-9	
400,00000000E-6	1,07044153E-6	
-200,00000000E-6	1,23627983E-6	
-700,00000000E-6	1,39360371E-6	
-1,20000000E-3	1,55022825E-6	
-1,70000000E-3	1,71793511E-6	
-2,00000000E-3	1,88800718E-6	
-2,70000000E-3	2,04718557E-6	
-2,90000000E-3	2,21060864E-6	
-3,70000000E-3	2,37938063E-6	
-4,20000000E-3	2,55047192E-6	
-4,60000000E-3	2,71726504E-6	
-5,10000000E-3	2,87341624E-6	
-5,60000000E-3	3,02760450E-6	
-6,00000000E-3	3,18709683E-6	
-6,50000000E-3	3,36430855E-6	
-7,00000000E-3	3,52568468E-6	
-7,50000000E-3	3,68544349E-6	
-8,10000000E-3	3,86145069E-6	
-8,60000000E-3	4,03543859E-6	
-9,20000000E-3	4,20388636E-6	
-9,70000000E-3	4,37887660E-6	
-10,20000000E-3	4,54086395E-6	
-10,40000000E-3	4,70743263E-6	
-11,00000000E-3	4,88477281E-6	
-11,40000000E-3	5,05334958E-6	
-12,00000000E-3	5,23603747E-6	
-12,40000000E-3	5,40799320E-6	
-13,00000000E-3	5,58448172E-6	
-13,40000000E-3	5,76068956E-6	
-14,00000000E-3	5,92815641E-6	
-14,40000000E-3	6,10205095E-6	
-14,90000000E-3	6,27790701E-6	
-15,40000000E-3	6,45531735E-6	
-15,90000000E-3	6,64587887E-6	
-16,40000000E-3	6,82055363E-6	
-16,90000000E-3	7,00264723E-6	
-17,40000000E-3	7,18693291E-6	
-17,90000000E-3	7,36859431E-6	
-18,40000000E-3	7,54927270E-6	
-18,90000000E-3	7,72574737E-6	
-19,40000000E-3	7,92441068E-6	
-19,90000000E-3	8,11114707E-6	
-20,40000000E-3	8,29716997E-6	
-20,80000000E-3	8,48346767E-6	
-21,30000000E-3	8,67208016E-6	
-21,80000000E-3	8,86140666E-6	
-22,30000000E-3	9,05467664E-6	
-22,80000000E-3	9,24297293E-6	
-23,30000000E-3	9,43148269E-6	
-23,80000000E-3	9,62870534E-6	
-24,30000000E-3	9,82986962E-6	
-24,80000000E-3	10,01978799E-6	
-25,30000000E-3	10,22084295E-6	
-25,80000000E-3	10,42227048E-6	
-26,30000000E-3	10,62247736E-6	
-26,80000000E-3	10,82961518E-6	
-27,30000000E-3	11,02770733E-6	
-27,70000000E-3	11,22484708E-6	
-28,20000000E-3	11,42642799E-6	
-28,70000000E-3	11,63128966E-6	
-29,30000000E-3	11,84014619E-6	
-29,80000000E-3	12,05048132E-6	
-30,30000000E-3	12,25992841E-6	
-30,80000000E-3	12,47932118E-6	
-31,30000000E-3	12,67749101E-6	
-31,80000000E-3	12,88364792E-6	
-32,30000000E-3	13,08970106E-6	
-32,70000000E-3	13,31023577E-6	
-33,30000000E-3	13,52935874E-6	
-33,80000000E-3	13,74859955E-6	
-34,30000000E-3	13,96516751E-6	
-34,70000000E-3	14,18064792E-6	
-35,30000000E-3	14,39838318E-6	
-35,70000000E-3	14,60751574E-6	
-36,20000000E-3	14,81693004E-6	
-36,70000000E-3	15,02899440E-6	
-37,20000000E-3	15,25339179E-6	
-37,70000000E-3	15,47589936E-6	
-38,20000000E-3	15,69723949E-6	
-38,70000000E-3	15,91749227E-6	
-39,20000000E-3	16,13366416E-6	
-39,70000000E-3	16,36583193E-6	
-40,20000000E-3	16,57966113E-6	
-40,70000000E-3	16,79256960E-6	
-41,20000000E-3	17,01135095E-6	
-41,70000000E-3	17,23559594E-6	
-42,20000000E-3	17,44934995E-6	
-42,70000000E-3	17,67248625E-6	
-43,20000000E-3	17,88275733E-6	
-43,70000000E-3	18,10237769E-6	
-44,20000000E-3	18,33005324E-6	
-44,70000000E-3	18,54219619E-6	
-45,20000000E-3	18,75524624E-6	
-45,70000000E-3	18,97527745E-6	
-46,20000000E-3	19,19273139E-6	
-46,70000000E-3	19,41100790E-6	
-47,20000000E-3	19,62900566E-6	
-47,70000000E-3	19,84409170E-6	
-48,20000000E-3	20,06135163E-6	
-48,70000000E-3	20,27505350E-6	
-49,20000000E-3	20,47832935E-6	
-49,70000000E-3	20,67877795E-6	
-50,20000000E-3	20,89193381E-6	
-50,70000000E-3	21,10557827E-6	
-51,20000000E-3	21,31491455E-6	
-51,80000000E-3	21,52297052E-6	
-52,40000000E-3	21,72379553E-6	
-52,80000000E-3	21,93495297E-6	
-53,40000000E-3	22,13233167E-6	
-53,60000000E-3	22,32419839E-6	
-54,10000000E-3	22,53564514E-6	
-54,60000000E-3	22,73887285E-6	
-55,10000000E-3	22,93932813E-6	
-55,80000000E-3	23,13633666E-6	
-56,30000000E-3	23,33405391E-6	
-56,80000000E-3	23,52620611E-6	
-56,90000000E-3	23,71844174E-6	
-57,60000000E-3	23,90497388E-6	
-58,10000000E-3	24,08512542E-6	
-58,60000000E-3	24,28048863E-6	
-59,10000000E-3	24,47033676E-6	
-59,50000000E-3	24,65829466E-6	
-60,00000000E-3	24,83883833E-6	
-60,50000000E-3	25,02600571E-6	
-61,00000000E-3	25,21291326E-6	
-61,50000000E-3	25,39032937E-6	
-62,10000000E-3	25,56994083E-6	
-62,50000000E-3	25,73863220E-6	
-63,00000000E-3	25,92178749E-6	
-63,50000000E-3	26,09416343E-6	
-64,00000000E-3	26,27983742E-6	
-64,50000000E-3	26,44915682E-6	
-65,10000000E-3	26,62051473E-6	
-65,50000000E-3	26,80178245E-6	
-65,90000000E-3	26,97251139E-6	
-66,60000000E-3	27,13815957E-6	
-67,10000000E-3	27,30234744E-6	
-67,60000000E-3	27,46528470E-6	
-68,00000000E-3	27,64272570E-6	
-68,50000000E-3	27,80737017E-6	
-69,00000000E-3	27,97215231E-6	
-69,50000000E-3	28,13740127E-6	
-70,00000000E-3	28,30541965E-6	
-70,50000000E-3	28,46296989E-6	
-71,00000000E-3	28,61851176E-6	
-71,50000000E-3	28,77974372E-6	
-72,00000000E-3	28,94086564E-6	
-72,50000000E-3	29,09925662E-6	
-73,00000000E-3	29,26018153E-6	
-73,50000000E-3	29,41963034E-6	
-74,00000000E-3	29,57077410E-6	
-74,50000000E-3	29,73275176E-6	
-75,00000000E-3	29,89013960E-6	
-75,50000000E-3	30,03820222E-6	
-76,00000000E-3	30,19565633E-6	
-76,40000000E-3	30,35116306E-6	
-77,00000000E-3	30,50064429E-6	
-77,50000000E-3	30,65433477E-6	
-78,00000000E-3	30,81379686E-6	
-78,50000000E-3	30,96231196E-6	
-79,00000000E-3	31,11911512E-6	
-79,50000000E-3	31,26488320E-6	
-80,00000000E-3	31,41135017E-6	
-80,50000000E-3	31,56595471E-6	
-81,00000000E-3	31,72277915E-6	
-81,40000000E-3	31,87621383E-6	
-82,00000000E-3	32,02551493E-6	
-82,40000000E-3	32,17388554E-6	
-82,90000000E-3	32,32429627E-6	
-83,40000000E-3	32,48539953E-6	
-83,90000000E-3	32,63109513E-6	
-84,40000000E-3	32,77443027E-6	
-84,90000000E-3	32,92308072E-6	
-85,40000000E-3	33,07160698E-6	
-85,90000000E-3	33,22399602E-6	
-86,40000000E-3	33,36684652E-6	
-86,90000000E-3	33,51821433E-6	
-87,40000000E-3	33,66583220E-6	
-87,90000000E-3	33,81100454E-6	
-88,40000000E-3	33,95456164E-6	
-88,90000000E-3	34,10837332E-6	
-89,40000000E-3	34,25865947E-6	
-89,90000000E-3	34,41203864E-6	
-90,40000000E-3	34,55731128E-6	
-90,90000000E-3	34,71259834E-6	
-91,40000000E-3	34,86154541E-6	
-91,90000000E-3	35,01009666E-6	
-92,40000000E-3	35,15458006E-6	
-92,90000000E-3	35,29808822E-6	
-93,40000000E-3	35,45388482E-6	
-93,90000000E-3	35,60935680E-6	
-94,40000000E-3	35,75992025E-6	
-94,90000000E-3	35,91048922E-6	
-95,40000000E-3	36,06037077E-6	
-95,90000000E-3	36,20442139E-6	
-96,40000000E-3	36,35263100E-6	
-96,90000000E-3	36,49821767E-6	
-97,40000000E-3	36,64511915E-6	
-97,90000000E-3	36,79585990E-6	
-98,40000000E-3	36,94018454E-6	
-98,90000000E-3	37,09757003E-6	
-99,40000000E-3	37,24906286E-6	
-99,90000000E-3	37,39813804E-6	
-100,40000000E-3	37,54471071E-6	
-100,90000000E-3	37,69442813E-6	
-101,40000000E-3	37,84132646E-6	
-101,60000000E-3	37,99237110E-6	
-102,10000000E-3	38,14553655E-6	
-102,60000000E-3	38,29056265E-6	
-103,10000000E-3	38,43547157E-6	
-103,80000000E-3	38,59397935E-6	
-104,40000000E-3	38,74313956E-6	
-104,90000000E-3	38,89414951E-6	
-105,10000000E-3	39,04254439E-6	
-105,60000000E-3	39,19104910E-6	
-106,10000000E-3	39,34019173E-6	
-106,60000000E-3	39,48627172E-6	
-107,10000000E-3	39,63812689E-6	
-107,60000000E-3	39,78664926E-6	
-108,10000000E-3	39,94563528E-6	
-108,70000000E-3	40,08959014E-6	
-109,20000000E-3	40,24185002E-6	
-109,70000000E-3	40,39071108E-6	
-110,20000000E-3	40,54286783E-6	
-110,70000000E-3	40,68874491E-6	
-111,20000000E-3	40,83971650E-6	
-111,70000000E-3	40,99485279E-6	
-112,20000000E-3	41,14833631E-6	
-112,70000000E-3	41,29908724E-6	
-113,10000000E-3	41,44105178E-6	
-113,60000000E-3	41,59315338E-6	
-114,00000000E-3	41,74740611E-6	
-114,70000000E-3	41,88954622E-6	
-115,20000000E-3	42,04102565E-6	
-115,60000000E-3	42,19289424E-6	
-116,10000000E-3	42,34501060E-6	
-116,50000000E-3	42,48932761E-6	
-117,00000000E-3	42,64578657E-6	
-117,70000000E-3	42,80401823E-6	
-118,10000000E-3	42,94925774E-6	
-118,60000000E-3	43,10202484E-6	
-119,00000000E-3	43,24448697E-6	
-119,50000000E-3	43,38966797E-6	
-120,20000000E-3	43,54910229E-6	
-120,60000000E-3	43,70020031E-6	
-121,10000000E-3	43,85014527E-6	
-121,50000000E-3	43,99587379E-6	
-122,00000000E-3	44,14874090E-6	
-122,60000000E-3	44,30010017E-6	
-123,10000000E-3	44,44369204E-6	
-123,60000000E-3	44,59415705E-6	
-124,00000000E-3	44,73877691E-6	
-124,50000000E-3	44,88834228E-6	
-124,90000000E-3	45,04296843E-6	
-125,60000000E-3	45,19226833E-6	
-126,10000000E-3	45,34717317E-6	
-126,50000000E-3	45,49259902E-6	
-126,90000000E-3	45,64586637E-6	
-127,40000000E-3	45,79601226E-6	
-128,00000000E-3	45,95015099E-6	
-128,60000000E-3	46,10187438E-6	
-129,00000000E-3	46,25006192E-6	
-129,50000000E-3	46,40067376E-6	
-130,00000000E-3	46,55683360E-6	
-130,40000000E-3	46,71031225E-6	
-130,90000000E-3	46,86432305E-6	
-131,50000000E-3	47,01147082E-6	
-132,00000000E-3	47,15128222E-6	
-132,50000000E-3	47,30655142E-6	
-132,90000000E-3	47,46206961E-6	
-133,40000000E-3	47,61609605E-6	
-134,00000000E-3	47,76588743E-6	
-134,50000000E-3	47,91582041E-6	
-134,90000000E-3	48,06698125E-6	
-135,40000000E-3	48,22025987E-6	
-135,80000000E-3	48,36644665E-6	
-136,40000000E-3	48,51794134E-6	
-137,00000000E-3	48,66852679E-6	
-137,40000000E-3	48,82081626E-6	
-137,90000000E-3	48,97382365E-6	
-138,30000000E-3	49,12481347E-6	
-138,80000000E-3	49,27812712E-6	
-139,50000000E-3	49,42687651E-6	
-140,00000000E-3	49,57055832E-6	
-140,40000000E-3	49,71565726E-6	
-140,90000000E-3	49,87784267E-6	
-141,30000000E-3	50,03225459E-6	
-141,90000000E-3	50,18694109E-6	
-142,50000000E-3	50,34036699E-6	
-142,90000000E-3	50,49142473E-6	
-143,40000000E-3	50,64624482E-6	
-143,80000000E-3	50,79511584E-6	
-144,30000000E-3	50,94837933E-6	
-144,80000000E-3	51,09548863E-6	
-145,40000000E-3	51,24476883E-6	
-145,90000000E-3	51,40194337E-6	
-146,30000000E-3	51,55602273E-6	
-146,80000000E-3	51,70651797E-6	
-147,30000000E-3	51,85809229E-6	
-147,90000000E-3	52,00553854E-6	
-148,40000000E-3	52,16785125E-6	
-148,90000000E-3	52,31815816E-6	
-149,30000000E-3	52,47304929E-6	
-149,70000000E-3	52,62440853E-6	
