150,00000000E-3	-45,38129304E-6	
150,00000000E-3	-45,38054339E-6	
150,00000000E-3	-45,38264070E-6	
149,80000000E-3	-45,38283105E-6	
149,70000000E-3	-45,37582580E-6	
149,40000000E-3	-45,35433567E-6	
149,10000000E-3	-45,30917699E-6	
148,80000000E-3	-45,24630406E-6	
148,40000000E-3	-45,18577392E-6	
148,00000000E-3	-45,10600929E-6	
147,50000000E-3	-45,01832884E-6	
147,10000000E-3	-44,92822247E-6	
146,70000000E-3	-44,82410719E-6	
146,30000000E-3	-44,71681882E-6	
145,80000000E-3	-44,59891541E-6	
145,40000000E-3	-44,46375416E-6	
145,00000000E-3	-44,32545552E-6	
144,40000000E-3	-44,17318408E-6	
144,00000000E-3	-44,02802935E-6	
143,50000000E-3	-43,86424726E-6	
143,10000000E-3	-43,71919666E-6	
142,60000000E-3	-43,57251554E-6	
142,10000000E-3	-43,44051115E-6	
141,80000000E-3	-43,29491073E-6	
141,00000000E-3	-43,15539815E-6	
140,90000000E-3	-43,01258099E-6	
140,20000000E-3	-42,87342296E-6	
139,90000000E-3	-42,74055940E-6	
139,30000000E-3	-42,59832751E-6	
138,50000000E-3	-42,44124440E-6	
138,20000000E-3	-42,28847327E-6	
137,90000000E-3	-42,13372256E-6	
137,50000000E-3	-41,97408667E-6	
136,80000000E-3	-41,80548980E-6	
136,20000000E-3	-41,64762780E-6	
135,70000000E-3	-41,48141074E-6	
135,30000000E-3	-41,31987687E-6	
134,70000000E-3	-41,17801343E-6	
134,20000000E-3	-41,05957749E-6	
133,70000000E-3	-40,94807242E-6	
133,20000000E-3	-40,83641657E-6	
132,80000000E-3	-40,71266913E-6	
132,30000000E-3	-40,56747941E-6	
131,90000000E-3	-40,40731702E-6	
131,50000000E-3	-40,21588896E-6	
131,00000000E-3	-40,02572393E-6	
130,30000000E-3	-39,85408267E-6	
129,80000000E-3	-39,73232358E-6	
129,20000000E-3	-39,64349262E-6	
128,90000000E-3	-39,52387711E-6	
128,50000000E-3	-39,35340609E-6	
128,10000000E-3	-39,14102681E-6	
127,30000000E-3	-38,98005921E-6	
126,90000000E-3	-38,87827549E-6	
126,40000000E-3	-38,78452828E-6	
125,90000000E-3	-38,62958272E-6	
125,50000000E-3	-38,43534229E-6	
125,10000000E-3	-38,25563171E-6	
124,60000000E-3	-38,10477956E-6	
123,90000000E-3	-37,99497151E-6	
123,60000000E-3	-37,89433930E-6	
122,90000000E-3	-37,75615052E-6	
122,50000000E-3	-37,58218904E-6	
122,00000000E-3	-37,38317930E-6	
121,50000000E-3	-37,20031127E-6	
121,00000000E-3	-37,06978713E-6	
120,60000000E-3	-36,95694636E-6	
120,10000000E-3	-36,84916089E-6	
119,40000000E-3	-36,73179131E-6	
118,90000000E-3	-36,57257762E-6	
118,40000000E-3	-36,38973770E-6	
118,00000000E-3	-36,21027153E-6	
117,50000000E-3	-36,03139038E-6	
117,10000000E-3	-35,88707725E-6	
116,30000000E-3	-35,77181733E-6	
115,90000000E-3	-35,65788855E-6	
115,40000000E-3	-35,53988507E-6	
114,90000000E-3	-35,39693315E-6	
114,50000000E-3	-35,22434962E-6	
114,00000000E-3	-35,02649048E-6	
113,50000000E-3	-34,87396697E-6	
112,90000000E-3	-34,76499481E-6	
112,40000000E-3	-34,66098345E-6	
112,00000000E-3	-34,50547951E-6	
111,70000000E-3	-34,31811599E-6	
111,20000000E-3	-34,15097425E-6	
110,60000000E-3	-34,03792952E-6	
110,10000000E-3	-33,92779539E-6	
109,50000000E-3	-33,77674742E-6	
108,90000000E-3	-33,59261485E-6	
108,70000000E-3	-33,42283304E-6	
108,00000000E-3	-33,27851771E-6	
107,60000000E-3	-33,17106399E-6	
107,10000000E-3	-33,07176740E-6	
106,60000000E-3	-32,93145683E-6	
106,10000000E-3	-32,74947904E-6	
105,70000000E-3	-32,56658041E-6	
105,30000000E-3	-32,42568807E-6	
104,50000000E-3	-32,32256245E-6	
104,00000000E-3	-32,21625194E-6	
103,80000000E-3	-32,07309412E-6	
103,20000000E-3	-31,90844543E-6	
102,90000000E-3	-31,73991931E-6	
102,90000000E-3	-31,57148759E-6	
101,60000000E-3	-31,42752610E-6	
101,10000000E-3	-31,30764010E-6	
100,70000000E-3	-31,19368333E-6	
100,20000000E-3	-31,08387496E-6	
99,70000000E-3	-30,94962759E-6	
99,20000000E-3	-30,79912350E-6	
98,70000000E-3	-30,63377097E-6	
98,20000000E-3	-30,46651371E-6	
97,60000000E-3	-30,31454112E-6	
97,30000000E-3	-30,18718244E-6	
96,70000000E-3	-30,07756156E-6	
96,30000000E-3	-29,97453048E-6	
96,20000000E-3	-29,85238982E-6	
95,30000000E-3	-29,69992090E-6	
94,90000000E-3	-29,52950130E-6	
94,20000000E-3	-29,37155045E-6	
93,80000000E-3	-29,24595924E-6	
93,30000000E-3	-29,15442817E-6	
92,80000000E-3	-29,04353551E-6	
92,20000000E-3	-28,89129273E-6	
91,70000000E-3	-28,72090253E-6	
91,30000000E-3	-28,56177053E-6	
90,70000000E-3	-28,45195275E-6	
90,30000000E-3	-28,36641366E-6	
89,80000000E-3	-28,25644155E-6	
89,50000000E-3	-28,10567756E-6	
88,80000000E-3	-27,94256695E-6	
88,30000000E-3	-27,79431708E-6	
87,90000000E-3	-27,66791163E-6	
87,40000000E-3	-27,57243799E-6	
86,90000000E-3	-27,47620067E-6	
86,20000000E-3	-27,36377944E-6	
86,00000000E-3	-27,22760529E-6	
85,40000000E-3	-27,06370583E-6	
84,70000000E-3	-26,91449699E-6	
84,50000000E-3	-26,80380653E-6	
83,80000000E-3	-26,71354254E-6	
83,30000000E-3	-26,61774249E-6	
82,90000000E-3	-26,50895941E-6	
82,30000000E-3	-26,38809669E-6	
81,80000000E-3	-26,25151838E-6	
81,40000000E-3	-26,11463238E-6	
80,80000000E-3	-25,97859386E-6	
80,40000000E-3	-25,85266644E-6	
79,90000000E-3	-25,72894693E-6	
79,40000000E-3	-25,60997875E-6	
78,90000000E-3	-25,49436950E-6	
78,50000000E-3	-25,37393423E-6	
77,90000000E-3	-25,25926560E-6	
77,50000000E-3	-25,14948842E-6	
77,00000000E-3	-25,04091947E-6	
76,50000000E-3	-24,93536303E-6	
75,80000000E-3	-24,82231148E-6	
75,40000000E-3	-24,72384430E-6	
74,90000000E-3	-24,62464546E-6	
74,40000000E-3	-24,52755087E-6	
74,10000000E-3	-24,42560257E-6	
73,50000000E-3	-24,31621611E-6	
72,90000000E-3	-24,20829234E-6	
72,40000000E-3	-24,09783978E-6	
72,20000000E-3	-23,98322951E-6	
71,40000000E-3	-23,87396079E-6	
70,90000000E-3	-23,76436917E-6	
70,40000000E-3	-23,64528054E-6	
69,90000000E-3	-23,53019985E-6	
69,40000000E-3	-23,40929091E-6	
69,20000000E-3	-23,30005678E-6	
68,50000000E-3	-23,18780739E-6	
68,00000000E-3	-23,06631687E-6	
67,60000000E-3	-22,94483551E-6	
67,10000000E-3	-22,82823057E-6	
66,60000000E-3	-22,70344266E-6	
66,10000000E-3	-22,57356359E-6	
65,60000000E-3	-22,43750962E-6	
65,10000000E-3	-22,30562659E-6	
64,50000000E-3	-22,17663739E-6	
63,90000000E-3	-22,04508808E-6	
63,70000000E-3	-21,90517542E-6	
62,90000000E-3	-21,77120874E-6	
62,40000000E-3	-21,63621020E-6	
61,90000000E-3	-21,48923738E-6	
61,60000000E-3	-21,35178143E-6	
61,60000000E-3	-21,22028212E-6	
60,60000000E-3	-21,07001321E-6	
60,10000000E-3	-20,92384196E-6	
59,60000000E-3	-20,78029075E-6	
59,10000000E-3	-20,62349248E-6	
58,60000000E-3	-20,46051614E-6	
58,10000000E-3	-20,28602444E-6	
57,60000000E-3	-20,10633396E-6	
57,40000000E-3	-19,91202507E-6	
56,50000000E-3	-19,71823741E-6	
56,40000000E-3	-19,50524728E-6	
55,50000000E-3	-19,30517210E-6	
55,10000000E-3	-19,10274006E-6	
54,60000000E-3	-18,89178030E-6	
54,10000000E-3	-18,68153606E-6	
53,60000000E-3	-18,48220877E-6	
53,10000000E-3	-18,27369703E-6	
52,60000000E-3	-18,05239239E-6	
52,30000000E-3	-17,83974401E-6	
51,40000000E-3	-17,60770342E-6	
51,40000000E-3	-17,37349806E-6	
50,60000000E-3	-17,13245004E-6	
50,10000000E-3	-16,88222794E-6	
49,50000000E-3	-16,62830479E-6	
49,20000000E-3	-16,37706724E-6	
48,50000000E-3	-16,13203905E-6	
48,00000000E-3	-15,88590667E-6	
47,70000000E-3	-15,64994873E-6	
47,30000000E-3	-15,41242928E-6	
46,50000000E-3	-15,18388025E-6	
46,30000000E-3	-14,95545528E-6	
45,70000000E-3	-14,71480412E-6	
45,20000000E-3	-14,48637780E-6	
44,70000000E-3	-14,25475830E-6	
44,30000000E-3	-14,03242298E-6	
43,70000000E-3	-13,81346516E-6	
43,10000000E-3	-13,59656634E-6	
42,70000000E-3	-13,38676656E-6	
42,30000000E-3	-13,19380518E-6	
41,60000000E-3	-12,99421448E-6	
41,10000000E-3	-12,79312278E-6	
40,60000000E-3	-12,60919851E-6	
40,10000000E-3	-12,41525748E-6	
39,70000000E-3	-12,23633908E-6	
39,40000000E-3	-12,07024043E-6	
38,60000000E-3	-11,90374377E-6	
38,00000000E-3	-11,74634146E-6	
37,70000000E-3	-11,58760443E-6	
37,30000000E-3	-11,43010201E-6	
36,80000000E-3	-11,27507187E-6	
36,30000000E-3	-11,11073612E-6	
35,80000000E-3	-10,94555772E-6	
35,60000000E-3	-10,76463190E-6	
34,70000000E-3	-10,59171574E-6	
34,20000000E-3	-10,42300382E-6	
33,60000000E-3	-10,27176439E-6	
33,10000000E-3	-10,12578608E-6	
33,10000000E-3	-9,98683994E-6	
32,20000000E-3	-9,83815747E-6	
31,80000000E-3	-9,66375914E-6	
31,30000000E-3	-9,48258245E-6	
31,30000000E-3	-9,30064699E-6	
30,20000000E-3	-9,13389364E-6	
29,70000000E-3	-8,99150333E-6	
29,40000000E-3	-8,84645639E-6	
28,80000000E-3	-8,69260818E-6	
28,30000000E-3	-8,50959650E-6	
27,90000000E-3	-8,32158214E-6	
27,40000000E-3	-8,13533059E-6	
26,80000000E-3	-7,94244788E-6	
26,20000000E-3	-7,76164298E-6	
25,60000000E-3	-7,58563176E-6	
25,20000000E-3	-7,42321617E-6	
24,60000000E-3	-7,25162947E-6	
24,20000000E-3	-7,05240451E-6	
23,60000000E-3	-6,84197169E-6	
23,20000000E-3	-6,63231402E-6	
22,60000000E-3	-6,43045827E-6	
22,20000000E-3	-6,24310356E-6	
22,20000000E-3	-6,05785046E-6	
21,40000000E-3	-5,88122013E-6	
20,90000000E-3	-5,67383521E-6	
20,40000000E-3	-5,46298701E-6	
19,90000000E-3	-5,25732194E-6	
19,40000000E-3	-5,07104768E-6	
18,90000000E-3	-4,88818738E-6	
18,70000000E-3	-4,67699148E-6	
18,10000000E-3	-4,45963583E-6	
17,30000000E-3	-4,27677048E-6	
16,90000000E-3	-4,10392127E-6	
16,30000000E-3	-3,91698377E-6	
15,80000000E-3	-3,71509644E-6	
15,30000000E-3	-3,53511638E-6	
14,90000000E-3	-3,36536429E-6	
14,30000000E-3	-3,17593590E-6	
13,90000000E-3	-2,99017231E-6	
13,30000000E-3	-2,83809983E-6	
12,90000000E-3	-2,66425901E-6	
12,30000000E-3	-2,48789250E-6	
11,90000000E-3	-2,34250131E-6	
11,40000000E-3	-2,19758920E-6	
10,90000000E-3	-2,03487610E-6	
10,40000000E-3	-1,87259126E-6	
9,90000000E-3	-1,73546763E-6	
9,40000000E-3	-1,60274532E-6	
8,90000000E-3	-1,45474642E-6	
8,40000000E-3	-1,31439741E-6	
7,90000000E-3	-1,19010835E-6	
7,40000000E-3	-1,06288697E-6	
6,90000000E-3	-920,10875153E-9	
6,40000000E-3	-787,64850256E-9	
5,90000000E-3	-671,36162867E-9	
5,40000000E-3	-548,41741074E-9	
5,40000000E-3	-409,22563406E-9	
4,50000000E-3	-272,27068392E-9	
3,90000000E-3	-148,90058816E-9	
3,50000000E-3	-30,16018763E-9	
3,00000000E-3	100,76665385E-9	
2,50000000E-3	230,21999295E-9	
1,90000000E-3	354,15795005E-9	
1,40000000E-3	497,90305750E-9	
900,00000000E-6	649,31581698E-9	
300,00000000E-6	782,04808550E-9	
-200,00000000E-6	914,88817862E-9	
-600,00000000E-6	1,06296330E-6	
-1,20000000E-3	1,20456363E-6	
-1,60000000E-3	1,33356010E-6	
-2,20000000E-3	1,47786797E-6	
-2,70000000E-3	1,63351492E-6	
-3,20000000E-3	1,77966628E-6	
-3,70000000E-3	1,92062661E-6	
-4,20000000E-3	2,07166414E-6	
-4,70000000E-3	2,22633914E-6	
-5,20000000E-3	2,36956139E-6	
-5,70000000E-3	2,51273567E-6	
-6,20000000E-3	2,66836313E-6	
-6,60000000E-3	2,81953378E-6	
-7,20000000E-3	2,97178451E-6	
-7,60000000E-3	3,12372406E-6	
-8,20000000E-3	3,28809707E-6	
-8,60000000E-3	3,44051309E-6	
-9,20000000E-3	3,59539065E-6	
-9,60000000E-3	3,75024454E-6	
-10,20000000E-3	3,90812144E-6	
-10,60000000E-3	4,06613968E-6	
-11,20000000E-3	4,22214817E-6	
-11,60000000E-3	4,37989895E-6	
-12,10000000E-3	4,53945649E-6	
-12,60000000E-3	4,69280509E-6	
-13,10000000E-3	4,84672713E-6	
-13,60000000E-3	5,00227878E-6	
-14,10000000E-3	5,15550912E-6	
-14,60000000E-3	5,31346945E-6	
-15,10000000E-3	5,46470187E-6	
-15,60000000E-3	5,61323276E-6	
-16,10000000E-3	5,78082571E-6	
-16,60000000E-3	5,94354683E-6	
-17,10000000E-3	6,09825885E-6	
-17,60000000E-3	6,24844667E-6	
-18,10000000E-3	6,41476663E-6	
-18,60000000E-3	6,57708002E-6	
-19,10000000E-3	6,73813206E-6	
-19,60000000E-3	6,90377468E-6	
-20,10000000E-3	7,07101094E-6	
-20,60000000E-3	7,24289289E-6	
-21,10000000E-3	7,42215420E-6	
-21,60000000E-3	7,59887227E-6	
-22,10000000E-3	7,77747945E-6	
-22,60000000E-3	7,95661003E-6	
-23,10000000E-3	8,13666035E-6	
-23,60000000E-3	8,32763076E-6	
-24,10000000E-3	8,52940103E-6	
-24,60000000E-3	8,73459445E-6	
-25,10000000E-3	8,94768588E-6	
-25,60000000E-3	9,15236477E-6	
-26,00000000E-3	9,36991100E-6	
-26,60000000E-3	9,60189341E-6	
-27,00000000E-3	9,82264278E-6	
-27,60000000E-3	10,05024205E-6	
-28,00000000E-3	10,29507000E-6	
-28,60000000E-3	10,53732272E-6	
-29,00000000E-3	10,78086753E-6	
-29,60000000E-3	11,04417244E-6	
-30,00000000E-3	11,31343734E-6	
-30,50000000E-3	11,58492465E-6	
-31,00000000E-3	11,87460399E-6	
-31,60000000E-3	12,14802576E-6	
-32,00000000E-3	12,42725255E-6	
-32,50000000E-3	12,72210025E-6	
-33,00000000E-3	13,01052440E-6	
-33,60000000E-3	13,32379683E-6	
-34,00000000E-3	13,63345116E-6	
-34,50000000E-3	13,94605754E-6	
-35,00000000E-3	14,25569378E-6	
-35,50000000E-3	14,57008952E-6	
-36,00000000E-3	14,87832244E-6	
-36,50000000E-3	15,19131050E-6	
-37,00000000E-3	15,52439266E-6	
-37,60000000E-3	15,86226639E-6	
-38,00000000E-3	16,18490005E-6	
-38,60000000E-3	16,53353773E-6	
-39,00000000E-3	16,87178925E-6	
-39,60000000E-3	17,22010218E-6	
-40,00000000E-3	17,55265107E-6	
-40,30000000E-3	17,88939144E-6	
-40,70000000E-3	18,23533804E-6	
-41,30000000E-3	18,58726636E-6	
-41,70000000E-3	18,93435782E-6	
-42,20000000E-3	19,29574984E-6	
-42,70000000E-3	19,64628931E-6	
-43,20000000E-3	19,99095038E-6	
-43,70000000E-3	20,33720866E-6	
-44,20000000E-3	20,66803302E-6	
-44,70000000E-3	20,98728218E-6	
-45,20000000E-3	21,34276651E-6	
-45,70000000E-3	21,67364684E-6	
-46,20000000E-3	22,02398349E-6	
-46,70000000E-3	22,35691323E-6	
-47,20000000E-3	22,68163981E-6	
-47,70000000E-3	22,99636535E-6	
-48,20000000E-3	23,30490446E-6	
-48,70000000E-3	23,59476204E-6	
-49,20000000E-3	23,87180794E-6	
-49,70000000E-3	24,15153871E-6	
-50,20000000E-3	24,41895958E-6	
-50,70000000E-3	24,69120776E-6	
-51,20000000E-3	24,94902148E-6	
-51,70000000E-3	25,19691373E-6	
-52,20000000E-3	25,43414290E-6	
-52,60000000E-3	25,65798583E-6	
-53,10000000E-3	25,86816501E-6	
-53,60000000E-3	26,06565174E-6	
-54,10000000E-3	26,26411852E-6	
-54,70000000E-3	26,45158658E-6	
-55,10000000E-3	26,62555202E-6	
-55,70000000E-3	26,78804252E-6	
-56,10000000E-3	26,94413547E-6	
-56,60000000E-3	27,09408257E-6	
-57,10000000E-3	27,23849833E-6	
-57,60000000E-3	27,37644901E-6	
-58,10000000E-3	27,52421121E-6	
-58,50000000E-3	27,66292372E-6	
-59,00000000E-3	27,79764696E-6	
-59,60000000E-3	27,92447386E-6	
-60,10000000E-3	28,03398311E-6	
-60,60000000E-3	28,14318062E-6	
-61,10000000E-3	28,24237988E-6	
-61,60000000E-3	28,35329442E-6	
-62,10000000E-3	28,46249611E-6	
-62,60000000E-3	28,57760450E-6	
-63,10000000E-3	28,69596545E-6	
-63,60000000E-3	28,81224817E-6	
-64,00000000E-3	28,92103671E-6	
-64,50000000E-3	29,01841395E-6	
-65,00000000E-3	29,10876186E-6	
-65,60000000E-3	29,19782344E-6	
-66,10000000E-3	29,29312737E-6	
-66,60000000E-3	29,39775591E-6	
-67,10000000E-3	29,51281747E-6	
-67,50000000E-3	29,61610035E-6	
-68,00000000E-3	29,69380650E-6	
-68,60000000E-3	29,78028406E-6	
-69,10000000E-3	29,88559175E-6	
-69,60000000E-3	29,99936508E-6	
-70,00000000E-3	30,11010069E-6	
-70,50000000E-3	30,19849783E-6	
-71,20000000E-3	30,27966093E-6	
-71,60000000E-3	30,37649929E-6	
-72,10000000E-3	30,48835642E-6	
-72,50000000E-3	30,58545950E-6	
-73,00000000E-3	30,66812265E-6	
-73,40000000E-3	30,77214005E-6	
-74,10000000E-3	30,88366598E-6	
-74,50000000E-3	30,97838694E-6	
-75,00000000E-3	31,05464912E-6	
-75,50000000E-3	31,15196161E-6	
-75,90000000E-3	31,26427114E-6	
-76,60000000E-3	31,37047862E-6	
-77,10000000E-3	31,45605894E-6	
-77,50000000E-3	31,54060518E-6	
-78,00000000E-3	31,64640313E-6	
-78,50000000E-3	31,77008982E-6	
-79,10000000E-3	31,86691128E-6	
-79,40000000E-3	31,94628171E-6	
-80,10000000E-3	32,03526205E-6	
-80,50000000E-3	32,13935905E-6	
-81,00000000E-3	32,26292609E-6	
-81,40000000E-3	32,37217368E-6	
-81,90000000E-3	32,46607688E-6	
-82,60000000E-3	32,55378881E-6	
-83,00000000E-3	32,64809134E-6	
-83,50000000E-3	32,75365867E-6	
-83,90000000E-3	32,86933163E-6	
-84,40000000E-3	32,99082904E-6	
-85,10000000E-3	33,10507179E-6	
-85,60000000E-3	33,21028672E-6	
-85,80000000E-3	33,29826909E-6	
-86,50000000E-3	33,39576769E-6	
-86,90000000E-3	33,51016210E-6	
-87,50000000E-3	33,64015414E-6	
-88,00000000E-3	33,76593402E-6	
-88,30000000E-3	33,87089216E-6	
-88,70000000E-3	33,97112255E-6	
-89,30000000E-3	34,07965537E-6	
-89,90000000E-3	34,20693141E-6	
-90,30000000E-3	34,33449128E-6	
-90,80000000E-3	34,44577071E-6	
-91,30000000E-3	34,55660174E-6	
-91,70000000E-3	34,68388412E-6	
-92,40000000E-3	34,81622467E-6	
-92,80000000E-3	34,92363460E-6	
-93,30000000E-3	35,02907648E-6	
-93,80000000E-3	35,16594778E-6	
-94,20000000E-3	35,30896113E-6	
-94,90000000E-3	35,44104331E-6	
-95,40000000E-3	35,55485881E-6	
-95,80000000E-3	35,67286636E-6	
-96,20000000E-3	35,80377564E-6	
-96,70000000E-3	35,94188824E-6	
-97,30000000E-3	36,07353681E-6	
-97,90000000E-3	36,20568375E-6	
-98,30000000E-3	36,33127006E-6	
-98,80000000E-3	36,45927392E-6	
-99,20000000E-3	36,59299021E-6	
-99,70000000E-3	36,72427511E-6	
-100,30000000E-3	36,86584538E-6	
-100,80000000E-3	37,00107055E-6	
-101,30000000E-3	37,13323676E-6	
-101,70000000E-3	37,27390510E-6	
-102,20000000E-3	37,41906608E-6	
-102,70000000E-3	37,55305693E-6	
-103,30000000E-3	37,69402951E-6	
-103,80000000E-3	37,83857804E-6	
-104,20000000E-3	37,97547799E-6	
-104,70000000E-3	38,11373964E-6	
-105,20000000E-3	38,25317094E-6	
-105,80000000E-3	38,38638526E-6	
-106,30000000E-3	38,52299798E-6	
-106,80000000E-3	38,67461151E-6	
-107,20000000E-3	38,81904755E-6	
-107,70000000E-3	38,95976539E-6	
-108,10000000E-3	39,09703455E-6	
-108,80000000E-3	39,23360961E-6	
-109,30000000E-3	39,38185109E-6	
-109,70000000E-3	39,52186454E-6	
-110,20000000E-3	39,65670386E-6	
-110,60000000E-3	39,79226902E-6	
-111,20000000E-3	39,94782758E-6	
-111,80000000E-3	40,09608102E-6	
-112,20000000E-3	40,24023711E-6	
-112,70000000E-3	40,38759909E-6	
-113,20000000E-3	40,53583375E-6	
-113,60000000E-3	40,67614637E-6	
-114,30000000E-3	40,81392160E-6	
-114,70000000E-3	40,96067585E-6	
-115,20000000E-3	41,10603777E-6	
-115,70000000E-3	41,25219104E-6	
-116,10000000E-3	41,39905162E-6	
-116,60000000E-3	41,54576907E-6	
-117,30000000E-3	41,69548976E-6	
-117,70000000E-3	41,83721487E-6	
-118,20000000E-3	41,98085246E-6	
-118,60000000E-3	42,12067228E-6	
-119,00000000E-3	42,26924876E-6	
-119,80000000E-3	42,41443996E-6	
-120,30000000E-3	42,55859194E-6	
-120,70000000E-3	42,70477450E-6	
-121,20000000E-3	42,84665605E-6	
-121,60000000E-3	43,00365165E-6	
-122,00000000E-3	43,15464407E-6	
-122,70000000E-3	43,29876209E-6	
-123,20000000E-3	43,43693202E-6	
-123,60000000E-3	43,58876847E-6	
-124,10000000E-3	43,72809841E-6	
-124,60000000E-3	43,88403520E-6	
-125,00000000E-3	44,02912786E-6	
-125,70000000E-3	44,18366830E-6	
-126,10000000E-3	44,33527186E-6	
-126,60000000E-3	44,48451287E-6	
-127,10000000E-3	44,63103762E-6	
-127,50000000E-3	44,77407335E-6	
-128,20000000E-3	44,92297276E-6	
-128,60000000E-3	45,06932121E-6	
-129,10000000E-3	45,22303164E-6	
-129,60000000E-3	45,37343266E-6	
-130,00000000E-3	45,52557350E-6	
-130,50000000E-3	45,67787526E-6	
-131,20000000E-3	45,82160884E-6	
-131,60000000E-3	45,96327191E-6	
-131,80000000E-3	46,11865176E-6	
-132,50000000E-3	46,26488168E-6	
-133,00000000E-3	46,41291765E-6	
-133,60000000E-3	46,55880160E-6	
-134,10000000E-3	46,71271181E-6	
-134,60000000E-3	46,85946451E-6	
-135,10000000E-3	47,00791223E-6	
-135,50000000E-3	47,14738919E-6	
-135,90000000E-3	47,29330481E-6	
-136,40000000E-3	47,44344672E-6	
-136,90000000E-3	47,58725679E-6	
-137,30000000E-3	47,74029457E-6	
-137,80000000E-3	47,88757519E-6	
-138,50000000E-3	48,04403607E-6	
-138,90000000E-3	48,18837880E-6	
-139,40000000E-3	48,33769862E-6	
-140,00000000E-3	48,48265203E-6	
-140,30000000E-3	48,63250734E-6	
-140,70000000E-3	48,78434055E-6	
-141,40000000E-3	48,94069749E-6	
-141,80000000E-3	49,09362941E-6	
-142,30000000E-3	49,23939569E-6	
-142,80000000E-3	49,39630696E-6	
-143,20000000E-3	49,54012429E-6	
-143,90000000E-3	49,69141021E-6	
-144,40000000E-3	49,83910942E-6	
-144,80000000E-3	49,98332848E-6	
-145,30000000E-3	50,12959181E-6	
-145,80000000E-3	50,28912691E-6	
-146,30000000E-3	50,43503689E-6	
-146,90000000E-3	50,58565809E-6	
-147,30000000E-3	50,73860029E-6	
-147,80000000E-3	50,89571700E-6	
-148,30000000E-3	51,04983820E-6	
-148,70000000E-3	51,20339422E-6	
-149,40000000E-3	51,36000071E-6	
-149,80000000E-3	51,51255035E-6	
-150,30000000E-3	51,65704568E-6	
