150,00000000E-3	-45,08245415E-6	
150,00000000E-3	-45,08877736E-6	
150,00000000E-3	-45,06946753E-6	
149,90000000E-3	-45,05057218E-6	
149,60000000E-3	-45,04864939E-6	
149,30000000E-3	-45,02298582E-6	
149,00000000E-3	-44,94535479E-6	
148,80000000E-3	-44,85460296E-6	
148,30000000E-3	-44,77144747E-6	
147,90000000E-3	-44,68829313E-6	
147,80000000E-3	-44,59145004E-6	
147,10000000E-3	-44,47393806E-6	
146,70000000E-3	-44,33228498E-6	
146,10000000E-3	-44,20518073E-6	
145,70000000E-3	-44,07972415E-6	
145,30000000E-3	-43,95987285E-6	
144,80000000E-3	-43,83845352E-6	
144,30000000E-3	-43,69907163E-6	
143,90000000E-3	-43,55566137E-6	
143,50000000E-3	-43,40450949E-6	
143,10000000E-3	-43,25055124E-6	
142,60000000E-3	-43,09557264E-6	
142,20000000E-3	-42,96163388E-6	
141,50000000E-3	-42,81387839E-6	
141,00000000E-3	-42,67040942E-6	
140,40000000E-3	-42,53317183E-6	
140,20000000E-3	-42,38533168E-6	
139,70000000E-3	-42,23443403E-6	
139,10000000E-3	-42,08284075E-6	
138,70000000E-3	-41,92939156E-6	
138,30000000E-3	-41,77504205E-6	
137,60000000E-3	-41,61753087E-6	
137,20000000E-3	-41,46485925E-6	
136,50000000E-3	-41,30532522E-6	
136,10000000E-3	-41,15804807E-6	
135,70000000E-3	-41,01006917E-6	
135,20000000E-3	-40,85504767E-6	
135,20000000E-3	-40,70412677E-6	
134,30000000E-3	-40,55628362E-6	
133,70000000E-3	-40,40841030E-6	
133,20000000E-3	-40,24304874E-6	
132,70000000E-3	-40,08185180E-6	
132,30000000E-3	-39,93139939E-6	
131,80000000E-3	-39,78158642E-6	
131,20000000E-3	-39,63266608E-6	
130,80000000E-3	-39,48219121E-6	
130,40000000E-3	-39,33655728E-6	
129,80000000E-3	-39,18529553E-6	
129,20000000E-3	-39,03945697E-6	
128,80000000E-3	-38,87940275E-6	
128,40000000E-3	-38,72846430E-6	
127,80000000E-3	-38,57883387E-6	
127,40000000E-3	-38,43348050E-6	
126,70000000E-3	-38,27575967E-6	
126,30000000E-3	-38,12546649E-6	
125,80000000E-3	-37,98033238E-6	
125,80000000E-3	-37,82794460E-6	
124,80000000E-3	-37,67370524E-6	
124,40000000E-3	-37,51743330E-6	
123,90000000E-3	-37,36257536E-6	
123,20000000E-3	-37,21623476E-6	
122,80000000E-3	-37,05711498E-6	
122,40000000E-3	-36,90102958E-6	
121,70000000E-3	-36,74944446E-6	
121,20000000E-3	-36,59082456E-6	
120,80000000E-3	-36,44883236E-6	
120,40000000E-3	-36,30019795E-6	
119,80000000E-3	-36,14284571E-6	
119,50000000E-3	-35,98467201E-6	
119,00000000E-3	-35,83347140E-6	
118,30000000E-3	-35,67551858E-6	
117,90000000E-3	-35,52478979E-6	
117,50000000E-3	-35,37414329E-6	
117,00000000E-3	-35,22847892E-6	
116,50000000E-3	-35,06926647E-6	
115,90000000E-3	-34,91111718E-6	
115,50000000E-3	-34,76172075E-6	
115,10000000E-3	-34,60321125E-6	
114,40000000E-3	-34,45323674E-6	
114,00000000E-3	-34,30513184E-6	
113,30000000E-3	-34,15748022E-6	
112,80000000E-3	-34,00422220E-6	
112,60000000E-3	-33,84196680E-6	
112,00000000E-3	-33,68321277E-6	
111,50000000E-3	-33,52103415E-6	
111,10000000E-3	-33,36106013E-6	
110,40000000E-3	-33,20762597E-6	
109,80000000E-3	-33,05974150E-6	
109,30000000E-3	-32,89818130E-6	
109,10000000E-3	-32,75126473E-6	
108,50000000E-3	-32,60626614E-6	
107,90000000E-3	-32,45313044E-6	
107,40000000E-3	-32,30147309E-6	
107,00000000E-3	-32,14662821E-6	
106,40000000E-3	-31,98784648E-6	
105,90000000E-3	-31,83300944E-6	
105,40000000E-3	-31,68149482E-6	
105,00000000E-3	-31,53340065E-6	
104,40000000E-3	-31,38514839E-6	
103,90000000E-3	-31,22824165E-6	
103,40000000E-3	-31,07374117E-6	
103,00000000E-3	-30,91671722E-6	
102,40000000E-3	-30,75905056E-6	
101,90000000E-3	-30,59985364E-6	
101,40000000E-3	-30,45588618E-6	
101,00000000E-3	-30,30034973E-6	
100,50000000E-3	-30,15520968E-6	
99,90000000E-3	-30,01170066E-6	
99,50000000E-3	-29,86414522E-6	
99,10000000E-3	-29,71237197E-6	
98,60000000E-3	-29,55439204E-6	
98,00000000E-3	-29,40597763E-6	
97,50000000E-3	-29,24219650E-6	
97,10000000E-3	-29,08408269E-6	
96,70000000E-3	-28,92372865E-6	
96,10000000E-3	-28,76994480E-6	
95,50000000E-3	-28,62340406E-6	
95,10000000E-3	-28,47362126E-6	
94,60000000E-3	-28,32090176E-6	
94,10000000E-3	-28,16965851E-6	
93,70000000E-3	-28,00117077E-6	
93,00000000E-3	-27,84381971E-6	
92,60000000E-3	-27,69561506E-6	
92,00000000E-3	-27,55013679E-6	
91,50000000E-3	-27,39331465E-6	
91,00000000E-3	-27,24632153E-6	
90,60000000E-3	-27,07910301E-6	
90,10000000E-3	-26,92148421E-6	
89,50000000E-3	-26,76819212E-6	
89,00000000E-3	-26,62754380E-6	
88,70000000E-3	-26,47874945E-6	
88,40000000E-3	-26,31523214E-6	
87,70000000E-3	-26,13796988E-6	
87,30000000E-3	-25,99202524E-6	
86,60000000E-3	-25,85832793E-6	
86,10000000E-3	-25,70599783E-6	
85,70000000E-3	-25,54469968E-6	
85,30000000E-3	-25,37804420E-6	
84,70000000E-3	-25,22192469E-6	
84,20000000E-3	-25,08095503E-6	
83,70000000E-3	-24,92589182E-6	
83,30000000E-3	-24,76309011E-6	
82,70000000E-3	-24,60585851E-6	
82,20000000E-3	-24,45969776E-6	
81,70000000E-3	-24,31104960E-6	
81,40000000E-3	-24,14875817E-6	
80,70000000E-3	-23,98178813E-6	
80,10000000E-3	-23,81848266E-6	
79,60000000E-3	-23,66735329E-6	
79,00000000E-3	-23,51729892E-6	
78,80000000E-3	-23,36064760E-6	
78,30000000E-3	-23,20107214E-6	
77,70000000E-3	-23,04433140E-6	
77,40000000E-3	-22,89503763E-6	
77,10000000E-3	-22,74121782E-6	
76,20000000E-3	-22,57175810E-6	
75,70000000E-3	-22,40822023E-6	
75,30000000E-3	-22,26253139E-6	
74,80000000E-3	-22,11396307E-6	
74,10000000E-3	-21,95405561E-6	
73,90000000E-3	-21,79595164E-6	
73,40000000E-3	-21,62491225E-6	
73,00000000E-3	-21,46371771E-6	
72,50000000E-3	-21,31285063E-6	
71,80000000E-3	-21,16970083E-6	
71,40000000E-3	-21,00134483E-6	
70,90000000E-3	-20,83487483E-6	
70,40000000E-3	-20,66683861E-6	
69,70000000E-3	-20,51733627E-6	
69,30000000E-3	-20,37682214E-6	
68,80000000E-3	-20,22514656E-6	
68,30000000E-3	-20,06255794E-6	
67,90000000E-3	-19,90069150E-6	
67,30000000E-3	-19,74105349E-6	
66,80000000E-3	-19,56501906E-6	
66,30000000E-3	-19,41077055E-6	
65,80000000E-3	-19,26939569E-6	
65,40000000E-3	-19,12670363E-6	
65,40000000E-3	-18,96569440E-6	
64,40000000E-3	-18,80039710E-6	
63,90000000E-3	-18,63076804E-6	
63,20000000E-3	-18,47256661E-6	
63,00000000E-3	-18,33036630E-6	
62,50000000E-3	-18,17794803E-6	
62,00000000E-3	-18,00212077E-6	
61,40000000E-3	-17,83953135E-6	
61,10000000E-3	-17,69326776E-6	
60,30000000E-3	-17,53907218E-6	
59,90000000E-3	-17,38979499E-6	
59,90000000E-3	-17,21748147E-6	
58,80000000E-3	-17,04909353E-6	
58,40000000E-3	-16,89152759E-6	
57,90000000E-3	-16,74276974E-6	
57,50000000E-3	-16,59508268E-6	
57,00000000E-3	-16,44313081E-6	
56,60000000E-3	-16,27615423E-6	
55,80000000E-3	-16,11510480E-6	
55,60000000E-3	-15,95557851E-6	
54,90000000E-3	-15,80694360E-6	
54,40000000E-3	-15,64926906E-6	
54,00000000E-3	-15,47891893E-6	
53,50000000E-3	-15,31087044E-6	
52,80000000E-3	-15,16421321E-6	
52,40000000E-3	-15,01871816E-6	
51,90000000E-3	-14,85939848E-6	
51,40000000E-3	-14,69024373E-6	
51,00000000E-3	-14,53199307E-6	
50,40000000E-3	-14,37981328E-6	
49,90000000E-3	-14,23076777E-6	
49,40000000E-3	-14,07665066E-6	
49,00000000E-3	-13,90420465E-6	
48,40000000E-3	-13,74542438E-6	
47,90000000E-3	-13,59449120E-6	
47,40000000E-3	-13,44338451E-6	
47,10000000E-3	-13,27976427E-6	
46,60000000E-3	-13,12072548E-6	
46,10000000E-3	-12,95522790E-6	
45,40000000E-3	-12,80152032E-6	
45,00000000E-3	-12,65051620E-6	
44,30000000E-3	-12,49263768E-6	
43,80000000E-3	-12,33562651E-6	
43,60000000E-3	-12,18075294E-6	
43,20000000E-3	-12,02369807E-6	
42,50000000E-3	-11,85948624E-6	
42,00000000E-3	-11,70188917E-6	
41,60000000E-3	-11,54987028E-6	
41,10000000E-3	-11,38140953E-6	
40,70000000E-3	-11,22180170E-6	
40,00000000E-3	-11,06996641E-6	
39,50000000E-3	-10,91118615E-6	
39,00000000E-3	-10,75781290E-6	
38,60000000E-3	-10,59801326E-6	
38,10000000E-3	-10,43856726E-6	
37,60000000E-3	-10,27831942E-6	
37,00000000E-3	-10,12036833E-6	
36,50000000E-3	-9,96338759E-6	
36,10000000E-3	-9,80481449E-6	
35,60000000E-3	-9,64905656E-6	
35,10000000E-3	-9,49519743E-6	
34,50000000E-3	-9,34335342E-6	
34,00000000E-3	-9,18935727E-6	
33,60000000E-3	-9,02888960E-6	
33,10000000E-3	-8,86452144E-6	
32,70000000E-3	-8,70042929E-6	
32,00000000E-3	-8,54173162E-6	
31,50000000E-3	-8,38047869E-6	
31,50000000E-3	-8,21976362E-6	
30,60000000E-3	-8,05952277E-6	
30,10000000E-3	-7,90068845E-6	
29,70000000E-3	-7,74333716E-6	
29,20000000E-3	-7,58022507E-6	
28,70000000E-3	-7,42253644E-6	
28,50000000E-3	-7,25883221E-6	
27,50000000E-3	-7,09950268E-6	
27,10000000E-3	-6,94610786E-6	
26,60000000E-3	-6,78881789E-6	
26,20000000E-3	-6,63518643E-6	
25,70000000E-3	-6,47317975E-6	
25,20000000E-3	-6,31322999E-6	
24,80000000E-3	-6,14683310E-6	
24,20000000E-3	-5,98609872E-6	
23,70000000E-3	-5,82861229E-6	
23,20000000E-3	-5,66540178E-6	
22,60000000E-3	-5,51029042E-6	
22,20000000E-3	-5,35755193E-6	
21,70000000E-3	-5,20479971E-6	
21,20000000E-3	-5,05049535E-6	
20,90000000E-3	-4,88405643E-6	
20,10000000E-3	-4,71987303E-6	
19,70000000E-3	-4,55318553E-6	
19,20000000E-3	-4,39282590E-6	
18,80000000E-3	-4,23495585E-6	
18,30000000E-3	-4,07113513E-6	
17,70000000E-3	-3,91738499E-6	
17,20000000E-3	-3,77013427E-6	
17,00000000E-3	-3,61087671E-6	
16,30000000E-3	-3,44501568E-6	
15,80000000E-3	-3,28574429E-6	
15,30000000E-3	-3,12368154E-6	
14,90000000E-3	-2,95613620E-6	
14,20000000E-3	-2,79696384E-6	
13,80000000E-3	-2,64086513E-6	
13,30000000E-3	-2,48516667E-6	
12,90000000E-3	-2,32937729E-6	
12,40000000E-3	-2,16553330E-6	
11,80000000E-3	-1,99597227E-6	
11,30000000E-3	-1,83133392E-6	
10,80000000E-3	-1,67098287E-6	
10,30000000E-3	-1,50831711E-6	
9,80000000E-3	-1,34646322E-6	
9,20000000E-3	-1,18877556E-6	
8,80000000E-3	-1,03305618E-6	
8,30000000E-3	-869,25242848E-9	
7,80000000E-3	-713,79969046E-9	
7,30000000E-3	-550,93672917E-9	
6,90000000E-3	-380,11862402E-9	
6,20000000E-3	-217,05948627E-9	
5,80000000E-3	-60,43063021E-9	
5,30000000E-3	111,07539164E-9	
4,90000000E-3	270,71332756E-9	
4,50000000E-3	430,93904494E-9	
3,80000000E-3	588,76420202E-9	
3,30000000E-3	751,35162813E-9	
2,90000000E-3	924,62518167E-9	
2,40000000E-3	1,08988380E-6	
1,90000000E-3	1,25663677E-6	
1,40000000E-3	1,42385287E-6	
700,00000000E-6	1,60764806E-6	
200,00000000E-6	1,77101118E-6	
-200,00000000E-6	1,93778850E-6	
-700,00000000E-6	2,10944814E-6	
-1,20000000E-3	2,27936673E-6	
-1,80000000E-3	2,45207724E-6	
-2,30000000E-3	2,62787836E-6	
-2,80000000E-3	2,80196665E-6	
-3,30000000E-3	2,97244804E-6	
-3,70000000E-3	3,13767612E-6	
-4,10000000E-3	3,30323945E-6	
-4,90000000E-3	3,47397360E-6	
-5,20000000E-3	3,64419021E-6	
-5,80000000E-3	3,81446315E-6	
-6,20000000E-3	3,98649388E-6	
-6,60000000E-3	4,15933060E-6	
-7,10000000E-3	4,33186342E-6	
-7,80000000E-3	4,50381888E-6	
-8,20000000E-3	4,66724673E-6	
-8,70000000E-3	4,82903469E-6	
-9,20000000E-3	5,01236339E-6	
-9,60000000E-3	5,18566105E-6	
-10,30000000E-3	5,35529596E-6	
-10,80000000E-3	5,53890137E-6	
-11,20000000E-3	5,70892173E-6	
-11,70000000E-3	5,89011208E-6	
-12,20000000E-3	6,06634072E-6	
-12,60000000E-3	6,23294577E-6	
-13,30000000E-3	6,40035076E-6	
-13,70000000E-3	6,57151354E-6	
-14,20000000E-3	6,75247819E-6	
-14,70000000E-3	6,92722177E-6	
-15,10000000E-3	7,10583144E-6	
-15,80000000E-3	7,28552585E-6	
-16,30000000E-3	7,46445100E-6	
-16,80000000E-3	7,64618482E-6	
-17,20000000E-3	7,82336708E-6	
-17,60000000E-3	7,99533906E-6	
-18,10000000E-3	8,17278716E-6	
-18,70000000E-3	8,35109101E-6	
-19,20000000E-3	8,52626192E-6	
-19,70000000E-3	8,69992114E-6	
-20,10000000E-3	8,87892111E-6	
-20,60000000E-3	9,05676135E-6	
-21,00000000E-3	9,23426340E-6	
-21,70000000E-3	9,40556112E-6	
-22,20000000E-3	9,58160752E-6	
-22,50000000E-3	9,76411335E-6	
-23,10000000E-3	9,94556413E-6	
-23,60000000E-3	10,12569705E-6	
-24,30000000E-3	10,30574892E-6	
-24,70000000E-3	10,48881483E-6	
-25,20000000E-3	10,67255432E-6	
-25,60000000E-3	10,84424379E-6	
-26,00000000E-3	11,01729967E-6	
-26,60000000E-3	11,19784666E-6	
-27,00000000E-3	11,38070942E-6	
-27,40000000E-3	11,55897154E-6	
-28,10000000E-3	11,73769616E-6	
-28,50000000E-3	11,91490715E-6	
-29,00000000E-3	12,08910760E-6	
-29,50000000E-3	12,27906063E-6	
-30,20000000E-3	12,46055483E-6	
-30,40000000E-3	12,63009744E-6	
-30,90000000E-3	12,81881566E-6	
-31,40000000E-3	12,99708621E-6	
-32,00000000E-3	13,17703991E-6	
-32,50000000E-3	13,36025497E-6	
-32,90000000E-3	13,54009100E-6	
-33,40000000E-3	13,72251194E-6	
-33,90000000E-3	13,90565692E-6	
-34,50000000E-3	14,07931155E-6	
-35,00000000E-3	14,25274522E-6	
-35,40000000E-3	14,43464052E-6	
-35,90000000E-3	14,61032831E-6	
-36,40000000E-3	14,79715513E-6	
-36,80000000E-3	14,97986078E-6	
-37,50000000E-3	15,15177513E-6	
-37,90000000E-3	15,33884934E-6	
-38,50000000E-3	15,51710665E-6	
-38,90000000E-3	15,70025923E-6	
-39,30000000E-3	15,87880661E-6	
-39,90000000E-3	16,05700308E-6	
-40,40000000E-3	16,23708417E-6	
-40,90000000E-3	16,41767377E-6	
-41,40000000E-3	16,59838695E-6	
-41,80000000E-3	16,78336234E-6	
-42,30000000E-3	16,96337258E-6	
-43,00000000E-3	17,13963754E-6	
-43,40000000E-3	17,31670641E-6	
-43,90000000E-3	17,49522837E-6	
-44,40000000E-3	17,67429433E-6	
-44,80000000E-3	17,86117645E-6	
-45,40000000E-3	18,04087734E-6	
-45,90000000E-3	18,22097973E-6	
-46,40000000E-3	18,40993445E-6	
-46,80000000E-3	18,59066759E-6	
-47,30000000E-3	18,76446557E-6	
-47,70000000E-3	18,93796370E-6	
-48,50000000E-3	19,11850733E-6	
-48,90000000E-3	19,29797146E-6	
-49,40000000E-3	19,47772585E-6	
-49,80000000E-3	19,65819876E-6	
-50,20000000E-3	19,83402880E-6	
-50,70000000E-3	20,00952218E-6	
-51,40000000E-3	20,19863833E-6	
-51,90000000E-3	20,37630342E-6	
-52,30000000E-3	20,55415803E-6	
-52,80000000E-3	20,73953990E-6	
-53,20000000E-3	20,92124208E-6	
-53,80000000E-3	21,09758012E-6	
-54,40000000E-3	21,27609630E-6	
-54,80000000E-3	21,46514753E-6	
-55,30000000E-3	21,64224329E-6	
-55,80000000E-3	21,82706851E-6	
-56,20000000E-3	21,99963044E-6	
-56,80000000E-3	22,17216894E-6	
-57,40000000E-3	22,35005724E-6	
-57,80000000E-3	22,52457567E-6	
-58,30000000E-3	22,69620141E-6	
-58,70000000E-3	22,88117953E-6	
-59,20000000E-3	23,06408472E-6	
-59,80000000E-3	23,23574307E-6	
-60,20000000E-3	23,41445106E-6	
-60,70000000E-3	23,58311754E-6	
-61,20000000E-3	23,75966560E-6	
-61,60000000E-3	23,94521139E-6	
-62,30000000E-3	24,11971051E-6	
-62,80000000E-3	24,29436122E-6	
-63,20000000E-3	24,47822033E-6	
-63,70000000E-3	24,65710849E-6	
-64,20000000E-3	24,82761870E-6	
-64,70000000E-3	25,00289589E-6	
-65,30000000E-3	25,17561651E-6	
-65,80000000E-3	25,35283349E-6	
-66,20000000E-3	25,53479541E-6	
-66,60000000E-3	25,71080525E-6	
-67,20000000E-3	25,88730842E-6	
-67,80000000E-3	26,06128389E-6	
-68,30000000E-3	26,23873280E-6	
-68,70000000E-3	26,41075782E-6	
-69,20000000E-3	26,57673209E-6	
-69,50000000E-3	26,74161280E-6	
-70,10000000E-3	26,92287245E-6	
-70,80000000E-3	27,09578076E-6	
-71,30000000E-3	27,27374062E-6	
-71,70000000E-3	27,45029655E-6	
-71,90000000E-3	27,62661740E-6	
-72,60000000E-3	27,80119146E-6	
-73,10000000E-3	27,97473374E-6	
-73,80000000E-3	28,14292232E-6	
-74,00000000E-3	28,30622876E-6	
-74,50000000E-3	28,48103992E-6	
-74,90000000E-3	28,65248464E-6	
-75,40000000E-3	28,82119528E-6	
-75,90000000E-3	28,99532757E-6	
-76,60000000E-3	29,16137174E-6	
-77,10000000E-3	29,33992720E-6	
-77,70000000E-3	29,50819081E-6	
-78,00000000E-3	29,67375013E-6	
-78,50000000E-3	29,85168253E-6	
-78,90000000E-3	30,02409152E-6	
-79,60000000E-3	30,19431510E-6	
-80,10000000E-3	30,36014629E-6	
-80,50000000E-3	30,53950302E-6	
-81,00000000E-3	30,70322277E-6	
-81,40000000E-3	30,87891759E-6	
-81,90000000E-3	31,04361641E-6	
-82,40000000E-3	31,20865505E-6	
-83,00000000E-3	31,38011237E-6	
-83,50000000E-3	31,54021100E-6	
-84,00000000E-3	31,71202623E-6	
-84,40000000E-3	31,88112317E-6	
-84,90000000E-3	32,06127629E-6	
-85,40000000E-3	32,23144822E-6	
-86,00000000E-3	32,39559344E-6	
-86,50000000E-3	32,56678080E-6	
-87,00000000E-3	32,72545337E-6	
-87,40000000E-3	32,90580580E-6	
-87,90000000E-3	33,06848378E-6	
-88,40000000E-3	33,23670002E-6	
-89,00000000E-3	33,40765739E-6	
-89,50000000E-3	33,57611114E-6	
-90,00000000E-3	33,73954448E-6	
-90,50000000E-3	33,90759225E-6	
-90,90000000E-3	34,07153794E-6	
-91,30000000E-3	34,23888244E-6	
-91,90000000E-3	34,40419810E-6	
-92,50000000E-3	34,56257654E-6	
-93,00000000E-3	34,73900926E-6	
-93,50000000E-3	34,90101868E-6	
-93,90000000E-3	35,07726518E-6	
-94,40000000E-3	35,24556278E-6	
-94,80000000E-3	35,41638903E-6	
-95,50000000E-3	35,56975659E-6	
-96,00000000E-3	35,73478323E-6	
-96,50000000E-3	35,90256977E-6	
-96,80000000E-3	36,07403518E-6	
-97,30000000E-3	36,24804626E-6	
-98,00000000E-3	36,41516177E-6	
-98,50000000E-3	36,56969191E-6	
-98,90000000E-3	36,73919883E-6	
-99,40000000E-3	36,90375703E-6	
-99,80000000E-3	37,05999150E-6	
-100,40000000E-3	37,23165193E-6	
-101,00000000E-3	37,40176129E-6	
-101,40000000E-3	37,56561762E-6	
-101,90000000E-3	37,72965150E-6	
-102,40000000E-3	37,90497955E-6	
-102,90000000E-3	38,06652222E-6	
-103,30000000E-3	38,23104859E-6	
-103,90000000E-3	38,39048494E-6	
-104,40000000E-3	38,55081379E-6	
-104,90000000E-3	38,71267790E-6	
-105,40000000E-3	38,87929309E-6	
-105,80000000E-3	39,04942866E-6	
-106,30000000E-3	39,21019867E-6	
-107,00000000E-3	39,36942425E-6	
-107,40000000E-3	39,53374084E-6	
-107,90000000E-3	39,70580746E-6	
-108,30000000E-3	39,86574527E-6	
-108,80000000E-3	40,02726623E-6	
-109,50000000E-3	40,19370295E-6	
-109,90000000E-3	40,35896192E-6	
-110,40000000E-3	40,52652960E-6	
-110,80000000E-3	40,68946830E-6	
-111,30000000E-3	40,85249242E-6	
-111,90000000E-3	41,01463021E-6	
-112,50000000E-3	41,16979530E-6	
-112,90000000E-3	41,32147701E-6	
-113,30000000E-3	41,49604546E-6	
-113,80000000E-3	41,66558266E-6	
-114,20000000E-3	41,82896780E-6	
-114,90000000E-3	41,97926429E-6	
-115,40000000E-3	42,13415232E-6	
-115,90000000E-3	42,31081126E-6	
-116,30000000E-3	42,47639866E-6	
-116,80000000E-3	42,63636152E-6	
-117,30000000E-3	42,78886660E-6	
-117,90000000E-3	42,95723738E-6	
-118,40000000E-3	43,11819213E-6	
-118,90000000E-3	43,27798536E-6	
-119,30000000E-3	43,43761223E-6	
-119,70000000E-3	43,59906189E-6	
-120,20000000E-3	43,76140869E-6	
-120,90000000E-3	43,91792911E-6	
-121,40000000E-3	44,07858361E-6	
-121,50000000E-3	44,23435977E-6	
-122,10000000E-3	44,39325408E-6	
-122,70000000E-3	44,55992358E-6	
-123,40000000E-3	44,72446355E-6	
-123,60000000E-3	44,89105438E-6	
-124,10000000E-3	45,04746591E-6	
-124,50000000E-3	45,20698072E-6	
-125,20000000E-3	45,37362224E-6	
-125,70000000E-3	45,53044277E-6	
-126,10000000E-3	45,68256219E-6	
-126,60000000E-3	45,83842740E-6	
-127,00000000E-3	45,99604294E-6	
-127,60000000E-3	46,15095865E-6	
-128,20000000E-3	46,31246351E-6	
-128,60000000E-3	46,47491321E-6	
-129,10000000E-3	46,62605835E-6	
-129,50000000E-3	46,78705515E-6	
-130,00000000E-3	46,94937561E-6	
-130,50000000E-3	47,11049104E-6	
-131,20000000E-3	47,27145549E-6	
-131,60000000E-3	47,44763856E-6	
-132,10000000E-3	47,60383181E-6	
-132,50000000E-3	47,76132846E-6	
-133,00000000E-3	47,89738161E-6	
-133,60000000E-3	48,06567096E-6	
-134,10000000E-3	48,23769625E-6	
-134,50000000E-3	48,40101674E-6	
-135,00000000E-3	48,56009217E-6	
-135,50000000E-3	48,72261970E-6	
-135,90000000E-3	48,88695991E-6	
-136,60000000E-3	49,04402626E-6	
-137,10000000E-3	49,20328436E-6	
-137,50000000E-3	49,36508651E-6	
-138,00000000E-3	49,52741982E-6	
-138,40000000E-3	49,68282611E-6	
-139,10000000E-3	49,83759867E-6	
-139,60000000E-3	49,99611013E-6	
-140,00000000E-3	50,15641288E-6	
-140,50000000E-3	50,31353619E-6	
-140,90000000E-3	50,47699087E-6	
-141,50000000E-3	50,63805410E-6	
-142,10000000E-3	50,79666639E-6	
-142,50000000E-3	50,95097355E-6	
-143,00000000E-3	51,11185194E-6	
-143,40000000E-3	51,25933992E-6	
-143,90000000E-3	51,42668583E-6	
-144,50000000E-3	51,59394952E-6	
-145,00000000E-3	51,75991916E-6	
-145,50000000E-3	51,91611728E-6	
-145,90000000E-3	52,08322973E-6	
-146,40000000E-3	52,24588545E-6	
-146,90000000E-3	52,40209176E-6	
-147,50000000E-3	52,56346446E-6	
-148,00000000E-3	52,71894153E-6	
-148,50000000E-3	52,88088353E-6	
-148,90000000E-3	53,04017134E-6	
-149,40000000E-3	53,19762138E-6	
-149,90000000E-3	53,35246755E-6	
