150,00000000E-3	-45,49266429E-6	
150,00000000E-3	-45,48813793E-6	
150,00000000E-3	-45,48458526E-6	
149,90000000E-3	-45,47658638E-6	
149,70000000E-3	-45,46192960E-6	
149,40000000E-3	-45,42635375E-6	
149,40000000E-3	-45,36753347E-6	
148,90000000E-3	-45,29139080E-6	
148,40000000E-3	-45,19370487E-6	
148,00000000E-3	-45,09805563E-6	
147,70000000E-3	-44,99673817E-6	
147,20000000E-3	-44,88482194E-6	
146,70000000E-3	-44,76373813E-6	
146,30000000E-3	-44,64484256E-6	
146,10000000E-3	-44,52435427E-6	
145,50000000E-3	-44,39360160E-6	
145,00000000E-3	-44,26280239E-6	
144,70000000E-3	-44,13758014E-6	
144,20000000E-3	-44,00530419E-6	
143,70000000E-3	-43,87360684E-6	
143,10000000E-3	-43,73509578E-6	
142,60000000E-3	-43,59147741E-6	
142,20000000E-3	-43,44268643E-6	
141,70000000E-3	-43,28746468E-6	
141,30000000E-3	-43,13325157E-6	
140,80000000E-3	-42,98416737E-6	
140,20000000E-3	-42,84534147E-6	
139,70000000E-3	-42,70708870E-6	
139,20000000E-3	-42,55297073E-6	
138,80000000E-3	-42,40695601E-6	
138,30000000E-3	-42,27645087E-6	
137,80000000E-3	-42,15056588E-6	
137,30000000E-3	-42,00266378E-6	
136,70000000E-3	-41,83870285E-6	
136,30000000E-3	-41,67524083E-6	
136,30000000E-3	-41,51807416E-6	
135,30000000E-3	-41,36955834E-6	
134,60000000E-3	-41,22336750E-6	
134,10000000E-3	-41,10010422E-6	
133,90000000E-3	-40,96242353E-6	
133,40000000E-3	-40,80636775E-6	
133,00000000E-3	-40,63554732E-6	
132,40000000E-3	-40,48050177E-6	
131,80000000E-3	-40,34203583E-6	
131,60000000E-3	-40,21172113E-6	
130,80000000E-3	-40,07057147E-6	
130,40000000E-3	-39,92240483E-6	
129,90000000E-3	-39,76940705E-6	
129,50000000E-3	-39,60703582E-6	
128,90000000E-3	-39,45467080E-6	
128,30000000E-3	-39,29695876E-6	
127,80000000E-3	-39,15317294E-6	
127,40000000E-3	-39,01768303E-6	
126,70000000E-3	-38,87955806E-6	
126,50000000E-3	-38,73694701E-6	
125,80000000E-3	-38,58674203E-6	
125,30000000E-3	-38,41969843E-6	
124,80000000E-3	-38,25915289E-6	
124,50000000E-3	-38,11020038E-6	
124,50000000E-3	-37,96669642E-6	
123,40000000E-3	-37,83861445E-6	
122,90000000E-3	-37,69175080E-6	
122,50000000E-3	-37,52518964E-6	
121,90000000E-3	-37,36336984E-6	
121,30000000E-3	-37,22523744E-6	
120,90000000E-3	-37,10008446E-6	
120,40000000E-3	-36,94754064E-6	
119,90000000E-3	-36,77667735E-6	
119,50000000E-3	-36,63274681E-6	
119,00000000E-3	-36,49634139E-6	
118,40000000E-3	-36,32775354E-6	
117,90000000E-3	-36,17447705E-6	
117,40000000E-3	-36,04591828E-6	
116,80000000E-3	-35,88804036E-6	
116,50000000E-3	-35,73047536E-6	
116,00000000E-3	-35,59652412E-6	
115,50000000E-3	-35,45793487E-6	
114,90000000E-3	-35,29610148E-6	
114,50000000E-3	-35,13700699E-6	
114,00000000E-3	-35,00173406E-6	
114,00000000E-3	-34,86813543E-6	
113,00000000E-3	-34,70667930E-6	
112,50000000E-3	-34,53718977E-6	
112,30000000E-3	-34,40151988E-6	
111,40000000E-3	-34,27421082E-6	
111,00000000E-3	-34,13041644E-6	
110,50000000E-3	-33,95673635E-6	
110,10000000E-3	-33,79417949E-6	
109,90000000E-3	-33,65113045E-6	
109,40000000E-3	-33,52514218E-6	
108,50000000E-3	-33,37680578E-6	
107,90000000E-3	-33,21191064E-6	
107,40000000E-3	-33,05626908E-6	
107,20000000E-3	-32,91891027E-6	
106,70000000E-3	-32,78620544E-6	
106,30000000E-3	-32,63803375E-6	
105,80000000E-3	-32,47921070E-6	
105,00000000E-3	-32,32883237E-6	
104,60000000E-3	-32,19749946E-6	
104,10000000E-3	-32,05103357E-6	
103,70000000E-3	-31,88254988E-6	
103,40000000E-3	-31,73380223E-6	
102,70000000E-3	-31,60217699E-6	
102,00000000E-3	-31,46358055E-6	
101,50000000E-3	-31,29834395E-6	
101,10000000E-3	-31,13751309E-6	
100,60000000E-3	-31,00771864E-6	
100,10000000E-3	-30,86697014E-6	
99,60000000E-3	-30,70675892E-6	
99,00000000E-3	-30,55121828E-6	
98,80000000E-3	-30,42421128E-6	
98,30000000E-3	-30,28345635E-6	
97,70000000E-3	-30,11890909E-6	
97,20000000E-3	-29,96267731E-6	
97,00000000E-3	-29,81921559E-6	
96,00000000E-3	-29,68514327E-6	
95,60000000E-3	-29,53362008E-6	
95,10000000E-3	-29,36843422E-6	
94,60000000E-3	-29,21689007E-6	
94,20000000E-3	-29,08034238E-6	
93,80000000E-3	-28,94180782E-6	
93,20000000E-3	-28,78730985E-6	
92,60000000E-3	-28,63031824E-6	
92,10000000E-3	-28,47871223E-6	
91,70000000E-3	-28,33788554E-6	
91,20000000E-3	-28,19003798E-6	
90,80000000E-3	-28,03033552E-6	
90,20000000E-3	-27,88015843E-6	
89,80000000E-3	-27,74122550E-6	
89,40000000E-3	-27,60256616E-6	
88,70000000E-3	-27,45450101E-6	
88,20000000E-3	-27,29282207E-6	
87,80000000E-3	-27,13766076E-6	
87,30000000E-3	-26,98678347E-6	
86,80000000E-3	-26,85221305E-6	
86,10000000E-3	-26,70026213E-6	
85,60000000E-3	-26,54561140E-6	
85,60000000E-3	-26,38153238E-6	
84,80000000E-3	-26,23482542E-6	
84,30000000E-3	-26,09397442E-6	
83,80000000E-3	-25,95643968E-6	
83,40000000E-3	-25,80335891E-6	
82,90000000E-3	-25,64199069E-6	
82,40000000E-3	-25,47625577E-6	
81,90000000E-3	-25,32851532E-6	
81,30000000E-3	-25,19254982E-6	
80,90000000E-3	-25,06127515E-6	
80,40000000E-3	-24,90662046E-6	
79,90000000E-3	-24,72810452E-6	
79,50000000E-3	-24,57352501E-6	
78,80000000E-3	-24,42221297E-6	
78,30000000E-3	-24,27488494E-6	
77,90000000E-3	-24,11834882E-6	
77,40000000E-3	-23,96199267E-6	
77,00000000E-3	-23,80944027E-6	
76,50000000E-3	-23,66359816E-6	
75,90000000E-3	-23,52271138E-6	
75,30000000E-3	-23,35389948E-6	
74,90000000E-3	-23,19212428E-6	
74,40000000E-3	-23,02990040E-6	
73,90000000E-3	-22,88576946E-6	
73,50000000E-3	-22,73064672E-6	
72,80000000E-3	-22,56910684E-6	
72,30000000E-3	-22,41072313E-6	
71,90000000E-3	-22,26113824E-6	
71,40000000E-3	-22,11697609E-6	
70,90000000E-3	-21,95342057E-6	
70,50000000E-3	-21,78621507E-6	
69,80000000E-3	-21,63060056E-6	
69,30000000E-3	-21,48297526E-6	
69,00000000E-3	-21,32609468E-6	
68,30000000E-3	-21,15623360E-6	
68,10000000E-3	-20,99650627E-6	
67,40000000E-3	-20,83302639E-6	
66,90000000E-3	-20,67314183E-6	
66,30000000E-3	-20,52471578E-6	
65,80000000E-3	-20,37437980E-6	
65,80000000E-3	-20,21244732E-6	
65,00000000E-3	-20,03466895E-6	
64,70000000E-3	-19,87582547E-6	
63,80000000E-3	-19,72417499E-6	
63,40000000E-3	-19,57410758E-6	
62,90000000E-3	-19,41058212E-6	
62,40000000E-3	-19,24441822E-6	
62,00000000E-3	-19,06857755E-6	
61,50000000E-3	-18,90365332E-6	
61,00000000E-3	-18,74723160E-6	
60,60000000E-3	-18,58553173E-6	
59,90000000E-3	-18,43182806E-6	
59,70000000E-3	-18,27327371E-6	
58,90000000E-3	-18,10942872E-6	
58,50000000E-3	-17,94055188E-6	
58,00000000E-3	-17,77104723E-6	
57,60000000E-3	-17,60730268E-6	
57,00000000E-3	-17,45941246E-6	
56,60000000E-3	-17,28863501E-6	
55,90000000E-3	-17,11781767E-6	
55,60000000E-3	-16,95059701E-6	
55,00000000E-3	-16,79351578E-6	
54,50000000E-3	-16,63583662E-6	
54,10000000E-3	-16,47227348E-6	
53,60000000E-3	-16,29681611E-6	
52,90000000E-3	-16,12656391E-6	
52,60000000E-3	-15,95910586E-6	
52,20000000E-3	-15,80790424E-6	
51,60000000E-3	-15,64822241E-6	
51,20000000E-3	-15,47237808E-6	
50,50000000E-3	-15,30753997E-6	
50,00000000E-3	-15,14259225E-6	
49,50000000E-3	-14,98376828E-6	
49,00000000E-3	-14,81585052E-6	
48,60000000E-3	-14,63955761E-6	
48,10000000E-3	-14,47701199E-6	
47,50000000E-3	-14,31111469E-6	
47,00000000E-3	-14,15127097E-6	
46,50000000E-3	-13,99154333E-6	
46,10000000E-3	-13,81532397E-6	
45,60000000E-3	-13,64465344E-6	
45,10000000E-3	-13,48205996E-6	
44,50000000E-3	-13,31660497E-6	
44,00000000E-3	-13,15031724E-6	
43,50000000E-3	-12,97360546E-6	
43,10000000E-3	-12,80425708E-6	
42,90000000E-3	-12,65154311E-6	
42,20000000E-3	-12,49514967E-6	
41,60000000E-3	-12,32473876E-6	
41,20000000E-3	-12,14936604E-6	
40,50000000E-3	-11,98438808E-6	
40,10000000E-3	-11,82111925E-6	
39,80000000E-3	-11,65415541E-6	
39,20000000E-3	-11,47760254E-6	
38,60000000E-3	-11,30699349E-6	
38,20000000E-3	-11,14723148E-6	
38,00000000E-3	-10,99123188E-6	
37,10000000E-3	-10,83031595E-6	
36,60000000E-3	-10,66226348E-6	
36,20000000E-3	-10,48703538E-6	
35,70000000E-3	-10,31865092E-6	
35,00000000E-3	-10,15461389E-6	
34,60000000E-3	-9,99348654E-6	
34,20000000E-3	-9,83523799E-6	
33,70000000E-3	-9,67070937E-6	
33,20000000E-3	-9,50810324E-6	
32,70000000E-3	-9,32846744E-6	
32,00000000E-3	-9,16212828E-6	
31,60000000E-3	-8,99620724E-6	
31,10000000E-3	-8,82603232E-6	
30,70000000E-3	-8,66737458E-6	
30,20000000E-3	-8,49586105E-6	
29,70000000E-3	-8,34002641E-6	
29,10000000E-3	-8,18079620E-6	
28,60000000E-3	-8,01536979E-6	
28,30000000E-3	-7,85571007E-6	
27,90000000E-3	-7,68421575E-6	
27,40000000E-3	-7,51718088E-6	
26,90000000E-3	-7,34902571E-6	
26,50000000E-3	-7,18843254E-6	
25,70000000E-3	-7,01797758E-6	
25,20000000E-3	-6,85958746E-6	
24,80000000E-3	-6,70801192E-6	
24,10000000E-3	-6,54727585E-6	
23,60000000E-3	-6,38897885E-6	
23,20000000E-3	-6,22232856E-6	
22,70000000E-3	-6,04693238E-6	
22,30000000E-3	-5,88324475E-6	
21,80000000E-3	-5,71984410E-6	
21,20000000E-3	-5,56542377E-6	
20,70000000E-3	-5,41087661E-6	
20,40000000E-3	-5,25213744E-6	
19,90000000E-3	-5,09056428E-6	
19,50000000E-3	-4,91740019E-6	
18,80000000E-3	-4,74927327E-6	
18,20000000E-3	-4,59444627E-6	
17,90000000E-3	-4,42857338E-6	
17,60000000E-3	-4,27477764E-6	
17,20000000E-3	-4,11681476E-6	
16,60000000E-3	-3,96020711E-6	
15,80000000E-3	-3,80824943E-6	
15,30000000E-3	-3,63541808E-6	
14,80000000E-3	-3,46899663E-6	
14,30000000E-3	-3,31037804E-6	
13,90000000E-3	-3,15539789E-6	
13,50000000E-3	-2,98943408E-6	
12,80000000E-3	-2,82740756E-6	
12,30000000E-3	-2,67191657E-6	
11,90000000E-3	-2,51961168E-6	
11,40000000E-3	-2,35017084E-6	
10,80000000E-3	-2,18571190E-6	
10,20000000E-3	-2,02659715E-6	
9,80000000E-3	-1,86312116E-6	
9,30000000E-3	-1,69889948E-6	
8,90000000E-3	-1,53927132E-6	
8,40000000E-3	-1,37189879E-6	
7,70000000E-3	-1,21655446E-6	
7,30000000E-3	-1,06070501E-6	
6,80000000E-3	-900,62089065E-9	
6,60000000E-3	-741,23883240E-9	
5,90000000E-3	-582,74814559E-9	
5,40000000E-3	-418,42574904E-9	
4,80000000E-3	-266,67981262E-9	
4,30000000E-3	-95,93723560E-9	
3,90000000E-3	68,33735847E-9	
3,40000000E-3	222,40818974E-9	
2,90000000E-3	375,87528937E-9	
2,40000000E-3	547,50128003E-9	
1,90000000E-3	716,82493189E-9	
1,20000000E-3	888,46184072E-9	
1,00000000E-3	1,06299992E-6	
500,00000000E-6	1,23247020E-6	
0,00000000E+0	1,41137659E-6	
-700,00000000E-6	1,57808728E-6	
-1,10000000E-3	1,75090184E-6	
-1,60000000E-3	1,91273137E-6	
-2,10000000E-3	2,07381543E-6	
-2,60000000E-3	2,24902432E-6	
-3,00000000E-3	2,41181066E-6	
-3,50000000E-3	2,58388261E-6	
-4,20000000E-3	2,75227628E-6	
-4,60000000E-3	2,92077130E-6	
-5,10000000E-3	3,08267337E-6	
-5,50000000E-3	3,24798525E-6	
-6,00000000E-3	3,41720845E-6	
-6,50000000E-3	3,58620336E-6	
-7,20000000E-3	3,75728080E-6	
-7,60000000E-3	3,93562021E-6	
-8,10000000E-3	4,10617921E-6	
-8,50000000E-3	4,27839747E-6	
-9,00000000E-3	4,45821350E-6	
-9,40000000E-3	4,63183280E-6	
-10,00000000E-3	4,80534097E-6	
-10,60000000E-3	4,98018012E-6	
-11,00000000E-3	5,15374091E-6	
-11,50000000E-3	5,33041258E-6	
-12,00000000E-3	5,50776207E-6	
-12,40000000E-3	5,68187454E-6	
-13,10000000E-3	5,85745391E-6	
-13,50000000E-3	6,03579773E-6	
-14,00000000E-3	6,20883347E-6	
-14,50000000E-3	6,38586738E-6	
-15,00000000E-3	6,56402826E-6	
-15,40000000E-3	6,75162829E-6	
-16,10000000E-3	6,92525777E-6	
-16,60000000E-3	7,11325043E-6	
-17,10000000E-3	7,29708189E-6	
-17,50000000E-3	7,48043385E-6	
-18,00000000E-3	7,66328935E-6	
-18,50000000E-3	7,84058514E-6	
-18,90000000E-3	8,02071102E-6	
-19,60000000E-3	8,19738292E-6	
-20,10000000E-3	8,38293397E-6	
-20,50000000E-3	8,57490505E-6	
-21,00000000E-3	8,76177094E-6	
-21,40000000E-3	8,94932630E-6	
-21,90000000E-3	9,13003427E-6	
-22,40000000E-3	9,32234689E-6	
-23,10000000E-3	9,50627742E-6	
-23,50000000E-3	9,69036373E-6	
-24,00000000E-3	9,89026375E-6	
-24,50000000E-3	10,07833528E-6	
-24,90000000E-3	10,26186096E-6	
-25,40000000E-3	10,45436210E-6	
-26,10000000E-3	10,65102747E-6	
-26,50000000E-3	10,84241669E-6	
-27,00000000E-3	11,02823041E-6	
-27,40000000E-3	11,20906100E-6	
-27,90000000E-3	11,41201456E-6	
-28,30000000E-3	11,60553622E-6	
-29,00000000E-3	11,79974829E-6	
-29,50000000E-3	11,99400307E-6	
-30,00000000E-3	12,20009163E-6	
-30,50000000E-3	12,39586288E-6	
-30,90000000E-3	12,59282708E-6	
-31,40000000E-3	12,78603450E-6	
-31,90000000E-3	12,97440041E-6	
-32,50000000E-3	13,17607234E-6	
-33,00000000E-3	13,36897435E-6	
-33,40000000E-3	13,56671095E-6	
-33,90000000E-3	13,76845486E-6	
-34,40000000E-3	13,96682399E-6	
-34,80000000E-3	14,17301422E-6	
-35,40000000E-3	14,36827894E-6	
-35,90000000E-3	14,56948960E-6	
-36,50000000E-3	14,75713494E-6	
-37,00000000E-3	14,95725112E-6	
-37,50000000E-3	15,15855081E-6	
-38,00000000E-3	15,35739440E-6	
-38,40000000E-3	15,55913015E-6	
-39,00000000E-3	15,76236045E-6	
-39,40000000E-3	15,96538175E-6	
-39,90000000E-3	16,16786972E-6	
-40,40000000E-3	16,36433610E-6	
-40,90000000E-3	16,55640440E-6	
-41,40000000E-3	16,75900697E-6	
-41,90000000E-3	16,95660265E-6	
-42,30000000E-3	17,15239991E-6	
-42,80000000E-3	17,35852420E-6	
-43,30000000E-3	17,56219895E-6	
-43,70000000E-3	17,76606640E-6	
-44,30000000E-3	17,96105217E-6	
-44,80000000E-3	18,15208673E-6	
-45,40000000E-3	18,34638272E-6	
-45,90000000E-3	18,54807649E-6	
-46,20000000E-3	18,75801035E-6	
-46,70000000E-3	18,95791537E-6	
-47,20000000E-3	19,15669093E-6	
-47,90000000E-3	19,35502267E-6	
-48,10000000E-3	19,55014925E-6	
-48,80000000E-3	19,74176293E-6	
-49,10000000E-3	19,93569302E-6	
-49,50000000E-3	20,13261051E-6	
-50,10000000E-3	20,32667532E-6	
-50,80000000E-3	20,51917004E-6	
-51,20000000E-3	20,71786245E-6	
-51,70000000E-3	20,91745663E-6	
-52,30000000E-3	21,11420609E-6	
-52,90000000E-3	21,30834151E-6	
-53,10000000E-3	21,49797471E-6	
-53,70000000E-3	21,68735382E-6	
-54,10000000E-3	21,88152317E-6	
-54,60000000E-3	22,07521802E-6	
-55,10000000E-3	22,26903396E-6	
-55,60000000E-3	22,45178474E-6	
-56,10000000E-3	22,64820731E-6	
-56,50000000E-3	22,83044354E-6	
-57,00000000E-3	23,02703080E-6	
-57,60000000E-3	23,21127823E-6	
-58,10000000E-3	23,39310336E-6	
-58,70000000E-3	23,58292696E-6	
-59,20000000E-3	23,76869080E-6	
-59,70000000E-3	23,95369439E-6	
-60,20000000E-3	24,14018942E-6	
-60,60000000E-3	24,32566829E-6	
-61,10000000E-3	24,51113385E-6	
-61,60000000E-3	24,69049317E-6	
-62,10000000E-3	24,86857678E-6	
-62,60000000E-3	25,05386759E-6	
-63,00000000E-3	25,23557863E-6	
-63,50000000E-3	25,41458441E-6	
-64,00000000E-3	25,58962623E-6	
-64,50000000E-3	25,76460165E-6	
-65,00000000E-3	25,94260979E-6	
-65,50000000E-3	26,12421093E-6	
-66,00000000E-3	26,29908398E-6	
-66,60000000E-3	26,47490602E-6	
-67,20000000E-3	26,64662861E-6	
-67,60000000E-3	26,82534150E-6	
-68,20000000E-3	27,00140012E-6	
-68,60000000E-3	27,17849703E-6	
-69,10000000E-3	27,34935997E-6	
-69,60000000E-3	27,51690196E-6	
-70,10000000E-3	27,69201577E-6	
-70,60000000E-3	27,85874835E-6	
-71,00000000E-3	28,02488134E-6	
-71,50000000E-3	28,18934836E-6	
-72,00000000E-3	28,36434443E-6	
-72,50000000E-3	28,53400278E-6	
-72,90000000E-3	28,69633660E-6	
-73,40000000E-3	28,87168453E-6	
-73,90000000E-3	29,03870001E-6	
-74,40000000E-3	29,20262650E-6	
-75,00000000E-3	29,37173533E-6	
-75,60000000E-3	29,53213741E-6	
-76,10000000E-3	29,69499354E-6	
-76,60000000E-3	29,86056385E-6	
-77,10000000E-3	30,02861981E-6	
-77,60000000E-3	30,19573937E-6	
-78,10000000E-3	30,36005295E-6	
-78,50000000E-3	30,52288700E-6	
-79,00000000E-3	30,68608866E-6	
-79,50000000E-3	30,84599171E-6	
-80,00000000E-3	31,00752547E-6	
-80,50000000E-3	31,17100607E-6	
-81,00000000E-3	31,33369009E-6	
-81,50000000E-3	31,49857781E-6	
-81,90000000E-3	31,66045115E-6	
-82,50000000E-3	31,82259140E-6	
-83,10000000E-3	31,97876493E-6	
-83,60000000E-3	32,13450540E-6	
-84,10000000E-3	32,28893240E-6	
-84,60000000E-3	32,44503776E-6	
-85,10000000E-3	32,61325196E-6	
-85,50000000E-3	32,77533319E-6	
-86,00000000E-3	32,93507521E-6	
-86,50000000E-3	33,09231021E-6	
-87,00000000E-3	33,25955060E-6	
-87,50000000E-3	33,41217427E-6	
-88,00000000E-3	33,57109246E-6	
-88,40000000E-3	33,72634221E-6	
-88,90000000E-3	33,88334470E-6	
-89,40000000E-3	34,03081225E-6	
-89,90000000E-3	34,19157697E-6	
-90,40000000E-3	34,34424032E-6	
-91,00000000E-3	34,51082195E-6	
-91,60000000E-3	34,67191441E-6	
-92,00000000E-3	34,83583354E-6	
-92,50000000E-3	34,99155480E-6	
-92,80000000E-3	35,13716508E-6	
-93,30000000E-3	35,29800388E-6	
-93,80000000E-3	35,45743789E-6	
-94,20000000E-3	35,61697287E-6	
-94,70000000E-3	35,77399884E-6	
-95,50000000E-3	35,93942749E-6	
-95,80000000E-3	36,09335832E-6	
-96,40000000E-3	36,24723350E-6	
-96,90000000E-3	36,39453581E-6	
-97,40000000E-3	36,55583215E-6	
-97,90000000E-3	36,72149180E-6	
-98,30000000E-3	36,86973505E-6	
-98,80000000E-3	37,02565284E-6	
-99,30000000E-3	37,18017058E-6	
-99,80000000E-3	37,33650238E-6	
-100,30000000E-3	37,49274878E-6	
-100,70000000E-3	37,65083491E-6	
-101,20000000E-3	37,80136306E-6	
-101,70000000E-3	37,95424667E-6	
-102,20000000E-3	38,11121973E-6	
-102,70000000E-3	38,27787174E-6	
-103,20000000E-3	38,42609825E-6	
-103,70000000E-3	38,58104695E-6	
-104,20000000E-3	38,73742641E-6	
-104,60000000E-3	38,89600698E-6	
-105,20000000E-3	39,04975541E-6	
-105,70000000E-3	39,20015595E-6	
-106,30000000E-3	39,34890863E-6	
-106,80000000E-3	39,49695566E-6	
-107,30000000E-3	39,65228850E-6	
-107,80000000E-3	39,81473457E-6	
-108,30000000E-3	39,97752969E-6	
-108,80000000E-3	40,13213921E-6	
-109,30000000E-3	40,28447520E-6	
-109,80000000E-3	40,43237526E-6	
-110,30000000E-3	40,58375128E-6	
-110,70000000E-3	40,74156315E-6	
-111,20000000E-3	40,89209213E-6	
-111,70000000E-3	41,05489329E-6	
-112,20000000E-3	41,20263149E-6	
-112,70000000E-3	41,36140133E-6	
-113,20000000E-3	41,52159835E-6	
-113,60000000E-3	41,67526071E-6	
-114,10000000E-3	41,82338753E-6	
-114,60000000E-3	41,98174515E-6	
-115,10000000E-3	42,13870210E-6	
-115,60000000E-3	42,28621521E-6	
-116,10000000E-3	42,43634321E-6	
-116,60000000E-3	42,58790288E-6	
-117,10000000E-3	42,74978339E-6	
-117,60000000E-3	42,90991331E-6	
-118,20000000E-3	43,06428482E-6	
-118,80000000E-3	43,21448910E-6	
-119,30000000E-3	43,36207900E-6	
-119,80000000E-3	43,50972487E-6	
-120,20000000E-3	43,66530343E-6	
-120,70000000E-3	43,83056052E-6	
-121,20000000E-3	43,98941075E-6	
-121,70000000E-3	44,13976544E-6	
-122,20000000E-3	44,29058483E-6	
-122,70000000E-3	44,43320926E-6	
-123,10000000E-3	44,58097377E-6	
-123,70000000E-3	44,74759035E-6	
-124,20000000E-3	44,90290039E-6	
-124,70000000E-3	45,06026144E-6	
-125,10000000E-3	45,20729517E-6	
-125,60000000E-3	45,35968009E-6	
-126,10000000E-3	45,51995053E-6	
-126,60000000E-3	45,67778002E-6	
-127,10000000E-3	45,83270293E-6	
-127,60000000E-3	45,97254526E-6	
-128,10000000E-3	46,12005338E-6	
-128,60000000E-3	46,26972431E-6	
-129,10000000E-3	46,43181788E-6	
-129,60000000E-3	46,58770220E-6	
-130,10000000E-3	46,73896505E-6	
-130,60000000E-3	46,90517941E-6	
-131,10000000E-3	47,05490086E-6	
-131,60000000E-3	47,19265209E-6	
-132,10000000E-3	47,34884971E-6	
-132,60000000E-3	47,49565168E-6	
-133,10000000E-3	47,64233755E-6	
-133,60000000E-3	47,80681985E-6	
-134,10000000E-3	47,96682106E-6	
-134,60000000E-3	48,12781265E-6	
-135,00000000E-3	48,28739073E-6	
-135,50000000E-3	48,43519078E-6	
-136,00000000E-3	48,58014116E-6	
-136,50000000E-3	48,73093556E-6	
-137,00000000E-3	48,87789070E-6	
-137,50000000E-3	49,02489433E-6	
-138,00000000E-3	49,17913617E-6	
-138,50000000E-3	49,33589966E-6	
-139,00000000E-3	49,50259794E-6	
-139,50000000E-3	49,66283543E-6	
-140,00000000E-3	49,81693555E-6	
-140,50000000E-3	49,96554040E-6	
-141,00000000E-3	50,10740248E-6	
-141,50000000E-3	50,26315223E-6	
-142,00000000E-3	50,42386578E-6	
-142,60000000E-3	50,58775707E-6	
-142,80000000E-3	50,73849417E-6	
-143,50000000E-3	50,89168892E-6	
-143,80000000E-3	51,04584774E-6	
-144,50000000E-3	51,19605713E-6	
-144,70000000E-3	51,34361132E-6	
-145,30000000E-3	51,50029303E-6	
-145,80000000E-3	51,66266147E-6	
-146,20000000E-3	51,83106589E-6	
-147,00000000E-3	51,98004903E-6	
-147,20000000E-3	52,12703326E-6	
-147,80000000E-3	52,27981779E-6	
-148,50000000E-3	52,43335971E-6	
-149,00000000E-3	52,59677888E-6	
-149,20000000E-3	52,75322868E-6	
-149,70000000E-3	52,90018403E-6	
