150,00000000E-3	-45,37988871E-6	
150,00000000E-3	-45,36039623E-6	
150,00000000E-3	-45,35133268E-6	
149,90000000E-3	-45,36069259E-6	
149,70000000E-3	-45,36967623E-6	
149,40000000E-3	-45,33803627E-6	
149,20000000E-3	-45,26748419E-6	
149,00000000E-3	-45,19108799E-6	
148,60000000E-3	-45,12849892E-6	
148,20000000E-3	-45,05166628E-6	
147,80000000E-3	-44,95281137E-6	
147,50000000E-3	-44,83257243E-6	
146,90000000E-3	-44,70811594E-6	
146,50000000E-3	-44,58257177E-6	
146,00000000E-3	-44,46336587E-6	
145,60000000E-3	-44,34358924E-6	
145,30000000E-3	-44,22564483E-6	
144,70000000E-3	-44,09569373E-6	
144,40000000E-3	-43,95442208E-6	
143,60000000E-3	-43,80419407E-6	
143,20000000E-3	-43,66011552E-6	
142,80000000E-3	-43,52057482E-6	
142,30000000E-3	-43,38243462E-6	
141,90000000E-3	-43,24835163E-6	
141,40000000E-3	-43,09927078E-6	
140,70000000E-3	-42,94421393E-6	
140,70000000E-3	-42,78095417E-6	
139,80000000E-3	-42,62988035E-6	
139,40000000E-3	-42,49204805E-6	
138,90000000E-3	-42,36077917E-6	
138,50000000E-3	-42,22356867E-6	
138,10000000E-3	-42,07086248E-6	
137,60000000E-3	-41,91088276E-6	
137,10000000E-3	-41,75367291E-6	
136,40000000E-3	-41,58747576E-6	
135,90000000E-3	-41,44574431E-6	
135,50000000E-3	-41,30497063E-6	
135,20000000E-3	-41,17716869E-6	
134,50000000E-3	-41,03531752E-6	
134,00000000E-3	-40,88025162E-6	
133,60000000E-3	-40,71059333E-6	
133,60000000E-3	-40,55339546E-6	
132,50000000E-3	-40,40049592E-6	
132,10000000E-3	-40,25461205E-6	
131,60000000E-3	-40,11052000E-6	
130,90000000E-3	-39,96683662E-6	
130,50000000E-3	-39,83220046E-6	
130,00000000E-3	-39,69210391E-6	
129,60000000E-3	-39,53699890E-6	
129,10000000E-3	-39,38308362E-6	
128,50000000E-3	-39,21855185E-6	
128,20000000E-3	-39,06507833E-6	
127,70000000E-3	-38,91568125E-6	
127,20000000E-3	-38,75532564E-6	
126,80000000E-3	-38,60912182E-6	
126,10000000E-3	-38,45445551E-6	
125,60000000E-3	-38,30864344E-6	
125,20000000E-3	-38,16030481E-6	
124,70000000E-3	-38,01649460E-6	
124,30000000E-3	-37,86223196E-6	
123,60000000E-3	-37,72247036E-6	
123,10000000E-3	-37,57777290E-6	
122,70000000E-3	-37,43516583E-6	
122,70000000E-3	-37,28739013E-6	
121,60000000E-3	-37,13318741E-6	
121,20000000E-3	-36,97787818E-6	
120,70000000E-3	-36,82402161E-6	
120,20000000E-3	-36,65914012E-6	
119,70000000E-3	-36,50341549E-6	
119,20000000E-3	-36,36876117E-6	
118,70000000E-3	-36,22403449E-6	
118,10000000E-3	-36,08569112E-6	
117,60000000E-3	-35,93336120E-6	
117,20000000E-3	-35,77533657E-6	
116,70000000E-3	-35,60937019E-6	
116,40000000E-3	-35,44678860E-6	
115,70000000E-3	-35,29950089E-6	
115,20000000E-3	-35,16747643E-6	
114,70000000E-3	-35,02148122E-6	
114,40000000E-3	-34,86640318E-6	
113,70000000E-3	-34,70571518E-6	
113,20000000E-3	-34,55377975E-6	
112,80000000E-3	-34,40631035E-6	
112,30000000E-3	-34,27641222E-6	
111,70000000E-3	-34,13139782E-6	
111,30000000E-3	-33,97834861E-6	
110,70000000E-3	-33,82000248E-6	
110,10000000E-3	-33,64875898E-6	
109,70000000E-3	-33,48874878E-6	
109,20000000E-3	-33,34020477E-6	
108,70000000E-3	-33,20650360E-6	
108,30000000E-3	-33,07078081E-6	
107,60000000E-3	-32,92816633E-6	
107,10000000E-3	-32,77382953E-6	
106,70000000E-3	-32,62033489E-6	
106,50000000E-3	-32,45919317E-6	
105,80000000E-3	-32,29794462E-6	
105,30000000E-3	-32,14362526E-6	
104,90000000E-3	-31,99536293E-6	
104,20000000E-3	-31,84518305E-6	
103,70000000E-3	-31,69879609E-6	
103,30000000E-3	-31,55036796E-6	
102,80000000E-3	-31,40519883E-6	
102,60000000E-3	-31,26029054E-6	
101,80000000E-3	-31,10957664E-6	
101,40000000E-3	-30,94835449E-6	
100,90000000E-3	-30,79536284E-6	
100,40000000E-3	-30,64710406E-6	
99,80000000E-3	-30,51106062E-6	
99,60000000E-3	-30,36673193E-6	
98,80000000E-3	-30,21442443E-6	
98,30000000E-3	-30,04931885E-6	
97,90000000E-3	-29,89940530E-6	
97,40000000E-3	-29,76018277E-6	
96,80000000E-3	-29,62002428E-6	
96,40000000E-3	-29,45674710E-6	
95,90000000E-3	-29,29668117E-6	
95,50000000E-3	-29,15878465E-6	
95,00000000E-3	-29,01796408E-6	
94,30000000E-3	-28,85379090E-6	
93,90000000E-3	-28,70001993E-6	
93,60000000E-3	-28,54792332E-6	
93,00000000E-3	-28,40532863E-6	
93,00000000E-3	-28,25395903E-6	
91,80000000E-3	-28,08884874E-6	
91,50000000E-3	-27,93582466E-6	
91,10000000E-3	-27,78947406E-6	
90,40000000E-3	-27,65022771E-6	
89,90000000E-3	-27,49712170E-6	
89,50000000E-3	-27,34199642E-6	
89,00000000E-3	-27,18843251E-6	
88,60000000E-3	-27,02455172E-6	
87,90000000E-3	-26,87109262E-6	
87,40000000E-3	-26,72390744E-6	
87,00000000E-3	-26,58187460E-6	
86,50000000E-3	-26,43260890E-6	
86,10000000E-3	-26,27456664E-6	
85,70000000E-3	-26,11623987E-6	
85,20000000E-3	-25,96104462E-6	
85,20000000E-3	-25,80707484E-6	
84,00000000E-3	-25,65915974E-6	
83,50000000E-3	-25,50227313E-6	
83,50000000E-3	-25,35105992E-6	
82,50000000E-3	-25,19967020E-6	
82,10000000E-3	-25,04429926E-6	
81,60000000E-3	-24,88735817E-6	
80,90000000E-3	-24,73556517E-6	
80,50000000E-3	-24,57424158E-6	
80,20000000E-3	-24,42272606E-6	
79,40000000E-3	-24,26649558E-6	
79,00000000E-3	-24,11025312E-6	
78,60000000E-3	-23,95437034E-6	
78,10000000E-3	-23,79787119E-6	
77,60000000E-3	-23,64604385E-6	
77,10000000E-3	-23,49125666E-6	
76,40000000E-3	-23,33999228E-6	
76,40000000E-3	-23,18440626E-6	
75,60000000E-3	-23,02881680E-6	
75,20000000E-3	-22,85923761E-6	
74,70000000E-3	-22,69851388E-6	
74,10000000E-3	-22,54481245E-6	
73,60000000E-3	-22,40284351E-6	
73,10000000E-3	-22,24611207E-6	
72,60000000E-3	-22,09169097E-6	
72,20000000E-3	-21,92581742E-6	
71,70000000E-3	-21,76229119E-6	
71,20000000E-3	-21,60042755E-6	
70,50000000E-3	-21,43435244E-6	
70,10000000E-3	-21,27518961E-6	
69,60000000E-3	-21,12454571E-6	
69,20000000E-3	-20,97388624E-6	
68,70000000E-3	-20,81762808E-6	
68,10000000E-3	-20,66169033E-6	
68,00000000E-3	-20,50137648E-6	
67,00000000E-3	-20,33984921E-6	
66,60000000E-3	-20,18648065E-6	
66,10000000E-3	-20,01785970E-6	
65,90000000E-3	-19,85721250E-6	
65,00000000E-3	-19,69528917E-6	
64,70000000E-3	-19,53813803E-6	
64,30000000E-3	-19,37606458E-6	
63,70000000E-3	-19,22835469E-6	
63,20000000E-3	-19,06800385E-6	
62,70000000E-3	-18,90443090E-6	
62,50000000E-3	-18,74823206E-6	
61,70000000E-3	-18,58513089E-6	
61,20000000E-3	-18,43000188E-6	
60,70000000E-3	-18,26754119E-6	
60,30000000E-3	-18,10012324E-6	
59,70000000E-3	-17,93707763E-6	
59,10000000E-3	-17,77910300E-6	
58,60000000E-3	-17,61356155E-6	
58,20000000E-3	-17,45738335E-6	
57,80000000E-3	-17,29871534E-6	
57,30000000E-3	-17,13123249E-6	
56,80000000E-3	-16,97077875E-6	
56,30000000E-3	-16,80892178E-6	
55,90000000E-3	-16,65619415E-6	
55,20000000E-3	-16,49429038E-6	
54,80000000E-3	-16,33065664E-6	
54,30000000E-3	-16,16434315E-6	
53,70000000E-3	-15,99586176E-6	
53,60000000E-3	-15,84381004E-6	
52,60000000E-3	-15,68479324E-6	
52,20000000E-3	-15,52385948E-6	
51,70000000E-3	-15,36467099E-6	
51,40000000E-3	-15,20228732E-6	
50,80000000E-3	-15,04421458E-6	
50,30000000E-3	-14,88583825E-6	
49,70000000E-3	-14,71464284E-6	
49,10000000E-3	-14,55687527E-6	
49,10000000E-3	-14,39850252E-6	
48,20000000E-3	-14,23393500E-6	
47,80000000E-3	-14,07447270E-6	
47,30000000E-3	-13,91324870E-6	
46,80000000E-3	-13,74784542E-6	
46,20000000E-3	-13,58662077E-6	
45,70000000E-3	-13,42921809E-6	
45,30000000E-3	-13,25840147E-6	
44,60000000E-3	-13,10165385E-6	
44,40000000E-3	-12,93582160E-6	
44,40000000E-3	-12,77969062E-6	
43,40000000E-3	-12,61926083E-6	
43,00000000E-3	-12,44734874E-6	
42,70000000E-3	-12,28452358E-6	
41,70000000E-3	-12,12699379E-6	
41,30000000E-3	-11,96815081E-6	
40,80000000E-3	-11,80513576E-6	
40,30000000E-3	-11,64168542E-6	
39,90000000E-3	-11,47920695E-6	
39,40000000E-3	-11,31293093E-6	
38,80000000E-3	-11,15623484E-6	
38,30000000E-3	-10,99742666E-6	
37,80000000E-3	-10,83345584E-6	
37,30000000E-3	-10,66679971E-6	
36,90000000E-3	-10,50217841E-6	
36,40000000E-3	-10,33759569E-6	
36,00000000E-3	-10,17968364E-6	
35,20000000E-3	-10,01835243E-6	
34,80000000E-3	-9,86396450E-6	
34,60000000E-3	-9,70913264E-6	
34,00000000E-3	-9,55114610E-6	
33,50000000E-3	-9,38524472E-6	
32,80000000E-3	-9,20365034E-6	
32,30000000E-3	-9,03628931E-6	
31,90000000E-3	-8,87444772E-6	
31,40000000E-3	-8,72087894E-6	
31,20000000E-3	-8,55274924E-6	
30,20000000E-3	-8,39450090E-6	
30,00000000E-3	-8,24680656E-6	
29,30000000E-3	-8,07568199E-6	
28,90000000E-3	-7,91746735E-6	
28,40000000E-3	-7,74685405E-6	
28,00000000E-3	-7,58167115E-6	
27,50000000E-3	-7,42208375E-6	
26,90000000E-3	-7,27043575E-6	
26,40000000E-3	-7,11504241E-6	
26,00000000E-3	-6,96324958E-6	
25,50000000E-3	-6,79538693E-6	
25,10000000E-3	-6,63166282E-6	
24,60000000E-3	-6,46823821E-6	
24,00000000E-3	-6,30378214E-6	
23,60000000E-3	-6,14328863E-6	
23,10000000E-3	-5,98485045E-6	
22,40000000E-3	-5,82313246E-6	
21,90000000E-3	-5,65850092E-6	
21,50000000E-3	-5,50158116E-6	
21,00000000E-3	-5,34029102E-6	
20,50000000E-3	-5,18009622E-6	
19,90000000E-3	-5,02216304E-6	
19,40000000E-3	-4,85837452E-6	
18,90000000E-3	-4,70443699E-6	
18,50000000E-3	-4,54465095E-6	
18,00000000E-3	-4,37372569E-6	
17,30000000E-3	-4,21507148E-6	
17,10000000E-3	-4,05499845E-6	
16,60000000E-3	-3,89243256E-6	
16,20000000E-3	-3,73366078E-6	
15,70000000E-3	-3,57279419E-6	
15,00000000E-3	-3,40864377E-6	
14,40000000E-3	-3,25661690E-6	
14,10000000E-3	-3,09530834E-6	
13,40000000E-3	-2,92258794E-6	
13,00000000E-3	-2,76534710E-6	
12,70000000E-3	-2,60769396E-6	
12,10000000E-3	-2,44236634E-6	
11,60000000E-3	-2,28016825E-6	
11,10000000E-3	-2,11781663E-6	
10,60000000E-3	-1,95947370E-6	
10,20000000E-3	-1,81149061E-6	
9,70000000E-3	-1,63994401E-6	
9,20000000E-3	-1,47447963E-6	
8,60000000E-3	-1,32469121E-6	
8,10000000E-3	-1,16083869E-6	
7,70000000E-3	-999,70595077E-9	
7,20000000E-3	-838,78505935E-9	
6,80000000E-3	-680,56225985E-9	
6,10000000E-3	-511,73607370E-9	
5,60000000E-3	-350,94269883E-9	
5,10000000E-3	-180,05347643E-9	
4,70000000E-3	-15,05719215E-9	
4,00000000E-3	142,52674123E-9	
3,60000000E-3	297,82502922E-9	
3,10000000E-3	465,81080921E-9	
2,60000000E-3	629,56465819E-9	
2,10000000E-3	798,31770103E-9	
1,60000000E-3	963,25938980E-9	
900,00000000E-6	1,14228266E-6	
400,00000000E-6	1,31852489E-6	
-0,00000000E+0	1,48383602E-6	
-500,00000000E-6	1,64968312E-6	
-1,00000000E-3	1,81650541E-6	
-1,40000000E-3	1,99246218E-6	
-2,10000000E-3	2,15820394E-6	
-2,60000000E-3	2,33521842E-6	
-3,00000000E-3	2,51037235E-6	
-3,50000000E-3	2,68164340E-6	
-4,00000000E-3	2,84956811E-6	
-4,40000000E-3	3,00817638E-6	
-5,00000000E-3	3,17338076E-6	
-5,50000000E-3	3,34646218E-6	
-6,00000000E-3	3,51892215E-6	
-6,50000000E-3	3,68418960E-6	
-7,00000000E-3	3,86108705E-6	
-7,40000000E-3	4,02932714E-6	
-8,00000000E-3	4,20379942E-6	
-8,50000000E-3	4,37779349E-6	
-9,00000000E-3	4,54794725E-6	
-9,20000000E-3	4,72250452E-6	
-9,70000000E-3	4,89980112E-6	
-10,40000000E-3	5,07899252E-6	
-10,90000000E-3	5,25995354E-6	
-11,50000000E-3	5,43873240E-6	
-12,00000000E-3	5,61707129E-6	
-12,50000000E-3	5,79595927E-6	
-12,90000000E-3	5,96483270E-6	
-13,40000000E-3	6,13308384E-6	
-13,80000000E-3	6,31170657E-6	
-14,30000000E-3	6,50107083E-6	
-14,80000000E-3	6,68386304E-6	
-15,30000000E-3	6,86288054E-6	
-15,70000000E-3	7,04017472E-6	
-16,40000000E-3	7,21774202E-6	
-16,80000000E-3	7,39989152E-6	
-17,50000000E-3	7,57412027E-6	
-17,80000000E-3	7,75078703E-6	
-18,30000000E-3	7,93337764E-6	
-18,70000000E-3	8,11894929E-6	
-19,20000000E-3	8,30346674E-6	
-19,80000000E-3	8,48566539E-6	
-20,30000000E-3	8,66746581E-6	
-20,70000000E-3	8,85245039E-6	
-21,20000000E-3	9,03225457E-6	
-21,70000000E-3	9,21080430E-6	
-22,10000000E-3	9,38608382E-6	
-22,80000000E-3	9,57542931E-6	
-23,30000000E-3	9,75337909E-6	
-23,80000000E-3	9,94171303E-6	
-24,20000000E-3	10,12486070E-6	
-24,60000000E-3	10,32322836E-6	
-25,10000000E-3	10,50294572E-6	
-25,70000000E-3	10,68879868E-6	
-26,30000000E-3	10,87138571E-6	
-26,70000000E-3	11,05735908E-6	
-27,20000000E-3	11,24587633E-6	
-27,60000000E-3	11,43788402E-6	
-28,10000000E-3	11,62892708E-6	
-28,70000000E-3	11,81040782E-6	
-29,30000000E-3	11,99785649E-6	
-29,80000000E-3	12,19140174E-6	
-30,20000000E-3	12,37633187E-6	
-30,60000000E-3	12,54998434E-6	
-31,10000000E-3	12,74757775E-6	
-31,80000000E-3	12,93458501E-6	
-32,20000000E-3	13,13192090E-6	
-32,70000000E-3	13,32118044E-6	
-33,20000000E-3	13,51034818E-6	
-33,60000000E-3	13,70358649E-6	
-34,10000000E-3	13,88450421E-6	
-34,80000000E-3	14,07407555E-6	
-35,20000000E-3	14,25496795E-6	
-35,70000000E-3	14,45460098E-6	
-36,20000000E-3	14,64296562E-6	
-36,60000000E-3	14,83672715E-6	
-37,30000000E-3	15,02622547E-6	
-37,80000000E-3	15,22034300E-6	
-38,20000000E-3	15,40721373E-6	
-38,70000000E-3	15,60238745E-6	
-39,10000000E-3	15,78750749E-6	
-39,60000000E-3	15,97487502E-6	
-40,10000000E-3	16,16196608E-6	
-40,70000000E-3	16,35088200E-6	
-41,20000000E-3	16,54806015E-6	
-41,70000000E-3	16,73128198E-6	
-42,10000000E-3	16,93101948E-6	
-42,50000000E-3	17,11362259E-6	
-43,00000000E-3	17,31251211E-6	
-43,70000000E-3	17,49875775E-6	
-44,20000000E-3	17,67646552E-6	
-44,70000000E-3	17,86996145E-6	
-45,10000000E-3	18,06844164E-6	
-45,60000000E-3	18,25325778E-6	
-46,00000000E-3	18,44133514E-6	
-46,80000000E-3	18,64160079E-6	
-47,20000000E-3	18,83121792E-6	
-47,70000000E-3	19,01395017E-6	
-48,10000000E-3	19,19570296E-6	
-48,60000000E-3	19,37957784E-6	
-49,00000000E-3	19,57066706E-6	
-49,80000000E-3	19,76297770E-6	
-50,20000000E-3	19,95521730E-6	
-50,70000000E-3	20,14217478E-6	
-51,10000000E-3	20,33501682E-6	
-51,60000000E-3	20,52531076E-6	
-52,00000000E-3	20,70928680E-6	
-52,60000000E-3	20,88016471E-6	
-53,20000000E-3	21,06680920E-6	
-53,70000000E-3	21,26484747E-6	
-54,10000000E-3	21,44429440E-6	
-54,60000000E-3	21,63957034E-6	
-55,00000000E-3	21,82006208E-6	
-55,70000000E-3	22,00685565E-6	
-56,20000000E-3	22,19500101E-6	
-56,60000000E-3	22,36993755E-6	
-57,00000000E-3	22,55097265E-6	
-57,50000000E-3	22,73725057E-6	
-58,10000000E-3	22,91934326E-6	
-58,40000000E-3	23,09827651E-6	
-59,10000000E-3	23,28554226E-6	
-59,50000000E-3	23,47530729E-6	
-60,00000000E-3	23,65422654E-6	
-60,60000000E-3	23,83305328E-6	
-61,10000000E-3	24,01579632E-6	
-61,40000000E-3	24,19606541E-6	
-61,80000000E-3	24,37762532E-6	
-62,30000000E-3	24,55961486E-6	
-63,00000000E-3	24,73691308E-6	
-63,50000000E-3	24,92164877E-6	
-63,90000000E-3	25,10349256E-6	
-64,60000000E-3	25,27956567E-6	
-65,10000000E-3	25,45852920E-6	
-65,40000000E-3	25,63310458E-6	
-65,90000000E-3	25,81003452E-6	
-66,40000000E-3	25,98184573E-6	
-66,80000000E-3	26,16491171E-6	
-67,30000000E-3	26,34242598E-6	
-67,80000000E-3	26,51937888E-6	
-68,30000000E-3	26,69535143E-6	
-68,90000000E-3	26,87206832E-6	
-69,40000000E-3	27,04155293E-6	
-69,80000000E-3	27,20829757E-6	
-70,30000000E-3	27,38580357E-6	
-70,80000000E-3	27,55747974E-6	
-71,20000000E-3	27,73415158E-6	
-71,90000000E-3	27,90985890E-6	
-72,40000000E-3	28,07893670E-6	
-72,80000000E-3	28,25119967E-6	
-73,30000000E-3	28,41811576E-6	
-73,70000000E-3	28,59284501E-6	
-74,30000000E-3	28,75781728E-6	
-74,90000000E-3	28,92971022E-6	
-75,30000000E-3	29,10121823E-6	
-75,80000000E-3	29,26239499E-6	
-76,30000000E-3	29,43878540E-6	
-76,70000000E-3	29,60266248E-6	
-77,30000000E-3	29,77511822E-6	
-77,90000000E-3	29,94336902E-6	
-78,30000000E-3	30,11013094E-6	
-78,80000000E-3	30,26962622E-6	
-79,20000000E-3	30,43249416E-6	
-79,70000000E-3	30,60028366E-6	
-80,40000000E-3	30,77634270E-6	
-80,90000000E-3	30,94391593E-6	
-81,30000000E-3	31,11929509E-6	
-81,80000000E-3	31,28323351E-6	
-82,30000000E-3	31,45153201E-6	
-82,70000000E-3	31,60722879E-6	
-83,40000000E-3	31,78057986E-6	
-83,80000000E-3	31,94662880E-6	
-84,30000000E-3	32,10920497E-6	
-84,80000000E-3	32,26920908E-6	
-85,30000000E-3	32,44262339E-6	
-85,60000000E-3	32,60816394E-6	
-86,30000000E-3	32,76614192E-6	
-86,80000000E-3	32,93578264E-6	
-87,30000000E-3	33,09043862E-6	
-87,80000000E-3	33,25229666E-6	
-88,20000000E-3	33,41287988E-6	
-88,70000000E-3	33,58019889E-6	
-89,30000000E-3	33,74163179E-6	
-89,80000000E-3	33,91152392E-6	
-90,30000000E-3	34,07344582E-6	
-90,70000000E-3	34,23290460E-6	
-91,20000000E-3	34,38787121E-6	
-91,60000000E-3	34,54615351E-6	
-92,10000000E-3	34,71143520E-6	
-92,80000000E-3	34,87210400E-6	
-93,30000000E-3	35,03161871E-6	
-93,70000000E-3	35,20097008E-6	
-94,20000000E-3	35,36931042E-6	
-94,70000000E-3	35,52933246E-6	
-95,10000000E-3	35,70028308E-6	
-95,80000000E-3	35,85829150E-6	
-96,30000000E-3	36,01515632E-6	
-96,70000000E-3	36,17465896E-6	
-97,20000000E-3	36,33547689E-6	
-97,60000000E-3	36,49116405E-6	
-98,10000000E-3	36,64662523E-6	
-98,80000000E-3	36,81807456E-6	
-99,30000000E-3	36,97603585E-6	
-99,70000000E-3	37,13291698E-6	
-100,20000000E-3	37,28847749E-6	
-100,60000000E-3	37,44744466E-6	
-101,20000000E-3	37,61154836E-6	
-101,80000000E-3	37,77407495E-6	
-102,20000000E-3	37,93526725E-6	
-102,70000000E-3	38,09811654E-6	
-103,10000000E-3	38,25365791E-6	
-103,60000000E-3	38,41627444E-6	
-104,30000000E-3	38,57326125E-6	
-104,50000000E-3	38,72630256E-6	
-105,00000000E-3	38,88855366E-6	
-105,40000000E-3	39,04382188E-6	
-106,10000000E-3	39,20966418E-6	
-106,60000000E-3	39,37208168E-6	
-107,20000000E-3	39,53305059E-6	
-107,70000000E-3	39,69155264E-6	
-108,10000000E-3	39,85000266E-6	
-108,60000000E-3	40,00613065E-6	
-109,10000000E-3	40,16063768E-6	
-109,40000000E-3	40,31969219E-6	
-110,00000000E-3	40,47947408E-6	
-110,50000000E-3	40,63262372E-6	
-110,90000000E-3	40,79615003E-6	
-111,40000000E-3	40,95453338E-6	
-112,00000000E-3	41,11396255E-6	
-112,50000000E-3	41,26744197E-6	
-113,20000000E-3	41,42334724E-6	
-113,50000000E-3	41,57159346E-6	
-113,90000000E-3	41,73062525E-6	
-114,30000000E-3	41,89264066E-6	
-115,10000000E-3	42,04439974E-6	
-115,50000000E-3	42,20946375E-6	
-116,00000000E-3	42,36880134E-6	
-116,40000000E-3	42,52149246E-6	
-116,80000000E-3	42,67609225E-6	
-117,50000000E-3	42,82371776E-6	
-118,00000000E-3	42,98946721E-6	
-118,50000000E-3	43,15237161E-6	
-118,90000000E-3	43,30940566E-6	
-119,40000000E-3	43,46876057E-6	
-119,90000000E-3	43,62824293E-6	
-120,30000000E-3	43,78927496E-6	
-121,00000000E-3	43,95103400E-6	
-121,40000000E-3	44,10639828E-6	
-121,90000000E-3	44,25317250E-6	
-122,40000000E-3	44,40651891E-6	
-122,80000000E-3	44,56203046E-6	
-123,50000000E-3	44,71603295E-6	
-124,00000000E-3	44,87915124E-6	
-124,40000000E-3	45,03161738E-6	
-124,90000000E-3	45,19085709E-6	
-125,30000000E-3	45,34975746E-6	
-125,80000000E-3	45,50003711E-6	
-126,50000000E-3	45,64717433E-6	
-126,90000000E-3	45,80819543E-6	
-127,40000000E-3	45,96847985E-6	
-127,80000000E-3	46,12351837E-6	
-128,20000000E-3	46,27731891E-6	
-129,00000000E-3	46,42980738E-6	
-129,40000000E-3	46,58571381E-6	
-129,90000000E-3	46,74302759E-6	
-130,30000000E-3	46,90464841E-6	
-130,70000000E-3	47,05851977E-6	
-131,30000000E-3	47,21248720E-6	
-131,90000000E-3	47,35893016E-6	
-132,40000000E-3	47,51537295E-6	
-132,80000000E-3	47,67187873E-6	
-133,30000000E-3	47,84042556E-6	
-133,70000000E-3	48,00019128E-6	
-134,40000000E-3	48,14607468E-6	
-134,90000000E-3	48,29784723E-6	
-135,30000000E-3	48,45503617E-6	
-135,80000000E-3	48,61413482E-6	
-136,20000000E-3	48,76392553E-6	
-136,80000000E-3	48,91541705E-6	
-137,40000000E-3	49,07472733E-6	
-137,80000000E-3	49,23628911E-6	
-138,30000000E-3	49,40646059E-6	
-138,80000000E-3	49,55133378E-6	
-139,20000000E-3	49,69350662E-6	
-139,70000000E-3	49,85036584E-6	
-140,40000000E-3	50,01015019E-6	
-140,80000000E-3	50,18042488E-6	
-141,30000000E-3	50,32860702E-6	
-141,70000000E-3	50,48629159E-6	
-142,20000000E-3	50,63783726E-6	
-142,90000000E-3	50,79392245E-6	
-143,30000000E-3	50,95361248E-6	
-143,80000000E-3	51,11124321E-6	
-144,20000000E-3	51,26532547E-6	
-144,70000000E-3	51,41272489E-6	
-145,30000000E-3	51,56799081E-6	
-145,80000000E-3	51,73368986E-6	
-146,30000000E-3	51,89286780E-6	
-146,70000000E-3	52,05023334E-6	
-147,20000000E-3	52,20762595E-6	
-147,70000000E-3	52,36112854E-6	
-148,40000000E-3	52,50460976E-6	
-148,80000000E-3	52,65715417E-6	
-149,30000000E-3	52,81667620E-6	
-149,70000000E-3	52,97904380E-6	
