150,00000000E-3	-45,52758933E-6	
150,00000000E-3	-45,52345178E-6	
149,90000000E-3	-45,52065951E-6	
149,80000000E-3	-45,51470683E-6	
149,50000000E-3	-45,49281679E-6	
149,40000000E-3	-45,45093978E-6	
149,00000000E-3	-45,39114173E-6	
148,70000000E-3	-45,31537414E-6	
148,30000000E-3	-45,22048706E-6	
147,90000000E-3	-45,12266342E-6	
147,50000000E-3	-45,00996878E-6	
147,00000000E-3	-44,88950347E-6	
146,60000000E-3	-44,76289605E-6	
146,20000000E-3	-44,63186304E-6	
145,80000000E-3	-44,50562760E-6	
145,40000000E-3	-44,37689593E-6	
144,80000000E-3	-44,24532174E-6	
144,30000000E-3	-44,12011873E-6	
143,90000000E-3	-44,00719771E-6	
143,50000000E-3	-43,87863747E-6	
143,00000000E-3	-43,73624124E-6	
142,50000000E-3	-43,56977878E-6	
141,90000000E-3	-43,40042729E-6	
141,40000000E-3	-43,24733330E-6	
141,00000000E-3	-43,12067576E-6	
140,50000000E-3	-42,99366436E-6	
140,00000000E-3	-42,86207317E-6	
139,40000000E-3	-42,70667633E-6	
139,00000000E-3	-42,54105473E-6	
138,50000000E-3	-42,38225711E-6	
138,10000000E-3	-42,23673010E-6	
137,60000000E-3	-42,10345304E-6	
137,00000000E-3	-41,97855579E-6	
136,50000000E-3	-41,84874087E-6	
136,00000000E-3	-41,69420581E-6	
135,50000000E-3	-41,53848150E-6	
135,10000000E-3	-41,37440073E-6	
134,90000000E-3	-41,21811655E-6	
134,00000000E-3	-41,07495179E-6	
133,40000000E-3	-40,93850816E-6	
132,80000000E-3	-40,80573699E-6	
132,60000000E-3	-40,66808964E-6	
132,10000000E-3	-40,51808669E-6	
131,70000000E-3	-40,34628092E-6	
131,00000000E-3	-40,19294969E-6	
130,60000000E-3	-40,05319355E-6	
130,10000000E-3	-39,93054647E-6	
129,60000000E-3	-39,79285594E-6	
129,20000000E-3	-39,61776683E-6	
128,60000000E-3	-39,45794185E-6	
128,10000000E-3	-39,32387845E-6	
127,90000000E-3	-39,20069671E-6	
127,10000000E-3	-39,07061978E-6	
126,70000000E-3	-38,91812178E-6	
126,20000000E-3	-38,75807503E-6	
125,80000000E-3	-38,58725884E-6	
125,10000000E-3	-38,43666160E-6	
124,60000000E-3	-38,30515331E-6	
124,30000000E-3	-38,17593408E-6	
123,60000000E-3	-38,04382218E-6	
123,10000000E-3	-37,88596946E-6	
122,70000000E-3	-37,71881162E-6	
122,20000000E-3	-37,56708427E-6	
121,50000000E-3	-37,42782693E-6	
121,00000000E-3	-37,30047751E-6	
120,60000000E-3	-37,15881985E-6	
120,20000000E-3	-37,01142480E-6	
119,70000000E-3	-36,84816343E-6	
119,10000000E-3	-36,69247886E-6	
119,00000000E-3	-36,55452123E-6	
118,20000000E-3	-36,42359861E-6	
117,70000000E-3	-36,28844382E-6	
117,30000000E-3	-36,13744699E-6	
116,80000000E-3	-35,97642488E-6	
116,20000000E-3	-35,82470126E-6	
115,70000000E-3	-35,67639776E-6	
115,30000000E-3	-35,54782276E-6	
114,80000000E-3	-35,41868635E-6	
114,40000000E-3	-35,26884842E-6	
113,70000000E-3	-35,10742961E-6	
113,20000000E-3	-34,95478811E-6	
112,80000000E-3	-34,82519844E-6	
112,30000000E-3	-34,69221409E-6	
111,90000000E-3	-34,53646557E-6	
111,20000000E-3	-34,37587069E-6	
111,20000000E-3	-34,22491048E-6	
110,40000000E-3	-34,09113514E-6	
109,70000000E-3	-33,97186018E-6	
109,30000000E-3	-33,82621910E-6	
108,80000000E-3	-33,66738934E-6	
108,30000000E-3	-33,50612338E-6	
107,60000000E-3	-33,36487338E-6	
107,20000000E-3	-33,22867257E-6	
106,70000000E-3	-33,09998468E-6	
106,30000000E-3	-32,96298951E-6	
105,80000000E-3	-32,81850844E-6	
105,20000000E-3	-32,66793355E-6	
104,70000000E-3	-32,52060637E-6	
104,20000000E-3	-32,37764981E-6	
103,80000000E-3	-32,22824027E-6	
103,30000000E-3	-32,07890327E-6	
102,80000000E-3	-31,93476465E-6	
102,20000000E-3	-31,79598094E-6	
101,70000000E-3	-31,65558766E-6	
101,30000000E-3	-31,50748399E-6	
101,00000000E-3	-31,36380004E-6	
100,40000000E-3	-31,22855340E-6	
99,70000000E-3	-31,08855949E-6	
99,20000000E-3	-30,94133388E-6	
98,80000000E-3	-30,80898111E-6	
98,30000000E-3	-30,66263076E-6	
98,30000000E-3	-30,52126293E-6	
97,50000000E-3	-30,37452985E-6	
96,80000000E-3	-30,23698570E-6	
96,40000000E-3	-30,09065398E-6	
95,90000000E-3	-29,94760516E-6	
95,40000000E-3	-29,80757762E-6	
95,00000000E-3	-29,67189872E-6	
94,30000000E-3	-29,53928527E-6	
93,90000000E-3	-29,40383112E-6	
93,40000000E-3	-29,27109269E-6	
93,00000000E-3	-29,14019266E-6	
92,50000000E-3	-29,00013285E-6	
92,00000000E-3	-28,86607883E-6	
91,40000000E-3	-28,71871033E-6	
90,90000000E-3	-28,58353942E-6	
90,50000000E-3	-28,44094900E-6	
90,00000000E-3	-28,29464168E-6	
89,60000000E-3	-28,15246241E-6	
88,90000000E-3	-28,01375186E-6	
88,50000000E-3	-27,87106804E-6	
88,00000000E-3	-27,72307192E-6	
87,40000000E-3	-27,57406724E-6	
86,90000000E-3	-27,43318263E-6	
86,40000000E-3	-27,28892388E-6	
86,00000000E-3	-27,14521777E-6	
85,50000000E-3	-27,01450392E-6	
84,80000000E-3	-26,89108335E-6	
84,50000000E-3	-26,76888569E-6	
84,10000000E-3	-26,63140675E-6	
83,60000000E-3	-26,49478269E-6	
82,90000000E-3	-26,35757464E-6	
82,40000000E-3	-26,21936729E-6	
82,00000000E-3	-26,07396281E-6	
81,50000000E-3	-25,92450891E-6	
81,10000000E-3	-25,76980139E-6	
80,60000000E-3	-25,62608504E-6	
80,00000000E-3	-25,48744364E-6	
79,50000000E-3	-25,34280246E-6	
79,20000000E-3	-25,20052996E-6	
78,40000000E-3	-25,05632304E-6	
78,10000000E-3	-24,91815010E-6	
77,70000000E-3	-24,76882104E-6	
77,10000000E-3	-24,63060481E-6	
76,60000000E-3	-24,49952989E-6	
76,10000000E-3	-24,36571128E-6	
75,60000000E-3	-24,22090142E-6	
75,20000000E-3	-24,08309818E-6	
74,70000000E-3	-23,94730805E-6	
74,10000000E-3	-23,81304091E-6	
73,60000000E-3	-23,67574322E-6	
73,10000000E-3	-23,53452768E-6	
72,60000000E-3	-23,38399958E-6	
72,20000000E-3	-23,23272107E-6	
71,80000000E-3	-23,08678453E-6	
71,10000000E-3	-22,93459417E-6	
70,60000000E-3	-22,77844045E-6	
70,10000000E-3	-22,63999936E-6	
69,70000000E-3	-22,49947024E-6	
69,30000000E-3	-22,36124351E-6	
68,70000000E-3	-22,21142985E-6	
68,10000000E-3	-22,04912504E-6	
67,70000000E-3	-21,90095850E-6	
67,20000000E-3	-21,75680917E-6	
66,60000000E-3	-21,60918685E-6	
66,10000000E-3	-21,44951415E-6	
65,60000000E-3	-21,28522146E-6	
65,40000000E-3	-21,12507836E-6	
64,70000000E-3	-20,98458327E-6	
64,30000000E-3	-20,84350135E-6	
63,80000000E-3	-20,67821896E-6	
63,30000000E-3	-20,49796875E-6	
62,80000000E-3	-20,33290226E-6	
62,20000000E-3	-20,17524292E-6	
61,80000000E-3	-20,02484483E-6	
61,30000000E-3	-19,86806047E-6	
60,60000000E-3	-19,70539848E-6	
60,40000000E-3	-19,53695400E-6	
59,70000000E-3	-19,35811710E-6	
59,20000000E-3	-19,18530484E-6	
58,60000000E-3	-19,02549231E-6	
58,10000000E-3	-18,85573221E-6	
57,60000000E-3	-18,69509054E-6	
57,20000000E-3	-18,52822901E-6	
56,70000000E-3	-18,33620256E-6	
56,30000000E-3	-18,14766817E-6	
56,10000000E-3	-17,97576051E-6	
55,20000000E-3	-17,81371375E-6	
54,70000000E-3	-17,63460749E-6	
54,30000000E-3	-17,44647822E-6	
54,00000000E-3	-17,25724576E-6	
53,10000000E-3	-17,08336888E-6	
52,70000000E-3	-16,90481493E-6	
52,20000000E-3	-16,71961283E-6	
51,70000000E-3	-16,53171632E-6	
51,30000000E-3	-16,34964209E-6	
50,80000000E-3	-16,17190045E-6	
50,10000000E-3	-15,99655441E-6	
49,70000000E-3	-15,81212719E-6	
49,50000000E-3	-15,61749319E-6	
48,80000000E-3	-15,43741614E-6	
48,30000000E-3	-15,25231188E-6	
47,90000000E-3	-15,07593308E-6	
47,40000000E-3	-14,87820340E-6	
46,70000000E-3	-14,68026389E-6	
46,20000000E-3	-14,50455674E-6	
45,80000000E-3	-14,32410540E-6	
45,30000000E-3	-14,14305218E-6	
44,90000000E-3	-13,95221437E-6	
44,50000000E-3	-13,76164031E-6	
43,70000000E-3	-13,57834294E-6	
43,30000000E-3	-13,40603736E-6	
42,80000000E-3	-13,22865220E-6	
42,40000000E-3	-13,04065071E-6	
42,00000000E-3	-12,85865459E-6	
41,40000000E-3	-12,67803692E-6	
40,80000000E-3	-12,50075613E-6	
40,40000000E-3	-12,32697761E-6	
39,90000000E-3	-12,15128945E-6	
39,40000000E-3	-11,96971064E-6	
39,20000000E-3	-11,78622974E-6	
38,20000000E-3	-11,59975486E-6	
38,20000000E-3	-11,42412722E-6	
37,30000000E-3	-11,24765666E-6	
36,90000000E-3	-11,07683546E-6	
36,40000000E-3	-10,90923602E-6	
36,00000000E-3	-10,74229460E-6	
35,50000000E-3	-10,57452367E-6	
35,00000000E-3	-10,39336023E-6	
34,40000000E-3	-10,21263237E-6	
33,90000000E-3	-10,03461954E-6	
33,70000000E-3	-9,86579860E-6	
32,90000000E-3	-9,68765264E-6	
32,40000000E-3	-9,51120041E-6	
32,00000000E-3	-9,33200439E-6	
31,70000000E-3	-9,16223475E-6	
31,00000000E-3	-8,99329621E-6	
30,50000000E-3	-8,82456361E-6	
30,10000000E-3	-8,65013801E-6	
29,60000000E-3	-8,47587426E-6	
28,90000000E-3	-8,30243299E-6	
28,50000000E-3	-8,13813629E-6	
27,80000000E-3	-7,97850749E-6	
27,30000000E-3	-7,80219855E-6	
26,90000000E-3	-7,62555920E-6	
26,40000000E-3	-7,45163539E-6	
26,40000000E-3	-7,28111134E-6	
25,40000000E-3	-7,10352666E-6	
25,00000000E-3	-6,92229744E-6	
24,80000000E-3	-6,75951427E-6	
23,90000000E-3	-6,59671214E-6	
23,50000000E-3	-6,42886941E-6	
23,00000000E-3	-6,25879631E-6	
22,60000000E-3	-6,09354776E-6	
21,90000000E-3	-5,91261939E-6	
21,40000000E-3	-5,73737663E-6	
21,00000000E-3	-5,57112652E-6	
20,50000000E-3	-5,39695917E-6	
20,10000000E-3	-5,23722505E-6	
19,60000000E-3	-5,07700138E-6	
19,00000000E-3	-4,90650372E-6	
18,50000000E-3	-4,74267824E-6	
18,00000000E-3	-4,57126256E-6	
17,60000000E-3	-4,41124020E-6	
17,30000000E-3	-4,24175759E-6	
16,60000000E-3	-4,06488987E-6	
16,20000000E-3	-3,89799848E-6	
15,70000000E-3	-3,73664481E-6	
15,20000000E-3	-3,57088115E-6	
14,60000000E-3	-3,40816192E-6	
14,10000000E-3	-3,24713047E-6	
13,70000000E-3	-3,08679029E-6	
13,20000000E-3	-2,92819672E-6	
12,80000000E-3	-2,76576698E-6	
12,30000000E-3	-2,60739948E-6	
11,60000000E-3	-2,44503415E-6	
11,10000000E-3	-2,29822237E-6	
10,70000000E-3	-2,14697789E-6	
10,20000000E-3	-1,98808155E-6	
9,80000000E-3	-1,82905142E-6	
9,20000000E-3	-1,68059009E-6	
8,60000000E-3	-1,52675994E-6	
8,20000000E-3	-1,36987270E-6	
7,70000000E-3	-1,21638823E-6	
7,20000000E-3	-1,05883120E-6	
6,80000000E-3	-909,92631708E-9	
6,10000000E-3	-764,07146483E-9	
5,70000000E-3	-611,88309159E-9	
5,20000000E-3	-457,89652747E-9	
4,80000000E-3	-303,54647294E-9	
4,30000000E-3	-157,46621963E-9	
3,70000000E-3	-6,53943567E-9	
3,20000000E-3	147,22015683E-9	
2,70000000E-3	293,73723820E-9	
2,20000000E-3	440,81513090E-9	
1,70000000E-3	603,12347168E-9	
1,20000000E-3	767,59976892E-9	
500,00000000E-6	927,20197188E-9	
0,00000000E+0	1,08516561E-6	
-400,00000000E-6	1,24376888E-6	
-900,00000000E-6	1,40472199E-6	
-1,40000000E-3	1,56076628E-6	
-1,80000000E-3	1,70882692E-6	
-2,50000000E-3	1,86526657E-6	
-2,90000000E-3	2,02543623E-6	
-3,40000000E-3	2,17798523E-6	
-3,90000000E-3	2,34505519E-6	
-4,40000000E-3	2,50440421E-6	
-4,90000000E-3	2,66394459E-6	
-5,40000000E-3	2,82002183E-6	
-5,90000000E-3	2,97643678E-6	
-6,40000000E-3	3,13134372E-6	
-6,80000000E-3	3,29186270E-6	
-7,30000000E-3	3,44901365E-6	
-7,90000000E-3	3,61742926E-6	
-8,40000000E-3	3,77413513E-6	
-8,90000000E-3	3,94158899E-6	
-9,40000000E-3	4,10967329E-6	
-9,80000000E-3	4,27303099E-6	
-10,50000000E-3	4,44088905E-6	
-10,90000000E-3	4,60619763E-6	
-11,40000000E-3	4,75997456E-6	
-11,90000000E-3	4,93346413E-6	
-12,30000000E-3	5,10129814E-6	
-12,80000000E-3	5,26869134E-6	
-13,50000000E-3	5,44761252E-6	
-13,90000000E-3	5,61794688E-6	
-14,40000000E-3	5,79267545E-6	
-14,80000000E-3	5,95966712E-6	
-15,30000000E-3	6,12415474E-6	
-15,80000000E-3	6,31157975E-6	
-16,50000000E-3	6,48808709E-6	
-16,90000000E-3	6,66636055E-6	
-17,40000000E-3	6,85040198E-6	
-17,90000000E-3	7,03519695E-6	
-18,30000000E-3	7,21687507E-6	
-19,00000000E-3	7,39884434E-6	
-19,40000000E-3	7,57562646E-6	
-19,90000000E-3	7,75866570E-6	
-20,10000000E-3	7,94768583E-6	
-20,80000000E-3	8,13622686E-6	
-21,40000000E-3	8,32472044E-6	
-21,90000000E-3	8,51499533E-6	
-22,40000000E-3	8,71377217E-6	
-22,90000000E-3	8,90280070E-6	
-23,30000000E-3	9,11169538E-6	
-23,80000000E-3	9,30552417E-6	
-24,20000000E-3	9,49045973E-6	
-24,70000000E-3	9,70010041E-6	
-25,10000000E-3	9,90708347E-6	
-25,60000000E-3	10,11003352E-6	
-26,20000000E-3	10,32126920E-6	
-26,70000000E-3	10,52921903E-6	
-27,20000000E-3	10,74295786E-6	
-27,70000000E-3	10,95890571E-6	
-28,10000000E-3	11,16697418E-6	
-28,60000000E-3	11,37794807E-6	
-29,30000000E-3	11,60260016E-6	
-29,70000000E-3	11,82542501E-6	
-30,20000000E-3	12,04701689E-6	
-30,60000000E-3	12,26282192E-6	
-31,10000000E-3	12,49915963E-6	
-31,50000000E-3	12,73290225E-6	
-32,30000000E-3	12,95852231E-6	
-32,60000000E-3	13,17509035E-6	
-33,10000000E-3	13,41752827E-6	
-33,60000000E-3	13,65074132E-6	
-34,00000000E-3	13,88599531E-6	
-34,70000000E-3	14,12488803E-6	
-35,20000000E-3	14,36657326E-6	
-35,60000000E-3	14,60484488E-6	
-36,10000000E-3	14,84304281E-6	
-36,50000000E-3	15,07581195E-6	
-37,10000000E-3	15,31298527E-6	
-37,70000000E-3	15,55794869E-6	
-38,20000000E-3	15,80026199E-6	
-38,60000000E-3	16,04510911E-6	
-39,10000000E-3	16,30120548E-6	
-39,50000000E-3	16,54930602E-6	
-40,20000000E-3	16,80151260E-6	
-40,70000000E-3	17,03667760E-6	
-41,10000000E-3	17,27847934E-6	
-41,60000000E-3	17,52045409E-6	
-42,00000000E-3	17,76957382E-6	
-42,60000000E-3	18,01652230E-6	
-43,20000000E-3	18,26349771E-6	
-43,60000000E-3	18,51076552E-6	
-44,10000000E-3	18,75500146E-6	
-44,50000000E-3	19,00339776E-6	
-45,00000000E-3	19,24646119E-6	
-45,70000000E-3	19,47940619E-6	
-46,20000000E-3	19,71314810E-6	
-46,60000000E-3	19,95652849E-6	
-47,10000000E-3	20,18553892E-6	
-47,50000000E-3	20,42147195E-6	
-48,00000000E-3	20,65776299E-6	
-48,70000000E-3	20,90377510E-6	
-49,10000000E-3	21,13404544E-6	
-49,60000000E-3	21,35747518E-6	
-50,00000000E-3	21,56955789E-6	
-50,50000000E-3	21,80231228E-6	
-50,90000000E-3	22,02700570E-6	
-51,60000000E-3	22,24211657E-6	
-52,10000000E-3	22,47168194E-6	
-52,60000000E-3	22,68416019E-6	
-53,00000000E-3	22,90165369E-6	
-53,40000000E-3	23,10163618E-6	
-54,10000000E-3	23,31417850E-6	
-54,60000000E-3	23,52044963E-6	
-55,00000000E-3	23,72625866E-6	
-55,50000000E-3	23,92498497E-6	
-55,90000000E-3	24,12480171E-6	
-56,40000000E-3	24,31931592E-6	
-57,10000000E-3	24,51167798E-6	
-57,60000000E-3	24,70860322E-6	
-58,00000000E-3	24,89969806E-6	
-58,40000000E-3	25,08048114E-6	
-58,90000000E-3	25,25376105E-6	
-59,60000000E-3	25,44643401E-6	
-60,10000000E-3	25,62943100E-6	
-60,50000000E-3	25,80725107E-6	
-61,00000000E-3	25,98056308E-6	
-61,40000000E-3	26,15606189E-6	
-61,90000000E-3	26,33127187E-6	
-62,60000000E-3	26,50344064E-6	
-63,00000000E-3	26,66087431E-6	
-63,50000000E-3	26,82707150E-6	
-63,90000000E-3	26,99129742E-6	
-64,40000000E-3	27,16006979E-6	
-64,90000000E-3	27,31997814E-6	
-65,60000000E-3	27,48831597E-6	
-66,00000000E-3	27,64862346E-6	
-66,50000000E-3	27,80671849E-6	
-67,00000000E-3	27,96114744E-6	
-67,40000000E-3	28,10532456E-6	
-68,10000000E-3	28,26438829E-6	
-68,50000000E-3	28,42242729E-6	
-69,00000000E-3	28,56828796E-6	
-69,40000000E-3	28,72656392E-6	
-69,90000000E-3	28,87348598E-6	
-70,40000000E-3	29,02486143E-6	
-71,00000000E-3	29,16980909E-6	
-71,50000000E-3	29,31390874E-6	
-71,70000000E-3	29,45690081E-6	
-72,30000000E-3	29,59613070E-6	
-72,90000000E-3	29,74451712E-6	
-73,30000000E-3	29,89308047E-6	
-73,80000000E-3	30,03821096E-6	
-74,50000000E-3	30,17627461E-6	
-74,90000000E-3	30,32719473E-6	
-75,20000000E-3	30,46866409E-6	
-75,80000000E-3	30,60359021E-6	
-76,30000000E-3	30,74449256E-6	
-76,80000000E-3	30,88240891E-6	
-77,20000000E-3	31,02419369E-6	
-77,70000000E-3	31,16473160E-6	
-78,40000000E-3	31,29343122E-6	
-78,80000000E-3	31,44226486E-6	
-79,30000000E-3	31,58275876E-6	
-79,70000000E-3	31,71894052E-6	
-80,20000000E-3	31,85883894E-6	
-80,70000000E-3	31,98936838E-6	
-81,30000000E-3	32,13433239E-6	
-81,80000000E-3	32,27108346E-6	
-82,20000000E-3	32,41410400E-6	
-82,70000000E-3	32,54887358E-6	
-83,10000000E-3	32,69079877E-6	
-83,80000000E-3	32,82594167E-6	
-84,30000000E-3	32,95965930E-6	
-84,70000000E-3	33,09425675E-6	
-85,20000000E-3	33,23461627E-6	
-85,60000000E-3	33,37369226E-6	
-86,20000000E-3	33,51192198E-6	
-86,80000000E-3	33,64812502E-6	
-87,30000000E-3	33,79407599E-6	
-87,70000000E-3	33,93416139E-6	
-88,20000000E-3	34,07670628E-6	
-88,60000000E-3	34,20829309E-6	
-89,10000000E-3	34,34485936E-6	
-89,80000000E-3	34,49104152E-6	
-90,20000000E-3	34,62928787E-6	
-90,70000000E-3	34,76608686E-6	
-91,10000000E-3	34,91197789E-6	
-91,60000000E-3	35,05290754E-6	
-92,30000000E-3	35,19211930E-6	
-92,70000000E-3	35,32922118E-6	
-93,20000000E-3	35,47118340E-6	
-93,60000000E-3	35,60820627E-6	
-94,10000000E-3	35,74861186E-6	
-94,60000000E-3	35,89258121E-6	
-95,20000000E-3	36,03114504E-6	
-95,70000000E-3	36,18036509E-6	
-96,10000000E-3	36,32155735E-6	
-96,60000000E-3	36,46164639E-6	
-97,10000000E-3	36,60319806E-6	
-97,70000000E-3	36,75049031E-6	
-98,20000000E-3	36,88411015E-6	
-98,60000000E-3	37,03452814E-6	
-99,10000000E-3	37,17705644E-6	
-99,50000000E-3	37,32300223E-6	
-100,10000000E-3	37,46746237E-6	
-100,70000000E-3	37,60708182E-6	
-101,20000000E-3	37,75881491E-6	
-101,60000000E-3	37,90194993E-6	
-102,10000000E-3	38,04168650E-6	
-102,50000000E-3	38,18788129E-6	
-103,20000000E-3	38,33582877E-6	
-103,70000000E-3	38,48243140E-6	
-104,10000000E-3	38,62820261E-6	
-104,50000000E-3	38,76756465E-6	
-105,00000000E-3	38,92012692E-6	
-105,60000000E-3	39,06820857E-6	
-106,10000000E-3	39,21028646E-6	
-106,60000000E-3	39,35446465E-6	
-107,10000000E-3	39,49843639E-6	
-107,50000000E-3	39,64762887E-6	
-108,00000000E-3	39,79777990E-6	
-108,50000000E-3	39,93802761E-6	
-109,10000000E-3	40,08658580E-6	
-109,60000000E-3	40,24074139E-6	
-110,10000000E-3	40,38619927E-6	
-110,50000000E-3	40,53002669E-6	
-111,00000000E-3	40,67418019E-6	
-111,60000000E-3	40,82049407E-6	
-112,10000000E-3	40,96537871E-6	
-112,60000000E-3	41,11559825E-6	
-113,00000000E-3	41,26533894E-6	
-113,40000000E-3	41,41563841E-6	
-114,00000000E-3	41,56377899E-6	
-114,60000000E-3	41,71520039E-6	
-115,10000000E-3	41,86245486E-6	
-115,30000000E-3	42,00111092E-6	
-115,90000000E-3	42,14913662E-6	
-116,40000000E-3	42,29583258E-6	
-117,10000000E-3	42,43965415E-6	
-117,60000000E-3	42,59122524E-6	
-118,00000000E-3	42,74364856E-6	
-118,50000000E-3	42,89058474E-6	
-119,00000000E-3	43,04552294E-6	
-119,50000000E-3	43,19506102E-6	
-119,90000000E-3	43,34248921E-6	
-120,30000000E-3	43,48897340E-6	
-120,80000000E-3	43,63598435E-6	
-121,20000000E-3	43,79056704E-6	
-121,90000000E-3	43,93828734E-6	
-122,40000000E-3	44,07955750E-6	
-122,80000000E-3	44,22505084E-6	
-123,50000000E-3	44,37134319E-6	
-123,70000000E-3	44,51070802E-6	
-124,30000000E-3	44,67116653E-6	
-124,80000000E-3	44,82724589E-6	
-125,30000000E-3	44,97397962E-6	
-125,80000000E-3	45,11894915E-6	
-126,30000000E-3	45,26778111E-6	
-126,70000000E-3	45,41110196E-6	
-127,30000000E-3	45,55993516E-6	
-127,80000000E-3	45,71109130E-6	
-128,30000000E-3	45,86566063E-6	
-128,70000000E-3	46,01471050E-6	
-129,20000000E-3	46,15512011E-6	
-129,70000000E-3	46,30317208E-6	
-130,30000000E-3	46,45257201E-6	
-130,80000000E-3	46,60976521E-6	
-131,20000000E-3	46,75920132E-6	
-131,70000000E-3	46,91563588E-6	
-132,10000000E-3	47,05701873E-6	
-132,80000000E-3	47,19543021E-6	
-133,30000000E-3	47,34742806E-6	
-133,70000000E-3	47,50767829E-6	
-134,20000000E-3	47,65565289E-6	
-134,60000000E-3	47,79963894E-6	
-135,10000000E-3	47,95262235E-6	
-135,80000000E-3	48,09661997E-6	
-136,30000000E-3	48,25361005E-6	
-136,70000000E-3	48,40480217E-6	
-137,20000000E-3	48,55203994E-6	
-137,60000000E-3	48,70675791E-6	
-138,20000000E-3	48,84633049E-6	
-138,70000000E-3	49,00302008E-6	
-139,20000000E-3	49,15713883E-6	
-139,70000000E-3	49,30475163E-6	
-140,10000000E-3	49,46456953E-6	
-140,60000000E-3	49,60997284E-6	
-141,20000000E-3	49,75961599E-6	
-141,80000000E-3	49,91236584E-6	
-142,20000000E-3	50,06109260E-6	
-142,60000000E-3	50,20999768E-6	
-143,10000000E-3	50,36351304E-6	
-143,60000000E-3	50,51971299E-6	
-144,20000000E-3	50,66900718E-6	
-144,70000000E-3	50,81800600E-6	
-145,10000000E-3	50,96228023E-6	
-145,60000000E-3	51,10247687E-6	
-146,00000000E-3	51,25640153E-6	
-146,80000000E-3	51,40257957E-6	
-147,20000000E-3	51,55016583E-6	
-147,60000000E-3	51,70793781E-6	
-148,10000000E-3	51,85993043E-6	
-148,60000000E-3	52,01751570E-6	
-149,00000000E-3	52,16337683E-6	
-149,60000000E-3	52,31501897E-6	
-150,10000000E-3	52,45220732E-6	
