150,00000000E-3	-45,35479926E-6	
150,00000000E-3	-45,31615069E-6	
149,90000000E-3	-45,31804399E-6	
149,80000000E-3	-45,34871960E-6	
149,40000000E-3	-45,36403894E-6	
149,10000000E-3	-45,33996927E-6	
148,90000000E-3	-45,25044107E-6	
148,50000000E-3	-45,11321249E-6	
148,10000000E-3	-44,97889964E-6	
147,80000000E-3	-44,88532306E-6	
147,50000000E-3	-44,82249232E-6	
146,80000000E-3	-44,75369208E-6	
146,80000000E-3	-44,63478762E-6	
146,00000000E-3	-44,47028660E-6	
145,60000000E-3	-44,29797534E-6	
145,20000000E-3	-44,15638587E-6	
144,80000000E-3	-44,05160336E-6	
144,30000000E-3	-43,96207051E-6	
143,90000000E-3	-43,85565124E-6	
143,20000000E-3	-43,70054442E-6	
142,80000000E-3	-43,50942080E-6	
142,30000000E-3	-43,32598326E-6	
141,90000000E-3	-43,17498452E-6	
141,40000000E-3	-43,05559975E-6	
140,80000000E-3	-42,95471734E-6	
140,30000000E-3	-42,82341321E-6	
139,80000000E-3	-42,64068806E-6	
139,40000000E-3	-42,44932643E-6	
138,90000000E-3	-42,28157420E-6	
138,50000000E-3	-42,16920346E-6	
137,80000000E-3	-42,07679437E-6	
137,40000000E-3	-41,92359309E-6	
137,40000000E-3	-41,72397802E-6	
136,40000000E-3	-41,54897150E-6	
135,90000000E-3	-41,43126744E-6	
135,60000000E-3	-41,33268105E-6	
134,80000000E-3	-41,20033334E-6	
134,80000000E-3	-41,00437364E-6	
133,90000000E-3	-40,81276920E-6	
133,50000000E-3	-40,65266075E-6	
132,80000000E-3	-40,52693405E-6	
132,30000000E-3	-40,41610502E-6	
131,90000000E-3	-40,29131473E-6	
131,40000000E-3	-40,16643618E-6	
131,00000000E-3	-40,02557183E-6	
130,50000000E-3	-39,87079361E-6	
130,00000000E-3	-39,72334752E-6	
129,40000000E-3	-39,56341265E-6	
128,90000000E-3	-39,40877675E-6	
128,50000000E-3	-39,25934793E-6	
128,00000000E-3	-39,10745631E-6	
127,60000000E-3	-38,94009787E-6	
126,90000000E-3	-38,76041520E-6	
126,40000000E-3	-38,59362086E-6	
125,90000000E-3	-38,42902387E-6	
125,50000000E-3	-38,27196687E-6	
125,10000000E-3	-38,11706318E-6	
124,50000000E-3	-37,96310660E-6	
123,90000000E-3	-37,81575489E-6	
123,50000000E-3	-37,67815312E-6	
123,10000000E-3	-37,54284787E-6	
122,60000000E-3	-37,42006008E-6	
122,10000000E-3	-37,29682722E-6	
121,40000000E-3	-37,16847078E-6	
121,00000000E-3	-37,03061292E-6	
120,80000000E-3	-36,88231464E-6	
120,80000000E-3	-36,71855611E-6	
119,50000000E-3	-36,53640953E-6	
119,10000000E-3	-36,35908623E-6	
118,60000000E-3	-36,18430000E-6	
118,20000000E-3	-36,03131663E-6	
117,80000000E-3	-35,89064350E-6	
117,10000000E-3	-35,75674913E-6	
116,60000000E-3	-35,63507795E-6	
116,20000000E-3	-35,51224367E-6	
115,70000000E-3	-35,37733075E-6	
115,00000000E-3	-35,23051374E-6	
114,50000000E-3	-35,05666872E-6	
114,10000000E-3	-34,87467057E-6	
113,70000000E-3	-34,70732052E-6	
113,20000000E-3	-34,55036285E-6	
112,70000000E-3	-34,40901654E-6	
112,00000000E-3	-34,27214077E-6	
111,60000000E-3	-34,14502694E-6	
111,10000000E-3	-34,02105665E-6	
110,70000000E-3	-33,89055518E-6	
110,20000000E-3	-33,74052778E-6	
109,70000000E-3	-33,57137921E-6	
109,50000000E-3	-33,39326534E-6	
108,70000000E-3	-33,22022953E-6	
108,30000000E-3	-33,06716461E-6	
107,70000000E-3	-32,94449425E-6	
107,30000000E-3	-32,83100990E-6	
106,60000000E-3	-32,70681194E-6	
106,20000000E-3	-32,56605096E-6	
105,70000000E-3	-32,40413759E-6	
105,50000000E-3	-32,23022064E-6	
104,90000000E-3	-32,05840173E-6	
104,40000000E-3	-31,90872468E-6	
103,80000000E-3	-31,78039922E-6	
103,50000000E-3	-31,67027127E-6	
102,70000000E-3	-31,54701388E-6	
102,30000000E-3	-31,41092644E-6	
102,10000000E-3	-31,26298962E-6	
101,10000000E-3	-31,10635719E-6	
100,70000000E-3	-30,95102811E-6	
100,20000000E-3	-30,79821981E-6	
99,80000000E-3	-30,64400018E-6	
99,30000000E-3	-30,49259904E-6	
98,80000000E-3	-30,34747743E-6	
98,40000000E-3	-30,20072488E-6	
97,90000000E-3	-30,06351237E-6	
97,40000000E-3	-29,92579390E-6	
96,70000000E-3	-29,79170602E-6	
96,70000000E-3	-29,65113364E-6	
96,10000000E-3	-29,51670752E-6	
95,40000000E-3	-29,37752646E-6	
94,90000000E-3	-29,24536553E-6	
94,40000000E-3	-29,11038692E-6	
93,90000000E-3	-28,97132956E-6	
93,30000000E-3	-28,83425228E-6	
93,30000000E-3	-28,70384341E-6	
92,30000000E-3	-28,58047821E-6	
91,80000000E-3	-28,45555026E-6	
91,80000000E-3	-28,33130180E-6	
90,90000000E-3	-28,19914852E-6	
90,40000000E-3	-28,06435924E-6	
90,20000000E-3	-27,93723456E-6	
90,20000000E-3	-27,80790036E-6	
89,00000000E-3	-27,68179064E-6	
88,50000000E-3	-27,55707502E-6	
87,90000000E-3	-27,44789403E-6	
87,40000000E-3	-27,33711006E-6	
87,00000000E-3	-27,22268211E-6	
86,30000000E-3	-27,10624459E-6	
85,80000000E-3	-26,99613272E-6	
85,40000000E-3	-26,88977834E-6	
84,90000000E-3	-26,78655489E-6	
84,40000000E-3	-26,68813744E-6	
84,40000000E-3	-26,59144442E-6	
83,60000000E-3	-26,49203957E-6	
82,90000000E-3	-26,38926528E-6	
82,50000000E-3	-26,27632262E-6	
82,00000000E-3	-26,16010846E-6	
81,40000000E-3	-26,03642242E-6	
81,10000000E-3	-25,91171159E-6	
81,10000000E-3	-25,79187716E-6	
80,30000000E-3	-25,68387512E-6	
79,30000000E-3	-25,58725936E-6	
78,90000000E-3	-25,49422357E-6	
78,90000000E-3	-25,40544266E-6	
78,00000000E-3	-25,32204287E-6	
77,50000000E-3	-25,23744069E-6	
77,30000000E-3	-25,15372243E-6	
77,30000000E-3	-25,07030062E-6	
75,90000000E-3	-24,97412030E-6	
75,90000000E-3	-24,86449629E-6	
75,00000000E-3	-24,75729686E-6	
74,50000000E-3	-24,64786478E-6	
74,30000000E-3	-24,54974778E-6	
73,70000000E-3	-24,45909685E-6	
72,90000000E-3	-24,37755178E-6	
72,50000000E-3	-24,30561245E-6	
72,00000000E-3	-24,24008563E-6	
71,50000000E-3	-24,16060548E-6	
71,30000000E-3	-24,05296675E-6	
70,50000000E-3	-23,94098374E-6	
70,00000000E-3	-23,83920417E-6	
69,50000000E-3	-23,75628348E-6	
69,10000000E-3	-23,68678826E-6	
68,80000000E-3	-23,62063106E-6	
68,00000000E-3	-23,55040481E-6	
67,60000000E-3	-23,46895595E-6	
67,10000000E-3	-23,38082502E-6	
66,70000000E-3	-23,27921351E-6	
66,20000000E-3	-23,17366457E-6	
65,60000000E-3	-23,07626429E-6	
65,10000000E-3	-22,98891658E-6	
64,50000000E-3	-22,90359347E-6	
64,00000000E-3	-22,82626005E-6	
63,70000000E-3	-22,75322764E-6	
63,70000000E-3	-22,66006490E-6	
62,60000000E-3	-22,56520918E-6	
62,10000000E-3	-22,45689289E-6	
61,70000000E-3	-22,34600743E-6	
61,00000000E-3	-22,22723445E-6	
60,50000000E-3	-22,09583997E-6	
60,00000000E-3	-21,95764910E-6	
59,50000000E-3	-21,79559150E-6	
59,10000000E-3	-21,64924714E-6	
58,70000000E-3	-21,51519088E-6	
58,10000000E-3	-21,38049681E-6	
57,50000000E-3	-21,23514032E-6	
57,30000000E-3	-21,07141043E-6	
56,80000000E-3	-20,87847293E-6	
56,20000000E-3	-20,67406444E-6	
55,80000000E-3	-20,45507501E-6	
55,10000000E-3	-20,23431171E-6	
54,60000000E-3	-19,98815846E-6	
54,10000000E-3	-19,74563076E-6	
53,60000000E-3	-19,51614323E-6	
53,20000000E-3	-19,28582154E-6	
52,80000000E-3	-19,04542815E-6	
52,10000000E-3	-18,75586087E-6	
52,10000000E-3	-18,45312136E-6	
51,10000000E-3	-18,15156529E-6	
50,70000000E-3	-17,83915404E-6	
50,30000000E-3	-17,52412500E-6	
50,00000000E-3	-17,19878729E-6	
49,40000000E-3	-16,89733904E-6	
48,80000000E-3	-16,59891884E-6	
48,30000000E-3	-16,30293920E-6	
47,70000000E-3	-15,98341536E-6	
47,20000000E-3	-15,67132827E-6	
46,70000000E-3	-15,33409432E-6	
46,30000000E-3	-15,02781475E-6	
45,80000000E-3	-14,74379466E-6	
45,30000000E-3	-14,47477164E-6	
44,70000000E-3	-14,20923680E-6	
44,20000000E-3	-13,94034421E-6	
43,70000000E-3	-13,68066851E-6	
43,30000000E-3	-13,44494954E-6	
43,10000000E-3	-13,23695145E-6	
42,40000000E-3	-13,01237076E-6	
41,70000000E-3	-12,79177153E-6	
41,40000000E-3	-12,60119866E-6	
40,80000000E-3	-12,43334881E-6	
40,30000000E-3	-12,26889828E-6	
39,60000000E-3	-12,10005470E-6	
39,20000000E-3	-11,92223992E-6	
38,70000000E-3	-11,77458756E-6	
38,30000000E-3	-11,64855280E-6	
37,80000000E-3	-11,52065027E-6	
37,40000000E-3	-11,37498967E-6	
36,70000000E-3	-11,24633859E-6	
36,20000000E-3	-11,13925083E-6	
35,80000000E-3	-11,01603270E-6	
35,40000000E-3	-10,88794247E-6	
34,70000000E-3	-10,77396379E-6	
34,40000000E-3	-10,66528983E-6	
33,80000000E-3	-10,53606882E-6	
33,40000000E-3	-10,40272645E-6	
33,10000000E-3	-10,26757328E-6	
32,40000000E-3	-10,15178398E-6	
32,00000000E-3	-10,03597117E-6	
31,30000000E-3	-9,90689677E-6	
30,80000000E-3	-9,76021758E-6	
30,40000000E-3	-9,61873979E-6	
29,90000000E-3	-9,48549717E-6	
29,30000000E-3	-9,36022596E-6	
28,80000000E-3	-9,22968506E-6	
28,30000000E-3	-9,08872432E-6	
27,90000000E-3	-8,94047633E-6	
27,40000000E-3	-8,77204777E-6	
27,00000000E-3	-8,59076760E-6	
26,50000000E-3	-8,41714228E-6	
25,90000000E-3	-8,22627537E-6	
25,40000000E-3	-8,02838062E-6	
24,90000000E-3	-7,84152345E-6	
24,50000000E-3	-7,63453599E-6	
24,00000000E-3	-7,42998050E-6	
23,50000000E-3	-7,21722536E-6	
22,90000000E-3	-6,99430120E-6	
22,30000000E-3	-6,77651009E-6	
21,90000000E-3	-6,55606685E-6	
21,50000000E-3	-6,32372045E-6	
20,90000000E-3	-6,09380157E-6	
20,50000000E-3	-5,87234855E-6	
19,80000000E-3	-5,63675404E-6	
19,30000000E-3	-5,38825396E-6	
19,30000000E-3	-5,14739855E-6	
18,50000000E-3	-4,92549550E-6	
18,00000000E-3	-4,69783586E-6	
17,60000000E-3	-4,46203105E-6	
17,10000000E-3	-4,22639872E-6	
16,40000000E-3	-3,99808461E-6	
16,00000000E-3	-3,78400024E-6	
15,50000000E-3	-3,55751248E-6	
15,10000000E-3	-3,34311647E-6	
14,60000000E-3	-3,14386358E-6	
14,00000000E-3	-2,94690335E-6	
13,40000000E-3	-2,75943478E-6	
13,00000000E-3	-2,57524479E-6	
12,50000000E-3	-2,40903237E-6	
12,00000000E-3	-2,24197219E-6	
11,60000000E-3	-2,09299276E-6	
10,90000000E-3	-1,94392635E-6	
10,50000000E-3	-1,80140421E-6	
10,00000000E-3	-1,66892195E-6	
9,60000000E-3	-1,54141456E-6	
9,10000000E-3	-1,42045797E-6	
8,50000000E-3	-1,29404864E-6	
8,00000000E-3	-1,18470028E-6	
7,50000000E-3	-1,07199964E-6	
7,10000000E-3	-967,11504514E-9	
6,60000000E-3	-869,87936906E-9	
6,10000000E-3	-769,31921878E-9	
5,50000000E-3	-668,52266246E-9	
5,00000000E-3	-570,48539102E-9	
4,60000000E-3	-469,25313414E-9	
4,10000000E-3	-361,96640602E-9	
3,70000000E-3	-253,27552017E-9	
3,20000000E-3	-146,64225221E-9	
2,50000000E-3	-22,30750502E-9	
2,00000000E-3	106,03415719E-9	
1,50000000E-3	233,08066149E-9	
1,00000000E-3	361,54326665E-9	
600,00000000E-6	494,41849131E-9	
-100,00000000E-6	631,13858397E-9	
-600,00000000E-6	775,88623424E-9	
-1,10000000E-3	924,90325025E-9	
-1,60000000E-3	1,08343773E-6	
-2,00000000E-3	1,23913959E-6	
-2,40000000E-3	1,39835149E-6	
-3,20000000E-3	1,55942770E-6	
-3,60000000E-3	1,71846006E-6	
-4,10000000E-3	1,87178782E-6	
-4,50000000E-3	2,03699403E-6	
-5,00000000E-3	2,21006112E-6	
-5,50000000E-3	2,37877814E-6	
-6,10000000E-3	2,55197129E-6	
-6,60000000E-3	2,72945572E-6	
-7,00000000E-3	2,89912035E-6	
-7,50000000E-3	3,08890989E-6	
-7,90000000E-3	3,26414590E-6	
-8,60000000E-3	3,43009740E-6	
-9,10000000E-3	3,59471697E-6	
-9,50000000E-3	3,76338649E-6	
-10,00000000E-3	3,94117580E-6	
-10,40000000E-3	4,11403456E-6	
-10,90000000E-3	4,28512686E-6	
-11,60000000E-3	4,44723588E-6	
-12,10000000E-3	4,61026099E-6	
-12,50000000E-3	4,76129547E-6	
-13,00000000E-3	4,90154496E-6	
-13,40000000E-3	5,03984629E-6	
-14,00000000E-3	5,17797700E-6	
-14,50000000E-3	5,32773067E-6	
-15,00000000E-3	5,46716249E-6	
-15,50000000E-3	5,60361427E-6	
-16,00000000E-3	5,74038929E-6	
-16,40000000E-3	5,86909973E-6	
-16,80000000E-3	5,98747838E-6	
-17,50000000E-3	6,10565779E-6	
-17,80000000E-3	6,22373956E-6	
-18,20000000E-3	6,35243537E-6	
-18,90000000E-3	6,48352384E-6	
-19,50000000E-3	6,61409659E-6	
-20,10000000E-3	6,74031616E-6	
-20,50000000E-3	6,87010412E-6	
-20,90000000E-3	7,00054916E-6	
-21,40000000E-3	7,12975198E-6	
-21,90000000E-3	7,26986936E-6	
-22,30000000E-3	7,41407404E-6	
-22,80000000E-3	7,56430495E-6	
-23,20000000E-3	7,72161944E-6	
-23,80000000E-3	7,90153046E-6	
-24,40000000E-3	8,08403353E-6	
-25,00000000E-3	8,27704365E-6	
-25,30000000E-3	8,47052560E-6	
-25,70000000E-3	8,67827376E-6	
-26,20000000E-3	8,90016183E-6	
-26,90000000E-3	9,12578037E-6	
-27,40000000E-3	9,36207984E-6	
-27,80000000E-3	9,61199229E-6	
-28,20000000E-3	9,87140798E-6	
-28,70000000E-3	10,14375058E-6	
-29,20000000E-3	10,44224113E-6	
-29,80000000E-3	10,74854814E-6	
-30,30000000E-3	11,05928352E-6	
-30,70000000E-3	11,37920320E-6	
-31,20000000E-3	11,72560187E-6	
-31,70000000E-3	12,06182596E-6	
-32,10000000E-3	12,40471997E-6	
-32,80000000E-3	12,75953688E-6	
-33,30000000E-3	13,10210864E-6	
-33,70000000E-3	13,45902607E-6	
-34,20000000E-3	13,80643279E-6	
-34,60000000E-3	14,16924836E-6	
-35,30000000E-3	14,51673614E-6	
-35,80000000E-3	14,90479236E-6	
-36,30000000E-3	15,27335034E-6	
-36,70000000E-3	15,67157381E-6	
-37,20000000E-3	16,06443494E-6	
-37,80000000E-3	16,45424379E-6	
-38,30000000E-3	16,84094941E-6	
-38,70000000E-3	17,23217073E-6	
-39,20000000E-3	17,63357153E-6	
-39,70000000E-3	18,06702827E-6	
-40,10000000E-3	18,50090907E-6	
-40,80000000E-3	18,93703596E-6	
-41,30000000E-3	19,37555632E-6	
-41,70000000E-3	19,79707126E-6	
-42,20000000E-3	20,24823950E-6	
-42,60000000E-3	20,66712712E-6	
-43,20000000E-3	21,08106416E-6	
-43,70000000E-3	21,53543799E-6	
-44,20000000E-3	22,00043382E-6	
-44,70000000E-3	22,43802319E-6	
-45,20000000E-3	22,87447381E-6	
-45,60000000E-3	23,31444166E-6	
-46,20000000E-3	23,75614777E-6	
-46,80000000E-3	24,19004934E-6	
-47,20000000E-3	24,59339947E-6	
-47,70000000E-3	24,96920298E-6	
-48,20000000E-3	25,34897351E-6	
-48,60000000E-3	25,71811624E-6	
-49,30000000E-3	26,07003984E-6	
-49,70000000E-3	26,39199241E-6	
-50,20000000E-3	26,67954000E-6	
-50,60000000E-3	26,97478695E-6	
-51,00000000E-3	27,24684329E-6	
-51,60000000E-3	27,49619906E-6	
-52,20000000E-3	27,69205068E-6	
-52,70000000E-3	27,89212334E-6	
-53,10000000E-3	28,09055321E-6	
-53,60000000E-3	28,24623082E-6	
-54,20000000E-3	28,36713731E-6	
-54,70000000E-3	28,48960682E-6	
-55,20000000E-3	28,61193452E-6	
-55,60000000E-3	28,70149367E-6	
-56,10000000E-3	28,76665098E-6	
-56,50000000E-3	28,82601551E-6	
-57,20000000E-3	28,89920592E-6	
-57,70000000E-3	28,95866881E-6	
-58,10000000E-3	28,99166476E-6	
-58,60000000E-3	29,01570960E-6	
-59,00000000E-3	29,06215694E-6	
-59,60000000E-3	29,11098236E-6	
-60,10000000E-3	29,14069100E-6	
-60,60000000E-3	29,15505649E-6	
-61,10000000E-3	29,18448588E-6	
-61,50000000E-3	29,22933059E-6	
-62,00000000E-3	29,28422463E-6	
-62,60000000E-3	29,32907520E-6	
-63,10000000E-3	29,35975745E-6	
-63,60000000E-3	29,39963944E-6	
-64,00000000E-3	29,44808145E-6	
-64,50000000E-3	29,50855960E-6	
-65,00000000E-3	29,58166416E-6	
-65,50000000E-3	29,64617742E-6	
-66,10000000E-3	29,69789049E-6	
-66,60000000E-3	29,74879797E-6	
-67,00000000E-3	29,80675666E-6	
-67,50000000E-3	29,87090576E-6	
-68,10000000E-3	29,94829343E-6	
-68,60000000E-3	30,02606901E-6	
-69,10000000E-3	30,10170180E-6	
-69,30000000E-3	30,17649644E-6	
-69,90000000E-3	30,25250321E-6	
-70,40000000E-3	30,32218200E-6	
-70,90000000E-3	30,38338940E-6	
-71,30000000E-3	30,45099729E-6	
-71,80000000E-3	30,52467148E-6	
-72,50000000E-3	30,59957048E-6	
-72,90000000E-3	30,67249676E-6	
-73,40000000E-3	30,74497131E-6	
-73,80000000E-3	30,81918976E-6	
-74,30000000E-3	30,89910702E-6	
-74,70000000E-3	30,97522798E-6	
-75,40000000E-3	31,06445130E-6	
-75,90000000E-3	31,14428260E-6	
-76,30000000E-3	31,22546573E-6	
-76,80000000E-3	31,31457915E-6	
-77,30000000E-3	31,38925072E-6	
-77,80000000E-3	31,45648707E-6	
-78,40000000E-3	31,52819525E-6	
-78,90000000E-3	31,59792954E-6	
-79,30000000E-3	31,66523216E-6	
-79,80000000E-3	31,74105004E-6	
-80,20000000E-3	31,81471297E-6	
-80,90000000E-3	31,89904632E-6	
-81,40000000E-3	31,97738145E-6	
-81,80000000E-3	32,04947145E-6	
-82,30000000E-3	32,12594836E-6	
-82,70000000E-3	32,21086941E-6	
-83,20000000E-3	32,29623453E-6	
-83,90000000E-3	32,37586728E-6	
-84,40000000E-3	32,46070111E-6	
-84,80000000E-3	32,55156298E-6	
-85,20000000E-3	32,64534839E-6	
-85,70000000E-3	32,73409074E-6	
-86,20000000E-3	32,82339678E-6	
-86,90000000E-3	32,90534652E-6	
-87,30000000E-3	32,99608616E-6	
-87,70000000E-3	33,08337749E-6	
-88,20000000E-3	33,17655829E-6	
-88,70000000E-3	33,27672003E-6	
-89,30000000E-3	33,37672673E-6	
-89,80000000E-3	33,48468237E-6	
-90,20000000E-3	33,58583199E-6	
-90,70000000E-3	33,68443403E-6	
-91,20000000E-3	33,80063323E-6	
-91,70000000E-3	33,91321303E-6	
-92,30000000E-3	34,02956031E-6	
-92,80000000E-3	34,14894924E-6	
-93,20000000E-3	34,26414000E-6	
-93,70000000E-3	34,37621699E-6	
-94,10000000E-3	34,48576105E-6	
-94,80000000E-3	34,59499152E-6	
-95,30000000E-3	34,69653438E-6	
-95,70000000E-3	34,79982268E-6	
-96,20000000E-3	34,91700218E-6	
-96,70000000E-3	35,03468091E-6	
-97,10000000E-3	35,16365683E-6	
-97,80000000E-3	35,29692532E-6	
-98,30000000E-3	35,44230480E-6	
-98,70000000E-3	35,58015028E-6	
-99,20000000E-3	35,70758017E-6	
-99,60000000E-3	35,82886822E-6	
-100,10000000E-3	35,95494912E-6	
-100,80000000E-3	36,08296280E-6	
-101,20000000E-3	36,21053247E-6	
-101,70000000E-3	36,34346513E-6	
-102,20000000E-3	36,47340489E-6	
-102,60000000E-3	36,61330591E-6	
-103,10000000E-3	36,74915707E-6	
-103,80000000E-3	36,87869278E-6	
-104,20000000E-3	37,00888764E-6	
-104,70000000E-3	37,15377700E-6	
-105,20000000E-3	37,32019992E-6	
-105,60000000E-3	37,47677418E-6	
-106,10000000E-3	37,61662575E-6	
-106,80000000E-3	37,73661476E-6	
-107,30000000E-3	37,86146028E-6	
-107,70000000E-3	38,01269796E-6	
-108,10000000E-3	38,16648713E-6	
-108,60000000E-3	38,31105463E-6	
-109,10000000E-3	38,43356419E-6	
-109,80000000E-3	38,56638481E-6	
-110,30000000E-3	38,73571228E-6	
-110,60000000E-3	38,88474267E-6	
-111,30000000E-3	39,01040753E-6	
-111,70000000E-3	39,15834702E-6	
-112,20000000E-3	39,32099674E-6	
-112,70000000E-3	39,44602574E-6	
-113,10000000E-3	39,57912689E-6	
-113,60000000E-3	39,74637262E-6	
-114,10000000E-3	39,89969428E-6	
-114,70000000E-3	40,02613737E-6	
-114,90000000E-3	40,16712994E-6	
-115,60000000E-3	40,34052688E-6	
-116,10000000E-3	40,50706238E-6	
-116,60000000E-3	40,63754749E-6	
-117,00000000E-3	40,76072872E-6	
-117,50000000E-3	40,90056390E-6	
-117,90000000E-3	41,06107689E-6	
-118,40000000E-3	41,23243190E-6	
-119,00000000E-3	41,39935820E-6	
-119,50000000E-3	41,54687140E-6	
-120,10000000E-3	41,68900343E-6	
-120,70000000E-3	41,82613662E-6	
-121,20000000E-3	41,95573394E-6	
-121,30000000E-3	42,08662480E-6	
-121,80000000E-3	42,24053893E-6	
-122,50000000E-3	42,39395559E-6	
-122,90000000E-3	42,54453689E-6	
-123,40000000E-3	42,71084455E-6	
-123,90000000E-3	42,86748993E-6	
-124,40000000E-3	43,02433607E-6	
-124,80000000E-3	43,18483769E-6	
-125,50000000E-3	43,33789438E-6	
-125,90000000E-3	43,48897804E-6	
-126,40000000E-3	43,64428437E-6	
-126,90000000E-3	43,79198923E-6	
-127,30000000E-3	43,95028475E-6	
-127,80000000E-3	44,10175389E-6	
-128,50000000E-3	44,25229355E-6	
-129,00000000E-3	44,39343084E-6	
-129,40000000E-3	44,53481659E-6	
-129,80000000E-3	44,66479121E-6	
-130,30000000E-3	44,80879808E-6	
-130,80000000E-3	44,94712626E-6	
-131,50000000E-3	45,10581534E-6	
-132,00000000E-3	45,27681689E-6	
-132,40000000E-3	45,44600605E-6	
-132,80000000E-3	45,61614046E-6	
-133,30000000E-3	45,77303474E-6	
-133,80000000E-3	45,90386364E-6	
-134,40000000E-3	46,02460882E-6	
-134,90000000E-3	46,16185542E-6	
-135,30000000E-3	46,32659779E-6	
-135,80000000E-3	46,50321550E-6	
-136,30000000E-3	46,65534301E-6	
-136,80000000E-3	46,78642394E-6	
-137,40000000E-3	46,92316081E-6	
-137,90000000E-3	47,07266721E-6	
-138,30000000E-3	47,23677722E-6	
-138,80000000E-3	47,40591143E-6	
-139,30000000E-3	47,57098520E-6	
-139,80000000E-3	47,72230860E-6	
-140,40000000E-3	47,85700839E-6	
-140,90000000E-3	47,98323463E-6	
-141,30000000E-3	48,12689587E-6	
-141,80000000E-3	48,31074326E-6	
-142,30000000E-3	48,49316237E-6	
-142,70000000E-3	48,64637029E-6	
-143,40000000E-3	48,77213443E-6	
-143,90000000E-3	48,89798247E-6	
-144,30000000E-3	49,04299753E-6	
-144,80000000E-3	49,20911830E-6	
-145,30000000E-3	49,40033711E-6	
-145,80000000E-3	49,56301438E-6	
-146,40000000E-3	49,68511211E-6	
-146,80000000E-3	49,81576287E-6	
-147,30000000E-3	49,97399259E-6	
-147,80000000E-3	50,15675156E-6	
-148,20000000E-3	50,31675041E-6	
-148,70000000E-3	50,44259019E-6	
-149,30000000E-3	50,57428468E-6	
-149,80000000E-3	50,72125463E-6	
-150,20000000E-3	50,90247161E-6	
