150,00000000E-3	-45,39266483E-6	
150,00000000E-3	-45,36073442E-6	
150,00000000E-3	-45,34682511E-6	
149,90000000E-3	-45,33266556E-6	
149,70000000E-3	-45,31931527E-6	
149,40000000E-3	-45,28716007E-6	
149,10000000E-3	-45,25196301E-6	
148,90000000E-3	-45,20051615E-6	
148,50000000E-3	-45,14679587E-6	
148,10000000E-3	-45,08677766E-6	
147,70000000E-3	-45,00350411E-6	
147,20000000E-3	-44,89797344E-6	
147,10000000E-3	-44,77632992E-6	
146,40000000E-3	-44,64373117E-6	
146,20000000E-3	-44,50159879E-6	
145,50000000E-3	-44,34475401E-6	
145,10000000E-3	-44,19373823E-6	
144,80000000E-3	-44,04740509E-6	
144,50000000E-3	-43,91331608E-6	
143,60000000E-3	-43,76834894E-6	
143,40000000E-3	-43,62611202E-6	
142,90000000E-3	-43,49368598E-6	
142,20000000E-3	-43,36729840E-6	
141,90000000E-3	-43,23962897E-6	
141,30000000E-3	-43,11242504E-6	
141,00000000E-3	-42,99008165E-6	
140,10000000E-3	-42,85345439E-6	
140,00000000E-3	-42,70236080E-6	
139,40000000E-3	-42,52486608E-6	
138,80000000E-3	-42,33356667E-6	
138,30000000E-3	-42,16368952E-6	
137,80000000E-3	-42,03365243E-6	
137,50000000E-3	-41,92437532E-6	
137,00000000E-3	-41,79991026E-6	
136,50000000E-3	-41,65330188E-6	
135,80000000E-3	-41,46886833E-6	
135,30000000E-3	-41,29174878E-6	
134,90000000E-3	-41,15993784E-6	
134,40000000E-3	-41,05500274E-6	
134,00000000E-3	-40,91041363E-6	
133,50000000E-3	-40,70658239E-6	
133,00000000E-3	-40,54897783E-6	
132,80000000E-3	-40,44257684E-6	
131,90000000E-3	-40,31015030E-6	
131,50000000E-3	-40,12944507E-6	
130,80000000E-3	-39,95382980E-6	
130,40000000E-3	-39,82814701E-6	
130,10000000E-3	-39,71987041E-6	
129,30000000E-3	-39,56379350E-6	
128,90000000E-3	-39,36262153E-6	
128,40000000E-3	-39,19641187E-6	
127,90000000E-3	-39,08543079E-6	
127,40000000E-3	-38,97202556E-6	
126,90000000E-3	-38,81786408E-6	
126,40000000E-3	-38,62451420E-6	
126,00000000E-3	-38,45076741E-6	
125,50000000E-3	-38,32059574E-6	
125,00000000E-3	-38,20986646E-6	
124,50000000E-3	-38,08996034E-6	
124,00000000E-3	-37,92226498E-6	
123,60000000E-3	-37,73618878E-6	
123,30000000E-3	-37,56587578E-6	
122,80000000E-3	-37,41919381E-6	
122,00000000E-3	-37,26834563E-6	
121,60000000E-3	-37,13709132E-6	
120,90000000E-3	-37,02312789E-6	
120,50000000E-3	-36,90432121E-6	
120,00000000E-3	-36,75294997E-6	
119,60000000E-3	-36,58827673E-6	
119,00000000E-3	-36,41771990E-6	
118,50000000E-3	-36,25784742E-6	
118,50000000E-3	-36,10209093E-6	
117,60000000E-3	-35,93931045E-6	
117,40000000E-3	-35,77917135E-6	
116,80000000E-3	-35,62912423E-6	
116,00000000E-3	-35,47245462E-6	
115,50000000E-3	-35,32894632E-6	
115,00000000E-3	-35,19642985E-6	
114,50000000E-3	-35,06685581E-6	
114,00000000E-3	-34,93281703E-6	
114,00000000E-3	-34,79059110E-6	
113,50000000E-3	-34,64283231E-6	
112,90000000E-3	-34,49505263E-6	
112,50000000E-3	-34,33650539E-6	
111,60000000E-3	-34,17353849E-6	
111,10000000E-3	-34,01566141E-6	
110,50000000E-3	-33,85888461E-6	
109,90000000E-3	-33,70454390E-6	
109,70000000E-3	-33,55823349E-6	
109,20000000E-3	-33,40863051E-6	
108,70000000E-3	-33,26494754E-6	
108,50000000E-3	-33,12350493E-6	
107,60000000E-3	-32,98114894E-6	
107,50000000E-3	-32,85228023E-6	
106,60000000E-3	-32,71860387E-6	
106,20000000E-3	-32,59367010E-6	
105,70000000E-3	-32,46869813E-6	
105,20000000E-3	-32,34160846E-6	
104,70000000E-3	-32,18680488E-6	
104,20000000E-3	-32,01671470E-6	
103,70000000E-3	-31,84802407E-6	
103,30000000E-3	-31,68197575E-6	
102,70000000E-3	-31,54055045E-6	
102,30000000E-3	-31,42742464E-6	
101,70000000E-3	-31,31322886E-6	
101,10000000E-3	-31,17576148E-6	
100,60000000E-3	-31,01829151E-6	
100,10000000E-3	-30,84414255E-6	
99,60000000E-3	-30,70752196E-6	
99,20000000E-3	-30,59589702E-6	
98,70000000E-3	-30,47758795E-6	
98,20000000E-3	-30,33847813E-6	
97,70000000E-3	-30,16696521E-6	
97,30000000E-3	-30,00113030E-6	
96,70000000E-3	-29,89064284E-6	
96,20000000E-3	-29,79541146E-6	
95,80000000E-3	-29,66270206E-6	
95,30000000E-3	-29,49715363E-6	
94,70000000E-3	-29,33440871E-6	
94,20000000E-3	-29,19060665E-6	
93,70000000E-3	-29,06983711E-6	
93,10000000E-3	-28,95966650E-6	
92,70000000E-3	-28,85081303E-6	
92,20000000E-3	-28,72477384E-6	
91,70000000E-3	-28,58213264E-6	
91,20000000E-3	-28,43008790E-6	
90,70000000E-3	-28,27066167E-6	
90,20000000E-3	-28,13951930E-6	
89,80000000E-3	-28,02185150E-6	
89,30000000E-3	-27,91740174E-6	
88,80000000E-3	-27,80651521E-6	
88,30000000E-3	-27,69918524E-6	
87,80000000E-3	-27,58727512E-6	
87,40000000E-3	-27,46661196E-6	
86,80000000E-3	-27,34991798E-6	
86,40000000E-3	-27,22861206E-6	
85,90000000E-3	-27,10277403E-6	
85,70000000E-3	-26,98301617E-6	
84,80000000E-3	-26,87141998E-6	
84,30000000E-3	-26,75580367E-6	
83,70000000E-3	-26,64782040E-6	
83,20000000E-3	-26,54526235E-6	
83,00000000E-3	-26,43264129E-6	
82,30000000E-3	-26,31984660E-6	
81,70000000E-3	-26,21185910E-6	
81,30000000E-3	-26,10462596E-6	
80,80000000E-3	-26,00243218E-6	
80,50000000E-3	-25,88878524E-6	
79,90000000E-3	-25,78384961E-6	
79,50000000E-3	-25,68290504E-6	
79,00000000E-3	-25,57920226E-6	
78,50000000E-3	-25,46955194E-6	
78,00000000E-3	-25,36423756E-6	
77,50000000E-3	-25,26594458E-6	
77,00000000E-3	-25,15583845E-6	
76,70000000E-3	-25,05071222E-6	
75,90000000E-3	-24,94282336E-6	
75,90000000E-3	-24,84161405E-6	
75,00000000E-3	-24,73707226E-6	
74,40000000E-3	-24,63157874E-6	
74,20000000E-3	-24,53431652E-6	
73,50000000E-3	-24,43436673E-6	
73,00000000E-3	-24,33875532E-6	
72,80000000E-3	-24,23990573E-6	
72,00000000E-3	-24,14636535E-6	
71,40000000E-3	-24,04886883E-6	
70,90000000E-3	-23,95870636E-6	
70,70000000E-3	-23,86919648E-6	
70,10000000E-3	-23,77152501E-6	
69,50000000E-3	-23,67723411E-6	
69,00000000E-3	-23,58322508E-6	
68,50000000E-3	-23,49067766E-6	
68,00000000E-3	-23,40107896E-6	
67,50000000E-3	-23,30289927E-6	
67,10000000E-3	-23,21170328E-6	
66,60000000E-3	-23,12807741E-6	
66,10000000E-3	-23,04083767E-6	
65,50000000E-3	-22,94764601E-6	
65,00000000E-3	-22,85312360E-6	
64,90000000E-3	-22,75648433E-6	
64,10000000E-3	-22,65413394E-6	
63,50000000E-3	-22,56416128E-6	
63,00000000E-3	-22,45873155E-6	
62,60000000E-3	-22,34806404E-6	
62,10000000E-3	-22,23777764E-6	
61,60000000E-3	-22,11905192E-6	
61,10000000E-3	-21,98759535E-6	
60,60000000E-3	-21,84562609E-6	
60,10000000E-3	-21,70116015E-6	
59,60000000E-3	-21,54002440E-6	
59,10000000E-3	-21,38517964E-6	
58,60000000E-3	-21,21553443E-6	
58,10000000E-3	-21,06026952E-6	
57,60000000E-3	-20,90280669E-6	
57,40000000E-3	-20,73739382E-6	
56,60000000E-3	-20,55028368E-6	
56,40000000E-3	-20,35325761E-6	
55,60000000E-3	-20,15378398E-6	
55,00000000E-3	-19,94148526E-6	
54,50000000E-3	-19,71389388E-6	
54,00000000E-3	-19,48432981E-6	
53,50000000E-3	-19,24885592E-6	
53,00000000E-3	-19,00668870E-6	
52,50000000E-3	-18,74635979E-6	
52,00000000E-3	-18,47720030E-6	
51,50000000E-3	-18,21534393E-6	
51,00000000E-3	-17,93405719E-6	
50,50000000E-3	-17,63829787E-6	
50,10000000E-3	-17,35697584E-6	
49,50000000E-3	-17,05245504E-6	
49,10000000E-3	-16,76897346E-6	
48,50000000E-3	-16,48258338E-6	
48,10000000E-3	-16,19495972E-6	
47,60000000E-3	-15,88952365E-6	
47,10000000E-3	-15,59803582E-6	
46,60000000E-3	-15,31348219E-6	
46,10000000E-3	-15,03623513E-6	
45,60000000E-3	-14,76859303E-6	
45,10000000E-3	-14,50650112E-6	
44,60000000E-3	-14,25865526E-6	
44,10000000E-3	-14,03093043E-6	
43,60000000E-3	-13,78408126E-6	
43,10000000E-3	-13,55886302E-6	
42,60000000E-3	-13,32671451E-6	
42,10000000E-3	-13,11816142E-6	
41,60000000E-3	-12,90504960E-6	
41,10000000E-3	-12,70596252E-6	
40,60000000E-3	-12,51159348E-6	
40,30000000E-3	-12,33614535E-6	
39,80000000E-3	-12,15269698E-6	
39,30000000E-3	-11,99226164E-6	
38,80000000E-3	-11,84140477E-6	
38,30000000E-3	-11,70080566E-6	
37,90000000E-3	-11,56644034E-6	
37,30000000E-3	-11,41741759E-6	
36,90000000E-3	-11,27312517E-6	
36,30000000E-3	-11,13474004E-6	
35,90000000E-3	-10,99284497E-6	
35,60000000E-3	-10,85465974E-6	
34,80000000E-3	-10,72166625E-6	
34,30000000E-3	-10,58769880E-6	
33,80000000E-3	-10,45541004E-6	
33,30000000E-3	-10,32582831E-6	
33,30000000E-3	-10,19975127E-6	
32,40000000E-3	-10,06327134E-6	
31,80000000E-3	-9,93308470E-6	
31,40000000E-3	-9,79894587E-6	
31,10000000E-3	-9,65607034E-6	
30,30000000E-3	-9,51224454E-6	
29,80000000E-3	-9,35359667E-6	
29,40000000E-3	-9,19239404E-6	
28,80000000E-3	-9,03515394E-6	
28,40000000E-3	-8,87666247E-6	
27,90000000E-3	-8,71023422E-6	
27,40000000E-3	-8,54850314E-6	
26,90000000E-3	-8,38342587E-6	
26,40000000E-3	-8,21215974E-6	
25,90000000E-3	-8,02609966E-6	
25,40000000E-3	-7,83617420E-6	
24,90000000E-3	-7,64238505E-6	
24,40000000E-3	-7,44143165E-6	
24,00000000E-3	-7,23056906E-6	
23,40000000E-3	-7,01675039E-6	
22,80000000E-3	-6,80207611E-6	
22,30000000E-3	-6,58622090E-6	
21,80000000E-3	-6,36747122E-6	
21,60000000E-3	-6,15740463E-6	
20,80000000E-3	-5,93519964E-6	
20,30000000E-3	-5,70226293E-6	
19,80000000E-3	-5,47056614E-6	
19,40000000E-3	-5,25970269E-6	
18,80000000E-3	-5,04428002E-6	
18,40000000E-3	-4,83578129E-6	
17,80000000E-3	-4,60558899E-6	
17,40000000E-3	-4,37385604E-6	
16,90000000E-3	-4,14494902E-6	
16,40000000E-3	-3,92585049E-6	
15,80000000E-3	-3,72591705E-6	
15,40000000E-3	-3,51903366E-6	
14,90000000E-3	-3,31796851E-6	
14,40000000E-3	-3,12612798E-6	
14,10000000E-3	-2,94103807E-6	
13,60000000E-3	-2,75346745E-6	
12,90000000E-3	-2,56843751E-6	
12,60000000E-3	-2,39291072E-6	
12,10000000E-3	-2,23020816E-6	
11,40000000E-3	-2,08048260E-6	
10,90000000E-3	-1,93115743E-6	
10,40000000E-3	-1,77847395E-6	
9,90000000E-3	-1,64446261E-6	
9,70000000E-3	-1,51678506E-6	
9,20000000E-3	-1,39239621E-6	
8,70000000E-3	-1,27216807E-6	
8,20000000E-3	-1,15319998E-6	
7,70000000E-3	-1,03617270E-6	
7,20000000E-3	-923,49003750E-9	
6,70000000E-3	-813,98430766E-9	
6,20000000E-3	-707,52757297E-9	
5,50000000E-3	-604,74853540E-9	
5,20000000E-3	-492,62704821E-9	
4,70000000E-3	-377,13737463E-9	
4,00000000E-3	-262,95063088E-9	
3,50000000E-3	-151,35473120E-9	
3,10000000E-3	-33,34181809E-9	
2,50000000E-3	79,56272844E-9	
2,00000000E-3	199,69243193E-9	
1,50000000E-3	331,18158971E-9	
900,00000000E-6	464,58594019E-9	
400,00000000E-6	600,60991067E-9	
-100,00000000E-6	745,27063290E-9	
-500,00000000E-6	878,64609866E-9	
-1,10000000E-3	1,01725677E-6	
-1,60000000E-3	1,16385288E-6	
-2,00000000E-3	1,31896638E-6	
-2,60000000E-3	1,47409862E-6	
-3,10000000E-3	1,62302528E-6	
-3,60000000E-3	1,77079569E-6	
-4,10000000E-3	1,91684051E-6	
-4,50000000E-3	2,07581641E-6	
-5,10000000E-3	2,23861619E-6	
-5,50000000E-3	2,40398212E-6	
-6,10000000E-3	2,57092796E-6	
-6,60000000E-3	2,74216089E-6	
-7,10000000E-3	2,90807953E-6	
-7,50000000E-3	3,06893740E-6	
-8,00000000E-3	3,22995337E-6	
-8,50000000E-3	3,39705228E-6	
-9,10000000E-3	3,56398047E-6	
-9,50000000E-3	3,73016385E-6	
-10,10000000E-3	3,89844844E-6	
-10,50000000E-3	4,06430211E-6	
-11,10000000E-3	4,23262221E-6	
-11,50000000E-3	4,39940467E-6	
-12,00000000E-3	4,54804177E-6	
-12,50000000E-3	4,69334827E-6	
-12,80000000E-3	4,84393097E-6	
-13,50000000E-3	4,99305540E-6	
-14,00000000E-3	5,13406028E-6	
-14,50000000E-3	5,27495036E-6	
-15,10000000E-3	5,42772334E-6	
-15,50000000E-3	5,57194384E-6	
-16,00000000E-3	5,71214038E-6	
-16,30000000E-3	5,84462114E-6	
-16,80000000E-3	5,98409949E-6	
-17,30000000E-3	6,11496006E-6	
-17,80000000E-3	6,25638377E-6	
-18,30000000E-3	6,39304224E-6	
-19,00000000E-3	6,53257656E-6	
-19,20000000E-3	6,67090217E-6	
-20,00000000E-3	6,81497506E-6	
-20,50000000E-3	6,95496920E-6	
-20,80000000E-3	7,09857838E-6	
-21,20000000E-3	7,24966002E-6	
-21,70000000E-3	7,39979324E-6	
-22,20000000E-3	7,55707070E-6	
-22,70000000E-3	7,72531314E-6	
-23,20000000E-3	7,89507141E-6	
-23,70000000E-3	8,08466427E-6	
-24,20000000E-3	8,27543371E-6	
-24,70000000E-3	8,46336169E-6	
-25,20000000E-3	8,65507480E-6	
-25,70000000E-3	8,87827471E-6	
-26,20000000E-3	9,09630531E-6	
-26,70000000E-3	9,33444914E-6	
-27,30000000E-3	9,55865443E-6	
-27,80000000E-3	9,81378199E-6	
-28,40000000E-3	10,07778499E-6	
-28,80000000E-3	10,34302513E-6	
-29,30000000E-3	10,61738180E-6	
-29,80000000E-3	10,90169369E-6	
-30,30000000E-3	11,21004386E-6	
-30,70000000E-3	11,51322010E-6	
-31,20000000E-3	11,84533051E-6	
-31,70000000E-3	12,17135136E-6	
-32,30000000E-3	12,49761791E-6	
-32,90000000E-3	12,83189074E-6	
-33,40000000E-3	13,16070091E-6	
-33,80000000E-3	13,47954089E-6	
-34,20000000E-3	13,83902887E-6	
-34,70000000E-3	14,17974545E-6	
-35,20000000E-3	14,53195521E-6	
-35,70000000E-3	14,90391330E-6	
-36,20000000E-3	15,26852125E-6	
-36,70000000E-3	15,63952684E-6	
-37,40000000E-3	16,01648963E-6	
-37,80000000E-3	16,38984050E-6	
-38,30000000E-3	16,76331178E-6	
-38,70000000E-3	17,14510216E-6	
-39,20000000E-3	17,54277628E-6	
-39,70000000E-3	17,95901724E-6	
-40,20000000E-3	18,36782048E-6	
-40,80000000E-3	18,76668664E-6	
-41,30000000E-3	19,17413624E-6	
-41,80000000E-3	19,60176270E-6	
-42,20000000E-3	20,00997993E-6	
-42,60000000E-3	20,41532751E-6	
-43,30000000E-3	20,83316580E-6	
-43,80000000E-3	21,24828202E-6	
-44,30000000E-3	21,66453425E-6	
-44,60000000E-3	22,08254689E-6	
-45,10000000E-3	22,49476328E-6	
-45,70000000E-3	22,90904108E-6	
-46,30000000E-3	23,32093080E-6	
-46,70000000E-3	23,70418556E-6	
-47,20000000E-3	24,07450508E-6	
-47,70000000E-3	24,43868197E-6	
-48,10000000E-3	24,78949292E-6	
-48,80000000E-3	25,14125484E-6	
-49,20000000E-3	25,46537021E-6	
-49,70000000E-3	25,76248527E-6	
-50,20000000E-3	26,07694259E-6	
-50,60000000E-3	26,35648772E-6	
-51,20000000E-3	26,61525604E-6	
-51,80000000E-3	26,86915395E-6	
-52,20000000E-3	27,10271406E-6	
-52,70000000E-3	27,30605444E-6	
-53,10000000E-3	27,49722057E-6	
-53,60000000E-3	27,66357312E-6	
-54,20000000E-3	27,81822276E-6	
-54,80000000E-3	27,96078522E-6	
-55,20000000E-3	28,10114971E-6	
-55,70000000E-3	28,22670245E-6	
-56,10000000E-3	28,33570317E-6	
-56,50000000E-3	28,41540875E-6	
-57,20000000E-3	28,49667493E-6	
-57,70000000E-3	28,58633017E-6	
-58,10000000E-3	28,67771721E-6	
-58,60000000E-3	28,74731980E-6	
-59,10000000E-3	28,79572683E-6	
-59,70000000E-3	28,84811666E-6	
-60,20000000E-3	28,90687719E-6	
-60,60000000E-3	28,97464510E-6	
-61,10000000E-3	29,04022887E-6	
-61,60000000E-3	29,09359969E-6	
-62,10000000E-3	29,13699070E-6	
-62,70000000E-3	29,19786093E-6	
-63,20000000E-3	29,27701996E-6	
-63,60000000E-3	29,34970934E-6	
-64,10000000E-3	29,39966293E-6	
-64,50000000E-3	29,44973297E-6	
-65,00000000E-3	29,53104858E-6	
-65,40000000E-3	29,60655568E-6	
-65,90000000E-3	29,66230060E-6	
-66,40000000E-3	29,73427581E-6	
-67,00000000E-3	29,82125154E-6	
-67,50000000E-3	29,88016151E-6	
-68,20000000E-3	29,94810261E-6	
-68,40000000E-3	30,03935152E-6	
-68,90000000E-3	30,11552325E-6	
-69,40000000E-3	30,17292289E-6	
-70,00000000E-3	30,25095621E-6	
-70,50000000E-3	30,34473265E-6	
-71,00000000E-3	30,42553267E-6	
-71,40000000E-3	30,48362635E-6	
-71,80000000E-3	30,56586717E-6	
-72,30000000E-3	30,66094065E-6	
-73,00000000E-3	30,72738915E-6	
-73,50000000E-3	30,80288286E-6	
-73,90000000E-3	30,90416278E-6	
-74,30000000E-3	30,98294187E-6	
-74,80000000E-3	31,04650364E-6	
-75,40000000E-3	31,12191943E-6	
-75,90000000E-3	31,21919884E-6	
-76,40000000E-3	31,29681618E-6	
-76,80000000E-3	31,35367477E-6	
-77,30000000E-3	31,43344486E-6	
-77,80000000E-3	31,53801098E-6	
-78,50000000E-3	31,61865001E-6	
-78,90000000E-3	31,68436699E-6	
-79,40000000E-3	31,76912586E-6	
-79,80000000E-3	31,87151299E-6	
-80,30000000E-3	31,94909774E-6	
-80,90000000E-3	32,01192335E-6	
-81,40000000E-3	32,10771578E-6	
-81,90000000E-3	32,20756718E-6	
-82,40000000E-3	32,28157715E-6	
-82,80000000E-3	32,35918688E-6	
-83,20000000E-3	32,45909301E-6	
-84,00000000E-3	32,55079577E-6	
-84,40000000E-3	32,62342386E-6	
-84,80000000E-3	32,73778845E-6	
-85,30000000E-3	32,83016547E-6	
-85,80000000E-3	32,90669887E-6	
-86,30000000E-3	33,00533797E-6	
-86,90000000E-3	33,11385991E-6	
-87,40000000E-3	33,18863744E-6	
-87,80000000E-3	33,30719663E-6	
-88,30000000E-3	33,41824679E-6	
-88,70000000E-3	33,49863213E-6	
-89,30000000E-3	33,60845784E-6	
-89,90000000E-3	33,72410923E-6	
-90,30000000E-3	33,80839153E-6	
-90,80000000E-3	33,92295429E-6	
-91,20000000E-3	34,02866965E-6	
-91,70000000E-3	34,14872627E-6	
-92,30000000E-3	34,25938549E-6	
-92,80000000E-3	34,36339094E-6	
-93,30000000E-3	34,49708878E-6	
-93,80000000E-3	34,60022392E-6	
-94,20000000E-3	34,72151531E-6	
-94,70000000E-3	34,84789741E-6	
-95,40000000E-3	34,95046740E-6	
-95,80000000E-3	35,07683815E-6	
-96,30000000E-3	35,20754793E-6	
-96,70000000E-3	35,31676629E-6	
-97,10000000E-3	35,45371358E-6	
-97,80000000E-3	35,57278714E-6	
-98,30000000E-3	35,69844996E-6	
-98,70000000E-3	35,83726490E-6	
-99,20000000E-3	35,94831853E-6	
-99,60000000E-3	36,07822547E-6	
-100,10000000E-3	36,23549779E-6	
-100,80000000E-3	36,36182678E-6	
-101,30000000E-3	36,47527617E-6	
-101,70000000E-3	36,63008960E-6	
-102,20000000E-3	36,77903477E-6	
-102,70000000E-3	36,89252344E-6	
-103,20000000E-3	37,02363730E-6	
-103,80000000E-3	37,18185124E-6	
-104,20000000E-3	37,31238708E-6	
-104,70000000E-3	37,43362126E-6	
-105,20000000E-3	37,59468169E-6	
-105,60000000E-3	37,74607120E-6	
-106,30000000E-3	37,86681988E-6	
-106,70000000E-3	38,01331234E-6	
-107,20000000E-3	38,16412626E-6	
-107,60000000E-3	38,28380649E-6	
-108,10000000E-3	38,42790686E-6	
-108,70000000E-3	38,58955004E-6	
-109,20000000E-3	38,70988364E-6	
-109,70000000E-3	38,86230834E-6	
-110,20000000E-3	39,01922574E-6	
-110,60000000E-3	39,14190215E-6	
-111,00000000E-3	39,29666982E-6	
-111,70000000E-3	39,45506663E-6	
-112,00000000E-3	39,57204316E-6	
-112,50000000E-3	39,71131288E-6	
-112,90000000E-3	39,88662431E-6	
-113,60000000E-3	40,02300517E-6	
-114,00000000E-3	40,14899144E-6	
-114,70000000E-3	40,31413222E-6	
-115,20000000E-3	40,46736600E-6	
-115,70000000E-3	40,59974809E-6	
-116,10000000E-3	40,73062842E-6	
-116,60000000E-3	40,89843609E-6	
-117,00000000E-3	41,06242227E-6	
-117,40000000E-3	41,19406558E-6	
-117,90000000E-3	41,32416542E-6	
-118,30000000E-3	41,47745336E-6	
-118,80000000E-3	41,65908254E-6	
-119,50000000E-3	41,80534877E-6	
-120,00000000E-3	41,92661457E-6	
-120,40000000E-3	42,07457108E-6	
-120,90000000E-3	42,25004468E-6	
-121,30000000E-3	42,39651479E-6	
-122,00000000E-3	42,51500606E-6	
-122,50000000E-3	42,67449663E-6	
-123,00000000E-3	42,84574160E-6	
-123,40000000E-3	42,98786663E-6	
-123,90000000E-3	43,11065078E-6	
-124,30000000E-3	43,26294394E-6	
-125,00000000E-3	43,43359169E-6	
-125,50000000E-3	43,59131223E-6	
-126,00000000E-3	43,71675671E-6	
-126,40000000E-3	43,86163260E-6	
-126,80000000E-3	44,03893679E-6	
-127,40000000E-3	44,19418027E-6	
-127,90000000E-3	44,31226124E-6	
-128,40000000E-3	44,46227614E-6	
-128,90000000E-3	44,64229021E-6	
-129,30000000E-3	44,78716241E-6	
-129,80000000E-3	44,90456549E-6	
-130,50000000E-3	45,05939020E-6	
-130,90000000E-3	45,24118414E-6	
-131,40000000E-3	45,37970246E-6	
-131,80000000E-3	45,50607343E-6	
-132,30000000E-3	45,67956698E-6	
-132,90000000E-3	45,85405372E-6	
-133,40000000E-3	45,97759843E-6	
-133,90000000E-3	46,09555704E-6	
-134,40000000E-3	46,27574717E-6	
-134,80000000E-3	46,45037307E-6	
-135,30000000E-3	46,58002293E-6	
-136,00000000E-3	46,70340774E-6	
-136,40000000E-3	46,87336379E-6	
-136,90000000E-3	47,05523161E-6	
-137,30000000E-3	47,19757036E-6	
-137,80000000E-3	47,31403999E-6	
-138,20000000E-3	47,45811238E-6	
-138,90000000E-3	47,63734918E-6	
-139,30000000E-3	47,80368646E-6	
-139,80000000E-3	47,94792230E-6	
-140,30000000E-3	48,07364189E-6	
-140,70000000E-3	48,20517859E-6	
-141,30000000E-3	48,36924882E-6	
-141,90000000E-3	48,54520039E-6	
-142,40000000E-3	48,71374843E-6	
-142,80000000E-3	48,86571865E-6	
-143,20000000E-3	48,98969258E-6	
-143,70000000E-3	49,11457692E-6	
-144,40000000E-3	49,26677096E-6	
-144,90000000E-3	49,44389404E-6	
-145,30000000E-3	49,63060993E-6	
-145,80000000E-3	49,78013185E-6	
-146,20000000E-3	49,90308958E-6	
-146,80000000E-3	50,01986670E-6	
-147,40000000E-3	50,18085448E-6	
-147,90000000E-3	50,36364358E-6	
-148,30000000E-3	50,54206845E-6	
-148,80000000E-3	50,68924901E-6	
-149,20000000E-3	50,81282175E-6	
-149,90000000E-3	50,93814763E-6	
