0,00000000E+0	-68,35470581E-9	
0,00000000E+0	-63,90792567E-9	
200,00000000E-6	-63,11444370E-9	
400,00000000E-6	-63,25315675E-9	
800,00000000E-6	-64,34857898E-9	
1,20000000E-3	-65,87598926E-9	
1,80000000E-3	-66,83626604E-9	
2,40000000E-3	-66,54763100E-9	
3,10000000E-3	-65,26304324E-9	
3,60000000E-3	-63,73118072E-9	
4,30000000E-3	-63,72223837E-9	
5,10000000E-3	-65,66813494E-9	
5,80000000E-3	-68,02086622E-9	
6,40000000E-3	-69,88991278E-9	
7,20000000E-3	-70,93303498E-9	
8,00000000E-3	-71,37286680E-9	
8,60000000E-3	-71,77649676E-9	
9,20000000E-3	-72,60555301E-9	
10,00000000E-3	-73,98454639E-9	
10,70000000E-3	-75,73613816E-9	
11,40000000E-3	-76,99048016E-9	
12,30000000E-3	-77,52660772E-9	
12,80000000E-3	-77,69718521E-9	
13,70000000E-3	-78,00000797E-9	
14,30000000E-3	-78,88311733E-9	
15,20000000E-3	-80,59883998E-9	
16,00000000E-3	-82,30741650E-9	
16,80000000E-3	-83,41480874E-9	
17,50000000E-3	-83,82668835E-9	
18,40000000E-3	-83,85121033E-9	
19,20000000E-3	-83,98725469E-9	
19,80000000E-3	-84,63109566E-9	
20,70000000E-3	-86,13778854E-9	
21,30000000E-3	-88,10243937E-9	
22,10000000E-3	-89,75358144E-9	
22,70000000E-3	-90,83390583E-9	
23,60000000E-3	-91,25523742E-9	
24,20000000E-3	-90,89973984E-9	
24,70000000E-3	-89,90512275E-9	
25,80000000E-3	-88,83579054E-9	
26,50000000E-3	-88,03727657E-9	
27,20000000E-3	-87,70398830E-9	
28,00000000E-3	-87,77416741E-9	
28,60000000E-3	-87,75976762E-9	
29,60000000E-3	-87,55140626E-9	
30,50000000E-3	-87,62050093E-9	
31,10000000E-3	-88,21392489E-9	
31,90000000E-3	-89,06192669E-9	
32,60000000E-3	-89,47021103E-9	
33,10000000E-3	-88,65525587E-9	
34,00000000E-3	-86,35788416E-9	
35,00000000E-3	-83,49270928E-9	
35,50000000E-3	-81,07648958E-9	
36,50000000E-3	-79,77102304E-9	
37,10000000E-3	-79,68357593E-9	
37,80000000E-3	-79,84825311E-9	
38,60000000E-3	-79,45422115E-9	
39,20000000E-3	-78,87167131E-9	
40,10000000E-3	-78,38696890E-9	
41,00000000E-3	-77,29507004E-9	
41,70000000E-3	-74,68332131E-9	
42,50000000E-3	-71,13869977E-9	
43,10000000E-3	-67,95019568E-9	
43,70000000E-3	-65,41152225E-9	
44,30000000E-3	-62,65333830E-9	
45,40000000E-3	-58,86320690E-9	
46,10000000E-3	-55,13176663E-9	
46,80000000E-3	-51,75253507E-9	
47,50000000E-3	-48,37065353E-9	
48,40000000E-3	-44,55236126E-9	
49,40000000E-3	-40,10910258E-9	
50,00000000E-3	-35,08608654E-9	
50,80000000E-3	-29,84347959E-9	
51,50000000E-3	-25,04309593E-9	
52,10000000E-3	-20,95172590E-9	
53,00000000E-3	-17,25884438E-9	
53,60000000E-3	-13,47753745E-9	
54,50000000E-3	-9,14609498E-9	
55,10000000E-3	-4,44636379E-9	
56,00000000E-3	-310,31871551E-12	
56,90000000E-3	2,42783696E-9	
57,50000000E-3	4,34851087E-9	
58,20000000E-3	7,10094428E-9	
58,90000000E-3	10,93164277E-9	
59,80000000E-3	15,58903488E-9	
60,50000000E-3	20,69418608E-9	
61,40000000E-3	25,82528920E-9	
62,20000000E-3	29,81306418E-9	
62,80000000E-3	32,95679710E-9	
63,70000000E-3	36,22565581E-9	
64,60000000E-3	39,84268530E-9	
65,20000000E-3	43,84249800E-9	
65,90000000E-3	48,16484831E-9	
66,80000000E-3	52,91207599E-9	
67,50000000E-3	57,63584126E-9	
68,10000000E-3	61,46659406E-9	
68,90000000E-3	64,35622990E-9	
69,70000000E-3	66,67709242E-9	
70,40000000E-3	68,98092360E-9	
71,20000000E-3	72,02878615E-9	
71,80000000E-3	76,35262274E-9	
72,60000000E-3	81,38138490E-9	
73,50000000E-3	85,15979484E-9	
74,10000000E-3	86,66898206E-9	
75,00000000E-3	86,97601287E-9	
75,50000000E-3	87,25878775E-9	
76,40000000E-3	87,76323532E-9	
77,00000000E-3	88,86883177E-9	
78,20000000E-3	90,97272354E-9	
78,70000000E-3	93,47560948E-9	
79,60000000E-3	95,47401792E-9	
79,80000000E-3	97,05048892E-9	
81,00000000E-3	98,60919395E-9	
81,60000000E-3	100,08958032E-9	
82,50000000E-3	101,61957737E-9	
83,30000000E-3	103,20846413E-9	
83,90000000E-3	104,60277515E-9	
84,80000000E-3	105,74575866E-9	
85,30000000E-3	106,55168754E-9	
86,20000000E-3	106,58598960E-9	
87,10000000E-3	105,89972855E-9	
87,60000000E-3	105,16543827E-9	
88,50000000E-3	104,97850875E-9	
89,00000000E-3	105,60211752E-9	
89,80000000E-3	106,94143443E-9	
90,80000000E-3	108,76017790E-9	
91,70000000E-3	111,02168476E-9	
92,20000000E-3	113,92294752E-9	
93,10000000E-3	116,43967603E-9	
93,90000000E-3	117,38590355E-9	
94,60000000E-3	116,51112261E-9	
95,50000000E-3	114,60921652E-9	
96,00000000E-3	112,74252430E-9	
96,80000000E-3	111,62354726E-9	
97,50000000E-3	111,49885973E-9	
98,30000000E-3	112,26241289E-9	
98,90000000E-3	113,56396661E-9	
99,70000000E-3	115,15426614E-9	
100,40000000E-3	117,23239164E-9	
101,20000000E-3	119,68880830E-9	
101,80000000E-3	121,97029358E-9	
102,70000000E-3	123,67045088E-9	
103,50000000E-3	124,87608492E-9	
104,10000000E-3	125,53668719E-9	
105,00000000E-3	125,79485942E-9	
105,90000000E-3	126,14961836E-9	
106,40000000E-3	126,83781525E-9	
107,20000000E-3	128,03776740E-9	
107,80000000E-3	129,91167841E-9	
108,80000000E-3	132,05048601E-9	
109,60000000E-3	133,64757343E-9	
110,20000000E-3	134,21932325E-9	
111,10000000E-3	133,99134065E-9	
111,90000000E-3	133,59157666E-9	
112,50000000E-3	133,40560563E-9	
113,40000000E-3	133,89920965E-9	
114,20000000E-3	135,41182230E-9	
114,80000000E-3	137,66006930E-9	
115,10000000E-3	140,23116045E-9	
116,10000000E-3	142,84092223E-9	
117,10000000E-3	145,02450417E-9	
117,80000000E-3	146,73873455E-9	
118,60000000E-3	148,04299382E-9	
119,20000000E-3	148,41625382E-9	
120,10000000E-3	147,60049390E-9	
120,60000000E-3	146,49126199E-9	
121,50000000E-3	146,08956042E-9	
122,30000000E-3	146,62291506E-9	
122,90000000E-3	147,96443851E-9	
123,80000000E-3	149,89147765E-9	
124,60000000E-3	152,40535865E-9	
125,40000000E-3	155,33536318E-9	
126,00000000E-3	157,70280846E-9	
126,90000000E-3	158,86120335E-9	
127,80000000E-3	159,27608687E-9	
128,40000000E-3	159,82465675E-9	
129,20000000E-3	160,88007861E-9	
129,80000000E-3	162,43589386E-9	
130,60000000E-3	164,74318238E-9	
131,50000000E-3	167,25943198E-9	
132,00000000E-3	169,76893379E-9	
133,00000000E-3	172,31594697E-9	
133,80000000E-3	174,76077197E-9	
134,40000000E-3	177,11831653E-9	
135,30000000E-3	179,25784496E-9	
135,90000000E-3	180,69065275E-9	
136,70000000E-3	181,39513623E-9	
137,30000000E-3	181,91898150E-9	
138,10000000E-3	182,55564556E-9	
139,00000000E-3	183,32598358E-9	
139,60000000E-3	184,38161431E-9	
140,40000000E-3	185,70971961E-9	
141,30000000E-3	187,04126498E-9	
141,90000000E-3	188,49370798E-9	
142,70000000E-3	190,10332931E-9	
143,60000000E-3	191,59369767E-9	
144,20000000E-3	192,81218932E-9	
145,10000000E-3	193,94198255E-9	
145,90000000E-3	194,90878723E-9	
146,50000000E-3	195,72023576E-9	
147,30000000E-3	196,68305653E-9	
147,90000000E-3	198,00286543E-9	
148,80000000E-3	199,65623850E-9	
149,60000000E-3	201,46910890E-9	
150,20000000E-3	203,30185510E-9	
151,10000000E-3	204,77776868E-9	
151,80000000E-3	204,96916274E-9	
152,50000000E-3	204,17738987E-9	
153,40000000E-3	203,40477364E-9	
154,00000000E-3	202,87851621E-9	
154,80000000E-3	202,69534348E-9	
155,50000000E-3	203,21123086E-9	
156,30000000E-3	204,15503016E-9	
157,10000000E-3	205,24479126E-9	
157,70000000E-3	206,70742516E-9	
158,50000000E-3	208,52309668E-9	
159,10000000E-3	210,07349031E-9	
160,00000000E-3	211,22214157E-9	
160,60000000E-3	212,36991998E-9	
161,40000000E-3	213,42314225E-9	
162,30000000E-3	213,97055191E-9	
162,90000000E-3	213,88740207E-9	
163,70000000E-3	213,74088460E-9	
164,60000000E-3	213,97874733E-9	
165,50000000E-3	214,35570180E-9	
166,00000000E-3	214,74858802E-9	
166,90000000E-3	215,53204550E-9	
167,50000000E-3	216,46254343E-9	
168,10000000E-3	216,98433462E-9	
169,10000000E-3	216,91024902E-9	
169,90000000E-3	216,21516821E-9	
170,80000000E-3	215,05106467E-9	
171,40000000E-3	214,16022393E-9	
172,30000000E-3	214,55429724E-9	
173,10000000E-3	215,97636286E-9	
173,70000000E-3	217,47909763E-9	
174,50000000E-3	218,47697832E-9	
175,10000000E-3	219,10017050E-9	
175,90000000E-3	219,82001261E-9	
176,80000000E-3	220,22278933E-9	
177,40000000E-3	219,62620048E-9	
178,30000000E-3	218,16324561E-9	
179,10000000E-3	216,77594621E-9	
179,70000000E-3	216,37330064E-9	
180,40000000E-3	217,24784940E-9	
181,20000000E-3	218,70934324E-9	
182,00000000E-3	219,82896338E-9	
182,50000000E-3	219,98191759E-9	
183,40000000E-3	219,25821236E-9	
184,30000000E-3	218,03598371E-9	
184,90000000E-3	216,55652221E-9	
185,70000000E-3	215,46117053E-9	
186,20000000E-3	215,26667614E-9	
187,20000000E-3	215,83067276E-9	
188,10000000E-3	216,64990088E-9	
188,60000000E-3	217,29411313E-9	
189,60000000E-3	217,84735025E-9	
190,10000000E-3	218,59297590E-9	
190,90000000E-3	219,10263291E-9	
191,80000000E-3	219,08048959E-9	
192,30000000E-3	219,06038159E-9	
193,20000000E-3	219,74851366E-9	
193,80000000E-3	221,30475949E-9	
194,70000000E-3	223,18901588E-9	
195,50000000E-3	224,27123338E-9	
196,40000000E-3	224,35110087E-9	
197,00000000E-3	223,42401415E-9	
197,80000000E-3	221,44589769E-9	
198,80000000E-3	218,71210427E-9	
199,30000000E-3	216,02432382E-9	
200,00000000E-3	214,03408287E-9	
