-0,00000000E+0	-76,61400827E-9	
-0,00000000E+0	-75,71668078E-9	
200,00000000E-6	-74,28992120E-9	
600,00000000E-6	-72,96435225E-9	
1,00000000E-3	-71,72055466E-9	
1,60000000E-3	-70,42995734E-9	
1,90000000E-3	-69,59335066E-9	
2,60000000E-3	-69,64050231E-9	
3,30000000E-3	-70,34870775E-9	
3,80000000E-3	-71,05309280E-9	
4,50000000E-3	-71,44363686E-9	
5,30000000E-3	-71,54947947E-9	
5,80000000E-3	-71,61980697E-9	
6,60000000E-3	-71,99761429E-9	
7,40000000E-3	-72,69512866E-9	
8,00000000E-3	-73,72725978E-9	
8,80000000E-3	-75,34064504E-9	
9,40000000E-3	-77,96273939E-9	
10,30000000E-3	-81,52533937E-9	
11,10000000E-3	-84,56313640E-9	
11,60000000E-3	-86,67029093E-9	
12,50000000E-3	-87,57163850E-9	
13,40000000E-3	-87,82959333E-9	
14,20000000E-3	-88,40672550E-9	
14,80000000E-3	-89,68936074E-9	
15,60000000E-3	-91,44217954E-9	
15,90000000E-3	-93,38784432E-9	
17,00000000E-3	-95,39805229E-9	
17,90000000E-3	-96,77053758E-9	
18,50000000E-3	-97,60848598E-9	
19,30000000E-3	-98,20455642E-9	
20,20000000E-3	-98,54243443E-9	
20,80000000E-3	-98,95439695E-9	
21,60000000E-3	-99,86404325E-9	
22,20000000E-3	-101,33523974E-9	
23,10000000E-3	-103,11770936E-9	
23,70000000E-3	-104,95776824E-9	
24,50000000E-3	-106,71482050E-9	
25,10000000E-3	-108,14324787E-9	
26,10000000E-3	-109,24052739E-9	
26,70000000E-3	-110,41954627E-9	
27,60000000E-3	-112,01431338E-9	
28,50000000E-3	-113,30020768E-9	
29,30000000E-3	-113,39991475E-9	
30,00000000E-3	-112,22259956E-9	
30,60000000E-3	-110,58817103E-9	
31,50000000E-3	-109,49310185E-9	
32,10000000E-3	-109,16888459E-9	
33,00000000E-3	-109,20762063E-9	
33,60000000E-3	-109,28845976E-9	
34,60000000E-3	-109,64469593E-9	
35,10000000E-3	-109,96794039E-9	
36,10000000E-3	-109,59961410E-9	
36,80000000E-3	-108,30221959E-9	
37,40000000E-3	-106,23935520E-9	
38,30000000E-3	-103,62269633E-9	
39,20000000E-3	-100,75741895E-9	
39,80000000E-3	-97,66136725E-9	
40,50000000E-3	-93,96524065E-9	
41,00000000E-3	-89,65288987E-9	
41,90000000E-3	-84,72189670E-9	
42,50000000E-3	-79,17022732E-9	
43,40000000E-3	-73,46606368E-9	
44,30000000E-3	-68,08606439E-9	
44,90000000E-3	-63,04622536E-9	
45,90000000E-3	-57,57825250E-9	
46,50000000E-3	-51,64703736E-9	
47,10000000E-3	-45,01308867E-9	
47,90000000E-3	-37,91005867E-9	
48,90000000E-3	-30,05238134E-9	
49,50000000E-3	-21,47919079E-9	
50,40000000E-3	-13,03979890E-9	
51,00000000E-3	-5,44257275E-9	
51,60000000E-3	1,42399866E-9	
52,50000000E-3	8,11730344E-9	
53,10000000E-3	15,53256376E-9	
54,00000000E-3	24,73001723E-9	
54,70000000E-3	34,17097658E-9	
55,60000000E-3	43,28255281E-9	
56,50000000E-3	51,68031501E-9	
57,10000000E-3	59,50578872E-9	
57,70000000E-3	67,44373238E-9	
58,60000000E-3	75,85353794E-9	
59,40000000E-3	84,36442918E-9	
60,10000000E-3	92,45542526E-9	
60,70000000E-3	99,85599152E-9	
61,40000000E-3	106,91673769E-9	
62,30000000E-3	114,78597610E-9	
63,20000000E-3	122,85075262E-9	
64,10000000E-3	130,62775197E-9	
64,70000000E-3	137,56372957E-9	
65,30000000E-3	143,78924005E-9	
66,10000000E-3	149,43658812E-9	
66,80000000E-3	154,66259406E-9	
67,70000000E-3	159,53716905E-9	
68,30000000E-3	164,29529763E-9	
69,20000000E-3	169,41356851E-9	
69,90000000E-3	175,15927958E-9	
70,70000000E-3	181,06795400E-9	
71,30000000E-3	186,49423201E-9	
71,90000000E-3	191,21694496E-9	
72,80000000E-3	195,55888905E-9	
73,70000000E-3	199,30521409E-9	
74,30000000E-3	202,94582317E-9	
75,20000000E-3	206,47975533E-9	
76,00000000E-3	209,39912652E-9	
76,70000000E-3	211,21538599E-9	
77,30000000E-3	211,99320644E-9	
77,90000000E-3	212,38665558E-9	
78,80000000E-3	213,19871413E-9	
79,80000000E-3	214,81483093E-9	
80,40000000E-3	216,82105700E-9	
81,20000000E-3	219,00975324E-9	
81,90000000E-3	221,31170281E-9	
82,80000000E-3	223,31076493E-9	
83,40000000E-3	224,75656679E-9	
84,30000000E-3	225,87110495E-9	
85,20000000E-3	226,68073186E-9	
85,50000000E-3	226,83138491E-9	
86,50000000E-3	226,16469697E-9	
87,20000000E-3	225,26526519E-9	
88,00000000E-3	224,83343430E-9	
88,60000000E-3	224,78672548E-9	
89,50000000E-3	224,68069693E-9	
90,10000000E-3	224,40094649E-9	
91,00000000E-3	223,88815019E-9	
91,90000000E-3	223,06340403E-9	
92,50000000E-3	222,07944412E-9	
93,10000000E-3	221,67330946E-9	
94,00000000E-3	222,03231895E-9	
94,60000000E-3	222,34456263E-9	
95,50000000E-3	221,81523157E-9	
96,10000000E-3	220,62982457E-9	
97,10000000E-3	219,35136834E-9	
97,80000000E-3	218,52966174E-9	
98,50000000E-3	218,43935360E-9	
99,20000000E-3	218,94624531E-9	
100,10000000E-3	219,66314165E-9	
101,00000000E-3	220,25276665E-9	
101,60000000E-3	220,62294564E-9	
102,20000000E-3	220,97134774E-9	
102,90000000E-3	221,54036796E-9	
103,70000000E-3	222,78729328E-9	
104,60000000E-3	225,01007119E-9	
105,20000000E-3	227,42846686E-9	
106,20000000E-3	228,97683941E-9	
106,60000000E-3	229,37858053E-9	
107,60000000E-3	229,19674944E-9	
108,50000000E-3	229,26654379E-9	
109,10000000E-3	229,75184559E-9	
109,70000000E-3	230,59981896E-9	
110,60000000E-3	232,16752221E-9	
111,60000000E-3	234,70556021E-9	
112,10000000E-3	237,58652677E-9	
112,70000000E-3	239,62680310E-9	
113,60000000E-3	240,77372150E-9	
114,30000000E-3	241,94162034E-9	
115,20000000E-3	243,49498519E-9	
116,10000000E-3	245,30391432E-9	
116,70000000E-3	247,28091800E-9	
117,40000000E-3	249,36749896E-9	
118,00000000E-3	251,58820122E-9	
118,80000000E-3	254,16525399E-9	
119,20000000E-3	256,88380176E-9	
120,40000000E-3	258,96925834E-9	
121,20000000E-3	260,07832441E-9	
121,80000000E-3	260,79262163E-9	
122,40000000E-3	262,06890633E-9	
123,30000000E-3	264,35555969E-9	
124,30000000E-3	267,55127096E-9	
124,90000000E-3	270,96555505E-9	
125,60000000E-3	273,71297440E-9	
126,40000000E-3	275,41682498E-9	
127,10000000E-3	276,79176951E-9	
127,90000000E-3	279,23100963E-9	
128,80000000E-3	282,57958835E-9	
129,40000000E-3	285,92122393E-9	
130,00000000E-3	288,19848121E-9	
131,00000000E-3	289,62423397E-9	
131,00000000E-3	290,73740746E-9	
132,60000000E-3	291,89277238E-9	
133,30000000E-3	293,60526060E-9	
133,90000000E-3	296,48351271E-9	
134,80000000E-3	300,15957639E-9	
135,50000000E-3	303,11599173E-9	
136,40000000E-3	305,22454113E-9	
137,30000000E-3	306,89833654E-9	
137,60000000E-3	308,56936669E-9	
138,70000000E-3	309,76698055E-9	
139,30000000E-3	310,29413049E-9	
140,20000000E-3	311,05688658E-9	
141,10000000E-3	312,73761605E-9	
141,70000000E-3	315,18306216E-9	
142,40000000E-3	317,79962945E-9	
143,00000000E-3	320,23757584E-9	
144,00000000E-3	322,27609045E-9	
144,80000000E-3	323,18566704E-9	
145,50000000E-3	323,19624911E-9	
146,10000000E-3	322,99196925E-9	
147,00000000E-3	323,10540403E-9	
147,70000000E-3	323,78758201E-9	
148,60000000E-3	325,35074752E-9	
149,20000000E-3	327,31701137E-9	
150,20000000E-3	329,04862285E-9	
150,70000000E-3	330,41879707E-9	
151,70000000E-3	331,81722775E-9	
152,30000000E-3	333,94943408E-9	
152,90000000E-3	336,41409359E-9	
153,80000000E-3	338,13463199E-9	
154,50000000E-3	339,01384949E-9	
155,40000000E-3	339,78830766E-9	
156,10000000E-3	340,57391816E-9	
157,00000000E-3	341,38432707E-9	
157,60000000E-3	342,70765423E-9	
157,90000000E-3	344,55896559E-9	
159,10000000E-3	345,89638238E-9	
160,00000000E-3	345,61172015E-9	
160,60000000E-3	344,14771984E-9	
161,60000000E-3	342,59683279E-9	
162,10000000E-3	342,12775521E-9	
162,80000000E-3	343,24435542E-9	
163,70000000E-3	345,22294642E-9	
164,50000000E-3	346,86761291E-9	
165,10000000E-3	347,57253186E-9	
165,80000000E-3	347,13450827E-9	
166,70000000E-3	345,95853338E-9	
167,60000000E-3	344,88766733E-9	
168,20000000E-3	343,98648204E-9	
168,80000000E-3	342,67623096E-9	
169,50000000E-3	340,69863653E-9	
170,50000000E-3	338,31169752E-9	
171,10000000E-3	336,01432997E-9	
172,00000000E-3	334,55480515E-9	
172,70000000E-3	334,59752607E-9	
173,30000000E-3	336,10705818E-9	
174,20000000E-3	338,41303976E-9	
174,80000000E-3	340,54511907E-9	
175,80000000E-3	341,59936998E-9	
176,40000000E-3	341,22264120E-9	
177,00000000E-3	339,83301272E-9	
178,00000000E-3	338,40867839E-9	
178,90000000E-3	337,60228431E-9	
179,50000000E-3	336,89962388E-9	
180,10000000E-3	335,74570676E-9	
181,10000000E-3	334,50696702E-9	
181,70000000E-3	333,66391861E-9	
182,60000000E-3	333,16122391E-9	
183,10000000E-3	332,88012074E-9	
184,00000000E-3	333,01957756E-9	
184,90000000E-3	333,26359030E-9	
185,60000000E-3	333,31590424E-9	
186,20000000E-3	333,47541537E-9	
187,10000000E-3	334,09452837E-9	
187,70000000E-3	334,69139150E-9	
188,70000000E-3	334,53671480E-9	
189,30000000E-3	333,34252929E-9	
189,90000000E-3	331,43013325E-9	
190,90000000E-3	329,15063149E-9	
191,80000000E-3	326,97167199E-9	
192,40000000E-3	325,38218292E-9	
193,00000000E-3	324,54989219E-9	
193,60000000E-3	324,45478299E-9	
194,60000000E-3	324,93576164E-9	
195,50000000E-3	325,68893950E-9	
196,10000000E-3	326,45039240E-9	
196,80000000E-3	326,52420128E-9	
197,70000000E-3	325,39052528E-9	
198,30000000E-3	323,19045677E-9	
199,30000000E-3	320,51614458E-9	
199,80000000E-3	318,55601264E-9	
