-0,00000000E+0	-66,75331552E-9	
0,00000000E+0	-67,85857590E-9	
200,00000000E-6	-67,56694544E-9	
600,00000000E-6	-66,19260858E-9	
1,00000000E-3	-64,53066985E-9	
1,60000000E-3	-63,05438150E-9	
2,10000000E-3	-62,05904032E-9	
2,60000000E-3	-61,70935430E-9	
3,30000000E-3	-62,04684274E-9	
4,10000000E-3	-62,82807814E-9	
4,90000000E-3	-64,19929223E-9	
5,40000000E-3	-66,57200247E-9	
6,00000000E-3	-68,93136132E-9	
6,80000000E-3	-69,44656136E-9	
7,30000000E-3	-67,43413153E-9	
8,20000000E-3	-63,43261753E-9	
8,90000000E-3	-58,31641306E-9	
9,70000000E-3	-52,56076837E-9	
10,60000000E-3	-46,30111940E-9	
11,20000000E-3	-39,79360336E-9	
11,80000000E-3	-34,84069452E-9	
12,70000000E-3	-31,09370001E-9	
13,20000000E-3	-27,39293317E-9	
14,10000000E-3	-23,04344266E-9	
14,80000000E-3	-18,94676227E-9	
15,60000000E-3	-16,81547930E-9	
16,40000000E-3	-17,80906033E-9	
17,10000000E-3	-21,50308502E-9	
17,80000000E-3	-27,06508376E-9	
18,70000000E-3	-33,87049716E-9	
19,20000000E-3	-42,07495551E-9	
20,20000000E-3	-51,90510752E-9	
21,10000000E-3	-63,21444322E-9	
21,60000000E-3	-75,08009440E-9	
22,30000000E-3	-87,57633740E-9	
23,10000000E-3	-101,77944056E-9	
23,80000000E-3	-117,55164522E-9	
24,70000000E-3	-133,97524795E-9	
25,30000000E-3	-150,31339321E-9	
26,20000000E-3	-167,40799065E-9	
26,90000000E-3	-183,16860080E-9	
27,50000000E-3	-198,53913453E-9	
28,40000000E-3	-213,45829319E-9	
29,00000000E-3	-228,45896408E-9	
29,90000000E-3	-244,89118648E-9	
30,90000000E-3	-260,39423350E-9	
31,50000000E-3	-274,03653688E-9	
32,10000000E-3	-285,54992399E-9	
33,00000000E-3	-295,97103731E-9	
33,60000000E-3	-305,70432500E-9	
34,50000000E-3	-314,61676849E-9	
35,40000000E-3	-321,85951899E-9	
36,00000000E-3	-326,67318570E-9	
36,80000000E-3	-328,83421255E-9	
37,50000000E-3	-328,61319332E-9	
38,10000000E-3	-326,29066934E-9	
39,00000000E-3	-321,66256348E-9	
39,70000000E-3	-313,88768303E-9	
40,60000000E-3	-302,19773115E-9	
41,20000000E-3	-286,09809033E-9	
42,00000000E-3	-265,37588138E-9	
42,90000000E-3	-242,82355146E-9	
43,60000000E-3	-216,82341735E-9	
44,30000000E-3	-187,67271079E-9	
45,10000000E-3	-156,53333330E-9	
45,70000000E-3	-125,06716408E-9	
46,60000000E-3	-93,19271593E-9	
47,30000000E-3	-59,84485140E-9	
48,10000000E-3	-22,95244078E-9	
48,90000000E-3	17,04660831E-9	
49,60000000E-3	59,06751762E-9	
50,30000000E-3	103,17812861E-9	
51,20000000E-3	148,43926300E-9	
51,70000000E-3	194,87563270E-9	
52,70000000E-3	244,41845061E-9	
53,60000000E-3	292,02502665E-9	
54,20000000E-3	340,70481767E-9	
54,90000000E-3	391,97642403E-9	
55,70000000E-3	444,19188715E-9	
56,20000000E-3	496,79912354E-9	
56,90000000E-3	551,47465914E-9	
57,20000000E-3	607,66355337E-9	
58,30000000E-3	664,44890991E-9	
59,10000000E-3	719,63197353E-9	
60,20000000E-3	772,05137761E-9	
60,80000000E-3	821,73671031E-9	
61,70000000E-3	871,29481345E-9	
62,70000000E-3	919,72161578E-9	
63,30000000E-3	964,87463939E-9	
63,90000000E-3	1,00634688E-6	
64,80000000E-3	1,04367203E-6	
65,40000000E-3	1,07790065E-6	
66,30000000E-3	1,11012279E-6	
67,20000000E-3	1,14149067E-6	
67,80000000E-3	1,17156162E-6	
68,70000000E-3	1,19900020E-6	
69,30000000E-3	1,22336543E-6	
70,00000000E-3	1,24444258E-6	
70,80000000E-3	1,26235350E-6	
71,50000000E-3	1,27701766E-6	
72,40000000E-3	1,28840091E-6	
73,30000000E-3	1,29594341E-6	
73,90000000E-3	1,29995340E-6	
74,40000000E-3	1,30148478E-6	
75,20000000E-3	1,30086148E-6	
75,90000000E-3	1,29711400E-6	
76,90000000E-3	1,28954610E-6	
77,50000000E-3	1,27881123E-6	
78,20000000E-3	1,26638668E-6	
78,90000000E-3	1,25328760E-6	
79,90000000E-3	1,23912390E-6	
80,50000000E-3	1,22328509E-6	
81,40000000E-3	1,20629504E-6	
82,00000000E-3	1,18948067E-6	
82,90000000E-3	1,17355738E-6	
83,50000000E-3	1,15811377E-6	
84,40000000E-3	1,14129229E-6	
85,00000000E-3	1,12374966E-6	
85,60000000E-3	1,10438940E-6	
86,50000000E-3	1,08336936E-6	
87,40000000E-3	1,06104549E-6	
88,10000000E-3	1,03784688E-6	
89,00000000E-3	1,01475413E-6	
89,60000000E-3	992,31977861E-9	
90,20000000E-3	970,58301998E-9	
91,10000000E-3	950,03533043E-9	
91,80000000E-3	931,31251705E-9	
92,60000000E-3	914,93981873E-9	
93,20000000E-3	900,59247997E-9	
94,10000000E-3	887,30275195E-9	
94,80000000E-3	874,52849764E-9	
95,70000000E-3	861,30832074E-9	
96,30000000E-3	849,48832415E-9	
96,90000000E-3	839,67974372E-9	
97,80000000E-3	832,57334910E-9	
98,70000000E-3	828,30888135E-9	
99,20000000E-3	825,47973659E-9	
100,10000000E-3	823,61272584E-9	
100,70000000E-3	822,61281448E-9	
101,60000000E-3	822,33453861E-9	
102,60000000E-3	822,96733751E-9	
103,20000000E-3	825,35980013E-9	
103,80000000E-3	829,77428974E-9	
104,80000000E-3	835,44921823E-9	
105,40000000E-3	841,21999888E-9	
106,30000000E-3	846,43401728E-9	
106,90000000E-3	851,27914070E-9	
107,50000000E-3	856,20848643E-9	
108,50000000E-3	861,42054795E-9	
109,10000000E-3	867,09975768E-9	
109,70000000E-3	873,75777769E-9	
110,70000000E-3	881,91894658E-9	
111,60000000E-3	890,90494948E-9	
111,60000000E-3	900,18861350E-9	
112,90000000E-3	910,31766325E-9	
113,50000000E-3	921,44527916E-9	
114,50000000E-3	933,11282231E-9	
114,70000000E-3	945,08269689E-9	
115,90000000E-3	957,28087958E-9	
116,70000000E-3	969,08245273E-9	
117,30000000E-3	979,59578180E-9	
118,20000000E-3	988,74061037E-9	
118,90000000E-3	997,25039781E-9	
119,10000000E-3	1,00543343E-6	
120,40000000E-3	1,01295490E-6	
121,00000000E-3	1,01935618E-6	
121,90000000E-3	1,02405969E-6	
122,80000000E-3	1,02817471E-6	
123,50000000E-3	1,03278893E-6	
124,10000000E-3	1,03786933E-6	
125,00000000E-3	1,04351634E-6	
125,70000000E-3	1,05009033E-6	
126,50000000E-3	1,05754009E-6	
127,20000000E-3	1,06467718E-6	
127,80000000E-3	1,07028845E-6	
128,70000000E-3	1,07451448E-6	
129,30000000E-3	1,07869669E-6	
130,20000000E-3	1,08379585E-6	
131,10000000E-3	1,08969578E-6	
131,80000000E-3	1,09619188E-6	
132,30000000E-3	1,10300401E-6	
133,30000000E-3	1,11000111E-6	
133,90000000E-3	1,11709706E-6	
134,80000000E-3	1,12404923E-6	
135,40000000E-3	1,13063308E-6	
136,10000000E-3	1,13684477E-6	
137,00000000E-3	1,14324635E-6	
137,60000000E-3	1,14965129E-6	
138,60000000E-3	1,15537488E-6	
139,10000000E-3	1,16043100E-6	
139,80000000E-3	1,16521666E-6	
140,20000000E-3	1,16961415E-6	
141,40000000E-3	1,17321200E-6	
142,30000000E-3	1,17600942E-6	
143,00000000E-3	1,17825354E-6	
143,80000000E-3	1,18000661E-6	
144,50000000E-3	1,18135454E-6	
145,40000000E-3	1,18262726E-6	
145,70000000E-3	1,18415072E-6	
146,80000000E-3	1,18556906E-6	
147,00000000E-3	1,18618178E-6	
148,30000000E-3	1,18542064E-6	
149,20000000E-3	1,18332604E-6	
149,80000000E-3	1,18081109E-6	
150,70000000E-3	1,17827113E-6	
151,40000000E-3	1,17525039E-6	
151,90000000E-3	1,17132974E-6	
152,90000000E-3	1,16671038E-6	
153,80000000E-3	1,16187787E-6	
154,40000000E-3	1,15684051E-6	
155,10000000E-3	1,15145508E-6	
155,70000000E-3	1,14574428E-6	
156,70000000E-3	1,13983274E-6	
157,60000000E-3	1,13484698E-6	
158,20000000E-3	1,13078716E-6	
158,80000000E-3	1,12709570E-6	
159,70000000E-3	1,12316305E-6	
160,60000000E-3	1,11887668E-6	
161,30000000E-3	1,11428022E-6	
161,90000000E-3	1,10960913E-6	
162,50000000E-3	1,10498224E-6	
163,50000000E-3	1,09996450E-6	
164,40000000E-3	1,09451629E-6	
165,00000000E-3	1,08953180E-6	
165,60000000E-3	1,08541948E-6	
166,30000000E-3	1,08182409E-6	
167,20000000E-3	1,07774054E-6	
168,10000000E-3	1,07253673E-6	
168,80000000E-3	1,06575656E-6	
169,30000000E-3	1,05839360E-6	
170,30000000E-3	1,05192087E-6	
170,90000000E-3	1,04660607E-6	
171,80000000E-3	1,04157384E-6	
172,50000000E-3	1,03620488E-6	
173,10000000E-3	1,03032025E-6	
174,10000000E-3	1,02402939E-6	
174,70000000E-3	1,01763815E-6	
175,60000000E-3	1,01164604E-6	
176,20000000E-3	1,00628695E-6	
176,80000000E-3	1,00124995E-6	
177,70000000E-3	995,70553342E-9	
178,40000000E-3	989,06539276E-9	
179,30000000E-3	981,51801315E-9	
180,00000000E-3	973,45376613E-9	
180,90000000E-3	965,45017540E-9	
181,50000000E-3	957,59805248E-9	
182,40000000E-3	950,19691277E-9	
183,10000000E-3	944,31603571E-9	
183,70000000E-3	939,90955495E-9	
184,60000000E-3	935,95159226E-9	
185,00000000E-3	931,67523310E-9	
185,90000000E-3	926,77403587E-9	
186,80000000E-3	920,44777839E-9	
187,40000000E-3	913,63085111E-9	
188,40000000E-3	906,81973099E-9	
189,00000000E-3	900,16255114E-9	
189,90000000E-3	893,42711332E-9	
190,60000000E-3	887,01821014E-9	
191,20000000E-3	881,50443323E-9	
192,20000000E-3	876,64646876E-9	
192,80000000E-3	871,90328608E-9	
193,60000000E-3	866,94582130E-9	
194,30000000E-3	861,97156247E-9	
194,90000000E-3	857,01653489E-9	
195,90000000E-3	851,33211444E-9	
196,50000000E-3	844,25366733E-9	
197,40000000E-3	835,81383649E-9	
198,00000000E-3	827,80624876E-9	
198,60000000E-3	820,10633979E-9	
199,60000000E-3	813,15954462E-9	
