-0,00000000E+0	-64,65199656E-9	
100,00000000E-6	-64,74112653E-9	
200,00000000E-6	-65,01938486E-9	
600,00000000E-6	-65,07066532E-9	
1,20000000E-3	-64,60722795E-9	
1,60000000E-3	-64,05952241E-9	
2,10000000E-3	-63,89484785E-9	
2,60000000E-3	-64,20686942E-9	
3,30000000E-3	-65,26165513E-9	
4,00000000E-3	-66,89269905E-9	
4,60000000E-3	-68,38383297E-9	
5,30000000E-3	-69,04995112E-9	
6,00000000E-3	-68,58825011E-9	
6,60000000E-3	-67,27622876E-9	
7,40000000E-3	-65,91336961E-9	
8,10000000E-3	-65,53342641E-9	
8,80000000E-3	-66,46078774E-9	
9,70000000E-3	-68,56458490E-9	
10,30000000E-3	-71,46611713E-9	
11,00000000E-3	-74,06821540E-9	
11,90000000E-3	-75,25062291E-9	
12,50000000E-3	-74,69220922E-9	
13,30000000E-3	-73,20013016E-9	
14,10000000E-3	-71,78004721E-9	
14,70000000E-3	-71,15586343E-9	
15,50000000E-3	-71,72712346E-9	
16,40000000E-3	-73,09438614E-9	
17,20000000E-3	-74,51820659E-9	
17,80000000E-3	-75,66181177E-9	
18,70000000E-3	-76,27841146E-9	
19,50000000E-3	-76,07343334E-9	
20,00000000E-3	-75,67285834E-9	
20,90000000E-3	-75,78115908E-9	
21,50000000E-3	-76,08929186E-9	
22,40000000E-3	-76,07516427E-9	
23,20000000E-3	-75,98636956E-9	
23,80000000E-3	-76,31377012E-9	
24,60000000E-3	-77,09496723E-9	
25,60000000E-3	-77,94681972E-9	
25,80000000E-3	-78,82960397E-9	
26,90000000E-3	-79,98536935E-9	
27,50000000E-3	-81,33804505E-9	
28,30000000E-3	-82,22797682E-9	
29,20000000E-3	-82,03365301E-9	
29,80000000E-3	-81,00562663E-9	
30,70000000E-3	-79,84662502E-9	
31,50000000E-3	-78,95746162E-9	
32,20000000E-3	-78,17572990E-9	
32,90000000E-3	-77,37726551E-9	
33,80000000E-3	-76,72191220E-9	
34,40000000E-3	-76,29699868E-9	
35,20000000E-3	-76,18886781E-9	
36,00000000E-3	-76,37448772E-9	
36,70000000E-3	-76,35184657E-9	
37,40000000E-3	-75,52695207E-9	
38,20000000E-3	-73,75071500E-9	
39,00000000E-3	-71,67116561E-9	
39,80000000E-3	-69,38270094E-9	
40,60000000E-3	-67,01428388E-9	
41,20000000E-3	-65,30187840E-9	
42,00000000E-3	-64,31450249E-9	
42,80000000E-3	-63,96122933E-9	
43,60000000E-3	-63,62102685E-9	
44,30000000E-3	-62,56936527E-9	
45,20000000E-3	-60,70264059E-9	
45,70000000E-3	-58,22156220E-9	
46,50000000E-3	-55,55393495E-9	
47,10000000E-3	-53,19183719E-9	
48,00000000E-3	-50,66781369E-9	
48,90000000E-3	-47,47818493E-9	
49,60000000E-3	-44,36599526E-9	
50,30000000E-3	-42,04675855E-9	
51,10000000E-3	-40,23545556E-9	
51,70000000E-3	-38,46125712E-9	
52,60000000E-3	-36,43768634E-9	
53,50000000E-3	-34,36772516E-9	
54,20000000E-3	-32,80663339E-9	
54,80000000E-3	-31,88891797E-9	
55,70000000E-3	-31,35603718E-9	
56,40000000E-3	-30,83319878E-9	
57,10000000E-3	-29,71187166E-9	
58,00000000E-3	-27,52510321E-9	
58,60000000E-3	-24,66991235E-9	
59,40000000E-3	-21,73689348E-9	
60,30000000E-3	-18,86029468E-9	
60,80000000E-3	-16,72178118E-9	
61,70000000E-3	-15,32492949E-9	
62,60000000E-3	-13,83191957E-9	
63,20000000E-3	-11,93847277E-9	
64,00000000E-3	-10,23290578E-9	
64,60000000E-3	-8,93218639E-9	
65,40000000E-3	-7,68136365E-9	
66,30000000E-3	-6,28371204E-9	
66,90000000E-3	-4,63770902E-9	
67,70000000E-3	-2,64509945E-9	
68,30000000E-3	-429,96725249E-12	
69,20000000E-3	1,41776361E-9	
70,00000000E-3	2,84811263E-9	
70,90000000E-3	4,10791935E-9	
71,50000000E-3	5,40400782E-9	
72,30000000E-3	6,68209239E-9	
72,90000000E-3	7,67144011E-9	
73,70000000E-3	8,57968124E-9	
74,60000000E-3	9,61016112E-9	
75,10000000E-3	11,14049093E-9	
76,00000000E-3	13,98738296E-9	
76,90000000E-3	17,33570654E-9	
77,70000000E-3	20,12523869E-9	
78,20000000E-3	22,41151223E-9	
79,10000000E-3	23,94570203E-9	
80,00000000E-3	24,54085491E-9	
80,60000000E-3	24,16598800E-9	
81,40000000E-3	23,50659745E-9	
82,10000000E-3	23,36504132E-9	
82,80000000E-3	23,92303094E-9	
83,60000000E-3	24,95627193E-9	
84,00000000E-3	26,27155481E-9	
85,00000000E-3	28,03241148E-9	
85,80000000E-3	30,85516897E-9	
86,70000000E-3	34,67451280E-9	
87,20000000E-3	38,37264371E-9	
88,10000000E-3	41,45563793E-9	
88,90000000E-3	43,40629412E-9	
89,50000000E-3	43,96919014E-9	
90,40000000E-3	43,31401223E-9	
91,00000000E-3	42,55598433E-9	
91,80000000E-3	42,27769722E-9	
92,70000000E-3	42,40914270E-9	
93,20000000E-3	42,60736878E-9	
94,10000000E-3	42,63695700E-9	
94,70000000E-3	42,36358159E-9	
95,50000000E-3	41,76754528E-9	
96,40000000E-3	41,33188723E-9	
96,90000000E-3	41,91329291E-9	
97,80000000E-3	44,02764040E-9	
98,70000000E-3	47,56759106E-9	
99,30000000E-3	51,48993065E-9	
100,10000000E-3	54,22060425E-9	
100,60000000E-3	55,66720475E-9	
101,60000000E-3	56,55909741E-9	
102,40000000E-3	56,88531240E-9	
103,20000000E-3	56,24508465E-9	
103,80000000E-3	54,72623580E-9	
104,60000000E-3	53,33262456E-9	
105,20000000E-3	53,16941129E-9	
106,10000000E-3	54,56035871E-9	
106,90000000E-3	56,88230017E-9	
107,50000000E-3	59,08460923E-9	
108,40000000E-3	60,73202813E-9	
109,00000000E-3	61,82961802E-9	
109,70000000E-3	62,65725576E-9	
110,70000000E-3	63,74790557E-9	
111,20000000E-3	65,54896778E-9	
112,00000000E-3	67,51200796E-9	
112,80000000E-3	68,87218747E-9	
113,70000000E-3	69,51950299E-9	
114,40000000E-3	69,96445622E-9	
115,20000000E-3	70,67360388E-9	
115,40000000E-3	71,81692376E-9	
116,60000000E-3	73,17683408E-9	
117,40000000E-3	74,67233635E-9	
118,00000000E-3	76,25503098E-9	
118,90000000E-3	77,71934113E-9	
119,70000000E-3	78,76267609E-9	
120,30000000E-3	78,91193652E-9	
121,20000000E-3	77,89788530E-9	
121,70000000E-3	76,21075983E-9	
122,60000000E-3	74,51594302E-9	
123,30000000E-3	73,24235367E-9	
124,00000000E-3	73,14419802E-9	
124,90000000E-3	74,55393084E-9	
125,70000000E-3	76,99330963E-9	
126,20000000E-3	79,65253455E-9	
127,20000000E-3	81,98869957E-9	
127,70000000E-3	83,89305491E-9	
128,70000000E-3	85,96470000E-9	
129,50000000E-3	88,31988956E-9	
130,10000000E-3	90,92870554E-9	
130,90000000E-3	93,11332899E-9	
131,80000000E-3	94,61320532E-9	
132,70000000E-3	95,67807659E-9	
133,20000000E-3	96,10370212E-9	
134,10000000E-3	95,65974489E-9	
134,70000000E-3	94,86225766E-9	
135,60000000E-3	94,35680108E-9	
136,40000000E-3	94,62089137E-9	
136,90000000E-3	95,45759594E-9	
137,80000000E-3	96,57779804E-9	
138,70000000E-3	97,83555960E-9	
139,30000000E-3	98,91770733E-9	
140,10000000E-3	99,60609596E-9	
141,00000000E-3	100,25967428E-9	
141,60000000E-3	101,12889110E-9	
142,50000000E-3	102,12698211E-9	
143,00000000E-3	103,10023156E-9	
143,80000000E-3	103,71221093E-9	
144,80000000E-3	103,68915844E-9	
145,30000000E-3	103,31911452E-9	
146,00000000E-3	103,79731068E-9	
146,90000000E-3	105,77079160E-9	
147,70000000E-3	108,44993805E-9	
148,50000000E-3	111,09923118E-9	
149,10000000E-3	113,13972810E-9	
150,00000000E-3	114,56709634E-9	
150,70000000E-3	115,64108401E-9	
151,40000000E-3	116,55636299E-9	
152,30000000E-3	116,91702715E-9	
152,80000000E-3	116,66674517E-9	
153,60000000E-3	116,34071536E-9	
154,20000000E-3	116,60573751E-9	
155,10000000E-3	117,80831400E-9	
156,00000000E-3	119,33754415E-9	
156,30000000E-3	120,77678898E-9	
157,40000000E-3	122,11627057E-9	
158,30000000E-3	123,17924448E-9	
158,90000000E-3	123,72173856E-9	
159,70000000E-3	123,88480750E-9	
160,60000000E-3	124,21266654E-9	
161,20000000E-3	124,93650924E-9	
162,00000000E-3	125,97935913E-9	
162,80000000E-3	127,19480419E-9	
163,40000000E-3	128,25070643E-9	
164,30000000E-3	129,12774155E-9	
164,90000000E-3	129,69421404E-9	
165,80000000E-3	129,93980023E-9	
166,60000000E-3	130,11352765E-9	
167,20000000E-3	130,20587711E-9	
168,10000000E-3	130,29930410E-9	
168,90000000E-3	130,72107480E-9	
169,50000000E-3	131,39399834E-9	
169,80000000E-3	131,77301822E-9	
171,10000000E-3	131,82701673E-9	
172,00000000E-3	132,16828788E-9	
172,60000000E-3	133,15954040E-9	
173,30000000E-3	134,29880902E-9	
173,80000000E-3	135,27248047E-9	
174,90000000E-3	135,77200323E-9	
175,80000000E-3	135,77609635E-9	
176,40000000E-3	135,36319699E-9	
177,10000000E-3	134,47127191E-9	
177,80000000E-3	133,63354830E-9	
178,50000000E-3	133,72309184E-9	
179,20000000E-3	134,92759835E-9	
180,10000000E-3	136,71668282E-9	
180,40000000E-3	138,28144616E-9	
181,50000000E-3	138,72422561E-9	
182,10000000E-3	137,79482469E-9	
182,70000000E-3	136,23218362E-9	
183,70000000E-3	135,07245123E-9	
184,60000000E-3	135,01506288E-9	
184,60000000E-3	135,90073957E-9	
186,10000000E-3	137,06472639E-9	
186,80000000E-3	137,88454630E-9	
187,80000000E-3	138,35168246E-9	
188,30000000E-3	138,61404707E-9	
189,20000000E-3	138,80340621E-9	
190,10000000E-3	139,03304229E-9	
190,70000000E-3	139,30491019E-9	
191,50000000E-3	139,20339861E-9	
192,10000000E-3	138,72253638E-9	
192,90000000E-3	138,25178289E-9	
193,80000000E-3	137,91255480E-9	
194,40000000E-3	137,92067254E-9	
195,30000000E-3	138,90474135E-9	
195,80000000E-3	140,61869694E-9	
196,80000000E-3	142,13032539E-9	
197,20000000E-3	142,97044897E-9	
198,20000000E-3	143,36028350E-9	
198,70000000E-3	143,68691784E-9	
199,80000000E-3	143,92891899E-9	
