0,00000000E+0	1,33971480E-6	
0,00000000E+0	1,32068179E-6	
200,00000000E-6	1,30749089E-6	
500,00000000E-6	1,31069837E-6	
800,00000000E-6	1,31755481E-6	
1,30000000E-3	1,31724560E-6	
1,90000000E-3	1,30548287E-6	
2,30000000E-3	1,28750503E-6	
3,00000000E-3	1,27549418E-6	
3,70000000E-3	1,27346593E-6	
4,20000000E-3	1,27940912E-6	
5,00000000E-3	1,28893756E-6	
5,70000000E-3	1,29644710E-6	
6,30000000E-3	1,30198630E-6	
7,10000000E-3	1,31275065E-6	
7,90000000E-3	1,33068126E-6	
8,70000000E-3	1,34933992E-6	
9,30000000E-3	1,36281355E-6	
10,10000000E-3	1,36712170E-6	
10,70000000E-3	1,36392878E-6	
11,50000000E-3	1,36894324E-6	
12,30000000E-3	1,38654166E-6	
13,20000000E-3	1,39891950E-6	
13,70000000E-3	1,39916005E-6	
14,60000000E-3	1,39198213E-6	
15,40000000E-3	1,38626041E-6	
16,20000000E-3	1,37795499E-6	
16,80000000E-3	1,35920371E-6	
17,60000000E-3	1,33217532E-6	
18,50000000E-3	1,30766224E-6	
19,00000000E-3	1,29218084E-6	
20,00000000E-3	1,28203889E-6	
20,70000000E-3	1,26673257E-6	
21,00000000E-3	1,23718567E-6	
22,20000000E-3	1,19574386E-6	
22,90000000E-3	1,15318912E-6	
23,60000000E-3	1,12023949E-6	
24,10000000E-3	1,09786967E-6	
25,40000000E-3	1,07924068E-6	
26,00000000E-3	1,05614892E-6	
26,70000000E-3	1,02663529E-6	
27,60000000E-3	994,24789037E-9	
28,30000000E-3	955,87718969E-9	
29,10000000E-3	919,24927476E-9	
30,00000000E-3	894,70039736E-9	
30,80000000E-3	883,21892296E-9	
31,40000000E-3	876,76115363E-9	
32,20000000E-3	856,89706280E-9	
32,70000000E-3	818,36269995E-9	
33,60000000E-3	781,22646438E-9	
34,50000000E-3	762,09786936E-9	
35,00000000E-3	761,50601996E-9	
35,90000000E-3	763,42711436E-9	
36,70000000E-3	755,26756691E-9	
37,30000000E-3	740,49829966E-9	
38,20000000E-3	733,16026485E-9	
38,70000000E-3	739,90476245E-9	
39,50000000E-3	755,46863779E-9	
40,40000000E-3	775,03785374E-9	
40,90000000E-3	799,53227071E-9	
41,80000000E-3	835,36194040E-9	
42,70000000E-3	878,67748585E-9	
43,20000000E-3	921,38770759E-9	
44,10000000E-3	959,86067141E-9	
44,90000000E-3	991,94091795E-9	
45,50000000E-3	1,02323554E-6	
46,40000000E-3	1,06327093E-6	
47,20000000E-3	1,11255791E-6	
48,10000000E-3	1,17296443E-6	
48,60000000E-3	1,24158832E-6	
49,50000000E-3	1,30981373E-6	
50,10000000E-3	1,37822402E-6	
50,90000000E-3	1,44943052E-6	
51,80000000E-3	1,52174040E-6	
52,10000000E-3	1,58947062E-6	
53,30000000E-3	1,64829207E-6	
53,90000000E-3	1,69758124E-6	
54,80000000E-3	1,74660612E-6	
55,30000000E-3	1,80734674E-6	
56,20000000E-3	1,87747780E-6	
57,10000000E-3	1,95527396E-6	
57,60000000E-3	2,04828638E-6	
58,10000000E-3	2,15118809E-6	
59,30000000E-3	2,24440824E-6	
59,30000000E-3	2,32068990E-6	
60,90000000E-3	2,38232212E-6	
61,70000000E-3	2,42681095E-6	
62,30000000E-3	2,45650119E-6	
63,10000000E-3	2,47238469E-6	
63,70000000E-3	2,48410090E-6	
64,60000000E-3	2,51226894E-6	
65,40000000E-3	2,56193611E-6	
66,00000000E-3	2,61586499E-6	
66,80000000E-3	2,65452887E-6	
67,70000000E-3	2,67547918E-6	
68,30000000E-3	2,68888630E-6	
69,20000000E-3	2,70272978E-6	
69,90000000E-3	2,71299806E-6	
70,60000000E-3	2,71905837E-6	
71,40000000E-3	2,73019316E-6	
72,10000000E-3	2,74127135E-6	
72,80000000E-3	2,73844009E-6	
73,70000000E-3	2,71834503E-6	
74,30000000E-3	2,68650677E-6	
75,20000000E-3	2,64602111E-6	
76,00000000E-3	2,59910054E-6	
76,60000000E-3	2,55227058E-6	
77,40000000E-3	2,51099449E-6	
78,00000000E-3	2,48040578E-6	
78,80000000E-3	2,45878290E-6	
79,70000000E-3	2,44381023E-6	
80,30000000E-3	2,42414840E-6	
81,10000000E-3	2,39200105E-6	
82,00000000E-3	2,35625371E-6	
82,70000000E-3	2,32653419E-6	
83,40000000E-3	2,30078485E-6	
83,70000000E-3	2,27591084E-6	
84,80000000E-3	2,24179863E-6	
85,60000000E-3	2,19345924E-6	
86,40000000E-3	2,14005187E-6	
87,10000000E-3	2,09513849E-6	
87,80000000E-3	2,05832269E-6	
88,50000000E-3	2,02682719E-6	
89,30000000E-3	1,99781326E-6	
89,90000000E-3	1,96897104E-6	
90,90000000E-3	1,93408879E-6	
91,80000000E-3	1,90408916E-6	
92,40000000E-3	1,88522803E-6	
93,20000000E-3	1,87618182E-6	
94,10000000E-3	1,86551801E-6	
94,70000000E-3	1,85060285E-6	
95,50000000E-3	1,84105202E-6	
96,40000000E-3	1,83998928E-6	
97,20000000E-3	1,83896094E-6	
97,80000000E-3	1,83400982E-6	
98,70000000E-3	1,82623530E-6	
99,20000000E-3	1,81702297E-6	
100,10000000E-3	1,81001205E-6	
101,00000000E-3	1,80836424E-6	
101,50000000E-3	1,81391373E-6	
102,40000000E-3	1,81913228E-6	
103,20000000E-3	1,81527733E-6	
104,10000000E-3	1,80489494E-6	
104,60000000E-3	1,79457201E-6	
105,50000000E-3	1,79099154E-6	
106,10000000E-3	1,79334591E-6	
106,90000000E-3	1,79448681E-6	
107,20000000E-3	1,79577414E-6	
108,30000000E-3	1,80179953E-6	
109,10000000E-3	1,80739053E-6	
109,70000000E-3	1,81347843E-6	
110,50000000E-3	1,82539745E-6	
111,20000000E-3	1,84479631E-6	
112,30000000E-3	1,86889596E-6	
113,10000000E-3	1,89353471E-6	
113,80000000E-3	1,91621561E-6	
114,60000000E-3	1,93762017E-6	
115,10000000E-3	1,96216139E-6	
116,00000000E-3	1,98861072E-6	
116,90000000E-3	2,00606493E-6	
117,40000000E-3	2,01280721E-6	
118,30000000E-3	2,01524439E-6	
119,10000000E-3	2,01286296E-6	
119,10000000E-3	2,00489113E-6	
120,40000000E-3	1,99521960E-6	
121,30000000E-3	1,98927574E-6	
122,10000000E-3	1,98767931E-6	
122,70000000E-3	1,98667649E-6	
123,60000000E-3	1,98709485E-6	
124,40000000E-3	1,98833730E-6	
125,00000000E-3	1,98581530E-6	
125,90000000E-3	1,98329369E-6	
126,70000000E-3	1,98310990E-6	
127,20000000E-3	1,98280506E-6	
128,10000000E-3	1,97788861E-6	
128,90000000E-3	1,96619676E-6	
129,50000000E-3	1,95957339E-6	
130,40000000E-3	1,97217455E-6	
130,90000000E-3	1,99867650E-6	
131,80000000E-3	2,01797473E-6	
132,40000000E-3	2,03277488E-6	
133,30000000E-3	2,05427276E-6	
134,10000000E-3	2,08522682E-6	
134,60000000E-3	2,11868849E-6	
135,50000000E-3	2,14873735E-6	
136,10000000E-3	2,17262468E-6	
137,00000000E-3	2,19521734E-6	
137,80000000E-3	2,21740398E-6	
138,40000000E-3	2,22849482E-6	
139,20000000E-3	2,22310090E-6	
139,80000000E-3	2,20526747E-6	
140,70000000E-3	2,18415559E-6	
141,60000000E-3	2,17174597E-6	
142,10000000E-3	2,16984008E-6	
143,00000000E-3	2,17081808E-6	
143,80000000E-3	2,16943031E-6	
144,40000000E-3	2,16407393E-6	
145,30000000E-3	2,15393357E-6	
146,10000000E-3	2,14102747E-6	
146,70000000E-3	2,12894464E-6	
147,50000000E-3	2,11865102E-6	
148,40000000E-3	2,10954028E-6	
148,90000000E-3	2,10250546E-6	
149,90000000E-3	2,09114525E-6	
150,70000000E-3	2,07920808E-6	
151,20000000E-3	2,07287458E-6	
152,10000000E-3	2,07437351E-6	
152,90000000E-3	2,07870860E-6	
153,50000000E-3	2,07402032E-6	
154,40000000E-3	2,06199225E-6	
155,20000000E-3	2,04907780E-6	
155,80000000E-3	2,03395648E-6	
156,70000000E-3	2,01615846E-6	
157,20000000E-3	1,99567305E-6	
158,30000000E-3	1,96858431E-6	
159,20000000E-3	1,93719540E-6	
159,80000000E-3	1,90993447E-6	
160,60000000E-3	1,89506072E-6	
161,20000000E-3	1,89094711E-6	
162,10000000E-3	1,89133478E-6	
162,70000000E-3	1,89465395E-6	
162,90000000E-3	1,90074347E-6	
164,20000000E-3	1,90348839E-6	
165,00000000E-3	1,90521958E-6	
165,70000000E-3	1,91384473E-6	
166,50000000E-3	1,92276774E-6	
167,30000000E-3	1,91462258E-6	
167,90000000E-3	1,88032555E-6	
168,80000000E-3	1,83383533E-6	
169,70000000E-3	1,79712172E-6	
170,20000000E-3	1,77691995E-6	
171,00000000E-3	1,76769333E-6	
171,60000000E-3	1,76705029E-6	
172,50000000E-3	1,77200704E-6	
173,30000000E-3	1,77124621E-6	
174,10000000E-3	1,75884272E-6	
174,80000000E-3	1,74217583E-6	
175,70000000E-3	1,72804403E-6	
176,30000000E-3	1,71515634E-6	
177,00000000E-3	1,70241252E-6	
177,60000000E-3	1,69267561E-6	
178,50000000E-3	1,69091878E-6	
179,40000000E-3	1,69423300E-6	
180,00000000E-3	1,69364453E-6	
180,90000000E-3	1,68601516E-6	
181,40000000E-3	1,67181616E-6	
182,30000000E-3	1,65621085E-6	
183,20000000E-3	1,64666520E-6	
183,90000000E-3	1,64456235E-6	
184,60000000E-3	1,64553397E-6	
185,40000000E-3	1,64508701E-6	
186,00000000E-3	1,64109387E-6	
186,80000000E-3	1,63738883E-6	
187,70000000E-3	1,63589589E-6	
188,50000000E-3	1,63220190E-6	
189,20000000E-3	1,62308415E-6	
190,00000000E-3	1,61144524E-6	
190,70000000E-3	1,60083329E-6	
191,40000000E-3	1,58583590E-6	
192,20000000E-3	1,55888320E-6	
192,90000000E-3	1,52897663E-6	
193,70000000E-3	1,50031365E-6	
194,20000000E-3	1,47497039E-6	
195,40000000E-3	1,45787752E-6	
196,00000000E-3	1,44475602E-6	
196,90000000E-3	1,42984348E-6	
197,40000000E-3	1,41619596E-6	
198,30000000E-3	1,40579621E-6	
199,10000000E-3	1,39697943E-6	
199,90000000E-3	1,39392686E-6	
