-0,00000000E+0	1,34017676E-6	
-0,00000000E+0	1,33015974E-6	
200,00000000E-6	1,31795321E-6	
400,00000000E-6	1,31131969E-6	
700,00000000E-6	1,31122713E-6	
1,10000000E-3	1,31339392E-6	
1,50000000E-3	1,31344586E-6	
1,90000000E-3	1,31315554E-6	
2,40000000E-3	1,31324966E-6	
2,90000000E-3	1,31372951E-6	
3,40000000E-3	1,31306386E-6	
3,90000000E-3	1,31154688E-6	
4,40000000E-3	1,30557605E-6	
5,00000000E-3	1,29467186E-6	
5,50000000E-3	1,27828007E-6	
6,10000000E-3	1,25793142E-6	
6,70000000E-3	1,24365872E-6	
7,30000000E-3	1,24616119E-6	
7,90000000E-3	1,26446497E-6	
8,50000000E-3	1,28848352E-6	
9,10000000E-3	1,30528457E-6	
9,70000000E-3	1,31156901E-6	
10,30000000E-3	1,30953457E-6	
10,90000000E-3	1,30445654E-6	
11,50000000E-3	1,30063509E-6	
12,20000000E-3	1,29857442E-6	
12,80000000E-3	1,30150669E-6	
13,40000000E-3	1,31380876E-6	
14,00000000E-3	1,33396085E-6	
14,60000000E-3	1,34806578E-6	
15,20000000E-3	1,35065499E-6	
15,80000000E-3	1,34742832E-6	
16,50000000E-3	1,34191699E-6	
17,10000000E-3	1,33638056E-6	
17,70000000E-3	1,32709736E-6	
18,30000000E-3	1,31217006E-6	
19,00000000E-3	1,29432204E-6	
19,60000000E-3	1,27452462E-6	
20,20000000E-3	1,25122324E-6	
20,80000000E-3	1,22620564E-6	
21,40000000E-3	1,20251363E-6	
22,10000000E-3	1,17974113E-6	
22,70000000E-3	1,15759757E-6	
23,30000000E-3	1,13259473E-6	
23,90000000E-3	1,10229881E-6	
24,50000000E-3	1,06891702E-6	
25,10000000E-3	1,03471378E-6	
25,80000000E-3	999,09597158E-9	
26,40000000E-3	964,64881137E-9	
26,90000000E-3	931,42834531E-9	
27,60000000E-3	898,82056554E-9	
28,20000000E-3	869,46288106E-9	
28,20000000E-3	843,28208978E-9	
29,20000000E-3	819,62615161E-9	
30,10000000E-3	803,22008138E-9	
30,70000000E-3	794,90400015E-9	
31,30000000E-3	783,29259345E-9	
31,90000000E-3	760,17425380E-9	
32,50000000E-3	730,50334140E-9	
33,20000000E-3	706,77686833E-9	
33,80000000E-3	695,34042375E-9	
34,40000000E-3	691,50061587E-9	
35,00000000E-3	691,06577002E-9	
35,70000000E-3	690,52055925E-9	
36,30000000E-3	687,45528114E-9	
36,90000000E-3	676,95846270E-9	
37,50000000E-3	662,73159634E-9	
38,20000000E-3	654,55495194E-9	
38,70000000E-3	653,25117220E-9	
38,70000000E-3	654,30947027E-9	
39,70000000E-3	660,94236811E-9	
40,50000000E-3	682,61396385E-9	
41,10000000E-3	716,59900896E-9	
41,70000000E-3	752,84415737E-9	
42,30000000E-3	788,21568015E-9	
42,90000000E-3	819,34224663E-9	
43,50000000E-3	852,53675104E-9	
44,10000000E-3	887,72276278E-9	
44,80000000E-3	923,22929418E-9	
45,40000000E-3	953,92404715E-9	
46,00000000E-3	976,89881118E-9	
46,60000000E-3	999,73430134E-9	
47,20000000E-3	1,03677465E-6	
47,80000000E-3	1,09290443E-6	
48,40000000E-3	1,15797513E-6	
49,10000000E-3	1,22082303E-6	
49,70000000E-3	1,27866851E-6	
50,30000000E-3	1,33186659E-6	
50,90000000E-3	1,37908001E-6	
51,60000000E-3	1,42587943E-6	
52,20000000E-3	1,47775665E-6	
52,80000000E-3	1,53056853E-6	
53,40000000E-3	1,58151712E-6	
54,10000000E-3	1,63158975E-6	
54,70000000E-3	1,67759693E-6	
55,30000000E-3	1,71921352E-6	
55,90000000E-3	1,76428754E-6	
56,50000000E-3	1,82403973E-6	
57,20000000E-3	1,90209215E-6	
57,80000000E-3	1,99243027E-6	
58,10000000E-3	2,08658012E-6	
59,10000000E-3	2,17209864E-6	
59,90000000E-3	2,23621077E-6	
60,50000000E-3	2,27576929E-6	
60,90000000E-3	2,31025060E-6	
61,50000000E-3	2,34828686E-6	
62,10000000E-3	2,37554819E-6	
62,80000000E-3	2,38856406E-6	
63,40000000E-3	2,39770019E-6	
64,00000000E-3	2,41394220E-6	
64,60000000E-3	2,44634972E-6	
65,30000000E-3	2,49462688E-6	
65,80000000E-3	2,54927494E-6	
66,50000000E-3	2,59826749E-6	
66,70000000E-3	2,62985909E-6	
67,80000000E-3	2,64076921E-6	
68,50000000E-3	2,64068691E-6	
69,00000000E-3	2,64414416E-6	
69,70000000E-3	2,65950444E-6	
70,20000000E-3	2,68571301E-6	
70,90000000E-3	2,71455574E-6	
71,50000000E-3	2,73738245E-6	
72,10000000E-3	2,75174827E-6	
72,70000000E-3	2,75835153E-6	
73,30000000E-3	2,75060030E-6	
74,00000000E-3	2,72627009E-6	
74,70000000E-3	2,69214055E-6	
75,30000000E-3	2,65339608E-6	
75,90000000E-3	2,61757011E-6	
76,50000000E-3	2,58727424E-6	
77,10000000E-3	2,55890937E-6	
77,70000000E-3	2,53046535E-6	
78,30000000E-3	2,50457042E-6	
78,90000000E-3	2,47929280E-6	
79,50000000E-3	2,44718280E-6	
80,20000000E-3	2,41327347E-6	
80,90000000E-3	2,38007777E-6	
81,50000000E-3	2,34665360E-6	
82,10000000E-3	2,31964221E-6	
82,70000000E-3	2,30065455E-6	
83,30000000E-3	2,28407846E-6	
83,90000000E-3	2,26471406E-6	
84,50000000E-3	2,23981971E-6	
85,10000000E-3	2,20798962E-6	
85,70000000E-3	2,17256586E-6	
86,20000000E-3	2,13994827E-6	
86,80000000E-3	2,10737759E-6	
87,80000000E-3	2,07383383E-6	
88,40000000E-3	2,04116218E-6	
89,00000000E-3	2,01019976E-6	
89,50000000E-3	1,98336888E-6	
90,10000000E-3	1,96232117E-6	
90,70000000E-3	1,94481290E-6	
91,30000000E-3	1,92414732E-6	
92,10000000E-3	1,90165832E-6	
92,40000000E-3	1,87999787E-6	
92,90000000E-3	1,86428749E-6	
93,60000000E-3	1,85342289E-6	
94,40000000E-3	1,83174914E-6	
94,90000000E-3	1,79907946E-6	
95,50000000E-3	1,77347400E-6	
96,40000000E-3	1,76606631E-6	
96,60000000E-3	1,76889898E-6	
97,20000000E-3	1,77283907E-6	
98,10000000E-3	1,77583489E-6	
98,60000000E-3	1,77048724E-6	
99,20000000E-3	1,75892481E-6	
99,80000000E-3	1,75227469E-6	
100,50000000E-3	1,75333720E-6	
101,10000000E-3	1,75796022E-6	
101,90000000E-3	1,76361348E-6	
102,50000000E-3	1,77193806E-6	
103,10000000E-3	1,77940834E-6	
103,70000000E-3	1,78102779E-6	
104,30000000E-3	1,77845694E-6	
104,80000000E-3	1,77808867E-6	
105,60000000E-3	1,78490301E-6	
106,20000000E-3	1,79467704E-6	
106,80000000E-3	1,80000257E-6	
107,40000000E-3	1,79780778E-6	
107,90000000E-3	1,79702519E-6	
108,50000000E-3	1,80189067E-6	
109,40000000E-3	1,80599609E-6	
109,90000000E-3	1,80524873E-6	
110,50000000E-3	1,80138035E-6	
111,10000000E-3	1,80177181E-6	
111,60000000E-3	1,81428574E-6	
112,50000000E-3	1,83183129E-6	
113,10000000E-3	1,84572586E-6	
113,40000000E-3	1,85501009E-6	
114,00000000E-3	1,86584346E-6	
114,60000000E-3	1,88503916E-6	
115,40000000E-3	1,92013759E-6	
116,00000000E-3	1,95628129E-6	
116,60000000E-3	1,98231452E-6	
117,10000000E-3	1,98623765E-6	
118,00000000E-3	1,97312013E-6	
118,60000000E-3	1,95445011E-6	
119,10000000E-3	1,93801215E-6	
119,70000000E-3	1,92812106E-6	
120,30000000E-3	1,92865047E-6	
121,00000000E-3	1,93708205E-6	
121,70000000E-3	1,95107622E-6	
122,30000000E-3	1,96459063E-6	
122,60000000E-3	1,97087544E-6	
123,40000000E-3	1,96976517E-6	
123,90000000E-3	1,96385740E-6	
124,50000000E-3	1,95827367E-6	
125,20000000E-3	1,95876833E-6	
126,00000000E-3	1,96627028E-6	
126,60000000E-3	1,97590160E-6	
127,10000000E-3	1,97947493E-6	
127,60000000E-3	1,97488630E-6	
128,20000000E-3	1,96459232E-6	
129,00000000E-3	1,95583455E-6	
129,70000000E-3	1,95223347E-6	
130,20000000E-3	1,95318197E-6	
130,50000000E-3	1,95635377E-6	
131,60000000E-3	1,95968925E-6	
132,10000000E-3	1,96898233E-6	
132,70000000E-3	1,98753643E-6	
133,30000000E-3	2,01153809E-6	
134,10000000E-3	2,03414498E-6	
134,70000000E-3	2,05526589E-6	
135,30000000E-3	2,07420021E-6	
135,80000000E-3	2,08632477E-6	
136,40000000E-3	2,09530617E-6	
137,10000000E-3	2,10893364E-6	
137,80000000E-3	2,12397341E-6	
138,40000000E-3	2,13371654E-6	
139,00000000E-3	2,13460249E-6	
139,20000000E-3	2,12936170E-6	
140,10000000E-3	2,11953369E-6	
140,60000000E-3	2,10811289E-6	
141,50000000E-3	2,10621569E-6	
142,10000000E-3	2,11316369E-6	
142,70000000E-3	2,12250653E-6	
143,30000000E-3	2,13359328E-6	
143,80000000E-3	2,14506252E-6	
144,40000000E-3	2,14866881E-6	
145,20000000E-3	2,14136807E-6	
145,80000000E-3	2,12678519E-6	
146,30000000E-3	2,11330968E-6	
146,90000000E-3	2,10902344E-6	
147,50000000E-3	2,10978328E-6	
148,10000000E-3	2,10837425E-6	
148,90000000E-3	2,09912842E-6	
149,50000000E-3	2,08494130E-6	
150,10000000E-3	2,06842563E-6	
150,70000000E-3	2,05594767E-6	
151,20000000E-3	2,04963931E-6	
152,00000000E-3	2,04575488E-6	
152,60000000E-3	2,04171827E-6	
153,20000000E-3	2,03623743E-6	
153,80000000E-3	2,02780125E-6	
154,30000000E-3	2,01497689E-6	
155,00000000E-3	2,00044419E-6	
155,80000000E-3	1,98231315E-6	
156,40000000E-3	1,95729879E-6	
156,90000000E-3	1,93127524E-6	
157,40000000E-3	1,91296925E-6	
158,00000000E-3	1,90180929E-6	
158,90000000E-3	1,89333302E-6	
159,50000000E-3	1,88782189E-6	
160,10000000E-3	1,88763163E-6	
160,70000000E-3	1,89051334E-6	
161,20000000E-3	1,89013562E-6	
161,80000000E-3	1,88402142E-6	
162,60000000E-3	1,87474131E-6	
163,20000000E-3	1,86552773E-6	
163,80000000E-3	1,86144874E-6	
164,30000000E-3	1,86651761E-6	
164,90000000E-3	1,87030141E-6	
165,60000000E-3	1,86643495E-6	
166,40000000E-3	1,86236834E-6	
166,90000000E-3	1,86364599E-6	
167,50000000E-3	1,86886894E-6	
168,10000000E-3	1,86942856E-6	
168,60000000E-3	1,86075075E-6	
169,50000000E-3	1,84548235E-6	
170,00000000E-3	1,83044580E-6	
170,30000000E-3	1,81736180E-6	
170,90000000E-3	1,80180505E-6	
171,80000000E-3	1,78656239E-6	
172,40000000E-3	1,77572330E-6	
173,00000000E-3	1,76961781E-6	
173,70000000E-3	1,76386118E-6	
174,40000000E-3	1,75492290E-6	
175,00000000E-3	1,74452147E-6	
175,60000000E-3	1,73388994E-6	
176,10000000E-3	1,72708172E-6	
176,70000000E-3	1,72709264E-6	
177,40000000E-3	1,72948263E-6	
177,80000000E-3	1,72887329E-6	
178,40000000E-3	1,72623956E-6	
179,30000000E-3	1,72023833E-6	
179,70000000E-3	1,70497548E-6	
180,40000000E-3	1,68058455E-6	
181,20000000E-3	1,65096149E-6	
181,80000000E-3	1,62617476E-6	
182,40000000E-3	1,61451517E-6	
182,70000000E-3	1,61083902E-6	
183,50000000E-3	1,60951339E-6	
183,90000000E-3	1,61015132E-6	
184,50000000E-3	1,61813421E-6	
185,50000000E-3	1,63207749E-6	
186,00000000E-3	1,64187782E-6	
186,60000000E-3	1,63967322E-6	
187,20000000E-3	1,62445320E-6	
187,80000000E-3	1,60284286E-6	
188,40000000E-3	1,58639308E-6	
189,00000000E-3	1,58131904E-6	
189,50000000E-3	1,58201286E-6	
190,40000000E-3	1,58433866E-6	
191,10000000E-3	1,58677223E-6	
191,50000000E-3	1,58058738E-6	
192,10000000E-3	1,56180160E-6	
192,60000000E-3	1,53331289E-6	
193,50000000E-3	1,50426549E-6	
194,10000000E-3	1,47466806E-6	
194,70000000E-3	1,44776151E-6	
195,30000000E-3	1,42752102E-6	
195,80000000E-3	1,41296278E-6	
196,50000000E-3	1,40245921E-6	
197,20000000E-3	1,39352986E-6	
197,80000000E-3	1,38833287E-6	
198,40000000E-3	1,39044834E-6	
199,00000000E-3	1,39840749E-6	
199,60000000E-3	1,40647998E-6	
200,20000000E-3	1,41012961E-6	
