0,00000000E+0	-66,41572717E-9	
100,00000000E-6	-64,22953715E-9	
200,00000000E-6	-63,36157631E-9	
600,00000000E-6	-63,92267703E-9	
1,20000000E-3	-65,50473893E-9	
1,50000000E-3	-67,49457083E-9	
2,20000000E-3	-69,57518578E-9	
2,90000000E-3	-71,89796520E-9	
3,30000000E-3	-74,51242533E-9	
4,10000000E-3	-76,92419735E-9	
4,50000000E-3	-78,53337728E-9	
5,30000000E-3	-79,19434194E-9	
6,10000000E-3	-79,34978877E-9	
6,60000000E-3	-79,78294587E-9	
7,50000000E-3	-80,65863091E-9	
8,00000000E-3	-81,58624192E-9	
8,90000000E-3	-82,49567532E-9	
9,70000000E-3	-83,53643870E-9	
10,30000000E-3	-84,89912665E-9	
11,10000000E-3	-86,82894946E-9	
11,90000000E-3	-89,01697052E-9	
12,50000000E-3	-90,69837787E-9	
13,40000000E-3	-91,92317085E-9	
13,90000000E-3	-93,14417341E-9	
14,80000000E-3	-94,39338605E-9	
15,60000000E-3	-95,41927136E-9	
16,20000000E-3	-96,11379605E-9	
17,10000000E-3	-96,47491336E-9	
17,90000000E-3	-96,80746099E-9	
18,80000000E-3	-98,00552810E-9	
19,30000000E-3	-100,97799066E-9	
20,20000000E-3	-106,43984209E-9	
21,10000000E-3	-113,01871752E-9	
21,90000000E-3	-119,64698354E-9	
22,50000000E-3	-125,43124600E-9	
23,40000000E-3	-129,27270755E-9	
24,20000000E-3	-131,92702209E-9	
24,80000000E-3	-134,64409020E-9	
25,50000000E-3	-137,88801580E-9	
26,20000000E-3	-141,46463187E-9	
27,00000000E-3	-144,52429908E-9	
27,70000000E-3	-146,65114561E-9	
28,30000000E-3	-148,34965359E-9	
29,20000000E-3	-150,16791867E-9	
30,10000000E-3	-152,53676124E-9	
30,80000000E-3	-155,55193650E-9	
31,50000000E-3	-158,36462948E-9	
32,40000000E-3	-160,12390354E-9	
32,90000000E-3	-160,72371904E-9	
33,70000000E-3	-160,28369038E-9	
34,50000000E-3	-158,58576343E-9	
35,40000000E-3	-155,91914595E-9	
36,00000000E-3	-152,87475484E-9	
36,90000000E-3	-149,38595453E-9	
37,80000000E-3	-146,18204449E-9	
38,30000000E-3	-142,61944235E-9	
39,00000000E-3	-138,16319262E-9	
39,90000000E-3	-132,27519705E-9	
40,80000000E-3	-126,16435877E-9	
41,40000000E-3	-119,58334830E-9	
42,30000000E-3	-111,72505662E-9	
43,00000000E-3	-102,55788583E-9	
43,70000000E-3	-92,44559193E-9	
44,30000000E-3	-81,61302907E-9	
45,30000000E-3	-70,31470369E-9	
45,80000000E-3	-59,12088354E-9	
46,70000000E-3	-46,89664875E-9	
47,70000000E-3	-35,49410861E-9	
48,30000000E-3	-23,22559282E-9	
48,90000000E-3	-10,03984622E-9	
49,80000000E-3	4,20397606E-9	
50,40000000E-3	19,29289816E-9	
51,30000000E-3	34,40477974E-9	
52,20000000E-3	49,06299879E-9	
52,80000000E-3	63,72436135E-9	
53,60000000E-3	78,97971101E-9	
54,30000000E-3	94,78831381E-9	
54,90000000E-3	111,13904170E-9	
55,80000000E-3	127,89808340E-9	
56,40000000E-3	144,35382081E-9	
57,40000000E-3	161,34634017E-9	
58,30000000E-3	176,66293298E-9	
58,90000000E-3	191,10067512E-9	
59,80000000E-3	205,99480353E-9	
60,40000000E-3	221,71891320E-9	
61,30000000E-3	237,78446545E-9	
62,20000000E-3	253,78003952E-9	
62,80000000E-3	269,99914575E-9	
63,60000000E-3	284,37582839E-9	
64,30000000E-3	297,60654178E-9	
64,90000000E-3	310,12518238E-9	
65,80000000E-3	322,00315319E-9	
66,70000000E-3	333,31488329E-9	
67,30000000E-3	344,39756579E-9	
68,10000000E-3	355,27127687E-9	
68,90000000E-3	365,56115507E-9	
69,50000000E-3	374,38136046E-9	
70,30000000E-3	381,69909752E-9	
71,00000000E-3	388,26415773E-9	
71,80000000E-3	394,70428041E-9	
72,70000000E-3	400,62940886E-9	
73,40000000E-3	405,58092945E-9	
74,00000000E-3	409,74043504E-9	
74,90000000E-3	413,31626863E-9	
75,50000000E-3	416,08706036E-9	
76,10000000E-3	418,11858710E-9	
77,20000000E-3	420,04551785E-9	
77,80000000E-3	421,74481665E-9	
78,80000000E-3	422,43935490E-9	
79,40000000E-3	422,56737172E-9	
80,00000000E-3	422,47983911E-9	
80,90000000E-3	421,65826771E-9	
81,80000000E-3	419,81346660E-9	
82,40000000E-3	417,63065926E-9	
83,30000000E-3	415,69337572E-9	
83,90000000E-3	414,23271753E-9	
84,50000000E-3	412,94125606E-9	
85,40000000E-3	411,41825871E-9	
86,30000000E-3	409,35503936E-9	
86,90000000E-3	406,76091459E-9	
87,80000000E-3	403,52820847E-9	
88,60000000E-3	399,67864404E-9	
89,20000000E-3	395,80482940E-9	
89,90000000E-3	392,28826184E-9	
90,60000000E-3	388,62866734E-9	
91,50000000E-3	384,08436455E-9	
92,40000000E-3	379,54693475E-9	
93,20000000E-3	375,91066228E-9	
93,80000000E-3	373,58622265E-9	
94,50000000E-3	372,16592768E-9	
95,40000000E-3	370,79455458E-9	
96,00000000E-3	369,38222425E-9	
96,90000000E-3	368,24409996E-9	
97,80000000E-3	367,59965709E-9	
98,40000000E-3	367,15594319E-9	
99,00000000E-3	366,37585461E-9	
100,00000000E-3	365,22933588E-9	
100,60000000E-3	363,82775122E-9	
101,50000000E-3	361,98722853E-9	
102,10000000E-3	359,92165458E-9	
102,70000000E-3	358,42998624E-9	
103,60000000E-3	358,52492678E-9	
104,20000000E-3	360,04859191E-9	
105,10000000E-3	361,46912575E-9	
105,70000000E-3	361,99781173E-9	
106,60000000E-3	362,13003012E-9	
107,40000000E-3	362,70884092E-9	
108,10000000E-3	364,28290693E-9	
108,70000000E-3	366,99796068E-9	
109,70000000E-3	370,56520806E-9	
110,20000000E-3	374,17053638E-9	
111,20000000E-3	377,24421430E-9	
111,80000000E-3	379,58127077E-9	
112,60000000E-3	381,79550788E-9	
113,50000000E-3	384,10063799E-9	
114,10000000E-3	386,23332574E-9	
115,00000000E-3	388,16452960E-9	
115,80000000E-3	390,24681087E-9	
116,40000000E-3	392,71746782E-9	
117,20000000E-3	395,47255016E-9	
118,00000000E-3	398,76334878E-9	
118,60000000E-3	402,69273816E-9	
119,50000000E-3	406,58649412E-9	
120,10000000E-3	410,49555822E-9	
121,10000000E-3	415,27236373E-9	
121,70000000E-3	420,85147074E-9	
122,60000000E-3	426,06262103E-9	
123,10000000E-3	430,46302319E-9	
124,10000000E-3	433,81069730E-9	
124,70000000E-3	436,76957740E-9	
125,60000000E-3	439,88753124E-9	
126,30000000E-3	443,03759144E-9	
127,10000000E-3	446,04063625E-9	
127,70000000E-3	448,64509158E-9	
128,60000000E-3	451,25327808E-9	
129,40000000E-3	453,42766503E-9	
130,10000000E-3	454,91001771E-9	
130,80000000E-3	455,83179444E-9	
131,00000000E-3	456,59769700E-9	
132,30000000E-3	457,95990973E-9	
132,90000000E-3	460,74052852E-9	
133,80000000E-3	464,62777275E-9	
134,80000000E-3	468,37782180E-9	
135,40000000E-3	471,27070391E-9	
136,00000000E-3	473,51388317E-9	
137,00000000E-3	475,64333235E-9	
137,50000000E-3	478,06230422E-9	
138,50000000E-3	481,06602722E-9	
138,80000000E-3	483,91083264E-9	
139,90000000E-3	486,41764250E-9	
140,70000000E-3	488,24452198E-9	
141,30000000E-3	489,83936970E-9	
142,20000000E-3	491,46917071E-9	
143,20000000E-3	493,07914744E-9	
143,70000000E-3	494,60512334E-9	
144,40000000E-3	496,49215775E-9	
145,00000000E-3	498,75341785E-9	
146,00000000E-3	500,74167544E-9	
146,80000000E-3	502,08164683E-9	
147,50000000E-3	502,80816981E-9	
148,10000000E-3	503,41278358E-9	
149,00000000E-3	504,21878731E-9	
149,70000000E-3	504,99604501E-9	
150,60000000E-3	505,31463779E-9	
151,20000000E-3	505,25276997E-9	
151,80000000E-3	505,40784015E-9	
152,80000000E-3	506,12263525E-9	
153,70000000E-3	507,33453020E-9	
154,40000000E-3	508,31616076E-9	
154,90000000E-3	508,72419545E-9	
155,90000000E-3	509,12058564E-9	
156,50000000E-3	509,80791138E-9	
157,40000000E-3	510,52706649E-9	
158,10000000E-3	511,06541162E-9	
158,70000000E-3	511,56131095E-9	
159,60000000E-3	511,60633195E-9	
160,50000000E-3	510,82360943E-9	
161,10000000E-3	509,41374394E-9	
161,80000000E-3	507,97578635E-9	
162,70000000E-3	507,01011968E-9	
163,30000000E-3	506,24859036E-9	
164,30000000E-3	505,05159032E-9	
164,80000000E-3	503,25201197E-9	
165,70000000E-3	501,56268230E-9	
166,30000000E-3	500,97958087E-9	
167,20000000E-3	501,66510651E-9	
167,80000000E-3	502,92810611E-9	
168,50000000E-3	503,64846037E-9	
169,40000000E-3	502,69281400E-9	
170,00000000E-3	500,12119290E-9	
171,00000000E-3	496,91721920E-9	
171,60000000E-3	494,18989520E-9	
172,50000000E-3	491,80914460E-9	
173,20000000E-3	489,49964792E-9	
174,10000000E-3	487,50089835E-9	
174,70000000E-3	486,26582818E-9	
175,30000000E-3	485,97532858E-9	
176,30000000E-3	486,35256059E-9	
176,90000000E-3	486,64785640E-9	
177,80000000E-3	486,23602774E-9	
178,40000000E-3	485,23130713E-9	
179,10000000E-3	483,95738988E-9	
179,40000000E-3	482,32890922E-9	
180,60000000E-3	480,54419830E-9	
181,60000000E-3	479,08649024E-9	
182,20000000E-3	478,15380232E-9	
183,10000000E-3	477,37601923E-9	
183,70000000E-3	476,02156222E-9	
184,60000000E-3	473,61832055E-9	
185,20000000E-3	470,15984577E-9	
185,80000000E-3	466,43383866E-9	
186,80000000E-3	463,59294204E-9	
187,40000000E-3	461,95940264E-9	
188,30000000E-3	460,97489674E-9	
188,90000000E-3	460,09197972E-9	
189,60000000E-3	459,12945039E-9	
190,50000000E-3	458,28193640E-9	
191,20000000E-3	457,69516356E-9	
192,10000000E-3	457,12391994E-9	
192,70000000E-3	456,05817419E-9	
193,30000000E-3	454,78972511E-9	
194,20000000E-3	453,77258564E-9	
195,10000000E-3	452,61678079E-9	
195,80000000E-3	450,82223036E-9	
196,40000000E-3	448,49171753E-9	
197,30000000E-3	445,73611293E-9	
198,00000000E-3	442,68895266E-9	
198,80000000E-3	439,62458878E-9	
199,50000000E-3	437,11888732E-9	
