100,00000000E-6	1,36058452E-6	
-0,00000000E+0	1,41987487E-6	
100,00000000E-6	1,42492738E-6	
200,00000000E-6	1,42186254E-6	
600,00000000E-6	1,41217251E-6	
800,00000000E-6	1,40377563E-6	
1,10000000E-3	1,40441175E-6	
1,60000000E-3	1,40745458E-6	
1,90000000E-3	1,39919309E-6	
2,40000000E-3	1,37850314E-6	
3,00000000E-3	1,35839301E-6	
3,30000000E-3	1,34931725E-6	
3,80000000E-3	1,35160229E-6	
4,50000000E-3	1,36077909E-6	
5,00000000E-3	1,37184303E-6	
5,50000000E-3	1,37590426E-6	
6,10000000E-3	1,37301662E-6	
6,60000000E-3	1,37374704E-6	
7,20000000E-3	1,37906164E-6	
7,90000000E-3	1,37694203E-6	
8,50000000E-3	1,36258648E-6	
9,10000000E-3	1,34975839E-6	
9,70000000E-3	1,35590164E-6	
10,20000000E-3	1,36710065E-6	
10,80000000E-3	1,36700375E-6	
11,30000000E-3	1,36217065E-6	
12,20000000E-3	1,36529756E-6	
12,70000000E-3	1,38467558E-6	
13,30000000E-3	1,40896253E-6	
13,90000000E-3	1,41964388E-6	
14,40000000E-3	1,41669252E-6	
15,00000000E-3	1,40995939E-6	
15,80000000E-3	1,40863881E-6	
16,40000000E-3	1,40871027E-6	
17,00000000E-3	1,39945144E-6	
17,60000000E-3	1,38393223E-6	
18,20000000E-3	1,37330891E-6	
18,80000000E-3	1,36340435E-6	
19,50000000E-3	1,34125028E-6	
20,20000000E-3	1,30307821E-6	
20,70000000E-3	1,25613730E-6	
21,30000000E-3	1,21469087E-6	
21,90000000E-3	1,18501221E-6	
22,50000000E-3	1,16291722E-6	
23,30000000E-3	1,14475170E-6	
23,90000000E-3	1,13023984E-6	
24,50000000E-3	1,11658461E-6	
25,10000000E-3	1,09908078E-6	
25,60000000E-3	1,07148865E-6	
26,20000000E-3	1,03552047E-6	
26,80000000E-3	999,06413389E-9	
27,50000000E-3	969,60398936E-9	
28,20000000E-3	950,83162595E-9	
28,80000000E-3	939,25624012E-9	
29,40000000E-3	932,98082512E-9	
29,90000000E-3	935,76341229E-9	
30,50000000E-3	941,79162060E-9	
31,30000000E-3	937,78998231E-9	
32,00000000E-3	909,04315475E-9	
32,50000000E-3	854,60382469E-9	
33,10000000E-3	793,86568921E-9	
33,70000000E-3	750,33366545E-9	
34,30000000E-3	728,30142984E-9	
34,90000000E-3	722,18243779E-9	
35,20000000E-3	731,89516522E-9	
36,30000000E-3	753,71636782E-9	
36,80000000E-3	767,42784515E-9	
37,40000000E-3	761,60097278E-9	
38,00000000E-3	741,01475442E-9	
38,60000000E-3	714,95755475E-9	
39,20000000E-3	705,28644776E-9	
39,90000000E-3	719,42914475E-9	
40,60000000E-3	742,67159232E-9	
41,20000000E-3	764,76988639E-9	
41,80000000E-3	783,88504592E-9	
42,30000000E-3	806,83151432E-9	
42,90000000E-3	837,53995794E-9	
43,60000000E-3	873,56288887E-9	
44,40000000E-3	913,97368463E-9	
44,90000000E-3	954,30463097E-9	
45,50000000E-3	985,76842294E-9	
46,00000000E-3	1,00229180E-6	
46,60000000E-3	1,01649457E-6	
47,40000000E-3	1,04015761E-6	
48,10000000E-3	1,07865238E-6	
48,70000000E-3	1,13803479E-6	
49,30000000E-3	1,20529148E-6	
49,80000000E-3	1,26868455E-6	
50,40000000E-3	1,32443250E-6	
51,20000000E-3	1,37006881E-6	
51,90000000E-3	1,41440687E-6	
52,10000000E-3	1,47124656E-6	
53,00000000E-3	1,54790472E-6	
53,40000000E-3	1,63760824E-6	
54,10000000E-3	1,71671758E-6	
55,00000000E-3	1,76568933E-6	
55,60000000E-3	1,79106852E-6	
56,10000000E-3	1,82596711E-6	
56,70000000E-3	1,88832698E-6	
57,00000000E-3	1,97006784E-6	
57,90000000E-3	2,06057898E-6	
58,50000000E-3	2,14527309E-6	
59,30000000E-3	2,21412144E-6	
59,90000000E-3	2,26571476E-6	
60,40000000E-3	2,29555079E-6	
60,80000000E-3	2,30752260E-6	
61,70000000E-3	2,32136145E-6	
62,20000000E-3	2,34688240E-6	
62,80000000E-3	2,37914745E-6	
63,40000000E-3	2,41182609E-6	
63,90000000E-3	2,44880545E-6	
64,50000000E-3	2,49438082E-6	
65,10000000E-3	2,54541087E-6	
66,00000000E-3	2,58812994E-6	
66,50000000E-3	2,61666931E-6	
67,10000000E-3	2,63252677E-6	
67,70000000E-3	2,63873203E-6	
68,30000000E-3	2,63981356E-6	
68,90000000E-3	2,64480893E-6	
69,50000000E-3	2,65818620E-6	
70,30000000E-3	2,67249094E-6	
70,90000000E-3	2,68365101E-6	
71,50000000E-3	2,69852199E-6	
72,10000000E-3	2,71431365E-6	
72,60000000E-3	2,72342250E-6	
73,20000000E-3	2,72844444E-6	
74,00000000E-3	2,73125434E-6	
74,60000000E-3	2,72571285E-6	
75,20000000E-3	2,70561456E-6	
75,80000000E-3	2,67264834E-6	
76,40000000E-3	2,62330421E-6	
77,00000000E-3	2,56306862E-6	
77,80000000E-3	2,51068928E-6	
78,40000000E-3	2,47440741E-6	
78,90000000E-3	2,45458552E-6	
79,50000000E-3	2,45015335E-6	
80,10000000E-3	2,44611023E-6	
80,70000000E-3	2,43181313E-6	
81,30000000E-3	2,41550026E-6	
82,20000000E-3	2,40353454E-6	
82,70000000E-3	2,38294652E-6	
83,30000000E-3	2,34866050E-6	
83,90000000E-3	2,30818045E-6	
84,40000000E-3	2,27826814E-6	
85,00000000E-3	2,25003573E-6	
85,90000000E-3	2,21744550E-6	
86,50000000E-3	2,17572228E-6	
87,00000000E-3	2,12493949E-6	
87,60000000E-3	2,06748584E-6	
88,10000000E-3	2,01953198E-6	
88,70000000E-3	1,98400366E-6	
89,60000000E-3	1,95777630E-6	
90,20000000E-3	1,93216928E-6	
90,80000000E-3	1,90637638E-6	
91,30000000E-3	1,89173604E-6	
92,00000000E-3	1,88368725E-6	
92,50000000E-3	1,87385230E-6	
93,40000000E-3	1,86598390E-6	
94,00000000E-3	1,86151772E-6	
94,30000000E-3	1,85309578E-6	
95,20000000E-3	1,83412254E-6	
95,70000000E-3	1,81317558E-6	
96,30000000E-3	1,79754643E-6	
96,90000000E-3	1,78711952E-6	
97,50000000E-3	1,77898720E-6	
98,10000000E-3	1,77001596E-6	
99,00000000E-3	1,75605013E-6	
99,30000000E-3	1,74577563E-6	
99,90000000E-3	1,75556516E-6	
100,70000000E-3	1,77918457E-6	
101,00000000E-3	1,80007735E-6	
101,90000000E-3	1,81725328E-6	
102,50000000E-3	1,83079488E-6	
103,30000000E-3	1,83318731E-6	
103,90000000E-3	1,82321539E-6	
104,40000000E-3	1,81727154E-6	
104,70000000E-3	1,82768416E-6	
105,50000000E-3	1,85065975E-6	
106,20000000E-3	1,87538455E-6	
106,50000000E-3	1,88574178E-6	
107,50000000E-3	1,87592343E-6	
108,00000000E-3	1,86035774E-6	
108,60000000E-3	1,85151052E-6	
109,10000000E-3	1,84775112E-6	
110,00000000E-3	1,84509362E-6	
110,60000000E-3	1,84506525E-6	
111,20000000E-3	1,84847573E-6	
111,80000000E-3	1,85478349E-6	
112,30000000E-3	1,86843793E-6	
112,90000000E-3	1,88596745E-6	
113,80000000E-3	1,90622686E-6	
114,30000000E-3	1,92977674E-6	
114,90000000E-3	1,94863242E-6	
115,50000000E-3	1,96142455E-6	
116,10000000E-3	1,97479654E-6	
116,60000000E-3	1,99060651E-6	
117,50000000E-3	2,01021672E-6	
118,10000000E-3	2,02539231E-6	
118,60000000E-3	2,02232277E-6	
119,20000000E-3	2,00463262E-6	
119,80000000E-3	1,99056154E-6	
120,40000000E-3	1,98439063E-6	
120,80000000E-3	1,97535845E-6	
121,70000000E-3	1,97088993E-6	
122,20000000E-3	1,97748732E-6	
122,80000000E-3	1,98528408E-6	
123,10000000E-3	1,99216780E-6	
124,20000000E-3	1,99586924E-6	
124,80000000E-3	1,99191505E-6	
125,30000000E-3	1,98593206E-6	
126,00000000E-3	1,98943440E-6	
126,50000000E-3	2,00304391E-6	
127,10000000E-3	2,01628977E-6	
127,70000000E-3	2,02311458E-6	
128,20000000E-3	2,02178312E-6	
128,90000000E-3	2,01556358E-6	
129,70000000E-3	2,01478080E-6	
130,50000000E-3	2,01531432E-6	
131,10000000E-3	2,01345013E-6	
131,30000000E-3	2,01529190E-6	
132,20000000E-3	2,01922100E-6	
132,80000000E-3	2,02252171E-6	
133,40000000E-3	2,03291489E-6	
134,00000000E-3	2,05468987E-6	
134,50000000E-3	2,07278860E-6	
135,10000000E-3	2,07899775E-6	
136,00000000E-3	2,07601723E-6	
136,60000000E-3	2,07704134E-6	
137,20000000E-3	2,09134365E-6	
137,60000000E-3	2,11518858E-6	
138,20000000E-3	2,13644238E-6	
138,80000000E-3	2,15050426E-6	
139,70000000E-3	2,15719690E-6	
140,30000000E-3	2,15803204E-6	
140,90000000E-3	2,16149442E-6	
141,40000000E-3	2,17846391E-6	
142,00000000E-3	2,20042718E-6	
142,60000000E-3	2,20952772E-6	
143,30000000E-3	2,19798639E-6	
144,00000000E-3	2,18506760E-6	
144,60000000E-3	2,18433888E-6	
145,10000000E-3	2,18504855E-6	
145,70000000E-3	2,17793133E-6	
146,30000000E-3	2,17056392E-6	
147,20000000E-3	2,17049476E-6	
147,70000000E-3	2,16986101E-6	
147,70000000E-3	2,16143125E-6	
148,90000000E-3	2,14883748E-6	
149,50000000E-3	2,12694050E-6	
150,10000000E-3	2,10124131E-6	
150,60000000E-3	2,08051004E-6	
151,50000000E-3	2,07916098E-6	
152,10000000E-3	2,09616717E-6	
152,60000000E-3	2,11170467E-6	
153,20000000E-3	2,11182797E-6	
153,80000000E-3	2,08952333E-6	
154,30000000E-3	2,05259222E-6	
155,00000000E-3	2,02298516E-6	
155,80000000E-3	2,01213742E-6	
156,40000000E-3	2,01831558E-6	
156,90000000E-3	2,02389862E-6	
157,50000000E-3	2,01531226E-6	
158,10000000E-3	1,99716166E-6	
158,80000000E-3	1,97928281E-6	
159,50000000E-3	1,96528689E-6	
160,10000000E-3	1,95005631E-6	
160,70000000E-3	1,92945512E-6	
161,30000000E-3	1,90705385E-6	
161,80000000E-3	1,89734935E-6	
162,40000000E-3	1,90032594E-6	
163,10000000E-3	1,90336054E-6	
163,90000000E-3	1,90186503E-6	
164,50000000E-3	1,89682541E-6	
165,00000000E-3	1,89580366E-6	
165,60000000E-3	1,90042439E-6	
165,90000000E-3	1,90284997E-6	
166,80000000E-3	1,89569424E-6	
167,50000000E-3	1,87111529E-6	
168,10000000E-3	1,83700716E-6	
168,60000000E-3	1,81079823E-6	
169,20000000E-3	1,79952479E-6	
169,80000000E-3	1,80344680E-6	
170,60000000E-3	1,81110957E-6	
171,20000000E-3	1,80757039E-6	
171,70000000E-3	1,78753393E-6	
172,30000000E-3	1,76139590E-6	
173,00000000E-3	1,74106295E-6	
173,60000000E-3	1,73026739E-6	
173,90000000E-3	1,73209323E-6	
174,90000000E-3	1,74599869E-6	
175,50000000E-3	1,75665276E-6	
176,10000000E-3	1,74733892E-6	
176,70000000E-3	1,71509730E-6	
177,30000000E-3	1,67725082E-6	
177,90000000E-3	1,64712815E-6	
178,50000000E-3	1,63577633E-6	
179,10000000E-3	1,64089660E-6	
179,70000000E-3	1,65247623E-6	
180,30000000E-3	1,65347688E-6	
180,90000000E-3	1,64072042E-6	
181,50000000E-3	1,61874603E-6	
182,10000000E-3	1,59078549E-6	
182,80000000E-3	1,57516916E-6	
183,30000000E-3	1,57806513E-6	
184,20000000E-3	1,58475485E-6	
184,60000000E-3	1,58948768E-6	
185,20000000E-3	1,59876844E-6	
185,80000000E-3	1,61839446E-6	
186,40000000E-3	1,63634126E-6	
187,10000000E-3	1,64054740E-6	
187,60000000E-3	1,62654157E-6	
188,60000000E-3	1,60091675E-6	
189,10000000E-3	1,58310714E-6	
189,60000000E-3	1,58419931E-6	
190,20000000E-3	1,58167822E-6	
191,00000000E-3	1,55364508E-6	
191,60000000E-3	1,51683577E-6	
192,20000000E-3	1,48293449E-6	
192,80000000E-3	1,45378283E-6	
193,40000000E-3	1,43515378E-6	
194,00000000E-3	1,42594269E-6	
194,70000000E-3	1,42238315E-6	
195,30000000E-3	1,42404426E-6	
195,90000000E-3	1,42781662E-6	
196,50000000E-3	1,42562369E-6	
197,10000000E-3	1,41224267E-6	
197,70000000E-3	1,39733650E-6	
198,20000000E-3	1,39753511E-6	
198,80000000E-3	1,40837185E-6	
199,40000000E-3	1,41088619E-6	
