-0,00000000E+0	1,47223650E-6	
-0,00000000E+0	1,46486479E-6	
200,00000000E-6	1,46231326E-6	
300,00000000E-6	1,46409575E-6	
600,00000000E-6	1,46909588E-6	
1,00000000E-3	1,47551208E-6	
1,30000000E-3	1,48272272E-6	
1,70000000E-3	1,48987681E-6	
2,10000000E-3	1,49984505E-6	
2,50000000E-3	1,50676482E-6	
3,20000000E-3	1,50679346E-6	
3,70000000E-3	1,50507193E-6	
4,30000000E-3	1,50230015E-6	
4,80000000E-3	1,49413967E-6	
5,20000000E-3	1,47894463E-6	
5,70000000E-3	1,46147335E-6	
6,50000000E-3	1,44745965E-6	
7,10000000E-3	1,44230080E-6	
7,60000000E-3	1,44669077E-6	
8,20000000E-3	1,45597873E-6	
8,70000000E-3	1,46744502E-6	
9,20000000E-3	1,48621649E-6	
9,90000000E-3	1,51085381E-6	
10,60000000E-3	1,53015835E-6	
11,10000000E-3	1,53717643E-6	
11,70000000E-3	1,53237017E-6	
12,20000000E-3	1,52040326E-6	
12,50000000E-3	1,51139611E-6	
13,70000000E-3	1,50659748E-6	
14,00000000E-3	1,50160841E-6	
14,50000000E-3	1,49445915E-6	
15,10000000E-3	1,48775506E-6	
16,00000000E-3	1,48289528E-6	
16,60000000E-3	1,47956706E-6	
17,40000000E-3	1,47721725E-6	
18,00000000E-3	1,46728040E-6	
18,50000000E-3	1,44280670E-6	
18,80000000E-3	1,40758348E-6	
19,70000000E-3	1,36988750E-6	
20,20000000E-3	1,33719331E-6	
20,80000000E-3	1,30713879E-6	
21,60000000E-3	1,28006390E-6	
22,00000000E-3	1,26304968E-6	
22,50000000E-3	1,25375493E-6	
23,40000000E-3	1,24100843E-6	
24,00000000E-3	1,22092073E-6	
24,60000000E-3	1,19496388E-6	
25,10000000E-3	1,16622033E-6	
25,90000000E-3	1,13926080E-6	
26,50000000E-3	1,11263216E-6	
27,10000000E-3	1,08663534E-6	
27,70000000E-3	1,06115917E-6	
28,30000000E-3	1,03699456E-6	
28,80000000E-3	1,01732764E-6	
29,60000000E-3	1,00071814E-6	
30,30000000E-3	979,01373201E-9	
30,80000000E-3	948,61469996E-9	
31,30000000E-3	915,78079407E-9	
32,10000000E-3	884,51796641E-9	
32,80000000E-3	853,52450960E-9	
33,30000000E-3	826,47562637E-9	
33,80000000E-3	810,85703536E-9	
34,40000000E-3	804,73758834E-9	
35,20000000E-3	800,25897968E-9	
35,90000000E-3	791,59693857E-9	
36,40000000E-3	781,62698926E-9	
37,00000000E-3	775,33830446E-9	
37,70000000E-3	776,90793434E-9	
38,30000000E-3	791,96287149E-9	
38,90000000E-3	820,31423519E-9	
39,50000000E-3	853,00771024E-9	
40,10000000E-3	882,42152167E-9	
40,80000000E-3	908,41130207E-9	
41,40000000E-3	934,38733534E-9	
42,00000000E-3	965,49019121E-9	
42,60000000E-3	1,00199035E-6	
43,30000000E-3	1,04200973E-6	
43,90000000E-3	1,08285734E-6	
44,40000000E-3	1,12172739E-6	
45,10000000E-3	1,15806090E-6	
45,80000000E-3	1,19579654E-6	
46,40000000E-3	1,23325346E-6	
46,90000000E-3	1,27027660E-6	
47,60000000E-3	1,31531615E-6	
48,00000000E-3	1,37062183E-6	
48,60000000E-3	1,43183780E-6	
49,50000000E-3	1,49615030E-6	
50,00000000E-3	1,56107000E-6	
50,60000000E-3	1,61929504E-6	
51,10000000E-3	1,67069837E-6	
51,80000000E-3	1,72240210E-6	
52,50000000E-3	1,77469086E-6	
53,10000000E-3	1,82271769E-6	
53,60000000E-3	1,86702185E-6	
54,30000000E-3	1,91250324E-6	
55,00000000E-3	1,96046137E-6	
55,60000000E-3	2,00946465E-6	
56,10000000E-3	2,06363262E-6	
56,80000000E-3	2,13182183E-6	
57,50000000E-3	2,20936582E-6	
58,10000000E-3	2,29329571E-6	
58,60000000E-3	2,37182981E-6	
59,30000000E-3	2,43961384E-6	
60,10000000E-3	2,49295485E-6	
60,70000000E-3	2,53828671E-6	
61,30000000E-3	2,57721143E-6	
61,80000000E-3	2,61133106E-6	
62,50000000E-3	2,64382882E-6	
63,20000000E-3	2,67213866E-6	
63,70000000E-3	2,69879480E-6	
64,30000000E-3	2,72960316E-6	
65,00000000E-3	2,76064043E-6	
65,70000000E-3	2,78513483E-6	
66,20000000E-3	2,80183598E-6	
66,60000000E-3	2,81549328E-6	
67,30000000E-3	2,83005170E-6	
67,90000000E-3	2,84294606E-6	
68,40000000E-3	2,85260396E-6	
69,10000000E-3	2,85910898E-6	
70,10000000E-3	2,86217412E-6	
70,40000000E-3	2,86626083E-6	
70,90000000E-3	2,87196224E-6	
71,50000000E-3	2,86985262E-6	
72,40000000E-3	2,85775471E-6	
73,00000000E-3	2,84482321E-6	
73,40000000E-3	2,84053614E-6	
74,30000000E-3	2,83338361E-6	
74,90000000E-3	2,81646351E-6	
75,40000000E-3	2,79730184E-6	
75,90000000E-3	2,78164737E-6	
76,60000000E-3	2,76733207E-6	
77,40000000E-3	2,75113782E-6	
77,90000000E-3	2,72877747E-6	
78,40000000E-3	2,70648933E-6	
79,10000000E-3	2,68642276E-6	
79,80000000E-3	2,65985713E-6	
80,40000000E-3	2,61849988E-6	
80,90000000E-3	2,56495553E-6	
81,60000000E-3	2,51049850E-6	
82,30000000E-3	2,46614021E-6	
82,80000000E-3	2,43237629E-6	
83,40000000E-3	2,40640884E-6	
84,20000000E-3	2,38311706E-6	
84,80000000E-3	2,35554932E-6	
85,30000000E-3	2,32136781E-6	
85,90000000E-3	2,28414850E-6	
86,70000000E-3	2,24718674E-6	
87,20000000E-3	2,21062940E-6	
87,80000000E-3	2,17788731E-6	
88,30000000E-3	2,15333126E-6	
89,20000000E-3	2,14024937E-6	
89,70000000E-3	2,13989433E-6	
90,30000000E-3	2,14526025E-6	
90,80000000E-3	2,14334603E-6	
91,70000000E-3	2,12788962E-6	
92,20000000E-3	2,10247213E-6	
92,80000000E-3	2,07174038E-6	
93,30000000E-3	2,04093428E-6	
94,00000000E-3	2,01518581E-6	
94,70000000E-3	1,99745888E-6	
95,30000000E-3	1,98678470E-6	
95,80000000E-3	1,98313983E-6	
96,50000000E-3	1,98438282E-6	
97,20000000E-3	1,98226687E-6	
97,80000000E-3	1,97245690E-6	
98,10000000E-3	1,95763544E-6	
98,90000000E-3	1,94113610E-6	
99,50000000E-3	1,92638753E-6	
100,00000000E-3	1,91863582E-6	
100,90000000E-3	1,91969522E-6	
101,40000000E-3	1,92605821E-6	
102,00000000E-3	1,93636041E-6	
102,60000000E-3	1,95129239E-6	
103,20000000E-3	1,96661796E-6	
103,90000000E-3	1,98110154E-6	
104,40000000E-3	1,99488722E-6	
105,00000000E-3	2,00748432E-6	
105,70000000E-3	2,01417860E-6	
106,40000000E-3	2,01363324E-6	
106,90000000E-3	2,01178731E-6	
107,50000000E-3	2,02041087E-6	
108,20000000E-3	2,04446908E-6	
108,90000000E-3	2,07310779E-6	
109,40000000E-3	2,09774291E-6	
110,00000000E-3	2,11598958E-6	
110,80000000E-3	2,12354997E-6	
111,30000000E-3	2,12108272E-6	
111,90000000E-3	2,11446875E-6	
112,50000000E-3	2,10958691E-6	
113,30000000E-3	2,11032407E-6	
113,80000000E-3	2,11769178E-6	
114,40000000E-3	2,12973841E-6	
114,90000000E-3	2,14450334E-6	
115,80000000E-3	2,16049590E-6	
116,30000000E-3	2,17840107E-6	
116,90000000E-3	2,19338329E-6	
117,40000000E-3	2,19776100E-6	
118,30000000E-3	2,19384061E-6	
118,80000000E-3	2,18827218E-6	
119,50000000E-3	2,18756118E-6	
120,00000000E-3	2,19378997E-6	
120,50000000E-3	2,20196426E-6	
121,10000000E-3	2,21020968E-6	
121,90000000E-3	2,21903483E-6	
122,40000000E-3	2,22627827E-6	
123,00000000E-3	2,23110908E-6	
123,60000000E-3	2,23164950E-6	
124,20000000E-3	2,22784088E-6	
124,90000000E-3	2,22496576E-6	
125,50000000E-3	2,22574151E-6	
126,00000000E-3	2,22745946E-6	
126,70000000E-3	2,22338807E-6	
127,40000000E-3	2,20873105E-6	
128,00000000E-3	2,18750498E-6	
128,50000000E-3	2,17289209E-6	
129,20000000E-3	2,17189772E-6	
129,90000000E-3	2,17963351E-6	
130,50000000E-3	2,19215286E-6	
131,00000000E-3	2,21310272E-6	
131,80000000E-3	2,24465677E-6	
132,30000000E-3	2,28376892E-6	
133,00000000E-3	2,31848096E-6	
133,50000000E-3	2,34464549E-6	
134,30000000E-3	2,36512053E-6	
134,80000000E-3	2,38074195E-6	
135,50000000E-3	2,39492775E-6	
136,00000000E-3	2,40798659E-6	
136,80000000E-3	2,41809920E-6	
137,30000000E-3	2,42586796E-6	
137,90000000E-3	2,42971126E-6	
138,40000000E-3	2,42446907E-6	
139,30000000E-3	2,41169221E-6	
139,80000000E-3	2,40052651E-6	
140,40000000E-3	2,39307836E-6	
140,90000000E-3	2,38793779E-6	
141,20000000E-3	2,38293415E-6	
142,40000000E-3	2,38194859E-6	
142,90000000E-3	2,38743717E-6	
143,50000000E-3	2,39090788E-6	
144,10000000E-3	2,38926324E-6	
144,90000000E-3	2,38998380E-6	
145,10000000E-3	2,39490734E-6	
145,90000000E-3	2,39733751E-6	
146,30000000E-3	2,39481810E-6	
147,10000000E-3	2,38992263E-6	
147,70000000E-3	2,38413302E-6	
148,20000000E-3	2,37960067E-6	
149,00000000E-3	2,37843227E-6	
149,40000000E-3	2,38067908E-6	
150,30000000E-3	2,38618816E-6	
150,90000000E-3	2,39075502E-6	
151,40000000E-3	2,39024643E-6	
152,30000000E-3	2,38375959E-6	
152,80000000E-3	2,37441044E-6	
153,40000000E-3	2,36304622E-6	
153,90000000E-3	2,34434338E-6	
154,50000000E-3	2,32113293E-6	
155,40000000E-3	2,30391598E-6	
155,90000000E-3	2,29294158E-6	
156,50000000E-3	2,27801454E-6	
157,10000000E-3	2,26600554E-6	
157,70000000E-3	2,25940817E-6	
158,30000000E-3	2,25363403E-6	
159,10000000E-3	2,24040394E-6	
159,60000000E-3	2,22359788E-6	
160,20000000E-3	2,21247963E-6	
160,80000000E-3	2,20771067E-6	
161,30000000E-3	2,20315619E-6	
162,20000000E-3	2,19568055E-6	
162,70000000E-3	2,18364265E-6	
163,30000000E-3	2,16664887E-6	
163,90000000E-3	2,14899953E-6	
164,40000000E-3	2,13349826E-6	
165,30000000E-3	2,12027628E-6	
165,90000000E-3	2,10807383E-6	
166,50000000E-3	2,09194959E-6	
167,00000000E-3	2,07159879E-6	
167,60000000E-3	2,05007487E-6	
168,40000000E-3	2,02978670E-6	
169,00000000E-3	2,01504234E-6	
169,60000000E-3	2,00935621E-6	
170,10000000E-3	2,01177192E-6	
170,70000000E-3	2,01587370E-6	
171,40000000E-3	2,01525448E-6	
172,10000000E-3	2,00942631E-6	
172,70000000E-3	2,00236359E-6	
173,30000000E-3	1,99825681E-6	
173,80000000E-3	2,00040544E-6	
174,40000000E-3	2,00344564E-6	
175,30000000E-3	1,99894139E-6	
175,80000000E-3	1,98548658E-6	
176,40000000E-3	1,97057625E-6	
177,00000000E-3	1,96034602E-6	
177,50000000E-3	1,95268956E-6	
178,40000000E-3	1,94331425E-6	
178,70000000E-3	1,93285154E-6	
179,20000000E-3	1,92452958E-6	
179,80000000E-3	1,92119713E-6	
180,70000000E-3	1,92412176E-6	
181,30000000E-3	1,92741036E-6	
182,10000000E-3	1,92395924E-6	
182,40000000E-3	1,91411491E-6	
182,90000000E-3	1,90339848E-6	
183,80000000E-3	1,89371333E-6	
184,40000000E-3	1,88574832E-6	
184,90000000E-3	1,88095967E-6	
185,50000000E-3	1,87916751E-6	
186,30000000E-3	1,87912667E-6	
187,00000000E-3	1,87628199E-6	
187,50000000E-3	1,86481671E-6	
188,10000000E-3	1,84349622E-6	
188,70000000E-3	1,81923785E-6	
189,20000000E-3	1,79762439E-6	
190,10000000E-3	1,78030830E-6	
190,70000000E-3	1,76949961E-6	
191,20000000E-3	1,76095738E-6	
191,80000000E-3	1,75200203E-6	
192,40000000E-3	1,74429380E-6	
193,20000000E-3	1,73582604E-6	
193,80000000E-3	1,72465008E-6	
194,40000000E-3	1,71067226E-6	
194,40000000E-3	1,69444994E-6	
195,60000000E-3	1,67629015E-6	
196,10000000E-3	1,65600838E-6	
196,70000000E-3	1,63390835E-6	
197,30000000E-3	1,60955759E-6	
197,80000000E-3	1,58829008E-6	
198,50000000E-3	1,57662968E-6	
199,30000000E-3	1,57459870E-6	
199,80000000E-3	1,57879772E-6	
