0,00000000E+0	257,25751876E-9	
0,00000000E+0	259,82157431E-9	
100,00000000E-6	260,82837519E-9	
500,00000000E-6	261,29295545E-9	
800,00000000E-6	262,34254189E-9	
1,30000000E-3	263,60731916E-9	
1,90000000E-3	263,38063932E-9	
2,40000000E-3	260,53114118E-9	
3,10000000E-3	255,31593753E-9	
3,60000000E-3	249,86582698E-9	
4,20000000E-3	246,11718871E-9	
5,00000000E-3	243,54812916E-9	
5,50000000E-3	241,66761312E-9	
6,40000000E-3	242,03064083E-9	
6,80000000E-3	246,21978600E-9	
7,70000000E-3	254,38151327E-9	
8,50000000E-3	266,18041136E-9	
9,30000000E-3	279,21100355E-9	
10,20000000E-3	293,16127086E-9	
10,70000000E-3	305,61367754E-9	
11,60000000E-3	316,05596967E-9	
12,20000000E-3	325,99325530E-9	
12,90000000E-3	336,66347297E-9	
13,80000000E-3	347,57033727E-9	
14,40000000E-3	357,11368693E-9	
15,10000000E-3	362,82199144E-9	
15,70000000E-3	363,37688567E-9	
16,60000000E-3	359,55136966E-9	
17,50000000E-3	352,20213444E-9	
18,40000000E-3	341,95042837E-9	
19,20000000E-3	328,01110369E-9	
19,80000000E-3	309,99216570E-9	
20,60000000E-3	290,37326218E-9	
21,40000000E-3	271,21235553E-9	
22,20000000E-3	253,10563343E-9	
22,90000000E-3	233,91622052E-9	
23,80000000E-3	214,47859978E-9	
24,60000000E-3	192,90431205E-9	
25,20000000E-3	169,55575011E-9	
26,00000000E-3	144,09687320E-9	
26,60000000E-3	115,71231157E-9	
27,50000000E-3	85,65243933E-9	
28,10000000E-3	56,17763632E-9	
28,70000000E-3	28,59547436E-9	
29,70000000E-3	-174,00881765E-12	
30,50000000E-3	-27,21178301E-9	
31,30000000E-3	-53,07849069E-9	
31,90000000E-3	-76,17372811E-9	
32,70000000E-3	-98,49741096E-9	
33,60000000E-3	-119,21010213E-9	
34,20000000E-3	-138,39866375E-9	
35,00000000E-3	-152,81182743E-9	
35,90000000E-3	-162,01957685E-9	
36,50000000E-3	-168,49995951E-9	
37,30000000E-3	-174,16061338E-9	
38,20000000E-3	-177,92041911E-9	
38,80000000E-3	-177,73740999E-9	
39,60000000E-3	-171,01532889E-9	
40,40000000E-3	-154,39155242E-9	
41,30000000E-3	-131,42061176E-9	
42,20000000E-3	-104,25188510E-9	
42,80000000E-3	-72,94848355E-9	
43,60000000E-3	-31,96845272E-9	
44,40000000E-3	15,46103743E-9	
45,30000000E-3	61,13307506E-9	
45,80000000E-3	105,43790244E-9	
46,70000000E-3	147,98387532E-9	
47,40000000E-3	190,57604806E-9	
48,20000000E-3	235,09189133E-9	
48,90000000E-3	283,41159395E-9	
49,50000000E-3	335,75360642E-9	
50,40000000E-3	392,25812979E-9	
51,30000000E-3	451,48641979E-9	
52,00000000E-3	504,59494886E-9	
52,70000000E-3	558,14986092E-9	
53,40000000E-3	620,90613637E-9	
54,10000000E-3	689,65636557E-9	
55,10000000E-3	757,08681159E-9	
55,80000000E-3	825,51401109E-9	
56,40000000E-3	894,98586737E-9	
57,30000000E-3	964,94907707E-9	
58,10000000E-3	1,04216111E-6	
58,90000000E-3	1,12061183E-6	
59,50000000E-3	1,20216400E-6	
60,10000000E-3	1,27954731E-6	
61,30000000E-3	1,34956335E-6	
61,80000000E-3	1,41691339E-6	
62,70000000E-3	1,47354988E-6	
63,40000000E-3	1,52392678E-6	
64,10000000E-3	1,57154939E-6	
64,90000000E-3	1,61407217E-6	
65,90000000E-3	1,65666541E-6	
66,50000000E-3	1,69874437E-6	
67,30000000E-3	1,73650109E-6	
67,90000000E-3	1,76762830E-6	
68,70000000E-3	1,79301584E-6	
69,50000000E-3	1,81523782E-6	
70,40000000E-3	1,83548123E-6	
71,10000000E-3	1,85040048E-6	
71,80000000E-3	1,86106355E-6	
72,50000000E-3	1,86734995E-6	
73,40000000E-3	1,86954939E-6	
74,10000000E-3	1,86868093E-6	
74,80000000E-3	1,86457288E-6	
75,50000000E-3	1,85306509E-6	
76,40000000E-3	1,83064057E-6	
77,20000000E-3	1,79903688E-6	
77,90000000E-3	1,76507352E-6	
78,60000000E-3	1,73545781E-6	
79,40000000E-3	1,71308436E-6	
80,10000000E-3	1,69662476E-6	
80,90000000E-3	1,68254556E-6	
81,20000000E-3	1,66769315E-6	
82,40000000E-3	1,65088042E-6	
83,30000000E-3	1,63245757E-6	
83,80000000E-3	1,61095436E-6	
84,60000000E-3	1,58303308E-6	
85,30000000E-3	1,55129983E-6	
86,20000000E-3	1,51475159E-6	
86,90000000E-3	1,47260698E-6	
87,50000000E-3	1,42652503E-6	
88,40000000E-3	1,38017058E-6	
89,00000000E-3	1,33669763E-6	
89,90000000E-3	1,29898408E-6	
90,80000000E-3	1,26740929E-6	
91,30000000E-3	1,24114587E-6	
92,20000000E-3	1,21876069E-6	
92,80000000E-3	1,19931320E-6	
93,70000000E-3	1,18175900E-6	
94,50000000E-3	1,16541794E-6	
95,10000000E-3	1,15000358E-6	
95,90000000E-3	1,13469758E-6	
96,50000000E-3	1,11969525E-6	
97,30000000E-3	1,10653925E-6	
98,20000000E-3	1,09799060E-6	
98,80000000E-3	1,09384513E-6	
99,70000000E-3	1,09287334E-6	
100,50000000E-3	1,09476537E-6	
101,10000000E-3	1,09937290E-6	
102,00000000E-3	1,10650941E-6	
102,60000000E-3	1,11532397E-6	
103,40000000E-3	1,12474897E-6	
104,30000000E-3	1,13356431E-6	
105,10000000E-3	1,14203291E-6	
105,70000000E-3	1,15042447E-6	
106,60000000E-3	1,15782565E-6	
107,50000000E-3	1,16263318E-6	
108,00000000E-3	1,16559872E-6	
108,90000000E-3	1,16783900E-6	
109,70000000E-3	1,17062114E-6	
110,30000000E-3	1,17453190E-6	
111,20000000E-3	1,18099353E-6	
111,80000000E-3	1,19164365E-6	
112,60000000E-3	1,20647455E-6	
113,60000000E-3	1,22539525E-6	
114,10000000E-3	1,24984875E-6	
115,00000000E-3	1,27482322E-6	
115,20000000E-3	1,29927700E-6	
116,30000000E-3	1,32271225E-6	
117,20000000E-3	1,34347421E-6	
117,90000000E-3	1,35951084E-6	
118,50000000E-3	1,36938904E-6	
119,40000000E-3	1,37340185E-6	
120,20000000E-3	1,37311789E-6	
121,00000000E-3	1,37082471E-6	
121,90000000E-3	1,36861283E-6	
122,50000000E-3	1,36875308E-6	
123,00000000E-3	1,37313162E-6	
123,90000000E-3	1,38194631E-6	
124,70000000E-3	1,39312801E-6	
125,30000000E-3	1,40259540E-6	
126,20000000E-3	1,40804792E-6	
127,00000000E-3	1,40898998E-6	
127,60000000E-3	1,40758726E-6	
128,50000000E-3	1,40654885E-6	
129,40000000E-3	1,40780767E-6	
129,90000000E-3	1,41157478E-6	
130,70000000E-3	1,41646342E-6	
131,30000000E-3	1,42196846E-6	
132,20000000E-3	1,42965995E-6	
133,10000000E-3	1,44238402E-6	
133,90000000E-3	1,45967215E-6	
134,50000000E-3	1,48105847E-6	
135,40000000E-3	1,50194369E-6	
136,20000000E-3	1,51900715E-6	
136,80000000E-3	1,53265883E-6	
137,60000000E-3	1,54338362E-6	
138,50000000E-3	1,55015223E-6	
139,10000000E-3	1,55175264E-6	
139,90000000E-3	1,54967878E-6	
140,80000000E-3	1,54718970E-6	
141,40000000E-3	1,54636006E-6	
142,30000000E-3	1,54708999E-6	
142,80000000E-3	1,54846807E-6	
143,60000000E-3	1,55033768E-6	
144,30000000E-3	1,55250891E-6	
145,20000000E-3	1,55365619E-6	
146,00000000E-3	1,55297073E-6	
146,60000000E-3	1,55217565E-6	
147,50000000E-3	1,55225574E-6	
148,00000000E-3	1,55248475E-6	
148,90000000E-3	1,55174055E-6	
149,70000000E-3	1,54848397E-6	
150,50000000E-3	1,54207637E-6	
151,10000000E-3	1,53370540E-6	
151,90000000E-3	1,52498188E-6	
152,80000000E-3	1,51813468E-6	
153,40000000E-3	1,51359184E-6	
153,90000000E-3	1,50903480E-6	
155,10000000E-3	1,50175871E-6	
155,90000000E-3	1,49031992E-6	
156,50000000E-3	1,47572434E-6	
157,30000000E-3	1,46078465E-6	
158,00000000E-3	1,44762508E-6	
158,70000000E-3	1,43549665E-6	
159,50000000E-3	1,42557389E-6	
160,20000000E-3	1,41762816E-6	
161,10000000E-3	1,41152682E-6	
161,70000000E-3	1,40671612E-6	
162,50000000E-3	1,40325493E-6	
163,30000000E-3	1,40108382E-6	
163,90000000E-3	1,39845925E-6	
164,90000000E-3	1,39389462E-6	
165,50000000E-3	1,38847422E-6	
166,30000000E-3	1,38395175E-6	
166,80000000E-3	1,38080989E-6	
167,80000000E-3	1,37762841E-6	
168,60000000E-3	1,37216311E-6	
169,20000000E-3	1,36270734E-6	
170,00000000E-3	1,34977883E-6	
170,80000000E-3	1,33533040E-6	
171,40000000E-3	1,32115737E-6	
172,20000000E-3	1,30948855E-6	
173,10000000E-3	1,30082761E-6	
173,70000000E-3	1,29339566E-6	
174,60000000E-3	1,28506578E-6	
175,10000000E-3	1,27570904E-6	
176,00000000E-3	1,26605955E-6	
176,80000000E-3	1,25575681E-6	
177,40000000E-3	1,24480193E-6	
178,30000000E-3	1,23310362E-6	
179,10000000E-3	1,22202198E-6	
179,70000000E-3	1,21018763E-6	
180,60000000E-3	1,19732971E-6	
181,30000000E-3	1,18440076E-6	
182,10000000E-3	1,17307402E-6	
182,90000000E-3	1,16384722E-6	
183,20000000E-3	1,15582087E-6	
184,30000000E-3	1,14820742E-6	
185,10000000E-3	1,14201115E-6	
185,80000000E-3	1,13736578E-6	
186,60000000E-3	1,13498766E-6	
187,50000000E-3	1,13490068E-6	
188,10000000E-3	1,13575910E-6	
189,00000000E-3	1,13510083E-6	
189,80000000E-3	1,13126554E-6	
190,40000000E-3	1,12426743E-6	
191,30000000E-3	1,11480569E-6	
191,60000000E-3	1,10555169E-6	
192,80000000E-3	1,09591835E-6	
193,60000000E-3	1,08609711E-6	
194,20000000E-3	1,07512853E-6	
195,00000000E-3	1,06210262E-6	
195,70000000E-3	1,04879213E-6	
196,40000000E-3	1,03439078E-6	
197,10000000E-3	1,01979814E-6	
198,00000000E-3	1,00629583E-6	
198,90000000E-3	994,72216346E-9	
199,40000000E-3	985,91151896E-9	
