-0,00000000E+0	1,32257738E-6	
-0,00000000E+0	1,31656081E-6	
200,00000000E-6	1,31016479E-6	
500,00000000E-6	1,30453394E-6	
800,00000000E-6	1,30069900E-6	
1,30000000E-3	1,29743535E-6	
1,90000000E-3	1,29242933E-6	
2,30000000E-3	1,28515137E-6	
3,00000000E-3	1,27570637E-6	
3,70000000E-3	1,26861698E-6	
4,40000000E-3	1,26541806E-6	
5,00000000E-3	1,26615578E-6	
5,80000000E-3	1,26953191E-6	
6,30000000E-3	1,27350168E-6	
7,10000000E-3	1,27729542E-6	
7,90000000E-3	1,28330407E-6	
8,50000000E-3	1,29500150E-6	
9,30000000E-3	1,31093455E-6	
10,20000000E-3	1,32604972E-6	
10,70000000E-3	1,33667059E-6	
11,50000000E-3	1,34232183E-6	
12,40000000E-3	1,34493055E-6	
13,20000000E-3	1,34773620E-6	
13,70000000E-3	1,35282401E-6	
14,60000000E-3	1,36070565E-6	
14,90000000E-3	1,36896921E-6	
16,00000000E-3	1,37361692E-6	
16,90000000E-3	1,37050369E-6	
17,40000000E-3	1,35913483E-6	
18,30000000E-3	1,34302955E-6	
19,00000000E-3	1,32665513E-6	
19,70000000E-3	1,31344927E-6	
20,60000000E-3	1,30296514E-6	
21,20000000E-3	1,28972980E-6	
22,00000000E-3	1,26956649E-6	
22,80000000E-3	1,24226733E-6	
23,70000000E-3	1,21065815E-6	
24,60000000E-3	1,17910427E-6	
25,10000000E-3	1,14751023E-6	
26,00000000E-3	1,11111292E-6	
26,80000000E-3	1,07309506E-6	
27,40000000E-3	1,03302267E-6	
28,30000000E-3	993,31052567E-9	
28,50000000E-3	955,92234887E-9	
29,70000000E-3	921,82288494E-9	
30,50000000E-3	892,19745511E-9	
31,20000000E-3	869,06197462E-9	
31,90000000E-3	850,95621117E-9	
32,60000000E-3	834,68817013E-9	
33,40000000E-3	817,76506900E-9	
34,30000000E-3	798,92133864E-9	
35,00000000E-3	779,03598953E-9	
35,40000000E-3	760,26347864E-9	
36,60000000E-3	745,13813591E-9	
37,40000000E-3	732,40303629E-9	
38,00000000E-3	721,36093492E-9	
38,90000000E-3	713,91745213E-9	
39,50000000E-3	711,59593377E-9	
40,30000000E-3	717,02549779E-9	
40,90000000E-3	731,62334140E-9	
41,80000000E-3	752,98584300E-9	
42,60000000E-3	778,53703816E-9	
43,30000000E-3	807,87344265E-9	
44,00000000E-3	842,53344487E-9	
44,90000000E-3	886,05239391E-9	
45,60000000E-3	930,74891853E-9	
46,30000000E-3	975,93124672E-9	
47,20000000E-3	1,02116189E-6	
47,80000000E-3	1,06707071E-6	
48,60000000E-3	1,11492169E-6	
49,20000000E-3	1,16560283E-6	
50,10000000E-3	1,21862559E-6	
50,80000000E-3	1,27394585E-6	
51,50000000E-3	1,33364481E-6	
52,30000000E-3	1,39744246E-6	
52,90000000E-3	1,46239891E-6	
53,80000000E-3	1,52587723E-6	
54,60000000E-3	1,58779997E-6	
55,30000000E-3	1,65039340E-6	
56,10000000E-3	1,71500650E-6	
56,70000000E-3	1,78266337E-6	
57,60000000E-3	1,85513539E-6	
58,20000000E-3	1,93549276E-6	
59,00000000E-3	2,01821873E-6	
59,80000000E-3	2,09816195E-6	
60,40000000E-3	2,17607529E-6	
61,30000000E-3	2,24942669E-6	
62,10000000E-3	2,31598139E-6	
62,70000000E-3	2,37422262E-6	
63,60000000E-3	2,42365397E-6	
64,50000000E-3	2,46457281E-6	
65,00000000E-3	2,50068218E-6	
65,90000000E-3	2,53808235E-6	
66,50000000E-3	2,57739418E-6	
67,30000000E-3	2,61115680E-6	
68,00000000E-3	2,63359024E-6	
68,70000000E-3	2,64982211E-6	
69,60000000E-3	2,66720257E-6	
70,50000000E-3	2,68571181E-6	
71,10000000E-3	2,70215999E-6	
71,90000000E-3	2,71475172E-6	
72,50000000E-3	2,72431677E-6	
73,40000000E-3	2,73037515E-6	
74,20000000E-3	2,72875972E-6	
74,70000000E-3	2,71551869E-6	
75,60000000E-3	2,68577499E-6	
76,50000000E-3	2,63950910E-6	
77,10000000E-3	2,58465654E-6	
78,00000000E-3	2,53016346E-6	
78,80000000E-3	2,48228469E-6	
79,40000000E-3	2,44372965E-6	
80,20000000E-3	2,41510507E-6	
81,10000000E-3	2,39271099E-6	
81,70000000E-3	2,37111222E-6	
82,50000000E-3	2,34741732E-6	
83,40000000E-3	2,32289973E-6	
83,90000000E-3	2,29643703E-6	
84,90000000E-3	2,26462605E-6	
85,50000000E-3	2,22752872E-6	
86,30000000E-3	2,18753934E-6	
86,90000000E-3	2,14758844E-6	
87,80000000E-3	2,10659086E-6	
88,60000000E-3	2,06810766E-6	
89,20000000E-3	2,02953689E-6	
90,00000000E-3	1,99410448E-6	
90,90000000E-3	1,96129195E-6	
91,50000000E-3	1,92836099E-6	
92,30000000E-3	1,89698964E-6	
93,20000000E-3	1,86909695E-6	
93,80000000E-3	1,84388273E-6	
94,70000000E-3	1,82082802E-6	
95,20000000E-3	1,80276497E-6	
96,10000000E-3	1,79122762E-6	
97,00000000E-3	1,78449060E-6	
97,60000000E-3	1,78023387E-6	
98,40000000E-3	1,77720549E-6	
99,20000000E-3	1,77402031E-6	
99,80000000E-3	1,76882494E-6	
100,70000000E-3	1,76347837E-6	
101,20000000E-3	1,76158691E-6	
102,10000000E-3	1,76294640E-6	
102,90000000E-3	1,76461889E-6	
103,50000000E-3	1,76492815E-6	
104,40000000E-3	1,76301351E-6	
105,00000000E-3	1,75934736E-6	
105,80000000E-3	1,75701618E-6	
106,70000000E-3	1,75921703E-6	
107,60000000E-3	1,76509676E-6	
108,10000000E-3	1,77202924E-6	
109,00000000E-3	1,77839703E-6	
109,50000000E-3	1,78238750E-6	
110,40000000E-3	1,78481229E-6	
111,30000000E-3	1,78976323E-6	
112,20000000E-3	1,80085837E-6	
112,50000000E-3	1,81774360E-6	
113,40000000E-3	1,83862733E-6	
114,20000000E-3	1,86107046E-6	
115,10000000E-3	1,88465002E-6	
115,70000000E-3	1,91092812E-6	
116,60000000E-3	1,94046461E-6	
117,10000000E-3	1,97053658E-6	
118,00000000E-3	1,99449361E-6	
118,50000000E-3	2,00876764E-6	
119,40000000E-3	2,01553492E-6	
120,20000000E-3	2,01770166E-6	
120,80000000E-3	2,01586392E-6	
121,70000000E-3	2,01073862E-6	
122,60000000E-3	2,00563855E-6	
123,20000000E-3	2,00329917E-6	
124,00000000E-3	2,00490544E-6	
124,90000000E-3	2,00961356E-6	
125,40000000E-3	2,01510621E-6	
126,40000000E-3	2,02061567E-6	
126,90000000E-3	2,02628591E-6	
127,70000000E-3	2,03006078E-6	
128,60000000E-3	2,02804283E-6	
129,20000000E-3	2,01915164E-6	
130,00000000E-3	2,00732234E-6	
130,60000000E-3	1,99792523E-6	
131,50000000E-3	1,99506108E-6	
132,40000000E-3	1,99746632E-6	
133,20000000E-3	2,00232248E-6	
133,80000000E-3	2,01014267E-6	
134,60000000E-3	2,02345907E-6	
135,20000000E-3	2,04300413E-6	
136,10000000E-3	2,06875640E-6	
136,90000000E-3	2,09660757E-6	
137,50000000E-3	2,12803203E-6	
138,30000000E-3	2,15869063E-6	
139,10000000E-3	2,18241659E-6	
139,60000000E-3	2,19533424E-6	
140,50000000E-3	2,19623346E-6	
141,30000000E-3	2,18928317E-6	
142,00000000E-3	2,18033780E-6	
142,70000000E-3	2,17275017E-6	
143,60000000E-3	2,16827846E-6	
144,30000000E-3	2,16693616E-6	
145,10000000E-3	2,16645449E-6	
145,70000000E-3	2,16372492E-6	
146,50000000E-3	2,15634007E-6	
147,40000000E-3	2,14453795E-6	
147,90000000E-3	2,13073649E-6	
148,80000000E-3	2,11748951E-6	
149,60000000E-3	2,10507635E-6	
150,50000000E-3	2,09181976E-6	
151,30000000E-3	2,07606231E-6	
151,80000000E-3	2,06018986E-6	
152,70000000E-3	2,04957973E-6	
153,50000000E-3	2,04708296E-6	
154,00000000E-3	2,05132335E-6	
154,90000000E-3	2,05673340E-6	
155,60000000E-3	2,05803652E-6	
156,30000000E-3	2,05214161E-6	
157,20000000E-3	2,03948768E-6	
157,90000000E-3	2,02191628E-6	
158,70000000E-3	1,99854223E-6	
159,60000000E-3	1,97326788E-6	
160,10000000E-3	1,94956485E-6	
160,90000000E-3	1,93165012E-6	
161,80000000E-3	1,92293110E-6	
162,30000000E-3	1,92054182E-6	
163,10000000E-3	1,92169552E-6	
164,00000000E-3	1,92346086E-6	
164,80000000E-3	1,92446466E-6	
165,60000000E-3	1,92608097E-6	
166,40000000E-3	1,92921069E-6	
167,00000000E-3	1,93149084E-6	
167,80000000E-3	1,92847706E-6	
168,40000000E-3	1,91460115E-6	
169,20000000E-3	1,88845280E-6	
170,10000000E-3	1,85672427E-6	
170,60000000E-3	1,82741669E-6	
171,60000000E-3	1,80634487E-6	
172,20000000E-3	1,79439495E-6	
173,10000000E-3	1,78804808E-6	
173,90000000E-3	1,78229188E-6	
174,40000000E-3	1,77341789E-6	
175,20000000E-3	1,75978537E-6	
175,90000000E-3	1,74245445E-6	
176,80000000E-3	1,72503138E-6	
177,20000000E-3	1,71063292E-6	
178,40000000E-3	1,69891236E-6	
178,40000000E-3	1,68777484E-6	
179,80000000E-3	1,67621649E-6	
180,70000000E-3	1,66367104E-6	
181,30000000E-3	1,65065292E-6	
182,10000000E-3	1,63914641E-6	
182,90000000E-3	1,63104178E-6	
183,70000000E-3	1,62661556E-6	
184,10000000E-3	1,62347162E-6	
185,00000000E-3	1,61936560E-6	
185,80000000E-3	1,61439871E-6	
186,70000000E-3	1,61095749E-6	
187,50000000E-3	1,60957289E-6	
188,10000000E-3	1,60860977E-6	
188,90000000E-3	1,60615399E-6	
189,70000000E-3	1,60048554E-6	
190,50000000E-3	1,59143484E-6	
191,10000000E-3	1,58027394E-6	
191,90000000E-3	1,56687487E-6	
192,60000000E-3	1,54971195E-6	
193,40000000E-3	1,52841835E-6	
194,20000000E-3	1,50666612E-6	
194,70000000E-3	1,48416503E-6	
195,90000000E-3	1,46125408E-6	
196,70000000E-3	1,44019771E-6	
197,30000000E-3	1,42170953E-6	
198,10000000E-3	1,40563936E-6	
198,60000000E-3	1,39291588E-6	
199,40000000E-3	1,38355391E-6	
