-200.00000000E-3	331.64076144E-9	
-200.00000000E-3	317.76397966E-9	
-200.00000000E-3	315.83087909E-9	
-199.90000000E-3	314.24810884E-9	
-199.90000000E-3	313.11011272E-9	
-199.70000000E-3	310.76991322E-9	
-199.50000000E-3	306.90422278E-9	
-199.30000000E-3	302.08332147E-9	
-198.90000000E-3	298.07470900E-9	
-198.80000000E-3	298.27054254E-9	
-198.40000000E-3	302.31674314E-9	
-198.10000000E-3	309.17101941E-9	
-197.70000000E-3	317.10300993E-9	
-197.50000000E-3	323.04078222E-9	
-197.00000000E-3	329.49714472E-9	
-196.80000000E-3	332.70968584E-9	
-196.30000000E-3	330.56579969E-9	
-195.80000000E-3	323.68982185E-9	
-195.60000000E-3	314.61987601E-9	
-195.10000000E-3	309.79128440E-9	
-194.80000000E-3	310.38934662E-9	
-194.50000000E-3	314.45858137E-9	
-193.70000000E-3	319.66931489E-9	
-193.50000000E-3	322.65781771E-9	
-193.10000000E-3	323.30609261E-9	
-192.70000000E-3	322.82201037E-9	
-192.40000000E-3	324.51613961E-9	
-191.90000000E-3	326.75718420E-9	
-191.60000000E-3	325.85486479E-9	
-191.00000000E-3	322.16193652E-9	
-190.70000000E-3	319.78695569E-9	
-190.10000000E-3	319.23345454E-9	
-189.90000000E-3	318.78753320E-9	
-189.30000000E-3	319.21292653E-9	
-188.80000000E-3	321.17815805E-9	
-188.50000000E-3	323.64126218E-9	
-187.90000000E-3	325.92402996E-9	
-187.60000000E-3	328.95176358E-9	
-187.20000000E-3	332.21305242E-9	
-186.80000000E-3	334.03058497E-9	
-186.50000000E-3	334.69387575E-9	
-185.70000000E-3	334.28831486E-9	
-185.30000000E-3	334.75105601E-9	
-185.00000000E-3	338.31458650E-9	
-184.50000000E-3	342.63451898E-9	
-184.30000000E-3	344.78086500E-9	
-183.70000000E-3	344.28945071E-9	
-183.10000000E-3	343.39584992E-9	
-182.70000000E-3	342.53996931E-9	
-182.30000000E-3	339.48662376E-9	
-182.00000000E-3	334.80674091E-9	
-181.40000000E-3	331.05286929E-9	
-181.10000000E-3	329.95926375E-9	
-180.50000000E-3	331.56788318E-9	
-180.20000000E-3	333.76889965E-9	
-179.70000000E-3	334.48481535E-9	
-179.40000000E-3	334.59200185E-9	
-178.80000000E-3	336.33178414E-9	
-178.30000000E-3	339.34104784E-9	
-178.00000000E-3	340.84384486E-9	
-177.40000000E-3	343.68587906E-9	
-177.10000000E-3	347.77264108E-9	
-176.70000000E-3	348.79402525E-9	
-176.20000000E-3	346.54434248E-9	
-175.70000000E-3	343.17276293E-9	
-175.10000000E-3	340.68335591E-9	
-174.90000000E-3	339.86391380E-9	
-174.30000000E-3	341.32836276E-9	
-174.00000000E-3	344.25827526E-9	
-173.70000000E-3	345.89881749E-9	
-172.90000000E-3	345.53332006E-9	
-172.50000000E-3	346.45354479E-9	
-172.20000000E-3	347.82004269E-9	
-171.70000000E-3	347.57493458E-9	
-171.40000000E-3	344.57470318E-9	
-170.80000000E-3	342.36567427E-9	
-170.50000000E-3	341.78335285E-9	
-169.90000000E-3	339.67587764E-9	
-169.70000000E-3	337.82710910E-9	
-169.20000000E-3	339.37222865E-9	
-168.80000000E-3	343.25469834E-9	
-168.20000000E-3	346.85328737E-9	
-167.70000000E-3	349.94979351E-9	
-167.40000000E-3	353.31255575E-9	
-167.00000000E-3	357.87222018E-9	
-166.50000000E-3	362.71423559E-9	
-166.20000000E-3	364.12146437E-9	
-165.70000000E-3	362.68270015E-9	
-165.10000000E-3	362.91914262E-9	
-164.80000000E-3	365.32972307E-9	
-164.20000000E-3	364.73561338E-9	
-163.90000000E-3	361.56169292E-9	
-163.30000000E-3	362.92288357E-9	
-163.10000000E-3	369.08036016E-9	
-162.50000000E-3	374.57210565E-9	
-162.00000000E-3	375.20946092E-9	
-161.70000000E-3	374.19659365E-9	
-161.10000000E-3	374.31713429E-9	
-160.80000000E-3	374.85577709E-9	
-160.20000000E-3	374.80161324E-9	
-159.90000000E-3	374.27964074E-9	
-159.50000000E-3	375.32343162E-9	
-159.10000000E-3	380.05802776E-9	
-158.80000000E-3	387.02141305E-9	
-158.20000000E-3	391.69946751E-9	
-157.60000000E-3	391.20419987E-9	
-157.30000000E-3	388.28918888E-9	
-156.70000000E-3	386.11880807E-9	
-156.40000000E-3	387.48947791E-9	
-155.90000000E-3	390.16369320E-9	
-155.60000000E-3	392.35312280E-9	
-155.00000000E-3	394.65660005E-9	
-154.50000000E-3	396.13294511E-9	
-154.20000000E-3	396.78754926E-9	
-153.60000000E-3	396.59970114E-9	
-153.40000000E-3	398.39103077E-9	
-152.80000000E-3	402.55734188E-9	
-152.50000000E-3	406.28746800E-9	
-152.00000000E-3	408.41348660E-9	
-151.60000000E-3	407.02168323E-9	
-151.30000000E-3	403.07516195E-9	
-150.80000000E-3	399.00944398E-9	
-150.20000000E-3	396.41167665E-9	
-149.60000000E-3	397.01816911E-9	
-149.30000000E-3	402.51600965E-9	
-149.00000000E-3	410.64595781E-9	
-148.40000000E-3	415.51958909E-9	
-148.20000000E-3	415.33033544E-9	
-147.60000000E-3	414.13008613E-9	
-147.30000000E-3	416.46781363E-9	
-146.70000000E-3	419.82340097E-9	
-146.20000000E-3	422.66471901E-9	
-145.90000000E-3	423.11142278E-9	
-145.30000000E-3	420.52321452E-9	
-145.00000000E-3	417.19485374E-9	
-144.50000000E-3	415.51575959E-9	
-144.10000000E-3	415.48048305E-9	
-143.90000000E-3	417.28894084E-9	
-143.30000000E-3	423.07156352E-9	
-143.00000000E-3	431.36055979E-9	
-142.40000000E-3	436.32824605E-9	
-142.20000000E-3	438.19248370E-9	
-141.60000000E-3	438.75240933E-9	
-141.00000000E-3	435.70496226E-9	
-140.70000000E-3	429.40588253E-9	
-140.10000000E-3	426.24577539E-9	
-139.90000000E-3	428.50416581E-9	
-139.30000000E-3	431.05691049E-9	
-139.00000000E-3	433.63959104E-9	
-138.70000000E-3	439.39077300E-9	
-137.80000000E-3	442.09529011E-9	
-137.50000000E-3	438.02392421E-9	
-137.20000000E-3	433.86090731E-9	
-136.60000000E-3	434.81903895E-9	
-136.40000000E-3	437.95009275E-9	
-135.80000000E-3	439.90688760E-9	
-135.50000000E-3	441.62313318E-9	
-135.00000000E-3	445.24526990E-9	
-134.30000000E-3	452.83714326E-9	
-134.00000000E-3	459.65542668E-9	
-133.50000000E-3	460.35253741E-9	
-133.20000000E-3	458.77934245E-9	
-132.70000000E-3	458.32716394E-9	
-132.40000000E-3	457.85723158E-9	
-131.80000000E-3	453.93761957E-9	
-131.20000000E-3	448.62195769E-9	
-130.90000000E-3	445.76130501E-9	
-130.40000000E-3	446.37375082E-9	
-130.10000000E-3	448.81641189E-9	
-129.80000000E-3	452.16092753E-9	
-129.20000000E-3	455.75420609E-9	
-129.00000000E-3	461.45772887E-9	
-128.20000000E-3	469.50735639E-9	
-127.80000000E-3	477.50887891E-9	
-127.50000000E-3	479.75499429E-9	
-126.90000000E-3	477.73665484E-9	
-126.60000000E-3	475.42272485E-9	
-126.10000000E-3	472.24253540E-9	
-125.80000000E-3	469.37928550E-9	
-125.20000000E-3	468.77543367E-9	
-124.60000000E-3	470.73406543E-9	
-124.30000000E-3	472.22216527E-9	
-123.80000000E-3	473.73310134E-9	
-123.50000000E-3	476.79739035E-9	
-122.90000000E-3	479.16871309E-9	
-122.60000000E-3	478.50807148E-9	
-122.30000000E-3	476.29457976E-9	
-121.80000000E-3	476.68974187E-9	
-121.50000000E-3	479.50518358E-9	
-120.90000000E-3	480.66515339E-9	
-120.30000000E-3	481.61210516E-9	
-120.00000000E-3	484.54712103E-9	
-119.50000000E-3	487.87593666E-9	
-119.20000000E-3	490.41812421E-9	
-118.60000000E-3	490.05770523E-9	
-118.30000000E-3	488.83096830E-9	
-117.80000000E-3	490.97845826E-9	
-117.20000000E-3	495.63057273E-9	
-116.90000000E-3	500.77287802E-9	
-116.30000000E-3	505.95898750E-9	
-116.00000000E-3	506.41048152E-9	
-115.60000000E-3	501.45516208E-9	
-115.10000000E-3	497.52405833E-9	
-114.80000000E-3	498.90745633E-9	
-114.00000000E-3	500.23583975E-9	
-113.70000000E-3	498.27869601E-9	
-113.30000000E-3	498.07787672E-9	
-112.90000000E-3	499.56352626E-9	
-112.60000000E-3	500.33194614E-9	
-112.00000000E-3	499.96316186E-9	
-111.70000000E-3	500.99935900E-9	
-111.10000000E-3	502.88719591E-9	
-110.90000000E-3	504.22602335E-9	
-110.30000000E-3	508.37289044E-9	
-109.70000000E-3	515.10502034E-9	
-109.40000000E-3	519.65755093E-9	
-108.90000000E-3	521.77552262E-9	
-108.60000000E-3	522.63674376E-9	
-108.00000000E-3	519.54269815E-9	
-107.70000000E-3	515.59847631E-9	
-107.40000000E-3	514.69979784E-9	
-106.80000000E-3	516.47157052E-9	
-106.60000000E-3	517.71278091E-9	
-105.70000000E-3	518.30239331E-9	
-105.40000000E-3	518.50123503E-9	
-105.10000000E-3	516.48930581E-9	
-104.60000000E-3	515.84086102E-9	
-104.30000000E-3	517.85305676E-9	
-103.70000000E-3	522.37364886E-9	
-103.10000000E-3	528.24279836E-9	
-102.80000000E-3	532.31579745E-9	
-102.30000000E-3	532.95755954E-9	
-102.00000000E-3	531.93782456E-9	
-101.40000000E-3	533.67998010E-9	
-101.10000000E-3	537.57231323E-9	
-100.70000000E-3	541.67786770E-9	
-100.30000000E-3	544.19526819E-9	
-100.00000000E-3	544.46391475E-9	
-99.40000000E-3	543.01806476E-9	
-98.80000000E-3	539.43214055E-9	
-98.30000000E-3	537.17175462E-9	
-98.00000000E-3	539.85566577E-9	
-97.70000000E-3	545.45401373E-9	
-97.10000000E-3	548.15011535E-9	
-96.80000000E-3	547.50655165E-9	
-96.20000000E-3	547.04899529E-9	
-95.90000000E-3	548.68156812E-9	
-95.30000000E-3	549.88300950E-9	
-94.80000000E-3	548.58898065E-9	
-94.50000000E-3	549.02348208E-9	
-93.90000000E-3	553.35711033E-9	
-93.70000000E-3	557.83134368E-9	
-93.20000000E-3	557.40797615E-9	
-92.80000000E-3	553.14760373E-9	
-92.50000000E-3	549.13595887E-9	
-91.90000000E-3	548.65519385E-9	
-91.40000000E-3	551.35015274E-9	
-90.90000000E-3	556.06114542E-9	
-90.50000000E-3	561.39950553E-9	
-90.20000000E-3	565.41518663E-9	
-89.60000000E-3	569.23033435E-9	
-89.30000000E-3	572.24916235E-9	
-88.70000000E-3	570.70819201E-9	
-88.10000000E-3	566.22266748E-9	
-87.80000000E-3	563.53696362E-9	
-87.50000000E-3	562.15701629E-9	
-86.90000000E-3	560.68334772E-9	
-86.60000000E-3	561.22842161E-9	
-86.10000000E-3	564.88808233E-9	
-85.80000000E-3	568.85516067E-9	
-85.40000000E-3	571.86756115E-9	
-84.70000000E-3	573.93320189E-9	
-84.30000000E-3	576.99641449E-9	
-84.00000000E-3	583.25024979E-9	
-83.40000000E-3	587.26329177E-9	
-83.10000000E-3	584.95308427E-9	
-82.60000000E-3	579.93205476E-9	
-81.90000000E-3	577.85405795E-9	
-81.60000000E-3	578.66142021E-9	
-81.30000000E-3	581.19240616E-9	
-80.70000000E-3	583.49373151E-9	
-80.40000000E-3	583.98584594E-9	
-80.00000000E-3	584.06484575E-9	
-79.50000000E-3	582.38655719E-9	
-79.20000000E-3	578.59656426E-9	
-78.60000000E-3	577.14343355E-9	
-78.30000000E-3	577.58093523E-9	
-77.80000000E-3	577.30311410E-9	
-77.10000000E-3	579.33478521E-9	
-76.80000000E-3	584.50049109E-9	
-76.50000000E-3	588.90324557E-9	
-75.90000000E-3	589.72373244E-9	
-75.50000000E-3	586.44943915E-9	
-75.30000000E-3	580.51005049E-9	
-74.60000000E-3	576.02408884E-9	
-74.00000000E-3	571.27171711E-9	
-73.70000000E-3	568.86659684E-9	
-73.40000000E-3	571.68033321E-9	
-72.80000000E-3	575.24497306E-9	
-72.40000000E-3	578.45494745E-9	
-72.10000000E-3	580.98837436E-9	
-71.50000000E-3	579.61756450E-9	
-70.90000000E-3	577.19304967E-9	
-70.60000000E-3	576.25845136E-9	
-70.30000000E-3	576.21971333E-9	
-69.70000000E-3	575.25781733E-9	
-69.30000000E-3	572.47637101E-9	
-69.00000000E-3	568.06318854E-9	
-68.40000000E-3	564.98152838E-9	
-67.80000000E-3	566.28373757E-9	
-67.80000000E-3	570.79088495E-9	
-67.10000000E-3	574.13612321E-9	
-66.50000000E-3	573.39202503E-9	
-66.20000000E-3	571.11161628E-9	
-65.90000000E-3	567.57783770E-9	
-65.30000000E-3	562.62993584E-9	
-64.90000000E-3	558.52629472E-9	
-64.60000000E-3	555.42297289E-9	
-64.00000000E-3	552.94871359E-9	
-63.40000000E-3	548.06080108E-9	
-63.10000000E-3	543.66403405E-9	
-62.80000000E-3	541.09410549E-9	
-62.20000000E-3	536.88123299E-9	
-61.90000000E-3	529.83778110E-9	
-61.30000000E-3	521.98191511E-9	
-60.70000000E-3	514.05653722E-9	
-60.40000000E-3	509.62962437E-9	
-60.10000000E-3	510.32151151E-9	
-59.50000000E-3	511.04411972E-9	
-59.10000000E-3	508.61518511E-9	
-58.80000000E-3	505.39068310E-9	
-58.30000000E-3	500.71537690E-9	
-57.90000000E-3	495.39897151E-9	
-57.60000000E-3	492.21982285E-9	
-57.00000000E-3	487.46445547E-9	
-56.40000000E-3	478.15504792E-9	
-56.00000000E-3	466.24891401E-9	
-55.70000000E-3	455.85057170E-9	
-55.10000000E-3	450.41030523E-9	
-54.80000000E-3	448.15286318E-9	
-54.50000000E-3	444.93591165E-9	
-53.90000000E-3	439.06536026E-9	
-53.50000000E-3	431.22189834E-9	
-53.20000000E-3	423.27536894E-9	
-52.60000000E-3	413.48493456E-9	
-52.00000000E-3	398.94618242E-9	
-51.70000000E-3	385.35191521E-9	
-51.40000000E-3	371.67360887E-9	
-50.80000000E-3	357.57289424E-9	
-50.50000000E-3	342.91701008E-9	
-50.10000000E-3	326.63839842E-9	
-49.50000000E-3	311.39990462E-9	
-49.20000000E-3	298.98285439E-9	
-48.90000000E-3	287.49764499E-9	
-48.30000000E-3	276.95969464E-9	
-47.70000000E-3	263.02432941E-9	
-47.40000000E-3	246.00796527E-9	
-47.10000000E-3	229.81495361E-9	
-46.50000000E-3	211.95441338E-9	
-46.20000000E-3	189.65840625E-9	
-45.70000000E-3	167.63116889E-9	
-45.30000000E-3	149.06378939E-9	
-45.00000000E-3	130.54216703E-9	
-44.30000000E-3	112.38272220E-9	
-43.80000000E-3	92.07763042E-9	
-43.60000000E-3	69.39730690E-9	
-43.00000000E-3	43.01065667E-9	
-42.70000000E-3	21.33359308E-9	
-42.20000000E-3	2.72999759E-9	
-41.70000000E-3	-18.72760296E-9	
-41.50000000E-3	-39.39337656E-9	
-40.90000000E-3	-59.01707129E-9	
-40.30000000E-3	-85.00800941E-9	
-40.00000000E-3	-118.14932821E-9	
-39.60000000E-3	-148.44113346E-9	
-39.10000000E-3	-171.25428704E-9	
-38.80000000E-3	-191.33070558E-9	
-38.20000000E-3	-214.94269147E-9	
-37.90000000E-3	-237.88795565E-9	
-37.30000000E-3	-259.61425147E-9	
-36.70000000E-3	-282.14234164E-9	
-36.40000000E-3	-304.32408552E-9	
-36.10000000E-3	-328.70605686E-9	
-35.50000000E-3	-359.46024399E-9	
-35.30000000E-3	-387.14014174E-9	
-34.70000000E-3	-411.82302927E-9	
-34.10000000E-3	-437.12674057E-9	
-33.80000000E-3	-461.41127049E-9	
-33.30000000E-3	-482.92886023E-9	
-32.90000000E-3	-504.06427272E-9	
-32.60000000E-3	-527.40683188E-9	
-32.00000000E-3	-547.45702794E-9	
-31.70000000E-3	-566.79322154E-9	
-31.20000000E-3	-586.22907484E-9	
-30.80000000E-3	-605.17636797E-9	
-30.50000000E-3	-623.82510753E-9	
-29.70000000E-3	-642.74695856E-9	
-29.40000000E-3	-663.54115247E-9	
-29.10000000E-3	-684.34655934E-9	
-28.50000000E-3	-705.18464525E-9	
-28.20000000E-3	-726.15188366E-9	
-27.60000000E-3	-745.00947333E-9	
-27.40000000E-3	-760.98354775E-9	
-26.80000000E-3	-775.43464900E-9	
-26.20000000E-3	-789.16382134E-9	
-25.90000000E-3	-802.96644583E-9	
-25.40000000E-3	-819.07402472E-9	
-25.10000000E-3	-836.91936338E-9	
-24.50000000E-3	-847.90566586E-9	
-24.20000000E-3	-857.19227721E-9	
-23.70000000E-3	-869.50236567E-9	
-23.10000000E-3	-882.68387096E-9	
-22.80000000E-3	-895.01146544E-9	
-22.30000000E-3	-907.19835413E-9	
-22.00000000E-3	-917.23437514E-9	
-21.40000000E-3	-925.59413271E-9	
-21.10000000E-3	-935.25252695E-9	
-20.60000000E-3	-946.35542742E-9	
-20.30000000E-3	-957.95768768E-9	
-19.70000000E-3	-966.03976946E-9	
-19.10000000E-3	-969.39985588E-9	
-18.90000000E-3	-971.76208700E-9	
-18.30000000E-3	-976.63173908E-9	
-17.90000000E-3	-984.97103506E-9	
-17.70000000E-3	-993.19003040E-9	
-17.10000000E-3	-998.86458622E-9	
-16.50000000E-3	-997.07076472E-9	
-16.00000000E-3	-992.38790307E-9	
-15.70000000E-3	-992.20811961E-9	
-15.20000000E-3	-996.80414394E-9	
-14.80000000E-3	-1.00289870E-6	
-14.50000000E-3	-1.00879413E-6	
-14.00000000E-3	-1.01997343E-6	
-13.40000000E-3	-1.03134186E-6	
-13.10000000E-3	-1.03482589E-6	
-12.50000000E-3	-1.03430430E-6	
-12.20000000E-3	-1.03690865E-6	
-11.70000000E-3	-1.04061428E-6	
-11.40000000E-3	-1.03997419E-6	
-10.80000000E-3	-1.03568200E-6	
-10.60000000E-3	-1.03384962E-6	
-10.00000000E-3	-1.03816685E-6	
-9.70000000E-3	-1.04459098E-6	
-9.10000000E-3	-1.04821157E-6	
-8.80000000E-3	-1.04805318E-6	
-8.30000000E-3	-1.04704945E-6	
-7.70000000E-3	-1.04537203E-6	
-7.40000000E-3	-1.04201285E-6	
-7.00000000E-3	-1.04008807E-6	
-6.50000000E-3	-1.04183053E-6	
-6.20000000E-3	-1.04411564E-6	
-5.70000000E-3	-1.04522958E-6	
-5.40000000E-3	-1.04475142E-6	
-4.70000000E-3	-1.04017066E-6	
-4.30000000E-3	-1.03360698E-6	
-4.00000000E-3	-1.02967323E-6	
-3.40000000E-3	-1.03159561E-6	
-3.10000000E-3	-1.03669784E-6	
-2.50000000E-3	-1.04325265E-6	
-2.20000000E-3	-1.05047547E-6	
-1.60000000E-3	-1.05439471E-6	
-1.30000000E-3	-1.05187772E-6	
-700.00000000E-6	-1.04512837E-6	
-400.00000000E-6	-1.04158012E-6	
100.00000000E-6	-1.04583793E-6	
700.00000000E-6	-1.05388693E-6	
1.00000000E-3	-1.05667110E-6	
1.60000000E-3	-1.05567941E-6	
1.80000000E-3	-1.05544176E-6	
2.40000000E-3	-1.05536419E-6	
2.70000000E-3	-1.05213188E-6	
3.20000000E-3	-1.04730756E-6	
3.80000000E-3	-1.04375289E-6	
4.10000000E-3	-1.04138013E-6	
4.70000000E-3	-1.04231654E-6	
5.00000000E-3	-1.04591965E-6	
5.50000000E-3	-1.04585709E-6	
5.80000000E-3	-1.04255228E-6	
6.10000000E-3	-1.04216062E-6	
6.70000000E-3	-1.04373986E-6	
7.30000000E-3	-1.04032126E-6	
7.60000000E-3	-1.03414169E-6	
8.20000000E-3	-1.02998113E-6	
8.40000000E-3	-1.02870325E-6	
9.00000000E-3	-1.02769673E-6	
9.30000000E-3	-1.02814856E-6	
9.90000000E-3	-1.03122659E-6	
10.10000000E-3	-1.03628968E-6	
10.70000000E-3	-1.03773776E-6	
11.30000000E-3	-1.03571321E-6	
11.50000000E-3	-1.03396302E-6	
12.20000000E-3	-1.03202609E-6	
12.40000000E-3	-1.02907242E-6	
13.00000000E-3	-1.02770025E-6	
13.60000000E-3	-1.02548511E-6	
13.90000000E-3	-1.02044703E-6	
14.40000000E-3	-1.01669128E-6	
14.70000000E-3	-1.01644152E-6	
15.30000000E-3	-1.01763037E-6	
15.50000000E-3	-1.01827999E-6	
16.10000000E-3	-1.01577504E-6	
16.40000000E-3	-1.01208836E-6	
16.90000000E-3	-1.00952289E-6	
17.20000000E-3	-1.00709104E-6	
17.80000000E-3	-1.00101034E-6	
18.40000000E-3	-991.70079839E-9	
18.70000000E-3	-983.56954549E-9	
19.30000000E-3	-978.27785686E-9	
19.50000000E-3	-971.93204515E-9	
20.10000000E-3	-966.94425536E-9	
20.40000000E-3	-963.01759039E-9	
21.00000000E-3	-956.64237203E-9	
21.50000000E-3	-949.20543154E-9	
21.70000000E-3	-942.92097115E-9	
22.40000000E-3	-934.09614780E-9	
22.60000000E-3	-923.20552992E-9	
23.20000000E-3	-914.27411556E-9	
23.50000000E-3	-909.58268075E-9	
24.10000000E-3	-907.15350914E-9	
24.70000000E-3	-898.88619796E-9	
24.90000000E-3	-884.59469082E-9	
25.50000000E-3	-869.83962795E-9	
25.80000000E-3	-858.64121113E-9	
26.40000000E-3	-850.91979387E-9	
26.70000000E-3	-840.11652434E-9	
27.10000000E-3	-825.72328729E-9	
27.50000000E-3	-808.04036725E-9	
27.80000000E-3	-791.54155515E-9	
28.60000000E-3	-776.83720462E-9	
28.90000000E-3	-766.08608293E-9	
29.30000000E-3	-754.38306333E-9	
29.80000000E-3	-735.69377383E-9	
30.10000000E-3	-716.71209810E-9	
30.70000000E-3	-701.45348523E-9	
31.00000000E-3	-684.95075897E-9	
31.50000000E-3	-663.73230671E-9	
32.10000000E-3	-640.67454802E-9	
32.40000000E-3	-616.79024076E-9	
32.70000000E-3	-592.62037497E-9	
33.30000000E-3	-570.84002625E-9	
33.80000000E-3	-552.49278921E-9	
34.10000000E-3	-535.25784315E-9	
34.70000000E-3	-514.25909378E-9	
35.00000000E-3	-492.03439868E-9	
35.60000000E-3	-471.03017212E-9	
35.90000000E-3	-451.40529325E-9	
36.30000000E-3	-427.62606958E-9	
36.70000000E-3	-401.57953729E-9	
37.00000000E-3	-374.14244495E-9	
37.80000000E-3	-348.14844817E-9	
38.10000000E-3	-323.42273679E-9	
38.40000000E-3	-301.01899547E-9	
39.00000000E-3	-278.14673159E-9	
39.30000000E-3	-251.70793503E-9	
39.80000000E-3	-226.54756970E-9	
40.10000000E-3	-203.92238097E-9	
40.80000000E-3	-179.00573678E-9	
41.30000000E-3	-154.56808993E-9	
41.60000000E-3	-127.79549145E-9	
42.10000000E-3	-96.73588804E-9	
42.40000000E-3	-67.28470926E-9	
43.00000000E-3	-43.65897555E-9	
43.20000000E-3	-24.73942491E-9	
43.80000000E-3	-5.17182298E-9	
44.40000000E-3	17.05989515E-9	
44.70000000E-3	40.23033712E-9	
45.30000000E-3	66.47934877E-9	
45.60000000E-3	94.38046308E-9	
46.10000000E-3	119.98975608E-9	
46.40000000E-3	142.74502815E-9	
47.00000000E-3	163.75177268E-9	
47.60000000E-3	184.22126672E-9	
47.70000000E-3	203.33097114E-9	
48.40000000E-3	221.54950249E-9	
48.70000000E-3	241.62561314E-9	
49.20000000E-3	260.19334942E-9	
49.50000000E-3	275.72350046E-9	
50.00000000E-3	288.39145930E-9	
50.40000000E-3	302.12184507E-9	
50.70000000E-3	316.73548129E-9	
51.30000000E-3	333.54070118E-9	
51.80000000E-3	353.17457182E-9	
51.80000000E-3	370.36895320E-9	
52.40000000E-3	386.22493863E-9	
53.00000000E-3	398.52730024E-9	
53.60000000E-3	410.76900847E-9	
53.90000000E-3	424.04423052E-9	
54.50000000E-3	438.51176077E-9	
54.80000000E-3	451.34674026E-9	
55.30000000E-3	462.58859820E-9	
55.60000000E-3	476.39764939E-9	
56.10000000E-3	487.46559655E-9	
56.80000000E-3	493.98478290E-9	
57.10000000E-3	498.82580477E-9	
57.40000000E-3	505.29604416E-9	
58.00000000E-3	513.38599501E-9	
58.30000000E-3	521.32051126E-9	
58.90000000E-3	527.06507050E-9	
59.10000000E-3	531.25648535E-9	
59.70000000E-3	537.39996773E-9	
60.00000000E-3	544.59382536E-9	
60.60000000E-3	552.25560350E-9	
61.20000000E-3	561.66441738E-9	
61.50000000E-3	570.34639725E-9	
62.00000000E-3	577.07358917E-9	
62.30000000E-3	581.89378068E-9	
62.90000000E-3	583.13543700E-9	
63.20000000E-3	581.57162177E-9	
63.60000000E-3	578.19257605E-9	
64.00000000E-3	576.22930338E-9	
64.50000000E-3	576.74576612E-9	
64.80000000E-3	579.38707285E-9	
65.70000000E-3	582.14781388E-9	
65.70000000E-3	584.58113756E-9	
66.40000000E-3	589.22361184E-9	
66.90000000E-3	592.43751949E-9	
67.10000000E-3	588.96706899E-9	
67.70000000E-3	582.60423952E-9	
68.00000000E-3	579.17149794E-9	
68.60000000E-3	582.02395254E-9	
68.90000000E-3	588.44398108E-9	
69.50000000E-3	595.00981029E-9	
70.00000000E-3	599.68891369E-9	
70.20000000E-3	602.40149085E-9	
70.80000000E-3	606.79817510E-9	
71.10000000E-3	608.74151924E-9	
71.50000000E-3	606.66833566E-9	
72.00000000E-3	604.78617122E-9	
72.30000000E-3	604.47556937E-9	
73.10000000E-3	606.77463214E-9	
73.40000000E-3	612.04868128E-9	
74.00000000E-3	614.59445126E-9	
74.30000000E-3	613.27437354E-9	
74.70000000E-3	612.02900209E-9	
75.10000000E-3	610.33968032E-9	
75.40000000E-3	609.18301484E-9	
76.10000000E-3	610.80808823E-9	
76.60000000E-3	613.74694018E-9	
76.90000000E-3	615.58170019E-9	
77.40000000E-3	617.31656282E-9	
77.70000000E-3	616.83991768E-9	
78.30000000E-3	612.73760410E-9	
78.50000000E-3	608.18540338E-9	
79.30000000E-3	604.52376052E-9	
79.70000000E-3	600.88242318E-9	
80.00000000E-3	597.40568480E-9	
80.60000000E-3	596.76994521E-9	
80.80000000E-3	597.43667854E-9	
81.40000000E-3	594.81698470E-9	
81.70000000E-3	589.12167249E-9	
82.30000000E-3	586.55784619E-9	
82.90000000E-3	589.68805716E-9	
83.00000000E-3	595.96691620E-9	
83.20000000E-3	602.42727022E-9	
84.00000000E-3	606.57647913E-9	
84.30000000E-3	609.33690148E-9	
84.90000000E-3	613.29714530E-9	
85.40000000E-3	616.19360516E-9	
85.70000000E-3	611.43696422E-9	
86.30000000E-3	601.05178524E-9	
86.60000000E-3	591.32308655E-9	
87.10000000E-3	587.41662681E-9	
87.50000000E-3	586.62651142E-9	
88.00000000E-3	587.63759321E-9	
88.60000000E-3	589.13863492E-9	
88.90000000E-3	592.77670755E-9	
89.30000000E-3	595.52351012E-9	
89.80000000E-3	592.33871122E-9	
90.00000000E-3	585.86410349E-9	
90.30000000E-3	580.04997821E-9	
91.10000000E-3	577.81496145E-9	
91.60000000E-3	579.48508781E-9	
92.00000000E-3	581.47577043E-9	
92.20000000E-3	581.98852693E-9	
92.80000000E-3	581.36237960E-9	
93.10000000E-3	577.96352992E-9	
93.60000000E-3	574.37777180E-9	
93.90000000E-3	572.89503356E-9	
94.50000000E-3	572.72305887E-9	
95.10000000E-3	572.44716559E-9	
95.40000000E-3	573.50907582E-9	
95.90000000E-3	574.17301686E-9	
96.20000000E-3	574.26660746E-9	
96.80000000E-3	574.80220693E-9	
97.10000000E-3	573.46626020E-9	
97.60000000E-3	570.75742634E-9	
98.00000000E-3	564.70766908E-9	
98.50000000E-3	555.56523853E-9	
99.10000000E-3	549.11895145E-9	
99.30000000E-3	548.96009336E-9	
99.90000000E-3	553.42628676E-9	
100.20000000E-3	557.65060977E-9	
100.80000000E-3	557.60813734E-9	
101.10000000E-3	554.45327352E-9	
101.50000000E-3	551.35456023E-9	
101.90000000E-3	548.97178537E-9	
102.20000000E-3	547.86108071E-9	
103.00000000E-3	545.99572642E-9	
103.10000000E-3	541.72405822E-9	
103.10000000E-3	537.51753847E-9	
104.10000000E-3	534.90002173E-9	
104.70000000E-3	534.07322288E-9	
105.00000000E-3	534.27713405E-9	
105.50000000E-3	536.93086611E-9	
105.80000000E-3	542.68881930E-9	
106.40000000E-3	548.46706079E-9	
106.70000000E-3	549.66173656E-9	
107.20000000E-3	547.36436221E-9	
107.50000000E-3	547.04855876E-9	
108.10000000E-3	550.70956691E-9	
108.60000000E-3	554.23174339E-9	
108.90000000E-3	554.23603961E-9	
109.50000000E-3	549.71910343E-9	
109.80000000E-3	544.62340848E-9	
110.40000000E-3	541.30691243E-9	
111.00000000E-3	540.95158081E-9	
111.20000000E-3	541.03357998E-9	
111.80000000E-3	538.26081477E-9	
112.10000000E-3	534.28585491E-9	
112.70000000E-3	531.59552374E-9	
113.00000000E-3	533.34949970E-9	
113.50000000E-3	537.32352098E-9	
113.80000000E-3	538.51225634E-9	
114.20000000E-3	538.83420475E-9	
114.40000000E-3	538.51738147E-9	
115.10000000E-3	533.44291671E-9	
115.70000000E-3	525.39980941E-9	
116.00000000E-3	521.80700798E-9	
116.50000000E-3	520.81755357E-9	
117.10000000E-3	517.05734351E-9	
117.40000000E-3	513.95478350E-9	
118.00000000E-3	516.62907210E-9	
118.30000000E-3	521.37293342E-9	
118.50000000E-3	522.26150817E-9	
119.10000000E-3	519.44105792E-9	
119.40000000E-3	515.87579909E-9	
120.30000000E-3	512.10340190E-9	
120.60000000E-3	510.04665130E-9	
120.90000000E-3	511.96350950E-9	
121.40000000E-3	517.45671159E-9	
122.00000000E-3	520.90674106E-9	
122.30000000E-3	521.60446390E-9	
122.60000000E-3	522.74546207E-9	
123.20000000E-3	522.71406002E-9	
123.70000000E-3	518.10495188E-9	
124.10000000E-3	511.86111911E-9	
124.40000000E-3	509.75534282E-9	
124.90000000E-3	510.65783357E-9	
125.20000000E-3	511.32124333E-9	
125.70000000E-3	510.10564212E-9	
126.30000000E-3	506.23872643E-9	
126.60000000E-3	503.24516935E-9	
127.20000000E-3	504.18488738E-9	
127.50000000E-3	506.27863446E-9	
128.00000000E-3	508.49767012E-9	
128.20000000E-3	511.64633931E-9	
128.80000000E-3	512.14297057E-9	
129.10000000E-3	505.24554628E-9	
129.70000000E-3	495.69335128E-9	
130.30000000E-3	489.00604688E-9	
130.60000000E-3	486.36178621E-9	
130.60000000E-3	487.78650089E-9	
131.60000000E-3	491.18064638E-9	
131.90000000E-3	492.84125915E-9	
132.50000000E-3	490.51262205E-9	
132.80000000E-3	488.66944644E-9	
133.30000000E-3	487.15495791E-9	
133.90000000E-3	485.27067708E-9	
134.20000000E-3	483.91048113E-9	
134.80000000E-3	481.18308736E-9	
135.10000000E-3	477.48018970E-9	
135.60000000E-3	474.37288699E-9	
135.90000000E-3	474.33877851E-9	
136.40000000E-3	477.20576364E-9	
136.80000000E-3	477.91430151E-9	
137.10000000E-3	476.11507332E-9	
137.60000000E-3	475.39688406E-9	
137.90000000E-3	476.45000243E-9	
138.10000000E-3	475.07234955E-9	
139.00000000E-3	473.22249474E-9	
139.30000000E-3	473.31315659E-9	
139.90000000E-3	475.35687340E-9	
140.20000000E-3	475.42911170E-9	
140.70000000E-3	472.93773307E-9	
141.00000000E-3	473.47113086E-9	
141.60000000E-3	474.71232947E-9	
142.20000000E-3	472.33072508E-9	
142.40000000E-3	468.92535421E-9	
142.40000000E-3	470.40067988E-9	
143.50000000E-3	472.42833216E-9	
143.70000000E-3	473.65921935E-9	
144.30000000E-3	474.53496861E-9	
144.60000000E-3	470.85706907E-9	
145.20000000E-3	463.59603280E-9	
145.40000000E-3	457.05525444E-9	
146.00000000E-3	455.64031071E-9	
146.60000000E-3	460.57289534E-9	
146.90000000E-3	463.71136245E-9	
147.40000000E-3	460.87940509E-9	
147.70000000E-3	455.57657376E-9	
148.30000000E-3	453.14536578E-9	
148.60000000E-3	454.09647112E-9	
149.00000000E-3	456.35185658E-9	
149.40000000E-3	456.42972160E-9	
149.70000000E-3	453.22631033E-9	
150.40000000E-3	448.76226130E-9	
150.90000000E-3	445.65111974E-9	
151.10000000E-3	443.45796176E-9	
151.70000000E-3	444.68919666E-9	
152.00000000E-3	446.98062610E-9	
152.60000000E-3	447.07108496E-9	
152.90000000E-3	447.95074078E-9	
153.50000000E-3	448.36438066E-9	
154.00000000E-3	447.40199920E-9	
154.20000000E-3	449.29587975E-9	
154.80000000E-3	455.55575293E-9	
155.10000000E-3	459.92034136E-9	
155.70000000E-3	455.81745046E-9	
156.00000000E-3	445.95114993E-9	
156.50000000E-3	437.40223127E-9	
157.10000000E-3	432.78669912E-9	
157.40000000E-3	430.60220415E-9	
158.00000000E-3	429.14830877E-9	
158.30000000E-3	427.87378352E-9	
158.90000000E-3	426.16836514E-9	
159.20000000E-3	424.34082320E-9	
159.40000000E-3	422.80290381E-9	
160.00000000E-3	420.91724241E-9	
160.60000000E-3	417.34842664E-9	
160.80000000E-3	412.66447741E-9	
161.40000000E-3	411.69101601E-9	
162.00000000E-3	414.37840951E-9	
162.30000000E-3	417.72803558E-9	
162.80000000E-3	420.44924038E-9	
162.80000000E-3	420.12407692E-9	
163.70000000E-3	419.23569355E-9	
164.00000000E-3	420.46599174E-9	
164.50000000E-3	422.06208022E-9	
164.80000000E-3	423.33513760E-9	
165.40000000E-3	422.10178673E-9	
166.00000000E-3	414.82212771E-9	
166.30000000E-3	405.05015231E-9	
166.90000000E-3	395.05477413E-9	
167.20000000E-3	387.10697546E-9	
167.60000000E-3	385.99964401E-9	
168.00000000E-3	391.25660037E-9	
168.40000000E-3	399.09930781E-9	
168.90000000E-3	404.70857789E-9	
169.40000000E-3	405.35020153E-9	
170.00000000E-3	403.70533150E-9	
170.30000000E-3	402.03764330E-9	
170.70000000E-3	398.45745036E-9	
171.10000000E-3	393.61452530E-9	
171.40000000E-3	391.00196309E-9	
172.00000000E-3	393.77763469E-9	
172.20000000E-3	398.17258100E-9	
172.80000000E-3	400.14248608E-9	
173.40000000E-3	400.15937762E-9	
173.70000000E-3	399.53255964E-9	
174.30000000E-3	399.06129703E-9	
174.90000000E-3	398.15581451E-9	
175.20000000E-3	393.85236685E-9	
175.60000000E-3	389.06825389E-9	
176.00000000E-3	383.19907789E-9	
176.30000000E-3	376.23497790E-9	
177.00000000E-3	371.69856029E-9	
177.40000000E-3	371.08736078E-9	
177.70000000E-3	373.09463136E-9	
177.70000000E-3	375.28416163E-9	
178.60000000E-3	378.11876127E-9	
179.10000000E-3	381.49588448E-9	
179.70000000E-3	383.09417915E-9	
180.00000000E-3	383.66237669E-9	
180.60000000E-3	384.42402247E-9	
180.80000000E-3	383.30804634E-9	
181.30000000E-3	378.91085167E-9	
182.00000000E-3	373.41275512E-9	
182.30000000E-3	368.04760566E-9	
182.70000000E-3	362.13164744E-9	
183.20000000E-3	356.63169297E-9	
183.50000000E-3	355.06482836E-9	
184.00000000E-3	358.80667814E-9	
184.30000000E-3	365.36763138E-9	
184.90000000E-3	370.56327685E-9	
185.20000000E-3	372.37471679E-9	
185.70000000E-3	370.65853724E-9	
186.30000000E-3	368.13909067E-9	
186.50000000E-3	365.22685941E-9	
186.60000000E-3	361.21171164E-9	
187.70000000E-3	357.63726860E-9	
188.00000000E-3	355.38115954E-9	
188.60000000E-3	357.35535123E-9	
188.90000000E-3	364.82062143E-9	
189.20000000E-3	373.37916924E-9	
189.80000000E-3	373.85711044E-9	
190.00000000E-3	365.93268765E-9	
190.70000000E-3	359.53120364E-9	
191.20000000E-3	357.23622327E-9	
191.50000000E-3	353.35913806E-9	
192.10000000E-3	348.37871518E-9	
192.30000000E-3	346.13310957E-9	
192.90000000E-3	346.86295634E-9	
193.20000000E-3	349.80908695E-9	
193.80000000E-3	352.38322519E-9	
194.10000000E-3	353.56388167E-9	
194.30000000E-3	353.22657538E-9	
195.10000000E-3	350.49665755E-9	
195.50000000E-3	347.67694903E-9	
195.80000000E-3	347.02164920E-9	
196.40000000E-3	348.05664385E-9	
196.70000000E-3	346.32779919E-9	
197.20000000E-3	343.51109787E-9	
197.50000000E-3	341.18806286E-9	
198.10000000E-3	339.74391123E-9	
198.40000000E-3	338.57679656E-9	
198.80000000E-3	337.07796655E-9	
199.50000000E-3	337.51854561E-9	
199.80000000E-3	339.20350810E-9	
200.10000000E-3	341.75918679E-9	
