-200.00000000E-3	272.28502227E-9	
-200.00000000E-3	279.15987835E-9	
-200.00000000E-3	282.73552308E-9	
-199.90000000E-3	283.14474464E-9	
-199.60000000E-3	280.32923903E-9	
-199.30000000E-3	274.45141263E-9	
-198.90000000E-3	276.21579854E-9	
-198.60000000E-3	287.79205575E-9	
-198.10000000E-3	292.69689160E-9	
-197.70000000E-3	290.00166317E-9	
-197.20000000E-3	285.58082294E-9	
-196.70000000E-3	285.64185868E-9	
-196.20000000E-3	283.71714517E-9	
-195.60000000E-3	276.26211347E-9	
-195.10000000E-3	274.04365056E-9	
-194.50000000E-3	277.10063328E-9	
-193.90000000E-3	279.28845435E-9	
-193.30000000E-3	277.16540322E-9	
-192.80000000E-3	268.86891678E-9	
-192.20000000E-3	266.63231480E-9	
-191.60000000E-3	277.20310624E-9	
-190.90000000E-3	285.91878410E-9	
-190.30000000E-3	285.70009689E-9	
-189.70000000E-3	278.85803107E-9	
-189.20000000E-3	273.82383544E-9	
-188.50000000E-3	274.53727303E-9	
-187.90000000E-3	279.16145338E-9	
-187.30000000E-3	285.33869138E-9	
-186.70000000E-3	288.01266024E-9	
-186.00000000E-3	286.07409337E-9	
-185.50000000E-3	281.14917910E-9	
-184.80000000E-3	276.41976189E-9	
-184.20000000E-3	277.21937208E-9	
-183.60000000E-3	280.24413391E-9	
-183.20000000E-3	283.63886594E-9	
-182.30000000E-3	289.05710070E-9	
-181.70000000E-3	289.79061034E-9	
-181.10000000E-3	285.97376158E-9	
-180.50000000E-3	281.54985943E-9	
-179.80000000E-3	277.35607860E-9	
-179.20000000E-3	273.23691073E-9	
-178.60000000E-3	267.61567421E-9	
-178.00000000E-3	270.62675046E-9	
-177.70000000E-3	281.02431402E-9	
-177.00000000E-3	283.79911635E-9	
-176.40000000E-3	279.14101749E-9	
-175.80000000E-3	272.02397921E-9	
-175.20000000E-3	264.75206885E-9	
-174.50000000E-3	267.69744317E-9	
-174.00000000E-3	274.49925356E-9	
-173.30000000E-3	266.10417155E-9	
-172.70000000E-3	258.46735916E-9	
-172.00000000E-3	261.40532680E-9	
-171.50000000E-3	265.81830298E-9	
-170.80000000E-3	271.88067204E-9	
-170.30000000E-3	277.83128123E-9	
-169.60000000E-3	284.22924470E-9	
-169.00000000E-3	286.11103033E-9	
-168.30000000E-3	282.64831181E-9	
-167.80000000E-3	275.20781572E-9	
-167.20000000E-3	268.46184457E-9	
-166.60000000E-3	263.63851573E-9	
-166.00000000E-3	260.91031486E-9	
-165.20000000E-3	261.65941460E-9	
-164.60000000E-3	264.79507119E-9	
-164.00000000E-3	267.29547870E-9	
-163.40000000E-3	268.98539213E-9	
-162.80000000E-3	272.74700763E-9	
-162.30000000E-3	272.50271283E-9	
-161.40000000E-3	268.21347188E-9	
-160.90000000E-3	267.29011156E-9	
-160.30000000E-3	268.39746761E-9	
-159.70000000E-3	267.88163290E-9	
-159.20000000E-3	268.13974029E-9	
-158.30000000E-3	265.93126473E-9	
-157.70000000E-3	266.35689342E-9	
-157.10000000E-3	264.06425616E-9	
-156.60000000E-3	260.44653215E-9	
-156.00000000E-3	263.58301587E-9	
-155.30000000E-3	267.77396972E-9	
-154.60000000E-3	269.07906804E-9	
-154.00000000E-3	265.62816213E-9	
-153.50000000E-3	262.18328991E-9	
-152.90000000E-3	258.82378733E-9	
-152.30000000E-3	261.21474304E-9	
-151.50000000E-3	263.08785935E-9	
-150.90000000E-3	261.14280183E-9	
-150.30000000E-3	258.23413092E-9	
-149.70000000E-3	258.55007017E-9	
-149.20000000E-3	259.51224615E-9	
-148.60000000E-3	260.29426330E-9	
-147.70000000E-3	259.12795744E-9	
-147.10000000E-3	255.15140813E-9	
-146.60000000E-3	256.61089481E-9	
-146.00000000E-3	259.36406277E-9	
-145.50000000E-3	256.24053619E-9	
-144.80000000E-3	253.06161918E-9	
-144.00000000E-3	252.31004042E-9	
-143.50000000E-3	253.07043051E-9	
-142.80000000E-3	257.43875739E-9	
-142.30000000E-3	258.30600450E-9	
-141.70000000E-3	257.49387567E-9	
-140.90000000E-3	253.61776781E-9	
-140.30000000E-3	250.66595377E-9	
-139.80000000E-3	250.79635371E-9	
-139.20000000E-3	254.94967085E-9	
-138.60000000E-3	261.17174754E-9	
-137.90000000E-3	267.66878742E-9	
-137.20000000E-3	267.24978421E-9	
-136.60000000E-3	260.74266286E-9	
-136.00000000E-3	257.91647504E-9	
-135.40000000E-3	262.25053981E-9	
-134.90000000E-3	260.45675614E-9	
-134.00000000E-3	249.14243119E-9	
-133.50000000E-3	240.15080287E-9	
-132.90000000E-3	236.97053974E-9	
-132.30000000E-3	240.34795931E-9	
-131.80000000E-3	246.61825969E-9	
-131.10000000E-3	247.31740081E-9	
-130.40000000E-3	241.28769776E-9	
-129.80000000E-3	241.69640651E-9	
-129.50000000E-3	245.39767890E-9	
-128.90000000E-3	241.67098077E-9	
-128.10000000E-3	237.96803661E-9	
-127.20000000E-3	238.34570803E-9	
-126.60000000E-3	237.41807951E-9	
-126.10000000E-3	242.14413944E-9	
-125.50000000E-3	245.13337006E-9	
-125.00000000E-3	241.58747455E-9	
-124.40000000E-3	233.76131347E-9	
-123.80000000E-3	227.68865746E-9	
-123.20000000E-3	225.18651895E-9	
-122.60000000E-3	227.10196817E-9	
-122.10000000E-3	229.42499350E-9	
-121.20000000E-3	223.01662612E-9	
-120.50000000E-3	219.28215916E-9	
-120.00000000E-3	219.67547881E-9	
-119.60000000E-3	222.18128563E-9	
-119.00000000E-3	224.40932393E-9	
-118.40000000E-3	225.89817656E-9	
-117.50000000E-3	221.81225432E-9	
-117.00000000E-3	212.66954864E-9	
-116.40000000E-3	208.78768770E-9	
-115.80000000E-3	212.94374067E-9	
-115.20000000E-3	219.11604628E-9	
-114.40000000E-3	223.41966208E-9	
-113.80000000E-3	219.48394742E-9	
-113.30000000E-3	216.05074693E-9	
-112.70000000E-3	212.42572194E-9	
-112.10000000E-3	208.91601278E-9	
-111.50000000E-3	206.41365518E-9	
-110.70000000E-3	201.15692268E-9	
-110.10000000E-3	197.39771398E-9	
-109.50000000E-3	197.46301073E-9	
-108.90000000E-3	196.17307377E-9	
-108.40000000E-3	196.20097024E-9	
-107.60000000E-3	199.80569018E-9	
-107.00000000E-3	199.65355358E-9	
-106.40000000E-3	201.89928371E-9	
-105.80000000E-3	202.62747364E-9	
-105.20000000E-3	196.97598222E-9	
-104.70000000E-3	191.45421986E-9	
-103.80000000E-3	186.79821118E-9	
-103.20000000E-3	183.28525575E-9	
-102.70000000E-3	181.87110494E-9	
-102.10000000E-3	179.24168336E-9	
-101.50000000E-3	170.41436215E-9	
-100.80000000E-3	168.85369407E-9	
-100.20000000E-3	174.88125221E-9	
-99.60000000E-3	176.49302867E-9	
-99.00000000E-3	174.86832728E-9	
-98.40000000E-3	172.13092313E-9	
-97.80000000E-3	162.75006143E-9	
-97.00000000E-3	151.68022686E-9	
-96.40000000E-3	150.79362962E-9	
-95.80000000E-3	155.41836775E-9	
-95.30000000E-3	157.27995698E-9	
-94.80000000E-3	151.09077229E-9	
-94.10000000E-3	141.63386017E-9	
-93.20000000E-3	140.05654175E-9	
-92.70000000E-3	141.64674465E-9	
-92.10000000E-3	145.86926409E-9	
-91.60000000E-3	149.80206616E-9	
-91.00000000E-3	150.25377671E-9	
-90.20000000E-3	146.53498558E-9	
-89.60000000E-3	135.88236326E-9	
-89.10000000E-3	132.09200858E-9	
-88.40000000E-3	131.65695082E-9	
-87.90000000E-3	130.73458993E-9	
-87.30000000E-3	130.36290099E-9	
-86.50000000E-3	128.65591261E-9	
-85.90000000E-3	124.82165728E-9	
-85.30000000E-3	122.89435839E-9	
-84.70000000E-3	121.93154839E-9	
-84.10000000E-3	122.18965548E-9	
-83.50000000E-3	121.77037871E-9	
-82.80000000E-3	119.30561624E-9	
-82.20000000E-3	113.52096109E-9	
-81.60000000E-3	107.88833665E-9	
-81.00000000E-3	102.93470169E-9	
-80.40000000E-3	97.05304213E-9	
-79.60000000E-3	88.71635589E-9	
-79.00000000E-3	82.05766432E-9	
-78.40000000E-3	83.53320918E-9	
-77.90000000E-3	86.07096496E-9	
-77.30000000E-3	79.42178188E-9	
-76.70000000E-3	70.85215910E-9	
-75.90000000E-3	65.08716230E-9	
-75.30000000E-3	55.27478047E-9	
-74.70000000E-3	47.02783385E-9	
-74.20000000E-3	49.11010701E-9	
-73.60000000E-3	58.23380760E-9	
-72.70000000E-3	61.56002034E-9	
-72.20000000E-3	53.02530695E-9	
-71.60000000E-3	37.18269247E-9	
-71.00000000E-3	26.97166268E-9	
-70.40000000E-3	30.41767450E-9	
-69.80000000E-3	36.75907447E-9	
-69.00000000E-3	32.40475984E-9	
-68.70000000E-3	22.74590428E-9	
-67.80000000E-3	19.87888528E-9	
-67.20000000E-3	16.65232501E-9	
-66.70000000E-3	20.20749016E-9	
-66.00000000E-3	24.66162536E-9	
-65.20000000E-3	16.96795272E-9	
-64.60000000E-3	4.99813610E-9	
-64.40000000E-3	-6.35128471E-9	
-63.80000000E-3	-14.26473371E-9	
-63.00000000E-3	-17.07361540E-9	
-62.10000000E-3	-17.43503406E-9	
-61.60000000E-3	-18.91005377E-9	
-61.00000000E-3	-23.21423970E-9	
-60.40000000E-3	-23.19355563E-9	
-59.80000000E-3	-25.64953223E-9	
-59.30000000E-3	-31.34139435E-9	
-58.70000000E-3	-38.52679245E-9	
-58.10000000E-3	-44.81437567E-9	
-57.60000000E-3	-50.93466166E-9	
-56.90000000E-3	-61.25441134E-9	
-56.10000000E-3	-70.94416200E-9	
-55.50000000E-3	-73.20036225E-9	
-55.00000000E-3	-76.16129667E-9	
-54.50000000E-3	-82.88610703E-9	
-53.90000000E-3	-87.93823082E-9	
-53.10000000E-3	-90.66846588E-9	
-52.40000000E-3	-95.60327550E-9	
-51.90000000E-3	-96.01179055E-9	
-51.30000000E-3	-99.58772179E-9	
-50.70000000E-3	-111.83370534E-9	
-50.00000000E-3	-117.81485940E-9	
-49.30000000E-3	-117.36830233E-9	
-48.70000000E-3	-125.85616082E-9	
-48.20000000E-3	-134.76014643E-9	
-47.60000000E-3	-136.28324471E-9	
-47.00000000E-3	-141.57735361E-9	
-46.40000000E-3	-147.72097610E-9	
-45.60000000E-3	-151.22098627E-9	
-45.00000000E-3	-154.72885095E-9	
-44.40000000E-3	-160.25599165E-9	
-43.80000000E-3	-167.59070263E-9	
-43.30000000E-3	-176.59499769E-9	
-42.60000000E-3	-186.15009543E-9	
-41.80000000E-3	-194.38961995E-9	
-41.30000000E-3	-201.09662777E-9	
-40.80000000E-3	-207.97320778E-9	
-40.20000000E-3	-211.32637135E-9	
-39.40000000E-3	-211.88415592E-9	
-38.70000000E-3	-215.13236037E-9	
-38.10000000E-3	-216.99765105E-9	
-37.60000000E-3	-218.15771342E-9	
-37.00000000E-3	-217.83745885E-9	
-36.50000000E-3	-220.81238117E-9	
-35.80000000E-3	-228.11329974E-9	
-35.10000000E-3	-236.36144684E-9	
-34.50000000E-3	-242.30668539E-9	
-33.90000000E-3	-252.15568369E-9	
-33.30000000E-3	-258.00148934E-9	
-32.60000000E-3	-262.82444416E-9	
-31.90000000E-3	-267.46725371E-9	
-31.30000000E-3	-269.68141274E-9	
-30.70000000E-3	-273.92520237E-9	
-30.10000000E-3	-278.07601826E-9	
-29.60000000E-3	-277.36737638E-9	
-29.00000000E-3	-286.91057632E-9	
-28.20000000E-3	-299.34754446E-9	
-27.60000000E-3	-303.75470951E-9	
-27.00000000E-3	-302.37144994E-9	
-26.50000000E-3	-300.77596309E-9	
-25.90000000E-3	-300.68731308E-9	
-25.20000000E-3	-307.17719860E-9	
-24.40000000E-3	-315.37546951E-9	
-23.90000000E-3	-314.40101646E-9	
-23.30000000E-3	-310.80342549E-9	
-22.80000000E-3	-313.63094105E-9	
-22.00000000E-3	-320.16520130E-9	
-21.40000000E-3	-324.76980253E-9	
-20.80000000E-3	-327.38778522E-9	
-20.20000000E-3	-329.89466256E-9	
-19.60000000E-3	-337.26624943E-9	
-19.10000000E-3	-350.35638514E-9	
-18.40000000E-3	-359.13086456E-9	
-17.60000000E-3	-360.54978260E-9	
-17.10000000E-3	-359.03092077E-9	
-16.50000000E-3	-356.95585717E-9	
-15.90000000E-3	-356.22916058E-9	
-15.30000000E-3	-352.80657287E-9	
-14.50000000E-3	-348.41846684E-9	
-13.90000000E-3	-351.36267350E-9	
-13.30000000E-3	-360.93792286E-9	
-12.80000000E-3	-367.77351965E-9	
-12.30000000E-3	-371.32518435E-9	
-11.60000000E-3	-374.29656632E-9	
-10.80000000E-3	-373.91192421E-9	
-10.50000000E-3	-378.86897613E-9	
-10.00000000E-3	-387.24476183E-9	
-9.20000000E-3	-385.01982066E-9	
-8.50000000E-3	-376.86491502E-9	
-7.80000000E-3	-379.39799323E-9	
-7.10000000E-3	-383.77161749E-9	
-6.60000000E-3	-385.32205123E-9	
-6.00000000E-3	-388.50061061E-9	
-5.40000000E-3	-391.67236355E-9	
-4.80000000E-3	-389.03103764E-9	
-4.20000000E-3	-383.19444791E-9	
-3.70000000E-3	-378.87673967E-9	
-2.80000000E-3	-374.52697772E-9	
-2.30000000E-3	-373.14979476E-9	
-1.60000000E-3	-376.68786925E-9	
-900.00000000E-6	-384.26748627E-9	
-400.00000000E-6	-387.17683364E-9	
100.00000000E-6	-386.59823099E-9	
700.00000000E-6	-383.13904746E-9	
1.60000000E-3	-375.90445055E-9	
2.10000000E-3	-373.58502897E-9	
2.70000000E-3	-375.35725845E-9	
3.30000000E-3	-380.40005945E-9	
3.90000000E-3	-384.22894343E-9	
4.50000000E-3	-383.36038705E-9	
5.20000000E-3	-379.78851069E-9	
5.90000000E-3	-380.97640868E-9	
6.50000000E-3	-384.40503814E-9	
7.10000000E-3	-379.66791714E-9	
7.70000000E-3	-376.79938679E-9	
8.40000000E-3	-377.59859774E-9	
9.10000000E-3	-372.01539733E-9	
9.70000000E-3	-353.50570150E-9	
10.20000000E-3	-346.70024860E-9	
10.80000000E-3	-351.47427673E-9	
11.10000000E-3	-354.95616430E-9	
12.30000000E-3	-362.27746442E-9	
12.90000000E-3	-367.25460355E-9	
13.50000000E-3	-362.12480957E-9	
14.00000000E-3	-358.12044374E-9	
14.60000000E-3	-357.11988474E-9	
15.20000000E-3	-353.01509800E-9	
15.90000000E-3	-345.15495202E-9	
16.60000000E-3	-339.09721516E-9	
17.20000000E-3	-335.66284856E-9	
17.80000000E-3	-333.98460598E-9	
18.40000000E-3	-333.41840377E-9	
18.90000000E-3	-338.73822827E-9	
19.80000000E-3	-344.61403800E-9	
20.30000000E-3	-346.89563864E-9	
20.90000000E-3	-338.92729843E-9	
21.50000000E-3	-330.38394763E-9	
21.90000000E-3	-327.05730630E-9	
22.70000000E-3	-321.10752633E-9	
23.50000000E-3	-318.82039229E-9	
24.10000000E-3	-322.19544083E-9	
24.70000000E-3	-318.27220834E-9	
25.30000000E-3	-308.99434604E-9	
25.80000000E-3	-306.36234121E-9	
26.30000000E-3	-305.06917556E-9	
26.90000000E-3	-302.38052927E-9	
27.50000000E-3	-302.18360391E-9	
28.10000000E-3	-299.74888684E-9	
28.80000000E-3	-295.09436119E-9	
29.30000000E-3	-289.84237131E-9	
30.20000000E-3	-285.27356400E-9	
30.80000000E-3	-282.40114835E-9	
31.40000000E-3	-279.40858474E-9	
32.00000000E-3	-273.83949111E-9	
32.60000000E-3	-267.05794018E-9	
33.20000000E-3	-261.23499847E-9	
33.70000000E-3	-253.64633433E-9	
34.60000000E-3	-246.39818759E-9	
35.10000000E-3	-239.67904868E-9	
35.70000000E-3	-235.07196343E-9	
36.20000000E-3	-238.29113227E-9	
36.80000000E-3	-242.80479010E-9	
37.50000000E-3	-240.82522258E-9	
38.30000000E-3	-236.81394250E-9	
38.80000000E-3	-233.56720905E-9	
39.30000000E-3	-225.83889211E-9	
39.90000000E-3	-215.00546025E-9	
40.50000000E-3	-204.90181950E-9	
41.40000000E-3	-198.47647523E-9	
41.90000000E-3	-197.23554099E-9	
42.50000000E-3	-195.27216163E-9	
43.10000000E-3	-193.97738162E-9	
43.70000000E-3	-188.62444031E-9	
44.30000000E-3	-180.07436759E-9	
45.10000000E-3	-172.34407389E-9	
45.60000000E-3	-164.09179297E-9	
46.30000000E-3	-153.28139510E-9	
46.80000000E-3	-151.26137770E-9	
47.40000000E-3	-150.13034500E-9	
48.10000000E-3	-141.74017006E-9	
48.80000000E-3	-136.59325294E-9	
49.40000000E-3	-134.47237452E-9	
50.00000000E-3	-131.48296798E-9	
50.60000000E-3	-125.55445412E-9	
51.10000000E-3	-116.82798136E-9	
52.00000000E-3	-111.36924679E-9	
52.50000000E-3	-108.35148321E-9	
53.10000000E-3	-105.19984130E-9	
53.70000000E-3	-100.87974480E-9	
54.30000000E-3	-96.52995309E-9	
54.80000000E-3	-93.00424817E-9	
55.70000000E-3	-84.65014038E-9	
56.30000000E-3	-74.79631362E-9	
56.90000000E-3	-74.81111052E-9	
57.50000000E-3	-76.04244627E-9	
58.00000000E-3	-69.49141484E-9	
58.20000000E-3	-61.11020008E-9	
59.20000000E-3	-56.32481173E-9	
59.80000000E-3	-48.51743308E-9	
60.30000000E-3	-37.17091487E-9	
60.90000000E-3	-31.55208606E-9	
61.60000000E-3	-31.81863450E-9	
62.30000000E-3	-29.23624576E-9	
62.90000000E-3	-24.36155824E-9	
63.50000000E-3	-21.83874566E-9	
64.10000000E-3	-25.28882168E-9	
64.70000000E-3	-28.79022572E-9	
65.50000000E-3	-24.19841205E-9	
66.10000000E-3	-17.06056352E-9	
66.60000000E-3	-14.26488995E-9	
67.20000000E-3	-9.85801800E-9	
67.80000000E-3	79.88293818E-12	
68.40000000E-3	10.64985686E-9	
69.20000000E-3	17.45709170E-9	
69.80000000E-3	23.47642807E-9	
70.40000000E-3	25.53949379E-9	
71.00000000E-3	22.54156580E-9	
71.60000000E-3	24.27663361E-9	
72.10000000E-3	29.17496508E-9	
72.70000000E-3	35.96900545E-9	
73.50000000E-3	37.02917299E-9	
74.10000000E-3	34.49081665E-9	
74.70000000E-3	35.28317629E-9	
75.20000000E-3	39.68735412E-9	
75.80000000E-3	50.84244889E-9	
76.60000000E-3	64.03837068E-9	
77.30000000E-3	71.40998726E-9	
77.90000000E-3	69.73083376E-9	
78.40000000E-3	67.21241457E-9	
79.00000000E-3	69.71258990E-9	
79.60000000E-3	73.59520264E-9	
80.20000000E-3	82.28669288E-9	
80.90000000E-3	94.04541400E-9	
81.60000000E-3	97.61754503E-9	
82.10000000E-3	91.87409979E-9	
82.70000000E-3	90.66288985E-9	
83.30000000E-3	100.14707200E-9	
83.80000000E-3	113.39946222E-9	
84.40000000E-3	118.56790859E-9	
85.20000000E-3	117.55349226E-9	
85.90000000E-3	117.63042220E-9	
86.40000000E-3	115.55338038E-9	
87.00000000E-3	113.73911968E-9	
87.50000000E-3	115.05096629E-9	
88.10000000E-3	117.90904096E-9	
88.70000000E-3	120.18427265E-9	
89.50000000E-3	123.17737142E-9	
90.10000000E-3	127.96444659E-9	
90.70000000E-3	129.95714223E-9	
91.00000000E-3	132.82199205E-9	
91.30000000E-3	133.93920326E-9	
92.80000000E-3	134.08711154E-9	
93.40000000E-3	132.83091812E-9	
94.00000000E-3	132.14455463E-9	
94.60000000E-3	137.79564243E-9	
95.10000000E-3	147.78037520E-9	
95.70000000E-3	149.85994901E-9	
96.60000000E-3	149.06324119E-9	
97.20000000E-3	150.68914961E-9	
97.70000000E-3	154.40742523E-9	
98.30000000E-3	156.92972462E-9	
98.90000000E-3	163.22857897E-9	
99.40000000E-3	165.72937794E-9	
100.20000000E-3	167.64352032E-9	
100.90000000E-3	170.49455348E-9	
101.50000000E-3	170.57943555E-9	
102.00000000E-3	170.39491721E-9	
102.60000000E-3	170.85219839E-9	
103.20000000E-3	174.24467751E-9	
103.50000000E-3	177.76211118E-9	
104.50000000E-3	180.60158723E-9	
105.00000000E-3	181.65935648E-9	
105.60000000E-3	185.44309256E-9	
106.20000000E-3	188.50018754E-9	
106.90000000E-3	190.52868156E-9	
107.60000000E-3	194.68299857E-9	
108.20000000E-3	195.99168314E-9	
108.80000000E-3	196.71715683E-9	
109.40000000E-3	197.98752605E-9	
109.90000000E-3	196.19446721E-9	
110.80000000E-3	192.85398037E-9	
111.40000000E-3	196.89431114E-9	
112.00000000E-3	199.80873494E-9	
112.60000000E-3	197.23027069E-9	
113.10000000E-3	199.22200043E-9	
113.60000000E-3	203.18440668E-9	
114.50000000E-3	204.51828881E-9	
115.10000000E-3	207.18927344E-9	
115.70000000E-3	208.56440634E-9	
116.30000000E-3	212.18676676E-9	
116.80000000E-3	222.12217466E-9	
117.40000000E-3	227.25264948E-9	
118.00000000E-3	220.19261211E-9	
118.90000000E-3	216.19899447E-9	
119.40000000E-3	215.71034789E-9	
120.00000000E-3	214.62985997E-9	
120.60000000E-3	221.91792276E-9	
121.20000000E-3	227.38149297E-9	
121.70000000E-3	228.43820100E-9	
122.30000000E-3	227.96140894E-9	
122.80000000E-3	229.14281704E-9	
123.70000000E-3	227.58987541E-9	
124.30000000E-3	220.53220135E-9	
124.90000000E-3	212.95649777E-9	
125.50000000E-3	213.12066992E-9	
126.00000000E-3	216.29957861E-9	
126.60000000E-3	220.38012552E-9	
127.10000000E-3	229.88937249E-9	
128.00000000E-3	242.82065106E-9	
128.60000000E-3	244.13309400E-9	
129.10000000E-3	238.23852100E-9	
129.70000000E-3	238.05571209E-9	
130.30000000E-3	241.13433977E-9	
130.90000000E-3	241.28377641E-9	
131.80000000E-3	241.06115583E-9	
132.30000000E-3	241.45217472E-9	
132.90000000E-3	242.82709801E-9	
133.50000000E-3	245.98549829E-9	
134.00000000E-3	253.70129427E-9	
134.60000000E-3	257.52808121E-9	
135.30000000E-3	252.95724905E-9	
136.10000000E-3	250.92293343E-9	
136.60000000E-3	246.65839982E-9	
137.20000000E-3	240.45775232E-9	
137.70000000E-3	238.34783146E-9	
138.30000000E-3	240.94491869E-9	
139.10000000E-3	244.00133305E-9	
139.80000000E-3	248.65399210E-9	
140.30000000E-3	252.58958839E-9	
140.90000000E-3	252.80795669E-9	
141.50000000E-3	256.35139070E-9	
142.10000000E-3	258.39683682E-9	
142.80000000E-3	252.18095220E-9	
143.50000000E-3	245.24979182E-9	
144.10000000E-3	242.34979233E-9	
144.70000000E-3	245.92058976E-9	
145.20000000E-3	256.24196380E-9	
145.80000000E-3	265.27324165E-9	
146.60000000E-3	269.81038551E-9	
147.30000000E-3	274.31766114E-9	
147.80000000E-3	273.91082919E-9	
148.10000000E-3	264.86951899E-9	
148.90000000E-3	256.67245006E-9	
149.40000000E-3	256.07005746E-9	
150.00000000E-3	258.21306577E-9	
150.60000000E-3	260.39550703E-9	
151.50000000E-3	267.01205824E-9	
152.00000000E-3	275.29850855E-9	
152.60000000E-3	278.47316338E-9	
152.90000000E-3	276.85003697E-9	
154.00000000E-3	274.20750517E-9	
154.60000000E-3	272.88360020E-9	
155.20000000E-3	275.98823948E-9	
155.80000000E-3	279.08233697E-9	
156.40000000E-3	278.98605216E-9	
156.90000000E-3	278.45566957E-9	
157.80000000E-3	278.11293691E-9	
158.30000000E-3	283.28293540E-9	
158.90000000E-3	284.33778346E-9	
159.50000000E-3	274.55385993E-9	
160.10000000E-3	262.74023382E-9	
160.70000000E-3	266.16019310E-9	
161.50000000E-3	276.49333030E-9	
162.10000000E-3	279.38465899E-9	
162.70000000E-3	279.91453179E-9	
163.30000000E-3	281.03161546E-9	
163.80000000E-3	283.14056089E-9	
164.40000000E-3	283.86145475E-9	
165.00000000E-3	280.92485733E-9	
165.80000000E-3	274.63243711E-9	
166.50000000E-3	266.97307351E-9	
167.00000000E-3	267.59304242E-9	
167.60000000E-3	276.47269698E-9	
168.20000000E-3	290.08913809E-9	
168.70000000E-3	294.50796947E-9	
169.60000000E-3	285.67601707E-9	
170.20000000E-3	279.22693970E-9	
170.70000000E-3	278.74358668E-9	
171.30000000E-3	277.70699864E-9	
171.90000000E-3	270.92539950E-9	
172.50000000E-3	266.09448159E-9	
173.40000000E-3	265.06188013E-9	
173.90000000E-3	270.38335372E-9	
174.50000000E-3	279.09605387E-9	
175.10000000E-3	285.02286134E-9	
175.60000000E-3	289.02252974E-9	
176.20000000E-3	292.24500291E-9	
177.00000000E-3	293.68828137E-9	
177.30000000E-3	290.05388137E-9	
178.20000000E-3	282.31172979E-9	
178.70000000E-3	279.67587110E-9	
179.40000000E-3	282.22621017E-9	
179.90000000E-3	288.04962032E-9	
180.50000000E-3	288.02813314E-9	
181.00000000E-3	284.95214564E-9	
181.90000000E-3	281.28821022E-9	
182.20000000E-3	274.35810850E-9	
183.00000000E-3	273.61060591E-9	
183.50000000E-3	275.12234708E-9	
184.40000000E-3	277.24967675E-9	
185.00000000E-3	282.45482833E-9	
185.60000000E-3	288.04134250E-9	
186.20000000E-3	286.27669998E-9	
186.80000000E-3	291.96541078E-9	
187.30000000E-3	298.86259830E-9	
188.20000000E-3	295.06075849E-9	
188.80000000E-3	293.79937607E-9	
189.40000000E-3	294.85214302E-9	
190.00000000E-3	292.63976545E-9	
190.40000000E-3	286.37356487E-9	
191.10000000E-3	285.87530958E-9	
191.60000000E-3	292.69991378E-9	
192.50000000E-3	298.89928772E-9	
193.10000000E-3	299.53164049E-9	
193.70000000E-3	294.23794623E-9	
194.20000000E-3	285.47876158E-9	
194.80000000E-3	279.00773016E-9	
195.40000000E-3	275.85793602E-9	
196.20000000E-3	275.45699427E-9	
196.70000000E-3	285.45828879E-9	
197.30000000E-3	292.97060939E-9	
197.90000000E-3	297.13051711E-9	
198.80000000E-3	303.59914944E-9	
199.40000000E-3	304.32474634E-9	
199.60000000E-3	299.48546524E-9	
