-200.00000000E-3	314.66009768E-9	
-200.00000000E-3	310.88584639E-9	
-200.00000000E-3	305.09145264E-9	
-199.90000000E-3	300.41918919E-9	
-199.70000000E-3	300.38547952E-9	
-199.70000000E-3	305.77333303E-9	
-199.40000000E-3	311.70869261E-9	
-199.20000000E-3	311.70066333E-9	
-198.80000000E-3	307.85294054E-9	
-198.60000000E-3	304.44966400E-9	
-198.10000000E-3	305.10355152E-9	
-198.00000000E-3	306.98369526E-9	
-197.70000000E-3	307.71850103E-9	
-197.20000000E-3	308.18995903E-9	
-196.90000000E-3	308.87053533E-9	
-196.70000000E-3	310.19974502E-9	
-196.10000000E-3	312.81912186E-9	
-195.70000000E-3	314.91454091E-9	
-195.40000000E-3	316.97184606E-9	
-194.80000000E-3	320.87912481E-9	
-194.50000000E-3	327.34490147E-9	
-194.30000000E-3	331.65915590E-9	
-193.70000000E-3	329.53620119E-9	
-193.10000000E-3	324.68767984E-9	
-192.90000000E-3	322.47470599E-9	
-192.60000000E-3	322.35173499E-9	
-192.00000000E-3	322.36339457E-9	
-191.60000000E-3	323.17173732E-9	
-191.40000000E-3	323.57310492E-9	
-190.70000000E-3	323.44829710E-9	
-190.10000000E-3	321.09648607E-9	
-189.80000000E-3	317.66616240E-9	
-189.50000000E-3	317.52840145E-9	
-188.90000000E-3	323.10850308E-9	
-188.60000000E-3	330.67485831E-9	
-188.30000000E-3	332.56244749E-9	
-187.70000000E-3	328.84253879E-9	
-187.10000000E-3	327.43245791E-9	
-186.70000000E-3	328.86295928E-9	
-186.50000000E-3	331.14767024E-9	
-185.90000000E-3	332.42407564E-9	
-185.60000000E-3	329.21025657E-9	
-185.20000000E-3	325.52595578E-9	
-184.60000000E-3	325.06917170E-9	
-184.00000000E-3	328.27258979E-9	
-183.70000000E-3	331.65156019E-9	
-183.40000000E-3	333.03939606E-9	
-182.80000000E-3	332.10937956E-9	
-182.40000000E-3	333.02823294E-9	
-182.10000000E-3	337.59037614E-9	
-181.50000000E-3	341.60940803E-9	
-181.20000000E-3	342.27151252E-9	
-180.60000000E-3	341.29371540E-9	
-180.30000000E-3	341.35081734E-9	
-179.70000000E-3	343.64997398E-9	
-179.30000000E-3	343.60950216E-9	
-179.10000000E-3	337.72635563E-9	
-178.40000000E-3	329.06573536E-9	
-177.80000000E-3	324.83277798E-9	
-177.40000000E-3	325.81898632E-9	
-177.20000000E-3	327.47308076E-9	
-176.60000000E-3	330.14643474E-9	
-176.20000000E-3	332.38552003E-9	
-175.90000000E-3	332.13121007E-9	
-175.30000000E-3	331.18956561E-9	
-175.00000000E-3	331.48749896E-9	
-174.30000000E-3	334.95314674E-9	
-174.00000000E-3	338.59616745E-9	
-173.40000000E-3	339.90352869E-9	
-173.10000000E-3	340.71086574E-9	
-172.70000000E-3	342.71748237E-9	
-172.30000000E-3	345.03342742E-9	
-172.00000000E-3	346.42623026E-9	
-171.40000000E-3	346.95459056E-9	
-171.10000000E-3	346.93857803E-9	
-170.50000000E-3	343.71154732E-9	
-170.00000000E-3	337.08590305E-9	
-169.60000000E-3	332.62701817E-9	
-169.30000000E-3	334.35114163E-9	
-168.70000000E-3	340.02007335E-9	
-168.40000000E-3	345.25408690E-9	
-167.90000000E-3	347.36764276E-9	
-167.40000000E-3	345.56696509E-9	
-167.20000000E-3	339.57458481E-9	
-166.50000000E-3	333.34155267E-9	
-166.00000000E-3	333.65518140E-9	
-165.70000000E-3	339.73761655E-9	
-165.20000000E-3	346.24194296E-9	
-164.80000000E-3	350.15945705E-9	
-164.50000000E-3	350.48863503E-9	
-164.00000000E-3	351.21886944E-9	
-163.60000000E-3	350.23432374E-9	
-163.10000000E-3	345.61835530E-9	
-162.50000000E-3	342.22980810E-9	
-162.20000000E-3	338.47228858E-9	
-161.70000000E-3	334.14171377E-9	
-161.30000000E-3	337.70097060E-9	
-161.00000000E-3	345.18351936E-9	
-160.40000000E-3	347.46476333E-9	
-160.10000000E-3	345.16186588E-9	
-159.60000000E-3	345.61461356E-9	
-159.20000000E-3	349.65121898E-9	
-158.60000000E-3	354.17531891E-9	
-158.20000000E-3	355.38528986E-9	
-157.70000000E-3	356.26288396E-9	
-157.50000000E-3	358.66445374E-9	
-156.90000000E-3	359.33047783E-9	
-156.60000000E-3	358.00077958E-9	
-156.00000000E-3	358.53345961E-9	
-155.80000000E-3	360.26475671E-9	
-155.30000000E-3	360.56131850E-9	
-154.90000000E-3	358.34846671E-9	
-154.30000000E-3	355.70183800E-9	
-153.70000000E-3	355.45962845E-9	
-153.50000000E-3	357.20380461E-9	
-152.90000000E-3	360.51966790E-9	
-152.60000000E-3	363.64669702E-9	
-152.30000000E-3	365.63209554E-9	
-151.70000000E-3	364.81369664E-9	
-151.50000000E-3	361.41808710E-9	
-150.60000000E-3	360.39620604E-9	
-150.30000000E-3	362.38566781E-9	
-150.00000000E-3	364.96415882E-9	
-149.50000000E-3	368.22625008E-9	
-149.20000000E-3	373.65271184E-9	
-148.60000000E-3	379.30027668E-9	
-148.30000000E-3	379.97963607E-9	
-147.70000000E-3	373.82715315E-9	
-147.20000000E-3	368.73242852E-9	
-146.90000000E-3	365.62226009E-9	
-146.30000000E-3	365.23987475E-9	
-146.10000000E-3	365.22248876E-9	
-145.50000000E-3	366.34855075E-9	
-145.20000000E-3	370.44508413E-9	
-144.70000000E-3	374.35873326E-9	
-144.40000000E-3	375.43195402E-9	
-143.80000000E-3	376.54015732E-9	
-143.20000000E-3	381.71477183E-9	
-142.90000000E-3	385.98498173E-9	
-142.40000000E-3	386.06875481E-9	
-142.00000000E-3	384.84697618E-9	
-141.50000000E-3	384.06135499E-9	
-141.20000000E-3	381.18480017E-9	
-140.60000000E-3	374.59341603E-9	
-140.00000000E-3	370.54615625E-9	
-139.80000000E-3	372.64760720E-9	
-139.20000000E-3	375.67269828E-9	
-139.00000000E-3	377.76854206E-9	
-138.50000000E-3	381.76390708E-9	
-138.10000000E-3	387.13453638E-9	
-137.80000000E-3	390.51679672E-9	
-136.90000000E-3	389.50538614E-9	
-136.90000000E-3	389.44343863E-9	
-136.40000000E-3	394.54701876E-9	
-135.80000000E-3	399.20398160E-9	
-135.50000000E-3	398.93526437E-9	
-135.00000000E-3	394.37101455E-9	
-134.60000000E-3	389.74950123E-9	
-134.00000000E-3	387.40529996E-9	
-133.80000000E-3	386.37224630E-9	
-133.20000000E-3	385.40120873E-9	
-132.70000000E-3	385.32689591E-9	
-132.40000000E-3	389.58129187E-9	
-131.80000000E-3	395.25423662E-9	
-131.50000000E-3	400.46226575E-9	
-130.90000000E-3	401.58997395E-9	
-130.60000000E-3	400.07128245E-9	
-130.30000000E-3	398.16267659E-9	
-129.50000000E-3	398.38475999E-9	
-129.30000000E-3	400.93835190E-9	
-128.70000000E-3	403.17747897E-9	
-128.40000000E-3	406.69930613E-9	
-128.00000000E-3	410.08581411E-9	
-127.50000000E-3	411.41013756E-9	
-127.30000000E-3	409.84530431E-9	
-126.40000000E-3	406.04603954E-9	
-126.10000000E-3	404.82443365E-9	
-125.80000000E-3	404.72503699E-9	
-125.20000000E-3	402.89230078E-9	
-125.00000000E-3	400.59032835E-9	
-124.40000000E-3	399.65623733E-9	
-124.20000000E-3	400.14343640E-9	
-123.60000000E-3	401.36223022E-9	
-123.30000000E-3	402.02032613E-9	
-122.70000000E-3	402.41610056E-9	
-122.10000000E-3	403.62129450E-9	
-121.90000000E-3	406.28647975E-9	
-121.30000000E-3	407.63865487E-9	
-121.00000000E-3	409.65258196E-9	
-120.40000000E-3	412.80291743E-9	
-120.10000000E-3	413.75686154E-9	
-119.60000000E-3	411.03781113E-9	
-119.20000000E-3	407.27137540E-9	
-118.70000000E-3	403.98432135E-9	
-118.20000000E-3	402.17653047E-9	
-117.90000000E-3	403.25251336E-9	
-117.30000000E-3	406.88275552E-9	
-117.00000000E-3	410.12860473E-9	
-116.60000000E-3	411.66779171E-9	
-116.20000000E-3	412.12513725E-9	
-115.90000000E-3	409.87417305E-9	
-115.00000000E-3	407.00505012E-9	
-114.70000000E-3	406.46839340E-9	
-114.30000000E-3	406.29283687E-9	
-113.90000000E-3	406.53992103E-9	
-113.60000000E-3	409.40432895E-9	
-113.00000000E-3	413.55883329E-9	
-112.80000000E-3	416.97749010E-9	
-112.10000000E-3	417.13371848E-9	
-111.90000000E-3	412.87339065E-9	
-111.30000000E-3	408.07875940E-9	
-110.80000000E-3	405.38892573E-9	
-110.50000000E-3	405.03889675E-9	
-109.90000000E-3	405.74072520E-9	
-109.60000000E-3	406.93406565E-9	
-109.00000000E-3	409.18953388E-9	
-108.70000000E-3	410.62293737E-9	
-108.20000000E-3	412.11867528E-9	
-107.90000000E-3	413.68196625E-9	
-107.30000000E-3	412.92642064E-9	
-106.70000000E-3	412.33458092E-9	
-106.50000000E-3	412.59360983E-9	
-106.00000000E-3	413.54222747E-9	
-105.60000000E-3	416.66089664E-9	
-105.30000000E-3	420.34745645E-9	
-104.70000000E-3	422.38880507E-9	
-104.20000000E-3	422.87457851E-9	
-103.70000000E-3	421.46666716E-9	
-103.30000000E-3	420.31849706E-9	
-102.90000000E-3	420.93426016E-9	
-102.50000000E-3	420.02275373E-9	
-102.20000000E-3	418.24255109E-9	
-101.70000000E-3	415.46457440E-9	
-101.30000000E-3	410.79974993E-9	
-100.70000000E-3	406.13367398E-9	
-100.20000000E-3	406.15531810E-9	
-99.90000000E-3	410.25855779E-9	
-99.40000000E-3	416.33467262E-9	
-99.10000000E-3	419.22667948E-9	
-98.50000000E-3	418.10986309E-9	
-97.90000000E-3	418.42092315E-9	
-97.70000000E-3	420.63753357E-9	
-97.10000000E-3	419.63267164E-9	
-96.80000000E-3	417.23007856E-9	
-96.20000000E-3	415.91038067E-9	
-96.00000000E-3	413.11615673E-9	
-95.40000000E-3	408.56724737E-9	
-94.80000000E-3	404.60360916E-9	
-94.50000000E-3	403.79826379E-9	
-94.00000000E-3	405.95589467E-9	
-93.60000000E-3	408.27417258E-9	
-93.10000000E-3	410.41154233E-9	
-92.80000000E-3	411.85516099E-9	
-92.20000000E-3	411.04785648E-9	
-91.90000000E-3	405.80231014E-9	
-91.50000000E-3	400.73619151E-9	
-91.10000000E-3	400.69985270E-9	
-90.80000000E-3	403.74267979E-9	
-90.00000000E-3	406.27880534E-9	
-89.70000000E-3	407.59857010E-9	
-89.40000000E-3	407.44885305E-9	
-88.80000000E-3	408.60400109E-9	
-88.50000000E-3	411.42413536E-9	
-87.90000000E-3	410.32694030E-9	
-87.70000000E-3	405.24661152E-9	
-87.10000000E-3	401.92996564E-9	
-86.50000000E-3	401.53094898E-9	
-86.20000000E-3	402.60821007E-9	
-85.60000000E-3	402.95884700E-9	
-85.40000000E-3	401.19709501E-9	
-84.90000000E-3	399.18070601E-9	
-84.50000000E-3	398.44049687E-9	
-84.00000000E-3	397.87785331E-9	
-83.30000000E-3	396.02486728E-9	
-83.10000000E-3	394.18380959E-9	
-82.50000000E-3	392.89437858E-9	
-82.30000000E-3	390.47000382E-9	
-81.70000000E-3	387.03626751E-9	
-81.40000000E-3	385.19058140E-9	
-81.10000000E-3	386.35745957E-9	
-80.50000000E-3	389.29080992E-9	
-80.20000000E-3	391.95047602E-9	
-79.40000000E-3	393.26778462E-9	
-79.10000000E-3	393.72032231E-9	
-78.60000000E-3	393.37141780E-9	
-78.30000000E-3	390.53790694E-9	
-78.00000000E-3	385.34702589E-9	
-77.40000000E-3	379.06216560E-9	
-76.80000000E-3	374.12737129E-9	
-76.50000000E-3	371.02228035E-9	
-75.90000000E-3	369.77343591E-9	
-75.70000000E-3	370.91155598E-9	
-75.10000000E-3	373.13819878E-9	
-74.80000000E-3	374.05512043E-9	
-74.30000000E-3	371.76826535E-9	
-74.00000000E-3	365.92722193E-9	
-73.40000000E-3	361.39846137E-9	
-73.10000000E-3	361.88653007E-9	
-72.50000000E-3	364.33092240E-9	
-72.00000000E-3	363.83807071E-9	
-71.70000000E-3	359.65508190E-9	
-71.10000000E-3	353.15049721E-9	
-70.80000000E-3	346.85357484E-9	
-70.50000000E-3	343.25069250E-9	
-69.90000000E-3	342.90950041E-9	
-69.40000000E-3	343.13187609E-9	
-68.80000000E-3	338.57123597E-9	
-68.50000000E-3	331.22324790E-9	
-68.10000000E-3	325.87020507E-9	
-67.60000000E-3	324.19218626E-9	
-67.40000000E-3	322.55757332E-9	
-66.80000000E-3	319.85605338E-9	
-66.60000000E-3	314.24135398E-9	
-65.90000000E-3	306.89791637E-9	
-65.40000000E-3	304.55513913E-9	
-65.10000000E-3	305.06180513E-9	
-64.50000000E-3	303.41631172E-9	
-64.20000000E-3	296.23846408E-9	
-63.60000000E-3	286.55519801E-9	
-63.40000000E-3	277.53536060E-9	
-62.80000000E-3	270.06283887E-9	
-62.20000000E-3	265.32161420E-9	
-62.00000000E-3	261.63462049E-9	
-61.40000000E-3	258.38659333E-9	
-61.10000000E-3	257.23108779E-9	
-60.50000000E-3	257.33445931E-9	
-60.20000000E-3	253.59687238E-9	
-59.70000000E-3	243.59866681E-9	
-59.40000000E-3	234.83539924E-9	
-59.10000000E-3	231.60717073E-9	
-58.50000000E-3	230.57164171E-9	
-57.90000000E-3	227.11031778E-9	
-57.40000000E-3	220.05810958E-9	
-57.10000000E-3	208.53526948E-9	
-56.70000000E-3	196.94311761E-9	
-56.30000000E-3	186.69374597E-9	
-56.00000000E-3	176.37291694E-9	
-55.40000000E-3	166.16429887E-9	
-54.90000000E-3	156.01708725E-9	
-54.40000000E-3	145.22440332E-9	
-54.00000000E-3	135.27969336E-9	
-53.70000000E-3	127.41432915E-9	
-53.10000000E-3	120.77888978E-9	
-52.90000000E-3	115.62757658E-9	
-52.30000000E-3	110.01240364E-9	
-51.90000000E-3	104.51494489E-9	
-51.40000000E-3	97.99654578E-9	
-50.90000000E-3	87.20363631E-9	
-50.60000000E-3	74.67307854E-9	
-50.00000000E-3	63.80210683E-9	
-49.70000000E-3	54.61124551E-9	
-49.10000000E-3	45.34000493E-9	
-48.90000000E-3	31.31961913E-9	
-48.30000000E-3	15.27597648E-9	
-48.00000000E-3	2.90593857E-9	
-47.40000000E-3	-8.17719994E-9	
-46.80000000E-3	-18.95052745E-9	
-46.50000000E-3	-32.05361054E-9	
-46.10000000E-3	-45.00847138E-9	
-45.70000000E-3	-56.62198172E-9	
-45.40000000E-3	-69.15945691E-9	
-44.80000000E-3	-81.68057158E-9	
-44.60000000E-3	-91.58051421E-9	
-44.00000000E-3	-100.31583632E-9	
-43.70000000E-3	-109.95465242E-9	
-43.20000000E-3	-121.71969655E-9	
-42.80000000E-3	-133.61540090E-9	
-42.20000000E-3	-148.63258049E-9	
-41.70000000E-3	-161.45036089E-9	
-41.40000000E-3	-172.31729826E-9	
-40.80000000E-3	-184.93756139E-9	
-40.60000000E-3	-199.64407273E-9	
-40.00000000E-3	-214.00676315E-9	
-39.70000000E-3	-229.29891691E-9	
-39.30000000E-3	-241.39593547E-9	
-38.60000000E-3	-249.59108162E-9	
-38.30000000E-3	-256.68104638E-9	
-37.80000000E-3	-266.82545546E-9	
-37.40000000E-3	-281.84541640E-9	
-37.10000000E-3	-300.22288506E-9	
-36.50000000E-3	-316.90036202E-9	
-35.90000000E-3	-330.79849726E-9	
-35.60000000E-3	-343.52508014E-9	
-35.10000000E-3	-356.05800794E-9	
-34.90000000E-3	-371.76185755E-9	
-34.30000000E-3	-387.73306876E-9	
-34.00000000E-3	-399.76963409E-9	
-33.40000000E-3	-406.80353656E-9	
-33.10000000E-3	-412.74730356E-9	
-32.50000000E-3	-419.93713581E-9	
-32.30000000E-3	-431.02644179E-9	
-31.70000000E-3	-447.38474517E-9	
-31.10000000E-3	-464.87159800E-9	
-30.80000000E-3	-482.27152549E-9	
-30.30000000E-3	-497.64936759E-9	
-29.90000000E-3	-511.93091607E-9	
-29.60000000E-3	-526.10997164E-9	
-28.80000000E-3	-537.28834241E-9	
-28.50000000E-3	-544.66663569E-9	
-28.00000000E-3	-553.23867630E-9	
-27.70000000E-3	-561.12736168E-9	
-27.20000000E-3	-568.30692628E-9	
-26.80000000E-3	-577.91227658E-9	
-26.20000000E-3	-589.18823060E-9	
-25.80000000E-3	-599.50148511E-9	
-25.40000000E-3	-607.51781047E-9	
-25.10000000E-3	-611.60633328E-9	
-24.50000000E-3	-616.58333853E-9	
-24.20000000E-3	-625.92274565E-9	
-23.70000000E-3	-635.74370588E-9	
-23.40000000E-3	-642.46084347E-9	
-22.80000000E-3	-646.28643416E-9	
-22.60000000E-3	-649.15804857E-9	
-22.00000000E-3	-655.19531491E-9	
-21.70000000E-3	-671.79301304E-9	
-21.30000000E-3	-704.07098564E-9	
-20.50000000E-3	-725.89910496E-9	
-20.20000000E-3	-722.10504996E-9	
-19.80000000E-3	-709.47567487E-9	
-19.40000000E-3	-702.50197574E-9	
-18.90000000E-3	-702.59622260E-9	
-18.50000000E-3	-706.77973039E-9	
-18.00000000E-3	-716.42467389E-9	
-17.40000000E-3	-728.17811756E-9	
-17.10000000E-3	-739.48112201E-9	
-16.70000000E-3	-746.63946817E-9	
-16.30000000E-3	-748.55978932E-9	
-16.00000000E-3	-748.48995977E-9	
-15.40000000E-3	-749.99364539E-9	
-15.10000000E-3	-753.46643269E-9	
-14.40000000E-3	-756.32539018E-9	
-13.90000000E-3	-757.96645480E-9	
-13.70000000E-3	-759.03082721E-9	
-13.10000000E-3	-762.43072669E-9	
-12.80000000E-3	-769.42866258E-9	
-12.30000000E-3	-774.97512724E-9	
-11.90000000E-3	-776.15319737E-9	
-11.40000000E-3	-776.72842567E-9	
-11.20000000E-3	-781.48692635E-9	
-10.60000000E-3	-786.83115861E-9	
-10.00000000E-3	-789.78457609E-9	
-9.70000000E-3	-792.10346376E-9	
-9.10000000E-3	-793.23482877E-9	
-8.80000000E-3	-794.85981973E-9	
-8.40000000E-3	-796.16540084E-9	
-8.00000000E-3	-795.16346313E-9	
-7.70000000E-3	-793.17709880E-9	
-6.90000000E-3	-792.31711190E-9	
-6.60000000E-3	-792.58568176E-9	
-6.00000000E-3	-792.63753305E-9	
-5.80000000E-3	-792.79764044E-9	
-5.30000000E-3	-794.13089525E-9	
-4.90000000E-3	-796.14003384E-9	
-4.60000000E-3	-799.43525345E-9	
-4.00000000E-3	-805.21122953E-9	
-3.40000000E-3	-810.74503275E-9	
-3.10000000E-3	-812.86499545E-9	
-2.50000000E-3	-812.46793057E-9	
-2.20000000E-3	-810.68982622E-9	
-1.60000000E-3	-809.47399891E-9	
-1.30000000E-3	-809.14475647E-9	
-700.00000000E-6	-811.20608499E-9	
-500.00000000E-6	-815.65205809E-9	
100.00000000E-6	-820.53647965E-9	
500.00000000E-6	-821.79480587E-9	
1.00000000E-3	-819.05386393E-9	
1.60000000E-3	-816.89168686E-9	
1.90000000E-3	-815.27645445E-9	
2.30000000E-3	-813.85837233E-9	
2.80000000E-3	-814.89048899E-9	
3.10000000E-3	-816.52737960E-9	
3.60000000E-3	-817.99079335E-9	
4.10000000E-3	-818.36798975E-9	
4.60000000E-3	-817.09657288E-9	
5.10000000E-3	-815.26309237E-9	
5.30000000E-3	-811.18467633E-9	
5.90000000E-3	-801.73926454E-9	
6.20000000E-3	-792.74636070E-9	
6.70000000E-3	-792.36537029E-9	
7.30000000E-3	-794.08488047E-9	
7.80000000E-3	-796.26721146E-9	
8.20000000E-3	-798.09165288E-9	
8.50000000E-3	-796.81775813E-9	
9.10000000E-3	-791.75962632E-9	
9.30000000E-3	-785.41965200E-9	
9.90000000E-3	-781.99489257E-9	
10.20000000E-3	-782.95082820E-9	
10.70000000E-3	-785.29990419E-9	
11.10000000E-3	-785.55571182E-9	
11.10000000E-3	-784.01137448E-9	
11.70000000E-3	-782.32050035E-9	
12.50000000E-3	-778.97802110E-9	
12.90000000E-3	-774.32427504E-9	
13.50000000E-3	-769.82638864E-9	
13.70000000E-3	-765.87015247E-9	
14.30000000E-3	-762.90119750E-9	
14.90000000E-3	-763.46177005E-9	
15.10000000E-3	-766.91790445E-9	
15.70000000E-3	-770.13981416E-9	
16.00000000E-3	-768.57523449E-9	
16.60000000E-3	-763.87226185E-9	
16.90000000E-3	-761.17200669E-9	
17.50000000E-3	-757.05328645E-9	
18.00000000E-3	-746.09985322E-9	
18.30000000E-3	-733.37101660E-9	
18.90000000E-3	-724.68937619E-9	
19.10000000E-3	-723.00310366E-9	
19.70000000E-3	-724.49584136E-9	
20.00000000E-3	-724.31502240E-9	
20.40000000E-3	-722.63196106E-9	
20.90000000E-3	-716.52381903E-9	
21.10000000E-3	-705.91346174E-9	
21.70000000E-3	-694.25979043E-9	
22.00000000E-3	-685.79047929E-9	
22.30000000E-3	-678.42297386E-9	
23.10000000E-3	-670.05166177E-9	
23.30000000E-3	-662.35732245E-9	
23.90000000E-3	-658.75387542E-9	
24.20000000E-3	-655.93382220E-9	
24.20000000E-3	-652.56823764E-9	
25.20000000E-3	-648.27262359E-9	
25.50000000E-3	-640.91025672E-9	
26.40000000E-3	-630.92595856E-9	
26.70000000E-3	-621.58432467E-9	
27.10000000E-3	-613.30393833E-9	
27.50000000E-3	-601.04603765E-9	
27.80000000E-3	-583.79011100E-9	
28.40000000E-3	-569.41172563E-9	
28.70000000E-3	-559.86726008E-9	
29.20000000E-3	-552.78404419E-9	
29.50000000E-3	-545.54722944E-9	
30.40000000E-3	-536.44948438E-9	
30.40000000E-3	-526.36909300E-9	
31.10000000E-3	-515.11206190E-9	
31.50000000E-3	-505.25553872E-9	
31.80000000E-3	-498.56635992E-9	
32.40000000E-3	-493.12020780E-9	
32.70000000E-3	-483.70411318E-9	
33.30000000E-3	-470.32274256E-9	
33.50000000E-3	-457.69941896E-9	
34.00000000E-3	-448.13366341E-9	
34.00000000E-3	-441.14579396E-9	
34.90000000E-3	-432.15749564E-9	
35.50000000E-3	-414.88734409E-9	
35.80000000E-3	-395.11686746E-9	
36.20000000E-3	-378.74101562E-9	
36.60000000E-3	-365.52970694E-9	
37.20000000E-3	-353.13591692E-9	
37.70000000E-3	-338.82118117E-9	
37.80000000E-3	-325.27713792E-9	
38.50000000E-3	-311.58844603E-9	
39.00000000E-3	-295.83351918E-9	
39.40000000E-3	-280.09687685E-9	
39.90000000E-3	-266.52609850E-9	
40.20000000E-3	-253.94231553E-9	
40.50000000E-3	-243.09093027E-9	
41.10000000E-3	-235.62429595E-9	
41.60000000E-3	-228.34485377E-9	
41.90000000E-3	-219.34770003E-9	
42.50000000E-3	-207.54967392E-9	
42.80000000E-3	-190.47238599E-9	
43.40000000E-3	-169.96230291E-9	
43.70000000E-3	-152.99054560E-9	
44.30000000E-3	-140.83963232E-9	
44.50000000E-3	-131.07105286E-9	
45.10000000E-3	-122.51275431E-9	
45.70000000E-3	-113.64183095E-9	
45.90000000E-3	-99.33880152E-9	
46.50000000E-3	-81.33468797E-9	
46.80000000E-3	-63.55444343E-9	
47.20000000E-3	-52.05478435E-9	
47.90000000E-3	-41.18393413E-9	
48.20000000E-3	-27.41962586E-9	
48.80000000E-3	-11.24526479E-9	
49.10000000E-3	3.31902361E-9	
49.60000000E-3	13.71333679E-9	
50.00000000E-3	24.73710660E-9	
50.20000000E-3	39.37929161E-9	
51.00000000E-3	54.26359668E-9	
51.40000000E-3	65.99363564E-9	
51.80000000E-3	75.10418667E-9	
52.20000000E-3	80.45039484E-9	
52.50000000E-3	85.94237501E-9	
53.10000000E-3	94.67542464E-9	
53.40000000E-3	102.85455658E-9	
53.90000000E-3	110.34003945E-9	
54.20000000E-3	118.77493536E-9	
54.80000000E-3	126.71839208E-9	
55.00000000E-3	137.41520412E-9	
55.60000000E-3	152.31553030E-9	
56.20000000E-3	166.12648310E-9	
56.50000000E-3	176.75180147E-9	
56.80000000E-3	184.21194142E-9	
56.80000000E-3	190.17802260E-9	
57.80000000E-3	198.03232049E-9	
58.40000000E-3	206.92623251E-9	
58.60000000E-3	212.11311752E-9	
59.20000000E-3	212.63065852E-9	
59.50000000E-3	211.81372964E-9	
59.80000000E-3	214.78053029E-9	
60.50000000E-3	224.16697061E-9	
61.00000000E-3	236.06032528E-9	
61.30000000E-3	245.20633175E-9	
61.80000000E-3	253.62612392E-9	
62.20000000E-3	262.65401410E-9	
62.70000000E-3	271.36201016E-9	
62.90000000E-3	277.64627922E-9	
63.50000000E-3	280.48592244E-9	
64.10000000E-3	282.54560431E-9	
64.40000000E-3	288.25021271E-9	
65.00000000E-3	296.39733142E-9	
65.30000000E-3	304.61421219E-9	
65.80000000E-3	311.96563255E-9	
66.10000000E-3	314.62756401E-9	
66.60000000E-3	312.75660273E-9	
66.70000000E-3	312.45583692E-9	
67.40000000E-3	315.17224099E-9	
68.00000000E-3	317.84388583E-9	
68.30000000E-3	318.51980465E-9	
68.80000000E-3	317.90709743E-9	
69.40000000E-3	321.89302953E-9	
69.70000000E-3	331.03483536E-9	
70.10000000E-3	338.60168763E-9	
70.60000000E-3	343.22737484E-9	
71.10000000E-3	349.15466069E-9	
71.60000000E-3	354.57252366E-9	
72.00000000E-3	356.21552840E-9	
72.30000000E-3	354.78825305E-9	
72.90000000E-3	356.36337265E-9	
73.20000000E-3	362.42472695E-9	
73.70000000E-3	370.63945488E-9	
74.00000000E-3	378.37721953E-9	
74.60000000E-3	380.85800380E-9	
74.90000000E-3	377.36939209E-9	
75.30000000E-3	373.52803842E-9	
76.10000000E-3	371.83777013E-9	
76.30000000E-3	370.97671329E-9	
76.90000000E-3	374.51443693E-9	
77.10000000E-3	380.20393859E-9	
77.70000000E-3	381.23019650E-9	
78.00000000E-3	377.68972236E-9	
78.30000000E-3	375.38862560E-9	
78.90000000E-3	378.08174582E-9	
79.50000000E-3	382.42545829E-9	
79.80000000E-3	385.72454059E-9	
80.40000000E-3	390.27073622E-9	
80.60000000E-3	395.73346058E-9	
81.20000000E-3	398.63463814E-9	
81.50000000E-3	398.70349585E-9	
82.10000000E-3	397.59559674E-9	
82.40000000E-3	396.53777565E-9	
82.90000000E-3	398.19987714E-9	
83.50000000E-3	401.69908243E-9	
83.80000000E-3	404.72204161E-9	
84.20000000E-3	406.56789687E-9	
84.70000000E-3	406.01041649E-9	
84.90000000E-3	403.71417379E-9	
85.50000000E-3	401.22759189E-9	
85.80000000E-3	399.69690811E-9	
86.70000000E-3	399.90240512E-9	
86.70000000E-3	402.16208355E-9	
87.20000000E-3	406.36370345E-9	
87.80000000E-3	410.00664655E-9	
88.20000000E-3	410.73579074E-9	
88.60000000E-3	413.12110513E-9	
89.00000000E-3	416.38131551E-9	
89.30000000E-3	419.23529198E-9	
89.80000000E-3	423.88633309E-9	
90.40000000E-3	428.54368638E-9	
91.00000000E-3	429.85474291E-9	
91.30000000E-3	427.07957727E-9	
91.60000000E-3	420.25016183E-9	
92.20000000E-3	413.46744601E-9	
92.50000000E-3	412.84867495E-9	
93.00000000E-3	416.89112132E-9	
93.30000000E-3	418.33806230E-9	
93.90000000E-3	415.20938325E-9	
94.50000000E-3	412.27271876E-9	
94.80000000E-3	413.75519030E-9	
94.80000000E-3	417.43595362E-9	
95.70000000E-3	419.44107481E-9	
96.10000000E-3	420.08495759E-9	
96.60000000E-3	419.64895753E-9	
96.90000000E-3	417.47546994E-9	
97.50000000E-3	412.87510277E-9	
97.80000000E-3	407.28209366E-9	
98.30000000E-3	407.77535823E-9	
98.60000000E-3	414.75386781E-9	
99.20000000E-3	422.25131172E-9	
99.60000000E-3	426.98340425E-9	
100.10000000E-3	430.95741317E-9	
100.40000000E-3	434.69411746E-9	
101.00000000E-3	436.05387576E-9	
101.20000000E-3	432.81029179E-9	
101.80000000E-3	427.92207975E-9	
102.10000000E-3	424.77624672E-9	
102.40000000E-3	423.55701821E-9	
103.00000000E-3	422.87796536E-9	
103.60000000E-3	424.51809847E-9	
103.90000000E-3	427.34015142E-9	
104.50000000E-3	428.51390380E-9	
105.10000000E-3	428.67235394E-9	
105.10000000E-3	429.34543298E-9	
105.60000000E-3	429.15711703E-9	
106.10000000E-3	429.05270542E-9	
106.40000000E-3	430.35662155E-9	
107.00000000E-3	431.32385534E-9	
107.60000000E-3	429.55889948E-9	
107.90000000E-3	425.07039274E-9	
108.40000000E-3	423.72837849E-9	
108.80000000E-3	426.07634385E-9	
109.00000000E-3	428.43449566E-9	
109.80000000E-3	430.53431223E-9	
110.20000000E-3	432.56447272E-9	
110.50000000E-3	433.67253410E-9	
111.10000000E-3	431.46237314E-9	
111.40000000E-3	424.03608934E-9	
112.00000000E-3	415.01388847E-9	
112.20000000E-3	410.58763146E-9	
112.70000000E-3	411.54580770E-9	
113.10000000E-3	415.25377753E-9	
113.30000000E-3	419.34143419E-9	
113.30000000E-3	422.38471498E-9	
114.40000000E-3	424.55848683E-9	
114.90000000E-3	427.61169418E-9	
115.50000000E-3	431.03126421E-9	
115.80000000E-3	431.89984246E-9	
116.40000000E-3	431.00584632E-9	
116.40000000E-3	429.07903683E-9	
117.20000000E-3	425.36520004E-9	
117.50000000E-3	422.19316795E-9	
118.10000000E-3	422.24457653E-9	
118.40000000E-3	420.70885364E-9	
119.00000000E-3	415.80486486E-9	
119.60000000E-3	412.15800308E-9	
119.90000000E-3	412.08764800E-9	
120.40000000E-3	413.58238990E-9	
120.70000000E-3	415.15994372E-9	
121.10000000E-3	417.18669804E-9	
121.50000000E-3	419.31129971E-9	
122.00000000E-3	420.80010292E-9	
122.70000000E-3	421.72077667E-9	
123.00000000E-3	422.41412895E-9	
123.00000000E-3	419.75453023E-9	
124.00000000E-3	415.29933251E-9	
124.20000000E-3	414.43370575E-9	
124.80000000E-3	416.99953144E-9	
125.10000000E-3	419.29961605E-9	
125.10000000E-3	418.84345513E-9	
126.10000000E-3	417.38256320E-9	
126.40000000E-3	417.44540910E-9	
126.90000000E-3	417.14363360E-9	
127.20000000E-3	415.41670153E-9	
127.80000000E-3	413.20130654E-9	
128.10000000E-3	412.11576988E-9	
128.70000000E-3	413.23676777E-9	
129.30000000E-3	413.90428898E-9	
129.60000000E-3	415.16337850E-9	
130.00000000E-3	418.93564086E-9	
130.40000000E-3	420.89902378E-9	
130.70000000E-3	419.35028623E-9	
131.20000000E-3	415.90327360E-9	
131.80000000E-3	412.49217501E-9	
132.40000000E-3	410.06032307E-9	
132.70000000E-3	407.48553831E-9	
133.00000000E-3	404.17335340E-9	
133.50000000E-3	398.83623501E-9	
133.90000000E-3	393.72715559E-9	
134.40000000E-3	394.02090401E-9	
134.90000000E-3	399.68466829E-9	
135.30000000E-3	405.67883293E-9	
135.80000000E-3	410.00213659E-9	
136.10000000E-3	410.89266432E-9	
136.70000000E-3	407.14842569E-9	
137.00000000E-3	401.65748562E-9	
137.40000000E-3	398.39567158E-9	
137.60000000E-3	399.01942697E-9	
138.20000000E-3	400.20372266E-9	
138.80000000E-3	401.68708684E-9	
139.10000000E-3	403.91236826E-9	
139.70000000E-3	405.89031158E-9	
140.00000000E-3	405.44746837E-9	
140.60000000E-3	404.13642128E-9	
141.00000000E-3	405.70880772E-9	
141.50000000E-3	407.30280789E-9	
141.80000000E-3	406.27379601E-9	
142.30000000E-3	405.89658405E-9	
142.60000000E-3	407.78905462E-9	
143.20000000E-3	412.48261879E-9	
143.80000000E-3	415.98075139E-9	
144.00000000E-3	413.80279160E-9	
144.60000000E-3	408.68475207E-9	
144.90000000E-3	404.72608878E-9	
145.40000000E-3	401.93192149E-9	
145.70000000E-3	398.66129364E-9	
146.30000000E-3	396.79082451E-9	
146.60000000E-3	395.54205514E-9	
147.00000000E-3	397.49489834E-9	
147.80000000E-3	403.70864343E-9	
147.80000000E-3	408.54560410E-9	
148.60000000E-3	407.50022677E-9	
148.90000000E-3	402.76357341E-9	
149.20000000E-3	397.65766677E-9	
149.80000000E-3	394.30143264E-9	
150.10000000E-3	394.70599736E-9	
150.60000000E-3	397.51132987E-9	
151.00000000E-3	397.89993345E-9	
151.60000000E-3	396.44961864E-9	
152.10000000E-3	394.91078556E-9	
152.30000000E-3	392.20310106E-9	
152.90000000E-3	389.65915422E-9	
153.20000000E-3	388.73506988E-9	
153.80000000E-3	388.76133014E-9	
154.10000000E-3	390.38491787E-9	
154.40000000E-3	393.68168438E-9	
155.10000000E-3	395.82275357E-9	
155.20000000E-3	394.02402026E-9	
156.10000000E-3	389.10579675E-9	
156.10000000E-3	383.94495167E-9	
156.80000000E-3	381.09260915E-9	
157.40000000E-3	382.08494144E-9	
157.60000000E-3	386.33875348E-9	
158.20000000E-3	391.60008270E-9	
158.50000000E-3	396.85521811E-9	
159.10000000E-3	397.48207636E-9	
159.60000000E-3	393.41103921E-9	
159.90000000E-3	387.30496607E-9	
160.50000000E-3	381.98880606E-9	
160.80000000E-3	380.26080586E-9	
161.40000000E-3	380.21766795E-9	
161.70000000E-3	377.83131795E-9	
161.90000000E-3	374.76563471E-9	
162.60000000E-3	374.52604012E-9	
162.80000000E-3	377.19888429E-9	
163.40000000E-3	380.61269310E-9	
163.90000000E-3	382.63657839E-9	
164.30000000E-3	381.54797567E-9	
164.80000000E-3	379.28196599E-9	
165.10000000E-3	378.61387386E-9	
165.60000000E-3	380.87884924E-9	
166.20000000E-3	383.88883810E-9	
166.50000000E-3	382.60418880E-9	
166.50000000E-3	377.86508990E-9	
167.60000000E-3	375.15774143E-9	
167.80000000E-3	378.17968594E-9	
168.40000000E-3	383.62294995E-9	
168.70000000E-3	383.82044470E-9	
169.30000000E-3	376.73380182E-9	
169.50000000E-3	365.77627689E-9	
170.10000000E-3	358.83802755E-9	
170.40000000E-3	358.01981445E-9	
171.00000000E-3	362.18015109E-9	
171.60000000E-3	367.22100987E-9	
171.90000000E-3	370.00908079E-9	
172.10000000E-3	370.15469642E-9	
172.70000000E-3	369.77827591E-9	
173.30000000E-3	370.11033192E-9	
173.90000000E-3	369.38663340E-9	
174.20000000E-3	365.14237950E-9	
174.40000000E-3	361.50438077E-9	
175.00000000E-3	362.46982896E-9	
175.30000000E-3	367.33785728E-9	
175.90000000E-3	372.90149192E-9	
176.20000000E-3	373.76405125E-9	
176.50000000E-3	370.23178356E-9	
177.10000000E-3	367.73518528E-9	
177.70000000E-3	368.30458991E-9	
177.90000000E-3	369.23711729E-9	
178.50000000E-3	370.83782550E-9	
179.10000000E-3	373.01090057E-9	
179.40000000E-3	373.67351952E-9	
180.00000000E-3	373.88752089E-9	
180.30000000E-3	372.80032521E-9	
180.50000000E-3	369.39446891E-9	
181.10000000E-3	367.20652103E-9	
181.70000000E-3	367.26898742E-9	
182.10000000E-3	364.92885644E-9	
182.50000000E-3	360.12402753E-9	
182.80000000E-3	359.12169376E-9	
183.40000000E-3	361.14006310E-9	
183.70000000E-3	361.23511701E-9	
184.30000000E-3	358.30671030E-9	
184.60000000E-3	354.84338943E-9	
185.20000000E-3	354.54730958E-9	
185.70000000E-3	354.86525002E-9	
186.00000000E-3	351.83037300E-9	
186.60000000E-3	346.70361891E-9	
186.90000000E-3	342.40217793E-9	
187.40000000E-3	338.73639892E-9	
187.80000000E-3	335.73351969E-9	
188.00000000E-3	334.58407123E-9	
188.60000000E-3	331.59716435E-9	
188.90000000E-3	329.13399251E-9	
189.50000000E-3	331.83651704E-9	
190.10000000E-3	336.82620044E-9	
190.40000000E-3	342.84226949E-9	
190.90000000E-3	350.28373079E-9	
191.20000000E-3	355.00316108E-9	
191.70000000E-3	356.33888965E-9	
192.30000000E-3	355.05610162E-9	
192.60000000E-3	350.43299450E-9	
193.20000000E-3	343.05258453E-9	
193.50000000E-3	336.42375033E-9	
194.10000000E-3	333.29077004E-9	
194.30000000E-3	332.94756099E-9	
194.90000000E-3	334.60024953E-9	
195.50000000E-3	336.30318757E-9	
195.80000000E-3	334.80481725E-9	
196.30000000E-3	330.89576228E-9	
196.70000000E-3	330.03200432E-9	
197.20000000E-3	332.93491326E-9	
197.50000000E-3	337.24572353E-9	
198.00000000E-3	341.84929959E-9	
198.60000000E-3	342.92661412E-9	
198.90000000E-3	339.30165323E-9	
199.50000000E-3	335.04736906E-9	
199.80000000E-3	335.16129377E-9	
200.00000000E-3	339.90652304E-9	
