-200.00000000E-3	274.34462438E-9	
-199.90000000E-3	286.07958821E-9	
-199.70000000E-3	291.05771714E-9	
-199.30000000E-3	285.64998022E-9	
-198.90000000E-3	283.47813648E-9	
-198.30000000E-3	287.12728701E-9	
-197.90000000E-3	285.48107424E-9	
-197.20000000E-3	284.20242938E-9	
-196.50000000E-3	293.64200389E-9	
-196.10000000E-3	302.05951233E-9	
-195.20000000E-3	301.69464502E-9	
-194.60000000E-3	303.54345526E-9	
-194.00000000E-3	301.38303651E-9	
-193.20000000E-3	304.47565973E-9	
-192.40000000E-3	306.86781158E-9	
-191.80000000E-3	299.09548726E-9	
-191.10000000E-3	290.28349736E-9	
-190.30000000E-3	285.28305398E-9	
-189.50000000E-3	291.50659476E-9	
-188.60000000E-3	301.33962006E-9	
-188.10000000E-3	308.58750870E-9	
-187.30000000E-3	307.81910744E-9	
-186.30000000E-3	304.08894548E-9	
-185.80000000E-3	303.63584527E-9	
-185.00000000E-3	306.17531471E-9	
-184.10000000E-3	302.24295679E-9	
-183.60000000E-3	305.90285028E-9	
-182.60000000E-3	309.25716113E-9	
-181.80000000E-3	311.44564525E-9	
-181.20000000E-3	316.29999368E-9	
-180.30000000E-3	313.65510971E-9	
-179.50000000E-3	311.48010193E-9	
-178.60000000E-3	311.14135736E-9	
-178.00000000E-3	316.50616572E-9	
-177.20000000E-3	316.10873444E-9	
-176.60000000E-3	309.52149736E-9	
-175.80000000E-3	316.53678057E-9	
-174.90000000E-3	318.01323967E-9	
-174.20000000E-3	304.64614717E-9	
-173.50000000E-3	303.53801971E-9	
-172.80000000E-3	321.89471562E-9	
-172.00000000E-3	335.25480187E-9	
-171.20000000E-3	332.93569555E-9	
-170.30000000E-3	332.53869629E-9	
-169.70000000E-3	331.36616599E-9	
-169.00000000E-3	327.05754521E-9	
-168.20000000E-3	333.21560900E-9	
-167.50000000E-3	349.36079876E-9	
-166.60000000E-3	351.72059085E-9	
-166.00000000E-3	345.74446506E-9	
-165.40000000E-3	347.06173342E-9	
-164.50000000E-3	354.36634671E-9	
-163.70000000E-3	361.30449797E-9	
-162.80000000E-3	362.54583996E-9	
-162.20000000E-3	359.13688667E-9	
-161.40000000E-3	357.98568078E-9	
-160.50000000E-3	361.22870191E-9	
-159.60000000E-3	364.80405751E-9	
-159.00000000E-3	370.78961180E-9	
-158.20000000E-3	373.13343237E-9	
-157.60000000E-3	383.86136575E-9	
-156.80000000E-3	391.71349594E-9	
-155.90000000E-3	389.12555794E-9	
-155.30000000E-3	389.39317192E-9	
-154.50000000E-3	398.93771911E-9	
-153.60000000E-3	402.12820931E-9	
-153.00000000E-3	400.86269540E-9	
-152.10000000E-3	405.44768829E-9	
-151.30000000E-3	413.71007921E-9	
-150.40000000E-3	415.36516317E-9	
-149.60000000E-3	422.10191036E-9	
-149.00000000E-3	421.01865542E-9	
-148.40000000E-3	412.09419907E-9	
-147.60000000E-3	419.94234130E-9	
-147.00000000E-3	425.24746007E-9	
-146.10000000E-3	431.99100439E-9	
-145.30000000E-3	440.33996314E-9	
-144.40000000E-3	447.61759249E-9	
-143.80000000E-3	453.39247092E-9	
-142.90000000E-3	456.09437648E-9	
-142.10000000E-3	456.81625920E-9	
-141.20000000E-3	453.09353993E-9	
-140.60000000E-3	458.35105109E-9	
-139.80000000E-3	468.18533746E-9	
-139.20000000E-3	470.85148790E-9	
-138.30000000E-3	470.48971649E-9	
-137.50000000E-3	474.82223616E-9	
-136.70000000E-3	474.09132787E-9	
-136.10000000E-3	480.72959170E-9	
-135.20000000E-3	490.73875334E-9	
-134.40000000E-3	495.03540495E-9	
-133.70000000E-3	495.83462284E-9	
-132.90000000E-3	506.74398603E-9	
-132.10000000E-3	506.88475961E-9	
-131.40000000E-3	503.07879530E-9	
-130.70000000E-3	498.58680816E-9	
-129.90000000E-3	509.92666317E-9	
-129.20000000E-3	517.77070933E-9	
-128.30000000E-3	524.41327555E-9	
-127.70000000E-3	531.18436172E-9	
-126.90000000E-3	537.00026457E-9	
-126.10000000E-3	538.35257442E-9	
-125.40000000E-3	542.18450633E-9	
-124.60000000E-3	544.15303278E-9	
-124.00000000E-3	543.94781013E-9	
-123.10000000E-3	544.80609215E-9	
-122.20000000E-3	553.32154957E-9	
-121.70000000E-3	558.77542737E-9	
-120.90000000E-3	563.34397333E-9	
-120.00000000E-3	576.22734221E-9	
-119.10000000E-3	578.05880135E-9	
-118.50000000E-3	584.98902829E-9	
-117.60000000E-3	600.36941593E-9	
-116.80000000E-3	607.02853668E-9	
-116.30000000E-3	608.28350861E-9	
-115.40000000E-3	606.51449266E-9	
-114.40000000E-3	607.67561185E-9	
-113.80000000E-3	609.84566585E-9	
-113.00000000E-3	617.47420185E-9	
-112.10000000E-3	628.92117036E-9	
-111.30000000E-3	636.10356083E-9	
-110.70000000E-3	640.46107984E-9	
-110.00000000E-3	644.98470102E-9	
-109.30000000E-3	639.21377874E-9	
-108.40000000E-3	644.17191035E-9	
-107.60000000E-3	652.46726162E-9	
-107.00000000E-3	656.18145675E-9	
-106.20000000E-3	667.55301988E-9	
-105.20000000E-3	672.24797200E-9	
-104.70000000E-3	671.84693795E-9	
-103.90000000E-3	675.11560521E-9	
-103.00000000E-3	680.90478923E-9	
-102.10000000E-3	690.89430363E-9	
-101.50000000E-3	700.79207493E-9	
-100.70000000E-3	708.52086752E-9	
-99.80000000E-3	713.49105516E-9	
-99.30000000E-3	717.22442533E-9	
-98.40000000E-3	723.33547037E-9	
-97.80000000E-3	736.06800509E-9	
-96.90000000E-3	745.43439737E-9	
-96.00000000E-3	750.32935206E-9	
-95.20000000E-3	751.66304004E-9	
-94.60000000E-3	755.24316637E-9	
-93.80000000E-3	764.34810464E-9	
-92.90000000E-3	770.98660613E-9	
-92.20000000E-3	778.74595381E-9	
-91.50000000E-3	789.29838093E-9	
-90.60000000E-3	789.54773145E-9	
-90.10000000E-3	799.46486389E-9	
-89.30000000E-3	814.63522318E-9	
-88.60000000E-3	825.35372545E-9	
-87.70000000E-3	829.81268992E-9	
-87.00000000E-3	834.72062152E-9	
-86.30000000E-3	839.93957697E-9	
-85.40000000E-3	852.87251475E-9	
-84.80000000E-3	862.95265827E-9	
-84.00000000E-3	870.27931408E-9	
-83.10000000E-3	873.13586028E-9	
-82.50000000E-3	875.35774869E-9	
-81.70000000E-3	885.81811888E-9	
-80.80000000E-3	899.37223406E-9	
-80.20000000E-3	911.16763836E-9	
-79.30000000E-3	918.14626978E-9	
-78.80000000E-3	922.60705079E-9	
-77.90000000E-3	929.57638673E-9	
-77.10000000E-3	933.78657508E-9	
-76.20000000E-3	940.75554099E-9	
-75.60000000E-3	945.99549041E-9	
-74.70000000E-3	956.80025136E-9	
-73.90000000E-3	970.43219866E-9	
-73.30000000E-3	982.26972733E-9	
-72.40000000E-3	982.34396370E-9	
-71.50000000E-3	989.62450548E-9	
-70.90000000E-3	1.00656487E-6	
-70.20000000E-3	1.00963746E-6	
-69.30000000E-3	1.01410507E-6	
-68.70000000E-3	1.02469620E-6	
-67.80000000E-3	1.03094021E-6	
-67.00000000E-3	1.04375376E-6	
-66.30000000E-3	1.06052903E-6	
-65.50000000E-3	1.07470370E-6	
-64.70000000E-3	1.08111654E-6	
-64.10000000E-3	1.10015799E-6	
-63.40000000E-3	1.12247019E-6	
-62.70000000E-3	1.13418648E-6	
-61.80000000E-3	1.13552634E-6	
-60.90000000E-3	1.15208529E-6	
-60.30000000E-3	1.17620274E-6	
-59.50000000E-3	1.20454529E-6	
-58.60000000E-3	1.22743500E-6	
-58.00000000E-3	1.25246866E-6	
-57.20000000E-3	1.27477235E-6	
-56.30000000E-3	1.29444335E-6	
-55.50000000E-3	1.31719995E-6	
-54.90000000E-3	1.33656725E-6	
-54.00000000E-3	1.35756216E-6	
-53.20000000E-3	1.38296602E-6	
-52.60000000E-3	1.38937880E-6	
-51.70000000E-3	1.39169170E-6	
-50.90000000E-3	1.39826635E-6	
-50.00000000E-3	1.39766372E-6	
-49.40000000E-3	1.38467620E-6	
-48.60000000E-3	1.36634120E-6	
-47.70000000E-3	1.34438194E-6	
-47.10000000E-3	1.29835205E-6	
-46.30000000E-3	1.24586068E-6	
-45.40000000E-3	1.18710231E-6	
-44.80000000E-3	1.11715948E-6	
-44.00000000E-3	1.03710554E-6	
-43.10000000E-3	950.61768613E-9	
-42.60000000E-3	855.32853738E-9	
-41.70000000E-3	752.69953029E-9	
-40.90000000E-3	635.54648796E-9	
-40.30000000E-3	511.34132548E-9	
-39.40000000E-3	390.71816003E-9	
-38.80000000E-3	264.85362289E-9	
-37.90000000E-3	130.01115238E-9	
-37.20000000E-3	558.59558889E-12	
-36.50000000E-3	-123.60522119E-9	
-35.70000000E-3	-262.47739664E-9	
-35.00000000E-3	-389.12203950E-9	
-34.20000000E-3	-516.85423334E-9	
-33.40000000E-3	-641.45436883E-9	
-32.60000000E-3	-757.98597412E-9	
-32.00000000E-3	-864.20631500E-9	
-31.10000000E-3	-969.45620028E-9	
-30.20000000E-3	-1.06673885E-6	
-29.60000000E-3	-1.14665292E-6	
-28.80000000E-3	-1.22262310E-6	
-27.90000000E-3	-1.29191612E-6	
-27.30000000E-3	-1.35130254E-6	
-26.50000000E-3	-1.41201296E-6	
-25.60000000E-3	-1.46937442E-6	
-24.70000000E-3	-1.51296208E-6	
-24.20000000E-3	-1.54227010E-6	
-23.30000000E-3	-1.56306948E-6	
-22.50000000E-3	-1.58545966E-6	
-21.60000000E-3	-1.60110078E-6	
-21.00000000E-3	-1.61239563E-6	
-20.10000000E-3	-1.60999000E-6	
-19.40000000E-3	-1.60086126E-6	
-18.60000000E-3	-1.59694725E-6	
-17.80000000E-3	-1.59688909E-6	
-17.20000000E-3	-1.59267612E-6	
-16.40000000E-3	-1.58616431E-6	
-15.60000000E-3	-1.58387411E-6	
-14.90000000E-3	-1.58335214E-6	
-14.10000000E-3	-1.56964055E-6	
-13.50000000E-3	-1.55182082E-6	
-12.60000000E-3	-1.54529467E-6	
-11.80000000E-3	-1.54061673E-6	
-11.20000000E-3	-1.53417719E-6	
-10.30000000E-3	-1.53888927E-6	
-9.40000000E-3	-1.54061895E-6	
-8.90000000E-3	-1.53554169E-6	
-8.00000000E-3	-1.53688722E-6	
-7.40000000E-3	-1.53888925E-6	
-6.60000000E-3	-1.54026758E-6	
-5.70000000E-3	-1.53157926E-6	
-4.90000000E-3	-1.52620948E-6	
-4.30000000E-3	-1.52273504E-6	
-3.40000000E-3	-1.52001381E-6	
-2.50000000E-3	-1.52196208E-6	
-1.60000000E-3	-1.51612411E-6	
-1.10000000E-3	-1.51558654E-6	
-100.00000000E-6	-1.51436218E-6	
500.00000000E-6	-1.51805987E-6	
1.40000000E-3	-1.52063905E-6	
2.20000000E-3	-1.52159820E-6	
2.80000000E-3	-1.52180491E-6	
3.70000000E-3	-1.51885340E-6	
4.20000000E-3	-1.51597312E-6	
5.10000000E-3	-1.52189529E-6	
5.70000000E-3	-1.52116070E-6	
6.70000000E-3	-1.51612213E-6	
7.50000000E-3	-1.51276554E-6	
8.20000000E-3	-1.51265475E-6	
9.10000000E-3	-1.50823576E-6	
9.70000000E-3	-1.50477352E-6	
10.30000000E-3	-1.50531623E-6	
11.20000000E-3	-1.50542305E-6	
11.70000000E-3	-1.51152349E-6	
12.70000000E-3	-1.51814591E-6	
13.40000000E-3	-1.52642578E-6	
14.20000000E-3	-1.54110645E-6	
15.10000000E-3	-1.55377548E-6	
15.80000000E-3	-1.55764248E-6	
16.60000000E-3	-1.56797359E-6	
17.40000000E-3	-1.57675873E-6	
18.10000000E-3	-1.57394601E-6	
18.70000000E-3	-1.57598204E-6	
19.60000000E-3	-1.57670404E-6	
20.20000000E-3	-1.57581381E-6	
21.10000000E-3	-1.58853261E-6	
22.00000000E-3	-1.59900969E-6	
22.60000000E-3	-1.60168374E-6	
23.50000000E-3	-1.60558069E-6	
24.10000000E-3	-1.60482283E-6	
24.70000000E-3	-1.58683057E-6	
25.70000000E-3	-1.56204046E-6	
25.90000000E-3	-1.52327306E-6	
27.00000000E-3	-1.48302009E-6	
28.00000000E-3	-1.45283406E-6	
28.80000000E-3	-1.40581148E-6	
29.60000000E-3	-1.35143426E-6	
30.10000000E-3	-1.29626114E-6	
31.10000000E-3	-1.22418549E-6	
31.70000000E-3	-1.13510512E-6	
32.60000000E-3	-1.03849244E-6	
33.20000000E-3	-938.47313572E-9	
33.50000000E-3	-830.04942715E-9	
34.70000000E-3	-726.38880178E-9	
35.50000000E-3	-618.81182674E-9	
36.40000000E-3	-489.31947380E-9	
37.30000000E-3	-349.84774293E-9	
37.90000000E-3	-218.74654725E-9	
38.50000000E-3	-88.01454626E-9	
39.40000000E-3	51.31460059E-9	
40.00000000E-3	193.91028064E-9	
40.90000000E-3	328.11463284E-9	
41.50000000E-3	453.85000595E-9	
42.40000000E-3	579.77831263E-9	
43.30000000E-3	706.56367492E-9	
43.90000000E-3	830.74816386E-9	
44.60000000E-3	949.39031690E-9	
45.50000000E-3	1.04883882E-6	
46.40000000E-3	1.14891507E-6	
47.00000000E-3	1.24043677E-6	
47.90000000E-3	1.32896917E-6	
48.50000000E-3	1.39619882E-6	
49.20000000E-3	1.45846624E-6	
50.00000000E-3	1.50368182E-6	
50.90000000E-3	1.53608558E-6	
51.50000000E-3	1.56650018E-6	
51.80000000E-3	1.58818442E-6	
53.10000000E-3	1.59556000E-6	
53.70000000E-3	1.59428920E-6	
54.50000000E-3	1.58600571E-6	
55.40000000E-3	1.56664707E-6	
56.30000000E-3	1.53847868E-6	
56.90000000E-3	1.51845211E-6	
57.70000000E-3	1.49820185E-6	
58.40000000E-3	1.46876941E-6	
59.00000000E-3	1.44090521E-6	
59.90000000E-3	1.41953124E-6	
60.90000000E-3	1.39146063E-6	
61.40000000E-3	1.36375071E-6	
62.40000000E-3	1.33303598E-6	
63.00000000E-3	1.30309145E-6	
63.60000000E-3	1.27386044E-6	
64.50000000E-3	1.25058473E-6	
65.40000000E-3	1.22210236E-6	
66.00000000E-3	1.19166364E-6	
66.90000000E-3	1.17237912E-6	
67.50000000E-3	1.15634714E-6	
68.40000000E-3	1.14232504E-6	
69.00000000E-3	1.13553100E-6	
69.90000000E-3	1.12299888E-6	
70.80000000E-3	1.11009326E-6	
71.50000000E-3	1.09615006E-6	
72.30000000E-3	1.08122769E-6	
72.90000000E-3	1.06747562E-6	
73.90000000E-3	1.05926207E-6	
74.50000000E-3	1.04247583E-6	
75.10000000E-3	1.02841582E-6	
76.00000000E-3	1.02684591E-6	
77.00000000E-3	1.01566060E-6	
77.60000000E-3	1.00251080E-6	
78.10000000E-3	990.01334295E-9	
79.10000000E-3	973.80780033E-9	
80.00000000E-3	966.16866028E-9	
80.90000000E-3	958.40137203E-9	
81.50000000E-3	948.65663345E-9	
82.10000000E-3	943.34168322E-9	
82.70000000E-3	936.17467991E-9	
83.30000000E-3	927.89693259E-9	
84.40000000E-3	916.95491791E-9	
85.10000000E-3	914.41580128E-9	
85.80000000E-3	905.97991845E-9	
86.60000000E-3	890.92898941E-9	
87.50000000E-3	880.98628459E-9	
88.30000000E-3	868.78767432E-9	
88.80000000E-3	861.13456259E-9	
89.80000000E-3	856.95217171E-9	
90.60000000E-3	848.05894045E-9	
91.20000000E-3	828.04256741E-9	
92.10000000E-3	811.61036003E-9	
92.80000000E-3	807.51527921E-9	
93.60000000E-3	810.45984736E-9	
94.50000000E-3	805.85314516E-9	
95.10000000E-3	789.79325626E-9	
95.80000000E-3	782.30106143E-9	
96.70000000E-3	772.30726212E-9	
97.60000000E-3	760.06931305E-9	
98.20000000E-3	750.64655465E-9	
100.40000000E-3	731.22563813E-9	
100.60000000E-3	726.26317630E-9	
101.80000000E-3	726.26747446E-9	
102.50000000E-3	733.60354397E-9	
103.10000000E-3	729.26676143E-9	
104.00000000E-3	713.85768546E-9	
104.60000000E-3	702.24765856E-9	
105.20000000E-3	696.40777006E-9	
106.30000000E-3	689.85934097E-9	
107.00000000E-3	679.02393379E-9	
107.60000000E-3	667.64171793E-9	
108.60000000E-3	669.81147634E-9	
109.50000000E-3	683.00947935E-9	
110.00000000E-3	675.56273134E-9	
110.90000000E-3	654.87408258E-9	
111.80000000E-3	649.63380905E-9	
112.50000000E-3	650.62142474E-9	
113.10000000E-3	648.87280824E-9	
114.00000000E-3	657.10935944E-9	
114.70000000E-3	648.25096265E-9	
115.30000000E-3	642.16171048E-9	
116.30000000E-3	648.39620298E-9	
117.20000000E-3	649.13345210E-9	
117.80000000E-3	633.90215201E-9	
118.50000000E-3	620.24730827E-9	
119.40000000E-3	616.39305930E-9	
120.30000000E-3	621.25487836E-9	
120.90000000E-3	613.73115613E-9	
121.50000000E-3	605.53213117E-9	
122.60000000E-3	606.51837020E-9	
123.30000000E-3	605.78514807E-9	
123.90000000E-3	601.68427781E-9	
124.80000000E-3	592.51046543E-9	
125.40000000E-3	586.45312797E-9	
126.40000000E-3	592.00408344E-9	
127.00000000E-3	590.63241110E-9	
127.30000000E-3	581.33661156E-9	
128.50000000E-3	580.19116671E-9	
129.10000000E-3	577.66609380E-9	
130.00000000E-3	575.60841424E-9	
130.90000000E-3	571.49960768E-9	
131.60000000E-3	567.81089037E-9	
132.20000000E-3	569.90080803E-9	
133.20000000E-3	565.94726872E-9	
133.80000000E-3	544.66686164E-9	
134.70000000E-3	536.23548757E-9	
134.70000000E-3	540.99706299E-9	
136.00000000E-3	533.36252684E-9	
136.90000000E-3	523.04791946E-9	
137.90000000E-3	523.93228291E-9	
137.90000000E-3	524.23829909E-9	
139.00000000E-3	511.48445182E-9	
139.80000000E-3	501.43545108E-9	
140.80000000E-3	499.50303645E-9	
141.30000000E-3	502.86256752E-9	
142.30000000E-3	498.59996648E-9	
142.90000000E-3	498.30786795E-9	
143.80000000E-3	500.56865074E-9	
144.70000000E-3	505.26416205E-9	
145.20000000E-3	495.53186007E-9	
145.90000000E-3	480.08276157E-9	
146.80000000E-3	468.45051561E-9	
147.70000000E-3	465.04642749E-9	
148.40000000E-3	473.69366727E-9	
149.00000000E-3	480.75367695E-9	
149.90000000E-3	475.06923896E-9	
150.50000000E-3	470.84670842E-9	
151.50000000E-3	463.88102186E-9	
152.10000000E-3	451.96465336E-9	
152.70000000E-3	451.17036543E-9	
153.70000000E-3	452.53193286E-9	
154.60000000E-3	456.23474555E-9	
155.20000000E-3	446.61851329E-9	
155.90000000E-3	442.95033944E-9	
156.80000000E-3	443.28199783E-9	
157.40000000E-3	443.18127211E-9	
158.00000000E-3	439.80233685E-9	
158.00000000E-3	440.03270781E-9	
159.70000000E-3	438.45715460E-9	
160.60000000E-3	427.77267806E-9	
161.20000000E-3	419.08779499E-9	
162.10000000E-3	417.28837834E-9	
162.80000000E-3	419.33138918E-9	
163.40000000E-3	414.44426800E-9	
164.30000000E-3	407.51424275E-9	
166.80000000E-3	402.06382708E-9	
167.10000000E-3	405.65611433E-9	
168.10000000E-3	401.32997832E-9	
169.00000000E-3	393.68930054E-9	
169.60000000E-3	392.22096217E-9	
170.20000000E-3	388.55603015E-9	
171.20000000E-3	385.89786928E-9	
172.10000000E-3	382.28104430E-9	
172.70000000E-3	372.09672725E-9	
173.40000000E-3	362.77166941E-9	
174.30000000E-3	358.42236048E-9	
175.00000000E-3	364.12155729E-9	
175.90000000E-3	367.35691905E-9	
176.50000000E-3	364.09704589E-9	
177.40000000E-3	360.69079929E-9	
177.70000000E-3	359.14255419E-9	
178.90000000E-3	358.23073310E-9	
179.70000000E-3	350.59180867E-9	
180.30000000E-3	338.82061953E-9	
180.90000000E-3	336.61450746E-9	
181.80000000E-3	352.79587404E-9	
182.40000000E-3	353.85128949E-9	
183.30000000E-3	344.24741320E-9	
184.30000000E-3	346.17154664E-9	
184.90000000E-3	353.03893836E-9	
185.50000000E-3	336.68407845E-9	
186.60000000E-3	313.76139535E-9	
187.40000000E-3	313.72990620E-9	
187.90000000E-3	324.71174590E-9	
188.60000000E-3	328.26502315E-9	
189.50000000E-3	329.59854071E-9	
190.50000000E-3	325.56030108E-9	
191.00000000E-3	322.02715146E-9	
191.70000000E-3	320.88927493E-9	
192.60000000E-3	314.77587784E-9	
193.20000000E-3	303.56908777E-9	
194.10000000E-3	301.98501089E-9	
194.70000000E-3	299.96132880E-9	
195.40000000E-3	299.83047853E-9	
196.30000000E-3	296.52345190E-9	
197.20000000E-3	297.88338718E-9	
197.80000000E-3	297.47210418E-9	
197.80000000E-3	297.19251686E-9	
199.40000000E-3	289.52633588E-9	
200.10000000E-3	290.72115720E-9	
