-200.00000000E-3	167.51663183E-9	
-200.00000000E-3	176.01445835E-9	
-199.80000000E-3	177.20239897E-9	
-199.40000000E-3	174.41534851E-9	
-198.90000000E-3	183.23548054E-9	
-198.60000000E-3	182.51340557E-9	
-198.00000000E-3	175.22456720E-9	
-197.30000000E-3	174.13406544E-9	
-196.80000000E-3	172.75066056E-9	
-196.10000000E-3	177.62464243E-9	
-195.30000000E-3	180.13515890E-9	
-194.60000000E-3	179.56026944E-9	
-194.00000000E-3	185.61744960E-9	
-193.20000000E-3	185.72712263E-9	
-192.40000000E-3	184.06602930E-9	
-191.80000000E-3	188.04890293E-9	
-191.00000000E-3	187.47276243E-9	
-190.30000000E-3	188.33581928E-9	
-189.60000000E-3	184.74828860E-9	
-188.70000000E-3	185.35301759E-9	
-188.20000000E-3	198.19674839E-9	
-187.40000000E-3	198.91735868E-9	
-186.60000000E-3	193.73704556E-9	
-185.90000000E-3	192.07377539E-9	
-185.10000000E-3	191.78062077E-9	
-184.50000000E-3	193.98464054E-9	
-183.70000000E-3	192.52703357E-9	
-182.80000000E-3	190.04037956E-9	
-182.10000000E-3	190.23019551E-9	
-181.20000000E-3	194.38156948E-9	
-180.60000000E-3	200.09871779E-9	
-179.80000000E-3	197.63984411E-9	
-178.90000000E-3	192.72370796E-9	
-178.40000000E-3	189.43574636E-9	
-177.50000000E-3	197.65676456E-9	
-176.70000000E-3	203.63310913E-9	
-176.20000000E-3	196.40687801E-9	
-175.30000000E-3	199.40093670E-9	
-174.50000000E-3	202.81361820E-9	
-173.70000000E-3	203.35010601E-9	
-172.90000000E-3	203.85371444E-9	
-172.10000000E-3	201.85922367E-9	
-171.30000000E-3	203.32540944E-9	
-170.70000000E-3	206.21804664E-9	
-169.90000000E-3	209.16382941E-9	
-169.30000000E-3	208.49163868E-9	
-168.50000000E-3	212.80201660E-9	
-167.60000000E-3	217.21808891E-9	
-167.00000000E-3	217.38195561E-9	
-166.10000000E-3	218.62434620E-9	
-165.20000000E-3	226.49994918E-9	
-164.70000000E-3	231.14524637E-9	
-163.80000000E-3	239.27578159E-9	
-163.00000000E-3	243.84692761E-9	
-162.20000000E-3	239.74507152E-9	
-161.60000000E-3	238.02122777E-9	
-160.80000000E-3	251.92603659E-9	
-159.90000000E-3	254.90707097E-9	
-159.40000000E-3	250.90016502E-9	
-158.60000000E-3	254.20301858E-9	
-157.70000000E-3	258.84842843E-9	
-157.00000000E-3	263.66046370E-9	
-156.20000000E-3	263.36844365E-9	
-155.40000000E-3	266.07257929E-9	
-154.70000000E-3	278.24392794E-9	
-153.90000000E-3	279.54070087E-9	
-153.00000000E-3	282.10989630E-9	
-152.20000000E-3	289.43225435E-9	
-151.60000000E-3	286.28663093E-9	
-150.80000000E-3	279.06440952E-9	
-150.20000000E-3	290.18724985E-9	
-149.40000000E-3	299.64647874E-9	
-148.60000000E-3	303.15718248E-9	
-147.80000000E-3	307.91329186E-9	
-147.00000000E-3	311.33526722E-9	
-146.20000000E-3	312.99525428E-9	
-145.60000000E-3	313.85979659E-9	
-144.70000000E-3	318.98256034E-9	
-143.90000000E-3	326.71654867E-9	
-143.10000000E-3	326.58623956E-9	
-142.50000000E-3	330.24778427E-9	
-141.70000000E-3	332.26536492E-9	
-140.80000000E-3	332.72759044E-9	
-140.30000000E-3	335.58139218E-9	
-139.50000000E-3	338.77850029E-9	
-138.80000000E-3	344.74787401E-9	
-137.90000000E-3	348.72240781E-9	
-137.10000000E-3	352.79296075E-9	
-136.30000000E-3	352.43518298E-9	
-135.60000000E-3	356.32410949E-9	
-134.80000000E-3	355.59963063E-9	
-133.90000000E-3	358.91586245E-9	
-133.30000000E-3	373.10012371E-9	
-132.60000000E-3	378.65075589E-9	
-131.70000000E-3	374.15768871E-9	
-130.90000000E-3	375.19037128E-9	
-130.10000000E-3	376.31250571E-9	
-129.50000000E-3	368.50452121E-9	
-128.70000000E-3	367.10232538E-9	
-127.90000000E-3	379.46771929E-9	
-127.10000000E-3	396.72032583E-9	
-126.30000000E-3	397.56429795E-9	
-125.40000000E-3	393.01267580E-9	
-124.80000000E-3	406.60103476E-9	
-124.00000000E-3	420.03986171E-9	
-123.20000000E-3	427.81459155E-9	
-122.40000000E-3	429.70277949E-9	
-121.90000000E-3	433.18355523E-9	
-121.00000000E-3	443.03611462E-9	
-120.20000000E-3	451.94841192E-9	
-119.60000000E-3	452.81411626E-9	
-118.80000000E-3	458.73405126E-9	
-118.00000000E-3	465.44450196E-9	
-117.20000000E-3	472.18101800E-9	
-116.40000000E-3	482.98812437E-9	
-115.60000000E-3	490.84654973E-9	
-114.60000000E-3	504.31162633E-9	
-113.80000000E-3	509.52203890E-9	
-113.30000000E-3	514.93341847E-9	
-112.40000000E-3	517.08330162E-9	
-111.60000000E-3	528.42669482E-9	
-111.10000000E-3	537.63364095E-9	
-110.20000000E-3	532.50724279E-9	
-109.40000000E-3	532.60183010E-9	
-108.90000000E-3	545.00811837E-9	
-108.00000000E-3	553.81618229E-9	
-107.20000000E-3	562.87239171E-9	
-106.60000000E-3	571.25489445E-9	
-105.80000000E-3	572.98752548E-9	
-104.90000000E-3	581.97149357E-9	
-104.10000000E-3	588.63417288E-9	
-103.30000000E-3	587.08047318E-9	
-102.50000000E-3	595.78113781E-9	
-101.70000000E-3	616.53712284E-9	
-101.10000000E-3	626.82380996E-9	
-100.30000000E-3	637.61977110E-9	
-99.80000000E-3	640.52077988E-9	
-99.00000000E-3	645.21451647E-9	
-98.10000000E-3	652.32520635E-9	
-97.30000000E-3	656.10850460E-9	
-96.50000000E-3	661.98504990E-9	
-95.60000000E-3	674.10729400E-9	
-94.80000000E-3	682.36370603E-9	
-94.00000000E-3	699.16205533E-9	
-93.40000000E-3	715.73551637E-9	
-92.50000000E-3	728.93514547E-9	
-91.70000000E-3	744.57924528E-9	
-90.90000000E-3	758.46595153E-9	
-90.40000000E-3	771.12541299E-9	
-89.50000000E-3	793.54290518E-9	
-88.70000000E-3	813.71807458E-9	
-88.10000000E-3	825.27181703E-9	
-87.30000000E-3	837.08495487E-9	
-86.60000000E-3	852.42543282E-9	
-85.80000000E-3	880.31316676E-9	
-85.00000000E-3	899.78353583E-9	
-84.20000000E-3	922.88714438E-9	
-83.40000000E-3	945.76677344E-9	
-82.60000000E-3	977.39212835E-9	
-81.80000000E-3	998.29428500E-9	
-80.90000000E-3	1.01389225E-6	
-80.40000000E-3	1.03268369E-6	
-79.60000000E-3	1.05588592E-6	
-79.00000000E-3	1.06625781E-6	
-78.20000000E-3	1.07203069E-6	
-77.30000000E-3	1.08232875E-6	
-76.70000000E-3	1.10359363E-6	
-75.80000000E-3	1.12468680E-6	
-75.00000000E-3	1.14601400E-6	
-74.20000000E-3	1.15545090E-6	
-73.40000000E-3	1.15616045E-6	
-72.70000000E-3	1.15870253E-6	
-71.80000000E-3	1.17106052E-6	
-71.30000000E-3	1.18150447E-6	
-70.50000000E-3	1.18760698E-6	
-69.60000000E-3	1.18930685E-6	
-69.00000000E-3	1.18780261E-6	
-68.20000000E-3	1.18937862E-6	
-67.70000000E-3	1.19578152E-6	
-66.80000000E-3	1.20018477E-6	
-66.00000000E-3	1.20820767E-6	
-65.10000000E-3	1.22484032E-6	
-64.30000000E-3	1.24386743E-6	
-63.50000000E-3	1.26147472E-6	
-62.70000000E-3	1.29112012E-6	
-62.00000000E-3	1.33620643E-6	
-61.20000000E-3	1.37903639E-6	
-60.40000000E-3	1.42516842E-6	
-59.80000000E-3	1.48217646E-6	
-59.00000000E-3	1.54762704E-6	
-58.10000000E-3	1.63008806E-6	
-57.60000000E-3	1.72840834E-6	
-56.70000000E-3	1.85070118E-6	
-55.80000000E-3	1.99253725E-6	
-55.00000000E-3	2.15087130E-6	
-54.40000000E-3	2.32144604E-6	
-53.60000000E-3	2.51947391E-6	
-52.70000000E-3	2.72798800E-6	
-52.20000000E-3	2.92447847E-6	
-51.30000000E-3	3.11501291E-6	
-50.50000000E-3	3.29919023E-6	
-49.90000000E-3	3.45595671E-6	
-49.00000000E-3	3.58354912E-6	
-48.20000000E-3	3.67362591E-6	
-47.60000000E-3	3.71433630E-6	
-46.70000000E-3	3.72443162E-6	
-45.90000000E-3	3.68670187E-6	
-45.30000000E-3	3.58413966E-6	
-44.40000000E-3	3.43916188E-6	
-43.70000000E-3	3.24962445E-6	
-43.00000000E-3	3.00323071E-6	
-42.20000000E-3	2.72363264E-6	
-41.40000000E-3	2.43053581E-6	
-40.70000000E-3	2.11907142E-6	
-39.80000000E-3	1.79885731E-6	
-39.20000000E-3	1.47017576E-6	
-38.40000000E-3	1.13249533E-6	
-37.70000000E-3	784.55250372E-9	
-37.00000000E-3	435.35675450E-9	
-36.20000000E-3	92.59879666E-9	
-35.30000000E-3	-228.60962722E-9	
-34.60000000E-3	-535.85768999E-9	
-33.80000000E-3	-847.50331025E-9	
-33.20000000E-3	-1.14733932E-6	
-32.40000000E-3	-1.42916663E-6	
-31.60000000E-3	-1.67972996E-6	
-30.80000000E-3	-1.91765986E-6	
-30.20000000E-3	-2.14286444E-6	
-29.30000000E-3	-2.34675762E-6	
-28.60000000E-3	-2.50563625E-6	
-27.90000000E-3	-2.63041019E-6	
-27.00000000E-3	-2.72221705E-6	
-26.30000000E-3	-2.78523250E-6	
-25.50000000E-3	-2.81214337E-6	
-24.70000000E-3	-2.81079576E-6	
-24.00000000E-3	-2.78429900E-6	
-23.30000000E-3	-2.74482643E-6	
-22.50000000E-3	-2.68963565E-6	
-21.60000000E-3	-2.61869693E-6	
-20.90000000E-3	-2.54042278E-6	
-20.20000000E-3	-2.45992568E-6	
-19.50000000E-3	-2.37758029E-6	
-18.70000000E-3	-2.28833919E-6	
-17.90000000E-3	-2.19756252E-6	
-17.10000000E-3	-2.10063265E-6	
-16.30000000E-3	-2.02372759E-6	
-15.60000000E-3	-1.95047108E-6	
-14.90000000E-3	-1.88329847E-6	
-14.20000000E-3	-1.83351331E-6	
-13.40000000E-3	-1.79962839E-6	
-12.50000000E-3	-1.77944869E-6	
-11.90000000E-3	-1.76856134E-6	
-11.00000000E-3	-1.78217269E-6	
-10.20000000E-3	-1.80432345E-6	
-9.30000000E-3	-1.84290607E-6	
-8.80000000E-3	-1.89407656E-6	
-7.90000000E-3	-1.94370999E-6	
-7.00000000E-3	-1.99077477E-6	
-6.50000000E-3	-2.04088783E-6	
-5.70000000E-3	-2.07365290E-6	
-4.80000000E-3	-2.09370630E-6	
-4.20000000E-3	-2.11497541E-6	
-3.40000000E-3	-2.13048322E-6	
-2.50000000E-3	-2.14166059E-6	
-1.80000000E-3	-2.14435791E-6	
-1.00000000E-3	-2.14728491E-6	
-100.00000000E-6	-2.14124376E-6	
800.00000000E-6	-2.13579292E-6	
1.40000000E-3	-2.13923747E-6	
2.30000000E-3	-2.14509913E-6	
2.80000000E-3	-2.14656855E-6	
3.70000000E-3	-2.14269022E-6	
4.60000000E-3	-2.13962105E-6	
5.10000000E-3	-2.12347808E-6	
6.00000000E-3	-2.09989433E-6	
6.80000000E-3	-2.08061364E-6	
7.70000000E-3	-2.06246680E-6	
8.30000000E-3	-2.03359150E-6	
9.20000000E-3	-1.99362793E-6	
10.00000000E-3	-1.95067236E-6	
10.60000000E-3	-1.91309839E-6	
11.40000000E-3	-1.88511145E-6	
12.30000000E-3	-1.86623153E-6	
12.80000000E-3	-1.84734701E-6	
13.70000000E-3	-1.82398158E-6	
14.60000000E-3	-1.81277546E-6	
15.10000000E-3	-1.81954948E-6	
16.00000000E-3	-1.83686078E-6	
16.80000000E-3	-1.87590096E-6	
17.40000000E-3	-1.92882032E-6	
18.30000000E-3	-1.98675308E-6	
19.10000000E-3	-2.05340960E-6	
19.70000000E-3	-2.14059460E-6	
20.60000000E-3	-2.22688890E-6	
21.40000000E-3	-2.30674628E-6	
22.00000000E-3	-2.38858851E-6	
22.80000000E-3	-2.47716624E-6	
23.70000000E-3	-2.55928569E-6	
24.30000000E-3	-2.61917268E-6	
25.10000000E-3	-2.66353977E-6	
25.70000000E-3	-2.70206020E-6	
26.60000000E-3	-2.73506244E-6	
27.60000000E-3	-2.74055440E-6	
28.10000000E-3	-2.71188459E-6	
29.00000000E-3	-2.66373363E-6	
29.80000000E-3	-2.58374522E-6	
30.70000000E-3	-2.47049037E-6	
31.30000000E-3	-2.32786354E-6	
32.10000000E-3	-2.16208208E-6	
33.00000000E-3	-1.97432923E-6	
33.60000000E-3	-1.75621449E-6	
34.40000000E-3	-1.50100865E-6	
35.00000000E-3	-1.22938104E-6	
35.80000000E-3	-934.91522861E-9	
36.70000000E-3	-608.49083197E-9	
37.30000000E-3	-281.34995611E-9	
38.20000000E-3	41.43016312E-9	
38.80000000E-3	390.83367300E-9	
39.30000000E-3	752.55729397E-9	
40.50000000E-3	1.10457742E-6	
41.40000000E-3	1.43848123E-6	
42.00000000E-3	1.78303311E-6	
42.80000000E-3	2.12802028E-6	
43.60000000E-3	2.46049112E-6	
44.20000000E-3	2.79056873E-6	
45.00000000E-3	3.09915020E-6	
45.60000000E-3	3.38856790E-6	
46.50000000E-3	3.64103657E-6	
47.30000000E-3	3.84526827E-6	
48.20000000E-3	4.00574921E-6	
48.70000000E-3	4.11479652E-6	
49.60000000E-3	4.17300936E-6	
50.30000000E-3	4.18621565E-6	
51.00000000E-3	4.14677544E-6	
51.90000000E-3	4.05166257E-6	
52.50000000E-3	3.91773638E-6	
53.20000000E-3	3.74996731E-6	
53.90000000E-3	3.55539353E-6	
53.90000000E-3	3.34143224E-6	
55.50000000E-3	3.10749459E-6	
56.40000000E-3	2.88003124E-6	
56.90000000E-3	2.66118566E-6	
57.80000000E-3	2.47146658E-6	
58.10000000E-3	2.28546529E-6	
59.30000000E-3	2.11692135E-6	
60.20000000E-3	1.95994873E-6	
60.80000000E-3	1.81973370E-6	
61.70000000E-3	1.70556708E-6	
62.60000000E-3	1.61812488E-6	
63.20000000E-3	1.53846854E-6	
63.90000000E-3	1.47390425E-6	
64.60000000E-3	1.43098577E-6	
65.30000000E-3	1.38893836E-6	
66.20000000E-3	1.34976761E-6	
67.10000000E-3	1.32013506E-6	
67.60000000E-3	1.29924505E-6	
68.50000000E-3	1.29063471E-6	
69.40000000E-3	1.27762797E-6	
70.10000000E-3	1.26519700E-6	
70.90000000E-3	1.26344735E-6	
71.50000000E-3	1.26370393E-6	
72.40000000E-3	1.26223867E-6	
73.20000000E-3	1.25819317E-6	
73.80000000E-3	1.24830441E-6	
74.60000000E-3	1.23744962E-6	
75.40000000E-3	1.22172893E-6	
76.10000000E-3	1.20727435E-6	
77.10000000E-3	1.19579528E-6	
78.00000000E-3	1.17248754E-6	
78.60000000E-3	1.14397512E-6	
79.20000000E-3	1.12692084E-6	
80.20000000E-3	1.10861223E-6	
80.80000000E-3	1.09803209E-6	
81.70000000E-3	1.09406441E-6	
82.30000000E-3	1.07205558E-6	
83.10000000E-3	1.04637635E-6	
83.70000000E-3	1.02741368E-6	
84.70000000E-3	1.00515929E-6	
85.60000000E-3	987.27955150E-9	
86.20000000E-3	964.42542905E-9	
86.90000000E-3	938.00951162E-9	
87.80000000E-3	916.01903805E-9	
88.70000000E-3	893.98936980E-9	
89.40000000E-3	873.16526222E-9	
89.90000000E-3	857.36519828E-9	
91.00000000E-3	833.76285144E-9	
91.90000000E-3	806.93591478E-9	
92.50000000E-3	777.84607149E-9	
93.10000000E-3	763.19706801E-9	
94.00000000E-3	747.14361610E-9	
94.70000000E-3	731.19332669E-9	
95.60000000E-3	709.93456452E-9	
96.20000000E-3	702.46695945E-9	
96.90000000E-3	703.47075882E-9	
97.80000000E-3	691.12550802E-9	
98.40000000E-3	674.92650044E-9	
99.30000000E-3	666.96352377E-9	
100.30000000E-3	658.91840381E-9	
100.50000000E-3	649.67223445E-9	
101.70000000E-3	643.49895480E-9	
102.40000000E-3	638.52924145E-9	
103.00000000E-3	635.21529840E-9	
103.70000000E-3	635.41325922E-9	
104.60000000E-3	635.13905397E-9	
105.60000000E-3	627.44943432E-9	
105.90000000E-3	618.86233449E-9	
107.00000000E-3	604.56372972E-9	
107.70000000E-3	591.99232183E-9	
108.30000000E-3	591.57371521E-9	
109.30000000E-3	589.00806328E-9	
110.10000000E-3	585.78974937E-9	
111.00000000E-3	574.62098225E-9	
111.00000000E-3	564.21456464E-9	
112.40000000E-3	560.40392251E-9	
113.00000000E-3	556.97067631E-9	
114.00000000E-3	552.19453487E-9	
114.60000000E-3	550.04218666E-9	
115.40000000E-3	546.12057399E-9	
116.40000000E-3	535.48268100E-9	
117.00000000E-3	525.38110831E-9	
117.60000000E-3	528.28560101E-9	
118.60000000E-3	523.94943049E-9	
119.20000000E-3	509.03926887E-9	
120.10000000E-3	511.13220222E-9	
120.70000000E-3	511.80821982E-9	
121.70000000E-3	514.02860033E-9	
122.30000000E-3	512.81088464E-9	
123.20000000E-3	503.36685158E-9	
123.80000000E-3	491.03906988E-9	
124.60000000E-3	489.93562065E-9	
125.30000000E-3	485.85639961E-9	
126.20000000E-3	475.82586388E-9	
126.80000000E-3	470.35954801E-9	
127.40000000E-3	471.45725445E-9	
128.30000000E-3	468.46289641E-9	
129.20000000E-3	468.72442321E-9	
129.90000000E-3	456.47451267E-9	
130.80000000E-3	447.08276765E-9	
131.30000000E-3	450.51803691E-9	
132.30000000E-3	443.72719151E-9	
132.90000000E-3	435.95227049E-9	
133.80000000E-3	426.14393442E-9	
134.50000000E-3	417.15132892E-9	
135.10000000E-3	408.25318988E-9	
136.00000000E-3	401.52345628E-9	
136.50000000E-3	392.07323606E-9	
137.50000000E-3	389.20419868E-9	
138.40000000E-3	388.77454105E-9	
139.10000000E-3	383.15619901E-9	
139.90000000E-3	383.79739869E-9	
140.40000000E-3	375.34887742E-9	
141.30000000E-3	367.57473030E-9	
141.90000000E-3	362.87786355E-9	
142.70000000E-3	363.29180522E-9	
143.70000000E-3	359.68066887E-9	
144.30000000E-3	356.11581164E-9	
145.20000000E-3	346.77897877E-9	
145.80000000E-3	341.54325328E-9	
146.30000000E-3	344.10670216E-9	
147.40000000E-3	344.51819253E-9	
148.30000000E-3	342.94813632E-9	
148.90000000E-3	338.54537456E-9	
149.50000000E-3	334.53397606E-9	
150.50000000E-3	328.31091624E-9	
151.40000000E-3	321.76543893E-9	
152.20000000E-3	324.63750506E-9	
152.80000000E-3	327.00054516E-9	
153.60000000E-3	328.41018564E-9	
154.20000000E-3	322.85634770E-9	
154.80000000E-3	315.92793753E-9	
155.60000000E-3	315.72904033E-9	
156.50000000E-3	313.01517840E-9	
157.10000000E-3	312.04536347E-9	
157.90000000E-3	308.24631756E-9	
158.80000000E-3	305.90162670E-9	
159.40000000E-3	301.90675742E-9	
160.30000000E-3	299.14936668E-9	
161.20000000E-3	293.03352110E-9	
161.70000000E-3	283.39970322E-9	
162.60000000E-3	278.70740661E-9	
163.40000000E-3	268.06808248E-9	
163.90000000E-3	271.43696046E-9	
164.80000000E-3	274.31085459E-9	
165.40000000E-3	272.37709411E-9	
166.20000000E-3	265.65599790E-9	
167.10000000E-3	260.76154010E-9	
168.00000000E-3	263.93393361E-9	
168.50000000E-3	274.20519847E-9	
169.40000000E-3	276.62893730E-9	
170.30000000E-3	269.59535198E-9	
171.10000000E-3	261.41381191E-9	
172.00000000E-3	257.81927528E-9	
172.60000000E-3	254.23713762E-9	
173.40000000E-3	253.60762374E-9	
174.10000000E-3	244.76497931E-9	
174.90000000E-3	240.63395369E-9	
175.70000000E-3	246.35016997E-9	
176.40000000E-3	246.54991287E-9	
177.10000000E-3	235.09422481E-9	
178.00000000E-3	229.59348879E-9	
178.50000000E-3	224.19493440E-9	
179.40000000E-3	219.52145989E-9	
180.30000000E-3	223.01731056E-9	
181.00000000E-3	217.80025616E-9	
181.70000000E-3	210.86577433E-9	
182.50000000E-3	210.37397472E-9	
183.10000000E-3	208.47289629E-9	
184.00000000E-3	201.21001480E-9	
184.90000000E-3	197.45812452E-9	
185.40000000E-3	201.52971949E-9	
186.30000000E-3	200.34705974E-9	
187.20000000E-3	199.52458386E-9	
188.00000000E-3	200.50725341E-9	
188.60000000E-3	195.64280745E-9	
189.40000000E-3	195.32778658E-9	
190.30000000E-3	197.15281226E-9	
191.10000000E-3	200.63544972E-9	
191.70000000E-3	197.48965672E-9	
192.60000000E-3	188.13273921E-9	
193.40000000E-3	186.05529709E-9	
194.30000000E-3	184.97642378E-9	
194.80000000E-3	186.20572742E-9	
195.40000000E-3	183.23642895E-9	
196.20000000E-3	176.88210076E-9	
197.10000000E-3	178.29564988E-9	
197.60000000E-3	174.66375090E-9	
198.50000000E-3	170.65432456E-9	
199.40000000E-3	174.70838386E-9	
200.10000000E-3	180.86553772E-9	
