-200,00000000E-3	-8,91963339E-6	
-200,00000000E-3	-9,08613047E-6	
-200,00000000E-3	-9,09237939E-6	
-199,90000000E-3	-8,96848269E-6	
-199,70000000E-3	-8,84761711E-6	
-199,30000000E-3	-8,83355812E-6	
-199,00000000E-3	-8,82220346E-6	
-198,70000000E-3	-8,92123609E-6	
-198,20000000E-3	-9,07922960E-6	
-197,70000000E-3	-9,04282580E-6	
-197,20000000E-3	-9,02070453E-6	
-196,80000000E-3	-8,88936452E-6	
-196,30000000E-3	-8,78578149E-6	
-195,80000000E-3	-8,63757561E-6	
-195,00000000E-3	-8,57715584E-6	
-194,50000000E-3	-8,70897320E-6	
-194,00000000E-3	-8,91306583E-6	
-193,50000000E-3	-8,95732114E-6	
-192,90000000E-3	-8,92319648E-6	
-192,20000000E-3	-8,99087378E-6	
-191,50000000E-3	-8,97517660E-6	
-190,90000000E-3	-8,80132159E-6	
-190,40000000E-3	-8,64352674E-6	
-189,90000000E-3	-8,53875622E-6	
-189,30000000E-3	-8,42972179E-6	
-188,50000000E-3	-8,25041512E-6	
-187,90000000E-3	-8,34285959E-6	
-187,40000000E-3	-8,41360190E-6	
-186,80000000E-3	-8,39509492E-6	
-186,20000000E-3	-8,32012480E-6	
-185,50000000E-3	-8,28726587E-6	
-184,80000000E-3	-8,40421038E-6	
-184,20000000E-3	-8,50560734E-6	
-183,70000000E-3	-8,40141844E-6	
-183,10000000E-3	-8,08475300E-6	
-182,50000000E-3	-8,01467498E-6	
-181,90000000E-3	-8,06664097E-6	
-181,40000000E-3	-8,09023233E-6	
-180,80000000E-3	-7,93875487E-6	
-179,90000000E-3	-7,95376367E-6	
-179,70000000E-3	-8,06622752E-6	
-178,80000000E-3	-7,98200939E-6	
-178,30000000E-3	-7,92656333E-6	
-177,40000000E-3	-7,84530014E-6	
-177,10000000E-3	-7,80360076E-6	
-176,50000000E-3	-7,69987853E-6	
-176,00000000E-3	-7,71704912E-6	
-175,10000000E-3	-7,69913491E-6	
-174,50000000E-3	-7,63397662E-6	
-173,90000000E-3	-7,60246140E-6	
-173,30000000E-3	-7,42271419E-6	
-172,80000000E-3	-7,32479327E-6	
-171,90000000E-3	-7,30061012E-6	
-171,30000000E-3	-7,26560631E-6	
-170,80000000E-3	-7,35831783E-6	
-170,20000000E-3	-7,31373550E-6	
-169,60000000E-3	-7,44414696E-6	
-169,10000000E-3	-7,59733432E-6	
-168,50000000E-3	-7,40153974E-6	
-167,70000000E-3	-7,33966372E-6	
-167,10000000E-3	-7,42798048E-6	
-166,50000000E-3	-7,47533722E-6	
-166,00000000E-3	-7,50206582E-6	
-165,40000000E-3	-7,39104049E-6	
-164,60000000E-3	-7,24323261E-6	
-164,00000000E-3	-7,15459316E-6	
-163,40000000E-3	-7,20375182E-6	
-162,80000000E-3	-7,06851767E-6	
-162,20000000E-3	-7,00245399E-6	
-161,70000000E-3	-6,84809748E-6	
-160,80000000E-3	-6,49839904E-6	
-160,20000000E-3	-6,44000648E-6	
-159,60000000E-3	-6,55896606E-6	
-159,10000000E-3	-6,57036689E-6	
-158,60000000E-3	-6,61820384E-6	
-157,60000000E-3	-6,73677669E-6	
-157,10000000E-3	-6,84487822E-6	
-156,60000000E-3	-6,92237695E-6	
-155,90000000E-3	-6,76922017E-6	
-155,40000000E-3	-6,73942351E-6	
-154,80000000E-3	-6,53246548E-6	
-153,90000000E-3	-6,53642353E-6	
-153,40000000E-3	-6,68306494E-6	
-152,90000000E-3	-6,54760573E-6	
-152,20000000E-3	-6,23123948E-6	
-151,70000000E-3	-6,17566817E-6	
-151,10000000E-3	-6,17780114E-6	
-150,30000000E-3	-6,03449543E-6	
-149,70000000E-3	-5,91061979E-6	
-149,10000000E-3	-5,94483294E-6	
-148,50000000E-3	-5,99833599E-6	
-147,90000000E-3	-5,99058429E-6	
-147,10000000E-3	-5,99668843E-6	
-146,60000000E-3	-6,02070696E-6	
-146,00000000E-3	-5,89184249E-6	
-145,40000000E-3	-5,68878611E-6	
-144,80000000E-3	-5,48092412E-6	
-144,30000000E-3	-5,37206119E-6	
-143,40000000E-3	-5,10209668E-6	
-142,80000000E-3	-4,77411386E-6	
-142,30000000E-3	-4,78369455E-6	
-141,70000000E-3	-4,85577540E-6	
-141,10000000E-3	-4,74627561E-6	
-140,20000000E-3	-4,66267426E-6	
-139,70000000E-3	-4,66406727E-6	
-139,10000000E-3	-4,60745383E-6	
-138,50000000E-3	-4,40228108E-6	
-138,00000000E-3	-4,27853710E-6	
-137,40000000E-3	-4,62655694E-6	
-136,60000000E-3	-4,82943043E-6	
-136,00000000E-3	-4,70312946E-6	
-135,40000000E-3	-4,42882017E-6	
-134,80000000E-3	-4,18861001E-6	
-134,30000000E-3	-4,12913451E-6	
-133,60000000E-3	-4,26603894E-6	
-132,80000000E-3	-4,07450320E-6	
-132,30000000E-3	-3,83541517E-6	
-131,70000000E-3	-3,63000970E-6	
-131,10000000E-3	-3,65747532E-6	
-130,60000000E-3	-3,29095561E-6	
-129,70000000E-3	-1,82858371E-6	
-129,50000000E-3	-1,03558202E-6	
-128,90000000E-3	-1,04336788E-6	
-128,30000000E-3	-1,19110174E-6	
-127,50000000E-3	-1,36946741E-6	
-126,90000000E-3	-1,57196226E-6	
-126,00000000E-3	-1,53441826E-6	
-125,40000000E-3	-1,38565190E-6	
-125,20000000E-3	-1,70772560E-6	
-124,60000000E-3	-2,02345894E-6	
-123,70000000E-3	-2,16548035E-6	
-123,20000000E-3	-2,31070644E-6	
-122,30000000E-3	-2,44026427E-6	
-121,70000000E-3	-2,51318560E-6	
-121,40000000E-3	-2,60854828E-6	
-120,90000000E-3	-2,59167665E-6	
-120,00000000E-3	-2,57600579E-6	
-119,40000000E-3	-2,57491122E-6	
-118,90000000E-3	-2,62247025E-6	
-118,30000000E-3	-2,80091376E-6	
-117,70000000E-3	-2,93269061E-6	
-117,10000000E-3	-3,07739903E-6	
-116,30000000E-3	-3,10714885E-6	
-115,70000000E-3	-3,24729851E-6	
-115,10000000E-3	-3,49660546E-6	
-114,60000000E-3	-3,61108658E-6	
-114,00000000E-3	-3,67005446E-6	
-113,20000000E-3	-3,80836289E-6	
-112,60000000E-3	-3,99735848E-6	
-112,00000000E-3	-4,16066654E-6	
-111,40000000E-3	-4,31913327E-6	
-110,80000000E-3	-4,42933235E-6	
-110,30000000E-3	-4,76890663E-6	
-109,50000000E-3	-5,14836331E-6	
-108,80000000E-3	-5,18488812E-6	
-108,20000000E-3	-5,19977957E-6	
-107,70000000E-3	-5,30585699E-6	
-107,10000000E-3	-5,45432281E-6	
-106,60000000E-3	-5,54286159E-6	
-105,70000000E-3	-5,69678206E-6	
-105,10000000E-3	-5,78794783E-6	
-104,60000000E-3	-5,85868236E-6	
-104,00000000E-3	-5,97706431E-6	
-103,40000000E-3	-6,25708222E-6	
-102,70000000E-3	-6,31292151E-6	
-102,00000000E-3	-6,59851537E-6	
-101,50000000E-3	-6,81160794E-6	
-100,90000000E-3	-6,89536580E-6	
-100,30000000E-3	-7,01177911E-6	
-99,70000000E-3	-7,17793804E-6	
-98,80000000E-3	-7,48472914E-6	
-98,30000000E-3	-7,41919619E-6	
-97,70000000E-3	-7,14793648E-6	
-97,10000000E-3	-7,14705766E-6	
-96,50000000E-3	-7,21007695E-6	
-95,90000000E-3	-7,11313539E-6	
-95,30000000E-3	-7,10541572E-6	
-94,60000000E-3	-7,08860370E-6	
-94,00000000E-3	-7,22663671E-6	
-93,40000000E-3	-7,29837773E-6	
-92,80000000E-3	-7,28531057E-6	
-92,20000000E-3	-7,21726142E-6	
-91,60000000E-3	-7,18022509E-6	
-90,80000000E-3	-6,98873546E-6	
-90,20000000E-3	-6,91533789E-6	
-89,60000000E-3	-6,76819099E-6	
-89,10000000E-3	-6,53841646E-6	
-88,50000000E-3	-6,44373448E-6	
-87,90000000E-3	-6,40026193E-6	
-87,10000000E-3	-6,11031785E-6	
-86,50000000E-3	-5,92064405E-6	
-85,90000000E-3	-5,72900408E-6	
-85,30000000E-3	-5,22247068E-6	
-84,80000000E-3	-4,65226099E-6	
-84,20000000E-3	-4,35970114E-6	
-83,40000000E-3	-4,13656812E-6	
-82,80000000E-3	-3,86336814E-6	
-82,20000000E-3	-3,47124280E-6	
-81,60000000E-3	-2,98979330E-6	
-81,00000000E-3	-2,60209146E-6	
-80,40000000E-3	-2,16875545E-6	
-79,60000000E-3	-1,58666703E-6	
-79,00000000E-3	-1,15079923E-6	
-78,50000000E-3	-917,03976807E-9	
-78,10000000E-3	-575,80511036E-9	
-77,30000000E-3	-240,13957651E-9	
-76,70000000E-3	-82,32477520E-9	
-75,90000000E-3	92,60056850E-9	
-75,30000000E-3	588,03056641E-9	
-74,70000000E-3	1,01402185E-6	
-74,10000000E-3	1,34174016E-6	
-73,60000000E-3	1,75306007E-6	
-73,00000000E-3	2,15294706E-6	
-72,40000000E-3	2,32981879E-6	
-71,80000000E-3	2,65254413E-6	
-71,00000000E-3	3,17052036E-6	
-70,70000000E-3	3,56847627E-6	
-69,80000000E-3	3,31748322E-6	
-69,10000000E-3	2,97375712E-6	
-68,40000000E-3	2,98805791E-6	
-67,80000000E-3	3,01078597E-6	
-67,60000000E-3	2,75987996E-6	
-67,00000000E-3	2,39157735E-6	
-66,20000000E-3	1,95247188E-6	
-65,60000000E-3	1,50744581E-6	
-65,00000000E-3	1,02279066E-6	
-64,40000000E-3	714,69355452E-9	
-63,80000000E-3	264,78990077E-9	
-63,20000000E-3	-384,71899994E-9	
-62,40000000E-3	-888,13442868E-9	
-61,80000000E-3	-1,28105063E-6	
-61,30000000E-3	-1,83326028E-6	
-60,70000000E-3	-2,42745861E-6	
-60,10000000E-3	-2,92110703E-6	
-59,50000000E-3	-3,37985265E-6	
-58,70000000E-3	-3,87833269E-6	
-58,10000000E-3	-4,44387913E-6	
-57,50000000E-3	-4,99180253E-6	
-56,90000000E-3	-5,57974141E-6	
-56,30000000E-3	-6,02315336E-6	
-55,80000000E-3	-6,60436117E-6	
-55,10000000E-3	-7,37054676E-6	
-54,30000000E-3	-8,25802150E-6	
-53,70000000E-3	-9,21588805E-6	
-53,20000000E-3	-9,83335668E-6	
-52,60000000E-3	-10,27473682E-6	
-52,00000000E-3	-10,77557075E-6	
-51,20000000E-3	-11,33549425E-6	
-50,60000000E-3	-12,02005699E-6	
-50,00000000E-3	-12,49251905E-6	
-49,40000000E-3	-13,02815684E-6	
-48,90000000E-3	-13,51560050E-6	
-48,30000000E-3	-13,88228716E-6	
-47,40000000E-3	-14,19809947E-6	
-46,80000000E-3	-14,45189191E-6	
-46,30000000E-3	-14,80612645E-6	
-45,70000000E-3	-15,29318212E-6	
-45,10000000E-3	-15,56462256E-6	
-44,60000000E-3	-15,76325576E-6	
-44,00000000E-3	-16,79448685E-6	
-43,10000000E-3	-16,07508566E-6	
-42,60000000E-3	-14,60008361E-6	
-42,00000000E-3	-13,72985661E-6	
-41,40000000E-3	-13,15196425E-6	
-40,90000000E-3	-12,73868723E-6	
-40,30000000E-3	-12,44795089E-6	
-39,40000000E-3	-12,02383662E-6	
-38,80000000E-3	-11,79537457E-6	
-38,20000000E-3	-11,70579323E-6	
-37,70000000E-3	-11,67246969E-6	
-37,10000000E-3	-11,60103955E-6	
-36,50000000E-3	-11,56665748E-6	
-35,60000000E-3	-11,57319943E-6	
-35,00000000E-3	-11,59920755E-6	
-34,50000000E-3	-11,72750200E-6	
-34,00000000E-3	-11,85534045E-6	
-33,40000000E-3	-11,94194682E-6	
-32,80000000E-3	-11,81472150E-6	
-31,90000000E-3	-11,64361923E-6	
-31,30000000E-3	-11,53652484E-6	
-30,80000000E-3	-11,53613284E-6	
-30,20000000E-3	-11,46337032E-6	
-29,60000000E-3	-11,31321642E-6	
-29,10000000E-3	-11,30771439E-6	
-28,20000000E-3	-11,31760971E-6	
-27,60000000E-3	-11,23770449E-6	
-27,10000000E-3	-11,24759893E-6	
-26,50000000E-3	-11,23062263E-6	
-25,90000000E-3	-11,19730138E-6	
-25,30000000E-3	-11,12154265E-6	
-24,50000000E-3	-11,13331724E-6	
-23,90000000E-3	-11,03555704E-6	
-23,30000000E-3	-10,95714380E-6	
-22,70000000E-3	-10,88823684E-6	
-22,20000000E-3	-10,77535713E-6	
-21,60000000E-3	-10,69088268E-6	
-21,00000000E-3	-10,67524227E-6	
-20,40000000E-3	-10,67013803E-6	
-19,60000000E-3	-10,49670785E-6	
-19,00000000E-3	-10,38780600E-6	
-18,40000000E-3	-10,38433659E-6	
-17,90000000E-3	-10,37089868E-6	
-17,00000000E-3	-10,39351034E-6	
-16,40000000E-3	-10,47581763E-6	
-15,90000000E-3	-10,56281950E-6	
-15,60000000E-3	-10,54503221E-6	
-14,70000000E-3	-10,62835142E-6	
-14,20000000E-3	-10,46220460E-6	
-13,50000000E-3	-10,34661271E-6	
-13,00000000E-3	-10,35039194E-6	
-12,40000000E-3	-10,41508352E-6	
-11,50000000E-3	-10,40859758E-6	
-11,00000000E-3	-10,37023624E-6	
-10,40000000E-3	-10,56194347E-6	
-9,90000000E-3	-10,88892760E-6	
-9,30000000E-3	-10,84817761E-6	
-8,70000000E-3	-10,74836716E-6	
-8,10000000E-3	-10,80667027E-6	
-7,40000000E-3	-10,79374342E-6	
-6,70000000E-3	-10,90796376E-6	
-6,10000000E-3	-10,96956719E-6	
-5,50000000E-3	-11,12345310E-6	
-4,90000000E-3	-10,98083498E-6	
-4,30000000E-3	-11,07951468E-6	
-3,80000000E-3	-11,14615673E-6	
-2,90000000E-3	-11,00287476E-6	
-2,30000000E-3	-10,94633807E-6	
-1,70000000E-3	-10,99522362E-6	
-1,10000000E-3	-11,25667321E-6	
-400,00000000E-6	-11,39604306E-6	
300,00000000E-6	-11,32705682E-6	
900,00000000E-6	-11,27918329E-6	
1,50000000E-3	-11,24763083E-6	
2,10000000E-3	-11,17191778E-6	
2,80000000E-3	-11,18904029E-6	
3,40000000E-3	-11,12723871E-6	
3,90000000E-3	-11,08327732E-6	
4,60000000E-3	-11,07231849E-6	
5,30000000E-3	-10,97728553E-6	
5,90000000E-3	-10,92812121E-6	
6,40000000E-3	-10,92609506E-6	
7,00000000E-3	-10,89567084E-6	
7,80000000E-3	-11,01895974E-6	
8,40000000E-3	-11,34372406E-6	
8,90000000E-3	-11,40021456E-6	
9,60000000E-3	-11,23897482E-6	
10,30000000E-3	-11,12148490E-6	
10,90000000E-3	-11,08730175E-6	
11,40000000E-3	-11,21612853E-6	
12,10000000E-3	-11,18131307E-6	
12,80000000E-3	-11,24955741E-6	
13,40000000E-3	-11,37011504E-6	
13,90000000E-3	-11,41398074E-6	
14,50000000E-3	-11,48604016E-6	
15,30000000E-3	-11,53580316E-6	
15,90000000E-3	-11,57352831E-6	
16,20000000E-3	-11,68502547E-6	
16,90000000E-3	-11,78515024E-6	
17,70000000E-3	-11,97516796E-6	
18,30000000E-3	-12,10944354E-6	
18,80000000E-3	-12,07243878E-6	
19,30000000E-3	-12,01576350E-6	
20,00000000E-3	-12,13997934E-6	
20,80000000E-3	-12,39105968E-6	
21,40000000E-3	-12,57311096E-6	
21,90000000E-3	-12,56771588E-6	
22,50000000E-3	-12,59725943E-6	
23,30000000E-3	-12,72855929E-6	
23,90000000E-3	-12,88721284E-6	
24,40000000E-3	-13,12306593E-6	
25,00000000E-3	-13,12729062E-6	
25,70000000E-3	-13,19019393E-6	
26,30000000E-3	-13,38510261E-6	
26,80000000E-3	-13,53565153E-6	
27,50000000E-3	-13,78881599E-6	
28,00000000E-3	-14,10451752E-6	
28,90000000E-3	-14,33174881E-6	
29,30000000E-3	-14,54586737E-6	
30,20000000E-3	-14,83633151E-6	
30,80000000E-3	-15,13369943E-6	
31,40000000E-3	-15,24553449E-6	
31,90000000E-3	-15,31106323E-6	
32,60000000E-3	-15,42620991E-6	
33,30000000E-3	-15,70471445E-6	
33,90000000E-3	-15,96625133E-6	
34,30000000E-3	-16,14503610E-6	
35,10000000E-3	-16,17350062E-6	
35,80000000E-3	-16,29318507E-6	
36,30000000E-3	-16,43834263E-6	
36,80000000E-3	-16,47172724E-6	
37,50000000E-3	-16,51946571E-6	
38,30000000E-3	-16,69418968E-6	
38,80000000E-3	-16,89197200E-6	
39,30000000E-3	-17,02075820E-6	
40,10000000E-3	-17,04452293E-6	
40,70000000E-3	-16,92170069E-6	
41,30000000E-3	-16,85281451E-6	
41,80000000E-3	-16,85248921E-6	
42,40000000E-3	-16,82012764E-6	
43,20000000E-3	-16,62317683E-6	
43,50000000E-3	-16,46340565E-6	
44,30000000E-3	-16,52863656E-6	
44,90000000E-3	-16,61133797E-6	
45,70000000E-3	-16,57812153E-6	
46,30000000E-3	-16,50594266E-6	
46,80000000E-3	-16,28534611E-6	
47,40000000E-3	-15,87216711E-6	
47,90000000E-3	-15,58871876E-6	
48,40000000E-3	-15,22978448E-6	
49,10000000E-3	-14,86395640E-6	
49,80000000E-3	-14,44307989E-6	
50,40000000E-3	-14,04312607E-6	
50,90000000E-3	-13,65213201E-6	
51,60000000E-3	-13,30051289E-6	
52,30000000E-3	-12,90055481E-6	
52,90000000E-3	-12,38166622E-6	
53,40000000E-3	-11,95263361E-6	
54,10000000E-3	-11,43905188E-6	
54,80000000E-3	-10,76172055E-6	
55,40000000E-3	-10,13556906E-6	
55,90000000E-3	-9,57397431E-6	
56,60000000E-3	-9,04280806E-6	
57,30000000E-3	-8,74615852E-6	
57,80000000E-3	-8,11280773E-6	
58,40000000E-3	-7,30803893E-6	
59,20000000E-3	-6,40405434E-6	
59,80000000E-3	-5,59302882E-6	
60,30000000E-3	-5,03701376E-6	
61,00000000E-3	-4,20799210E-6	
61,70000000E-3	-3,47389524E-6	
62,30000000E-3	-2,95162553E-6	
62,80000000E-3	-2,50713651E-6	
63,50000000E-3	-2,14603025E-6	
64,20000000E-3	-1,72220437E-6	
64,80000000E-3	-1,09719753E-6	
65,30000000E-3	-558,78254400E-9	
65,90000000E-3	-18,17163472E-9	
66,70000000E-3	504,37243749E-9	
67,30000000E-3	704,77021927E-9	
67,80000000E-3	908,09011166E-9	
68,40000000E-3	1,26386522E-6	
69,20000000E-3	1,33135759E-6	
69,80000000E-3	1,46160770E-6	
70,30000000E-3	1,59702803E-6	
70,90000000E-3	1,73332834E-6	
71,60000000E-3	1,86089921E-6	
72,30000000E-3	1,97342883E-6	
72,60000000E-3	2,05234972E-6	
73,40000000E-3	1,81678102E-6	
73,90000000E-3	1,68999062E-6	
74,50000000E-3	1,41765210E-6	
75,30000000E-3	1,11955708E-6	
75,90000000E-3	802,25455447E-9	
76,50000000E-3	751,93969471E-9	
77,00000000E-3	797,81180737E-9	
77,70000000E-3	689,66336534E-9	
78,40000000E-3	316,47411439E-9	
79,00000000E-3	-153,52742399E-9	
79,50000000E-3	-458,75919668E-9	
80,20000000E-3	-716,61778380E-9	
80,90000000E-3	-1,12934440E-6	
81,50000000E-3	-1,36350851E-6	
82,00000000E-3	-1,76259876E-6	
82,80000000E-3	-2,02183104E-6	
83,10000000E-3	-2,26909195E-6	
83,90000000E-3	-2,44018898E-6	
84,40000000E-3	-2,79059221E-6	
85,00000000E-3	-3,11287406E-6	
85,60000000E-3	-3,48744829E-6	
86,30000000E-3	-3,69972502E-6	
87,10000000E-3	-3,94773627E-6	
87,80000000E-3	-4,19897012E-6	
88,30000000E-3	-4,46512745E-6	
88,80000000E-3	-4,88059222E-6	
89,40000000E-3	-5,16968163E-6	
90,00000000E-3	-5,17197119E-6	
90,60000000E-3	-5,09173150E-6	
91,20000000E-3	-5,25572869E-6	
91,90000000E-3	-5,31567766E-6	
92,50000000E-3	-5,40019421E-6	
93,40000000E-3	-5,55687294E-6	
93,90000000E-3	-5,85820794E-6	
94,40000000E-3	-6,17070838E-6	
95,00000000E-3	-6,27922927E-6	
95,50000000E-3	-6,07963693E-6	
96,30000000E-3	-5,80940125E-6	
96,90000000E-3	-5,74635783E-6	
97,50000000E-3	-5,83632253E-6	
98,00000000E-3	-5,82835538E-6	
98,80000000E-3	-5,80111856E-6	
99,40000000E-3	-6,00861077E-6	
100,00000000E-3	-6,16070759E-6	
100,50000000E-3	-5,94991295E-6	
101,30000000E-3	-5,52183978E-6	
101,90000000E-3	-5,16475070E-6	
102,50000000E-3	-5,13790955E-6	
103,00000000E-3	-5,38884288E-6	
103,70000000E-3	-5,45743414E-6	
104,10000000E-3	-5,25878761E-6	
105,10000000E-3	-5,21446410E-6	
105,60000000E-3	-5,16865761E-6	
106,30000000E-3	-4,92854756E-6	
107,00000000E-3	-4,80123544E-6	
107,50000000E-3	-4,97093273E-6	
108,10000000E-3	-4,95047336E-6	
108,80000000E-3	-4,92264717E-6	
109,60000000E-3	-4,81187116E-6	
110,10000000E-3	-4,66310443E-6	
110,70000000E-3	-4,52821067E-6	
111,30000000E-3	-4,57872996E-6	
111,30000000E-3	-4,53798367E-6	
112,40000000E-3	-4,32939729E-6	
113,10000000E-3	-4,08855016E-6	
113,70000000E-3	-3,95413337E-6	
114,00000000E-3	-3,95137444E-6	
114,90000000E-3	-3,85395564E-6	
115,50000000E-3	-3,58234484E-6	
115,80000000E-3	-3,50443138E-6	
116,90000000E-3	-3,57414744E-6	
117,50000000E-3	-3,75393882E-6	
118,10000000E-3	-3,78135592E-6	
118,70000000E-3	-3,78452370E-6	
119,30000000E-3	-3,88589420E-6	
119,80000000E-3	-3,96553534E-6	
120,50000000E-3	-4,11342219E-6	
121,10000000E-3	-3,96494521E-6	
121,80000000E-3	-3,80037327E-6	
122,30000000E-3	-3,91225509E-6	
122,90000000E-3	-4,14353213E-6	
123,70000000E-3	-4,14458806E-6	
124,40000000E-3	-3,99178135E-6	
124,70000000E-3	-3,91569771E-6	
125,40000000E-3	-4,04780162E-6	
125,90000000E-3	-4,12469278E-6	
126,50000000E-3	-4,19668757E-6	
127,10000000E-3	-4,02389286E-6	
127,70000000E-3	-3,82858872E-6	
128,30000000E-3	-3,77475950E-6	
128,90000000E-3	-3,95616935E-6	
129,60000000E-3	-4,26970629E-6	
130,20000000E-3	-4,43511564E-6	
130,90000000E-3	-4,47341736E-6	
131,60000000E-3	-4,34196355E-6	
132,20000000E-3	-4,44658380E-6	
132,90000000E-3	-4,66251394E-6	
133,50000000E-3	-4,68894184E-6	
134,10000000E-3	-4,76524142E-6	
134,60000000E-3	-4,79765535E-6	
135,30000000E-3	-4,83996287E-6	
135,90000000E-3	-4,74268492E-6	
136,50000000E-3	-4,86082219E-6	
137,10000000E-3	-4,92383981E-6	
137,70000000E-3	-5,06997663E-6	
138,30000000E-3	-5,22198755E-6	
138,90000000E-3	-5,29379725E-6	
139,50000000E-3	-5,33273822E-6	
140,10000000E-3	-5,24086520E-6	
140,70000000E-3	-5,22422632E-6	
141,50000000E-3	-5,38415626E-6	
142,20000000E-3	-5,41562696E-6	
142,80000000E-3	-5,60172299E-6	
143,40000000E-3	-5,90723941E-6	
144,00000000E-3	-6,04686916E-6	
144,60000000E-3	-6,06321237E-6	
145,30000000E-3	-5,99813678E-6	
145,80000000E-3	-5,93100572E-6	
146,40000000E-3	-6,07230051E-6	
147,00000000E-3	-6,30835632E-6	
147,60000000E-3	-6,37354271E-6	
148,20000000E-3	-6,38682849E-6	
148,80000000E-3	-6,54187613E-6	
149,40000000E-3	-6,63893380E-6	
150,10000000E-3	-6,56809773E-6	
150,80000000E-3	-6,63071881E-6	
151,60000000E-3	-6,73383184E-6	
152,10000000E-3	-7,04560354E-6	
152,10000000E-3	-7,03954536E-6	
153,10000000E-3	-7,16274072E-6	
153,70000000E-3	-7,17518725E-6	
154,50000000E-3	-7,32672346E-6	
155,10000000E-3	-7,26655539E-6	
155,70000000E-3	-7,12175413E-6	
156,30000000E-3	-7,40853047E-6	
156,90000000E-3	-7,65843799E-6	
157,50000000E-3	-7,75983837E-6	
158,20000000E-3	-7,94561394E-6	
158,80000000E-3	-8,00811805E-6	
159,30000000E-3	-7,81105286E-6	
160,10000000E-3	-7,68201698E-6	
160,80000000E-3	-7,78206399E-6	
160,80000000E-3	-7,93935069E-6	
161,90000000E-3	-8,19345447E-6	
162,60000000E-3	-8,36971743E-6	
163,20000000E-3	-8,45210516E-6	
163,70000000E-3	-8,41112394E-6	
164,40000000E-3	-8,40590631E-6	
165,00000000E-3	-8,44130448E-6	
165,50000000E-3	-8,47422922E-6	
166,20000000E-3	-8,48044082E-6	
166,80000000E-3	-8,41962292E-6	
167,40000000E-3	-8,19580438E-6	
168,00000000E-3	-8,08950371E-6	
168,60000000E-3	-8,20342364E-6	
169,20000000E-3	-8,39961512E-6	
170,00000000E-3	-8,43942333E-6	
170,70000000E-3	-8,48591452E-6	
171,30000000E-3	-8,57503510E-6	
171,90000000E-3	-8,66240029E-6	
172,50000000E-3	-8,67010268E-6	
173,10000000E-3	-8,81483368E-6	
173,70000000E-3	-8,88695506E-6	
174,30000000E-3	-8,80628478E-6	
175,00000000E-3	-8,80231839E-6	
175,50000000E-3	-8,87810809E-6	
176,20000000E-3	-8,84745719E-6	
176,80000000E-3	-8,92688737E-6	
177,40000000E-3	-9,02065940E-6	
177,90000000E-3	-8,85720590E-6	
178,60000000E-3	-8,90088850E-6	
179,20000000E-3	-9,08920904E-6	
179,80000000E-3	-9,19682720E-6	
180,40000000E-3	-9,30198846E-6	
181,10000000E-3	-9,19524938E-6	
181,60000000E-3	-9,10896742E-6	
182,30000000E-3	-9,11046905E-6	
182,90000000E-3	-9,19638604E-6	
183,60000000E-3	-9,18225517E-6	
184,40000000E-3	-9,14408746E-6	
184,60000000E-3	-9,12408683E-6	
185,40000000E-3	-9,35855835E-6	
186,10000000E-3	-9,37289825E-6	
186,70000000E-3	-9,36990061E-6	
187,40000000E-3	-9,42226242E-6	
188,00000000E-3	-9,55784738E-6	
188,60000000E-3	-9,45642667E-6	
189,00000000E-3	-9,40532017E-6	
189,80000000E-3	-9,67337929E-6	
190,60000000E-3	-9,55095218E-6	
191,20000000E-3	-9,65550554E-6	
191,80000000E-3	-9,72351448E-6	
192,40000000E-3	-9,72074499E-6	
193,00000000E-3	-9,95352155E-6	
193,60000000E-3	-10,16968276E-6	
194,20000000E-3	-10,23145144E-6	
194,80000000E-3	-10,31064208E-6	
195,40000000E-3	-10,37154346E-6	
196,00000000E-3	-10,41518121E-6	
196,70000000E-3	-10,39277516E-6	
197,30000000E-3	-10,37527605E-6	
197,90000000E-3	-10,44936586E-6	
198,50000000E-3	-10,51347220E-6	
199,10000000E-3	-10,66882931E-6	
199,70000000E-3	-10,67437708E-6	
