-200,00000000E-3	-2,38932140E-6	
-200,00000000E-3	-2,42346857E-6	
-200,00000000E-3	-2,37478866E-6	
-199,80000000E-3	-2,30091882E-6	
-199,50000000E-3	-2,28592875E-6	
-199,20000000E-3	-2,37929132E-6	
-198,80000000E-3	-2,43138053E-6	
-198,50000000E-3	-2,48758214E-6	
-198,00000000E-3	-2,43749557E-6	
-197,70000000E-3	-2,30558754E-6	
-196,90000000E-3	-2,27782708E-6	
-196,50000000E-3	-2,13882449E-6	
-196,00000000E-3	-2,00085863E-6	
-195,50000000E-3	-2,02235398E-6	
-195,00000000E-3	-2,16843849E-6	
-194,40000000E-3	-2,24669659E-6	
-193,70000000E-3	-2,30547965E-6	
-193,20000000E-3	-2,35292851E-6	
-192,60000000E-3	-2,31450738E-6	
-192,10000000E-3	-2,19865252E-6	
-191,50000000E-3	-2,07959605E-6	
-190,70000000E-3	-1,94620039E-6	
-190,10000000E-3	-1,93385676E-6	
-189,50000000E-3	-1,92002816E-6	
-188,90000000E-3	-1,95313909E-6	
-188,50000000E-3	-1,84782566E-6	
-187,80000000E-3	-1,91857087E-6	
-187,00000000E-3	-1,93520249E-6	
-186,40000000E-3	-1,93164773E-6	
-185,80000000E-3	-1,80691799E-6	
-185,40000000E-3	-1,75707065E-6	
-184,80000000E-3	-1,79003028E-6	
-184,00000000E-3	-1,78274507E-6	
-183,30000000E-3	-1,71355231E-6	
-182,80000000E-3	-1,61402062E-6	
-182,10000000E-3	-1,59120838E-6	
-181,60000000E-3	-1,55966691E-6	
-181,10000000E-3	-1,60201323E-6	
-180,30000000E-3	-1,53463219E-6	
-179,70000000E-3	-1,43738242E-6	
-179,10000000E-3	-1,40878089E-6	
-178,50000000E-3	-1,53133198E-6	
-177,90000000E-3	-1,63959640E-6	
-177,40000000E-3	-1,54478472E-6	
-176,50000000E-3	-1,34171048E-6	
-175,90000000E-3	-1,29755868E-6	
-175,30000000E-3	-1,27385349E-6	
-174,80000000E-3	-1,15134604E-6	
-174,20000000E-3	-1,04305843E-6	
-173,40000000E-3	-960,49364500E-9	
-172,80000000E-3	-991,07363586E-9	
-172,20000000E-3	-912,33512658E-9	
-171,70000000E-3	-868,78829915E-9	
-171,10000000E-3	-882,22517381E-9	
-170,50000000E-3	-807,33345836E-9	
-169,60000000E-3	-39,76035838E-9	
-169,10000000E-3	558,92915119E-9	
-168,60000000E-3	766,92412014E-9	
-168,00000000E-3	984,68387072E-9	
-167,40000000E-3	876,56368344E-9	
-166,60000000E-3	586,09615740E-9	
-166,00000000E-3	364,39216349E-9	
-165,70000000E-3	343,42002972E-9	
-164,80000000E-3	284,77518918E-9	
-164,20000000E-3	241,70141115E-9	
-163,60000000E-3	201,57320938E-9	
-162,80000000E-3	12,44420151E-9	
-162,30000000E-3	-95,42631506E-9	
-161,70000000E-3	-131,83855722E-9	
-161,10000000E-3	-106,92209292E-9	
-160,50000000E-3	-71,56108789E-9	
-159,90000000E-3	71,29863164E-9	
-159,40000000E-3	236,92263427E-9	
-158,80000000E-3	378,07374904E-9	
-158,20000000E-3	338,56441947E-9	
-157,50000000E-3	218,16157912E-9	
-156,90000000E-3	33,51430336E-9	
-155,90000000E-3	43,58954024E-9	
-155,70000000E-3	69,60997606E-9	
-155,10000000E-3	135,02246761E-9	
-154,50000000E-3	238,39220522E-9	
-153,70000000E-3	164,15359773E-9	
-153,10000000E-3	253,18935141E-9	
-152,50000000E-3	364,12593412E-9	
-151,90000000E-3	442,63381111E-9	
-151,40000000E-3	436,00021546E-9	
-150,60000000E-3	500,43803308E-9	
-150,00000000E-3	592,30505451E-9	
-149,40000000E-3	634,24206438E-9	
-148,80000000E-3	583,79785687E-9	
-148,20000000E-3	650,53435800E-9	
-147,70000000E-3	670,39923124E-9	
-147,10000000E-3	716,90824678E-9	
-146,20000000E-3	689,35201901E-9	
-145,70000000E-3	733,91037507E-9	
-145,10000000E-3	838,52835352E-9	
-144,60000000E-3	977,62702012E-9	
-144,00000000E-3	1,10697161E-6	
-143,20000000E-3	1,28675400E-6	
-142,50000000E-3	1,48906863E-6	
-142,00000000E-3	1,59214023E-6	
-141,50000000E-3	1,69839066E-6	
-140,80000000E-3	1,82540218E-6	
-140,30000000E-3	1,94753878E-6	
-139,40000000E-3	2,03436975E-6	
-138,90000000E-3	2,10767602E-6	
-138,30000000E-3	2,23756684E-6	
-137,70000000E-3	2,17579688E-6	
-137,10000000E-3	2,07774111E-6	
-136,30000000E-3	2,03182928E-6	
-135,70000000E-3	2,17499250E-6	
-135,10000000E-3	2,13615195E-6	
-134,60000000E-3	2,11533698E-6	
-134,10000000E-3	2,22086046E-6	
-133,30000000E-3	2,33137817E-6	
-132,50000000E-3	2,38948646E-6	
-132,10000000E-3	2,49137766E-6	
-131,50000000E-3	2,64368220E-6	
-130,90000000E-3	2,78961222E-6	
-130,30000000E-3	2,82608653E-6	
-129,50000000E-3	2,87902664E-6	
-129,00000000E-3	2,99838435E-6	
-128,40000000E-3	3,10431467E-6	
-127,80000000E-3	3,14373714E-6	
-127,20000000E-3	3,14556886E-6	
-126,50000000E-3	3,14173014E-6	
-125,80000000E-3	3,16069140E-6	
-125,20000000E-3	3,21650529E-6	
-124,60000000E-3	3,21766632E-6	
-124,00000000E-3	3,13737010E-6	
-123,40000000E-3	2,87657577E-6	
-122,90000000E-3	2,71625383E-6	
-122,10000000E-3	2,72076349E-6	
-121,50000000E-3	2,73913191E-6	
-120,90000000E-3	2,70054100E-6	
-120,30000000E-3	2,66266573E-6	
-119,80000000E-3	2,64986712E-6	
-118,90000000E-3	2,66459429E-6	
-118,30000000E-3	2,64773253E-6	
-117,70000000E-3	2,63038656E-6	
-117,30000000E-3	2,54872921E-6	
-116,70000000E-3	2,50988818E-6	
-115,90000000E-3	2,47214935E-6	
-115,30000000E-3	2,38035853E-6	
-114,70000000E-3	2,24652648E-6	
-114,10000000E-3	2,14072428E-6	
-113,60000000E-3	2,08731855E-6	
-112,90000000E-3	1,96973191E-6	
-112,10000000E-3	1,83940911E-6	
-111,60000000E-3	1,80094109E-6	
-110,90000000E-3	1,79227446E-6	
-110,40000000E-3	1,73896087E-6	
-109,80000000E-3	1,66552472E-6	
-109,10000000E-3	1,52333067E-6	
-108,70000000E-3	1,44706255E-6	
-108,10000000E-3	1,39508686E-6	
-107,50000000E-3	1,31421799E-6	
-106,90000000E-3	1,23916682E-6	
-106,10000000E-3	948,37602668E-9	
-105,50000000E-3	739,95062833E-9	
-104,60000000E-3	550,11796141E-9	
-104,30000000E-3	376,50587162E-9	
-103,80000000E-3	183,73411460E-9	
-103,20000000E-3	-39,62973116E-9	
-102,40000000E-3	-137,75824193E-9	
-101,70000000E-3	-88,35908440E-9	
-101,20000000E-3	-114,54652675E-9	
-100,60000000E-3	-196,26022125E-9	
-100,10000000E-3	-234,60503272E-9	
-99,40000000E-3	-368,08943509E-9	
-98,70000000E-3	-458,15950593E-9	
-98,10000000E-3	-465,03005261E-9	
-97,50000000E-3	-511,34201476E-9	
-96,90000000E-3	-646,06262227E-9	
-96,30000000E-3	-738,98235023E-9	
-95,60000000E-3	-717,88034255E-9	
-94,90000000E-3	-638,17703189E-9	
-94,30000000E-3	-594,15423814E-9	
-93,80000000E-3	-577,79961997E-9	
-93,30000000E-3	-688,66791083E-9	
-92,50000000E-3	-718,90560114E-9	
-91,80000000E-3	-592,68662503E-9	
-91,20000000E-3	-590,96966242E-9	
-90,60000000E-3	-514,26513095E-9	
-90,10000000E-3	-382,48603891E-9	
-89,50000000E-3	-224,44182549E-9	
-88,90000000E-3	-39,22542462E-9	
-88,00000000E-3	107,59465269E-9	
-87,50000000E-3	249,07326047E-9	
-86,90000000E-3	400,17520796E-9	
-86,40000000E-3	661,50430284E-9	
-85,80000000E-3	969,74114142E-9	
-85,10000000E-3	1,22975650E-6	
-84,40000000E-3	1,46380985E-6	
-83,70000000E-3	1,68508569E-6	
-83,20000000E-3	2,05165083E-6	
-82,60000000E-3	2,55355754E-6	
-81,90000000E-3	3,02719633E-6	
-81,20000000E-3	3,44034451E-6	
-80,60000000E-3	3,79398305E-6	
-80,10000000E-3	4,07576355E-6	
-79,50000000E-3	4,41745908E-6	
-79,00000000E-3	4,82108946E-6	
-78,20000000E-3	5,13932317E-6	
-77,40000000E-3	5,47572480E-6	
-76,90000000E-3	5,94965881E-6	
-76,40000000E-3	6,45117415E-6	
-75,80000000E-3	6,86376375E-6	
-75,00000000E-3	7,16066973E-6	
-74,40000000E-3	7,40055076E-6	
-73,80000000E-3	7,71947333E-6	
-73,20000000E-3	8,04709576E-6	
-72,60000000E-3	8,35374042E-6	
-72,00000000E-3	8,66280954E-6	
-71,50000000E-3	8,89869618E-6	
-70,70000000E-3	9,09762759E-6	
-70,10000000E-3	9,16877182E-6	
-69,50000000E-3	9,11515055E-6	
-68,90000000E-3	8,91505188E-6	
-68,30000000E-3	8,81650431E-6	
-67,50000000E-3	8,77094065E-6	
-66,90000000E-3	8,66078480E-6	
-66,30000000E-3	8,33017012E-6	
-65,80000000E-3	7,92062075E-6	
-65,20000000E-3	7,54365102E-6	
-64,50000000E-3	7,20019062E-6	
-63,70000000E-3	6,81899596E-6	
-63,20000000E-3	6,48719623E-6	
-62,60000000E-3	6,10703729E-6	
-62,10000000E-3	5,63395239E-6	
-61,50000000E-3	5,12725092E-6	
-60,80000000E-3	4,62340900E-6	
-60,00000000E-3	4,14289674E-6	
-59,50000000E-3	3,65869258E-6	
-59,00000000E-3	3,09598554E-6	
-58,40000000E-3	2,42052502E-6	
-57,70000000E-3	1,86692503E-6	
-57,00000000E-3	1,25598538E-6	
-56,40000000E-3	679,53027541E-9	
-55,80000000E-3	65,90439603E-9	
-55,20000000E-3	-552,80055546E-9	
-54,80000000E-3	-1,11070775E-6	
-54,10000000E-3	-1,73622397E-6	
-53,20000000E-3	-2,36268690E-6	
-52,60000000E-3	-3,03975935E-6	
-52,10000000E-3	-3,56055557E-6	
-51,70000000E-3	-4,04763288E-6	
-51,00000000E-3	-4,53408407E-6	
-50,30000000E-3	-5,10918845E-6	
-49,70000000E-3	-5,70121790E-6	
-49,20000000E-3	-6,30610907E-6	
-48,70000000E-3	-6,68625663E-6	
-47,90000000E-3	-6,93136553E-6	
-47,20000000E-3	-7,29638246E-6	
-46,50000000E-3	-7,75168356E-6	
-46,10000000E-3	-7,96466758E-6	
-45,50000000E-3	-8,22477615E-6	
-45,00000000E-3	-8,52862397E-6	
-44,20000000E-3	-8,73451231E-6	
-43,60000000E-3	-8,83492553E-6	
-43,00000000E-3	-8,95250253E-6	
-42,40000000E-3	-9,09437230E-6	
-41,80000000E-3	-9,21789310E-6	
-41,10000000E-3	-9,34829660E-6	
-40,40000000E-3	-9,42730821E-6	
-39,80000000E-3	-9,38436827E-6	
-39,30000000E-3	-9,37813005E-6	
-38,70000000E-3	-9,30777865E-6	
-38,10000000E-3	-9,22388856E-6	
-37,50000000E-3	-9,14693194E-6	
-36,70000000E-3	-9,09390782E-6	
-36,10000000E-3	-9,11525380E-6	
-35,50000000E-3	-8,99676022E-6	
-34,90000000E-3	-8,80522349E-6	
-34,50000000E-3	-8,67647673E-6	
-33,70000000E-3	-8,46399123E-6	
-32,90000000E-3	-8,32640280E-6	
-32,30000000E-3	-8,23913097E-6	
-31,90000000E-3	-8,08881455E-6	
-31,30000000E-3	-7,90745892E-6	
-30,50000000E-3	-7,74921431E-6	
-29,90000000E-3	-7,56854321E-6	
-29,30000000E-3	-7,41453734E-6	
-28,70000000E-3	-7,26819123E-6	
-28,20000000E-3	-7,12680179E-6	
-27,60000000E-3	-7,01970149E-6	
-26,90000000E-3	-6,78503695E-6	
-26,10000000E-3	-6,64245026E-6	
-25,60000000E-3	-6,68296489E-6	
-25,00000000E-3	-6,66473964E-6	
-24,40000000E-3	-6,48548366E-6	
-23,80000000E-3	-6,36161871E-6	
-23,10000000E-3	-6,28345451E-6	
-22,40000000E-3	-6,00356359E-6	
-21,80000000E-3	-5,86403985E-6	
-21,30000000E-3	-5,79712457E-6	
-20,70000000E-3	-5,70759622E-6	
-20,10000000E-3	-5,62650265E-6	
-19,30000000E-3	-5,61286643E-6	
-18,70000000E-3	-5,63224383E-6	
-18,10000000E-3	-5,56343878E-6	
-17,50000000E-3	-5,49263461E-6	
-16,90000000E-3	-5,55463933E-6	
-16,30000000E-3	-5,58201971E-6	
-15,50000000E-3	-5,50819019E-6	
-14,90000000E-3	-5,47880103E-6	
-14,30000000E-3	-5,44856823E-6	
-13,80000000E-3	-5,35730095E-6	
-13,30000000E-3	-5,33360287E-6	
-12,50000000E-3	-5,31832819E-6	
-11,80000000E-3	-5,28481187E-6	
-11,20000000E-3	-5,24238712E-6	
-10,60000000E-3	-5,26792342E-6	
-10,10000000E-3	-5,36236739E-6	
-9,50000000E-3	-5,45529273E-6	
-8,70000000E-3	-5,44221869E-6	
-8,10000000E-3	-5,43058018E-6	
-7,50000000E-3	-5,41997413E-6	
-7,00000000E-3	-5,51383702E-6	
-6,40000000E-3	-5,38763575E-6	
-5,80000000E-3	-5,34251926E-6	
-5,00000000E-3	-5,35961114E-6	
-4,40000000E-3	-5,33104242E-6	
-3,80000000E-3	-5,40344810E-6	
-3,20000000E-3	-5,43756064E-6	
-2,60000000E-3	-5,40154482E-6	
-1,70000000E-3	-5,40574942E-6	
-1,10000000E-3	-5,42522114E-6	
-500,00000000E-6	-5,47932804E-6	
100,00000000E-6	-5,55110524E-6	
300,00000000E-6	-5,53036962E-6	
1,20000000E-3	-5,40666172E-6	
2,10000000E-3	-5,32551051E-6	
2,50000000E-3	-5,28029824E-6	
2,90000000E-3	-5,29056578E-6	
3,50000000E-3	-5,23415218E-6	
4,10000000E-3	-5,12289251E-6	
4,80000000E-3	-5,15743916E-6	
5,60000000E-3	-5,13526374E-6	
6,20000000E-3	-5,02658724E-6	
6,80000000E-3	-4,93062052E-6	
7,30000000E-3	-4,92494483E-6	
7,90000000E-3	-4,86666680E-6	
8,50000000E-3	-4,85948399E-6	
9,40000000E-3	-4,93816463E-6	
10,00000000E-3	-4,98641371E-6	
10,50000000E-3	-5,01561289E-6	
11,10000000E-3	-5,00332764E-6	
11,60000000E-3	-4,95766718E-6	
12,20000000E-3	-4,91257000E-6	
13,10000000E-3	-4,90431914E-6	
13,60000000E-3	-4,89155741E-6	
14,20000000E-3	-4,85650185E-6	
14,80000000E-3	-4,76974285E-6	
15,40000000E-3	-4,77441336E-6	
16,00000000E-3	-4,94447734E-6	
16,70000000E-3	-5,13664138E-6	
17,40000000E-3	-5,24964992E-6	
18,00000000E-3	-5,29401125E-6	
18,60000000E-3	-5,25380440E-6	
19,20000000E-3	-5,24073193E-6	
19,90000000E-3	-5,32446989E-6	
20,50000000E-3	-5,44341986E-6	
21,10000000E-3	-5,52755437E-6	
21,70000000E-3	-5,73127273E-6	
22,30000000E-3	-5,78249563E-6	
23,10000000E-3	-5,85204315E-6	
23,70000000E-3	-5,85418351E-6	
24,30000000E-3	-6,01911492E-6	
24,90000000E-3	-6,23686526E-6	
25,40000000E-3	-6,34940746E-6	
26,00000000E-3	-6,47208746E-6	
26,80000000E-3	-6,63290033E-6	
27,20000000E-3	-6,68727535E-6	
28,00000000E-3	-6,82057020E-6	
28,60000000E-3	-6,94123669E-6	
29,20000000E-3	-7,14528539E-6	
29,80000000E-3	-7,35731177E-6	
30,30000000E-3	-7,65451704E-6	
31,20000000E-3	-7,87261985E-6	
31,70000000E-3	-8,07214269E-6	
32,10000000E-3	-8,39028966E-6	
32,70000000E-3	-8,64756689E-6	
33,40000000E-3	-8,74952252E-6	
34,00000000E-3	-8,87940699E-6	
34,60000000E-3	-9,01852066E-6	
35,20000000E-3	-9,12756027E-6	
35,80000000E-3	-9,40839654E-6	
36,40000000E-3	-9,53450004E-6	
37,10000000E-3	-9,62917924E-6	
37,80000000E-3	-9,81445950E-6	
38,40000000E-3	-9,90086395E-6	
38,90000000E-3	-9,91938125E-6	
39,50000000E-3	-9,97083631E-6	
40,10000000E-3	-10,07512544E-6	
40,90000000E-3	-10,15880219E-6	
41,50000000E-3	-10,03989090E-6	
42,10000000E-3	-9,96885153E-6	
42,70000000E-3	-9,84631267E-6	
43,30000000E-3	-9,71100877E-6	
43,80000000E-3	-9,69292213E-6	
44,60000000E-3	-9,69038942E-6	
45,20000000E-3	-9,69318520E-6	
45,80000000E-3	-9,69991075E-6	
46,40000000E-3	-9,53640161E-6	
47,00000000E-3	-9,29723315E-6	
47,50000000E-3	-9,13806910E-6	
48,10000000E-3	-8,93988136E-6	
49,00000000E-3	-8,66334564E-6	
49,60000000E-3	-8,36183354E-6	
50,10000000E-3	-7,99592213E-6	
50,70000000E-3	-7,61448206E-6	
51,30000000E-3	-7,34434233E-6	
51,90000000E-3	-6,95276451E-6	
52,70000000E-3	-6,45629976E-6	
53,30000000E-3	-5,89541314E-6	
53,80000000E-3	-5,38526344E-6	
54,40000000E-3	-4,90047010E-6	
55,10000000E-3	-4,51051619E-6	
55,70000000E-3	-4,09025640E-6	
56,50000000E-3	-3,57239114E-6	
57,10000000E-3	-2,91501722E-6	
57,10000000E-3	-2,20476553E-6	
58,20000000E-3	-1,53279070E-6	
58,80000000E-3	-844,57370248E-9	
59,40000000E-3	-250,21135056E-9	
60,00000000E-3	447,65178336E-9	
60,60000000E-3	1,06311901E-6	
61,10000000E-3	1,79632359E-6	
61,90000000E-3	2,41701015E-6	
62,60000000E-3	2,89645971E-6	
63,20000000E-3	3,26181439E-6	
63,70000000E-3	3,71541028E-6	
64,30000000E-3	4,30072918E-6	
64,90000000E-3	4,76813422E-6	
65,60000000E-3	5,16741649E-6	
66,30000000E-3	5,61092090E-6	
66,90000000E-3	6,07829404E-6	
67,40000000E-3	6,41007708E-6	
68,00000000E-3	6,67811092E-6	
68,60000000E-3	6,96934674E-6	
69,30000000E-3	7,33657590E-6	
70,00000000E-3	7,49903041E-6	
70,60000000E-3	7,52546265E-6	
71,20000000E-3	7,50845651E-6	
71,80000000E-3	7,62913520E-6	
72,40000000E-3	7,64894977E-6	
73,20000000E-3	7,66810535E-6	
73,80000000E-3	7,57104212E-6	
74,30000000E-3	7,40596982E-6	
75,00000000E-3	7,20152124E-6	
75,50000000E-3	7,04795716E-6	
76,10000000E-3	6,92675222E-6	
76,90000000E-3	6,84911777E-6	
77,50000000E-3	6,70130566E-6	
78,10000000E-3	6,56207682E-6	
78,70000000E-3	6,33637995E-6	
79,30000000E-3	6,12134377E-6	
79,90000000E-3	5,87887518E-6	
80,50000000E-3	5,64181652E-6	
81,30000000E-3	5,27214504E-6	
81,80000000E-3	4,96129781E-6	
82,40000000E-3	4,71727969E-6	
83,00000000E-3	4,44839347E-6	
83,50000000E-3	4,14634890E-6	
84,20000000E-3	3,80446819E-6	
84,70000000E-3	3,49143954E-6	
85,60000000E-3	3,14954731E-6	
86,20000000E-3	2,87161842E-6	
86,80000000E-3	2,59185781E-6	
87,30000000E-3	2,29989963E-6	
87,90000000E-3	2,02045533E-6	
88,50000000E-3	1,91485930E-6	
89,10000000E-3	1,72319903E-6	
89,90000000E-3	1,49712645E-6	
90,50000000E-3	1,31155149E-6	
91,00000000E-3	1,17398433E-6	
91,60000000E-3	1,10816350E-6	
92,20000000E-3	1,07275281E-6	
92,80000000E-3	983,84396504E-9	
93,70000000E-3	857,39065155E-9	
94,20000000E-3	711,02812912E-9	
94,80000000E-3	637,99560199E-9	
95,40000000E-3	635,20903936E-9	
96,00000000E-3	543,50696997E-9	
96,60000000E-3	400,66727242E-9	
96,80000000E-3	430,72151242E-9	
97,90000000E-3	396,12245547E-9	
98,50000000E-3	295,25361347E-9	
99,10000000E-3	406,03385416E-9	
99,60000000E-3	602,12444187E-9	
100,20000000E-3	701,45927485E-9	
100,80000000E-3	756,19158472E-9	
101,50000000E-3	877,86656358E-9	
102,30000000E-3	893,24642373E-9	
102,60000000E-3	1,01270231E-6	
103,60000000E-3	1,15199302E-6	
104,10000000E-3	1,25691181E-6	
104,60000000E-3	1,30378221E-6	
105,20000000E-3	1,25928440E-6	
105,50000000E-3	1,21288657E-6	
106,50000000E-3	1,24458533E-6	
107,10000000E-3	1,25764201E-6	
107,60000000E-3	1,37070094E-6	
108,30000000E-3	1,41550478E-6	
109,00000000E-3	1,44348808E-6	
109,70000000E-3	1,60824440E-6	
110,20000000E-3	1,81194240E-6	
110,90000000E-3	1,93864535E-6	
111,40000000E-3	1,95299512E-6	
112,00000000E-3	2,03882785E-6	
112,80000000E-3	2,13909486E-6	
113,40000000E-3	2,22947884E-6	
114,00000000E-3	2,34435137E-6	
114,60000000E-3	2,34672507E-6	
115,10000000E-3	2,37208226E-6	
115,70000000E-3	2,42637636E-6	
116,60000000E-3	2,50224974E-6	
117,10000000E-3	2,52607865E-6	
117,70000000E-3	2,41834806E-6	
118,30000000E-3	2,37519286E-6	
118,80000000E-3	2,35021100E-6	
119,70000000E-3	2,32522394E-6	
120,30000000E-3	2,29601691E-6	
120,90000000E-3	2,36800967E-6	
121,40000000E-3	2,39679169E-6	
122,00000000E-3	2,46334677E-6	
122,60000000E-3	2,46111994E-6	
123,40000000E-3	2,54369447E-6	
124,00000000E-3	2,52684625E-6	
124,60000000E-3	2,35691141E-6	
125,10000000E-3	2,22429308E-6	
125,80000000E-3	2,22811132E-6	
126,40000000E-3	2,29417267E-6	
126,90000000E-3	2,30814781E-6	
127,80000000E-3	2,34972985E-6	
128,40000000E-3	2,33590803E-6	
129,00000000E-3	2,28925626E-6	
129,50000000E-3	2,25646538E-6	
130,10000000E-3	2,08751951E-6	
130,70000000E-3	2,06082541E-6	
131,40000000E-3	2,02756777E-6	
132,10000000E-3	1,91441148E-6	
132,70000000E-3	1,94980417E-6	
133,30000000E-3	1,90188010E-6	
133,80000000E-3	1,70389297E-6	
134,40000000E-3	1,55908514E-6	
135,10000000E-3	1,53929882E-6	
135,50000000E-3	1,56009041E-6	
136,00000000E-3	1,64615860E-6	
136,90000000E-3	1,63823150E-6	
137,20000000E-3	1,89149494E-6	
138,10000000E-3	2,09249951E-6	
138,70000000E-3	2,12432463E-6	
139,30000000E-3	1,97613818E-6	
140,10000000E-3	1,76761295E-6	
140,70000000E-3	1,62467006E-6	
140,90000000E-3	1,59459914E-6	
141,80000000E-3	1,56301363E-6	
142,40000000E-3	1,40710144E-6	
143,00000000E-3	1,21637450E-6	
143,60000000E-3	1,08619978E-6	
144,10000000E-3	961,15946090E-9	
145,00000000E-3	897,50443346E-9	
145,50000000E-3	700,38651354E-9	
146,20000000E-3	507,07463376E-9	
146,70000000E-3	388,65312625E-9	
147,30000000E-3	309,76287325E-9	
147,90000000E-3	203,90290989E-9	
148,80000000E-3	87,06043337E-9	
149,30000000E-3	51,29868378E-9	
149,90000000E-3	-70,24883389E-9	
150,40000000E-3	-185,61106988E-9	
151,00000000E-3	-263,98177657E-9	
151,60000000E-3	-283,34263520E-9	
152,20000000E-3	-363,72889672E-9	
152,90000000E-3	-362,43804671E-9	
153,40000000E-3	-383,95584367E-9	
154,30000000E-3	-431,00852651E-9	
154,90000000E-3	-559,92122123E-9	
155,50000000E-3	-585,03929714E-9	
156,10000000E-3	-659,29617571E-9	
156,60000000E-3	-746,05674757E-9	
157,20000000E-3	-864,34242058E-9	
157,80000000E-3	-810,84698780E-9	
158,40000000E-3	-853,67195386E-9	
159,00000000E-3	-832,77794892E-9	
159,80000000E-3	-790,46921635E-9	
160,40000000E-3	-799,58033982E-9	
160,90000000E-3	-911,77448735E-9	
161,50000000E-3	-951,95069423E-9	
162,10000000E-3	-1,04112407E-6	
162,70000000E-3	-1,12744137E-6	
163,50000000E-3	-1,10763698E-6	
164,10000000E-3	-1,17131249E-6	
164,70000000E-3	-1,30573348E-6	
165,30000000E-3	-1,37778231E-6	
165,90000000E-3	-1,51500578E-6	
166,40000000E-3	-1,48775291E-6	
167,30000000E-3	-1,41233642E-6	
167,80000000E-3	-1,43560856E-6	
168,40000000E-3	-1,40570256E-6	
169,00000000E-3	-1,47097004E-6	
169,60000000E-3	-1,60300051E-6	
170,20000000E-3	-1,57814545E-6	
170,40000000E-3	-1,55038618E-6	
171,50000000E-3	-1,69544395E-6	
172,10000000E-3	-1,87350176E-6	
172,70000000E-3	-1,90358025E-6	
173,30000000E-3	-2,01404221E-6	
173,90000000E-3	-2,05924794E-6	
174,40000000E-3	-2,09947253E-6	
175,30000000E-3	-2,18886664E-6	
175,90000000E-3	-2,20857875E-6	
176,50000000E-3	-2,21323162E-6	
177,10000000E-3	-2,28999646E-6	
177,80000000E-3	-2,29985907E-6	
178,50000000E-3	-2,25673674E-6	
179,00000000E-3	-2,36712193E-6	
179,60000000E-3	-2,46997033E-6	
180,20000000E-3	-2,41551215E-6	
180,80000000E-3	-2,29932129E-6	
181,60000000E-3	-2,35844700E-6	
182,20000000E-3	-2,53109968E-6	
182,80000000E-3	-2,58762126E-6	
183,40000000E-3	-2,56337356E-6	
184,00000000E-3	-2,53679812E-6	
184,50000000E-3	-2,56229152E-6	
185,40000000E-3	-2,64412490E-6	
186,00000000E-3	-2,80923016E-6	
186,50000000E-3	-2,78045545E-6	
187,10000000E-3	-2,80568159E-6	
187,50000000E-3	-2,81337187E-6	
188,30000000E-3	-2,80718420E-6	
188,90000000E-3	-2,81730367E-6	
189,70000000E-3	-2,89808095E-6	
190,40000000E-3	-2,90322331E-6	
190,40000000E-3	-2,90358711E-6	
191,40000000E-3	-2,89223249E-6	
192,00000000E-3	-2,92656649E-6	
192,60000000E-3	-3,10689552E-6	
193,20000000E-3	-3,22540744E-6	
193,40000000E-3	-3,25220631E-6	
194,50000000E-3	-3,24193923E-6	
195,00000000E-3	-3,27218895E-6	
195,50000000E-3	-3,31767091E-6	
196,10000000E-3	-3,30334505E-6	
197,00000000E-3	-3,37217518E-6	
197,50000000E-3	-3,45983427E-6	
198,10000000E-3	-3,44124797E-6	
198,70000000E-3	-3,40735758E-6	
199,30000000E-3	-3,39379957E-6	
199,80000000E-3	-3,36142109E-6	
200,40000000E-3	-3,33801644E-6	
200,70000000E-3	-3,32923964E-6	
200,90000000E-3	-3,33635131E-6	
201,00000000E-3	-3,39096547E-6	
201,00000000E-3	-3,47993380E-6	
201,00000000E-3	-3,47970516E-6	
201,00000000E-3	-3,49631181E-6	
200,90000000E-3	-3,45180448E-6	
200,80000000E-3	-3,33181834E-6	
200,70000000E-3	-3,26499069E-6	
200,60000000E-3	-3,32326734E-6	
200,50000000E-3	-3,35214954E-6	
200,30000000E-3	-3,30557176E-6	
200,20000000E-3	-3,12886819E-6	
