-200,00000000E-3	1,41879308E-6	
-200,00000000E-3	1,30061633E-6	
-200,00000000E-3	1,29057153E-6	
-199,80000000E-3	1,23912867E-6	
-199,60000000E-3	1,20441830E-6	
-199,30000000E-3	1,21708848E-6	
-198,90000000E-3	1,17173166E-6	
-198,40000000E-3	1,25915726E-6	
-198,00000000E-3	1,42481294E-6	
-197,50000000E-3	1,45887333E-6	
-197,10000000E-3	1,40989228E-6	
-196,50000000E-3	1,41382111E-6	
-196,00000000E-3	1,51989309E-6	
-195,50000000E-3	1,58845998E-6	
-195,00000000E-3	1,59016908E-6	
-194,30000000E-3	1,56499868E-6	
-193,70000000E-3	1,45218144E-6	
-193,20000000E-3	1,43886241E-6	
-192,80000000E-3	1,50542034E-6	
-191,90000000E-3	1,52942332E-6	
-191,40000000E-3	1,60120173E-6	
-190,80000000E-3	1,71431294E-6	
-190,30000000E-3	1,75038434E-6	
-189,60000000E-3	1,71928099E-6	
-188,90000000E-3	1,63383757E-6	
-188,30000000E-3	1,67524751E-6	
-187,90000000E-3	1,78024231E-6	
-187,20000000E-3	1,82283777E-6	
-186,50000000E-3	1,85047218E-6	
-185,90000000E-3	1,82587583E-6	
-185,40000000E-3	1,88613864E-6	
-184,70000000E-3	1,91780235E-6	
-184,00000000E-3	1,89857684E-6	
-183,40000000E-3	1,99564710E-6	
-182,90000000E-3	2,11568274E-6	
-182,10000000E-3	2,11725281E-6	
-181,50000000E-3	2,08747050E-6	
-181,30000000E-3	2,09790940E-6	
-180,50000000E-3	2,12408348E-6	
-179,60000000E-3	2,15747973E-6	
-179,30000000E-3	2,18740291E-6	
-178,50000000E-3	2,28248420E-6	
-178,00000000E-3	2,34271504E-6	
-177,10000000E-3	2,38579445E-6	
-176,60000000E-3	2,35315673E-6	
-176,00000000E-3	2,38436996E-6	
-175,50000000E-3	2,40877652E-6	
-174,90000000E-3	2,39525701E-6	
-174,10000000E-3	2,46186626E-6	
-173,50000000E-3	2,55074711E-6	
-173,00000000E-3	2,65141421E-6	
-172,40000000E-3	2,79138125E-6	
-171,90000000E-3	2,83645404E-6	
-171,00000000E-3	2,79768105E-6	
-170,60000000E-3	2,80040310E-6	
-169,90000000E-3	2,80430257E-6	
-169,40000000E-3	2,76368684E-6	
-168,90000000E-3	2,80453839E-6	
-168,10000000E-3	2,80988044E-6	
-167,50000000E-3	2,83095103E-6	
-166,90000000E-3	2,90253355E-6	
-166,40000000E-3	2,95692038E-6	
-165,70000000E-3	3,00891286E-6	
-165,00000000E-3	2,96284359E-6	
-164,40000000E-3	2,86511091E-6	
-163,90000000E-3	2,91096910E-6	
-163,20000000E-3	2,96826951E-6	
-162,50000000E-3	3,04090825E-6	
-161,90000000E-3	3,11409001E-6	
-161,40000000E-3	3,17289435E-6	
-160,70000000E-3	3,32072059E-6	
-160,00000000E-3	3,38175773E-6	
-159,40000000E-3	3,34846034E-6	
-158,90000000E-3	3,34842523E-6	
-158,30000000E-3	3,48550032E-6	
-157,70000000E-3	3,60870550E-6	
-156,80000000E-3	3,56830637E-6	
-156,30000000E-3	3,59068316E-6	
-155,70000000E-3	3,70132401E-6	
-155,20000000E-3	3,75349635E-6	
-154,60000000E-3	3,82415487E-6	
-153,70000000E-3	3,83180555E-6	
-153,20000000E-3	3,74539920E-6	
-152,60000000E-3	3,70709938E-6	
-152,00000000E-3	3,77075789E-6	
-151,50000000E-3	3,87045963E-6	
-150,70000000E-3	4,07364489E-6	
-150,00000000E-3	4,16973076E-6	
-149,50000000E-3	4,19656305E-6	
-148,90000000E-3	4,21372343E-6	
-148,30000000E-3	4,28091692E-6	
-147,80000000E-3	4,27529282E-6	
-146,90000000E-3	4,30521869E-6	
-146,40000000E-3	4,42669483E-6	
-145,80000000E-3	4,53505429E-6	
-145,20000000E-3	4,59257857E-6	
-144,60000000E-3	4,69756671E-6	
-143,80000000E-3	4,79478898E-6	
-143,20000000E-3	4,80712557E-6	
-142,60000000E-3	4,87833849E-6	
-142,10000000E-3	4,98764904E-6	
-141,50000000E-3	5,13496986E-6	
-140,70000000E-3	5,27586941E-6	
-140,10000000E-3	5,32149156E-6	
-139,50000000E-3	5,24430844E-6	
-139,00000000E-3	5,20218346E-6	
-138,40000000E-3	5,26571824E-6	
-137,70000000E-3	5,29111710E-6	
-137,00000000E-3	5,42584461E-6	
-136,40000000E-3	5,53242952E-6	
-135,80000000E-3	5,57972139E-6	
-135,20000000E-3	5,69393020E-6	
-134,70000000E-3	5,82135567E-6	
-133,90000000E-3	5,83122493E-6	
-133,30000000E-3	5,87159012E-6	
-132,70000000E-3	5,94247429E-6	
-132,20000000E-3	5,96890021E-6	
-131,60000000E-3	5,96955975E-6	
-130,80000000E-3	6,03884271E-6	
-130,10000000E-3	6,19691163E-6	
-129,60000000E-3	6,21758462E-6	
-129,10000000E-3	6,28209625E-6	
-128,50000000E-3	6,30090548E-6	
-127,80000000E-3	6,27194417E-6	
-127,00000000E-3	6,28160517E-6	
-126,50000000E-3	6,30571951E-6	
-126,00000000E-3	6,30781029E-6	
-125,40000000E-3	6,29673224E-6	
-124,60000000E-3	6,24420625E-6	
-124,20000000E-3	6,18465406E-6	
-123,60000000E-3	6,22466153E-6	
-123,10000000E-3	6,30316672E-6	
-122,40000000E-3	6,27811597E-6	
-121,70000000E-3	6,18546260E-6	
-120,90000000E-3	6,07685964E-6	
-120,30000000E-3	6,05473152E-6	
-119,70000000E-3	6,04773386E-6	
-119,10000000E-3	6,07017568E-6	
-118,50000000E-3	6,06970659E-6	
-118,00000000E-3	6,05467090E-6	
-117,40000000E-3	6,04582392E-6	
-116,80000000E-3	5,99379320E-6	
-116,30000000E-3	5,89432830E-6	
-115,40000000E-3	5,77474883E-6	
-114,60000000E-3	5,69133843E-6	
-114,30000000E-3	5,61681294E-6	
-113,70000000E-3	5,58603378E-6	
-113,20000000E-3	5,54940810E-6	
-112,40000000E-3	5,48062235E-6	
-111,80000000E-3	5,39618534E-6	
-111,20000000E-3	5,25547320E-6	
-110,60000000E-3	5,08432372E-6	
-110,00000000E-3	4,97348173E-6	
-109,20000000E-3	4,85832666E-6	
-108,60000000E-3	4,75744987E-6	
-108,10000000E-3	4,70037001E-6	
-107,50000000E-3	4,65330902E-6	
-107,00000000E-3	4,54006302E-6	
-106,10000000E-3	4,41566256E-6	
-105,50000000E-3	4,30954067E-6	
-104,90000000E-3	4,19019289E-6	
-104,40000000E-3	4,16128527E-6	
-103,80000000E-3	4,14154020E-6	
-103,10000000E-3	3,99797322E-6	
-102,40000000E-3	3,86828053E-6	
-101,90000000E-3	3,73707435E-6	
-101,30000000E-3	3,57312708E-6	
-100,70000000E-3	3,51213281E-6	
-100,00000000E-3	3,41967311E-6	
-99,30000000E-3	3,30812037E-6	
-98,70000000E-3	3,28861623E-6	
-98,20000000E-3	3,32731058E-6	
-97,60000000E-3	3,31514112E-6	
-96,80000000E-3	3,26441891E-6	
-96,20000000E-3	3,28206327E-6	
-95,60000000E-3	3,27759464E-6	
-95,00000000E-3	3,30813858E-6	
-94,40000000E-3	3,50049747E-6	
-93,90000000E-3	3,51728701E-6	
-93,00000000E-3	3,41030487E-6	
-92,50000000E-3	3,35508882E-6	
-91,90000000E-3	3,38720443E-6	
-91,30000000E-3	3,32947384E-6	
-90,80000000E-3	3,42856084E-6	
-89,90000000E-3	3,59125486E-6	
-89,40000000E-3	3,73478419E-6	
-88,80000000E-3	3,93977450E-6	
-88,20000000E-3	4,06825804E-6	
-87,70000000E-3	4,14794466E-6	
-86,80000000E-3	4,30053808E-6	
-86,20000000E-3	4,57607126E-6	
-85,70000000E-3	4,94577045E-6	
-85,10000000E-3	5,27347969E-6	
-84,50000000E-3	5,46656758E-6	
-83,70000000E-3	5,68490571E-6	
-83,10000000E-3	5,93503810E-6	
-82,60000000E-3	6,20792903E-6	
-82,00000000E-3	6,51412027E-6	
-81,40000000E-3	6,96362384E-6	
-80,60000000E-3	7,34471604E-6	
-80,00000000E-3	7,63248712E-6	
-79,40000000E-3	7,94015362E-6	
-78,80000000E-3	8,24179854E-6	
-78,40000000E-3	8,42435999E-6	
-77,60000000E-3	8,72161412E-6	
-76,90000000E-3	9,10213629E-6	
-76,30000000E-3	9,48469740E-6	
-75,70000000E-3	9,73753185E-6	
-75,20000000E-3	10,07185765E-6	
-74,50000000E-3	10,37038927E-6	
-73,80000000E-3	10,56283955E-6	
-73,20000000E-3	10,88654418E-6	
-72,70000000E-3	11,21630489E-6	
-72,10000000E-3	11,43890171E-6	
-71,40000000E-3	11,60341138E-6	
-70,60000000E-3	11,73037032E-6	
-70,10000000E-3	11,75958509E-6	
-69,60000000E-3	11,62893482E-6	
-69,00000000E-3	11,48869665E-6	
-68,40000000E-3	11,40394501E-6	
-67,60000000E-3	11,26450068E-6	
-67,00000000E-3	11,12314516E-6	
-66,70000000E-3	10,97524599E-6	
-66,00000000E-3	10,72508175E-6	
-65,30000000E-3	10,50523383E-6	
-64,70000000E-3	10,24308506E-6	
-63,90000000E-3	9,92047471E-6	
-63,60000000E-3	9,54142108E-6	
-62,70000000E-3	9,12873267E-6	
-62,10000000E-3	8,79389801E-6	
-61,60000000E-3	8,44300310E-6	
-61,00000000E-3	8,05003361E-6	
-60,50000000E-3	7,59329423E-6	
-59,90000000E-3	7,07719127E-6	
-59,00000000E-3	6,59662000E-6	
-58,50000000E-3	6,07261632E-6	
-57,90000000E-3	5,53182078E-6	
-57,30000000E-3	5,05738455E-6	
-56,80000000E-3	4,54601918E-6	
-56,10000000E-3	3,96614091E-6	
-55,40000000E-3	3,39350391E-6	
-54,80000000E-3	2,79795837E-6	
-54,20000000E-3	2,27023396E-6	
-53,60000000E-3	1,69441444E-6	
-53,10000000E-3	1,09674842E-6	
-52,20000000E-3	524,75670524E-9	
-51,70000000E-3	99,38376292E-9	
-51,10000000E-3	-259,68738041E-9	
-50,50000000E-3	-683,63571143E-9	
-50,00000000E-3	-1,08156288E-6	
-49,10000000E-3	-1,38805178E-6	
-48,60000000E-3	-1,77813275E-6	
-48,00000000E-3	-2,15165486E-6	
-47,40000000E-3	-2,43904017E-6	
-46,80000000E-3	-2,70958711E-6	
-46,20000000E-3	-2,99333175E-6	
-45,40000000E-3	-3,22912370E-6	
-44,80000000E-3	-3,41581075E-6	
-44,30000000E-3	-3,57257474E-6	
-43,70000000E-3	-3,72876341E-6	
-43,10000000E-3	-3,78570321E-6	
-42,30000000E-3	-3,91445531E-6	
-41,70000000E-3	-4,09565484E-6	
-41,10000000E-3	-4,18322532E-6	
-40,60000000E-3	-4,30335595E-6	
-40,10000000E-3	-4,35894067E-6	
-39,20000000E-3	-4,39659017E-6	
-38,60000000E-3	-4,45620131E-6	
-38,00000000E-3	-4,45836673E-6	
-37,40000000E-3	-4,42394850E-6	
-36,80000000E-3	-4,34951949E-6	
-36,30000000E-3	-4,27159858E-6	
-35,50000000E-3	-4,19381879E-6	
-34,80000000E-3	-4,15071091E-6	
-34,30000000E-3	-4,11425511E-6	
-33,70000000E-3	-4,09501234E-6	
-33,10000000E-3	-4,00735302E-6	
-32,50000000E-3	-3,90755184E-6	
-31,70000000E-3	-3,80616624E-6	
-31,20000000E-3	-3,65439757E-6	
-30,60000000E-3	-3,46792009E-6	
-30,00000000E-3	-3,30241393E-6	
-29,40000000E-3	-3,22224675E-6	
-28,70000000E-3	-3,04996856E-6	
-28,00000000E-3	-2,78701486E-6	
-27,50000000E-3	-2,65387760E-6	
-26,90000000E-3	-2,57429444E-6	
-26,30000000E-3	-2,50590884E-6	
-25,70000000E-3	-2,37493614E-6	
-24,90000000E-3	-2,23015078E-6	
-24,30000000E-3	-2,14781365E-6	
-23,70000000E-3	-2,02776294E-6	
-23,20000000E-3	-1,94671964E-6	
-22,60000000E-3	-1,88316345E-6	
-21,80000000E-3	-1,73599247E-6	
-21,20000000E-3	-1,65442331E-6	
-20,60000000E-3	-1,53487241E-6	
-20,00000000E-3	-1,58449812E-6	
-19,50000000E-3	-1,55293673E-6	
-18,90000000E-3	-1,50707735E-6	
-18,00000000E-3	-1,43493214E-6	
-17,40000000E-3	-1,32633361E-6	
-16,90000000E-3	-1,26796467E-6	
-16,30000000E-3	-1,23390365E-6	
-15,70000000E-3	-1,22136656E-6	
-15,20000000E-3	-1,25204713E-6	
-14,30000000E-3	-1,22819615E-6	
-13,80000000E-3	-1,16381640E-6	
-13,50000000E-3	-1,13961298E-6	
-12,60000000E-3	-1,16496848E-6	
-12,10000000E-3	-1,23335671E-6	
-11,20000000E-3	-1,21012443E-6	
-10,90000000E-3	-1,23060419E-6	
-10,10000000E-3	-1,20276002E-6	
-9,80000000E-3	-1,21078557E-6	
-8,90000000E-3	-1,20706213E-6	
-8,40000000E-3	-1,17351719E-6	
-7,80000000E-3	-1,20959876E-6	
-7,20000000E-3	-1,21000279E-6	
-6,60000000E-3	-1,17516091E-6	
-5,90000000E-3	-1,12108574E-6	
-5,20000000E-3	-1,05906007E-6	
-4,70000000E-3	-1,01426288E-6	
-4,10000000E-3	-1,02554541E-6	
-3,50000000E-3	-1,09550514E-6	
-2,90000000E-3	-1,15802458E-6	
-2,00000000E-3	-1,17612932E-6	
-1,40000000E-3	-1,14558308E-6	
-800,00000000E-6	-1,16143748E-6	
-200,00000000E-6	-1,24810572E-6	
400,00000000E-6	-1,35218346E-6	
1,10000000E-3	-1,32842682E-6	
1,90000000E-3	-1,26647159E-6	
2,40000000E-3	-1,18731366E-6	
2,90000000E-3	-1,14955182E-6	
3,50000000E-3	-1,15233378E-6	
4,10000000E-3	-1,11550165E-6	
5,00000000E-3	-1,13841382E-6	
5,60000000E-3	-1,03420885E-6	
6,10000000E-3	-984,10668958E-9	
6,70000000E-3	-918,49929773E-9	
7,30000000E-3	-831,26119795E-9	
7,80000000E-3	-823,42104403E-9	
8,70000000E-3	-780,86339221E-9	
9,30000000E-3	-817,39898819E-9	
9,90000000E-3	-860,45969110E-9	
10,40000000E-3	-854,23963303E-9	
11,00000000E-3	-854,42945969E-9	
11,70000000E-3	-798,42479063E-9	
12,40000000E-3	-759,63361013E-9	
13,00000000E-3	-747,13575854E-9	
13,60000000E-3	-798,45704791E-9	
14,10000000E-3	-816,70283570E-9	
14,70000000E-3	-843,46667170E-9	
15,50000000E-3	-869,48438899E-9	
16,10000000E-3	-855,51233463E-9	
16,70000000E-3	-904,23280812E-9	
17,30000000E-3	-926,14370646E-9	
17,80000000E-3	-1,00360190E-6	
18,50000000E-3	-1,06925445E-6	
19,30000000E-3	-1,18954282E-6	
19,80000000E-3	-1,24617269E-6	
20,30000000E-3	-1,28118729E-6	
20,90000000E-3	-1,30635246E-6	
21,50000000E-3	-1,39856390E-6	
22,40000000E-3	-1,49485775E-6	
22,90000000E-3	-1,60215733E-6	
23,50000000E-3	-1,71170866E-6	
24,10000000E-3	-1,84048952E-6	
24,60000000E-3	-1,96602007E-6	
25,20000000E-3	-2,04927377E-6	
25,70000000E-3	-2,08902088E-6	
26,60000000E-3	-2,16700854E-6	
27,20000000E-3	-2,34724530E-6	
27,80000000E-3	-2,52191183E-6	
28,40000000E-3	-2,69346362E-6	
28,90000000E-3	-2,87471201E-6	
29,50000000E-3	-3,08265384E-6	
30,20000000E-3	-3,28565361E-6	
30,90000000E-3	-3,44699683E-6	
31,50000000E-3	-3,57644570E-6	
32,00000000E-3	-3,71905429E-6	
32,60000000E-3	-3,90028825E-6	
33,20000000E-3	-4,06988324E-6	
34,10000000E-3	-4,31617759E-6	
34,60000000E-3	-4,64732920E-6	
35,20000000E-3	-4,68768558E-6	
35,80000000E-3	-4,66446270E-6	
36,30000000E-3	-4,65627750E-6	
36,90000000E-3	-4,79490489E-6	
37,80000000E-3	-4,94005181E-6	
38,30000000E-3	-5,06097395E-6	
38,90000000E-3	-5,16849892E-6	
39,50000000E-3	-5,21579209E-6	
40,10000000E-3	-5,21752493E-6	
40,80000000E-3	-5,21472210E-6	
41,50000000E-3	-5,21472866E-6	
42,00000000E-3	-5,19249403E-6	
42,60000000E-3	-5,19202281E-6	
43,20000000E-3	-5,18750398E-6	
43,80000000E-3	-5,13201903E-6	
44,70000000E-3	-5,02740416E-6	
45,20000000E-3	-4,98101855E-6	
45,80000000E-3	-4,87057038E-6	
46,40000000E-3	-4,69537863E-6	
46,90000000E-3	-4,48523231E-6	
47,60000000E-3	-4,31932817E-6	
48,30000000E-3	-4,11575116E-6	
48,90000000E-3	-3,88563402E-6	
49,50000000E-3	-3,67267570E-6	
50,10000000E-3	-3,40250939E-6	
50,60000000E-3	-3,06666647E-6	
51,40000000E-3	-2,69511301E-6	
52,00000000E-3	-2,32410662E-6	
52,60000000E-3	-1,93990967E-6	
53,20000000E-3	-1,53176982E-6	
53,70000000E-3	-1,08806127E-6	
54,60000000E-3	-651,39231039E-9	
54,90000000E-3	-198,15654631E-9	
55,70000000E-3	299,13384804E-9	
56,50000000E-3	854,01736211E-9	
56,80000000E-3	1,36825420E-6	
57,70000000E-3	1,83900176E-6	
58,00000000E-3	2,33260400E-6	
58,60000000E-3	2,88826782E-6	
59,40000000E-3	3,50051934E-6	
59,90000000E-3	4,10372927E-6	
60,50000000E-3	4,64315902E-6	
61,30000000E-3	5,16646991E-6	
61,90000000E-3	5,68948644E-6	
62,50000000E-3	6,20221389E-6	
63,10000000E-3	6,69478661E-6	
63,60000000E-3	7,19748554E-6	
64,50000000E-3	7,58104327E-6	
65,00000000E-3	7,95729518E-6	
65,60000000E-3	8,46958483E-6	
66,20000000E-3	8,99449144E-6	
66,70000000E-3	9,32386335E-6	
67,40000000E-3	9,61219393E-6	
68,10000000E-3	9,82009685E-6	
68,70000000E-3	10,06740850E-6	
69,30000000E-3	10,32668942E-6	
69,90000000E-3	10,54941409E-6	
70,40000000E-3	10,66855557E-6	
71,30000000E-3	10,73855278E-6	
71,90000000E-3	10,81607433E-6	
72,40000000E-3	10,82479513E-6	
73,00000000E-3	10,83662590E-6	
73,50000000E-3	10,72296660E-6	
74,30000000E-3	10,61666001E-6	
75,00000000E-3	10,50523805E-6	
75,50000000E-3	10,37746182E-6	
75,80000000E-3	10,28364709E-6	
76,90000000E-3	10,20994980E-6	
77,10000000E-3	9,98454180E-6	
77,80000000E-3	9,83645363E-6	
78,70000000E-3	9,70129323E-6	
79,20000000E-3	9,51145239E-6	
79,90000000E-3	9,25929687E-6	
80,40000000E-3	9,03879294E-6	
81,00000000E-3	8,80191863E-6	
81,80000000E-3	8,56857711E-6	
82,40000000E-3	8,33336932E-6	
83,00000000E-3	8,05463142E-6	
83,50000000E-3	7,74803332E-6	
84,10000000E-3	7,49083392E-6	
84,80000000E-3	7,25627853E-6	
85,50000000E-3	7,03852296E-6	
86,10000000E-3	6,74462369E-6	
86,70000000E-3	6,51130981E-6	
87,30000000E-3	6,27498798E-6	
87,80000000E-3	6,09572593E-6	
88,70000000E-3	5,89580189E-6	
89,20000000E-3	5,72774329E-6	
89,80000000E-3	5,64026699E-6	
90,40000000E-3	5,55754653E-6	
90,90000000E-3	5,44344148E-6	
91,70000000E-3	5,23104803E-6	
92,30000000E-3	5,13282336E-6	
92,90000000E-3	5,14457217E-6	
93,50000000E-3	5,08065506E-6	
94,10000000E-3	4,97720704E-6	
94,70000000E-3	4,86416332E-6	
95,50000000E-3	4,80397438E-6	
96,10000000E-3	4,79487310E-6	
96,70000000E-3	4,76871007E-6	
97,20000000E-3	4,77749459E-6	
97,80000000E-3	4,77512883E-6	
98,40000000E-3	4,73997627E-6	
99,20000000E-3	4,73199203E-6	
99,80000000E-3	4,76839654E-6	
100,40000000E-3	4,73430675E-6	
100,90000000E-3	4,76476131E-6	
101,50000000E-3	4,90001862E-6	
102,20000000E-3	5,02536716E-6	
103,00000000E-3	5,06158978E-6	
103,50000000E-3	5,05041525E-6	
104,10000000E-3	5,08814797E-6	
104,40000000E-3	5,09439739E-6	
105,20000000E-3	5,10138291E-6	
106,10000000E-3	5,08234033E-6	
106,40000000E-3	5,16721428E-6	
106,90000000E-3	5,23327243E-6	
107,60000000E-3	5,27135121E-6	
108,20000000E-3	5,32628657E-6	
109,10000000E-3	5,48887451E-6	
109,70000000E-3	5,56790116E-6	
110,20000000E-3	5,63832888E-6	
110,80000000E-3	5,58370967E-6	
111,40000000E-3	5,61985295E-6	
112,20000000E-3	5,64454659E-6	
112,80000000E-3	5,64107140E-6	
113,10000000E-3	5,71982649E-6	
113,50000000E-3	5,81795506E-6	
114,70000000E-3	5,87270933E-6	
114,90000000E-3	5,95241652E-6	
115,80000000E-3	6,00672919E-6	
116,30000000E-3	6,03564247E-6	
116,90000000E-3	6,03887855E-6	
117,50000000E-3	6,01325284E-6	
118,30000000E-3	5,93116984E-6	
118,90000000E-3	5,87637600E-6	
119,50000000E-3	5,90206840E-6	
120,00000000E-3	5,85642406E-6	
120,60000000E-3	5,83028628E-6	
121,30000000E-3	5,89399280E-6	
122,00000000E-3	6,00563701E-6	
122,60000000E-3	5,99680585E-6	
123,20000000E-3	5,98594226E-6	
123,80000000E-3	5,96711582E-6	
124,30000000E-3	5,98620753E-6	
124,80000000E-3	5,96859099E-6	
125,70000000E-3	5,96728674E-6	
126,20000000E-3	5,93976845E-6	
126,90000000E-3	5,85672883E-6	
127,40000000E-3	5,89630268E-6	
128,00000000E-3	5,88064387E-6	
128,60000000E-3	5,78545536E-6	
129,40000000E-3	5,76086362E-6	
129,90000000E-3	5,75315786E-6	
130,50000000E-3	5,68364511E-6	
131,10000000E-3	5,65904543E-6	
131,60000000E-3	5,65886033E-6	
132,50000000E-3	5,60176048E-6	
133,10000000E-3	5,49314391E-6	
133,70000000E-3	5,42042605E-6	
134,20000000E-3	5,38800401E-6	
134,80000000E-3	5,35372643E-6	
135,50000000E-3	5,25979501E-6	
136,20000000E-3	5,20405201E-6	
136,80000000E-3	5,19312852E-6	
137,30000000E-3	5,13592692E-6	
137,90000000E-3	5,00980675E-6	
138,50000000E-3	5,01349990E-6	
139,20000000E-3	5,02842381E-6	
140,00000000E-3	5,07565101E-6	
140,60000000E-3	5,04450996E-6	
141,20000000E-3	4,94250461E-6	
141,70000000E-3	4,76066408E-6	
142,30000000E-3	4,59403420E-6	
142,90000000E-3	4,55331991E-6	
143,70000000E-3	4,55295914E-6	
144,30000000E-3	4,46212432E-6	
144,90000000E-3	4,41775934E-6	
145,50000000E-3	4,29249084E-6	
146,00000000E-3	4,18006112E-6	
146,60000000E-3	4,11152704E-6	
147,20000000E-3	4,07886629E-6	
147,80000000E-3	4,00313199E-6	
148,60000000E-3	3,88961808E-6	
149,20000000E-3	3,84077705E-6	
149,90000000E-3	3,87631716E-6	
150,60000000E-3	3,80565632E-6	
151,20000000E-3	3,68856696E-6	
151,50000000E-3	3,61876010E-6	
152,10000000E-3	3,49051668E-6	
152,80000000E-3	3,44000912E-6	
153,40000000E-3	3,46196142E-6	
154,30000000E-3	3,42044017E-6	
154,60000000E-3	3,36092996E-6	
155,20000000E-3	3,37418037E-6	
156,00000000E-3	3,32058052E-6	
156,60000000E-3	3,14199105E-6	
157,20000000E-3	2,94380338E-6	
157,80000000E-3	2,85894766E-6	
158,30000000E-3	2,85608067E-6	
158,90000000E-3	2,80942264E-6	
159,70000000E-3	2,86951258E-6	
160,30000000E-3	2,81472201E-6	
160,90000000E-3	2,68214905E-6	
161,40000000E-3	2,69571277E-6	
162,00000000E-3	2,75668007E-6	
162,70000000E-3	2,73338882E-6	
163,50000000E-3	2,70916659E-6	
164,00000000E-3	2,60099263E-6	
164,60000000E-3	2,54290526E-6	
165,10000000E-3	2,47361206E-6	
165,70000000E-3	2,51313719E-6	
166,50000000E-3	2,52784024E-6	
167,10000000E-3	2,49158012E-6	
167,70000000E-3	2,38855137E-6	
168,30000000E-3	2,36766658E-6	
168,50000000E-3	2,39453422E-6	
169,70000000E-3	2,33032747E-6	
170,40000000E-3	2,30872696E-6	
170,90000000E-3	2,25141856E-6	
171,50000000E-3	2,25597229E-6	
172,00000000E-3	2,18618244E-6	
172,60000000E-3	2,11662782E-6	
173,50000000E-3	2,05226965E-6	
174,00000000E-3	1,99946367E-6	
174,60000000E-3	2,02833254E-6	
175,20000000E-3	2,07467674E-6	
175,70000000E-3	2,04637768E-6	
176,60000000E-3	2,02655329E-6	
176,60000000E-3	2,01306023E-6	
177,70000000E-3	2,01192989E-6	
178,20000000E-3	1,94032957E-6	
178,80000000E-3	1,83894784E-6	
179,40000000E-3	1,74210941E-6	
180,20000000E-3	1,67489347E-6	
180,20000000E-3	1,74584563E-6	
181,60000000E-3	1,74487748E-6	
182,20000000E-3	1,66833105E-6	
182,50000000E-3	1,62390424E-6	
183,00000000E-3	1,66831571E-6	
183,90000000E-3	1,73361961E-6	
184,50000000E-3	1,73855913E-6	
185,30000000E-3	1,66775006E-6	
185,60000000E-3	1,57880770E-6	
186,40000000E-3	1,57367757E-6	
186,70000000E-3	1,54615272E-6	
187,60000000E-3	1,50496722E-6	
188,20000000E-3	1,53565875E-6	
188,70000000E-3	1,58218215E-6	
189,30000000E-3	1,58016299E-6	
189,90000000E-3	1,46514938E-6	
190,80000000E-3	1,31679206E-6	
191,30000000E-3	1,25897348E-6	
191,90000000E-3	1,25475787E-6	
192,50000000E-3	1,28175679E-6	
193,30000000E-3	1,30758480E-6	
193,90000000E-3	1,31890126E-6	
194,50000000E-3	1,30385287E-6	
195,00000000E-3	1,21612464E-6	
195,60000000E-3	1,13192857E-6	
196,30000000E-3	1,04987937E-6	
197,00000000E-3	1,05689750E-6	
197,50000000E-3	1,03037103E-6	
198,10000000E-3	1,00166373E-6	
198,70000000E-3	922,63524360E-9	
199,30000000E-3	815,15894343E-9	
200,00000000E-3	731,50526580E-9	
