-200,00000000E-3	-2,32143861E-6	
-200,00000000E-3	-2,36367004E-6	
-199,90000000E-3	-2,34611249E-6	
-199,80000000E-3	-2,31329226E-6	
-199,40000000E-3	-2,30960666E-6	
-199,10000000E-3	-2,35516069E-6	
-198,80000000E-3	-2,41288360E-6	
-198,20000000E-3	-2,36612697E-6	
-197,80000000E-3	-2,26557848E-6	
-197,30000000E-3	-2,24340586E-6	
-196,90000000E-3	-2,11550672E-6	
-196,40000000E-3	-2,04329018E-6	
-195,80000000E-3	-2,00839362E-6	
-195,10000000E-3	-1,97208142E-6	
-194,60000000E-3	-2,11914392E-6	
-194,10000000E-3	-2,17980667E-6	
-193,60000000E-3	-2,08874455E-6	
-193,00000000E-3	-1,93330098E-6	
-192,30000000E-3	-1,79892592E-6	
-191,70000000E-3	-1,78304093E-6	
-191,10000000E-3	-1,82700848E-6	
-190,50000000E-3	-1,89589170E-6	
-189,90000000E-3	-1,83813354E-6	
-189,40000000E-3	-1,66345604E-6	
-188,60000000E-3	-1,60684499E-6	
-188,00000000E-3	-1,55767810E-6	
-187,40000000E-3	-1,59693256E-6	
-186,80000000E-3	-1,56556142E-6	
-186,30000000E-3	-1,58208266E-6	
-185,70000000E-3	-1,55959483E-6	
-184,90000000E-3	-1,48023207E-6	
-184,30000000E-3	-1,46417677E-6	
-184,10000000E-3	-1,47574337E-6	
-183,30000000E-3	-1,45774847E-6	
-182,60000000E-3	-1,37544127E-6	
-181,90000000E-3	-1,32156114E-6	
-181,20000000E-3	-1,39667539E-6	
-180,60000000E-3	-1,43554588E-6	
-180,00000000E-3	-1,50802017E-6	
-179,80000000E-3	-1,22927066E-6	
-178,90000000E-3	-619,69151998E-9	
-178,30000000E-3	-289,01303943E-9	
-177,80000000E-3	-179,57894743E-9	
-177,00000000E-3	-258,56392645E-9	
-176,40000000E-3	-365,80911024E-9	
-175,90000000E-3	-445,16134191E-9	
-175,20000000E-3	-336,06958528E-9	
-174,30000000E-3	-212,33985425E-9	
-174,00000000E-3	-269,52842090E-9	
-173,50000000E-3	-241,49012092E-9	
-172,90000000E-3	-196,00440672E-9	
-172,10000000E-3	-306,80965292E-9	
-171,50000000E-3	-403,55170688E-9	
-170,90000000E-3	-419,55203055E-9	
-170,30000000E-3	-447,90386080E-9	
-169,80000000E-3	-476,67399757E-9	
-169,20000000E-3	-553,03908953E-9	
-168,30000000E-3	-676,24539249E-9	
-167,80000000E-3	-756,51361516E-9	
-167,20000000E-3	-766,80194023E-9	
-166,70000000E-3	-838,63646154E-9	
-166,10000000E-3	-925,71880836E-9	
-165,40000000E-3	-851,88707755E-9	
-164,70000000E-3	-854,44272421E-9	
-164,10000000E-3	-772,91370520E-9	
-163,60000000E-3	-611,66598243E-9	
-163,00000000E-3	-534,17364738E-9	
-162,40000000E-3	-398,55861560E-9	
-161,60000000E-3	-319,45285348E-9	
-161,00000000E-3	-479,04369743E-9	
-160,40000000E-3	-501,64183943E-9	
-159,80000000E-3	-386,47302640E-9	
-159,20000000E-3	-240,50566299E-9	
-158,50000000E-3	-161,12427551E-9	
-157,80000000E-3	-76,39869714E-9	
-157,30000000E-3	-82,50237581E-9	
-156,70000000E-3	-37,87343117E-9	
-156,10000000E-3	-70,35506607E-9	
-155,50000000E-3	-48,45860945E-9	
-154,70000000E-3	-8,72722294E-9	
-154,10000000E-3	-49,80616124E-9	
-153,50000000E-3	-55,82993288E-9	
-152,90000000E-3	2,83779830E-9	
-152,30000000E-3	96,56345257E-9	
-151,70000000E-3	226,64040689E-9	
-150,90000000E-3	404,24646461E-9	
-150,30000000E-3	482,43907349E-9	
-149,70000000E-3	527,49361439E-9	
-149,10000000E-3	617,42486057E-9	
-148,60000000E-3	518,65386265E-9	
-148,10000000E-3	395,71286912E-9	
-147,40000000E-3	517,88711597E-9	
-146,60000000E-3	647,23808069E-9	
-146,00000000E-3	710,80264606E-9	
-145,50000000E-3	876,94631157E-9	
-144,90000000E-3	1,00140350E-6	
-144,30000000E-3	1,02437621E-6	
-143,70000000E-3	1,22418370E-6	
-142,80000000E-3	1,32605361E-6	
-142,30000000E-3	1,35776915E-6	
-141,70000000E-3	1,39867129E-6	
-141,10000000E-3	1,52696956E-6	
-140,60000000E-3	1,71282865E-6	
-140,00000000E-3	1,83547181E-6	
-139,30000000E-3	1,86779209E-6	
-138,60000000E-3	1,85106117E-6	
-138,00000000E-3	1,80696943E-6	
-137,40000000E-3	1,88985256E-6	
-136,80000000E-3	2,08281836E-6	
-136,10000000E-3	2,10407036E-6	
-135,40000000E-3	2,17001681E-6	
-134,80000000E-3	2,33678743E-6	
-134,20000000E-3	2,40508476E-6	
-133,70000000E-3	2,31724668E-6	
-133,10000000E-3	2,32289489E-6	
-132,30000000E-3	2,35256075E-6	
-131,70000000E-3	2,41025771E-6	
-131,10000000E-3	2,54101804E-6	
-130,60000000E-3	2,76142985E-6	
-130,00000000E-3	2,94199433E-6	
-129,30000000E-3	2,92397156E-6	
-128,60000000E-3	2,96736493E-6	
-128,10000000E-3	2,95833468E-6	
-127,70000000E-3	2,89308544E-6	
-126,90000000E-3	2,96736426E-6	
-126,30000000E-3	2,92467249E-6	
-125,50000000E-3	2,91715820E-6	
-124,90000000E-3	3,04813095E-6	
-124,60000000E-3	3,02437744E-6	
-123,80000000E-3	2,98691063E-6	
-123,20000000E-3	2,88331550E-6	
-122,60000000E-3	2,76812112E-6	
-122,00000000E-3	2,70716464E-6	
-121,50000000E-3	2,72253268E-6	
-120,80000000E-3	2,65625838E-6	
-120,30000000E-3	2,61052008E-6	
-119,70000000E-3	2,64566403E-6	
-119,00000000E-3	2,64593111E-6	
-118,30000000E-3	2,46481653E-6	
-117,70000000E-3	2,29348247E-6	
-117,10000000E-3	2,21224683E-6	
-116,60000000E-3	2,23070606E-6	
-115,90000000E-3	2,32102098E-6	
-115,30000000E-3	2,28093963E-6	
-114,50000000E-3	2,13209365E-6	
-114,00000000E-3	1,95345395E-6	
-113,40000000E-3	1,79922733E-6	
-112,80000000E-3	1,78977291E-6	
-112,30000000E-3	1,77165099E-6	
-111,40000000E-3	1,67625503E-6	
-110,80000000E-3	1,49845735E-6	
-110,20000000E-3	1,30072070E-6	
-109,70000000E-3	1,15292546E-6	
-109,10000000E-3	1,08816670E-6	
-108,50000000E-3	1,00951962E-6	
-107,60000000E-3	1,03418544E-6	
-107,00000000E-3	917,54403549E-9	
-106,50000000E-3	791,64633287E-9	
-105,90000000E-3	630,85294635E-9	
-105,30000000E-3	500,27074535E-9	
-104,70000000E-3	451,01639172E-9	
-104,20000000E-3	258,81520892E-9	
-103,40000000E-3	79,49296975E-9	
-102,80000000E-3	22,39453494E-9	
-102,20000000E-3	-121,34683288E-9	
-101,60000000E-3	-322,59149976E-9	
-101,00000000E-3	-482,91236406E-9	
-100,40000000E-3	-538,64304075E-9	
-99,60000000E-3	-671,56962387E-9	
-99,10000000E-3	-794,12380572E-9	
-98,50000000E-3	-785,23960298E-9	
-97,90000000E-3	-732,35510879E-9	
-97,30000000E-3	-662,17621744E-9	
-96,70000000E-3	-602,34972367E-9	
-96,00000000E-3	-627,29008834E-9	
-95,30000000E-3	-653,37257830E-9	
-94,70000000E-3	-688,99355527E-9	
-94,20000000E-3	-642,94080000E-9	
-93,50000000E-3	-621,42334254E-9	
-93,00000000E-3	-591,85177630E-9	
-92,30000000E-3	-578,04884882E-9	
-91,50000000E-3	-673,21152953E-9	
-91,00000000E-3	-682,58938840E-9	
-90,40000000E-3	-554,06624319E-9	
-89,80000000E-3	-374,96912870E-9	
-89,20000000E-3	-169,05494043E-9	
-88,60000000E-3	41,73357925E-9	
-87,90000000E-3	162,46036346E-9	
-87,20000000E-3	351,56831021E-9	
-86,70000000E-3	615,56383056E-9	
-86,10000000E-3	789,87905602E-9	
-85,50000000E-3	1,01842783E-6	
-84,90000000E-3	1,25594002E-6	
-84,20000000E-3	1,57280681E-6	
-83,40000000E-3	1,90167864E-6	
-82,90000000E-3	2,35986674E-6	
-82,40000000E-3	2,71674272E-6	
-81,80000000E-3	2,98574389E-6	
-81,20000000E-3	3,31188974E-6	
-80,40000000E-3	3,68296669E-6	
-79,70000000E-3	4,10857310E-6	
-79,10000000E-3	4,36686374E-6	
-78,50000000E-3	4,75364945E-6	
-78,00000000E-3	5,20320488E-6	
-77,50000000E-3	5,59361027E-6	
-76,60000000E-3	5,91818772E-6	
-76,00000000E-3	6,41681426E-6	
-75,40000000E-3	6,84825510E-6	
-74,80000000E-3	7,09464907E-6	
-74,30000000E-3	7,43523131E-6	
-73,70000000E-3	7,77837696E-6	
-72,80000000E-3	8,15607714E-6	
-72,20000000E-3	8,53804607E-6	
-71,70000000E-3	8,82747571E-6	
-71,10000000E-3	8,97839824E-6	
-70,80000000E-3	8,98505821E-6	
-70,20000000E-3	8,89677315E-6	
-69,30000000E-3	8,82411092E-6	
-68,50000000E-3	8,69045629E-6	
-68,20000000E-3	8,53228088E-6	
-67,60000000E-3	8,36250114E-6	
-67,00000000E-3	8,12867461E-6	
-66,20000000E-3	7,86039751E-6	
-65,60000000E-3	7,62026104E-6	
-65,00000000E-3	7,44121386E-6	
-64,40000000E-3	7,17400695E-6	
-63,80000000E-3	6,95840108E-6	
-63,30000000E-3	6,56866797E-6	
-62,70000000E-3	6,08749210E-6	
-62,00000000E-3	5,55726912E-6	
-61,30000000E-3	5,01713036E-6	
-60,70000000E-3	4,63289790E-6	
-60,10000000E-3	4,10567793E-6	
-59,60000000E-3	3,54361971E-6	
-59,00000000E-3	3,00228359E-6	
-58,30000000E-3	2,37607600E-6	
-57,50000000E-3	1,78324919E-6	
-56,90000000E-3	1,17419207E-6	
-56,40000000E-3	454,00501213E-9	
-55,90000000E-3	-154,00645782E-9	
-55,20000000E-3	-585,86769351E-9	
-54,60000000E-3	-1,18225737E-6	
-53,90000000E-3	-1,93214647E-6	
-53,20000000E-3	-2,73699370E-6	
-52,70000000E-3	-3,37860788E-6	
-52,10000000E-3	-3,85575181E-6	
-51,50000000E-3	-4,31932567E-6	
-50,90000000E-3	-4,84054968E-6	
-50,20000000E-3	-5,30586207E-6	
-49,50000000E-3	-5,71077746E-6	
-48,90000000E-3	-6,22821131E-6	
-48,30000000E-3	-6,63069013E-6	
-47,70000000E-3	-6,97861830E-6	
-47,10000000E-3	-7,28469735E-6	
-46,40000000E-3	-7,61463798E-6	
-45,70000000E-3	-7,90022350E-6	
-45,20000000E-3	-8,21979172E-6	
-44,60000000E-3	-8,43651375E-6	
-44,00000000E-3	-8,59174343E-6	
-43,40000000E-3	-8,84631742E-6	
-42,60000000E-3	-9,11920161E-6	
-42,00000000E-3	-9,21872058E-6	
-41,40000000E-3	-9,32144574E-6	
-40,90000000E-3	-9,43192896E-6	
-40,30000000E-3	-9,53423992E-6	
-39,70000000E-3	-9,59524820E-6	
-38,80000000E-3	-9,58227035E-6	
-38,30000000E-3	-9,48713133E-6	
-37,70000000E-3	-9,26208042E-6	
-37,10000000E-3	-9,13851064E-6	
-36,50000000E-3	-9,16883861E-6	
-36,00000000E-3	-9,16797914E-6	
-35,40000000E-3	-9,02540677E-6	
-34,50000000E-3	-9,02648601E-6	
-33,90000000E-3	-9,03282401E-6	
-33,40000000E-3	-8,90303400E-6	
-32,80000000E-3	-8,73736106E-6	
-32,20000000E-3	-8,48840149E-6	
-31,60000000E-3	-8,34609252E-6	
-30,80000000E-3	-8,10866088E-6	
-30,20000000E-3	-7,87417571E-6	
-29,60000000E-3	-7,66371551E-6	
-29,10000000E-3	-7,50266576E-6	
-28,50000000E-3	-7,43300177E-6	
-27,90000000E-3	-7,34779051E-6	
-27,00000000E-3	-7,22298667E-6	
-26,40000000E-3	-7,17448644E-6	
-25,90000000E-3	-7,04040319E-6	
-25,30000000E-3	-6,73249116E-6	
-24,70000000E-3	-6,48498238E-6	
-24,10000000E-3	-6,30375578E-6	
-23,30000000E-3	-6,16857543E-6	
-22,70000000E-3	-6,18806503E-6	
-22,20000000E-3	-6,15960006E-6	
-21,60000000E-3	-6,11207818E-6	
-21,00000000E-3	-5,96365594E-6	
-20,30000000E-3	-5,85683511E-6	
-19,60000000E-3	-5,87053059E-6	
-19,00000000E-3	-5,86491974E-6	
-18,40000000E-3	-5,78165239E-6	
-18,10000000E-3	-5,67943759E-6	
-17,20000000E-3	-5,65619106E-6	
-16,60000000E-3	-5,57874061E-6	
-16,10000000E-3	-5,50303663E-6	
-15,30000000E-3	-5,48734273E-6	
-14,70000000E-3	-5,46365915E-6	
-14,10000000E-3	-5,40517734E-6	
-13,50000000E-3	-5,36492729E-6	
-13,00000000E-3	-5,46683001E-6	
-12,40000000E-3	-5,55282115E-6	
-11,80000000E-3	-5,52334561E-6	
-11,20000000E-3	-5,49223953E-6	
-10,70000000E-3	-5,49833363E-6	
-9,80000000E-3	-5,57746238E-6	
-9,20000000E-3	-5,60121763E-6	
-8,40000000E-3	-5,51818945E-6	
-8,10000000E-3	-5,54821688E-6	
-7,50000000E-3	-5,57431514E-6	
-7,00000000E-3	-5,58333744E-6	
-6,10000000E-3	-5,66503723E-6	
-5,50000000E-3	-5,69681861E-6	
-4,90000000E-3	-5,66355624E-6	
-4,30000000E-3	-5,65453828E-6	
-3,80000000E-3	-5,72904210E-6	
-3,20000000E-3	-5,77918882E-6	
-2,40000000E-3	-5,73754507E-6	
-1,70000000E-3	-5,68893738E-6	
-1,00000000E-3	-5,70526168E-6	
-500,00000000E-6	-5,71766820E-6	
100,00000000E-6	-5,72858717E-6	
700,00000000E-6	-5,76760320E-6	
1,50000000E-3	-5,77629414E-6	
2,10000000E-3	-5,75088733E-6	
2,70000000E-3	-5,62834400E-6	
3,30000000E-3	-5,53698515E-6	
3,90000000E-3	-5,47711785E-6	
4,50000000E-3	-5,35687526E-6	
5,10000000E-3	-5,29894354E-6	
5,90000000E-3	-5,22056801E-6	
6,50000000E-3	-5,16625992E-6	
7,10000000E-3	-5,23415486E-6	
7,70000000E-3	-5,25903061E-6	
8,20000000E-3	-5,21335650E-6	
8,80000000E-3	-5,24706975E-6	
9,60000000E-3	-5,24739304E-6	
10,20000000E-3	-5,30089230E-6	
10,80000000E-3	-5,28677240E-6	
11,40000000E-3	-5,24398356E-6	
11,90000000E-3	-5,19157804E-6	
12,60000000E-3	-5,11094966E-6	
13,10000000E-3	-5,03004010E-6	
13,90000000E-3	-5,05115717E-6	
14,50000000E-3	-5,13020597E-6	
15,10000000E-3	-5,18413519E-6	
15,60000000E-3	-5,25006817E-6	
16,20000000E-3	-5,22205115E-6	
16,80000000E-3	-5,22037027E-6	
17,70000000E-3	-5,34785122E-6	
18,30000000E-3	-5,48347283E-6	
18,80000000E-3	-5,38066650E-6	
19,40000000E-3	-5,42506014E-6	
19,90000000E-3	-5,51480763E-6	
20,50000000E-3	-5,47137807E-6	
21,40000000E-3	-5,46724056E-6	
22,00000000E-3	-5,58470915E-6	
22,50000000E-3	-5,71914653E-6	
23,10000000E-3	-5,81519865E-6	
23,70000000E-3	-5,92289384E-6	
24,30000000E-3	-6,08115755E-6	
25,00000000E-3	-6,23556733E-6	
25,80000000E-3	-6,33930504E-6	
25,80000000E-3	-6,56065067E-6	
26,80000000E-3	-6,73799698E-6	
27,40000000E-3	-6,90861234E-6	
28,00000000E-3	-7,14751451E-6	
28,60000000E-3	-7,39064542E-6	
29,40000000E-3	-7,62873613E-6	
30,00000000E-3	-7,77605033E-6	
30,50000000E-3	-8,01522392E-6	
31,10000000E-3	-8,21596995E-6	
31,70000000E-3	-8,38756862E-6	
32,30000000E-3	-8,50388149E-6	
33,10000000E-3	-8,67578601E-6	
33,70000000E-3	-8,91486043E-6	
34,30000000E-3	-9,01137215E-6	
34,90000000E-3	-9,17602488E-6	
35,40000000E-3	-9,40387780E-6	
36,00000000E-3	-9,55442331E-6	
36,80000000E-3	-9,61293202E-6	
37,40000000E-3	-9,73258338E-6	
38,00000000E-3	-9,81165380E-6	
38,60000000E-3	-9,91577789E-6	
39,10000000E-3	-10,07065162E-6	
39,70000000E-3	-10,16654376E-6	
40,50000000E-3	-10,11188507E-6	
41,10000000E-3	-10,02740813E-6	
41,70000000E-3	-9,95239484E-6	
42,30000000E-3	-9,91335341E-6	
42,90000000E-3	-9,87328166E-6	
43,50000000E-3	-9,74223661E-6	
44,20000000E-3	-9,73896674E-6	
44,80000000E-3	-9,77970211E-6	
45,40000000E-3	-9,80713297E-6	
46,00000000E-3	-9,77332466E-6	
46,70000000E-3	-9,58361161E-6	
47,30000000E-3	-9,37047787E-6	
47,80000000E-3	-9,05769836E-6	
48,50000000E-3	-8,75876534E-6	
49,20000000E-3	-8,42870489E-6	
49,80000000E-3	-8,01695706E-6	
50,40000000E-3	-7,68171725E-6	
51,00000000E-3	-7,30154911E-6	
51,50000000E-3	-6,93956106E-6	
52,20000000E-3	-6,60152803E-6	
53,00000000E-3	-6,14536801E-6	
53,60000000E-3	-5,69790810E-6	
54,20000000E-3	-5,15060626E-6	
54,70000000E-3	-4,69720510E-6	
55,30000000E-3	-4,18398382E-6	
55,80000000E-3	-3,74775090E-6	
56,70000000E-3	-3,22436775E-6	
57,30000000E-3	-2,54904722E-6	
57,90000000E-3	-1,85902600E-6	
58,40000000E-3	-1,19337446E-6	
59,00000000E-3	-575,26060308E-9	
59,60000000E-3	35,11274352E-9	
60,20000000E-3	612,40044268E-9	
60,80000000E-3	1,15153433E-6	
61,40000000E-3	1,66925771E-6	
62,20000000E-3	2,26115512E-6	
62,80000000E-3	2,76663900E-6	
63,40000000E-3	3,23736835E-6	
63,90000000E-3	3,70124917E-6	
64,50000000E-3	4,15505031E-6	
65,10000000E-3	4,65982812E-6	
65,80000000E-3	5,23907002E-6	
66,50000000E-3	5,70042316E-6	
67,10000000E-3	6,17602902E-6	
67,70000000E-3	6,51677481E-6	
68,30000000E-3	6,86167805E-6	
68,80000000E-3	7,09075195E-6	
69,50000000E-3	7,24296831E-6	
70,20000000E-3	7,38681907E-6	
70,80000000E-3	7,47991194E-6	
71,40000000E-3	7,57275322E-6	
72,00000000E-3	7,54970471E-6	
72,60000000E-3	7,38884169E-6	
73,20000000E-3	7,29251643E-6	
74,10000000E-3	7,18082389E-6	
74,60000000E-3	7,11590891E-6	
75,00000000E-3	6,99292508E-6	
75,50000000E-3	6,93103184E-6	
76,20000000E-3	6,85836283E-6	
77,10000000E-3	6,68177594E-6	
77,70000000E-3	6,52328917E-6	
78,30000000E-3	6,23147430E-6	
78,90000000E-3	5,97361646E-6	
79,40000000E-3	5,69165225E-6	
80,00000000E-3	5,47951741E-6	
80,90000000E-3	5,26536053E-6	
81,50000000E-3	5,06955390E-6	
82,00000000E-3	4,75428369E-6	
82,30000000E-3	4,44837329E-6	
83,20000000E-3	4,11165906E-6	
83,80000000E-3	3,83664233E-6	
84,40000000E-3	3,57294215E-6	
85,00000000E-3	3,30337841E-6	
85,60000000E-3	2,92886918E-6	
86,20000000E-3	2,57592173E-6	
86,90000000E-3	2,31841678E-6	
87,50000000E-3	2,07689099E-6	
88,20000000E-3	1,85549322E-6	
88,90000000E-3	1,64982149E-6	
89,50000000E-3	1,49344506E-6	
90,20000000E-3	1,38562089E-6	
90,80000000E-3	1,18379840E-6	
91,30000000E-3	1,08556285E-6	
91,90000000E-3	1,11499252E-6	
92,60000000E-3	1,09840499E-6	
93,20000000E-3	963,52975559E-9	
93,80000000E-3	945,71428707E-9	
94,40000000E-3	839,32056412E-9	
95,00000000E-3	725,28191431E-9	
95,60000000E-3	635,49024270E-9	
96,20000000E-3	611,12636042E-9	
96,80000000E-3	623,77663510E-9	
97,40000000E-3	537,98171196E-9	
98,00000000E-3	608,28065023E-9	
98,80000000E-3	702,98498651E-9	
99,50000000E-3	716,51908400E-9	
100,20000000E-3	706,31084507E-9	
100,70000000E-3	726,40228102E-9	
101,30000000E-3	886,23556647E-9	
101,90000000E-3	903,94852455E-9	
102,60000000E-3	919,67633922E-9	
103,10000000E-3	1,04328414E-6	
103,80000000E-3	1,15332512E-6	
103,80000000E-3	1,07319235E-6	
104,90000000E-3	1,13511515E-6	
105,50000000E-3	1,24397488E-6	
106,20000000E-3	1,32477099E-6	
106,90000000E-3	1,32109909E-6	
107,50000000E-3	1,38188641E-6	
108,10000000E-3	1,45175842E-6	
108,70000000E-3	1,59004024E-6	
109,30000000E-3	1,56475373E-6	
109,90000000E-3	1,59180363E-6	
110,50000000E-3	1,75726916E-6	
111,10000000E-3	1,78943994E-6	
111,70000000E-3	1,91458756E-6	
112,30000000E-3	2,06636163E-6	
113,00000000E-3	2,14092471E-6	
113,50000000E-3	2,12981502E-6	
114,30000000E-3	2,21576678E-6	
114,90000000E-3	2,18317179E-6	
115,40000000E-3	2,12217201E-6	
116,10000000E-3	2,19074535E-6	
116,70000000E-3	2,21905093E-6	
117,20000000E-3	2,30838004E-6	
117,60000000E-3	2,37325593E-6	
118,10000000E-3	2,35283340E-6	
119,10000000E-3	2,33544150E-6	
119,80000000E-3	2,35043235E-6	
120,40000000E-3	2,38527489E-6	
121,00000000E-3	2,38703130E-6	
121,60000000E-3	2,36102228E-6	
122,20000000E-3	2,24826093E-6	
122,80000000E-3	2,12693914E-6	
123,40000000E-3	2,03624701E-6	
124,20000000E-3	2,00139436E-6	
124,70000000E-3	2,13677600E-6	
125,40000000E-3	2,35573084E-6	
126,00000000E-3	2,48519638E-6	
126,60000000E-3	2,62413315E-6	
127,10000000E-3	2,66626787E-6	
127,70000000E-3	2,64510063E-6	
128,40000000E-3	2,53416928E-6	
128,90000000E-3	2,52774799E-6	
129,50000000E-3	2,52475913E-6	
130,20000000E-3	2,48050201E-6	
130,80000000E-3	2,41239403E-6	
131,70000000E-3	2,31668701E-6	
132,00000000E-3	2,26778365E-6	
132,60000000E-3	2,21106553E-6	
133,20000000E-3	2,14354078E-6	
133,80000000E-3	2,01213992E-6	
134,40000000E-3	1,93525855E-6	
135,20000000E-3	2,02340517E-6	
135,90000000E-3	2,00800051E-6	
136,50000000E-3	1,90908312E-6	
137,10000000E-3	1,85399166E-6	
137,70000000E-3	1,76677038E-6	
138,30000000E-3	1,64435914E-6	
138,90000000E-3	1,60750828E-6	
139,60000000E-3	1,68986207E-6	
140,10000000E-3	1,69376498E-6	
140,70000000E-3	1,56618701E-6	
141,40000000E-3	1,52624719E-6	
141,90000000E-3	1,45282807E-6	
142,50000000E-3	1,39680967E-6	
143,10000000E-3	1,27575906E-6	
143,80000000E-3	1,05638304E-6	
144,30000000E-3	926,93538703E-9	
144,90000000E-3	832,22203614E-9	
145,70000000E-3	715,99206358E-9	
146,40000000E-3	665,60600127E-9	
147,10000000E-3	615,45623394E-9	
147,70000000E-3	470,95199843E-9	
148,20000000E-3	263,29484514E-9	
148,90000000E-3	267,73771023E-9	
149,50000000E-3	196,07611534E-9	
150,00000000E-3	164,23807539E-9	
150,60000000E-3	117,80872334E-9	
151,20000000E-3	78,90621934E-9	
151,80000000E-3	-7,42781677E-9	
152,20000000E-3	-77,89983238E-9	
153,20000000E-3	-253,13483291E-9	
153,90000000E-3	-346,79273048E-9	
154,50000000E-3	-501,98495176E-9	
155,20000000E-3	-715,96552516E-9	
155,80000000E-3	-900,99243381E-9	
156,40000000E-3	-1,04538150E-6	
156,70000000E-3	-1,05645671E-6	
157,50000000E-3	-1,00778560E-6	
158,10000000E-3	-1,03658152E-6	
158,40000000E-3	-1,07679504E-6	
159,30000000E-3	-1,00882479E-6	
159,90000000E-3	-928,76826692E-9	
160,60000000E-3	-973,79009988E-9	
161,20000000E-3	-1,04015351E-6	
161,80000000E-3	-1,01781647E-6	
162,40000000E-3	-1,02973401E-6	
163,10000000E-3	-1,02484858E-6	
163,70000000E-3	-1,07824273E-6	
164,30000000E-3	-1,14078652E-6	
164,90000000E-3	-1,15163600E-6	
165,50000000E-3	-1,23167796E-6	
166,10000000E-3	-1,30354591E-6	
166,80000000E-3	-1,29773822E-6	
167,40000000E-3	-1,29460173E-6	
168,20000000E-3	-1,32531343E-6	
168,80000000E-3	-1,26824035E-6	
169,40000000E-3	-1,30144268E-6	
169,40000000E-3	-1,42220659E-6	
170,60000000E-3	-1,53836374E-6	
171,10000000E-3	-1,60966563E-6	
171,80000000E-3	-1,61955507E-6	
172,40000000E-3	-1,61298456E-6	
172,90000000E-3	-1,67464616E-6	
173,60000000E-3	-1,72598973E-6	
174,20000000E-3	-1,67251883E-6	
174,80000000E-3	-1,80254030E-6	
175,40000000E-3	-1,90992152E-6	
176,00000000E-3	-2,01426012E-6	
176,60000000E-3	-1,98168911E-6	
177,20000000E-3	-1,94755094E-6	
177,90000000E-3	-1,97148920E-6	
178,10000000E-3	-1,96826041E-6	
179,10000000E-3	-2,08203794E-6	
179,70000000E-3	-2,09375787E-6	
180,40000000E-3	-2,00192254E-6	
180,90000000E-3	-1,99363001E-6	
181,60000000E-3	-2,07545476E-6	
182,20000000E-3	-2,13044788E-6	
182,40000000E-3	-2,16103736E-6	
183,50000000E-3	-2,19890361E-6	
184,20000000E-3	-2,20982043E-6	
184,90000000E-3	-2,33429693E-6	
185,50000000E-3	-2,45384030E-6	
185,50000000E-3	-2,44654846E-6	
186,70000000E-3	-2,34726247E-6	
187,30000000E-3	-2,26247076E-6	
187,80000000E-3	-2,34836205E-6	
188,50000000E-3	-2,42781953E-6	
189,10000000E-3	-2,43063914E-6	
189,70000000E-3	-2,49320812E-6	
190,30000000E-3	-2,51961738E-6	
191,00000000E-3	-2,46056558E-6	
191,60000000E-3	-2,51174952E-6	
192,20000000E-3	-2,63362203E-6	
192,80000000E-3	-2,68588489E-6	
193,50000000E-3	-2,79831344E-6	
194,10000000E-3	-2,85579590E-6	
194,70000000E-3	-2,92802861E-6	
195,30000000E-3	-2,92494511E-6	
195,90000000E-3	-2,87020603E-6	
196,50000000E-3	-2,83462478E-6	
197,10000000E-3	-2,96718911E-6	
197,70000000E-3	-3,00076232E-6	
198,30000000E-3	-3,11463347E-6	
198,90000000E-3	-3,14259018E-6	
199,50000000E-3	-3,14024907E-6	
