-1,00000000E+0	-158,81616303E-6	
-1,00000000E+0	-159,01887316E-6	
-1,00000000E+0	-158,62865665E-6	
-999,80000000E-3	-158,88901780E-6	
-998,90000000E-3	-159,06598978E-6	
-998,00000000E-3	-158,90578947E-6	
-997,00000000E-3	-158,61835684E-6	
-996,00000000E-3	-158,25278933E-6	
-994,70000000E-3	-157,85876790E-6	
-993,40000000E-3	-156,69957458E-6	
-992,20000000E-3	-156,00277342E-6	
-990,70000000E-3	-155,42672678E-6	
-989,40000000E-3	-154,24477937E-6	
-987,90000000E-3	-153,47005563E-6	
-985,70000000E-3	-152,76766099E-6	
-984,00000000E-3	-152,06298384E-6	
-982,40000000E-3	-151,08855544E-6	
-980,80000000E-3	-150,51251629E-6	
-979,20000000E-3	-150,28568784E-6	
-977,50000000E-3	-150,03243296E-6	
-975,90000000E-3	-149,53200986E-6	
-974,30000000E-3	-149,27680318E-6	
-972,70000000E-3	-148,98859318E-6	
-970,50000000E-3	-148,91182475E-6	
-968,50000000E-3	-148,99661597E-6	
-967,60000000E-3	-149,22193089E-6	
-965,90000000E-3	-150,01305820E-6	
-964,10000000E-3	-150,36332500E-6	
-961,70000000E-3	-150,50786148E-6	
-960,00000000E-3	-150,90678937E-6	
-958,30000000E-3	-151,44747645E-6	
-956,50000000E-3	-152,37240160E-6	
-954,90000000E-3	-152,80257604E-6	
-952,30000000E-3	-152,94619152E-6	
-950,70000000E-3	-153,32841736E-6	
-948,90000000E-3	-153,50755564E-6	
-947,10000000E-3	-153,68316370E-6	
-945,40000000E-3	-153,69324822E-6	
-943,80000000E-3	-153,61398113E-6	
-942,20000000E-3	-152,93401307E-6	
-940,50000000E-3	-152,52671129E-6	
-938,70000000E-3	-152,26558185E-6	
-936,90000000E-3	-151,92588492E-6	
-934,60000000E-3	-150,78327941E-6	
-932,80000000E-3	-149,86245336E-6	
-931,00000000E-3	-149,28037743E-6	
-929,30000000E-3	-148,14323534E-6	
-927,50000000E-3	-147,05934341E-6	
-925,80000000E-3	-145,50515249E-6	
-924,30000000E-3	-144,62049249E-6	
-922,60000000E-3	-143,69241836E-6	
-920,80000000E-3	-142,54002657E-6	
-918,70000000E-3	-141,42875487E-6	
-916,70000000E-3	-140,15057557E-6	
-914,90000000E-3	-139,30478513E-6	
-914,00000000E-3	-138,31357979E-6	
-911,80000000E-3	-137,66293834E-6	
-909,60000000E-3	-136,97180863E-6	
-907,90000000E-3	-136,59815528E-6	
-906,30000000E-3	-136,21618416E-6	
-904,60000000E-3	-136,53592431E-6	
-902,90000000E-3	-136,46367078E-6	
-900,40000000E-3	-136,76984365E-6	
-898,50000000E-3	-137,42955583E-6	
-896,90000000E-3	-138,01345507E-6	
-895,10000000E-3	-137,74529687E-6	
-893,40000000E-3	-137,97758240E-6	
-891,80000000E-3	-138,40759053E-6	
-889,20000000E-3	-138,82623060E-6	
-887,50000000E-3	-138,78504641E-6	
-885,80000000E-3	-139,09816708E-6	
-884,80000000E-3	-138,58030657E-6	
-882,40000000E-3	-138,05250172E-6	
-880,60000000E-3	-137,69345444E-6	
-879,00000000E-3	-136,92828819E-6	
-877,20000000E-3	-136,33649804E-6	
-875,60000000E-3	-135,38516088E-6	
-873,40000000E-3	-134,21502675E-6	
-871,20000000E-3	-133,69242385E-6	
-869,60000000E-3	-133,12246162E-6	
-867,90000000E-3	-132,32548966E-6	
-866,30000000E-3	-130,83268591E-6	
-864,50000000E-3	-129,87320236E-6	
-862,80000000E-3	-128,80827563E-6	
-861,10000000E-3	-127,93616219E-6	
-859,30000000E-3	-126,75774870E-6	
-857,50000000E-3	-125,81583614E-6	
-855,10000000E-3	-125,24642341E-6	
-854,20000000E-3	-124,88268472E-6	
-852,60000000E-3	-124,38623866E-6	
-850,80000000E-3	-124,32783939E-6	
-848,40000000E-3	-124,42165419E-6	
-846,50000000E-3	-124,38609530E-6	
-844,90000000E-3	-124,60200200E-6	
-843,00000000E-3	-124,77292774E-6	
-841,40000000E-3	-125,14431883E-6	
-839,70000000E-3	-125,94597408E-6	
-837,20000000E-3	-126,22837529E-6	
-835,50000000E-3	-126,38230630E-6	
-834,40000000E-3	-126,84566231E-6	
-832,90000000E-3	-126,67817966E-6	
-830,30000000E-3	-126,37726447E-6	
-828,50000000E-3	-126,28457474E-6	
-826,70000000E-3	-125,95316445E-6	
-825,10000000E-3	-125,22937786E-6	
-823,60000000E-3	-124,83174182E-6	
-821,30000000E-3	-123,87354337E-6	
-819,10000000E-3	-122,89240478E-6	
-817,60000000E-3	-122,07583511E-6	
-815,80000000E-3	-120,45174233E-6	
-814,10000000E-3	-119,15739136E-6	
-812,40000000E-3	-117,81584561E-6	
-810,60000000E-3	-116,92661501E-6	
-808,80000000E-3	-115,61682741E-6	
-807,00000000E-3	-114,70428236E-6	
-805,60000000E-3	-113,96422211E-6	
-802,90000000E-3	-113,72692625E-6	
-801,10000000E-3	-113,16290424E-6	
-799,50000000E-3	-112,82438240E-6	
-798,70000000E-3	-113,12520321E-6	
-796,20000000E-3	-112,74755559E-6	
-794,40000000E-3	-113,33822306E-6	
-792,70000000E-3	-113,80797127E-6	
-790,90000000E-3	-113,75527069E-6	
-789,10000000E-3	-113,65507370E-6	
-787,50000000E-3	-113,87978364E-6	
-785,90000000E-3	-113,84899860E-6	
-784,20000000E-3	-113,80944278E-6	
-782,40000000E-3	-113,50114181E-6	
-780,40000000E-3	-113,07300157E-6	
-778,30000000E-3	-112,73981820E-6	
-776,50000000E-3	-111,98396729E-6	
-774,70000000E-3	-111,21884626E-6	
-773,00000000E-3	-110,38098581E-6	
-771,40000000E-3	-109,37821980E-6	
-769,60000000E-3	-108,50045245E-6	
-767,00000000E-3	-107,27403982E-6	
-766,10000000E-3	-105,72281866E-6	
-764,40000000E-3	-104,44402051E-6	
-762,20000000E-3	-103,96325414E-6	
-760,10000000E-3	-103,20244620E-6	
-758,30000000E-3	-102,88593409E-6	
-756,50000000E-3	-102,28357415E-6	
-755,00000000E-3	-101,96437954E-6	
-753,40000000E-3	-101,53523407E-6	
-750,70000000E-3	-102,07836325E-6	
-749,00000000E-3	-102,22318962E-6	
-748,10000000E-3	-102,60542342E-6	
-746,30000000E-3	-102,62350360E-6	
-744,20000000E-3	-97,25299504E-6	
-742,10000000E-3	-92,04332609E-6	
-740,40000000E-3	-91,74993476E-6	
-739,60000000E-3	-92,18904146E-6	
-737,00000000E-3	-92,28220132E-6	
-735,20000000E-3	-91,76161853E-6	
-733,70000000E-3	-91,19604413E-6	
-731,90000000E-3	-90,56747519E-6	
-730,10000000E-3	-89,68250042E-6	
-728,10000000E-3	-88,43190679E-6	
-726,00000000E-3	-87,40315882E-6	
-724,20000000E-3	-86,66772840E-6	
-722,40000000E-3	-85,48554867E-6	
-720,80000000E-3	-84,25268223E-6	
-719,00000000E-3	-84,19119122E-6	
-717,20000000E-3	-83,79867362E-6	
-714,80000000E-3	-83,91533834E-6	
-713,90000000E-3	-84,03250518E-6	
-712,30000000E-3	-83,78818810E-6	
-710,00000000E-3	-84,36775625E-6	
-707,90000000E-3	-83,93731355E-6	
-706,10000000E-3	-84,77896102E-6	
-704,40000000E-3	-84,99215255E-6	
-702,90000000E-3	-84,83469228E-6	
-701,10000000E-3	-85,14652421E-6	
-698,60000000E-3	-84,56269811E-6	
-696,80000000E-3	-83,65468764E-6	
-695,20000000E-3	-82,92287986E-6	
-693,40000000E-3	-82,18799020E-6	
-691,60000000E-3	-81,55916837E-6	
-689,50000000E-3	-80,94811181E-6	
-688,20000000E-3	-80,22791811E-6	
-686,60000000E-3	-79,55524441E-6	
-684,90000000E-3	-78,75450321E-6	
-682,60000000E-3	-78,28870078E-6	
-680,50000000E-3	-78,11857667E-6	
-679,70000000E-3	-77,68412138E-6	
-677,90000000E-3	-77,72757849E-6	
-675,80000000E-3	-77,34471207E-6	
-673,70000000E-3	-77,72761140E-6	
-671,90000000E-3	-77,32486015E-6	
-670,10000000E-3	-76,98273272E-6	
-668,50000000E-3	-77,14287607E-6	
-666,90000000E-3	-76,82583292E-6	
-665,00000000E-3	-76,22317070E-6	
-662,40000000E-3	-75,73819359E-6	
-661,70000000E-3	-75,01790818E-6	
-660,10000000E-3	-74,03163960E-6	
-657,90000000E-3	-73,28702511E-6	
-655,70000000E-3	-72,10943688E-6	
-654,00000000E-3	-71,06955600E-6	
-652,40000000E-3	-70,34586160E-6	
-650,60000000E-3	-69,96504908E-6	
-648,80000000E-3	-69,32758643E-6	
-646,30000000E-3	-69,13829186E-6	
-644,50000000E-3	-68,92053061E-6	
-642,80000000E-3	-69,22141654E-6	
-641,20000000E-3	-69,54274559E-6	
-639,50000000E-3	-69,64201163E-6	
-637,20000000E-3	-70,03018596E-6	
-635,10000000E-3	-69,71637716E-6	
-633,40000000E-3	-69,40045597E-6	
-632,70000000E-3	-68,83512086E-6	
-630,90000000E-3	-68,20260184E-6	
-628,30000000E-3	-67,69270489E-6	
-626,70000000E-3	-66,43600153E-6	
-625,00000000E-3	-65,70881150E-6	
-623,50000000E-3	-64,55306701E-6	
-621,50000000E-3	-64,05899498E-6	
-619,70000000E-3	-63,80720407E-6	
-617,90000000E-3	-63,38578261E-6	
-616,20000000E-3	-63,05984301E-6	
-614,60000000E-3	-63,13736754E-6	
-612,90000000E-3	-63,12912353E-6	
-611,20000000E-3	-63,47823679E-6	
-609,50000000E-3	-63,36413499E-6	
-607,80000000E-3	-63,37191757E-6	
-605,60000000E-3	-63,54873327E-6	
-603,50000000E-3	-62,72457639E-6	
-601,80000000E-3	-62,04212707E-6	
-600,10000000E-3	-61,25995212E-6	
-598,30000000E-3	-61,21083258E-6	
-596,50000000E-3	-60,51225930E-6	
-594,10000000E-3	-59,41814713E-6	
-592,30000000E-3	-58,72064441E-6	
-590,60000000E-3	-58,13816511E-6	
-589,00000000E-3	-58,26417858E-6	
-587,40000000E-3	-58,37537778E-6	
-585,60000000E-3	-58,84063386E-6	
-583,90000000E-3	-59,12842179E-6	
-582,20000000E-3	-59,35077264E-6	
-580,40000000E-3	-59,23336393E-6	
-578,30000000E-3	-59,00974083E-6	
-576,20000000E-3	-58,59970926E-6	
-574,50000000E-3	-57,57188767E-6	
-572,70000000E-3	-57,01394348E-6	
-570,90000000E-3	-56,49660138E-6	
-569,20000000E-3	-55,60938274E-6	
-567,70000000E-3	-55,30505558E-6	
-566,00000000E-3	-54,99718002E-6	
-564,20000000E-3	-54,96684995E-6	
-562,50000000E-3	-55,32882556E-6	
-560,00000000E-3	-55,22436517E-6	
-559,00000000E-3	-55,21906470E-6	
-557,30000000E-3	-55,73871633E-6	
-555,60000000E-3	-56,10335403E-6	
-553,00000000E-3	-54,88765658E-6	
-551,30000000E-3	-54,07074011E-6	
-549,70000000E-3	-53,31917094E-6	
-547,90000000E-3	-53,63765185E-6	
-546,30000000E-3	-53,05441250E-6	
-544,50000000E-3	-52,19987626E-6	
-542,00000000E-3	-52,03866528E-6	
-540,20000000E-3	-51,92886313E-6	
-538,50000000E-3	-52,21273631E-6	
-537,60000000E-3	-52,69528273E-6	
-535,00000000E-3	-52,29769438E-6	
-533,40000000E-3	-52,12307425E-6	
-531,70000000E-3	-51,66348687E-6	
-529,90000000E-3	-51,20485993E-6	
-528,10000000E-3	-50,18823508E-6	
-526,40000000E-3	-49,56872813E-6	
-524,00000000E-3	-49,75052395E-6	
-522,20000000E-3	-49,23014447E-6	
-521,40000000E-3	-48,66604512E-6	
-519,20000000E-3	-48,15747725E-6	
-517,10000000E-3	-48,31382217E-6	
-515,50000000E-3	-48,05155474E-6	
-513,70000000E-3	-47,34025256E-6	
-511,90000000E-3	-46,64475377E-6	
-510,10000000E-3	-46,39493627E-6	
-508,30000000E-3	-45,45538144E-6	
-506,60000000E-3	-44,78035188E-6	
-505,00000000E-3	-44,19013994E-6	
-503,40000000E-3	-43,59762460E-6	
-500,70000000E-3	-43,03583418E-6	
-499,00000000E-3	-43,39684524E-6	
-497,50000000E-3	-43,22428087E-6	
-496,50000000E-3	-43,51068122E-6	
-493,90000000E-3	-42,96696109E-6	
-492,10000000E-3	-42,51422504E-6	
-489,60000000E-3	-41,25345053E-6	
-487,80000000E-3	-41,12583937E-6	
-487,00000000E-3	-40,49618400E-6	
-485,20000000E-3	-39,76043934E-6	
-482,70000000E-3	-39,28206287E-6	
-480,90000000E-3	-39,47587306E-6	
-479,20000000E-3	-39,34163279E-6	
-477,50000000E-3	-39,24797250E-6	
-475,80000000E-3	-38,18236157E-6	
-474,10000000E-3	-38,18585998E-6	
-471,50000000E-3	-37,28346801E-6	
-469,80000000E-3	-36,78069812E-6	
-468,00000000E-3	-37,51078312E-6	
-466,30000000E-3	-37,81192466E-6	
-464,60000000E-3	-37,51491701E-6	
-463,00000000E-3	-37,63329548E-6	
-461,30000000E-3	-36,28946346E-6	
-459,60000000E-3	-35,35289190E-6	
-457,80000000E-3	-34,98612658E-6	
-456,00000000E-3	-34,08051913E-6	
-453,60000000E-3	-33,69150753E-6	
-452,70000000E-3	-33,96521523E-6	
-451,10000000E-3	-34,50257676E-6	
-449,10000000E-3	-34,37061682E-6	
-446,60000000E-3	-33,86503818E-6	
-444,90000000E-3	-33,69578759E-6	
-444,10000000E-3	-37,62745969E-6	
-442,30000000E-3	-38,40693574E-6	
-439,90000000E-3	-36,48873755E-6	
-438,10000000E-3	-35,14016540E-6	
-436,40000000E-3	-33,91104659E-6	
-434,60000000E-3	-33,23328163E-6	
-432,90000000E-3	-32,73781823E-6	
-431,10000000E-3	-32,35697033E-6	
-428,70000000E-3	-31,64080236E-6	
-427,00000000E-3	-31,23542952E-6	
-425,20000000E-3	-31,19079717E-6	
-423,40000000E-3	-30,19817099E-6	
-421,60000000E-3	-30,27131444E-6	
-420,00000000E-3	-30,36596364E-6	
-417,50000000E-3	-29,86841923E-6	
-415,70000000E-3	-29,93518121E-6	
-414,70000000E-3	-30,41184181E-6	
-413,10000000E-3	-29,62943026E-6	
-411,20000000E-3	-28,99371321E-6	
-408,80000000E-3	-29,33265653E-6	
-407,00000000E-3	-28,37072280E-6	
-405,30000000E-3	-28,01758073E-6	
-403,50000000E-3	-27,23527621E-6	
-401,70000000E-3	-26,71976464E-6	
-400,00000000E-3	-26,17693072E-6	
-398,40000000E-3	-26,49115158E-6	
-396,80000000E-3	-26,41447570E-6	
-395,00000000E-3	-26,71301542E-6	
-393,20000000E-3	-26,28636169E-6	
-390,60000000E-3	-26,35167555E-6	
-388,90000000E-3	-25,86503492E-6	
-388,10000000E-3	-25,07196831E-6	
-386,30000000E-3	-24,60183520E-6	
-384,60000000E-3	-24,71724179E-6	
-382,20000000E-3	-24,90656459E-6	
-380,40000000E-3	-24,74924775E-6	
-378,60000000E-3	-24,04758394E-6	
-376,90000000E-3	-23,52140171E-6	
-375,10000000E-3	-23,06400757E-6	
-373,30000000E-3	-23,36763182E-6	
-370,90000000E-3	-23,28636946E-6	
-370,00000000E-3	-23,30097571E-6	
-368,30000000E-3	-23,03696579E-6	
-366,40000000E-3	-22,58065567E-6	
-363,80000000E-3	-22,27344291E-6	
-362,20000000E-3	-22,37201214E-6	
-360,50000000E-3	-22,43364425E-6	
-358,70000000E-3	-22,46413721E-6	
-357,80000000E-3	-22,16887232E-6	
-355,20000000E-3	-21,78222882E-6	
-353,60000000E-3	-21,67990601E-6	
-351,70000000E-3	-21,97060227E-6	
-350,00000000E-3	-21,65369749E-6	
-348,40000000E-3	-21,55876517E-6	
-346,60000000E-3	-21,36901338E-6	
-344,00000000E-3	-21,37706858E-6	
-342,30000000E-3	-20,87444271E-6	
-340,60000000E-3	-20,50548078E-6	
-339,80000000E-3	-19,95955666E-6	
-337,60000000E-3	-19,98934050E-6	
-335,50000000E-3	-19,73310338E-6	
-333,70000000E-3	-20,02248053E-6	
-331,90000000E-3	-19,87957857E-6	
-330,30000000E-3	-18,94275240E-6	
-328,60000000E-3	-19,24609209E-6	
-326,10000000E-3	-19,14260315E-6	
-325,10000000E-3	-18,39285354E-6	
-323,30000000E-3	-17,76428598E-6	
-321,60000000E-3	-17,50054658E-6	
-319,10000000E-3	-17,25002089E-6	
-317,40000000E-3	-16,88780409E-6	
-314,80000000E-3	-16,81698673E-6	
-313,00000000E-3	-16,70152025E-6	
-311,20000000E-3	-16,22931005E-6	
-310,40000000E-3	-16,19189189E-6	
-308,70000000E-3	-16,10909792E-6	
-306,20000000E-3	-16,03397576E-6	
-304,40000000E-3	-15,93277670E-6	
-302,70000000E-3	-15,30461266E-6	
-300,90000000E-3	-15,29459883E-6	
-299,20000000E-3	-15,34550821E-6	
-297,50000000E-3	-15,03250130E-6	
-294,90000000E-3	-14,71569158E-6	
-293,90000000E-3	-14,40444155E-6	
-292,20000000E-3	-14,46454033E-6	
-290,70000000E-3	-14,56912174E-6	
-288,00000000E-3	-14,20787936E-6	
-286,30000000E-3	-13,65973415E-6	
-284,50000000E-3	-13,63430408E-6	
-282,70000000E-3	-13,29948748E-6	
-281,00000000E-3	-12,44001421E-6	
-279,30000000E-3	-12,41732152E-6	
-277,20000000E-3	-12,23421704E-6	
-275,90000000E-3	-12,14518126E-6	
-274,20000000E-3	-12,12200289E-6	
-272,50000000E-3	-11,49538412E-6	
-270,90000000E-3	-11,13093539E-6	
-268,10000000E-3	-10,83315228E-6	
-267,30000000E-3	-10,34523919E-6	
-265,50000000E-3	-10,22363285E-6	
-263,70000000E-3	-10,09362967E-6	
-261,30000000E-3	-13,13541683E-6	
-259,50000000E-3	-14,31043135E-6	
-257,80000000E-3	-13,93902055E-6	
-256,00000000E-3	-13,51828633E-6	
-254,40000000E-3	-13,41024801E-6	
-252,50000000E-3	-13,02254095E-6	
-250,40000000E-3	-12,44275461E-6	
-248,30000000E-3	-12,25632590E-6	
-247,40000000E-3	-12,30017955E-6	
-245,70000000E-3	-11,92587060E-6	
-243,20000000E-3	-11,89435854E-6	
-241,30000000E-3	-11,57496383E-6	
-239,50000000E-3	-11,47098558E-6	
-237,80000000E-3	-11,39349280E-6	
-236,10000000E-3	-11,69140874E-6	
-234,60000000E-3	-11,51593543E-6	
-232,60000000E-3	-11,18314452E-6	
-230,10000000E-3	-10,70541588E-6	
-228,40000000E-3	-10,27071875E-6	
-227,50000000E-3	-10,17388094E-6	
-225,70000000E-3	-9,99441426E-6	
-223,70000000E-3	-9,93168693E-6	
-221,50000000E-3	-9,52505468E-6	
-219,80000000E-3	-9,11447482E-6	
-218,00000000E-3	-8,87325976E-6	
-216,40000000E-3	-8,42872186E-6	
-214,60000000E-3	-8,12506413E-6	
-212,90000000E-3	-7,75828738E-6	
-211,20000000E-3	-7,77927741E-6	
-209,40000000E-3	-7,41987877E-6	
-207,60000000E-3	-7,73100518E-6	
-205,90000000E-3	-7,64862664E-6	
-203,50000000E-3	-7,73229008E-6	
-201,50000000E-3	-8,60638090E-6	
-199,80000000E-3	-8,42079578E-6	
-198,00000000E-3	-7,52267951E-6	
-196,50000000E-3	-7,94125046E-6	
-194,70000000E-3	-7,89025205E-6	
-192,20000000E-3	-8,29815300E-6	
-190,30000000E-3	-9,27510857E-6	
-189,40000000E-3	-8,25104818E-6	
-187,70000000E-3	-8,20154848E-6	
-186,00000000E-3	-8,59935568E-6	
-183,50000000E-3	4,89221440E-6	
-181,80000000E-3	10,66672486E-6	
-180,00000000E-3	5,34612478E-6	
-178,20000000E-3	2,67872355E-6	
-176,50000000E-3	2,72152241E-6	
-174,80000000E-3	3,70964753E-6	
-172,60000000E-3	4,61905710E-6	
-171,30000000E-3	3,90583377E-6	
-169,50000000E-3	4,05742888E-6	
-168,00000000E-3	3,94913650E-6	
-165,30000000E-3	2,84031892E-6	
-163,50000000E-3	1,89617151E-6	
-162,60000000E-3	1,76734640E-6	
-161,00000000E-3	949,75989942E-9	
-159,40000000E-3	-110,51001300E-9	
-156,70000000E-3	-974,71141865E-9	
-154,80000000E-3	-2,56912966E-6	
-153,20000000E-3	-3,85937329E-6	
-151,60000000E-3	-3,88121849E-6	
-149,90000000E-3	-3,98678944E-6	
-147,70000000E-3	-4,51886250E-6	
-145,60000000E-3	-5,26997590E-6	
-144,60000000E-3	-5,51526591E-6	
-142,90000000E-3	-5,48874786E-6	
-141,10000000E-3	-4,87739171E-6	
-138,70000000E-3	-5,47656131E-6	
-136,90000000E-3	-5,60539074E-6	
-135,10000000E-3	-6,34128870E-6	
-133,40000000E-3	-6,19580596E-6	
-131,80000000E-3	-6,11392864E-6	
-130,00000000E-3	-7,17859792E-6	
-127,80000000E-3	-7,75102620E-6	
-125,60000000E-3	-7,25035949E-6	
-124,00000000E-3	-7,16625068E-6	
-122,30000000E-3	-7,93665845E-6	
-120,60000000E-3	-7,38745368E-6	
-118,70000000E-3	-7,21473028E-6	
-117,00000000E-3	-7,78112612E-6	
-115,20000000E-3	-7,57774998E-6	
-113,60000000E-3	-7,35790796E-6	
-112,00000000E-3	-6,95376279E-6	
-109,40000000E-3	-7,00335874E-6	
-107,50000000E-3	-7,11138496E-6	
-105,90000000E-3	-7,52692133E-6	
-105,00000000E-3	-6,99951818E-6	
-103,40000000E-3	-7,00615871E-6	
-100,70000000E-3	-6,39673790E-6	
-98,90000000E-3	-6,52847730E-6	
-97,20000000E-3	-6,14960282E-6	
-95,60000000E-3	-6,36055637E-6	
-93,90000000E-3	-6,37386714E-6	
-92,10000000E-3	-6,15416036E-6	
-90,30000000E-3	-6,58862588E-6	
-88,60000000E-3	-6,22964466E-6	
-86,80000000E-3	-5,55009855E-6	
-85,10000000E-3	-5,49462181E-6	
-82,70000000E-3	-5,43961813E-6	
-80,90000000E-3	-4,55416968E-6	
-79,10000000E-3	-4,57905452E-6	
-77,50000000E-3	-4,55995004E-6	
-76,00000000E-3	-4,59051851E-6	
-74,10000000E-3	-3,79393243E-6	
-71,40000000E-3	-2,73151638E-6	
-70,60000000E-3	-2,70732117E-6	
-69,00000000E-3	-2,46572464E-6	
-67,20000000E-3	-1,71954917E-6	
-64,70000000E-3	-779,35168226E-9	
-62,90000000E-3	-448,94513935E-9	
-61,10000000E-3	411,12295107E-9	
-59,40000000E-3	1,80661925E-6	
-57,70000000E-3	2,32396719E-6	
-56,10000000E-3	2,76666355E-6	
-53,80000000E-3	4,20273196E-6	
-51,70000000E-3	5,65309802E-6	
-50,80000000E-3	6,01075659E-6	
-49,10000000E-3	6,13657871E-6	
-47,30000000E-3	8,50476512E-6	
-44,80000000E-3	8,26884886E-6	
-43,10000000E-3	9,65978047E-6	
-42,10000000E-3	11,40463048E-6	
-40,50000000E-3	12,51578792E-6	
-37,80000000E-3	13,86211460E-6	
-36,10000000E-3	15,59529726E-6	
-34,40000000E-3	16,38298210E-6	
-32,60000000E-3	17,48904417E-6	
-30,90000000E-3	18,24580886E-6	
-29,20000000E-3	18,93387014E-6	
-27,00000000E-3	19,14777872E-6	
-24,90000000E-3	19,33363700E-6	
-24,10000000E-3	19,30936016E-6	
-22,40000000E-3	19,33894940E-6	
-20,70000000E-3	20,67048303E-6	
-17,90000000E-3	20,60964216E-6	
-16,10000000E-3	20,90143904E-6	
-14,70000000E-3	22,53858754E-6	
-13,00000000E-3	24,65263742E-6	
-11,20000000E-3	25,08355339E-6	
-9,50000000E-3	25,13713395E-6	
-6,70000000E-3	25,00914229E-6	
-4,90000000E-3	24,24276675E-6	
-3,20000000E-3	25,85253492E-6	
-2,50000000E-3	27,84625699E-6	
200,00000000E-6	29,06039903E-6	
1,90000000E-3	28,52900728E-6	
3,60000000E-3	28,92194662E-6	
5,20000000E-3	29,35206501E-6	
7,00000000E-3	31,07045497E-6	
8,80000000E-3	31,51421499E-6	
10,60000000E-3	32,00540847E-6	
12,30000000E-3	32,39767511E-6	
14,00000000E-3	33,43258190E-6	
15,60000000E-3	33,49651996E-6	
17,50000000E-3	33,43486117E-6	
19,60000000E-3	33,02478128E-6	
21,80000000E-3	34,38961976E-6	
23,50000000E-3	35,73735948E-6	
25,10000000E-3	37,79609493E-6	
26,50000000E-3	38,77465905E-6	
28,70000000E-3	39,69729651E-6	
31,20000000E-3	39,96775728E-6	
32,20000000E-3	40,99485545E-6	
34,00000000E-3	41,46895359E-6	
35,50000000E-3	42,54902605E-6	
37,80000000E-3	42,42040496E-6	
39,90000000E-3	43,39647505E-6	
41,50000000E-3	43,84293723E-6	
43,40000000E-3	43,07464234E-6	
45,00000000E-3	43,45093811E-6	
46,70000000E-3	43,87801700E-6	
48,50000000E-3	44,63304639E-6	
51,20000000E-3	45,17314048E-6	
52,00000000E-3	46,27511572E-6	
53,50000000E-3	47,31936460E-6	
55,30000000E-3	48,11301763E-6	
57,90000000E-3	48,03727101E-6	
59,70000000E-3	48,72567373E-6	
61,40000000E-3	50,51652082E-6	
63,20000000E-3	52,18479773E-6	
64,80000000E-3	53,08753534E-6	
66,50000000E-3	54,11105024E-6	
68,30000000E-3	55,15549549E-6	
70,00000000E-3	56,44214072E-6	
71,80000000E-3	56,91634322E-6	
73,40000000E-3	58,32222748E-6	
75,20000000E-3	59,21824819E-6	
77,00000000E-3	59,73395128E-6	
78,70000000E-3	61,13119889E-6	
80,40000000E-3	61,94821018E-6	
82,10000000E-3	62,30385830E-6	
84,60000000E-3	63,16933787E-6	
86,40000000E-3	63,78579678E-6	
88,20000000E-3	64,25086025E-6	
89,90000000E-3	64,74948552E-6	
91,60000000E-3	64,98045081E-6	
93,30000000E-3	63,34417848E-6	
95,90000000E-3	63,61071195E-6	
97,60000000E-3	64,80907837E-6	
99,20000000E-3	65,23804218E-6	
100,80000000E-3	66,79136167E-6	
102,50000000E-3	66,24591867E-6	
104,30000000E-3	67,22880121E-6	
107,00000000E-3	68,61641702E-6	
108,70000000E-3	69,36640985E-6	
110,40000000E-3	69,82116764E-6	
112,00000000E-3	69,72418160E-6	
113,80000000E-3	70,70402454E-6	
115,40000000E-3	71,83947765E-6	
117,20000000E-3	72,38792614E-6	
119,00000000E-3	72,67637060E-6	
120,80000000E-3	72,99561615E-6	
122,40000000E-3	73,62779733E-6	
124,50000000E-3	73,90742319E-6	
126,70000000E-3	74,74055297E-6	
128,40000000E-3	75,67475353E-6	
129,30000000E-3	76,24230353E-6	
131,20000000E-3	76,35319956E-6	
133,60000000E-3	76,52882394E-6	
135,30000000E-3	76,89456927E-6	
137,10000000E-3	77,48729378E-6	
137,90000000E-3	77,86817777E-6	
140,60000000E-3	78,23688192E-6	
142,30000000E-3	79,25985434E-6	
144,00000000E-3	79,81156884E-6	
145,80000000E-3	80,40144215E-6	
147,50000000E-3	80,81422267E-6	
149,30000000E-3	80,86488337E-6	
151,10000000E-3	81,71295741E-6	
152,70000000E-3	82,77655760E-6	
154,40000000E-3	83,21814192E-6	
156,20000000E-3	83,69281598E-6	
158,00000000E-3	83,69569275E-6	
159,80000000E-3	84,23543740E-6	
162,30000000E-3	84,98711029E-6	
163,90000000E-3	85,37734326E-6	
165,90000000E-3	86,19339002E-6	
167,40000000E-3	87,15195416E-6	
169,20000000E-3	87,58495766E-6	
171,00000000E-3	87,56017389E-6	
172,80000000E-3	88,34107745E-6	
174,50000000E-3	89,16165786E-6	
176,30000000E-3	89,98573457E-6	
178,00000000E-3	90,80317763E-6	
179,70000000E-3	90,95839906E-6	
181,50000000E-3	91,98974478E-6	
183,30000000E-3	92,55713831E-6	
185,00000000E-3	93,45087862E-6	
186,70000000E-3	93,82554371E-6	
188,30000000E-3	94,93029856E-6	
190,10000000E-3	95,62350282E-6	
192,00000000E-3	96,01403908E-6	
193,70000000E-3	96,58918767E-6	
195,40000000E-3	97,29816718E-6	
197,00000000E-3	98,10328061E-6	
199,80000000E-3	98,56335678E-6	
200,80000000E-3	99,42235654E-6	
202,50000000E-3	99,83757333E-6	
204,40000000E-3	100,35834783E-6	
206,30000000E-3	101,27824195E-6	
208,40000000E-3	101,72956012E-6	
210,80000000E-3	102,30656808E-6	
212,50000000E-3	102,79907959E-6	
214,40000000E-3	102,97177062E-6	
216,20000000E-3	103,32835068E-6	
218,00000000E-3	104,29212615E-6	
218,90000000E-3	104,72412880E-6	
220,80000000E-3	105,30545581E-6	
222,40000000E-3	106,57238563E-6	
224,30000000E-3	106,61254503E-6	
226,20000000E-3	106,94307227E-6	
228,00000000E-3	107,70052702E-6	
230,20000000E-3	108,56598703E-6	
232,40000000E-3	108,69904186E-6	
234,30000000E-3	109,05241187E-6	
235,20000000E-3	109,76800461E-6	
237,00000000E-3	110,35302281E-6	
238,90000000E-3	110,76484788E-6	
240,70000000E-3	111,83143250E-6	
242,30000000E-3	112,26079028E-6	
244,30000000E-3	112,32737121E-6	
246,10000000E-3	112,45300155E-6	
247,90000000E-3	112,75317800E-6	
249,60000000E-3	113,34930965E-6	
251,70000000E-3	114,23666641E-6	
253,40000000E-3	114,47941257E-6	
255,10000000E-3	115,09089393E-6	
257,10000000E-3	115,66533690E-6	
258,90000000E-3	116,21649473E-6	
260,70000000E-3	116,55577039E-6	
262,40000000E-3	117,39821428E-6	
264,30000000E-3	117,91328635E-6	
266,10000000E-3	118,50375818E-6	
267,90000000E-3	118,99671451E-6	
269,70000000E-3	119,84975920E-6	
271,90000000E-3	120,55805821E-6	
274,20000000E-3	120,61803717E-6	
276,10000000E-3	120,71197841E-6	
277,90000000E-3	121,46204053E-6	
279,60000000E-3	122,42763915E-6	
281,40000000E-3	123,10409472E-6	
283,40000000E-3	123,60935340E-6	
284,10000000E-3	123,96340809E-6	
286,10000000E-3	124,22030318E-6	
287,70000000E-3	124,76723755E-6	
290,00000000E-3	125,50465523E-6	
292,30000000E-3	126,01514264E-6	
294,00000000E-3	126,72977211E-6	
295,00000000E-3	127,49721346E-6	
296,80000000E-3	128,14955620E-6	
298,70000000E-3	128,53254717E-6	
300,50000000E-3	129,10353435E-6	
302,30000000E-3	130,21224780E-6	
304,00000000E-3	130,78763995E-6	
306,10000000E-3	130,95133167E-6	
307,70000000E-3	131,15704579E-6	
309,40000000E-3	131,70509476E-6	
311,30000000E-3	132,48421622E-6	
313,20000000E-3	133,37014345E-6	
314,90000000E-3	133,84924536E-6	
316,80000000E-3	134,40092224E-6	
318,70000000E-3	135,30461586E-6	
320,40000000E-3	135,17039553E-6	
322,20000000E-3	135,56313832E-6	
323,90000000E-3	136,57764608E-6	
325,80000000E-3	137,22314816E-6	
327,60000000E-3	137,88362566E-6	
329,30000000E-3	138,27056264E-6	
331,10000000E-3	138,55300237E-6	
333,00000000E-3	139,34534607E-6	
334,80000000E-3	139,82550696E-6	
336,60000000E-3	140,31522182E-6	
338,40000000E-3	140,76072949E-6	
340,20000000E-3	141,50307510E-6	
342,10000000E-3	142,01612095E-6	
343,80000000E-3	142,96768457E-6	
345,70000000E-3	143,48417588E-6	
347,50000000E-3	144,34248204E-6	
349,30000000E-3	144,53986224E-6	
351,00000000E-3	144,98661979E-6	
352,70000000E-3	145,88590141E-6	
354,60000000E-3	146,62082607E-6	
356,50000000E-3	146,84499263E-6	
358,30000000E-3	147,48022167E-6	
359,90000000E-3	148,01798225E-6	
361,80000000E-3	148,50929082E-6	
363,70000000E-3	149,00294619E-6	
365,50000000E-3	149,83214343E-6	
367,20000000E-3	150,72733383E-6	
369,10000000E-3	151,60723819E-6	
370,90000000E-3	151,94758014E-6	
372,70000000E-3	152,42414972E-6	
374,50000000E-3	153,04176487E-6	
376,40000000E-3	153,67944075E-6	
377,60000000E-3	154,40108362E-6	
379,50000000E-3	155,26217892E-6	
381,70000000E-3	155,29142535E-6	
383,60000000E-3	155,71649220E-6	
385,40000000E-3	156,33940287E-6	
387,30000000E-3	156,99866425E-6	
389,10000000E-3	157,47696083E-6	
390,90000000E-3	158,03049170E-6	
392,60000000E-3	158,43213303E-6	
394,60000000E-3	159,10350685E-6	
396,30000000E-3	160,15131701E-6	
398,00000000E-3	160,67852680E-6	
399,40000000E-3	160,94555198E-6	
401,60000000E-3	161,90885017E-6	
403,50000000E-3	162,47837459E-6	
405,30000000E-3	162,98418034E-6	
407,30000000E-3	164,11386409E-6	
409,10000000E-3	164,29745142E-6	
411,00000000E-3	164,75350032E-6	
412,80000000E-3	164,44427293E-6	
413,70000000E-3	164,88660094E-6	
415,60000000E-3	165,21130610E-6	
417,30000000E-3	166,04214842E-6	
418,90000000E-3	166,74179556E-6	
421,00000000E-3	167,58636965E-6	
422,70000000E-3	168,03451661E-6	
424,70000000E-3	168,33293225E-6	
426,40000000E-3	168,25174396E-6	
428,40000000E-3	168,94827685E-6	
430,20000000E-3	169,53358907E-6	
432,10000000E-3	169,70670474E-6	
433,90000000E-3	169,88856564E-6	
435,90000000E-3	170,84000428E-6	
437,70000000E-3	171,46656305E-6	
439,40000000E-3	171,58255766E-6	
441,30000000E-3	171,92905559E-6	
443,20000000E-3	172,76571237E-6	
445,00000000E-3	172,88746747E-6	
446,70000000E-3	173,14365211E-6	
448,70000000E-3	173,39714009E-6	
449,30000000E-3	173,83136400E-6	
451,80000000E-3	174,07126977E-6	
453,80000000E-3	174,47305048E-6	
455,70000000E-3	174,84480935E-6	
457,60000000E-3	175,75917887E-6	
459,30000000E-3	176,75795471E-6	
461,10000000E-3	176,47934143E-6	
462,90000000E-3	177,63878642E-6	
463,90000000E-3	177,82409874E-6	
465,70000000E-3	178,35497687E-6	
467,50000000E-3	178,35575094E-6	
469,70000000E-3	178,91948897E-6	
472,00000000E-3	180,94178984E-6	
473,70000000E-3	181,65595795E-6	
474,70000000E-3	181,88965500E-6	
476,50000000E-3	182,73916584E-6	
478,30000000E-3	182,90381502E-6	
480,10000000E-3	182,71442681E-6	
482,00000000E-3	182,38155181E-6	
483,70000000E-3	182,90059786E-6	
485,60000000E-3	183,16254807E-6	
487,40000000E-3	183,79061162E-6	
489,30000000E-3	184,52201215E-6	
491,20000000E-3	185,34835795E-6	
493,10000000E-3	185,76519667E-6	
495,00000000E-3	185,51602185E-6	
496,80000000E-3	185,78971498E-6	
498,70000000E-3	185,42959812E-6	
500,60000000E-3	186,16136620E-6	
502,50000000E-3	186,43554843E-6	
504,40000000E-3	186,96173326E-6	
506,30000000E-3	187,41206040E-6	
507,90000000E-3	188,75020254E-6	
509,90000000E-3	189,02979462E-6	
511,70000000E-3	188,79843332E-6	
513,50000000E-3	188,94456008E-6	
515,10000000E-3	189,60028067E-6	
517,20000000E-3	189,95506856E-6	
518,90000000E-3	190,04775851E-6	
520,70000000E-3	190,85803652E-6	
522,10000000E-3	191,75961171E-6	
524,30000000E-3	192,95619808E-6	
526,20000000E-3	193,42387625E-6	
528,10000000E-3	194,18797177E-6	
530,00000000E-3	194,60223272E-6	
531,60000000E-3	194,45526118E-6	
532,70000000E-3	194,76287569E-6	
534,70000000E-3	195,53945931E-6	
536,40000000E-3	195,75025279E-6	
538,40000000E-3	196,65767106E-6	
540,10000000E-3	197,45301248E-6	
541,10000000E-3	198,13002706E-6	
543,90000000E-3	198,89250633E-6	
545,80000000E-3	199,37629407E-6	
547,50000000E-3	200,11903957E-6	
549,60000000E-3	200,53672204E-6	
551,20000000E-3	200,64197422E-6	
553,20000000E-3	201,15854787E-6	
554,00000000E-3	202,30602375E-6	
556,00000000E-3	202,84511800E-6	
557,70000000E-3	203,61754221E-6	
559,70000000E-3	204,14045705E-6	
561,50000000E-3	204,78225087E-6	
563,50000000E-3	205,75766469E-6	
565,20000000E-3	206,23326198E-6	
567,20000000E-3	206,82547242E-6	
569,00000000E-3	208,52121299E-6	
571,00000000E-3	208,67877194E-6	
572,70000000E-3	209,38117657E-6	
574,70000000E-3	209,52945961E-6	
576,50000000E-3	209,17885250E-6	
578,50000000E-3	209,53546384E-6	
580,20000000E-3	210,31689956E-6	
582,20000000E-3	210,51783599E-6	
584,00000000E-3	211,29259757E-6	
585,90000000E-3	211,67767161E-6	
587,70000000E-3	212,37457781E-6	
588,70000000E-3	213,10733410E-6	
590,50000000E-3	213,80968400E-6	
592,50000000E-3	214,57192051E-6	
594,20000000E-3	215,14191892E-6	
596,10000000E-3	215,61177109E-6	
597,20000000E-3	216,25084566E-6	
598,90000000E-3	215,97985760E-6	
600,80000000E-3	215,96149708E-6	
602,60000000E-3	216,17480972E-6	
604,60000000E-3	216,84545768E-6	
606,40000000E-3	217,56804051E-6	
608,30000000E-3	218,11632453E-6	
610,00000000E-3	218,39799257E-6	
612,00000000E-3	219,36321380E-6	
613,80000000E-3	220,22391740E-6	
615,80000000E-3	220,75994524E-6	
617,50000000E-3	221,75668874E-6	
619,40000000E-3	222,18910544E-6	
621,30000000E-3	222,89539501E-6	
623,10000000E-3	223,05415725E-6	
625,00000000E-3	223,29601144E-6	
626,80000000E-3	223,66710440E-6	
628,60000000E-3	224,12584043E-6	
630,30000000E-3	224,20378758E-6	
632,20000000E-3	224,67598248E-6	
634,00000000E-3	225,36396028E-6	
636,00000000E-3	225,63426674E-6	
637,80000000E-3	226,17405216E-6	
639,70000000E-3	226,63082803E-6	
640,60000000E-3	226,91173333E-6	
642,50000000E-3	227,35121944E-6	
644,40000000E-3	228,00281955E-6	
646,20000000E-3	228,99678027E-6	
648,10000000E-3	229,35641280E-6	
650,00000000E-3	229,92441680E-6	
651,90000000E-3	230,33767405E-6	
653,80000000E-3	231,36011885E-6	
655,60000000E-3	231,56874274E-6	
657,50000000E-3	231,52038825E-6	
659,20000000E-3	231,24536801E-6	
661,20000000E-3	231,18212153E-6	
662,90000000E-3	230,88390011E-6	
664,90000000E-3	231,49007946E-6	
666,70000000E-3	232,12525851E-6	
668,60000000E-3	232,98440441E-6	
670,30000000E-3	233,31602793E-6	
671,40000000E-3	233,74624068E-6	
673,40000000E-3	234,53746898E-6	
675,10000000E-3	235,34475050E-6	
677,10000000E-3	235,48284110E-6	
678,80000000E-3	236,32262232E-6	
679,80000000E-3	236,51619660E-6	
681,60000000E-3	236,88155378E-6	
683,50000000E-3	237,58242535E-6	
685,30000000E-3	240,53309930E-6	
687,30000000E-3	247,07321600E-6	
689,10000000E-3	247,86079408E-6	
691,00000000E-3	248,71692796E-6	
692,80000000E-3	249,77399255E-6	
694,80000000E-3	249,89063192E-6	
696,60000000E-3	249,18501728E-6	
698,60000000E-3	249,74734858E-6	
700,30000000E-3	249,21147937E-6	
702,30000000E-3	250,15590710E-6	
704,10000000E-3	249,88465022E-6	
706,10000000E-3	249,60016691E-6	
707,80000000E-3	250,17326303E-6	
709,80000000E-3	250,07852066E-6	
711,60000000E-3	250,46470242E-6	
713,50000000E-3	251,46528959E-6	
715,30000000E-3	251,57977298E-6	
716,30000000E-3	251,90240684E-6	
719,00000000E-3	251,54686352E-6	
721,10000000E-3	251,81980789E-6	
722,80000000E-3	252,07628116E-6	
723,70000000E-3	252,51655336E-6	
725,60000000E-3	252,30783386E-6	
727,50000000E-3	252,50118303E-6	
729,40000000E-3	252,18575351E-6	
731,20000000E-3	251,87175219E-6	
733,10000000E-3	251,93717707E-6	
735,00000000E-3	251,50131931E-6	
736,90000000E-3	251,25352069E-6	
738,60000000E-3	251,31261987E-6	
740,60000000E-3	252,02603393E-6	
742,40000000E-3	252,57357157E-6	
743,30000000E-3	253,48586665E-6	
745,10000000E-3	254,17771341E-6	
747,00000000E-3	254,98710525E-6	
748,90000000E-3	256,18130472E-6	
750,80000000E-3	256,85031157E-6	
752,70000000E-3	257,42771248E-6	
754,60000000E-3	258,34751975E-6	
756,50000000E-3	258,74247117E-6	
758,30000000E-3	258,79929813E-6	
760,20000000E-3	259,14776084E-6	
762,10000000E-3	259,33909559E-6	
764,00000000E-3	259,51541834E-6	
765,80000000E-3	259,65681317E-6	
766,70000000E-3	259,56968197E-6	
768,70000000E-3	259,57091446E-6	
770,40000000E-3	259,60408729E-6	
772,50000000E-3	259,55913069E-6	
774,20000000E-3	259,62064878E-6	
776,10000000E-3	260,01042348E-6	
777,90000000E-3	260,27155285E-6	
779,90000000E-3	260,15687736E-6	
781,70000000E-3	260,87946494E-6	
783,60000000E-3	261,35618376E-6	
785,40000000E-3	262,49048160E-6	
787,40000000E-3	262,90626845E-6	
789,20000000E-3	263,97733229E-6	
791,20000000E-3	264,80672857E-6	
792,90000000E-3	265,79225564E-6	
794,90000000E-3	267,04765055E-6	
795,70000000E-3	267,39608165E-6	
797,70000000E-3	267,67957837E-6	
799,40000000E-3	268,43610099E-6	
801,40000000E-3	268,42058815E-6	
803,10000000E-3	268,65109888E-6	
805,20000000E-3	268,64080125E-6	
806,80000000E-3	268,29168105E-6	
808,90000000E-3	268,11940568E-6	
810,60000000E-3	267,90588192E-6	
812,60000000E-3	267,76307518E-6	
814,30000000E-3	268,20688862E-6	
816,30000000E-3	267,61562132E-6	
818,00000000E-3	267,14558201E-6	
819,90000000E-3	266,87006976E-6	
821,70000000E-3	267,01574164E-6	
823,50000000E-3	267,76732496E-6	
825,30000000E-3	267,79096967E-6	
826,30000000E-3	268,09246118E-6	
828,10000000E-3	268,70498845E-6	
830,00000000E-3	268,88400467E-6	
831,80000000E-3	269,27833172E-6	
833,80000000E-3	270,32747240E-6	
835,50000000E-3	270,86624138E-6	
837,50000000E-3	271,61297322E-6	
839,30000000E-3	272,43431167E-6	
841,70000000E-3	272,82950446E-6	
843,40000000E-3	273,74191523E-6	
845,20000000E-3	274,47780167E-6	
846,00000000E-3	275,61770581E-6	
848,80000000E-3	275,86794839E-6	
850,10000000E-3	276,18237348E-6	
851,90000000E-3	277,10380850E-6	
853,70000000E-3	277,45102471E-6	
856,20000000E-3	278,22497113E-6	
857,90000000E-3	278,36009107E-6	
859,60000000E-3	278,50375000E-6	
861,40000000E-3	278,52495718E-6	
863,20000000E-3	278,70513414E-6	
864,90000000E-3	278,74765958E-6	
866,60000000E-3	278,69756176E-6	
869,10000000E-3	278,73791888E-6	
870,90000000E-3	279,07614670E-6	
872,60000000E-3	278,73606357E-6	
874,40000000E-3	278,34993746E-6	
876,10000000E-3	279,07083007E-6	
877,90000000E-3	279,27257567E-6	
880,30000000E-3	279,83295278E-6	
882,10000000E-3	280,28708233E-6	
882,80000000E-3	280,71425653E-6	
885,10000000E-3	280,82418481E-6	
887,00000000E-3	281,54519560E-6	
888,80000000E-3	282,53788019E-6	
890,60000000E-3	282,86214113E-6	
891,80000000E-3	284,10902520E-6	
894,00000000E-3	285,44039339E-6	
895,80000000E-3	286,40012557E-6	
897,50000000E-3	287,02685530E-6	
899,20000000E-3	287,72751379E-6	
900,70000000E-3	288,45940242E-6	
903,50000000E-3	289,34699607E-6	
904,20000000E-3	289,85395036E-6	
905,90000000E-3	290,29911516E-6	
907,70000000E-3	290,91054441E-6	
910,20000000E-3	291,40967294E-6	
912,00000000E-3	291,63534562E-6	
913,60000000E-3	291,90087716E-6	
915,40000000E-3	292,30595184E-6	
917,20000000E-3	292,38735160E-6	
918,90000000E-3	292,36669331E-6	
921,40000000E-3	291,87312954E-6	
923,10000000E-3	291,90907194E-6	
923,90000000E-3	291,96101632E-6	
925,60000000E-3	288,82979356E-6	
928,10000000E-3	281,30797262E-6	
930,10000000E-3	280,07126580E-6	
931,60000000E-3	279,85815544E-6	
933,40000000E-3	279,85636341E-6	
935,00000000E-3	279,97858144E-6	
936,80000000E-3	280,37913195E-6	
938,60000000E-3	280,69642917E-6	
940,40000000E-3	280,95579881E-6	
941,80000000E-3	281,48307150E-6	
944,00000000E-3	281,93972097E-6	
945,30000000E-3	283,10899082E-6	
947,10000000E-3	310,72010829E-6	
948,90000000E-3	273,25663819E-6	
950,60000000E-3	264,59428909E-6	
953,00000000E-3	262,89977027E-6	
954,80000000E-3	259,74473864E-6	
956,60000000E-3	259,32455866E-6	
958,40000000E-3	261,21261787E-6	
960,10000000E-3	261,84159736E-6	
962,50000000E-3	261,55260490E-6	
964,30000000E-3	261,06793581E-6	
966,00000000E-3	259,88448264E-6	
967,80000000E-3	257,41765368E-6	
969,60000000E-3	256,53470011E-6	
971,20000000E-3	255,34456504E-6	
973,70000000E-3	254,72804397E-6	
974,50000000E-3	253,64155171E-6	
976,30000000E-3	252,65576800E-6	
977,90000000E-3	251,39018607E-6	
980,50000000E-3	250,40414891E-6	
982,20000000E-3	250,00551611E-6	
984,00000000E-3	249,69955047E-6	
985,80000000E-3	250,20931704E-6	
987,40000000E-3	248,82880435E-6	
989,20000000E-3	248,61492805E-6	
990,90000000E-3	247,80307627E-6	
992,50000000E-3	247,17972843E-6	
994,20000000E-3	247,06862858E-6	
996,40000000E-3	246,44068710E-6	
997,60000000E-3	246,19794577E-6	
999,30000000E-3	245,59528368E-6	
1,00070000E+0	245,66102186E-6	
1,00180000E+0	246,20804331E-6	
1,00270000E+0	246,59057772E-6	
1,00300000E+0	246,31417626E-6	
1,00300000E+0	246,64036628E-6	
1,00270000E+0	246,27576219E-6	
1,00240000E+0	245,85276908E-6	
1,00160000E+0	244,94921942E-6	
1,00100000E+0	244,18183406E-6	
1,00080000E+0	244,18663616E-6	
1,00030000E+0	244,53884563E-6	
