-2,00000000E+0	70,85801979E-6	
-2,00000000E+0	70,68996136E-6	
-1,99960000E+0	70,49290337E-6	
-1,99840000E+0	70,74817186E-6	
-1,99720000E+0	70,59183416E-6	
-1,99630000E+0	70,54542234E-6	
-1,99330000E+0	70,54162814E-6	
-1,99090000E+0	70,98794851E-6	
-1,98850000E+0	70,96645128E-6	
-1,98580000E+0	71,76297357E-6	
-1,98340000E+0	71,91217527E-6	
-1,98030000E+0	72,00646081E-6	
-1,97640000E+0	72,39503557E-6	
-1,97420000E+0	72,31210846E-6	
-1,97140000E+0	73,14342867E-6	
-1,96840000E+0	74,82481790E-6	
-1,96360000E+0	75,18708440E-6	
-1,96030000E+0	75,26646347E-6	
-1,95700000E+0	75,54363464E-6	
-1,95550000E+0	75,52834912E-6	
-1,95060000E+0	76,19568735E-6	
-1,94720000E+0	76,32503293E-6	
-1,94300000E+0	76,66334321E-6	
-1,94030000E+0	76,74168329E-6	
-1,93720000E+0	76,62482674E-6	
-1,93380000E+0	75,90122030E-6	
-1,92900000E+0	76,67455650E-6	
-1,92550000E+0	76,81349891E-6	
-1,92200000E+0	76,60896998E-6	
-1,91870000E+0	76,55307201E-6	
-1,91520000E+0	76,15081487E-6	
-1,91130000E+0	75,58787073E-6	
-1,90680000E+0	76,02281960E-6	
-1,90370000E+0	75,25880265E-6	
-1,90000000E+0	74,16860443E-6	
-1,89650000E+0	72,77698977E-6	
-1,89340000E+0	72,06837849E-6	
-1,88990000E+0	71,29143101E-6	
-1,88580000E+0	71,10711008E-6	
-1,88130000E+0	70,60786585E-6	
-1,87960000E+0	69,95810965E-6	
-1,87620000E+0	69,03169809E-6	
-1,87120000E+0	67,99323211E-6	
-1,86760000E+0	68,47159141E-6	
-1,86430000E+0	67,85793479E-6	
-1,86260000E+0	65,22509708E-6	
-1,85900000E+0	66,87019232E-6	
-1,85390000E+0	67,05732472E-6	
-1,85080000E+0	66,95733345E-6	
-1,84690000E+0	66,68362421E-6	
-1,84360000E+0	67,61110282E-6	
-1,84180000E+0	69,26728159E-6	
-1,83730000E+0	69,51069886E-6	
-1,83320000E+0	69,78593273E-6	
-1,82970000E+0	72,68700122E-6	
-1,82650000E+0	73,72393416E-6	
-1,82300000E+0	75,04079936E-6	
-1,81950000E+0	76,74920216E-6	
-1,81500000E+0	78,59891609E-6	
-1,81260000E+0	80,20178715E-6	
-1,80930000E+0	81,84212490E-6	
-1,80590000E+0	84,03437411E-6	
-1,80070000E+0	85,61108048E-6	
-1,79710000E+0	87,82027590E-6	
-1,79360000E+0	89,74136382E-6	
-1,79040000E+0	92,10498153E-6	
-1,78690000E+0	94,15461338E-6	
-1,78330000E+0	95,62949869E-6	
-1,77880000E+0	97,28009609E-6	
-1,77470000E+0	98,64575711E-6	
-1,77150000E+0	100,38968434E-6	
-1,76800000E+0	102,18445457E-6	
-1,76620000E+0	104,13512620E-6	
-1,76190000E+0	105,03860300E-6	
-1,75740000E+0	105,46440797E-6	
-1,75430000E+0	107,22708651E-6	
-1,75090000E+0	108,64966257E-6	
-1,74740000E+0	109,74831054E-6	
-1,74400000E+0	110,73269390E-6	
-1,74050000E+0	111,10715992E-6	
-1,73720000E+0	111,82263818E-6	
-1,73400000E+0	113,08239518E-6	
-1,73030000E+0	113,16946220E-6	
-1,72580000E+0	114,35715227E-6	
-1,72140000E+0	115,06166132E-6	
-1,71830000E+0	115,51518975E-6	
-1,71500000E+0	116,01407549E-6	
-1,71160000E+0	116,05402177E-6	
-1,70790000E+0	116,60645877E-6	
-1,70340000E+0	116,43093748E-6	
-1,69910000E+0	115,65490810E-6	
-1,69590000E+0	114,77600949E-6	
-1,69260000E+0	114,65818534E-6	
-1,68910000E+0	114,97168172E-6	
-1,68570000E+0	115,07026253E-6	
-1,68060000E+0	114,36950696E-6	
-1,67880000E+0	115,05751669E-6	
-1,67570000E+0	114,72961392E-6	
-1,67200000E+0	114,85754741E-6	
-1,66760000E+0	114,84877301E-6	
-1,66330000E+0	113,90238990E-6	
-1,66000000E+0	114,65306283E-6	
-1,65660000E+0	113,87859960E-6	
-1,65330000E+0	113,35587722E-6	
-1,64960000E+0	112,42447037E-6	
-1,64530000E+0	112,50081410E-6	
-1,64110000E+0	112,21313792E-6	
-1,63920000E+0	111,47224472E-6	
-1,63580000E+0	111,16611857E-6	
-1,63250000E+0	110,45124632E-6	
-1,62720000E+0	110,95221823E-6	
-1,62400000E+0	111,84644938E-6	
-1,62030000E+0	112,26262728E-6	
-1,61870000E+0	112,77089288E-6	
-1,61460000E+0	113,57734037E-6	
-1,61000000E+0	113,65344389E-6	
-1,60670000E+0	114,90532762E-6	
-1,60340000E+0	116,30839090E-6	
-1,59980000E+0	117,68607096E-6	
-1,59650000E+0	118,78204346E-6	
-1,59290000E+0	120,47516370E-6	
-1,58940000E+0	121,81697441E-6	
-1,58600000E+0	123,40728263E-6	
-1,58250000E+0	125,86401092E-6	
-1,57900000E+0	127,30076159E-6	
-1,57400000E+0	129,46000293E-6	
-1,57050000E+0	131,39727835E-6	
-1,56720000E+0	132,12850410E-6	
-1,56360000E+0	134,36201343E-6	
-1,56090000E+0	136,05921451E-6	
-1,55650000E+0	136,99102866E-6	
-1,55320000E+0	138,99164895E-6	
-1,55000000E+0	141,66257524E-6	
-1,54650000E+0	143,01306138E-6	
-1,54300000E+0	143,24391377E-6	
-1,53850000E+0	144,59677814E-6	
-1,53430000E+0	145,68331683E-6	
-1,53070000E+0	146,84708239E-6	
-1,52920000E+0	147,84564597E-6	
-1,52560000E+0	148,35202175E-6	
-1,52050000E+0	148,86388413E-6	
-1,51690000E+0	149,60068263E-6	
-1,51360000E+0	149,96463182E-6	
-1,51020000E+0	150,98200742E-6	
-1,50760000E+0	151,57020620E-6	
-1,50310000E+0	151,99340569E-6	
-1,49980000E+0	152,36841625E-6	
-1,49620000E+0	152,45873291E-6	
-1,49290000E+0	152,66644887E-6	
-1,48950000E+0	151,68452464E-6	
-1,48580000E+0	151,81334979E-6	
-1,48120000E+0	151,20585667E-6	
-1,47690000E+0	150,37112259E-6	
-1,47380000E+0	149,87918126E-6	
-1,47020000E+0	149,73554622E-6	
-1,46710000E+0	149,18677950E-6	
-1,46330000E+0	148,99969914E-6	
-1,45880000E+0	148,21713744E-6	
-1,45450000E+0	148,29615384E-6	
-1,45310000E+0	148,65536251E-6	
-1,44970000E+0	148,32641270E-6	
-1,44460000E+0	148,42083404E-6	
-1,44090000E+0	149,12379958E-6	
-1,43730000E+0	150,91686965E-6	
-1,43400000E+0	151,74787722E-6	
-1,43040000E+0	152,93551590E-6	
-1,42690000E+0	154,02230696E-6	
-1,42370000E+0	155,76390648E-6	
-1,41840000E+0	155,97994103E-6	
-1,41670000E+0	157,47649773E-6	
-1,41350000E+0	159,13000220E-6	
-1,40980000E+0	160,55911844E-6	
-1,40560000E+0	161,45758843E-6	
-1,40130000E+0	163,28727525E-6	
-1,39960000E+0	164,28333576E-6	
-1,39620000E+0	165,45511922E-6	
-1,39110000E+0	167,69575896E-6	
-1,38750000E+0	169,53804684E-6	
-1,38400000E+0	169,48284567E-6	
-1,38050000E+0	170,49939030E-6	
-1,37690000E+0	171,65022301E-6	
-1,37360000E+0	172,56518432E-6	
-1,37000000E+0	173,10796645E-6	
-1,36510000E+0	173,88242944E-6	
-1,36160000E+0	174,30148817E-6	
-1,35960000E+0	174,69414935E-6	
-1,35640000E+0	175,05417078E-6	
-1,35290000E+0	175,71608490E-6	
-1,34760000E+0	175,91710693E-6	
-1,34440000E+0	175,93961855E-6	
-1,34070000E+0	174,42329396E-6	
-1,33710000E+0	173,98966017E-6	
-1,33400000E+0	174,32125860E-6	
-1,33040000E+0	173,86070159E-6	
-1,32590000E+0	173,04354984E-6	
-1,32180000E+0	172,70969419E-6	
-1,31820000E+0	171,99953721E-6	
-1,31680000E+0	171,65999801E-6	
-1,31150000E+0	172,96559821E-6	
-1,30800000E+0	172,98462966E-6	
-1,30440000E+0	172,63208792E-6	
-1,30110000E+0	172,83222595E-6	
-1,29770000E+0	173,41019359E-6	
-1,29440000E+0	174,89181669E-6	
-1,29080000E+0	176,49463838E-6	
-1,28730000E+0	177,66170058E-6	
-1,28350000E+0	179,71135774E-6	
-1,28000000E+0	180,60033525E-6	
-1,27780000E+0	182,02558001E-6	
-1,27320000E+0	183,14032227E-6	
-1,26790000E+0	184,51534796E-6	
-1,26610000E+0	179,49813716E-6	
-1,26260000E+0	176,32190822E-6	
-1,25940000E+0	180,40529019E-6	
-1,25560000E+0	183,52831950E-6	
-1,25070000E+0	186,46541029E-6	
-1,24720000E+0	188,57504966E-6	
-1,24360000E+0	189,17785987E-6	
-1,24030000E+0	190,28797236E-6	
-1,23670000E+0	192,26134595E-6	
-1,23330000E+0	192,79154233E-6	
-1,22800000E+0	193,37852060E-6	
-1,22450000E+0	194,06175445E-6	
-1,22130000E+0	193,48306039E-6	
-1,21780000E+0	193,60215385E-6	
-1,21460000E+0	193,54203572E-6	
-1,21110000E+0	192,80091250E-6	
-1,20760000E+0	192,89447163E-6	
-1,20400000E+0	193,02332708E-6	
-1,20070000E+0	192,90104410E-6	
-1,19630000E+0	192,24817125E-6	
-1,19220000E+0	192,56390298E-6	
-1,18860000E+0	192,21456749E-6	
-1,18510000E+0	192,99571758E-6	
-1,18350000E+0	193,67082694E-6	
-1,17960000E+0	194,70735445E-6	
-1,17480000E+0	196,41206977E-6	
-1,17130000E+0	197,77370082E-6	
-1,16770000E+0	199,40222565E-6	
-1,16420000E+0	201,24048744E-6	
-1,16100000E+0	202,33032461E-6	
-1,15730000E+0	203,28896013E-6	
-1,15380000E+0	204,42394641E-6	
-1,15040000E+0	205,65730782E-6	
-1,14710000E+0	207,24407223E-6	
-1,14370000E+0	207,64925426E-6	
-1,13860000E+0	208,75595241E-6	
-1,13490000E+0	210,20676495E-6	
-1,13150000E+0	211,61367858E-6	
-1,12800000E+0	211,60001517E-6	
-1,12440000E+0	211,43670952E-6	
-1,12130000E+0	211,28186775E-6	
-1,11670000E+0	210,59810984E-6	
-1,11420000E+0	210,38412881E-6	
-1,11100000E+0	209,72640482E-6	
-1,10750000E+0	209,56350508E-6	
-1,10410000E+0	209,47453028E-6	
-1,09880000E+0	209,42105606E-6	
-1,09530000E+0	208,68102134E-6	
-1,09170000E+0	209,06075320E-6	
-1,08860000E+0	210,12234464E-6	
-1,08520000E+0	210,76312447E-6	
-1,08170000E+0	212,33902726E-6	
-1,07790000E+0	213,23614298E-6	
-1,07260000E+0	214,59936648E-6	
-1,06910000E+0	215,21755802E-6	
-1,06730000E+0	216,60707943E-6	
-1,06430000E+0	217,91474117E-6	
-1,05900000E+0	218,93405318E-6	
-1,05540000E+0	218,53753414E-6	
-1,05190000E+0	219,86806255E-6	
-1,05010000E+0	221,10689806E-6	
-1,04620000E+0	221,90755377E-6	
-1,04180000E+0	222,39237167E-6	
-1,03830000E+0	222,48711052E-6	
-1,03470000E+0	222,40405359E-6	
-1,03120000E+0	221,86429608E-6	
-1,02760000E+0	221,89150506E-6	
-1,02440000E+0	221,14468924E-6	
-1,01910000E+0	221,61535711E-6	
-1,01560000E+0	220,83663648E-6	
-1,01380000E+0	220,72485636E-6	
-1,01060000E+0	220,25792897E-6	
-1,00550000E+0	220,61203296E-6	
-1,00190000E+0	221,84139334E-6	
-998,40000000E-3	223,49750276E-6	
-994,80000000E-3	225,32171237E-6	
-991,30000000E-3	227,03020898E-6	
-988,10000000E-3	227,92868327E-6	
-983,00000000E-3	228,61059655E-6	
-979,40000000E-3	230,29129219E-6	
-975,70000000E-3	231,38325813E-6	
-973,90000000E-3	232,81063529E-6	
-970,30000000E-3	233,95156376E-6	
-966,20000000E-3	234,26214455E-6	
-962,10000000E-3	234,45401061E-6	
-958,50000000E-3	234,07762809E-6	
-955,00000000E-3	234,25051557E-6	
-951,40000000E-3	233,51560546E-6	
-947,90000000E-3	232,99025807E-6	
-943,70000000E-3	233,02634493E-6	
-941,20000000E-3	232,75137715E-6	
-937,80000000E-3	233,41647972E-6	
-934,50000000E-3	233,69813273E-6	
-930,90000000E-3	234,12356135E-6	
-926,40000000E-3	235,10154200E-6	
-922,10000000E-3	235,28701230E-6	
-920,30000000E-3	236,07142605E-6	
-917,10000000E-3	237,99697230E-6	
-913,00000000E-3	240,64697951E-6	
-908,50000000E-3	241,73818189E-6	
-905,10000000E-3	242,55850500E-6	
-901,40000000E-3	242,85849217E-6	
-897,80000000E-3	243,21969127E-6	
-894,70000000E-3	243,22715733E-6	
-890,50000000E-3	242,34121800E-6	
-886,00000000E-3	242,39499522E-6	
-882,60000000E-3	242,39971785E-6	
-878,90000000E-3	241,93448135E-6	
-875,10000000E-3	242,12814869E-6	
-871,80000000E-3	243,74902477E-6	
-868,60000000E-3	244,30306015E-6	
-864,10000000E-3	245,04885352E-6	
-859,80000000E-3	246,60848523E-6	
-856,40000000E-3	248,74166052E-6	
-854,80000000E-3	251,34371339E-6	
-849,50000000E-3	252,37680635E-6	
-846,20000000E-3	252,58614897E-6	
-842,60000000E-3	252,34650226E-6	
-839,10000000E-3	252,46890894E-6	
-835,90000000E-3	252,26876773E-6	
-832,60000000E-3	251,84155838E-6	
-829,00000000E-3	251,32146529E-6	
-825,50000000E-3	251,01877639E-6	
-821,90000000E-3	251,34803485E-6	
-818,40000000E-3	252,61242626E-6	
-814,80000000E-3	253,35896491E-6	
-810,90000000E-3	254,19101423E-6	
-808,10000000E-3	255,94443458E-6	
-804,80000000E-3	257,23602238E-6	
-801,20000000E-3	257,55621439E-6	
-797,70000000E-3	258,19723037E-6	
-792,70000000E-3	260,18561013E-6	
-789,20000000E-3	260,85168915E-6	
-785,60000000E-3	259,88967855E-6	
-782,30000000E-3	259,52226213E-6	
-778,70000000E-3	259,55284819E-6	
-775,40000000E-3	260,29980001E-6	
-771,60000000E-3	260,87019064E-6	
-766,40000000E-3	261,10419490E-6	
-764,70000000E-3	262,72383121E-6	
-761,10000000E-3	263,59729389E-6	
-757,80000000E-3	265,14277202E-6	
-752,60000000E-3	266,68324462E-6	
-749,30000000E-3	267,33611149E-6	
-745,70000000E-3	267,60919125E-6	
-742,20000000E-3	-154,02637627E-6	
-738,60000000E-3	-752,70067193E-6	
-735,50000000E-3	-219,76703738E-6	
-730,10000000E-3	-20,27285988E-6	
-726,80000000E-3	62,40857499E-6	
-725,00000000E-3	97,33780609E-6	
-721,50000000E-3	121,21884083E-6	
-717,90000000E-3	139,17967377E-6	
-712,80000000E-3	152,89224003E-6	
-709,20000000E-3	165,99248697E-6	
-707,90000000E-3	177,12821614E-6	
-704,30000000E-3	185,34430693E-6	
-699,40000000E-3	190,22143000E-6	
-695,60000000E-3	194,76569305E-6	
-692,10000000E-3	200,47502065E-6	
-688,50000000E-3	204,66633309E-6	
-685,40000000E-3	208,95469326E-6	
-681,80000000E-3	212,89901582E-6	
-678,10000000E-3	218,89997490E-6	
-673,00000000E-3	223,43844106E-6	
-669,40000000E-3	225,69186429E-6	
-665,90000000E-3	225,95748949E-6	
-662,30000000E-3	228,43438098E-6	
-659,40000000E-3	230,13910641E-6	
-655,80000000E-3	232,94948236E-6	
-650,70000000E-3	234,51974200E-6	
-648,70000000E-3	237,84700621E-6	
-645,20000000E-3	241,31456120E-6	
-642,00000000E-3	243,49533559E-6	
-637,90000000E-3	246,07806664E-6	
-633,30000000E-3	248,48261406E-6	
-630,00000000E-3	250,48514853E-6	
-626,20000000E-3	250,65175116E-6	
-622,70000000E-3	251,43084721E-6	
-619,70000000E-3	254,15281545E-6	
-616,20000000E-3	255,41165340E-6	
-612,60000000E-3	254,73708380E-6	
-609,10000000E-3	255,97391087E-6	
-605,50000000E-3	256,19774099E-6	
-602,00000000E-3	256,29243771E-6	
-598,10000000E-3	257,38401436E-6	
-593,70000000E-3	258,62740387E-6	
-591,70000000E-3	260,05261420E-6	
-588,40000000E-3	260,66708122E-6	
-583,80000000E-3	263,15179695E-6	
-579,90000000E-3	263,39983503E-6	
-576,40000000E-3	261,85008726E-6	
-574,80000000E-3	260,65661964E-6	
-571,20000000E-3	261,61179091E-6	
-567,50000000E-3	263,52131151E-6	
-563,00000000E-3	266,27604542E-6	
-558,40000000E-3	268,15754002E-6	
-555,00000000E-3	267,61786408E-6	
-551,30000000E-3	267,66720836E-6	
-548,00000000E-3	268,37307281E-6	
-544,40000000E-3	270,31653464E-6	
-540,70000000E-3	271,17760541E-6	
-536,90000000E-3	271,97767496E-6	
-533,40000000E-3	274,77649459E-6	
-529,80000000E-3	273,66785677E-6	
-526,00000000E-3	272,97336410E-6	
-522,30000000E-3	273,70170276E-6	
-518,70000000E-3	274,95153422E-6	
-515,20000000E-3	275,31739206E-6	
-511,40000000E-3	275,22454594E-6	
-507,10000000E-3	276,30886198E-6	
-504,50000000E-3	277,29424604E-6	
-500,50000000E-3	277,01538147E-6	
-497,00000000E-3	276,97041287E-6	
-493,40000000E-3	277,23035837E-6	
-489,70000000E-3	278,38472473E-6	
-486,10000000E-3	280,01350869E-6	
-482,40000000E-3	281,87612046E-6	
-478,80000000E-3	282,60077867E-6	
-475,30000000E-3	283,08200366E-6	
-471,50000000E-3	282,35958176E-6	
-468,00000000E-3	282,40811458E-6	
-466,20000000E-3	283,63621309E-6	
-462,50000000E-3	284,63180312E-6	
-458,90000000E-3	285,18408342E-6	
-455,20000000E-3	285,40360165E-6	
-451,40000000E-3	285,10893821E-6	
-448,10000000E-3	287,26271857E-6	
-443,30000000E-3	287,99467496E-6	
-439,00000000E-3	288,91619322E-6	
-435,40000000E-3	289,45922791E-6	
-431,70000000E-3	289,55968232E-6	
-428,20000000E-3	290,19327327E-6	
-424,40000000E-3	291,14509607E-6	
-420,90000000E-3	291,60935536E-6	
-417,10000000E-3	292,85599374E-6	
-413,30000000E-3	293,17610870E-6	
-409,60000000E-3	295,14062837E-6	
-407,80000000E-3	295,72677245E-6	
-404,30000000E-3	295,29223413E-6	
-399,70000000E-3	296,22357460E-6	
-395,60000000E-3	297,88992796E-6	
-391,80000000E-3	298,29181565E-6	
-388,10000000E-3	298,98560178E-6	
-384,50000000E-3	299,61969666E-6	
-380,80000000E-3	300,66014694E-6	
-377,20000000E-3	301,91525276E-6	
-375,50000000E-3	303,04973073E-6	
-371,70000000E-3	302,74331726E-6	
-368,00000000E-3	303,43916498E-6	
-364,40000000E-3	304,78477379E-6	
-359,90000000E-3	304,09906531E-6	
-357,10000000E-3	304,54789566E-6	
-353,60000000E-3	305,40630545E-6	
-349,80000000E-3	305,42613467E-6	
-346,50000000E-3	306,54298119E-6	
-342,70000000E-3	305,96403272E-6	
-339,20000000E-3	306,09814427E-6	
-335,40000000E-3	306,80016480E-6	
-331,80000000E-3	308,63059773E-6	
-328,10000000E-3	309,96690071E-6	
-324,30000000E-3	310,41047087E-6	
-320,80000000E-3	310,82670074E-6	
-317,20000000E-3	310,77194396E-6	
-313,70000000E-3	311,01897908E-6	
-310,10000000E-3	310,36314789E-6	
-306,40000000E-3	311,69926776E-6	
-303,00000000E-3	312,29425632E-6	
-299,50000000E-3	312,27936119E-6	
-295,70000000E-3	313,66763485E-6	
-291,90000000E-3	313,58526423E-6	
-288,40000000E-3	314,00362850E-6	
-284,70000000E-3	314,49448674E-6	
-281,30000000E-3	314,95080691E-6	
-277,30000000E-3	315,50157824E-6	
-274,00000000E-3	315,97521054E-6	
-270,20000000E-3	316,91931019E-6	
-266,40000000E-3	319,18130919E-6	
-264,70000000E-3	319,33899405E-6	
-260,10000000E-3	320,01381295E-6	
-256,70000000E-3	321,06472607E-6	
-252,00000000E-3	321,69024637E-6	
-248,40000000E-3	321,81268338E-6	
-244,70000000E-3	321,39596577E-6	
-242,90000000E-3	323,01605047E-6	
-239,40000000E-3	321,95739426E-6	
-235,80000000E-3	323,67332107E-6	
-232,00000000E-3	324,52163818E-6	
-228,50000000E-3	324,83563170E-6	
-224,70000000E-3	325,72120434E-6	
-221,00000000E-3	325,74195654E-6	
-216,60000000E-3	327,33363897E-6	
-211,90000000E-3	327,80154409E-6	
-208,50000000E-3	328,21886635E-6	
-205,00000000E-3	328,53283322E-6	
-201,40000000E-3	329,47155200E-6	
-197,90000000E-3	329,08916149E-6	
-194,10000000E-3	328,51654573E-6	
-190,40000000E-3	329,00185638E-6	
-186,80000000E-3	330,33245232E-6	
-183,10000000E-3	331,55624163E-6	
-179,50000000E-3	331,51924935E-6	
-176,00000000E-3	331,87279765E-6	
-172,20000000E-3	332,52749775E-6	
-168,50000000E-3	333,07308273E-6	
-165,10000000E-3	333,73337141E-6	
-160,60000000E-3	334,14170838E-6	
-157,00000000E-3	333,75713371E-6	
-154,20000000E-3	334,00188386E-6	
-150,50000000E-3	334,19072697E-6	
-146,70000000E-3	334,73684233E-6	
-143,20000000E-3	335,65012248E-6	
-139,60000000E-3	337,15157310E-6	
-135,90000000E-3	337,62224869E-6	
-132,40000000E-3	337,75428032E-6	
-128,60000000E-3	337,42886207E-6	
-124,80000000E-3	337,98106105E-6	
-121,50000000E-3	337,73105394E-6	
-117,90000000E-3	337,30787757E-6	
-114,40000000E-3	336,50941957E-6	
-110,70000000E-3	337,39451696E-6	
-108,90000000E-3	337,49838683E-6	
-105,10000000E-3	338,23690901E-6	
-101,40000000E-3	339,12421326E-6	
-97,80000000E-3	338,99151104E-6	
-93,30000000E-3	339,62274584E-6	
-88,80000000E-3	340,46250884E-6	
-85,00000000E-3	341,75796819E-6	
-81,30000000E-3	343,03444617E-6	
-77,90000000E-3	343,88524370E-6	
-74,60000000E-3	345,09194759E-6	
-70,70000000E-3	345,99184806E-6	
-67,10000000E-3	347,16716057E-6	
-63,60000000E-3	347,66639097E-6	
-59,80000000E-3	349,04627215E-6	
-58,00000000E-3	350,20211129E-6	
-53,50000000E-3	353,49039104E-6	
-49,80000000E-3	354,78681761E-6	
-45,20000000E-3	356,72628132E-6	
-41,50000000E-3	358,72469419E-6	
-38,10000000E-3	359,02515449E-6	
-34,40000000E-3	361,01943519E-6	
-30,80000000E-3	362,22730261E-6	
-27,10000000E-3	363,43216168E-6	
-23,70000000E-3	363,92624517E-6	
-21,80000000E-3	365,03033788E-6	
-17,80000000E-3	366,12933542E-6	
-14,20000000E-3	366,50332256E-6	
-10,30000000E-3	367,27615844E-6	
-6,70000000E-3	369,14166410E-6	
-3,20000000E-3	369,64238520E-6	
800,00000000E-6	369,88267429E-6	
4,30000000E-3	369,92397574E-6	
8,20000000E-3	370,56375461E-6	
11,80000000E-3	371,65882122E-6	
15,40000000E-3	370,72008446E-6	
19,30000000E-3	370,95097126E-6	
22,60000000E-3	372,41549336E-6	
26,20000000E-3	373,39987639E-6	
29,90000000E-3	373,52634087E-6	
31,70000000E-3	374,45937365E-6	
35,60000000E-3	375,16613275E-6	
39,20000000E-3	375,77842975E-6	
43,10000000E-3	376,97557487E-6	
46,70000000E-3	378,41816683E-6	
50,40000000E-3	379,42730102E-6	
54,10000000E-3	380,83623237E-6	
57,80000000E-3	382,16666683E-6	
61,60000000E-3	384,37441852E-6	
64,90000000E-3	384,70385992E-6	
69,80000000E-3	387,01812422E-6	
72,00000000E-3	388,08338395E-6	
75,70000000E-3	388,92550538E-6	
79,40000000E-3	389,77596836E-6	
83,00000000E-3	390,58365120E-6	
86,70000000E-3	392,17954304E-6	
90,30000000E-3	393,38598091E-6	
93,80000000E-3	394,45001988E-6	
97,60000000E-3	395,21744613E-6	
101,30000000E-3	396,38075899E-6	
104,80000000E-3	395,71843004E-6	
108,20000000E-3	396,08426721E-6	
111,90000000E-3	396,19034000E-6	
115,50000000E-3	397,09739290E-6	
117,20000000E-3	397,18693766E-6	
120,90000000E-3	397,70991942E-6	
124,70000000E-3	398,52732408E-6	
128,40000000E-3	398,68388445E-6	
132,10000000E-3	399,31760039E-6	
135,90000000E-3	399,95386340E-6	
139,60000000E-3	400,35230453E-6	
143,30000000E-3	401,06210555E-6	
147,10000000E-3	401,60921769E-6	
150,80000000E-3	402,53132377E-6	
154,60000000E-3	403,37254773E-6	
158,30000000E-3	403,78325590E-6	
162,00000000E-3	403,97659544E-6	
165,80000000E-3	405,03039152E-6	
169,50000000E-3	404,20593569E-6	
173,30000000E-3	405,51464489E-6	
177,00000000E-3	407,03621389E-6	
180,70000000E-3	407,58155530E-6	
184,50000000E-3	407,58996194E-6	
188,20000000E-3	408,43417503E-6	
192,00000000E-3	408,58362402E-6	
195,70000000E-3	408,70534890E-6	
199,30000000E-3	409,32178409E-6	
203,20000000E-3	409,45216685E-6	
206,70000000E-3	409,91997338E-6	
208,50000000E-3	410,38451126E-6	
212,60000000E-3	410,37710073E-6	
216,00000000E-3	411,37593836E-6	
219,90000000E-3	412,35146936E-6	
223,50000000E-3	413,03450238E-6	
225,40000000E-3	414,14843243E-6	
229,20000000E-3	415,49623719E-6	
232,90000000E-3	415,74024694E-6	
236,70000000E-3	416,05094863E-6	
240,40000000E-3	416,46624661E-6	
244,20000000E-3	416,56972531E-6	
248,00000000E-3	416,52438825E-6	
251,50000000E-3	417,99650640E-6	
255,50000000E-3	418,68830538E-6	
258,80000000E-3	419,05477610E-6	
262,90000000E-3	419,90948674E-6	
266,30000000E-3	420,70029439E-6	
270,40000000E-3	421,45110005E-6	
273,80000000E-3	421,55237136E-6	
277,90000000E-3	422,67983132E-6	
281,30000000E-3	422,52190217E-6	
285,20000000E-3	423,36791686E-6	
288,80000000E-3	423,69707047E-6	
292,70000000E-3	423,69879393E-6	
296,30000000E-3	424,19039081E-6	
299,80000000E-3	425,25521934E-6	
303,70000000E-3	426,14229524E-6	
307,30000000E-3	426,80055860E-6	
311,00000000E-3	427,61217856E-6	
314,80000000E-3	427,39953055E-6	
316,80000000E-3	427,61983128E-6	
320,50000000E-3	427,93903639E-6	
324,30000000E-3	428,07641139E-6	
328,00000000E-3	428,43401886E-6	
331,80000000E-3	429,14102446E-6	
333,50000000E-3	430,46370710E-6	
337,30000000E-3	431,08619681E-6	
341,00000000E-3	431,75401904E-6	
344,80000000E-3	432,53464337E-6	
348,50000000E-3	432,35854139E-6	
352,20000000E-3	433,40911103E-6	
356,00000000E-3	433,68179526E-6	
359,70000000E-3	434,10861787E-6	
363,50000000E-3	434,72910507E-6	
367,20000000E-3	435,87133581E-6	
370,90000000E-3	437,71293452E-6	
374,70000000E-3	438,43654196E-6	
378,40000000E-3	438,31759019E-6	
382,10000000E-3	439,23321745E-6	
385,90000000E-3	439,80252154E-6	
389,60000000E-3	441,04094090E-6	
393,40000000E-3	441,99674049E-6	
397,10000000E-3	442,87315017E-6	
400,90000000E-3	443,68983257E-6	
404,40000000E-3	444,72494967E-6	
408,40000000E-3	444,24374417E-6	
411,90000000E-3	445,13359725E-6	
415,70000000E-3	445,91432730E-6	
419,40000000E-3	445,46285287E-6	
421,40000000E-3	446,11110811E-6	
425,10000000E-3	447,29317951E-6	
428,80000000E-3	447,31129924E-6	
432,60000000E-3	447,70968398E-6	
436,30000000E-3	447,91937934E-6	
440,10000000E-3	449,19266007E-6	
441,80000000E-3	449,74601115E-6	
445,40000000E-3	450,07529698E-6	
449,30000000E-3	450,81742177E-6	
452,90000000E-3	451,91876263E-6	
456,80000000E-3	452,76566671E-6	
460,40000000E-3	453,34195236E-6	
464,30000000E-3	453,83586944E-6	
467,90000000E-3	454,92182275E-6	
471,60000000E-3	455,78714239E-6	
475,40000000E-3	456,75208165E-6	
479,10000000E-3	457,71551471E-6	
482,80000000E-3	458,24081895E-6	
486,60000000E-3	459,69303895E-6	
490,40000000E-3	460,59200148E-6	
494,10000000E-3	460,13206149E-6	
497,90000000E-3	460,75942202E-6	
501,60000000E-3	462,05777129E-6	
505,40000000E-3	463,46965243E-6	
508,70000000E-3	464,73811766E-6	
510,90000000E-3	464,62652460E-6	
514,40000000E-3	465,10461497E-6	
518,20000000E-3	466,17630889E-6	
521,90000000E-3	466,61811736E-6	
525,70000000E-3	466,80183399E-6	
529,40000000E-3	468,20565689E-6	
533,20000000E-3	468,47857105E-6	
536,90000000E-3	469,44380257E-6	
540,70000000E-3	469,84517524E-6	
542,60000000E-3	471,17542186E-6	
546,20000000E-3	472,94827461E-6	
550,10000000E-3	473,14581846E-6	
553,70000000E-3	473,38909502E-6	
557,50000000E-3	473,65271264E-6	
561,20000000E-3	474,33081678E-6	
565,00000000E-3	475,62230939E-6	
568,50000000E-3	477,05430229E-6	
572,30000000E-3	478,45593412E-6	
575,60000000E-3	479,65881634E-6	
579,40000000E-3	479,84266542E-6	
583,20000000E-3	479,93607471E-6	
586,70000000E-3	480,99197028E-6	
590,50000000E-3	483,01941715E-6	
594,20000000E-3	484,21546362E-6	
598,00000000E-3	484,50504298E-6	
601,80000000E-3	484,71532545E-6	
605,50000000E-3	485,71339915E-6	
609,30000000E-3	485,88273671E-6	
611,10000000E-3	486,99332645E-6	
614,80000000E-3	488,60136352E-6	
618,60000000E-3	489,95030068E-6	
622,90000000E-3	491,02368325E-6	
626,70000000E-3	491,62813428E-6	
631,20000000E-3	491,72228970E-6	
634,60000000E-3	492,12936526E-6	
637,90000000E-3	492,76614755E-6	
641,50000000E-3	493,01858107E-6	
645,20000000E-3	494,55432886E-6	
648,80000000E-3	495,53083426E-6	
652,50000000E-3	496,46043284E-6	
656,10000000E-3	496,65189552E-6	
659,70000000E-3	496,39374206E-6	
663,00000000E-3	497,59146728E-6	
666,40000000E-3	497,98345222E-6	
670,30000000E-3	498,02420219E-6	
673,70000000E-3	500,16772454E-6	
676,50000000E-3	502,07635916E-6	
681,00000000E-3	502,43877858E-6	
684,50000000E-3	503,94188327E-6	
688,10000000E-3	504,69824280E-6	
691,40000000E-3	505,33849398E-6	
695,20000000E-3	506,50398792E-6	
698,80000000E-3	507,71624212E-6	
702,30000000E-3	508,11364167E-6	
705,80000000E-3	508,33799262E-6	
709,60000000E-3	508,37452975E-6	
713,40000000E-3	510,57034516E-6	
716,90000000E-3	511,49732963E-6	
720,50000000E-3	512,23349219E-6	
723,80000000E-3	512,56717300E-6	
727,20000000E-3	512,37888312E-6	
730,50000000E-3	512,13811761E-6	
735,90000000E-3	511,81922717E-6	
739,20000000E-3	512,40050503E-6	
742,80000000E-3	513,43735517E-6	
746,10000000E-3	513,97670335E-6	
749,30000000E-3	514,27498076E-6	
754,50000000E-3	516,12178132E-6	
758,00000000E-3	517,40008749E-6	
761,40000000E-3	518,91891372E-6	
764,80000000E-3	519,44071181E-6	
768,30000000E-3	519,35720685E-6	
771,90000000E-3	519,44644460E-6	
775,20000000E-3	519,36476943E-6	
778,60000000E-3	520,12574665E-6	
781,70000000E-3	519,91214743E-6	
785,70000000E-3	521,16678370E-6	
788,60000000E-3	522,67546528E-6	
792,20000000E-3	523,86954382E-6	
795,80000000E-3	525,45975766E-6	
800,10000000E-3	526,90410855E-6	
804,30000000E-3	528,52070620E-6	
805,80000000E-3	529,27629359E-6	
811,10000000E-3	529,97621120E-6	
813,70000000E-3	530,78463384E-6	
818,10000000E-3	530,54842257E-6	
821,00000000E-3	531,07909599E-6	
824,80000000E-3	530,94175350E-6	
828,10000000E-3	530,90088558E-6	
831,70000000E-3	531,78779017E-6	
836,60000000E-3	532,55905214E-6	
840,00000000E-3	534,37461102E-6	
843,50000000E-3	535,28243910E-6	
847,10000000E-3	536,56071098E-6	
850,60000000E-3	538,07669228E-6	
854,20000000E-3	539,83922814E-6	
858,90000000E-3	541,25273261E-6	
862,50000000E-3	541,47857209E-6	
864,50000000E-3	541,23537789E-6	
867,80000000E-3	541,24614191E-6	
873,10000000E-3	541,34911402E-6	
876,70000000E-3	541,52096896E-6	
879,60000000E-3	541,85601999E-6	
883,00000000E-3	542,35909374E-6	
886,50000000E-3	542,45071374E-6	
890,10000000E-3	543,34438430E-6	
895,20000000E-3	544,36099046E-6	
896,80000000E-3	545,24702600E-6	
900,30000000E-3	547,34824112E-6	
904,70000000E-3	548,67035034E-6	
909,00000000E-3	550,91134559E-6	
912,40000000E-3	552,98122565E-6	
913,70000000E-3	553,44106441E-6	
918,10000000E-3	553,62141892E-6	
922,40000000E-3	553,66806487E-6	
925,80000000E-3	553,54610857E-6	
929,30000000E-3	554,78258105E-6	
932,70000000E-3	554,13488819E-6	
936,20000000E-3	554,44714855E-6	
941,40000000E-3	555,12393918E-6	
944,70000000E-3	554,63551817E-6	
948,30000000E-3	555,52729626E-6	
951,60000000E-3	556,88486157E-6	
955,00000000E-3	557,44905894E-6	
958,70000000E-3	558,04777477E-6	
963,70000000E-3	559,74669928E-6	
965,60000000E-3	561,56216119E-6	
969,00000000E-3	563,27634393E-6	
972,10000000E-3	564,66991130E-6	
977,20000000E-3	565,70602314E-6	
980,80000000E-3	567,41378311E-6	
984,20000000E-3	567,94700467E-6	
987,50000000E-3	568,26193956E-6	
991,10000000E-3	568,96454657E-6	
994,60000000E-3	568,92755392E-6	
998,00000000E-3	568,65373338E-6	
1,00160000E+0	569,11426784E-6	
1,00490000E+0	568,97158261E-6	
1,00930000E+0	569,72136046E-6	
1,01360000E+0	569,77722302E-6	
1,01680000E+0	570,04184491E-6	
1,01860000E+0	580,95870832E-6	
1,02290000E+0	582,16552121E-6	
1,02710000E+0	580,19905430E-6	
1,03040000E+0	578,91984408E-6	
1,03400000E+0	578,52671610E-6	
1,03760000E+0	579,20927746E-6	
1,04110000E+0	580,58603871E-6	
1,04610000E+0	581,77246861E-6	
1,04760000E+0	583,53015248E-6	
1,05300000E+0	584,74369361E-6	
1,05460000E+0	586,16919595E-6	
1,05950000E+0	587,63753612E-6	
1,06320000E+0	588,73336750E-6	
1,06640000E+0	588,44014512E-6	
1,07010000E+0	588,82385629E-6	
1,07350000E+0	589,06518246E-6	
1,07710000E+0	589,15592406E-6	
1,08180000E+0	589,40574625E-6	
1,08530000E+0	589,23005706E-6	
1,08890000E+0	589,76907075E-6	
1,09250000E+0	590,14342920E-6	
1,09600000E+0	590,53052804E-6	
1,09940000E+0	591,47201489E-6	
1,10430000E+0	592,25491515E-6	
1,10610000E+0	591,89597052E-6	
1,10940000E+0	591,69314824E-6	
1,11400000E+0	593,15902778E-6	
1,11810000E+0	594,49257547E-6	
1,12130000E+0	595,64401174E-6	
1,12480000E+0	597,28698149E-6	
1,12840000E+0	598,70016620E-6	
1,13190000E+0	600,26626296E-6	
1,13530000E+0	602,50235978E-6	
1,13860000E+0	603,77876693E-6	
1,14220000E+0	604,90059412E-6	
1,14550000E+0	606,65401470E-6	
1,15080000E+0	608,26582570E-6	
1,15200000E+0	608,89420543E-6	
1,15560000E+0	609,15408220E-6	
1,15910000E+0	609,34220681E-6	
1,16420000E+0	610,12194841E-6	
1,16780000E+0	610,43349168E-6	
1,17100000E+0	610,14041395E-6	
1,17450000E+0	610,72904674E-6	
1,17810000E+0	611,49997160E-6	
1,18160000E+0	611,17450893E-6	
1,18650000E+0	611,06004196E-6	
1,18990000E+0	611,86393078E-6	
1,19350000E+0	611,47059401E-6	
1,19700000E+0	611,72445114E-6	
1,20040000E+0	612,65327626E-6	
1,20410000E+0	612,59557346E-6	
1,20730000E+0	613,16240511E-6	
1,21040000E+0	613,54816801E-6	
1,21400000E+0	614,41743180E-6	
1,21750000E+0	615,73773919E-6	
1,22240000E+0	616,58492935E-6	
1,22580000E+0	617,39992892E-6	
1,22940000E+0	619,35203598E-6	
1,23290000E+0	621,21954234E-6	
1,23650000E+0	622,38831739E-6	
1,24140000E+0	624,51184155E-6	
1,24340000E+0	626,75250806E-6	
1,24670000E+0	628,51675070E-6	
1,24990000E+0	629,82159295E-6	
1,25510000E+0	631,03810251E-6	
1,25860000E+0	631,98911820E-6	
1,26040000E+0	633,09462423E-6	
1,26400000E+0	633,49675109E-6	
1,26890000E+0	633,97972876E-6	
1,27250000E+0	635,06725819E-6	
1,27580000E+0	635,25284739E-6	
1,27920000E+0	636,68466016E-6	
1,28240000E+0	636,52941252E-6	
1,28610000E+0	637,19350018E-6	
1,29120000E+0	637,50929087E-6	
1,29460000E+0	637,78353867E-6	
1,29810000E+0	638,14253841E-6	
1,30130000E+0	638,14605992E-6	
1,30480000E+0	638,71695996E-6	
1,30980000E+0	638,71587736E-6	
1,31180000E+0	638,95577383E-6	
1,31530000E+0	639,58773820E-6	
1,31890000E+0	639,59496664E-6	
1,32220000E+0	639,93910112E-6	
1,32710000E+0	639,66404489E-6	
1,33070000E+0	640,32218418E-6	
1,33420000E+0	641,98022394E-6	
1,33780000E+0	642,82143805E-6	
1,34070000E+0	644,16252601E-6	
1,34610000E+0	643,92044153E-6	
1,34780000E+0	645,44404241E-6	
1,35120000E+0	646,45475882E-6	
1,35470000E+0	648,31928853E-6	
1,35950000E+0	649,86921564E-6	
1,36300000E+0	651,68315357E-6	
1,36500000E+0	653,72451774E-6	
1,36840000E+0	655,07510213E-6	
1,37370000E+0	657,41329696E-6	
1,37700000E+0	659,39448185E-6	
1,38020000E+0	661,60100844E-6	
1,38350000E+0	663,52078302E-6	
1,38710000E+0	664,56694827E-6	
1,39160000E+0	665,05278727E-6	
1,39550000E+0	666,10476638E-6	
1,39890000E+0	666,78596376E-6	
1,40240000E+0	667,38682057E-6	
1,40600000E+0	667,83343726E-6	
1,40950000E+0	668,35373014E-6	
1,41270000E+0	668,77480947E-6	
1,41630000E+0	669,34284617E-6	
1,41980000E+0	669,60591984E-6	
1,42320000E+0	669,98431425E-6	
1,42770000E+0	670,12815488E-6	
1,43160000E+0	670,41989125E-6	
1,43520000E+0	670,66081268E-6	
1,43880000E+0	670,61291203E-6	
1,44210000E+0	671,48203146E-6	
1,44530000E+0	672,34195033E-6	
1,44960000E+0	672,83377162E-6	
1,45410000E+0	673,23605511E-6	
1,45570000E+0	674,18759547E-6	
1,45930000E+0	674,72674107E-6	
1,46420000E+0	675,15722153E-6	
1,46760000E+0	674,68877414E-6	
1,47110000E+0	675,14207132E-6	
1,47470000E+0	676,34553288E-6	
1,47780000E+0	677,49256726E-6	
1,48240000E+0	678,80501748E-6	
1,48450000E+0	679,43847297E-6	
1,48810000E+0	680,58752800E-6	
1,49160000E+0	681,74479038E-6	
1,49520000E+0	682,93583605E-6	
1,50010000E+0	684,43866905E-6	
1,50210000E+0	685,15424151E-6	
1,50530000E+0	686,08963977E-6	
1,50990000E+0	687,97578487E-6	
1,51420000E+0	690,05342277E-6	
1,51760000E+0	691,99271904E-6	
1,52110000E+0	693,66733411E-6	
1,52430000E+0	695,74882474E-6	
1,52760000E+0	698,18075530E-6	
1,53240000E+0	700,55710891E-6	
1,53650000E+0	702,21162337E-6	
1,53990000E+0	702,15684590E-6	
1,54340000E+0	-200,75820895E-6	
1,54660000E+0	-483,98280467E-6	
1,55000000E+0	34,16802973E-6	
1,55430000E+0	210,94663927E-6	
1,55880000E+0	327,50743397E-6	
1,56040000E+0	419,01545137E-6	
1,56400000E+0	470,92291103E-6	
1,56890000E+0	512,67511221E-6	
1,57240000E+0	552,82483117E-6	
1,57600000E+0	575,69503518E-6	
1,57910000E+0	592,92195181E-6	
1,58230000E+0	605,96128705E-6	
1,58680000E+0	614,04284315E-6	
1,58940000E+0	621,31784212E-6	
1,59300000E+0	627,08358521E-6	
1,59630000E+0	634,35908962E-6	
1,59990000E+0	639,47782570E-6	
1,60480000E+0	643,99647202E-6	
1,60840000E+0	647,75880648E-6	
1,60990000E+0	650,47822702E-6	
1,61430000E+0	653,35291203E-6	
1,61840000E+0	656,67883779E-6	
1,62200000E+0	659,83656455E-6	
1,62550000E+0	661,35730383E-6	
1,62910000E+0	662,54926280E-6	
1,63260000E+0	664,25247535E-6	
1,63560000E+0	666,91529464E-6	
1,64090000E+0	669,19652807E-6	
1,64270000E+0	670,57788911E-6	
1,64620000E+0	671,83183733E-6	
1,65050000E+0	673,58764107E-6	
1,65450000E+0	674,35896107E-6	
1,65810000E+0	675,68993412E-6	
1,66160000E+0	678,16683553E-6	
1,66520000E+0	678,49041103E-6	
1,66830000E+0	679,03752111E-6	
1,67340000E+0	681,04832823E-6	
1,67500000E+0	682,71787914E-6	
1,67850000E+0	684,11123776E-6	
1,68210000E+0	684,56680454E-6	
1,68690000E+0	685,23306640E-6	
1,69040000E+0	686,21020943E-6	
1,69400000E+0	687,44042811E-6	
1,69750000E+0	689,08677862E-6	
1,70110000E+0	689,59467532E-6	
1,70460000E+0	689,71549395E-6	
1,70770000E+0	691,48082123E-6	
1,71090000E+0	692,83501799E-6	
1,71440000E+0	696,08800584E-6	
1,71860000E+0	697,76656389E-6	
1,72270000E+0	700,29172038E-6	
1,72630000E+0	702,38007464E-6	
1,72980000E+0	703,88625347E-6	
1,73340000E+0	706,07674818E-6	
1,73690000E+0	708,78884193E-6	
1,74110000E+0	711,44678371E-6	
1,74520000E+0	713,47741405E-6	
1,74880000E+0	715,02597954E-6	
1,75230000E+0	716,36100544E-6	
1,75550000E+0	717,63698739E-6	
1,76010000E+0	720,92941054E-6	
1,76420000E+0	721,77022809E-6	
1,76580000E+0	722,57703326E-6	
1,76940000E+0	723,63417147E-6	
1,77270000E+0	724,89352511E-6	
1,77760000E+0	725,49714326E-6	
1,78160000E+0	726,74404070E-6	
1,78480000E+0	728,06716625E-6	
1,78830000E+0	730,58011906E-6	
1,79170000E+0	731,06846523E-6	
1,79520000E+0	731,65244686E-6	
1,79960000E+0	732,84579057E-6	
1,80390000E+0	733,36613713E-6	
1,80730000E+0	734,75154567E-6	
1,80930000E+0	735,52213136E-6	
1,81420000E+0	735,73324209E-6	
1,81770000E+0	736,23785676E-6	
1,82110000E+0	737,60516760E-6	
1,82460000E+0	739,22195933E-6	
1,82780000E+0	741,90455353E-6	
1,83140000E+0	743,84665802E-6	
1,83490000E+0	745,12469816E-6	
1,83840000E+0	745,25624185E-6	
1,84160000E+0	746,39031599E-6	
1,84500000E+0	747,77551357E-6	
1,85010000E+0	750,45702170E-6	
1,85210000E+0	751,30457666E-6	
1,85560000E+0	751,18848512E-6	
1,85860000E+0	751,47465889E-6	
1,86310000E+0	751,05888381E-6	
1,86740000E+0	751,83687131E-6	
1,87100000E+0	752,80117267E-6	
1,87440000E+0	753,51711693E-6	
1,87730000E+0	754,49390584E-6	
1,88110000E+0	755,07003198E-6	
1,88640000E+0	756,19717696E-6	
1,88990000E+0	757,47364859E-6	
1,89350000E+0	758,09171850E-6	
1,89680000E+0	758,98542253E-6	
1,90020000E+0	759,57235776E-6	
1,90350000E+0	760,27013667E-6	
1,90690000E+0	761,47712051E-6	
1,91040000E+0	765,93281094E-6	
1,91380000E+0	767,70041383E-6	
1,91710000E+0	792,92686830E-6	
1,92150000E+0	802,30968658E-6	
1,92580000E+0	802,63374191E-6	
1,92940000E+0	802,80919858E-6	
1,93270000E+0	806,29862127E-6	
1,93490000E+0	806,83872262E-6	
1,93960000E+0	806,75610825E-6	
1,94320000E+0	807,77470665E-6	
1,94670000E+0	808,60106261E-6	
1,94990000E+0	809,24361796E-6	
1,95300000E+0	810,60989473E-6	
1,95660000E+0	812,44510705E-6	
1,96010000E+0	814,65638525E-6	
1,96370000E+0	815,87645704E-6	
1,96720000E+0	818,43702546E-6	
1,97200000E+0	821,17382365E-6	
1,97550000E+0	823,51514376E-6	
1,97910000E+0	825,45936363E-6	
1,98260000E+0	826,95847049E-6	
1,98620000E+0	828,16483346E-6	
1,98950000E+0	830,53202655E-6	
1,99370000E+0	834,41227357E-6	
1,99790000E+0	835,78444633E-6	
2,00080000E+0	837,59787193E-6	
2,00200000E+0	839,49100674E-6	
2,00420000E+0	841,25418225E-6	
2,00560000E+0	843,35501486E-6	
2,00620000E+0	843,04461800E-6	
2,00600000E+0	842,25734467E-6	
2,00540000E+0	842,74869636E-6	
2,00450000E+0	848,84781331E-6	
2,00330000E+0	851,36905270E-6	
2,00190000E+0	853,27366289E-6	
2,00060000E+0	853,45710411E-6	
1,99980000E+0	852,20676249E-6	
1,99940000E+0	850,47826540E-6	
1,99890000E+0	849,63874637E-6	
1,99830000E+0	848,83821063E-6	
1,99820000E+0	847,43955313E-6	
1,99800000E+0	846,91962149E-6	
1,99800000E+0	847,57474841E-6	
1,99810000E+0	847,25519590E-6	
1,99820000E+0	847,39021601E-6	
1,99820000E+0	847,03709400E-6	
1,99840000E+0	847,42348869E-6	
1,99850000E+0	848,01329366E-6	
1,99860000E+0	848,25024471E-6	
1,99880000E+0	848,52417320E-6	
1,99900000E+0	848,14629060E-6	
