-1,00000000E+0	249,73230668E-6	
-999,60000000E-3	249,73243987E-6	
-998,50000000E-3	249,92587568E-6	
-997,00000000E-3	250,33004177E-6	
-995,30000000E-3	250,39560340E-6	
-993,20000000E-3	251,41623899E-6	
-990,20000000E-3	252,22396711E-6	
-988,40000000E-3	253,18472618E-6	
-985,80000000E-3	254,47134145E-6	
-983,00000000E-3	255,85603835E-6	
-980,00000000E-3	256,55707002E-6	
-975,60000000E-3	257,37044958E-6	
-974,20000000E-3	258,07071891E-6	
-971,40000000E-3	258,29601505E-6	
-968,20000000E-3	258,19737947E-6	
-963,30000000E-3	258,47197931E-6	
-959,80000000E-3	258,58484645E-6	
-956,50000000E-3	257,99325669E-6	
-953,40000000E-3	257,31598464E-6	
-950,40000000E-3	256,56759553E-6	
-947,00000000E-3	256,36235496E-6	
-943,40000000E-3	256,36788076E-6	
-940,10000000E-3	256,95815992E-6	
-936,90000000E-3	257,39848371E-6	
-933,60000000E-3	258,77972412E-6	
-928,60000000E-3	260,01366746E-6	
-925,10000000E-3	261,75762326E-6	
-923,50000000E-3	263,58881585E-6	
-918,90000000E-3	265,34559284E-6	
-915,40000000E-3	265,88810559E-6	
-912,10000000E-3	266,29814548E-6	
-909,00000000E-3	267,67413455E-6	
-904,90000000E-3	268,02876550E-6	
-900,60000000E-3	268,11823532E-6	
-897,30000000E-3	268,07430790E-6	
-894,40000000E-3	267,82225965E-6	
-891,00000000E-3	267,32645210E-6	
-887,50000000E-3	266,62689971E-6	
-884,20000000E-3	267,25180974E-6	
-879,50000000E-3	268,26238044E-6	
-876,20000000E-3	268,61400960E-6	
-874,40000000E-3	268,96880438E-6	
-869,60000000E-3	270,05496780E-6	
-866,40000000E-3	271,06559037E-6	
-862,90000000E-3	272,29823834E-6	
-859,60000000E-3	273,71608905E-6	
-854,60000000E-3	275,43132259E-6	
-851,50000000E-3	276,18077074E-6	
-848,00000000E-3	276,79491295E-6	
-844,90000000E-3	276,39111794E-6	
-841,00000000E-3	276,13598320E-6	
-838,20000000E-3	275,26730754E-6	
-834,90000000E-3	274,57609995E-6	
-831,00000000E-3	274,88124433E-6	
-826,80000000E-3	275,31772072E-6	
-823,30000000E-3	275,72902563E-6	
-820,00000000E-3	276,65380312E-6	
-816,10000000E-3	278,04089929E-6	
-812,00000000E-3	279,30317712E-6	
-808,40000000E-3	280,57530751E-6	
-805,30000000E-3	282,27932683E-6	
-801,20000000E-3	282,87106638E-6	
-797,00000000E-3	283,96534983E-6	
-795,30000000E-3	284,48783862E-6	
-790,60000000E-3	284,06628799E-6	
-787,20000000E-3	283,75171038E-6	
-783,90000000E-3	283,40334371E-6	
-780,60000000E-3	283,30924634E-6	
-777,20000000E-3	283,81416470E-6	
-773,90000000E-3	284,06624751E-6	
-770,70000000E-3	284,95605094E-6	
-765,80000000E-3	286,04852307E-6	
-762,20000000E-3	287,79616761E-6	
-758,90000000E-3	288,76065553E-6	
-755,70000000E-3	289,93747545E-6	
-750,80000000E-3	290,95925195E-6	
-747,30000000E-3	290,84440540E-6	
-745,50000000E-3	290,64780641E-6	
-741,80000000E-3	290,35253559E-6	
-737,50000000E-3	289,88074946E-6	
-734,10000000E-3	290,27608225E-6	
-730,60000000E-3	292,12094684E-6	
-726,90000000E-3	293,71953379E-6	
-722,50000000E-3	294,58906596E-6	
-719,20000000E-3	295,12416818E-6	
-715,70000000E-3	296,62973937E-6	
-711,90000000E-3	296,82615908E-6	
-707,60000000E-3	296,28138801E-6	
-704,30000000E-3	295,99111063E-6	
-701,10000000E-3	296,11501917E-6	
-697,80000000E-3	295,96494261E-6	
-694,40000000E-3	296,32757350E-6	
-691,30000000E-3	296,85364624E-6	
-686,40000000E-3	297,59165016E-6	
-683,00000000E-3	299,57698561E-6	
-679,50000000E-3	300,51458108E-6	
-676,40000000E-3	299,70027383E-6	
-671,40000000E-3	300,03816784E-6	
-668,10000000E-3	300,88402095E-6	
-666,30000000E-3	300,47530505E-6	
-661,60000000E-3	301,39004098E-6	
-658,30000000E-3	302,25626603E-6	
-654,70000000E-3	302,51007218E-6	
-651,40000000E-3	303,16603856E-6	
-648,40000000E-3	304,42710962E-6	
-644,90000000E-3	305,14468954E-6	
-641,60000000E-3	305,44833134E-6	
-637,30000000E-3	304,97924463E-6	
-633,50000000E-3	304,95500487E-6	
-630,00000000E-3	304,67566934E-6	
-626,60000000E-3	306,06168011E-6	
-622,50000000E-3	307,39172634E-6	
-618,60000000E-3	308,43268608E-6	
-615,00000000E-3	309,59133294E-6	
-611,70000000E-3	309,61473357E-6	
-607,60000000E-3	309,62093738E-6	
-603,60000000E-3	309,20658399E-6	
-600,10000000E-3	309,96860466E-6	
-596,70000000E-3	310,84655651E-6	
-592,00000000E-3	311,97593728E-6	
-590,30000000E-3	312,61095682E-6	
-587,10000000E-3	313,06321614E-6	
-582,20000000E-3	313,08305513E-6	
-578,90000000E-3	312,77667429E-6	
-575,30000000E-3	312,92908417E-6	
-572,40000000E-3	313,93653014E-6	
-567,20000000E-3	315,40559907E-6	
-565,30000000E-3	316,71351876E-6	
-562,30000000E-3	316,81158773E-6	
-557,40000000E-3	316,63730880E-6	
-553,90000000E-3	316,83210711E-6	
-550,30000000E-3	317,31552414E-6	
-547,60000000E-3	317,87942984E-6	
-544,00000000E-3	319,09458682E-6	
-540,50000000E-3	319,37324024E-6	
-537,50000000E-3	319,51042760E-6	
-533,40000000E-3	320,11206198E-6	
-529,10000000E-3	319,80862854E-6	
-525,50000000E-3	320,37735425E-6	
-522,50000000E-3	320,54724329E-6	
-518,40000000E-3	320,68059192E-6	
-514,00000000E-3	320,52243140E-6	
-510,50000000E-3	321,52823117E-6	
-507,70000000E-3	321,74437694E-6	
-503,40000000E-3	322,27366277E-6	
-499,00000000E-3	323,41502872E-6	
-497,50000000E-3	323,61180345E-6	
-493,50000000E-3	324,43472675E-6	
-489,20000000E-3	324,34308227E-6	
-485,80000000E-3	325,36883630E-6	
-482,70000000E-3	325,87457272E-6	
-477,80000000E-3	326,02202043E-6	
-474,20000000E-3	326,49246920E-6	
-472,70000000E-3	326,50999431E-6	
-467,90000000E-3	327,21535810E-6	
-464,40000000E-3	327,86853954E-6	
-461,00000000E-3	328,44409034E-6	
-457,70000000E-3	328,74576359E-6	
-452,90000000E-3	329,31910478E-6	
-449,40000000E-3	330,09615465E-6	
-446,10000000E-3	330,32245583E-6	
-442,70000000E-3	330,60108586E-6	
-438,80000000E-3	331,98259484E-6	
-436,20000000E-3	332,83879155E-6	
-432,90000000E-3	333,19647364E-6	
-428,70000000E-3	333,25709460E-6	
-424,60000000E-3	333,80920311E-6	
-421,20000000E-3	334,90527301E-6	
-417,90000000E-3	335,05680388E-6	
-413,70000000E-3	335,57957283E-6	
-411,40000000E-3	335,94259900E-6	
-408,00000000E-3	336,34411697E-6	
-403,70000000E-3	337,07159249E-6	
-399,50000000E-3	337,56738287E-6	
-396,40000000E-3	338,31815022E-6	
-393,00000000E-3	338,64532481E-6	
-388,10000000E-3	339,50176730E-6	
-384,90000000E-3	339,81375818E-6	
-381,40000000E-3	340,34027402E-6	
-378,10000000E-3	340,60127175E-6	
-373,10000000E-3	341,29666415E-6	
-370,00000000E-3	341,48402464E-6	
-366,40000000E-3	341,89306645E-6	
-363,10000000E-3	343,14524052E-6	
-360,10000000E-3	342,75271515E-6	
-356,90000000E-3	343,45111830E-6	
-352,60000000E-3	344,14638926E-6	
-348,70000000E-3	344,47256852E-6	
-345,30000000E-3	344,88187414E-6	
-342,00000000E-3	344,90655881E-6	
-337,80000000E-3	345,77125808E-6	
-335,30000000E-3	346,44641604E-6	
-332,10000000E-3	347,20721389E-6	
-327,80000000E-3	347,50915678E-6	
-323,80000000E-3	348,22865266E-6	
-320,30000000E-3	348,21584570E-6	
-317,20000000E-3	348,92687690E-6	
-312,80000000E-3	349,16958233E-6	
-310,40000000E-3	348,78982525E-6	
-307,10000000E-3	349,25948227E-6	
-302,90000000E-3	349,21995765E-6	
-299,00000000E-3	350,09861631E-6	
-295,40000000E-3	350,73071314E-6	
-292,30000000E-3	350,12791302E-6	
-288,90000000E-3	350,08827434E-6	
-284,00000000E-3	350,47964419E-6	
-280,40000000E-3	351,11583680E-6	
-277,30000000E-3	351,22253778E-6	
-274,10000000E-3	352,02751249E-6	
-269,00000000E-3	352,67268421E-6	
-265,40000000E-3	353,40516831E-6	
-262,20000000E-3	353,21164192E-6	
-259,10000000E-3	353,60971894E-6	
-255,50000000E-3	354,73114948E-6	
-252,20000000E-3	354,93979097E-6	
-249,00000000E-3	355,49452014E-6	
-244,10000000E-3	356,39869131E-6	
-240,50000000E-3	356,57737344E-6	
-237,10000000E-3	356,38351681E-6	
-234,20000000E-3	357,24370117E-6	
-230,60000000E-3	358,07212206E-6	
-225,50000000E-3	358,45456973E-6	
-223,50000000E-3	359,18939473E-6	
-220,10000000E-3	359,46752391E-6	
-215,20000000E-3	360,26805724E-6	
-211,90000000E-3	360,40197953E-6	
-210,10000000E-3	360,18860526E-6	
-205,50000000E-3	360,81457445E-6	
-201,60000000E-3	361,58588100E-6	
-198,20000000E-3	362,02802512E-6	
-194,70000000E-3	362,36823265E-6	
-191,10000000E-3	362,75333641E-6	
-187,80000000E-3	363,41527874E-6	
-182,60000000E-3	363,30367932E-6	
-179,50000000E-3	363,56799285E-6	
-175,90000000E-3	363,85465541E-6	
-172,40000000E-3	364,67839917E-6	
-169,00000000E-3	364,73205250E-6	
-164,10000000E-3	365,61333150E-6	
-160,60000000E-3	365,58106765E-6	
-157,20000000E-3	365,32857896E-6	
-153,70000000E-3	366,09076553E-6	
-150,30000000E-3	365,89384575E-6	
-146,40000000E-3	366,50690385E-6	
-143,60000000E-3	367,22136929E-6	
-140,10000000E-3	367,36860302E-6	
-136,70000000E-3	367,29795134E-6	
-132,40000000E-3	368,79794930E-6	
-128,20000000E-3	368,42592252E-6	
-124,90000000E-3	368,43593091E-6	
-121,30000000E-3	368,92610708E-6	
-117,80000000E-3	369,04311581E-6	
-113,70000000E-3	369,44252390E-6	
-109,50000000E-3	370,09031160E-6	
-105,90000000E-3	369,83377838E-6	
-102,60000000E-3	370,37345763E-6	
-100,00000000E-3	371,14226807E-6	
-95,70000000E-3	371,78019929E-6	
-92,50000000E-3	372,42211357E-6	
-89,00000000E-3	372,50228615E-6	
-85,40000000E-3	373,14248175E-6	
-82,10000000E-3	373,92248898E-6	
-78,80000000E-3	374,82806370E-6	
-75,40000000E-3	375,28487327E-6	
-72,10000000E-3	377,04101292E-6	
-67,50000000E-3	378,48543300E-6	
-63,40000000E-3	379,77075411E-6	
-60,10000000E-3	381,35652302E-6	
-56,70000000E-3	382,63489159E-6	
-53,20000000E-3	384,43877254E-6	
-49,80000000E-3	385,95739716E-6	
-44,70000000E-3	387,20620825E-6	
-42,90000000E-3	389,05943474E-6	
-39,80000000E-3	390,23436384E-6	
-35,20000000E-3	391,87523766E-6	
-31,10000000E-3	393,13091852E-6	
-27,80000000E-3	394,24909875E-6	
-24,20000000E-3	395,67641662E-6	
-20,90000000E-3	397,04280820E-6	
-17,50000000E-3	397,99966134E-6	
-12,30000000E-3	399,08763022E-6	
-8,80000000E-3	399,78919650E-6	
-5,20000000E-3	400,06392421E-6	
-2,10000000E-3	400,32084094E-6	
1,30000000E-3	401,22178996E-6	
4,60000000E-3	401,84138906E-6	
8,20000000E-3	402,52998729E-6	
11,70000000E-3	403,19391927E-6	
14,90000000E-3	404,45459556E-6	
20,00000000E-3	404,51672446E-6	
23,60000000E-3	404,89541052E-6	
27,10000000E-3	405,03581874E-6	
30,30000000E-3	406,11081827E-6	
33,60000000E-3	406,81199600E-6	
36,90000000E-3	407,78721870E-6	
40,50000000E-3	408,58242044E-6	
44,00000000E-3	408,68234616E-6	
47,60000000E-3	411,32281596E-6	
50,50000000E-3	413,42313835E-6	
54,10000000E-3	415,00071249E-6	
57,60000000E-3	416,52057007E-6	
60,90000000E-3	418,09227858E-6	
65,80000000E-3	419,15055339E-6	
69,20000000E-3	420,20220085E-6	
72,70000000E-3	421,63073637E-6	
76,20000000E-3	423,17261930E-6	
79,40000000E-3	424,36821597E-6	
84,50000000E-3	424,50448182E-6	
87,80000000E-3	425,34499800E-6	
91,40000000E-3	425,97430669E-6	
94,90000000E-3	426,78983663E-6	
98,10000000E-3	426,88054992E-6	
103,20000000E-3	427,70235630E-6	
105,00000000E-3	428,21608669E-6	
108,50000000E-3	428,87299750E-6	
111,80000000E-3	429,51887028E-6	
117,00000000E-3	429,43186796E-6	
120,10000000E-3	430,51418997E-6	
123,60000000E-3	430,94798651E-6	
126,80000000E-3	430,99809238E-6	
130,30000000E-3	431,41126616E-6	
135,20000000E-3	432,25054573E-6	
137,00000000E-3	432,83438216E-6	
140,50000000E-3	433,24699733E-6	
144,10000000E-3	433,26906802E-6	
148,80000000E-3	434,07167214E-6	
152,30000000E-3	434,79839230E-6	
154,10000000E-3	435,82985504E-6	
158,20000000E-3	435,75792886E-6	
162,60000000E-3	436,04942903E-6	
166,10000000E-3	435,79443425E-6	
169,30000000E-3	436,76001959E-6	
172,80000000E-3	437,63204380E-6	
176,90000000E-3	438,29137436E-6	
181,30000000E-3	438,38503646E-6	
184,40000000E-3	439,35811125E-6	
188,00000000E-3	440,04347956E-6	
191,30000000E-3	440,63202355E-6	
194,80000000E-3	441,45483498E-6	
198,20000000E-3	441,34995607E-6	
201,50000000E-3	441,63653824E-6	
204,90000000E-3	442,12794786E-6	
209,20000000E-3	442,58645575E-6	
213,60000000E-3	443,46490403E-6	
216,90000000E-3	443,43366318E-6	
220,30000000E-3	444,15141471E-6	
223,80000000E-3	444,52348918E-6	
227,10000000E-3	445,21580955E-6	
232,30000000E-3	446,41783959E-6	
235,80000000E-3	446,06292681E-6	
237,20000000E-3	444,94622415E-6	
240,60000000E-3	445,02314398E-6	
245,90000000E-3	446,41558487E-6	
249,30000000E-3	447,99425723E-6	
252,80000000E-3	448,19107103E-6	
256,20000000E-3	448,61078910E-6	
259,50000000E-3	449,42338966E-6	
264,60000000E-3	450,15230395E-6	
266,40000000E-3	449,57158060E-6	
269,80000000E-3	450,02756316E-6	
272,90000000E-3	451,10365317E-6	
278,20000000E-3	451,39241818E-6	
281,60000000E-3	452,25437091E-6	
285,10000000E-3	452,44208444E-6	
288,70000000E-3	452,40782976E-6	
291,80000000E-3	452,76026589E-6	
297,00000000E-3	453,06601952E-6	
300,50000000E-3	453,86667946E-6	
304,00000000E-3	455,19612638E-6	
307,20000000E-3	455,67228876E-6	
310,50000000E-3	456,33825086E-6	
314,90000000E-3	457,96577488E-6	
317,40000000E-3	458,55308918E-6	
321,00000000E-3	459,10717678E-6	
324,30000000E-3	459,62281800E-6	
328,30000000E-3	459,97445531E-6	
332,80000000E-3	460,48409572E-6	
336,40000000E-3	461,47293167E-6	
339,70000000E-3	462,17603245E-6	
342,90000000E-3	462,73278653E-6	
346,40000000E-3	463,97858958E-6	
351,70000000E-3	464,06576941E-6	
355,10000000E-3	464,89638362E-6	
358,60000000E-3	465,27012579E-6	
360,20000000E-3	466,19961080E-6	
365,10000000E-3	466,63610522E-6	
368,70000000E-3	467,10495895E-6	
372,20000000E-3	467,73525527E-6	
375,50000000E-3	468,32881529E-6	
378,70000000E-3	469,58640903E-6	
384,00000000E-3	469,78104131E-6	
385,80000000E-3	470,95439680E-6	
389,30000000E-3	471,21421430E-6	
392,50000000E-3	471,74751209E-6	
397,00000000E-3	472,45369209E-6	
401,20000000E-3	473,53846530E-6	
402,90000000E-3	474,54650352E-6	
406,30000000E-3	474,39510029E-6	
411,40000000E-3	475,53058597E-6	
414,90000000E-3	476,05954938E-6	
418,30000000E-3	476,98656040E-6	
421,60000000E-3	477,66302000E-6	
425,20000000E-3	478,51392716E-6	
428,50000000E-3	479,27548966E-6	
433,50000000E-3	479,18603538E-6	
437,00000000E-3	479,90936928E-6	
438,80000000E-3	480,97904387E-6	
442,30000000E-3	481,55987299E-6	
447,30000000E-3	482,23277632E-6	
450,80000000E-3	482,72308232E-6	
454,20000000E-3	482,94626367E-6	
457,50000000E-3	484,21116590E-6	
460,90000000E-3	484,59115100E-6	
466,00000000E-3	484,64455958E-6	
469,30000000E-3	485,93758290E-6	
471,10000000E-3	486,90635096E-6	
474,70000000E-3	487,66331408E-6	
479,60000000E-3	488,12304795E-6	
483,20000000E-3	488,43051829E-6	
486,70000000E-3	489,58247756E-6	
488,10000000E-3	490,15838859E-6	
493,20000000E-3	490,83117451E-6	
496,60000000E-3	490,89526397E-6	
500,40000000E-3	491,16747946E-6	
503,70000000E-3	492,43759984E-6	
507,10000000E-3	493,75680263E-6	
511,20000000E-3	494,68688965E-6	
515,60000000E-3	494,74920657E-6	
519,10000000E-3	497,00137286E-6	
522,70000000E-3	497,10547319E-6	
525,80000000E-3	497,66805750E-6	
529,30000000E-3	498,04835258E-6	
534,50000000E-3	498,97029777E-6	
538,00000000E-3	499,86049058E-6	
541,60000000E-3	500,30461655E-6	
544,70000000E-3	501,41121929E-6	
548,30000000E-3	502,41456899E-6	
551,60000000E-3	502,99797977E-6	
555,20000000E-3	503,19232044E-6	
558,50000000E-3	503,99846284E-6	
561,70000000E-3	491,85010641E-6	
565,20000000E-3	-169,57692003E-6	
570,60000000E-3	117,22970428E-6	
573,90000000E-3	281,33680007E-6	
577,30000000E-3	327,68296822E-6	
580,60000000E-3	347,11995011E-6	
584,20000000E-3	363,46045308E-6	
588,40000000E-3	378,64420780E-6	
592,90000000E-3	392,16472870E-6	
594,70000000E-3	406,45177331E-6	
597,70000000E-3	416,25297818E-6	
603,00000000E-3	424,38756634E-6	
606,60000000E-3	433,14751235E-6	
610,10000000E-3	440,25569106E-6	
611,90000000E-3	445,91336176E-6	
615,70000000E-3	451,84917542E-6	
620,20000000E-3	456,05411248E-6	
623,80000000E-3	459,33360027E-6	
627,10000000E-3	462,54860333E-6	
630,70000000E-3	466,36105322E-6	
633,80000000E-3	471,77868126E-6	
639,00000000E-3	475,11437927E-6	
642,50000000E-3	477,76068065E-6	
646,10000000E-3	481,25079358E-6	
649,40000000E-3	485,20568829E-6	
652,60000000E-3	486,47754573E-6	
656,20000000E-3	487,18335585E-6	
659,70000000E-3	493,12366477E-6	
663,30000000E-3	495,18095870E-6	
666,50000000E-3	497,44461015E-6	
671,60000000E-3	500,35888233E-6	
675,10000000E-3	502,15027687E-6	
678,70000000E-3	504,15863629E-6	
682,10000000E-3	506,03718978E-6	
685,60000000E-3	508,23904073E-6	
688,80000000E-3	509,02637723E-6	
693,10000000E-3	510,73309420E-6	
695,90000000E-3	512,15367784E-6	
699,00000000E-3	513,31852392E-6	
702,60000000E-3	513,48881754E-6	
707,50000000E-3	514,23618845E-6	
711,30000000E-3	516,28298432E-6	
714,60000000E-3	517,29992814E-6	
718,00000000E-3	518,58604355E-6	
720,50000000E-3	520,80938882E-6	
725,10000000E-3	522,00179261E-6	
728,20000000E-3	523,14045315E-6	
731,80000000E-3	523,63405668E-6	
735,00000000E-3	524,61380335E-6	
738,50000000E-3	524,23216150E-6	
742,10000000E-3	525,85923731E-6	
745,50000000E-3	526,60213012E-6	
748,80000000E-3	528,24382936E-6	
752,40000000E-3	529,98078596E-6	
757,50000000E-3	531,39571573E-6	
761,10000000E-3	533,25498764E-6	
764,60000000E-3	534,53663599E-6	
767,80000000E-3	534,79358149E-6	
771,20000000E-3	535,66260377E-6	
776,30000000E-3	536,38386773E-6	
780,00000000E-3	536,32288515E-6	
783,20000000E-3	536,80608018E-6	
786,80000000E-3	537,51225014E-6	
790,10000000E-3	537,98797471E-6	
793,70000000E-3	539,41760911E-6	
798,00000000E-3	540,70085228E-6	
800,60000000E-3	542,40062453E-6	
803,70000000E-3	543,87082597E-6	
807,30000000E-3	545,43851942E-6	
812,40000000E-3	546,68893824E-6	
816,00000000E-3	547,55954292E-6	
819,30000000E-3	547,59056532E-6	
822,70000000E-3	547,88490055E-6	
825,30000000E-3	548,42676351E-6	
829,60000000E-3	549,10767587E-6	
833,10000000E-3	549,72665537E-6	
836,10000000E-3	550,15503429E-6	
839,70000000E-3	551,53949056E-6	
843,20000000E-3	552,79259560E-6	
846,80000000E-3	553,66723282E-6	
850,10000000E-3	555,31510144E-6	
853,50000000E-3	557,37661587E-6	
856,80000000E-3	559,26615159E-6	
862,20000000E-3	560,64558746E-6	
865,50000000E-3	561,17558848E-6	
869,10000000E-3	560,56474298E-6	
872,40000000E-3	560,80012946E-6	
875,60000000E-3	561,55071282E-6	
880,90000000E-3	562,54124444E-6	
884,50000000E-3	562,63450484E-6	
888,00000000E-3	563,12037242E-6	
889,60000000E-3	563,54066261E-6	
893,10000000E-3	564,19259548E-6	
898,10000000E-3	565,50032218E-6	
901,60000000E-3	566,92101619E-6	
905,20000000E-3	568,46512832E-6	
908,50000000E-3	570,52324079E-6	
911,70000000E-3	572,02849271E-6	
917,00000000E-3	573,09585022E-6	
918,80000000E-3	574,29811670E-6	
922,30000000E-3	574,67001040E-6	
925,50000000E-3	575,77367523E-6	
930,00000000E-3	576,23899711E-6	
934,20000000E-3	576,38443345E-6	
937,50000000E-3	577,17820370E-6	
940,90000000E-3	577,15713689E-6	
944,40000000E-3	576,78510693E-6	
948,00000000E-3	577,08631521E-6	
951,10000000E-3	577,21978626E-6	
954,70000000E-3	577,89904079E-6	
957,80000000E-3	578,52908511E-6	
961,60000000E-3	579,79453849E-6	
966,50000000E-3	581,21413688E-6	
970,10000000E-3	582,38966741E-6	
973,60000000E-3	583,32388619E-6	
975,20000000E-3	584,72187907E-6	
980,30000000E-3	586,93590530E-6	
983,90000000E-3	587,87497984E-6	
987,20000000E-3	588,87249034E-6	
990,80000000E-3	588,94705470E-6	
994,00000000E-3	589,64539662E-6	
997,60000000E-3	589,80647261E-6	
1,00180000E+0	589,88555544E-6	
1,00370000E+0	590,08809311E-6	
1,00520000E+0	589,40826311E-6	
1,00590000E+0	589,26043583E-6	
1,00620000E+0	589,99889229E-6	
1,00580000E+0	590,31968145E-6	
1,00500000E+0	590,62699564E-6	
1,00410000E+0	590,33001252E-6	
1,00300000E+0	589,88457702E-6	
1,00140000E+0	589,72650467E-6	
1,00050000E+0	590,05517006E-6	
999,70000000E-3	590,08548308E-6	
999,20000000E-3	589,68270644E-6	
998,80000000E-3	589,98711678E-6	
998,50000000E-3	589,84571851E-6	
998,30000000E-3	589,75816749E-6	
998,20000000E-3	589,42491424E-6	
998,20000000E-3	589,41118076E-6	
998,30000000E-3	589,90662159E-6	
998,40000000E-3	590,25627774E-6	
998,50000000E-3	589,93819858E-6	
998,60000000E-3	590,03292423E-6	
998,70000000E-3	590,08343926E-6	
998,90000000E-3	590,39025839E-6	
999,10000000E-3	590,44587963E-6	
