4,00000000E+0	90,10548362E-6	
4,00000000E+0	91,38292203E-6	
4,00000000E+0	90,43974974E-6	
3,99970000E+0	88,88025793E-6	
3,99790000E+0	89,14197333E-6	
3,99630000E+0	89,40560617E-6	
3,99450000E+0	87,18572698E-6	
3,99230000E+0	87,97212247E-6	
3,98990000E+0	89,61675973E-6	
3,98740000E+0	88,92307287E-6	
3,98360000E+0	89,19259176E-6	
3,98200000E+0	89,59024684E-6	
3,97910000E+0	90,14365975E-6	
3,97620000E+0	91,69985643E-6	
3,97160000E+0	91,51780738E-6	
3,96850000E+0	91,78296876E-6	
3,96550000E+0	91,67053567E-6	
3,96230000E+0	92,51866622E-6	
3,95900000E+0	94,01575384E-6	
3,95470000E+0	93,09800659E-6	
3,95110000E+0	92,05183756E-6	
3,94940000E+0	93,41513508E-6	
3,94600000E+0	96,06704061E-6	
3,94180000E+0	99,36091676E-6	
3,93780000E+0	101,11582529E-6	
3,93450000E+0	101,71638103E-6	
3,93130000E+0	103,38740348E-6	
3,92770000E+0	103,45852641E-6	
3,92440000E+0	102,76048191E-6	
3,91930000E+0	104,62360008E-6	
3,91600000E+0	104,63340231E-6	
3,91270000E+0	104,09034537E-6	
3,90920000E+0	103,14727829E-6	
3,90580000E+0	102,43903006E-6	
3,90230000E+0	103,18994450E-6	
3,89920000E+0	102,99443504E-6	
3,89370000E+0	102,40879267E-6	
3,89220000E+0	104,74326427E-6	
3,88870000E+0	103,46488265E-6	
3,88400000E+0	103,08376695E-6	
3,88040000E+0	102,57768225E-6	
3,87690000E+0	102,37070936E-6	
3,87340000E+0	104,45219745E-6	
3,87030000E+0	103,59854578E-6	
3,86630000E+0	104,39388550E-6	
3,86160000E+0	105,90380029E-6	
3,85810000E+0	106,04967603E-6	
3,85460000E+0	105,88622526E-6	
3,85240000E+0	105,00714993E-6	
3,84790000E+0	106,50344816E-6	
3,84480000E+0	107,44572886E-6	
3,84130000E+0	106,56898086E-6	
3,83770000E+0	106,28105525E-6	
3,83420000E+0	103,84444661E-6	
3,82950000E+0	103,22516825E-6	
3,82750000E+0	103,12771522E-6	
3,82420000E+0	105,53469607E-6	
3,82060000E+0	104,46768662E-6	
3,81570000E+0	105,03889742E-6	
3,81220000E+0	104,59581350E-6	
3,80860000E+0	104,69729814E-6	
3,80530000E+0	105,10773968E-6	
3,80190000E+0	104,59099905E-6	
3,79860000E+0	105,74790496E-6	
3,79500000E+0	105,16871483E-6	
3,79170000E+0	103,58003760E-6	
3,78810000E+0	104,14261765E-6	
3,78460000E+0	102,76094669E-6	
3,77970000E+0	101,04396952E-6	
3,77610000E+0	101,56027901E-6	
3,77280000E+0	101,89014327E-6	
3,76920000E+0	102,43982027E-6	
3,76610000E+0	101,97279956E-6	
3,76250000E+0	101,78910495E-6	
3,75720000E+0	101,26066663E-6	
3,75390000E+0	101,81018865E-6	
3,75050000E+0	101,50717811E-6	
3,74820000E+0	99,39500105E-6	
3,74390000E+0	100,86790125E-6	
3,74030000E+0	99,68238749E-6	
3,73700000E+0	98,61122842E-6	
3,73340000E+0	99,06712583E-6	
3,73030000E+0	99,10177741E-6	
3,72500000E+0	98,55720718E-6	
3,72320000E+0	97,75141027E-6	
3,71970000E+0	98,35607335E-6	
3,71650000E+0	98,29698140E-6	
3,71140000E+0	96,10039973E-6	
3,70790000E+0	93,95091626E-6	
3,70450000E+0	92,79912994E-6	
3,70270000E+0	93,01990777E-6	
3,69760000E+0	92,63767399E-6	
3,69430000E+0	92,30262625E-6	
3,69090000E+0	91,71954637E-6	
3,68740000E+0	90,61663787E-6	
3,68390000E+0	88,96198399E-6	
3,67960000E+0	89,10492292E-6	
3,67560000E+0	88,96993555E-6	
3,67200000E+0	87,36023210E-6	
3,66850000E+0	86,96499699E-6	
3,66520000E+0	86,85472578E-6	
3,66200000E+0	85,89291401E-6	
3,65670000E+0	83,75221502E-6	
3,65310000E+0	83,69120388E-6	
3,65140000E+0	83,52444701E-6	
3,64630000E+0	83,13233018E-6	
3,64310000E+0	83,68150063E-6	
3,63960000E+0	81,83871085E-6	
3,63440000E+0	81,10109708E-6	
3,63090000E+0	80,93385780E-6	
3,62950000E+0	79,50493932E-6	
3,62540000E+0	79,32219456E-6	
3,62090000E+0	80,13557201E-6	
3,61730000E+0	78,57883754E-6	
3,61380000E+0	77,83886510E-6	
3,61060000E+0	77,00305196E-6	
3,60730000E+0	76,01323810E-6	
3,60210000E+0	74,66534189E-6	
3,59860000E+0	74,47708126E-6	
3,59700000E+0	72,67439082E-6	
3,59350000E+0	72,10237952E-6	
3,58850000E+0	70,45645340E-6	
3,58500000E+0	68,30288728E-6	
3,58150000E+0	69,05353595E-6	
3,57970000E+0	68,85170360E-6	
3,57480000E+0	65,83947879E-6	
3,57140000E+0	67,51271868E-6	
3,56790000E+0	70,01540706E-6	
3,56430000E+0	70,03709421E-6	
3,56110000E+0	69,17514604E-6	
3,55660000E+0	66,17274268E-6	
3,55250000E+0	65,43311854E-6	
3,54890000E+0	63,13792492E-6	
3,54540000E+0	60,95802124E-6	
3,54400000E+0	59,65943372E-6	
3,53860000E+0	59,52288877E-6	
3,53510000E+0	61,47295680E-6	
3,53150000E+0	60,36552171E-6	
3,52840000E+0	60,38131565E-6	
3,52500000E+0	59,62581046E-6	
3,52150000E+0	58,23213659E-6	
3,51610000E+0	56,23957837E-6	
3,51260000E+0	56,66198715E-6	
3,50920000E+0	56,86232568E-6	
3,50610000E+0	57,39135068E-6	
3,50250000E+0	55,91938936E-6	
3,49900000E+0	53,75532118E-6	
3,49540000E+0	53,58613603E-6	
3,49210000E+0	50,66709047E-6	
3,48890000E+0	51,64735654E-6	
3,48440000E+0	52,08811790E-6	
3,48020000E+0	49,78734382E-6	
3,47670000E+0	48,76448381E-6	
3,47510000E+0	49,80843151E-6	
3,47180000E+0	46,72022962E-6	
3,46660000E+0	47,17201966E-6	
3,46310000E+0	45,45056960E-6	
3,45950000E+0	44,19021407E-6	
3,45680000E+0	46,16838516E-6	
3,45300000E+0	44,48633498E-6	
3,44950000E+0	42,95042922E-6	
3,44590000E+0	42,02520991E-6	
3,44240000E+0	40,51355810E-6	
3,43920000E+0	40,25243109E-6	
3,43550000E+0	40,77910720E-6	
3,43060000E+0	41,26883815E-6	
3,42700000E+0	39,81930543E-6	
3,42350000E+0	37,75863064E-6	
3,42030000E+0	39,31745220E-6	
3,41700000E+0	38,52073145E-6	
3,41160000E+0	37,21397071E-6	
3,40810000E+0	36,03618246E-6	
3,40480000E+0	35,23242486E-6	
3,40140000E+0	36,05929103E-6	
3,39810000E+0	34,35148008E-6	
3,39370000E+0	34,60356125E-6	
3,39120000E+0	34,23720410E-6	
3,38760000E+0	35,27290587E-6	
3,38440000E+0	31,98870030E-6	
3,38030000E+0	31,45299311E-6	
3,37580000E+0	32,68145959E-6	
3,37220000E+0	31,54235444E-6	
3,36890000E+0	30,82984561E-6	
3,36690000E+0	30,03526135E-6	
3,36220000E+0	28,70511813E-6	
3,35860000E+0	27,92553517E-6	
3,35510000E+0	27,28529273E-6	
3,35190000E+0	26,95980307E-6	
3,34840000E+0	28,89267160E-6	
3,34480000E+0	29,86121593E-6	
3,34130000E+0	31,18157687E-6	
3,33810000E+0	31,91273575E-6	
3,33460000E+0	31,89088455E-6	
3,33120000E+0	27,87096179E-6	
3,32590000E+0	28,57519927E-6	
3,32270000E+0	28,89056012E-6	
3,31920000E+0	28,03145171E-6	
3,31560000E+0	27,42942315E-6	
3,31230000E+0	28,03690299E-6	
3,30710000E+0	28,20129691E-6	
3,30510000E+0	28,99912012E-6	
3,30020000E+0	28,80067565E-6	
3,29860000E+0	28,81736736E-6	
3,29350000E+0	28,28987610E-6	
3,28990000E+0	28,62753575E-6	
3,28640000E+0	30,56552383E-6	
3,28320000E+0	31,07505194E-6	
3,27990000E+0	30,76140434E-6	
3,27550000E+0	31,94085583E-6	
3,27120000E+0	31,90413189E-6	
3,26780000E+0	33,39626003E-6	
3,26430000E+0	34,38061070E-6	
3,26090000E+0	34,23593094E-6	
3,25740000E+0	32,79912361E-6	
3,25220000E+0	32,84743484E-6	
3,25030000E+0	33,66217209E-6	
3,24670000E+0	33,80455144E-6	
3,24380000E+0	35,32423566E-6	
3,24020000E+0	35,93716978E-6	
3,23490000E+0	36,20547140E-6	
3,23310000E+0	36,38782731E-6	
3,22950000E+0	36,52619603E-6	
3,22660000E+0	35,24749165E-6	
3,22130000E+0	34,69790307E-6	
3,21770000E+0	34,27498632E-6	
3,21440000E+0	35,06160198E-6	
3,21080000E+0	34,93035788E-6	
3,20760000E+0	34,39410112E-6	
3,20410000E+0	33,80073091E-6	
3,20060000E+0	34,87141944E-6	
3,19720000E+0	36,84566099E-6	
3,19390000E+0	36,79847404E-6	
3,18930000E+0	37,05847481E-6	
3,18540000E+0	36,56035955E-6	
3,18180000E+0	37,06733157E-6	
3,17830000E+0	38,10487900E-6	
3,17510000E+0	39,12648888E-6	
3,17180000E+0	38,75055027E-6	
3,16650000E+0	40,49704510E-6	
3,16290000E+0	40,58686544E-6	
3,15960000E+0	40,17121475E-6	
3,15800000E+0	39,92205917E-6	
3,15270000E+0	40,15332207E-6	
3,14930000E+0	40,67222396E-6	
3,14600000E+0	38,74488339E-6	
3,14240000E+0	38,61401716E-6	
3,13910000E+0	40,46207316E-6	
3,13550000E+0	39,58200966E-6	
3,13240000E+0	38,21210429E-6	
3,12860000E+0	38,96667044E-6	
3,12530000E+0	40,05102970E-6	
3,12170000E+0	40,03663615E-6	
3,11680000E+0	38,47265227E-6	
3,11300000E+0	38,68258885E-6	
3,11150000E+0	39,43906600E-6	
3,10790000E+0	40,33647655E-6	
3,10440000E+0	40,52966142E-6	
3,09940000E+0	41,08038834E-6	
3,09590000E+0	41,45203805E-6	
3,09230000E+0	41,03712592E-6	
3,08900000E+0	39,97019945E-6	
3,08540000E+0	39,13171689E-6	
3,08210000E+0	39,98718591E-6	
3,07690000E+0	39,16040024E-6	
3,07340000E+0	37,35539204E-6	
3,07000000E+0	37,99029421E-6	
3,06650000E+0	36,38865380E-6	
3,06330000E+0	36,03308079E-6	
3,05960000E+0	36,64164885E-6	
3,05440000E+0	35,96049883E-6	
3,05110000E+0	34,49082807E-6	
3,04750000E+0	34,65627947E-6	
3,04590000E+0	34,46241463E-6	
3,04080000E+0	34,37676798E-6	
3,03700000E+0	34,13673975E-6	
3,03350000E+0	35,60648742E-6	
3,02990000E+0	37,30799720E-6	
3,02650000E+0	35,14971513E-6	
3,02340000E+0	35,26955387E-6	
3,01990000E+0	35,47023598E-6	
3,01630000E+0	36,00526634E-6	
3,01290000E+0	38,19678752E-6	
3,00960000E+0	39,35643989E-6	
3,00620000E+0	37,43005801E-6	
3,00090000E+0	37,81758953E-6	
2,99730000E+0	37,91882991E-6	
2,99560000E+0	35,79039215E-6	
2,99200000E+0	35,27481147E-6	
2,98730000E+0	35,29058362E-6	
2,98370000E+0	34,72228278E-6	
2,98020000E+0	35,27373467E-6	
2,97660000E+0	81,15447416E-6	
2,97310000E+0	468,67875935E-6	
2,96970000E+0	75,86328193E-6	
2,96640000E+0	-57,96085150E-6	
2,96280000E+0	-59,23567860E-6	
2,95950000E+0	-65,35946714E-6	
2,95590000E+0	-78,64289487E-6	
2,95260000E+0	-73,85552066E-6	
2,94720000E+0	-65,36161517E-6	
2,94390000E+0	-82,31296555E-6	
2,94030000E+0	-92,72248670E-6	
2,93700000E+0	-90,05059774E-6	
2,93360000E+0	-92,14092530E-6	
2,93010000E+0	-103,70401055E-6	
2,92500000E+0	-109,26294592E-6	
2,92140000E+0	-108,05240375E-6	
2,91970000E+0	-99,70390461E-6	
2,91610000E+0	-100,26125926E-6	
2,91180000E+0	-97,03409545E-6	
2,90760000E+0	-88,59539634E-6	
2,90410000E+0	-73,42163897E-6	
2,90070000E+0	-72,15955719E-6	
2,89900000E+0	-69,04108134E-6	
2,89390000E+0	-56,58789752E-6	
2,89030000E+0	-55,31878700E-6	
2,88690000E+0	-64,70870205E-6	
2,88360000E+0	-65,31353606E-6	
2,88000000E+0	-61,00964872E-6	
2,87590000E+0	-59,87043850E-6	
2,87160000E+0	-56,15298325E-6	
2,86800000E+0	-53,95189816E-6	
2,86470000E+0	-43,98170974E-6	
2,86110000E+0	-39,46243703E-6	
2,85780000E+0	-40,77688053E-6	
2,85340000E+0	-50,38908464E-6	
2,85090000E+0	-52,22098468E-6	
2,84730000E+0	-53,99481033E-6	
2,84420000E+0	-54,30577809E-6	
2,84060000E+0	-50,39487761E-6	
2,83530000E+0	-51,90001509E-6	
2,83170000E+0	-50,59447098E-6	
2,82840000E+0	-43,25482585E-6	
2,82470000E+0	-41,43978022E-6	
2,82170000E+0	-45,01463453E-6	
2,81810000E+0	-49,26040986E-6	
2,81300000E+0	-50,65779058E-6	
2,80930000E+0	-49,97766573E-6	
2,80570000E+0	-52,03501974E-6	
2,80430000E+0	-52,04518923E-6	
2,80100000E+0	-51,26057457E-6	
2,79560000E+0	-48,22418768E-6	
2,79220000E+0	-44,24556455E-6	
2,78850000E+0	-47,29962931E-6	
2,78490000E+0	-50,47681205E-6	
2,78200000E+0	-51,06825461E-6	
2,77840000E+0	-52,21095071E-6	
2,77490000E+0	-53,84835992E-6	
2,77130000E+0	-54,90983539E-6	
2,76780000E+0	-55,82220559E-6	
2,76420000E+0	-55,59686727E-6	
2,75950000E+0	-56,21106367E-6	
2,75750000E+0	-57,22634367E-6	
2,75390000E+0	-57,75153921E-6	
2,75060000E+0	-56,46862206E-6	
2,74720000E+0	-56,81607982E-6	
2,74190000E+0	-55,18669191E-6	
2,73870000E+0	-52,69860441E-6	
2,73500000E+0	-52,85824742E-6	
2,73150000E+0	-55,27904759E-6	
2,72830000E+0	-57,34464248E-6	
2,72480000E+0	-54,94238080E-6	
2,71960000E+0	-57,59435096E-6	
2,71610000E+0	-56,70151101E-6	
2,71430000E+0	-55,30341796E-6	
2,71090000E+0	-56,32441651E-6	
2,70580000E+0	-55,68536278E-6	
2,70230000E+0	-58,47370514E-6	
2,69870000E+0	-59,18246072E-6	
2,69540000E+0	-57,60479627E-6	
2,69180000E+0	-58,03825755E-6	
2,68870000E+0	-59,47770012E-6	
2,68340000E+0	-59,47607884E-6	
2,68160000E+0	-58,76372503E-6	
2,67820000E+0	-59,05346005E-6	
2,67470000E+0	-59,09328520E-6	
2,67120000E+0	-60,08131649E-6	
2,66600000E+0	-60,97561742E-6	
2,66430000E+0	-61,04907353E-6	
2,66070000E+0	-60,41972322E-6	
2,65730000E+0	-61,13070513E-6	
2,65220000E+0	-61,48950338E-6	
2,64890000E+0	-61,30006878E-6	
2,64530000E+0	-61,92127019E-6	
2,64180000E+0	-61,45104916E-6	
2,63820000E+0	-62,15000891E-6	
2,63530000E+0	-64,33194848E-6	
2,63000000E+0	-63,90536143E-6	
2,62640000E+0	-61,35584195E-6	
2,62280000E+0	-61,04579128E-6	
2,61930000E+0	-59,81128243E-6	
2,61750000E+0	-57,64037972E-6	
2,61240000E+0	-55,91890862E-6	
2,60910000E+0	-54,45408978E-6	
2,60570000E+0	-54,85912336E-6	
2,60220000E+0	-54,27662941E-6	
2,59900000E+0	-54,88925364E-6	
2,59520000E+0	-54,27080329E-6	
2,59030000E+0	-54,72631978E-6	
2,58700000E+0	-55,38859365E-6	
2,58340000E+0	-55,82844872E-6	
2,58020000E+0	-56,71822122E-6	
2,57530000E+0	-56,45918468E-6	
2,57200000E+0	-54,85005447E-6	
2,57020000E+0	-53,55953553E-6	
2,56550000E+0	-54,26231012E-6	
2,56210000E+0	-55,87509204E-6	
2,55860000E+0	-55,22033935E-6	
2,55540000E+0	-55,16360379E-6	
2,55220000E+0	-55,42688769E-6	
2,54870000E+0	-55,91496021E-6	
2,54530000E+0	-55,94610506E-6	
2,54040000E+0	-55,13965273E-6	
2,53720000E+0	-54,26489979E-6	
2,53370000E+0	-53,65786348E-6	
2,53030000E+0	-54,35678207E-6	
2,52540000E+0	-54,38606302E-6	
2,52220000E+0	-53,72468486E-6	
2,51860000E+0	-51,54336901E-6	
2,51510000E+0	-50,57734750E-6	
2,51150000E+0	-49,96445673E-6	
2,50680000E+0	-50,56907048E-6	
2,50520000E+0	-51,99038009E-6	
2,50170000E+0	-53,24589962E-6	
2,49680000E+0	-53,45854981E-6	
2,49340000E+0	-52,85046648E-6	
2,49020000E+0	-53,49161914E-6	
2,48670000E+0	-55,01966172E-6	
2,48200000E+0	-55,48245153E-6	
2,47880000E+0	-55,75690750E-6	
2,47570000E+0	-54,47577882E-6	
2,47150000E+0	-55,83048007E-6	
2,46740000E+0	-56,64138107E-6	
2,46380000E+0	-56,72616362E-6	
2,46070000E+0	-57,11879429E-6	
2,45650000E+0	-57,39841871E-6	
2,45240000E+0	-57,39616330E-6	
2,45060000E+0	-58,10592082E-6	
2,44670000E+0	-58,04222532E-6	
2,44230000E+0	-57,92280398E-6	
2,43900000E+0	-58,43208433E-6	
2,43580000E+0	-58,13393079E-6	
2,43170000E+0	-59,58610694E-6	
2,42890000E+0	-61,36761250E-6	
2,42560000E+0	-62,42664372E-6	
2,42190000E+0	-60,73076887E-6	
2,41750000E+0	-62,05722640E-6	
2,41400000E+0	-63,23291477E-6	
2,41100000E+0	-63,92850015E-6	
2,40770000E+0	-65,81175519E-6	
2,40410000E+0	-66,65327691E-6	
2,40100000E+0	-67,19143877E-6	
2,39630000E+0	-69,43444653E-6	
2,39270000E+0	-71,61846142E-6	
2,38920000E+0	-72,50319421E-6	
2,38600000E+0	-74,76123160E-6	
2,38130000E+0	-77,04226357E-6	
2,37770000E+0	-78,10573499E-6	
2,37420000E+0	-78,09320370E-6	
2,37120000E+0	-77,94009577E-6	
2,36710000E+0	-79,23013486E-6	
2,36270000E+0	-80,59096576E-6	
2,35920000E+0	-80,88887812E-6	
2,35600000E+0	-81,37453268E-6	
2,35210000E+0	-82,57872186E-6	
2,34930000E+0	-83,26661116E-6	
2,34600000E+0	-84,70802310E-6	
2,34200000E+0	-86,33805557E-6	
2,33790000E+0	-87,76840846E-6	
2,33430000E+0	-88,53942575E-6	
2,33120000E+0	-88,59897458E-6	
2,32730000E+0	-88,98736878E-6	
2,32450000E+0	-90,33843821E-6	
2,32110000E+0	-91,50472648E-6	
2,31640000E+0	-91,72230869E-6	
2,31300000E+0	-92,46066488E-6	
2,30950000E+0	-93,58449339E-6	
2,30630000E+0	-93,50149519E-6	
2,30320000E+0	-93,57100397E-6	
2,30000000E+0	-94,19960350E-6	
2,29570000E+0	-95,05798202E-6	
2,29170000E+0	-93,68087005E-6	
2,28860000E+0	-95,98292883E-6	
2,28500000E+0	-98,09783732E-6	
2,28070000E+0	-97,93024218E-6	
2,27670000E+0	-97,69943763E-6	
2,27350000E+0	-98,26412351E-6	
2,27000000E+0	-98,79201768E-6	
2,26690000E+0	-100,01422697E-6	
2,26350000E+0	-100,48430019E-6	
2,26030000E+0	-101,07132036E-6	
2,25540000E+0	-102,11986258E-6	
2,25200000E+0	-102,53991680E-6	
2,24850000E+0	-103,91556532E-6	
2,24530000E+0	-103,25088633E-6	
2,24040000E+0	-102,10173442E-6	
2,23700000E+0	-102,88517028E-6	
2,23350000E+0	-102,25804794E-6	
2,23050000E+0	-100,01151762E-6	
2,22540000E+0	-102,55715849E-6	
2,22360000E+0	-103,56164881E-6	
2,22030000E+0	-103,93416577E-6	
2,21650000E+0	-103,79484450E-6	
2,21220000E+0	-103,97995892E-6	
2,20860000E+0	-103,35777289E-6	
2,20530000E+0	-102,29299849E-6	
2,20230000E+0	-100,53532583E-6	
2,19880000E+0	-102,89733464E-6	
2,19540000E+0	-104,60841268E-6	
2,19170000E+0	-103,95185481E-6	
2,18740000E+0	-104,53557583E-6	
2,18380000E+0	-104,12312747E-6	
2,18050000E+0	-103,06874660E-6	
2,17670000E+0	-103,59659634E-6	
2,17240000E+0	-104,27643472E-6	
2,17060000E+0	-103,96473021E-6	
2,16650000E+0	-102,79601273E-6	
2,16250000E+0	-102,37426138E-6	
2,15900000E+0	-102,88204050E-6	
2,15580000E+0	-103,81540248E-6	
2,15110000E+0	-105,25925107E-6	
2,14760000E+0	-106,16187057E-6	
2,14400000E+0	-106,36468862E-6	
2,14090000E+0	-105,31984083E-6	
2,13610000E+0	-106,14744943E-6	
2,13260000E+0	-106,90943000E-6	
2,13100000E+0	-106,15815476E-6	
2,12590000E+0	-106,54746902E-6	
2,12250000E+0	-107,87943445E-6	
2,11920000E+0	-110,49540921E-6	
2,11600000E+0	-111,88970557E-6	
2,11190000E+0	-112,18478079E-6	
2,10780000E+0	-111,51174903E-6	
2,10420000E+0	-112,10190184E-6	
2,10090000E+0	-111,92243953E-6	
2,09690000E+0	-113,36162326E-6	
2,09280000E+0	-113,05151795E-6	
2,09100000E+0	-113,94211983E-6	
2,08680000E+0	-115,45641716E-6	
2,08270000E+0	-115,53818132E-6	
2,07920000E+0	-115,30415438E-6	
2,07600000E+0	-115,44941039E-6	
2,07260000E+0	-115,03232902E-6	
2,06910000E+0	-114,66688516E-6	
2,06590000E+0	-115,83584025E-6	
2,06120000E+0	-117,04193909E-6	
2,05770000E+0	-117,73345561E-6	
2,05430000E+0	-118,62551085E-6	
2,05140000E+0	-119,74987408E-6	
2,04620000E+0	-120,29069658E-6	
2,04290000E+0	-123,95957609E-6	
2,03930000E+0	-124,12988753E-6	
2,03630000E+0	-124,23155423E-6	
2,03140000E+0	-125,35226084E-6	
2,02940000E+0	-125,15709178E-6	
2,02620000E+0	-124,72529586E-6	
2,02130000E+0	-125,55491226E-6	
2,01770000E+0	-126,12551842E-6	
2,01440000E+0	-127,04409938E-6	
2,01120000E+0	-128,11506026E-6	
2,00710000E+0	-128,85284938E-6	
2,00290000E+0	-129,59233153E-6	
1,99940000E+0	-130,10117648E-6	
1,99620000E+0	-130,94264161E-6	
1,99290000E+0	-131,83391956E-6	
1,98950000E+0	-132,43159707E-6	
1,98640000E+0	-133,84238724E-6	
1,98200000E+0	-135,09700103E-6	
1,97790000E+0	-135,37488446E-6	
1,97450000E+0	-135,29757075E-6	
1,97220000E+0	-137,11850680E-6	
1,96780000E+0	-139,21507437E-6	
1,96450000E+0	-138,66678337E-6	
1,96150000E+0	-137,53824024E-6	
1,95640000E+0	-137,57977084E-6	
1,95280000E+0	-138,19585504E-6	
1,94990000E+0	-139,39351877E-6	
1,94650000E+0	-139,28560668E-6	
1,94140000E+0	-139,37672491E-6	
1,93800000E+0	-139,06110401E-6	
1,93670000E+0	-140,17166864E-6	
1,93150000E+0	-140,81878387E-6	
1,92640000E+0	-141,48681307E-6	
1,92480000E+0	-142,02360655E-6	
1,92170000E+0	-142,78330882E-6	
1,91660000E+0	-143,55986981E-6	
1,91300000E+0	-144,73793659E-6	
1,90980000E+0	-145,71978860E-6	
1,90670000E+0	-144,72965625E-6	
1,90240000E+0	-143,56709108E-6	
1,89800000E+0	-144,17796996E-6	
1,89490000E+0	-145,01897023E-6	
1,89170000E+0	-144,93696937E-6	
1,88740000E+0	-145,11968596E-6	
1,88500000E+0	-145,86007416E-6	
1,88190000E+0	-145,54013950E-6	
1,87760000E+0	-146,17677182E-6	
1,87320000E+0	-147,24346685E-6	
1,87180000E+0	-146,85277554E-6	
1,86750000E+0	-145,84899417E-6	
1,86330000E+0	-147,36384197E-6	
1,86020000E+0	-146,04488114E-6	
1,85680000E+0	-142,32995466E-6	
1,85190000E+0	-143,74925227E-6	
1,84880000E+0	-143,64586556E-6	
1,84540000E+0	-145,75887011E-6	
1,84190000E+0	-143,61193085E-6	
1,83690000E+0	-141,84059739E-6	
1,83380000E+0	-141,74382561E-6	
1,83040000E+0	-142,99442701E-6	
1,82690000E+0	-143,67350193E-6	
1,82190000E+0	-143,64287606E-6	
1,82060000E+0	-144,80690960E-6	
1,81700000E+0	-144,10921532E-6	
1,81210000E+0	-144,50060197E-6	
1,80890000E+0	-143,30432382E-6	
1,80560000E+0	-143,73237215E-6	
1,80200000E+0	-143,16886271E-6	
1,79850000E+0	-143,28280417E-6	
1,79350000E+0	-144,27206410E-6	
1,79020000E+0	-144,99249621E-6	
1,78660000E+0	-145,86370728E-6	
1,78310000E+0	-146,63341070E-6	
1,77970000E+0	-147,05221940E-6	
1,77550000E+0	-147,81564782E-6	
1,77120000E+0	-148,49533744E-6	
1,76960000E+0	-148,61539753E-6	
1,76610000E+0	-146,77627986E-6	
1,76110000E+0	-146,55185040E-6	
1,75780000E+0	-147,45956526E-6	
1,75420000E+0	-147,81956480E-6	
1,75260000E+0	-148,40384391E-6	
1,74730000E+0	-148,45914745E-6	
1,74380000E+0	-149,02086850E-6	
1,74080000E+0	-149,68285935E-6	
1,73730000E+0	-150,24025633E-6	
1,73370000E+0	-151,07435136E-6	
1,73020000E+0	-150,57370396E-6	
1,72660000E+0	-153,06241453E-6	
1,72350000E+0	-157,12731644E-6	
1,72030000E+0	-157,11479048E-6	
1,71500000E+0	-158,04622059E-6	
1,71140000E+0	-159,09428627E-6	
1,70830000E+0	-158,01223889E-6	
1,70490000E+0	-156,52711422E-6	
1,70140000E+0	-153,36184768E-6	
1,69700000E+0	-153,19101495E-6	
1,69270000E+0	-151,99930173E-6	
1,68930000E+0	-151,94884962E-6	
1,68600000E+0	-152,57485139E-6	
1,68360000E+0	-151,70826289E-6	
1,67910000E+0	-150,63386450E-6	
1,67570000E+0	-149,60136908E-6	
1,67240000E+0	-149,09947564E-6	
1,66900000E+0	-149,25587069E-6	
1,66470000E+0	-149,32936567E-6	
1,66040000E+0	-150,70485340E-6	
1,65680000E+0	-150,13043942E-6	
1,65350000E+0	-147,99850568E-6	
1,65110000E+0	-147,88641118E-6	
1,64680000E+0	-148,02598784E-6	
1,64340000E+0	-148,09584376E-6	
1,64010000E+0	-147,51191782E-6	
1,63650000E+0	-147,63316583E-6	
1,63300000E+0	-147,42128865E-6	
1,62960000E+0	-147,91088900E-6	
1,62630000E+0	-148,48224368E-6	
1,62310000E+0	-149,17853781E-6	
1,61860000E+0	-150,76606980E-6	
1,61430000E+0	-151,94458531E-6	
1,61110000E+0	-151,45384153E-6	
1,60780000E+0	-151,61797234E-6	
1,60420000E+0	-152,49000858E-6	
1,60070000E+0	-153,28416395E-6	
1,59570000E+0	-153,97376143E-6	
1,59220000E+0	-154,16117609E-6	
1,59080000E+0	-154,82268535E-6	
1,58650000E+0	-157,20137386E-6	
1,58190000E+0	-161,35870952E-6	
1,57880000E+0	-162,79135525E-6	
1,57520000E+0	-163,38375245E-6	
1,57190000E+0	-160,13119913E-6	
1,56830000E+0	-158,96977555E-6	
1,56320000E+0	-159,69647872E-6	
1,55990000E+0	-160,15285244E-6	
1,55630000E+0	-160,37103845E-6	
1,55300000E+0	-162,33652541E-6	
1,54960000E+0	-163,76097289E-6	
1,54530000E+0	-163,71912646E-6	
1,54070000E+0	-164,23640547E-6	
1,53950000E+0	-168,61703382E-6	
1,53600000E+0	-168,91140687E-6	
1,53080000E+0	-169,13345083E-6	
1,52730000E+0	-170,14585817E-6	
1,52370000E+0	-170,84797352E-6	
1,52050000E+0	-170,90686340E-6	
1,51720000E+0	-170,90114785E-6	
1,51380000E+0	-167,39277704E-6	
1,51030000E+0	-167,03470155E-6	
1,50670000E+0	-167,66654417E-6	
1,50360000E+0	-169,49371409E-6	
1,49920000E+0	-173,69383221E-6	
1,49490000E+0	-173,05755451E-6	
1,49130000E+0	-172,20704151E-6	
1,48800000E+0	-173,52692915E-6	
1,48480000E+0	-172,75081433E-6	
1,48030000E+0	-167,51507087E-6	
1,47790000E+0	-166,24703672E-6	
1,47440000E+0	-170,39650437E-6	
1,47100000E+0	-170,98470948E-6	
1,46690000E+0	-171,73483346E-6	
1,46250000E+0	-170,08170179E-6	
1,45900000E+0	-168,51277015E-6	
1,45540000E+0	-168,32832324E-6	
1,45230000E+0	-168,59993399E-6	
1,44890000E+0	-168,88008457E-6	
1,44360000E+0	-168,35338339E-6	
1,44040000E+0	-167,39054783E-6	
1,43690000E+0	-166,84694475E-6	
1,43440000E+0	-167,67849598E-6	
1,43020000E+0	-168,17330605E-6	
1,42660000E+0	-168,67791158E-6	
1,42310000E+0	-169,38677036E-6	
1,41990000E+0	-170,18914039E-6	
1,41640000E+0	-170,71719527E-6	
1,41330000E+0	-171,40204987E-6	
1,40970000E+0	-171,93267225E-6	
1,40620000E+0	-172,93548756E-6	
1,40200000E+0	-172,25712339E-6	
1,39770000E+0	-173,54478305E-6	
1,39430000E+0	-177,71407491E-6	
1,39280000E+0	-178,81148638E-6	
1,38840000E+0	-178,24834807E-6	
1,38410000E+0	-174,94522692E-6	
1,38050000E+0	-174,87372588E-6	
1,37700000E+0	-173,73875215E-6	
1,37380000E+0	-172,17191953E-6	
1,37050000E+0	-167,98238368E-6	
1,36540000E+0	-166,46089170E-6	
1,36180000E+0	-170,00473174E-6	
1,35850000E+0	-169,70842550E-6	
1,35490000E+0	-169,87544857E-6	
1,35230000E+0	-169,36620611E-6	
1,34800000E+0	-169,35057854E-6	
1,34450000E+0	-168,65423151E-6	
1,34090000E+0	-168,48483829E-6	
1,33740000E+0	-168,63602802E-6	
1,33400000E+0	-168,26308366E-6	
1,32990000E+0	-166,94165593E-6	
1,32550000E+0	-168,40756065E-6	
1,32400000E+0	-168,44264823E-6	
1,32040000E+0	-168,09467965E-6	
1,31650000E+0	-167,74712040E-6	
1,31210000E+0	-168,12256223E-6	
1,30860000E+0	-169,44157137E-6	
1,30680000E+0	-168,19732872E-6	
1,30150000E+0	-163,83779959E-6	
1,29830000E+0	-167,71852392E-6	
1,29500000E+0	-167,04681570E-6	
1,29160000E+0	-170,12612327E-6	
1,28810000E+0	-171,26433072E-6	
1,28390000E+0	-172,29600748E-6	
1,27980000E+0	-173,67850001E-6	
1,27620000E+0	-175,35592688E-6	
1,27270000E+0	-183,96282856E-6	
1,27070000E+0	-187,59982528E-6	
1,26550000E+0	-187,69944374E-6	
1,26140000E+0	-188,29638033E-6	
1,25720000E+0	-188,01809533E-6	
1,25370000E+0	-186,00561330E-6	
1,25010000E+0	-186,26232366E-6	
1,24660000E+0	-191,56932023E-6	
1,24320000E+0	-191,83461046E-6	
1,23990000E+0	-191,73724137E-6	
1,23470000E+0	-191,78267514E-6	
1,23280000E+0	-192,21017779E-6	
1,22960000E+0	-191,78787136E-6	
1,22500000E+0	-191,78707440E-6	
1,22070000E+0	-192,15624624E-6	
1,21740000E+0	-192,30972647E-6	
1,21380000E+0	-191,60048835E-6	
1,21070000E+0	-191,24242648E-6	
1,20730000E+0	-190,48854702E-6	
1,20200000E+0	-190,16761425E-6	
1,19840000E+0	-189,89676636E-6	
1,19490000E+0	-189,96728048E-6	
1,19130000E+0	-190,16267993E-6	
1,18990000E+0	-189,79425984E-6	
1,18480000E+0	-189,91075717E-6	
1,18150000E+0	-188,32844640E-6	
1,17790000E+0	-191,70072969E-6	
1,17440000E+0	-193,39025454E-6	
1,17100000E+0	-193,07530557E-6	
1,16750000E+0	-193,99735045E-6	
1,16390000E+0	-194,88716261E-6	
1,16040000E+0	-196,53630025E-6	
1,15740000E+0	-197,36271731E-6	
1,15390000E+0	-198,71433695E-6	
1,14860000E+0	-199,98201490E-6	
1,14660000E+0	-200,79703500E-6	
1,14320000E+0	-200,72530951E-6	
1,14010000E+0	-201,13916164E-6	
1,13610000E+0	-200,80834018E-6	
1,13120000E+0	-200,55929539E-6	
1,12770000E+0	-200,88852225E-6	
1,12410000E+0	-201,21411157E-6	
1,12080000E+0	-201,92176299E-6	
1,11780000E+0	-202,06872834E-6	
1,11410000E+0	-202,24991692E-6	
1,10880000E+0	-202,18382536E-6	
1,10700000E+0	-201,24932435E-6	
1,10360000E+0	-201,04816834E-6	
1,10010000E+0	-201,62249727E-6	
1,09530000E+0	-202,39128124E-6	
1,09160000E+0	-203,25630258E-6	
1,08820000E+0	-203,60463738E-6	
1,08450000E+0	-203,23241962E-6	
1,08120000E+0	-204,26244168E-6	
1,07780000E+0	-204,30505618E-6	
1,07450000E+0	-205,69554078E-6	
1,07090000E+0	-207,22172827E-6	
1,06730000E+0	-207,25548008E-6	
1,06380000E+0	-206,81590766E-6	
1,06020000E+0	-206,89767137E-6	
1,05670000E+0	-208,02591307E-6	
1,05350000E+0	-208,95559604E-6	
1,05020000E+0	-208,82662453E-6	
1,04660000E+0	-209,03812352E-6	
1,04130000E+0	-210,36649503E-6	
1,03790000E+0	-210,92631863E-6	
1,03460000E+0	-210,76841420E-6	
1,03140000E+0	-211,02323903E-6	
1,02790000E+0	-209,92080635E-6	
1,02410000E+0	-209,33997342E-6	
1,01990000E+0	-208,16755073E-6	
1,01540000E+0	-207,81466364E-6	
1,01200000E+0	-209,09455723E-6	
1,00880000E+0	-209,72062960E-6	
1,00530000E+0	-209,29519667E-6	
1,00170000E+0	-210,43676229E-6	
997,40000000E-3	-210,81729410E-6	
992,80000000E-3	-211,59348318E-6	
989,70000000E-3	-212,58457827E-6	
986,30000000E-3	-213,62517496E-6	
983,00000000E-3	-215,17820949E-6	
979,40000000E-3	-216,92078525E-6	
974,10000000E-3	-216,23026524E-6	
972,50000000E-3	-216,39674581E-6	
969,00000000E-3	-217,30195198E-6	
965,40000000E-3	-216,37609399E-6	
961,30000000E-3	-216,18675963E-6	
956,90000000E-3	-218,25501986E-6	
953,60000000E-3	-217,92737756E-6	
950,00000000E-3	-217,66361490E-6	
946,50000000E-3	-217,10598654E-6	
943,10000000E-3	-218,22066110E-6	
939,60000000E-3	-217,29176269E-6	
936,00000000E-3	-217,60285704E-6	
932,70000000E-3	-218,90302649E-6	
929,50000000E-3	-219,16671527E-6	
926,00000000E-3	-218,98525400E-6	
922,60000000E-3	-216,72916554E-6	
919,10000000E-3	-218,51293095E-6	
915,50000000E-3	-220,31457326E-6	
912,20000000E-3	-220,43094443E-6	
908,00000000E-3	-219,90275594E-6	
903,50000000E-3	-220,48585954E-6	
900,10000000E-3	-221,03321493E-6	
896,60000000E-3	-221,36601676E-6	
893,00000000E-3	-221,76734380E-6	
889,90000000E-3	-221,73331876E-6	
886,40000000E-3	-220,50304291E-6	
882,80000000E-3	-220,46861413E-6	
879,20000000E-3	-220,68178386E-6	
875,70000000E-3	-221,02380445E-6	
871,60000000E-3	-221,50806319E-6	
867,40000000E-3	-222,53202483E-6	
863,90000000E-3	-223,95116168E-6	
860,50000000E-3	-224,56683169E-6	
857,00000000E-3	-224,87340992E-6	
853,60000000E-3	-224,95401704E-6	
848,50000000E-3	-225,72641633E-6	
846,90000000E-3	-226,39303630E-6	
843,40000000E-3	-226,37486992E-6	
839,80000000E-3	-226,17131219E-6	
834,90000000E-3	-226,82644578E-6	
831,50000000E-3	-226,68020363E-6	
828,00000000E-3	-226,26323682E-6	
826,00000000E-3	-226,86505317E-6	
822,40000000E-3	-227,03901115E-6	
817,30000000E-3	-227,03567225E-6	
814,00000000E-3	-227,14778787E-6	
810,40000000E-3	-227,94956274E-6	
808,40000000E-3	-228,47344515E-6	
803,50000000E-3	-228,77448948E-6	
800,00000000E-3	-229,56013766E-6	
795,80000000E-3	-229,18463702E-6	
793,10000000E-3	-229,91246576E-6	
789,30000000E-3	-230,19514725E-6	
786,20000000E-3	-230,07352759E-6	
782,60000000E-3	-229,50623887E-6	
778,90000000E-3	-229,62279038E-6	
774,50000000E-3	-229,40852463E-6	
770,10000000E-3	-227,71900001E-6	
766,80000000E-3	-229,80655234E-6	
763,60000000E-3	-231,34277101E-6	
760,00000000E-3	-230,51656109E-6	
756,50000000E-3	-232,34502956E-6	
753,10000000E-3	-233,58861442E-6	
749,60000000E-3	-233,24682712E-6	
746,00000000E-3	169,28638125E-6	
742,50000000E-3	-112,44419219E-6	
737,50000000E-3	-294,48332210E-6	
734,20000000E-3	-315,12344251E-6	
730,60000000E-3	-324,79673523E-6	
728,60000000E-3	-336,88957957E-6	
725,10000000E-3	-345,03144056E-6	
720,20000000E-3	-350,26852257E-6	
716,60000000E-3	-363,41188908E-6	
713,30000000E-3	-376,92405339E-6	
709,90000000E-3	-374,44397808E-6	
706,60000000E-3	-376,13618994E-6	
703,20000000E-3	-380,29962735E-6	
699,90000000E-3	-358,78542510E-6	
696,30000000E-3	-343,32180275E-6	
692,80000000E-3	-338,99665726E-6	
688,40000000E-3	-334,14559254E-6	
684,10000000E-3	-332,59379837E-6	
680,90000000E-3	-326,86790710E-6	
677,40000000E-3	-323,62278906E-6	
673,80000000E-3	-322,79485768E-6	
670,30000000E-3	-317,59600451E-6	
666,70000000E-3	-317,14250688E-6	
662,60000000E-3	-326,54876171E-6	
658,10000000E-3	-322,96299968E-6	
654,70000000E-3	-323,44496744E-6	
651,00000000E-3	-323,61532533E-6	
647,40000000E-3	-326,05150109E-6	
643,90000000E-3	-328,50646949E-6	
640,30000000E-3	-327,37262422E-6	
636,80000000E-3	-324,23057678E-6	
632,40000000E-3	-325,58237668E-6	
628,70000000E-3	-324,57106922E-6	
624,60000000E-3	-324,38091162E-6	
620,60000000E-3	-322,31945719E-6	
618,80000000E-3	-320,76270984E-6	
615,30000000E-3	-321,14216585E-6	
611,70000000E-3	-321,81720217E-6	
608,40000000E-3	-321,55220329E-6	
603,90000000E-3	-319,49909001E-6	
599,50000000E-3	-320,54161360E-6	
596,20000000E-3	-319,49016562E-6	
592,20000000E-3	-319,92686950E-6	
588,90000000E-3	-320,68968031E-6	
587,10000000E-3	-320,72096490E-6	
583,30000000E-3	-318,60398167E-6	
578,80000000E-3	-316,56332382E-6	
575,50000000E-3	-316,41019894E-6	
570,90000000E-3	-315,26956741E-6	
569,10000000E-3	-316,69232089E-6	
565,60000000E-3	-317,18049490E-6	
561,90000000E-3	-317,94183836E-6	
558,30000000E-3	-317,34046776E-6	
554,00000000E-3	-317,59176550E-6	
549,80000000E-3	-318,44456480E-6	
546,10000000E-3	-319,29754429E-6	
542,50000000E-3	-320,14577234E-6	
540,70000000E-3	-318,91788226E-6	
537,00000000E-3	-318,83186390E-6	
533,50000000E-3	-320,29738396E-6	
529,90000000E-3	-318,75145320E-6	
524,80000000E-3	-319,08274847E-6	
521,20000000E-3	-319,82020257E-6	
517,60000000E-3	-319,69136550E-6	
513,90000000E-3	-319,03930659E-6	
510,30000000E-3	-317,68386901E-6	
508,70000000E-3	-314,19398724E-6	
503,40000000E-3	-314,19638948E-6	
500,40000000E-3	-313,66539289E-6	
496,90000000E-3	-313,16176787E-6	
493,30000000E-3	-312,88609652E-6	
489,80000000E-3	-312,01394508E-6	
484,80000000E-3	-308,74763934E-6	
481,50000000E-3	-307,58988030E-6	
477,90000000E-3	-310,12086287E-6	
476,20000000E-3	-310,05876685E-6	
472,40000000E-3	-308,36914126E-6	
467,30000000E-3	-305,99436774E-6	
463,70000000E-3	-305,22804442E-6	
460,60000000E-3	-308,43985541E-6	
458,20000000E-3	-310,76512623E-6	
453,80000000E-3	-306,75226360E-6	
448,70000000E-3	-305,45551126E-6	
446,70000000E-3	-306,32515044E-6	
443,50000000E-3	-306,52774996E-6	
440,00000000E-3	-309,53710797E-6	
434,80000000E-3	-309,57925486E-6	
431,30000000E-3	-309,88201560E-6	
427,80000000E-3	-313,39126701E-6	
424,40000000E-3	-312,78039328E-6	
421,30000000E-3	-312,54555683E-6	
416,70000000E-3	-313,39337272E-6	
412,40000000E-3	-313,18185939E-6	
409,30000000E-3	-313,41272921E-6	
405,50000000E-3	-314,13379245E-6	
402,40000000E-3	-314,63098577E-6	
399,00000000E-3	-315,28918420E-6	
393,90000000E-3	-314,71092214E-6	
392,10000000E-3	-315,46339130E-6	
388,60000000E-3	-314,50181064E-6	
385,20000000E-3	-314,46618892E-6	
380,10000000E-3	-314,40586779E-6	
376,60000000E-3	-314,62236986E-6	
373,20000000E-3	-314,57577460E-6	
369,70000000E-3	-314,13055160E-6	
366,10000000E-3	-313,89202402E-6	
362,70000000E-3	-313,46749432E-6	
359,60000000E-3	-314,14641571E-6	
356,10000000E-3	-314,11669011E-6	
352,70000000E-3	-314,31706154E-6	
349,20000000E-3	-314,13910940E-6	
345,80000000E-3	-315,65550583E-6	
342,20000000E-3	-316,23884801E-6	
338,70000000E-3	-317,29565710E-6	
335,40000000E-3	-317,44337684E-6	
330,20000000E-3	-317,57692100E-6	
326,90000000E-3	-317,52465194E-6	
323,30000000E-3	-318,94203138E-6	
320,20000000E-3	-319,36154898E-6	
316,80000000E-3	-319,50281313E-6	
312,30000000E-3	-320,16308664E-6	
308,00000000E-3	-320,49480053E-6	
305,00000000E-3	-321,03719100E-6	
303,00000000E-3	-321,30912276E-6	
298,70000000E-3	-321,52464204E-6	
294,30000000E-3	-320,91545672E-6	
290,80000000E-3	-322,15416744E-6	
287,40000000E-3	-323,87419730E-6	
284,10000000E-3	-325,66604856E-6	
280,80000000E-3	-325,12398640E-6	
275,40000000E-3	-324,94058131E-6	
271,90000000E-3	-323,46072190E-6	
268,90000000E-3	-323,42369690E-6	
267,10000000E-3	-323,53372894E-6	
262,00000000E-3	-324,76275313E-6	
258,40000000E-3	-324,69470905E-6	
254,80000000E-3	-324,91053724E-6	
251,70000000E-3	-324,83328280E-6	
248,10000000E-3	-324,91430335E-6	
244,60000000E-3	-325,04216270E-6	
241,20000000E-3	-325,37989270E-6	
237,90000000E-3	-326,15262747E-6	
234,70000000E-3	-326,92853714E-6	
231,20000000E-3	-327,53814512E-6	
225,80000000E-3	-327,85457071E-6	
222,50000000E-3	-328,24168133E-6	
219,10000000E-3	-328,87469804E-6	
215,80000000E-3	-329,03024814E-6	
212,20000000E-3	-324,80109739E-6	
207,10000000E-3	-322,14008948E-6	
203,50000000E-3	-323,02965869E-6	
201,90000000E-3	-323,52863528E-6	
198,80000000E-3	-327,62789887E-6	
193,50000000E-3	-324,67234316E-6	
189,70000000E-3	-324,03645052E-6	
186,40000000E-3	-324,31515274E-6	
183,20000000E-3	-324,31518058E-6	
179,70000000E-3	-324,68703749E-6	
175,50000000E-3	-324,85030307E-6	
171,20000000E-3	-325,18674196E-6	
167,60000000E-3	-324,83432742E-6	
164,30000000E-3	-325,29146676E-6	
160,70000000E-3	-324,83387063E-6	
157,40000000E-3	-325,92866396E-6	
154,00000000E-3	-326,22559258E-6	
150,30000000E-3	-326,54550258E-6	
147,10000000E-3	-323,45621577E-6	
143,80000000E-3	-321,14843571E-6	
138,70000000E-3	-321,26613350E-6	
136,90000000E-3	-320,96648098E-6	
133,30000000E-3	-321,28972509E-6	
130,00000000E-3	-320,95334456E-6	
124,90000000E-3	-321,67822670E-6	
121,50000000E-3	-321,74649524E-6	
118,00000000E-3	-322,54486027E-6	
114,50000000E-3	-321,88952685E-6	
112,90000000E-3	-320,79168253E-6	
107,60000000E-3	-320,82515443E-6	
104,20000000E-3	-321,45351404E-6	
100,70000000E-3	-321,36718665E-6	
97,70000000E-3	-322,14782605E-6	
94,20000000E-3	-320,75941651E-6	
89,10000000E-3	-321,04117461E-6	
85,30000000E-3	-320,97113750E-6	
82,20000000E-3	-320,92091302E-6	
78,80000000E-3	-324,23667014E-6	
75,30000000E-3	-321,21549545E-6	
71,70000000E-3	-319,47178887E-6	
66,60000000E-3	-319,46176683E-6	
63,30000000E-3	-320,10167154E-6	
59,90000000E-3	-320,23526835E-6	
56,40000000E-3	-320,55582193E-6	
53,00000000E-3	-321,00402213E-6	
47,70000000E-3	-321,35418993E-6	
46,20000000E-3	-321,59562753E-6	
43,00000000E-3	-321,79996616E-6	
39,50000000E-3	-321,62295286E-6	
34,40000000E-3	-322,68628685E-6	
30,80000000E-3	-322,40350949E-6	
27,70000000E-3	-322,48377621E-6	
24,10000000E-3	-324,03862378E-6	
20,60000000E-3	-325,87253156E-6	
17,00000000E-3	-325,32551713E-6	
13,60000000E-3	-326,24487814E-6	
10,70000000E-3	-327,40801362E-6	
7,10000000E-3	-327,54962752E-6	
3,60000000E-3	-327,29354056E-6	
500,00000000E-6	-327,59096574E-6	
-2,10000000E-3	-328,15782877E-6	
-3,90000000E-3	-327,69724058E-6	
-5,20000000E-3	-326,76937899E-6	
-5,60000000E-3	-326,16339404E-6	
-5,50000000E-3	-326,41240488E-6	
-4,90000000E-3	-327,71837627E-6	
-4,10000000E-3	-328,64738245E-6	
-3,10000000E-3	-329,10892471E-6	
-2,00000000E-3	-329,41744066E-6	
-800,00000000E-6	-328,99901190E-6	
-200,00000000E-6	-331,17011599E-6	
