0,00000000E+0	525,15653270E-6	
0,00000000E+0	524,49622183E-6	
0,00000000E+0	524,52306552E-6	
500,00000000E-6	524,32582880E-6	
2,40000000E-3	524,47927186E-6	
3,40000000E-3	525,54554673E-6	
5,30000000E-3	524,97442784E-6	
7,30000000E-3	523,61005230E-6	
9,60000000E-3	524,30470462E-6	
12,60000000E-3	524,09783744E-6	
15,80000000E-3	523,46147288E-6	
17,00000000E-3	522,21679964E-6	
19,90000000E-3	521,66941016E-6	
24,00000000E-3	521,50678621E-6	
27,20000000E-3	521,36467953E-6	
30,30000000E-3	522,01108428E-6	
33,30000000E-3	522,07490665E-6	
36,40000000E-3	521,35651570E-6	
39,50000000E-3	520,77437544E-6	
44,00000000E-3	520,64366369E-6	
46,10000000E-3	519,90301461E-6	
49,20000000E-3	518,65680372E-6	
52,40000000E-3	517,94294664E-6	
56,00000000E-3	517,83825461E-6	
60,20000000E-3	516,26961493E-6	
64,00000000E-3	514,78590467E-6	
67,50000000E-3	514,03207702E-6	
70,90000000E-3	513,75085163E-6	
74,00000000E-3	509,48060729E-6	
77,90000000E-3	508,12938112E-6	
81,20000000E-3	507,17993077E-6	
84,50000000E-3	506,00658060E-6	
87,80000000E-3	506,94895259E-6	
91,30000000E-3	507,89625334E-6	
96,20000000E-3	507,21740954E-6	
98,10000000E-3	505,54257231E-6	
101,80000000E-3	504,93163636E-6	
105,10000000E-3	504,13778666E-6	
108,70000000E-3	502,58888821E-6	
112,80000000E-3	500,57164798E-6	
117,30000000E-3	499,93605526E-6	
120,40000000E-3	500,41408139E-6	
122,00000000E-3	500,11240657E-6	
125,50000000E-3	498,93966393E-6	
130,00000000E-3	497,58624535E-6	
134,30000000E-3	495,56279365E-6	
137,60000000E-3	494,95765040E-6	
140,80000000E-3	493,45726109E-6	
144,30000000E-3	492,47183140E-6	
147,90000000E-3	492,09765658E-6	
152,40000000E-3	490,71654812E-6	
156,50000000E-3	487,12539913E-6	
160,00000000E-3	486,47442784E-6	
163,40000000E-3	486,64416976E-6	
166,90000000E-3	483,47546866E-6	
170,20000000E-3	485,40162300E-6	
175,40000000E-3	486,42171803E-6	
177,10000000E-3	484,93003814E-6	
180,50000000E-3	484,50403581E-6	
184,00000000E-3	484,74644853E-6	
187,50000000E-3	481,99457869E-6	
192,70000000E-3	480,12448299E-6	
196,00000000E-3	480,09189955E-6	
199,40000000E-3	477,28209422E-6	
203,10000000E-3	472,42752491E-6	
206,60000000E-3	470,44048881E-6	
209,40000000E-3	469,88211881E-6	
213,70000000E-3	468,18997025E-6	
216,80000000E-3	467,31118665E-6	
220,20000000E-3	466,94006090E-6	
223,70000000E-3	466,88023071E-6	
227,30000000E-3	464,55952570E-6	
230,80000000E-3	464,52307844E-6	
234,40000000E-3	464,62165038E-6	
237,70000000E-3	463,74971160E-6	
240,90000000E-3	462,46007851E-6	
246,20000000E-3	462,46786122E-6	
249,80000000E-3	461,09188117E-6	
253,10000000E-3	460,53545869E-6	
256,60000000E-3	460,60499573E-6	
260,20000000E-3	460,39948345E-6	
263,60000000E-3	459,66651036E-6	
267,10000000E-3	458,24822777E-6	
272,00000000E-3	457,54140007E-6	
275,60000000E-3	456,35490682E-6	
279,10000000E-3	456,75240147E-6	
282,50000000E-3	456,08975808E-6	
286,00000000E-3	455,25671744E-6	
289,60000000E-3	452,79070401E-6	
292,70000000E-3	454,12102984E-6	
296,10000000E-3	453,28328862E-6	
299,40000000E-3	452,89236796E-6	
303,20000000E-3	454,25352423E-6	
306,90000000E-3	454,57918098E-6	
311,10000000E-3	453,60126417E-6	
315,40000000E-3	453,04724842E-6	
318,90000000E-3	451,54451358E-6	
320,50000000E-3	451,15588572E-6	
325,60000000E-3	450,58517564E-6	
329,40000000E-3	450,89514636E-6	
332,70000000E-3	450,85009875E-6	
336,30000000E-3	449,01517696E-6	
337,80000000E-3	447,88483341E-6	
343,00000000E-3	447,25239496E-6	
346,10000000E-3	446,37645863E-6	
350,10000000E-3	445,37107523E-6	
353,40000000E-3	445,12779433E-6	
356,80000000E-3	443,66483311E-6	
360,10000000E-3	444,50989223E-6	
364,60000000E-3	444,43411553E-6	
368,80000000E-3	443,17724120E-6	
372,30000000E-3	441,52227045E-6	
375,60000000E-3	440,27970929E-6	
379,00000000E-3	439,79424136E-6	
382,50000000E-3	439,52640989E-6	
386,80000000E-3	438,33420572E-6	
389,40000000E-3	438,77060855E-6	
393,00000000E-3	439,02871244E-6	
396,50000000E-3	438,24890062E-6	
401,40000000E-3	436,68071924E-6	
404,80000000E-3	435,51096961E-6	
408,50000000E-3	436,22653919E-6	
412,00000000E-3	434,59246453E-6	
415,60000000E-3	433,86226430E-6	
419,20000000E-3	433,04832192E-6	
422,10000000E-3	430,90333175E-6	
427,40000000E-3	429,22055276E-6	
429,20000000E-3	428,46549574E-6	
432,70000000E-3	428,87924782E-6	
436,30000000E-3	430,67528945E-6	
439,80000000E-3	431,50796908E-6	
444,60000000E-3	436,13207455E-6	
448,10000000E-3	433,75555962E-6	
449,90000000E-3	431,66748717E-6	
453,40000000E-3	429,83599232E-6	
457,80000000E-3	432,47148079E-6	
462,10000000E-3	431,81546274E-6	
465,50000000E-3	432,83104152E-6	
469,00000000E-3	432,22633587E-6	
472,60000000E-3	431,34400786E-6	
475,90000000E-3	430,02851215E-6	
481,10000000E-3	429,11082045E-6	
484,40000000E-3	426,02696173E-6	
488,00000000E-3	425,18242628E-6	
491,50000000E-3	424,89133026E-6	
495,10000000E-3	425,56617090E-6	
498,30000000E-3	421,61665487E-6	
501,60000000E-3	416,82912941E-6	
505,20000000E-3	416,87224225E-6	
508,90000000E-3	407,99179385E-6	
512,50000000E-3	404,50247906E-6	
516,00000000E-3	403,27346560E-6	
520,20000000E-3	412,55523005E-6	
524,30000000E-3	416,25356703E-6	
527,90000000E-3	415,55787199E-6	
531,40000000E-3	414,81812785E-6	
534,90000000E-3	414,70902736E-6	
538,30000000E-3	414,22887966E-6	
541,80000000E-3	410,96926932E-6	
545,00000000E-3	411,25881597E-6	
548,60000000E-3	411,57979804E-6	
551,90000000E-3	410,64694085E-6	
555,70000000E-3	410,61243761E-6	
559,80000000E-3	410,55140046E-6	
562,40000000E-3	409,47422481E-6	
565,90000000E-3	408,01162212E-6	
569,30000000E-3	407,89114317E-6	
573,80000000E-3	406,14921574E-6	
577,90000000E-3	405,55471743E-6	
579,70000000E-3	406,18345919E-6	
582,90000000E-3	406,58508371E-6	
586,60000000E-3	405,88898513E-6	
591,70000000E-3	403,60218182E-6	
595,10000000E-3	404,19891949E-6	
598,70000000E-3	403,79375759E-6	
602,20000000E-3	401,93876584E-6	
605,30000000E-3	400,21316953E-6	
609,10000000E-3	399,30341867E-6	
612,70000000E-3	399,42700786E-6	
617,80000000E-3	403,30898619E-6	
621,30000000E-3	399,37975306E-6	
623,10000000E-3	397,66605200E-6	
626,40000000E-3	396,75819493E-6	
630,00000000E-3	396,19064936E-6	
635,30000000E-3	395,16035126E-6	
638,60000000E-3	393,15401660E-6	
642,20000000E-3	391,50632067E-6	
645,30000000E-3	392,11935150E-6	
648,90000000E-3	392,65451425E-6	
652,20000000E-3	392,71199408E-6	
655,80000000E-3	390,36091968E-6	
659,30000000E-3	390,13608357E-6	
662,90000000E-3	391,04348155E-6	
666,40000000E-3	388,60489867E-6	
670,70000000E-3	388,50580085E-6	
674,70000000E-3	387,70787159E-6	
678,20000000E-3	387,60321538E-6	
680,00000000E-3	386,05147730E-6	
683,40000000E-3	385,66817778E-6	
688,70000000E-3	382,77465248E-6	
692,00000000E-3	382,79820846E-6	
695,60000000E-3	379,31559468E-6	
698,90000000E-3	380,75440532E-6	
702,50000000E-3	375,67895679E-6	
705,80000000E-3	372,81364019E-6	
711,00000000E-3	376,62028393E-6	
714,50000000E-3	377,66697452E-6	
718,10000000E-3	374,37911489E-6	
721,60000000E-3	368,63419733E-6	
725,20000000E-3	375,12405419E-6	
728,10000000E-3	375,95801147E-6	
733,50000000E-3	376,01690074E-6	
737,00000000E-3	373,15791394E-6	
740,60000000E-3	374,03698244E-6	
744,10000000E-3	374,34081529E-6	
746,30000000E-3	369,99698350E-6	
750,70000000E-3	370,30048838E-6	
756,00000000E-3	368,33956511E-6	
757,80000000E-3	368,67080563E-6	
761,30000000E-3	370,70482932E-6	
764,70000000E-3	370,96633458E-6	
768,10000000E-3	369,14422381E-6	
773,40000000E-3	367,82699779E-6	
776,90000000E-3	366,69484824E-6	
780,30000000E-3	363,95022259E-6	
783,60000000E-3	366,30520144E-6	
786,80000000E-3	361,67922617E-6	
790,50000000E-3	364,94120149E-6	
794,10000000E-3	366,18067137E-6	
797,60000000E-3	364,78634873E-6	
800,80000000E-3	365,34307100E-6	
804,30000000E-3	370,17853476E-6	
809,30000000E-3	369,72399664E-6	
811,30000000E-3	366,09681665E-6	
815,00000000E-3	365,01347419E-6	
818,50000000E-3	358,88909618E-6	
821,70000000E-3	357,35724948E-6	
826,20000000E-3	358,07008081E-6	
830,40000000E-3	356,79433775E-6	
833,70000000E-3	356,02755865E-6	
837,50000000E-3	354,55529156E-6	
841,00000000E-3	355,87745966E-6	
844,20000000E-3	354,27118182E-6	
847,50000000E-3	354,29404930E-6	
851,10000000E-3	356,41572456E-6	
854,60000000E-3	354,33378354E-6	
858,00000000E-3	351,29325483E-6	
861,50000000E-3	354,09373147E-6	
865,90000000E-3	353,15374263E-6	
870,00000000E-3	353,15463223E-6	
873,60000000E-3	348,06491843E-6	
877,10000000E-3	343,82136930E-6	
880,40000000E-3	350,37546572E-6	
884,00000000E-3	350,77575150E-6	
887,20000000E-3	347,29836562E-6	
890,90000000E-3	340,81753690E-6	
894,50000000E-3	341,69940181E-6	
897,60000000E-3	342,57708492E-6	
902,00000000E-3	342,19807266E-6	
906,50000000E-3	340,00722209E-6	
909,70000000E-3	342,69185716E-6	
911,40000000E-3	344,30324028E-6	
914,80000000E-3	342,14643663E-6	
918,50000000E-3	344,21082575E-6	
923,80000000E-3	343,81413008E-6	
927,40000000E-3	343,23887957E-6	
929,00000000E-3	342,00587038E-6	
932,30000000E-3	338,07923138E-6	
937,50000000E-3	338,06010603E-6	
941,00000000E-3	335,67860654E-6	
944,60000000E-3	331,92664704E-6	
947,90000000E-3	332,11311402E-6	
951,50000000E-3	327,58675312E-6	
954,60000000E-3	328,99860518E-6	
959,90000000E-3	331,40682124E-6	
963,50000000E-3	331,64816136E-6	
966,90000000E-3	333,10007367E-6	
970,40000000E-3	333,51223525E-6	
974,00000000E-3	330,68204374E-6	
977,30000000E-3	330,89148634E-6	
981,70000000E-3	336,05296690E-6	
985,80000000E-3	336,31492141E-6	
987,60000000E-3	334,51272025E-6	
990,90000000E-3	332,17190325E-6	
994,50000000E-3	327,29638719E-6	
999,90000000E-3	330,59795790E-6	
1,00340000E+0	330,11568411E-6	
1,00660000E+0	327,00081309E-6	
1,01000000E+0	329,12232381E-6	
1,01350000E+0	336,77961540E-6	
1,01690000E+0	321,75433771E-6	
1,02040000E+0	320,52967771E-6	
1,02340000E+0	307,38525736E-6	
1,02700000E+0	315,82934371E-6	
1,03210000E+0	318,12715970E-6	
1,03410000E+0	312,08605587E-6	
1,03760000E+0	314,01264315E-6	
1,04120000E+0	320,52479978E-6	
1,04530000E+0	322,99800227E-6	
1,04950000E+0	321,18880588E-6	
1,05300000E+0	324,06947117E-6	
1,05660000E+0	326,81781830E-6	
1,06010000E+0	328,30034145E-6	
1,06350000E+0	333,68274626E-6	
1,06680000E+0	332,71465255E-6	
1,07200000E+0	330,13827864E-6	
1,07550000E+0	322,90205356E-6	
1,07910000E+0	322,14463502E-6	
1,08070000E+0	320,27072892E-6	
1,08560000E+0	317,14354488E-6	
1,08940000E+0	310,49360176E-6	
1,09290000E+0	311,37487233E-6	
1,09650000E+0	310,47426860E-6	
1,09980000E+0	310,66774145E-6	
1,10300000E+0	307,57716412E-6	
1,10810000E+0	304,77524356E-6	
1,11180000E+0	301,49047859E-6	
1,11540000E+0	307,52074762E-6	
1,11870000E+0	307,96730971E-6	
1,12230000E+0	307,93676617E-6	
1,12550000E+0	308,89411246E-6	
1,12900000E+0	309,65501023E-6	
1,13250000E+0	310,90960078E-6	
1,13570000E+0	312,67548328E-6	
1,13930000E+0	313,48102257E-6	
1,14260000E+0	312,25269602E-6	
1,14790000E+0	313,14853816E-6	
1,14970000E+0	313,48107647E-6	
1,15320000E+0	313,86490296E-6	
1,15660000E+0	315,89718890E-6	
1,16010000E+0	314,47256103E-6	
1,16450000E+0	312,15872075E-6	
1,16880000E+0	309,04529640E-6	
1,17240000E+0	310,34462890E-6	
1,17590000E+0	310,35213931E-6	
1,17930000E+0	306,70910532E-6	
1,18260000E+0	303,80082152E-6	
1,18780000E+0	305,79006461E-6	
1,19130000E+0	499,17384683E-6	
1,19290000E+0	591,98324912E-6	
1,19640000E+0	552,65525525E-6	
1,20100000E+0	513,87746129E-6	
1,20490000E+0	485,84801331E-6	
1,20850000E+0	466,60059325E-6	
1,21180000E+0	457,40029449E-6	
1,21540000E+0	450,86075907E-6	
1,21890000E+0	444,24733133E-6	
1,22250000E+0	438,00628874E-6	
1,22760000E+0	426,92696331E-6	
1,23120000E+0	419,76808830E-6	
1,23430000E+0	413,71799734E-6	
1,23790000E+0	410,95075805E-6	
1,24140000E+0	392,86548007E-6	
1,24480000E+0	379,23520175E-6	
1,24840000E+0	376,90610004E-6	
1,25170000E+0	375,92518147E-6	
1,25530000E+0	373,72072857E-6	
1,25890000E+0	372,91550452E-6	
1,26240000E+0	370,83571310E-6	
1,26620000E+0	368,29278001E-6	
1,26950000E+0	365,66225777E-6	
1,27330000E+0	363,53017754E-6	
1,27710000E+0	360,76028648E-6	
1,28060000E+0	358,58610224E-6	
1,28220000E+0	357,32739404E-6	
1,28590000E+0	354,78813463E-6	
1,28970000E+0	352,34859121E-6	
1,29320000E+0	351,01954778E-6	
1,29780000E+0	349,29079892E-6	
1,30230000E+0	345,99322964E-6	
1,30600000E+0	342,60413590E-6	
1,30980000E+0	340,33902899E-6	
1,31340000E+0	338,28073907E-6	
1,31690000E+0	335,59127561E-6	
1,32030000E+0	333,48611873E-6	
1,32400000E+0	332,25040419E-6	
1,32770000E+0	331,08805245E-6	
1,33150000E+0	330,25877579E-6	
1,33510000E+0	328,75828717E-6	
1,33680000E+0	327,94263767E-6	
1,34160000E+0	328,04789557E-6	
1,34590000E+0	328,50302049E-6	
1,34970000E+0	330,30910609E-6	
1,35340000E+0	331,58027052E-6	
1,35680000E+0	332,42103109E-6	
1,36050000E+0	333,64301294E-6	
1,36390000E+0	334,95283140E-6	
1,36760000E+0	336,37083160E-6	
1,36940000E+0	337,27789116E-6	
1,37310000E+0	338,17247894E-6	
1,37670000E+0	338,26273664E-6	
1,38140000E+0	334,74452905E-6	
1,38490000E+0	334,67951874E-6	
1,38950000E+0	335,76872603E-6	
1,39140000E+0	336,38440141E-6	
1,39480000E+0	334,47085340E-6	
1,39870000E+0	338,05495359E-6	
1,40190000E+0	336,10709613E-6	
1,40580000E+0	337,91369657E-6	
1,40920000E+0	334,07444281E-6	
1,41290000E+0	329,48653287E-6	
1,41670000E+0	327,29724546E-6	
1,42020000E+0	331,15802462E-6	
1,42480000E+0	328,83281633E-6	
1,42930000E+0	320,47767274E-6	
1,43270000E+0	317,30054074E-6	
1,43640000E+0	321,27006189E-6	
1,43820000E+0	322,39920865E-6	
1,44180000E+0	322,34154979E-6	
1,44530000E+0	314,51023142E-6	
1,44910000E+0	307,82696533E-6	
1,45260000E+0	301,72201845E-6	
1,45640000E+0	298,22498205E-6	
1,46070000E+0	295,66376014E-6	
1,46540000E+0	292,85095810E-6	
1,46900000E+0	290,99674833E-6	
1,47250000E+0	290,09573508E-6	
1,47450000E+0	289,39104174E-6	
1,47800000E+0	288,47255063E-6	
1,48160000E+0	287,69147624E-6	
1,48520000E+0	287,69101561E-6	
1,48910000E+0	287,39233711E-6	
1,49250000E+0	289,28114099E-6	
1,49620000E+0	292,66235454E-6	
1,50000000E+0	299,15179527E-6	
1,50360000E+0	301,94274105E-6	
1,50690000E+0	306,19743533E-6	
1,51070000E+0	296,32050714E-6	
1,51450000E+0	299,43427314E-6	
1,51800000E+0	303,96586797E-6	
1,52180000E+0	306,09803578E-6	
1,52530000E+0	306,62199852E-6	
1,52910000E+0	301,96313081E-6	
1,53240000E+0	304,72525983E-6	
1,53600000E+0	301,81515189E-6	
1,53970000E+0	303,39249806E-6	
1,54330000E+0	304,40665782E-6	
1,54680000E+0	304,82154125E-6	
1,55060000E+0	305,92009920E-6	
1,55410000E+0	304,70819881E-6	
1,55790000E+0	307,02742155E-6	
1,56140000E+0	306,30701948E-6	
1,56500000E+0	307,93045241E-6	
1,56860000E+0	317,37025887E-6	
1,57250000E+0	311,42068871E-6	
1,57580000E+0	309,74776333E-6	
1,58020000E+0	310,21956292E-6	
1,58410000E+0	304,04219191E-6	
1,58670000E+0	301,55558176E-6	
1,59050000E+0	300,07587284E-6	
1,59420000E+0	298,66715146E-6	
1,59780000E+0	296,41249252E-6	
1,60130000E+0	292,98101371E-6	
1,60430000E+0	283,82427246E-6	
1,60860000E+0	285,45671164E-6	
1,61240000E+0	276,60501060E-6	
1,61590000E+0	281,54460340E-6	
1,61950000E+0	279,66207892E-6	
1,62300000E+0	275,98162542E-6	
1,62480000E+0	273,19667601E-6	
1,62840000E+0	270,77012836E-6	
1,63210000E+0	263,61080915E-6	
1,63590000E+0	263,57570753E-6	
1,63960000E+0	259,23172782E-6	
1,64320000E+0	257,59831919E-6	
1,64770000E+0	257,85150138E-6	
1,65220000E+0	260,01364813E-6	
1,65600000E+0	260,16306344E-6	
1,65950000E+0	259,80395363E-6	
1,66310000E+0	260,93261829E-6	
1,66640000E+0	259,40147480E-6	
1,67020000E+0	256,73984928E-6	
1,67200000E+0	257,11698800E-6	
1,67570000E+0	258,24220006E-6	
1,67950000E+0	259,25583790E-6	
1,68300000E+0	264,08833662E-6	
1,68750000E+0	269,59739972E-6	
1,69110000E+0	258,81481550E-6	
1,69580000E+0	267,37362205E-6	
1,69940000E+0	271,32201638E-6	
1,70290000E+0	271,24475801E-6	
1,70650000E+0	270,05329286E-6	
1,70840000E+0	549,17589443E-6	
1,71180000E+0	855,05898771E-6	
1,71550000E+0	722,48584594E-6	
1,71930000E+0	654,43395457E-6	
1,72280000E+0	621,00194369E-6	
1,72660000E+0	595,13399193E-6	
1,73070000E+0	575,31141166E-6	
1,73370000E+0	561,00011895E-6	
1,73720000E+0	555,12770774E-6	
1,74080000E+0	542,02822787E-6	
1,74430000E+0	524,99526894E-6	
1,74790000E+0	508,88913195E-6	
1,75170000E+0	497,39593255E-6	
1,75520000E+0	490,09032489E-6	
1,75900000E+0	486,66271681E-6	
1,76270000E+0	481,37859726E-6	
1,76730000E+0	476,82485403E-6	
1,77140000E+0	470,23567001E-6	
1,77320000E+0	463,70896141E-6	
1,77700000E+0	461,58475132E-6	
1,78030000E+0	451,70907419E-6	
1,78390000E+0	437,69318951E-6	
1,78760000E+0	434,16768518E-6	
1,79140000E+0	430,19112500E-6	
1,79510000E+0	428,16991864E-6	
1,79890000E+0	426,99747558E-6	
1,80260000E+0	425,49977476E-6	
1,80600000E+0	422,84369103E-6	
1,80990000E+0	419,00478414E-6	
1,81330000E+0	417,41958660E-6	
1,81700000E+0	414,86257724E-6	
1,82080000E+0	412,16519978E-6	
1,82440000E+0	410,02775980E-6	
1,82610000E+0	407,89305589E-6	
1,83070000E+0	404,67610274E-6	
1,83500000E+0	401,57079451E-6	
1,83880000E+0	395,90410178E-6	
1,84250000E+0	387,55428537E-6	
1,84630000E+0	383,98250232E-6	
1,84980000E+0	382,25593298E-6	
1,85380000E+0	379,96224772E-6	
1,85730000E+0	377,56329805E-6	
1,85930000E+0	374,55441992E-6	
1,86320000E+0	369,01266605E-6	
1,86680000E+0	365,27989168E-6	
1,87050000E+0	362,55960716E-6	
1,87430000E+0	361,48909197E-6	
1,87800000E+0	359,99053181E-6	
1,88180000E+0	348,02053986E-6	
1,88550000E+0	340,75671653E-6	
1,88930000E+0	339,57198089E-6	
1,89300000E+0	338,91906896E-6	
1,89670000E+0	338,44473916E-6	
1,90050000E+0	337,47334298E-6	
1,90420000E+0	336,68915663E-6	
1,90800000E+0	334,97840097E-6	
1,91170000E+0	333,82752727E-6	
1,91550000E+0	336,91742847E-6	
1,91720000E+0	339,98453576E-6	
1,92100000E+0	318,35052873E-6	
1,92470000E+0	312,43922188E-6	
1,92850000E+0	313,28209039E-6	
1,93220000E+0	314,96447137E-6	
1,93600000E+0	316,72851967E-6	
1,93980000E+0	317,46234548E-6	
1,94350000E+0	320,98812910E-6	
1,94690000E+0	323,50519224E-6	
1,95060000E+0	325,84347818E-6	
1,95400000E+0	333,02143655E-6	
1,95750000E+0	333,91492427E-6	
1,95950000E+0	334,11084686E-6	
1,96320000E+0	338,88227032E-6	
1,96700000E+0	338,99693977E-6	
1,97070000E+0	338,75993138E-6	
1,97450000E+0	336,20224684E-6	
1,97820000E+0	343,78852200E-6	
1,98200000E+0	342,02643803E-6	
1,98570000E+0	337,30451964E-6	
1,98950000E+0	338,05081938E-6	
1,99300000E+0	341,76429007E-6	
1,99700000E+0	340,81297283E-6	
2,00050000E+0	343,42126173E-6	
2,00450000E+0	339,08644544E-6	
2,00790000E+0	342,65857800E-6	
2,01200000E+0	344,83620603E-6	
2,01540000E+0	346,93408757E-6	
2,01930000E+0	347,04302771E-6	
2,02290000E+0	347,57167917E-6	
2,02650000E+0	346,33961527E-6	
2,02980000E+0	339,53034482E-6	
2,03360000E+0	342,18699248E-6	
2,03730000E+0	343,23426583E-6	
2,04110000E+0	337,11284918E-6	
2,04480000E+0	333,00039328E-6	
2,04860000E+0	332,90900247E-6	
2,05230000E+0	329,82784291E-6	
2,05410000E+0	330,34224548E-6	
2,05790000E+0	327,84776448E-6	
2,06160000E+0	323,03913293E-6	
2,06540000E+0	321,48378138E-6	
2,06910000E+0	323,38280693E-6	
2,07270000E+0	320,15886028E-6	
2,07620000E+0	306,24401365E-6	
2,08000000E+0	302,29162919E-6	
2,08350000E+0	310,88858894E-6	
2,08730000E+0	314,16717961E-6	
2,09100000E+0	305,24349701E-6	
2,09440000E+0	311,19265334E-6	
2,09790000E+0	309,04742321E-6	
2,10170000E+0	304,98378564E-6	
2,10520000E+0	303,01067856E-6	
2,10960000E+0	298,48479426E-6	
2,11310000E+0	286,01528288E-6	
2,11770000E+0	282,31497856E-6	
2,12120000E+0	281,27034077E-6	
2,12480000E+0	283,65179105E-6	
2,12670000E+0	279,68907637E-6	
2,13010000E+0	265,90975458E-6	
2,13440000E+0	257,94107518E-6	
2,13800000E+0	258,71292165E-6	
2,14250000E+0	262,73463966E-6	
2,14610000E+0	259,91597338E-6	
2,14960000E+0	257,49033328E-6	
2,15330000E+0	253,94772752E-6	
2,15670000E+0	247,06629460E-6	
2,16020000E+0	245,74954690E-6	
2,16380000E+0	243,69736681E-6	
2,16730000E+0	239,84634495E-6	
2,17090000E+0	234,02924554E-6	
2,17440000E+0	229,70402056E-6	
2,17820000E+0	229,00281675E-6	
2,18170000E+0	219,67248762E-6	
2,18510000E+0	216,89167914E-6	
2,18870000E+0	214,60964710E-6	
2,19220000E+0	213,39215505E-6	
2,19600000E+0	209,61371222E-6	
2,19970000E+0	210,02776387E-6	
2,20350000E+0	204,52606863E-6	
2,20720000E+0	200,99117888E-6	
2,21090000E+0	201,20181618E-6	
2,21470000E+0	202,50025544E-6	
2,21840000E+0	204,65698916E-6	
2,22020000E+0	210,42835686E-6	
2,22410000E+0	210,58599288E-6	
2,22770000E+0	205,46030553E-6	
2,23160000E+0	207,52250988E-6	
2,23520000E+0	199,03032859E-6	
2,23910000E+0	195,03778422E-6	
2,24270000E+0	199,01273303E-6	
2,24640000E+0	200,99265051E-6	
2,25000000E+0	198,47575665E-6	
2,25350000E+0	200,52427150E-6	
2,25710000E+0	201,02949320E-6	
2,26040000E+0	204,64202809E-6	
2,26500000E+0	202,81326900E-6	
2,26780000E+0	201,22691959E-6	
2,27130000E+0	207,64456830E-6	
2,27490000E+0	204,08454944E-6	
2,27870000E+0	205,38871330E-6	
2,28200000E+0	203,14212072E-6	
2,28560000E+0	205,37251617E-6	
2,28990000E+0	210,57790264E-6	
2,29270000E+0	212,81034601E-6	
2,29630000E+0	215,31653771E-6	
2,29980000E+0	214,78891598E-6	
2,30360000E+0	217,55783249E-6	
2,30710000E+0	215,90121199E-6	
2,31050000E+0	201,62535801E-6	
2,31400000E+0	196,19472093E-6	
2,31760000E+0	199,48101997E-6	
2,32110000E+0	202,08213628E-6	
2,32470000E+0	191,76676807E-6	
2,32840000E+0	207,48011799E-6	
2,33200000E+0	210,22050713E-6	
2,33530000E+0	203,98608917E-6	
2,33890000E+0	204,03995085E-6	
2,34440000E+0	175,99135650E-6	
2,34800000E+0	162,15359058E-6	
2,35150000E+0	171,49100251E-6	
2,35520000E+0	172,15136008E-6	
2,35900000E+0	173,49010342E-6	
2,36270000E+0	176,06748596E-6	
2,36650000E+0	180,77405806E-6	
2,37020000E+0	178,72444349E-6	
2,37400000E+0	175,48485263E-6	
2,37780000E+0	172,80750055E-6	
2,38150000E+0	177,96532165E-6	
2,38350000E+0	172,13869666E-6	
2,38720000E+0	182,14810971E-6	
2,39100000E+0	180,42575669E-6	
2,39470000E+0	179,82079935E-6	
2,39850000E+0	180,80580710E-6	
2,40200000E+0	184,98399097E-6	
2,40590000E+0	182,07480049E-6	
2,40950000E+0	178,98108063E-6	
2,41340000E+0	177,94143942E-6	
2,41500000E+0	178,84527097E-6	
2,41880000E+0	177,52734236E-6	
2,42250000E+0	174,02974004E-6	
2,42630000E+0	170,00531104E-6	
2,43000000E+0	173,38892284E-6	
2,43360000E+0	180,73300024E-6	
2,43730000E+0	176,09725309E-6	
2,44090000E+0	168,77410084E-6	
2,44460000E+0	171,90767976E-6	
2,44800000E+0	170,47362336E-6	
2,45130000E+0	169,13112027E-6	
2,45490000E+0	168,36249807E-6	
2,45860000E+0	168,21898564E-6	
2,46300000E+0	168,40959770E-6	
2,46750000E+0	171,50614383E-6	
2,46940000E+0	170,47379142E-6	
2,47300000E+0	169,25674500E-6	
2,47640000E+0	167,01932454E-6	
2,47970000E+0	164,18751994E-6	
2,48350000E+0	161,62004829E-6	
2,48780000E+0	156,25577711E-6	
2,49240000E+0	146,10723253E-6	
2,49610000E+0	152,60062526E-6	
2,49970000E+0	152,38053266E-6	
2,50300000E+0	143,10534276E-6	
2,50480000E+0	142,62083554E-6	
2,50810000E+0	147,37520596E-6	
2,51270000E+0	144,06412163E-6	
2,51630000E+0	142,17175430E-6	
2,52080000E+0	141,71925846E-6	
2,52440000E+0	138,18308296E-6	
2,52630000E+0	133,81316658E-6	
2,52990000E+0	129,08692284E-6	
2,53330000E+0	131,29511648E-6	
2,53760000E+0	128,64528005E-6	
2,54120000E+0	121,78525560E-6	
2,54400000E+0	122,63169455E-6	
2,54750000E+0	118,63630045E-6	
2,55100000E+0	119,01139139E-6	
2,55460000E+0	116,24532834E-6	
2,55930000E+0	106,73748388E-6	
2,56450000E+0	105,81621778E-6	
2,56770000E+0	111,98695031E-6	
2,57080000E+0	111,05893950E-6	
2,57440000E+0	108,85287285E-6	
2,57770000E+0	107,66568234E-6	
2,58090000E+0	101,66321737E-6	
2,58500000E+0	90,17450421E-6	
2,58940000E+0	91,77075947E-6	
2,59250000E+0	97,26115731E-6	
2,59570000E+0	94,01429599E-6	
2,59920000E+0	95,23413775E-6	
2,60430000E+0	95,29426660E-6	
2,60590000E+0	92,36802746E-6	
2,60930000E+0	91,72849148E-6	
2,61420000E+0	89,72215627E-6	
2,61760000E+0	89,25312255E-6	
2,62070000E+0	88,38206028E-6	
2,62490000E+0	78,90369920E-6	
2,62920000E+0	74,26373747E-6	
2,63240000E+0	81,93379377E-6	
2,63570000E+0	80,90705916E-6	
2,63910000E+0	79,61677474E-6	
2,64240000E+0	76,99403260E-6	
2,64560000E+0	75,04963841E-6	
2,64990000E+0	75,67418172E-6	
2,65400000E+0	75,63946057E-6	
2,65740000E+0	78,30287952E-6	
2,65920000E+0	77,16502585E-6	
2,66410000E+0	79,14269073E-6	
2,66720000E+0	79,00480238E-6	
2,67060000E+0	78,51915695E-6	
2,67400000E+0	77,54246591E-6	
2,67890000E+0	75,78295712E-6	
2,68220000E+0	71,63515525E-6	
2,68540000E+0	67,54019321E-6	
2,68890000E+0	66,25333926E-6	
2,69390000E+0	63,59682630E-6	
2,69710000E+0	72,31647457E-6	
2,70040000E+0	76,72131893E-6	
2,70390000E+0	70,74541459E-6	
2,70890000E+0	66,47974338E-6	
2,71200000E+0	71,57739556E-6	
2,71380000E+0	79,33442283E-6	
2,71890000E+0	79,03858337E-6	
2,72210000E+0	83,36970216E-6	
2,72520000E+0	86,34488759E-6	
2,72880000E+0	87,25925890E-6	
2,73370000E+0	87,56334950E-6	
2,73690000E+0	79,75316118E-6	
2,74020000E+0	79,66946800E-6	
2,74380000E+0	89,44657552E-6	
2,74870000E+0	89,51770832E-6	
2,75190000E+0	81,95676741E-6	
2,75370000E+0	84,52461152E-6	
2,75800000E+0	93,26846279E-6	
2,76220000E+0	98,30007847E-6	
2,76530000E+0	97,63939732E-6	
2,76870000E+0	91,15274412E-6	
2,77300000E+0	91,71367583E-6	
2,77560000E+0	92,40066870E-6	
2,77860000E+0	93,22691007E-6	
2,78290000E+0	98,21561507E-6	
2,78730000E+0	109,78865197E-6	
2,79020000E+0	112,83325651E-6	
2,79360000E+0	115,53703082E-6	
2,79790000E+0	114,14017353E-6	
2,80230000E+0	108,63890505E-6	
2,80520000E+0	111,16226532E-6	
2,80780000E+0	107,77513365E-6	
2,81200000E+0	104,66580742E-6	
2,81530000E+0	107,20893180E-6	
2,81850000E+0	108,70846301E-6	
2,82360000E+0	117,17887053E-6	
2,82700000E+0	121,51156377E-6	
2,83030000E+0	121,38846391E-6	
2,83350000E+0	120,49688720E-6	
2,83860000E+0	116,16351835E-6	
2,84180000E+0	121,80037261E-6	
2,84510000E+0	123,68261556E-6	
2,84850000E+0	124,88502413E-6	
2,85360000E+0	113,09826109E-6	
2,85680000E+0	106,53630681E-6	
2,86010000E+0	109,74399594E-6	
2,86350000E+0	121,49754769E-6	
2,86780000E+0	125,28936248E-6	
2,87020000E+0	123,69504058E-6	
2,87330000E+0	125,48545701E-6	
2,87770000E+0	123,43136140E-6	
2,88160000E+0	118,07310029E-6	
2,88520000E+0	111,24407588E-6	
2,88750000E+0	117,50263055E-6	
2,89170000E+0	120,28979053E-6	
2,89500000E+0	113,26956476E-6	
2,89820000E+0	121,76003886E-6	
2,90250000E+0	122,73362646E-6	
2,90650000E+0	123,43185335E-6	
2,90960000E+0	124,09681732E-6	
2,91300000E+0	123,04593730E-6	
2,91650000E+0	121,78674713E-6	
2,92150000E+0	117,38864104E-6	
2,92300000E+0	120,13508539E-6	
2,92800000E+0	117,62871579E-6	
2,93130000E+0	115,47015057E-6	
2,93470000E+0	116,32650034E-6	
2,93780000E+0	117,06758880E-6	
2,94290000E+0	113,14552076E-6	
2,94630000E+0	115,59851552E-6	
2,94970000E+0	107,47828882E-6	
2,95280000E+0	98,58842867E-6	
2,95700000E+0	96,30706660E-6	
2,96130000E+0	96,63814103E-6	
2,96290000E+0	98,24579512E-6	
2,96700000E+0	96,69324528E-6	
2,97120000E+0	96,02522317E-6	
2,97450000E+0	96,42776343E-6	
2,97790000E+0	93,27208111E-6	
2,98180000E+0	91,99713721E-6	
2,98620000E+0	90,65594689E-6	
2,98770000E+0	89,33676108E-6	
2,99210000E+0	90,28651084E-6	
2,99620000E+0	86,90853622E-6	
2,99940000E+0	84,41956542E-6	
3,00270000E+0	84,89782143E-6	
3,00630000E+0	84,53900449E-6	
3,00940000E+0	92,99347564E-6	
3,01260000E+0	94,69089791E-6	
3,01780000E+0	92,50149133E-6	
3,02090000E+0	87,41333843E-6	
3,02430000E+0	87,68433668E-6	
3,02760000E+0	82,82933112E-6	
3,03280000E+0	82,50705702E-6	
3,03580000E+0	77,27341752E-6	
3,03930000E+0	83,45529432E-6	
3,04270000E+0	80,86033919E-6	
3,04740000E+0	77,22527498E-6	
3,05080000E+0	75,28737656E-6	
3,05260000E+0	74,56055264E-6	
3,05770000E+0	73,62339930E-6	
3,06090000E+0	72,07281057E-6	
3,06420000E+0	70,96219299E-6	
3,06760000E+0	68,35397502E-6	
3,07170000E+0	67,02004519E-6	
3,07570000E+0	64,77329169E-6	
3,07920000E+0	60,48930467E-6	
3,08260000E+0	58,62052770E-6	
3,08630000E+0	57,15220846E-6	
3,08910000E+0	46,71959718E-6	
3,09250000E+0	38,35099908E-6	
3,09660000E+0	35,82841957E-6	
3,10050000E+0	36,00186128E-6	
3,10410000E+0	41,41583397E-6	
3,10750000E+0	45,49093421E-6	
3,11080000E+0	43,93272133E-6	
3,11420000E+0	38,84868607E-6	
3,11710000E+0	38,62138080E-6	
3,12230000E+0	38,28237566E-6	
3,12560000E+0	36,89870928E-6	
3,12900000E+0	33,53775852E-6	
3,13210000E+0	30,36973350E-6	
3,13720000E+0	30,50654706E-6	
3,14040000E+0	28,37359858E-6	
3,14400000E+0	19,75098353E-6	
3,14710000E+0	19,61633248E-6	
3,15180000E+0	14,20818140E-6	
3,15540000E+0	5,26938256E-6	
3,15890000E+0	10,26095274E-6	
3,16130000E+0	12,88077440E-6	
3,16540000E+0	10,15534598E-6	
3,16880000E+0	7,23245140E-6	
3,17210000E+0	6,49506114E-6	
3,17630000E+0	5,06880033E-6	
3,18020000E+0	2,68229411E-6	
3,18380000E+0	-2,97043451E-6	
3,18710000E+0	-8,78667700E-6	
3,19110000E+0	-12,81061179E-6	
3,19520000E+0	-17,19803279E-6	
3,19880000E+0	-20,92302316E-6	
3,20110000E+0	-22,15490837E-6	
3,20530000E+0	-24,02356806E-6	
3,20860000E+0	-26,37881446E-6	
3,21200000E+0	-27,73791760E-6	
3,21530000E+0	-30,82989217E-6	
3,22030000E+0	-33,60215860E-6	
3,22200000E+0	-35,36148986E-6	
3,22520000E+0	-31,41706604E-6	
3,23030000E+0	-36,46699602E-6	
3,23370000E+0	-37,59618962E-6	
3,23700000E+0	-28,44632407E-6	
3,24040000E+0	-27,11507003E-6	
3,24380000E+0	-27,51214256E-6	
3,24710000E+0	-29,22950606E-6	
3,25070000E+0	-36,71972470E-6	
3,25400000E+0	-46,94925110E-6	
3,25910000E+0	-51,62101771E-6	
3,26270000E+0	-42,62259233E-6	
3,26610000E+0	-41,79038714E-6	
3,26940000E+0	-45,02633899E-6	
3,27280000E+0	-46,98714252E-6	
3,27730000E+0	-49,92504918E-6	
3,28130000E+0	-47,44910861E-6	
3,28480000E+0	-55,19137501E-6	
3,28800000E+0	-55,10732073E-6	
3,29160000E+0	-50,71790650E-6	
3,29510000E+0	-60,42830475E-6	
3,29850000E+0	-63,95672084E-6	
3,30180000E+0	-64,98332241E-6	
3,30540000E+0	-65,14326492E-6	
3,30970000E+0	-68,64237055E-6	
3,31370000E+0	-69,93131784E-6	
3,31720000E+0	-68,85009928E-6	
3,32080000E+0	-61,86508702E-6	
3,32400000E+0	-61,55967545E-6	
3,32750000E+0	-56,92914525E-6	
3,33240000E+0	-61,00754231E-6	
3,33420000E+0	-62,07051107E-6	
3,33780000E+0	-58,66433792E-6	
3,34130000E+0	-58,66725023E-6	
3,34600000E+0	-59,45952394E-6	
3,34960000E+0	-68,26911384E-6	
3,35140000E+0	-60,91371288E-6	
3,35570000E+0	-57,49690102E-6	
3,35990000E+0	-59,85350584E-6	
3,36320000E+0	-59,70693246E-6	
3,36680000E+0	-68,77022974E-6	
3,37010000E+0	-69,51613574E-6	
3,37370000E+0	-64,90815320E-6	
3,37840000E+0	-72,15729619E-6	
3,38200000E+0	-74,49080338E-6	
3,38550000E+0	-76,10458891E-6	
3,38890000E+0	-76,31767579E-6	
3,39220000E+0	-73,38784940E-6	
3,39720000E+0	-64,18849738E-6	
3,40070000E+0	-51,52744016E-6	
3,40430000E+0	-51,18905670E-6	
3,40780000E+0	-51,42932422E-6	
3,41070000E+0	-51,36080451E-6	
3,41430000E+0	-52,87336197E-6	
3,41790000E+0	-53,22861028E-6	
3,42120000E+0	-48,75425147E-6	
3,42480000E+0	-48,87142291E-6	
3,42870000E+0	-46,79786391E-6	
3,43310000E+0	-44,50001346E-6	
3,43660000E+0	-50,79073403E-6	
3,44010000E+0	-47,85701196E-6	
3,44330000E+0	-46,64161272E-6	
3,44760000E+0	-45,46466677E-6	
3,45020000E+0	-37,02645297E-6	
3,45360000E+0	-37,32075469E-6	
3,45720000E+0	-37,77007907E-6	
3,46130000E+0	-34,83742955E-6	
3,46540000E+0	-34,50550032E-6	
3,46900000E+0	-34,58421098E-6	
3,47080000E+0	-31,32680524E-6	
3,47470000E+0	-28,38569787E-6	
3,47930000E+0	-28,62744093E-6	
3,48260000E+0	-33,42929916E-6	
3,48590000E+0	-33,09126161E-6	
3,48950000E+0	-29,73937877E-6	
3,49290000E+0	-29,60260042E-6	
3,49820000E+0	-28,73124232E-6	
3,49980000E+0	-27,98351700E-6	
3,50310000E+0	-29,03082223E-6	
3,50650000E+0	-32,32449002E-6	
3,51180000E+0	-32,41220161E-6	
3,51500000E+0	-30,18351066E-6	
3,51850000E+0	-28,21436898E-6	
3,52210000E+0	-25,80362176E-6	
3,52520000E+0	-28,76742980E-6	
3,52880000E+0	-28,09968325E-6	
3,53220000E+0	-26,75833666E-6	
3,53570000E+0	-24,65914029E-6	
3,53890000E+0	-20,08174481E-6	
3,54420000E+0	-18,91594414E-6	
3,54760000E+0	-6,92030176E-6	
3,55090000E+0	508,95931000E-9	
3,55270000E+0	-9,82338948E-6	
3,55770000E+0	-14,67984877E-6	
3,56120000E+0	-13,29004233E-6	
3,56480000E+0	-11,61588086E-6	
3,56810000E+0	-9,23971987E-6	
3,57150000E+0	-5,68162166E-6	
3,57660000E+0	-3,63288906E-6	
3,58020000E+0	-2,41007600E-6	
3,58160000E+0	-2,57921744E-6	
3,58510000E+0	-3,89599783E-6	
3,59000000E+0	-3,59579415E-6	
3,59360000E+0	54,39808343E-9	
3,59720000E+0	2,94895933E-6	
3,60070000E+0	4,66869263E-6	
3,60390000E+0	6,38133696E-6	
3,60900000E+0	5,45998724E-6	
3,61250000E+0	2,79696311E-6	
3,61590000E+0	3,50149585E-6	
3,61940000E+0	5,53232799E-6	
3,62240000E+0	2,13675833E-6	
3,62680000E+0	2,82711412E-6	
3,63130000E+0	5,17045768E-6	
3,63440000E+0	6,07637987E-6	
3,63800000E+0	6,84520245E-6	
3,64130000E+0	8,19398958E-6	
3,64490000E+0	7,25924257E-6	
3,65000000E+0	4,97715296E-6	
3,65340000E+0	1,45094359E-6	
3,65690000E+0	2,81394170E-6	
3,66010000E+0	6,35658528E-6	
3,66360000E+0	8,85457461E-6	
3,66700000E+0	5,92602212E-6	
3,67030000E+0	4,74960726E-6	
3,67370000E+0	7,84563653E-6	
3,67800000E+0	10,91811425E-6	
3,68240000E+0	7,00557245E-6	
3,68550000E+0	6,48726653E-6	
3,68880000E+0	8,54838358E-6	
3,69240000E+0	11,82626475E-6	
3,69580000E+0	12,44644353E-6	
3,69930000E+0	13,12625956E-6	
3,70270000E+0	12,99825213E-6	
3,70580000E+0	15,32025242E-6	
3,71040000E+0	15,39205732E-6	
3,71290000E+0	15,75467578E-6	
3,71630000E+0	17,68691900E-6	
3,71940000E+0	14,52067610E-6	
3,72460000E+0	13,62057514E-6	
3,72810000E+0	14,03047911E-6	
3,73170000E+0	15,02597606E-6	
3,73480000E+0	15,72783282E-6	
3,73820000E+0	18,81943738E-6	
3,74150000E+0	19,73664317E-6	
3,74510000E+0	18,58350016E-6	
3,74860000E+0	19,63321104E-6	
3,75200000E+0	25,14092028E-6	
3,75690000E+0	22,85745344E-6	
3,76050000E+0	13,69821562E-6	
3,76400000E+0	13,74742532E-6	
3,76720000E+0	14,00045243E-6	
3,77080000E+0	17,81944565E-6	
3,77570000E+0	18,47310998E-6	
3,77920000E+0	20,20301651E-6	
3,78100000E+0	19,52194039E-6	
3,78420000E+0	21,24622379E-6	
3,78940000E+0	24,32556574E-6	
3,79270000E+0	24,74906611E-6	
3,79620000E+0	26,11499937E-6	
3,79800000E+0	28,20471435E-6	
3,80280000E+0	26,62037636E-6	
3,80630000E+0	25,64987921E-6	
3,80990000E+0	25,89543718E-6	
3,81340000E+0	25,47372119E-6	
3,81660000E+0	20,46031511E-6	
3,82170000E+0	20,93896542E-6	
3,82510000E+0	21,97465786E-6	
3,82860000E+0	21,25349795E-6	
3,83180000E+0	18,72239798E-6	
3,83540000E+0	17,98011134E-6	
3,84030000E+0	18,34947460E-6	
3,84390000E+0	18,89146093E-6	
3,84720000E+0	17,72491637E-6	
3,84900000E+0	17,63775324E-6	
3,85410000E+0	17,56663616E-6	
3,85750000E+0	16,84709547E-6	
3,86100000E+0	19,97576913E-6	
3,86440000E+0	19,91061842E-6	
3,86770000E+0	15,09606412E-6	
3,87210000E+0	15,05772001E-6	
3,87640000E+0	13,88265401E-6	
3,87960000E+0	13,87000014E-6	
3,88310000E+0	17,15507117E-6	
3,88670000E+0	17,34848985E-6	
3,89020000E+0	20,54396845E-6	
3,89520000E+0	25,37799171E-6	
3,89850000E+0	32,67120496E-6	
3,90210000E+0	25,79827158E-6	
3,90560000E+0	23,79280187E-6	
3,90900000E+0	22,39699737E-6	
3,91210000E+0	20,66042808E-6	
3,91570000E+0	19,29738424E-6	
3,91900000E+0	20,35931232E-6	
3,92260000E+0	349,73342363E-6	
3,92670000E+0	648,30834568E-6	
3,93080000E+0	567,42583273E-6	
3,93260000E+0	495,00274406E-6	
3,93620000E+0	446,47445202E-6	
3,94130000E+0	409,22463552E-6	
3,94480000E+0	380,01540046E-6	
3,94800000E+0	353,62746371E-6	
3,94980000E+0	340,29428262E-6	
3,95410000E+0	316,11858058E-6	
3,95850000E+0	303,90542326E-6	
3,96180000E+0	294,91626117E-6	
3,96520000E+0	291,84874325E-6	
3,96850000E+0	285,23291768E-6	
3,97230000E+0	266,97831415E-6	
3,97740000E+0	254,29539877E-6	
3,98080000E+0	248,30920090E-6	
3,98410000E+0	244,67563618E-6	
3,98770000E+0	237,74065212E-6	
3,99100000E+0	234,54465321E-6	
3,99460000E+0	228,58333409E-6	
3,99930000E+0	224,00771971E-6	
4,00180000E+0	218,20860415E-6	
4,00290000E+0	217,78869593E-6	
4,00470000E+0	212,52031810E-6	
4,00620000E+0	207,71374339E-6	
4,00630000E+0	205,40208133E-6	
4,00590000E+0	205,91276507E-6	
4,00510000E+0	205,15846364E-6	
4,00400000E+0	202,38316309E-6	
4,00260000E+0	203,45398421E-6	
4,00180000E+0	201,62925604E-6	
4,00070000E+0	199,24428408E-6	
3,99980000E+0	197,29397513E-6	
3,99880000E+0	196,70674926E-6	
3,99840000E+0	194,99987104E-6	
3,99830000E+0	193,97431986E-6	
3,99820000E+0	193,04679605E-6	
3,99830000E+0	191,75276890E-6	
3,99860000E+0	189,22770453E-6	
3,99890000E+0	187,11984520E-6	
3,99920000E+0	187,35034852E-6	
3,99950000E+0	187,21789862E-6	
3,99980000E+0	187,49123707E-6	
