100.00000000E-6	-65.71472438E-9	
100.00000000E-6	-69.98862595E-9	
100.00000000E-6	-70.64079119E-9	
500.00000000E-6	-70.07998481E-9	
800.00000000E-6	-68.80176043E-9	
1.30000000E-3	-67.13833974E-9	
1.80000000E-3	-65.08690107E-9	
2.60000000E-3	-63.30527382E-9	
3.20000000E-3	-62.53299389E-9	
3.70000000E-3	-62.74919398E-9	
4.40000000E-3	-63.79280398E-9	
5.20000000E-3	-65.29751625E-9	
6.00000000E-3	-66.59656664E-9	
6.50000000E-3	-67.76484427E-9	
7.30000000E-3	-69.18044292E-9	
8.10000000E-3	-70.52082726E-9	
8.70000000E-3	-71.30238550E-9	
9.50000000E-3	-71.69418112E-9	
10.10000000E-3	-72.22505418E-9	
10.90000000E-3	-73.19814822E-9	
11.80000000E-3	-74.46109321E-9	
12.30000000E-3	-75.88557403E-9	
13.10000000E-3	-77.18063373E-9	
14.00000000E-3	-78.40624134E-9	
14.60000000E-3	-79.92018527E-9	
15.40000000E-3	-81.94903523E-9	
16.00000000E-3	-84.20959011E-9	
16.90000000E-3	-86.24874097E-9	
17.70000000E-3	-87.25043954E-9	
18.20000000E-3	-87.30978716E-9	
19.10000000E-3	-87.00305586E-9	
20.00000000E-3	-87.17345433E-9	
20.60000000E-3	-88.17726403E-9	
21.30000000E-3	-89.97362482E-9	
22.20000000E-3	-92.12937549E-9	
23.10000000E-3	-94.48463185E-9	
23.70000000E-3	-96.63136669E-9	
24.60000000E-3	-97.84451490E-9	
25.10000000E-3	-98.10189675E-9	
26.00000000E-3	-98.40671650E-9	
26.80000000E-3	-99.16194248E-9	
27.40000000E-3	-100.09462990E-9	
28.20000000E-3	-100.94324506E-9	
28.80000000E-3	-101.69386504E-9	
29.80000000E-3	-102.19083285E-9	
30.60000000E-3	-101.78148872E-9	
31.20000000E-3	-99.92124453E-9	
32.00000000E-3	-97.17456844E-9	
32.60000000E-3	-94.63544006E-9	
33.50000000E-3	-93.00793326E-9	
34.30000000E-3	-92.17043903E-9	
34.90000000E-3	-91.84987999E-9	
35.70000000E-3	-92.39524429E-9	
36.50000000E-3	-93.49484959E-9	
37.10000000E-3	-93.89142877E-9	
38.00000000E-3	-92.92107482E-9	
38.90000000E-3	-90.94668907E-9	
39.40000000E-3	-88.19962170E-9	
40.30000000E-3	-84.65386468E-9	
40.90000000E-3	-80.27680713E-9	
41.70000000E-3	-75.11059710E-9	
42.60000000E-3	-69.70513600E-9	
43.10000000E-3	-64.50011434E-9	
44.00000000E-3	-59.54616605E-9	
44.70000000E-3	-55.17767660E-9	
45.40000000E-3	-51.45235780E-9	
46.30000000E-3	-47.85707168E-9	
46.90000000E-3	-44.21389787E-9	
47.70000000E-3	-40.53438616E-9	
48.60000000E-3	-36.61935708E-9	
49.20000000E-3	-31.90432037E-9	
50.00000000E-3	-26.44037968E-9	
50.80000000E-3	-20.69192813E-9	
51.40000000E-3	-15.15978246E-9	
52.00000000E-3	-10.36479146E-9	
53.20000000E-3	-5.67064352E-9	
53.90000000E-3	-857.14155081E-12	
54.70000000E-3	4.77051227E-9	
54.90000000E-3	11.19877788E-9	
56.20000000E-3	18.36940815E-9	
56.80000000E-3	24.42201061E-9	
57.70000000E-3	29.06320811E-9	
58.50000000E-3	32.75426639E-9	
59.00000000E-3	37.06532394E-9	
59.90000000E-3	42.99409777E-9	
60.80000000E-3	49.71707602E-9	
61.50000000E-3	56.13321561E-9	
62.20000000E-3	61.99311911E-9	
62.90000000E-3	67.85734582E-9	
63.70000000E-3	74.25437403E-9	
64.50000000E-3	81.22575718E-9	
65.40000000E-3	88.03185541E-9	
66.10000000E-3	93.82480929E-9	
66.80000000E-3	98.80494377E-9	
67.50000000E-3	103.04413565E-9	
68.20000000E-3	106.59599824E-9	
69.00000000E-3	109.95087964E-9	
69.80000000E-3	113.61335665E-9	
70.50000000E-3	117.85612045E-9	
71.40000000E-3	122.47226487E-9	
72.20000000E-3	126.75290094E-9	
72.80000000E-3	130.46784639E-9	
73.60000000E-3	134.11251249E-9	
74.40000000E-3	137.63513978E-9	
75.10000000E-3	140.63852408E-9	
75.90000000E-3	142.80259311E-9	
76.50000000E-3	143.68327724E-9	
77.30000000E-3	143.42648298E-9	
78.20000000E-3	142.62032223E-9	
78.80000000E-3	142.17154585E-9	
79.70000000E-3	143.21411194E-9	
80.40000000E-3	146.22101099E-9	
81.10000000E-3	150.12843097E-9	
81.90000000E-3	153.20288008E-9	
82.80000000E-3	154.77328726E-9	
83.40000000E-3	155.33091811E-9	
84.20000000E-3	155.28866907E-9	
85.00000000E-3	154.50016424E-9	
85.60000000E-3	153.72741577E-9	
86.50000000E-3	153.77254042E-9	
87.20000000E-3	154.72186080E-9	
87.90000000E-3	156.41151371E-9	
88.70000000E-3	158.40503900E-9	
89.60000000E-3	160.16595977E-9	
90.30000000E-3	161.58616183E-9	
91.00000000E-3	162.22906963E-9	
91.70000000E-3	162.06010418E-9	
92.40000000E-3	161.66523658E-9	
93.30000000E-3	161.81274922E-9	
93.90000000E-3	162.50443293E-9	
94.70000000E-3	163.04949739E-9	
95.50000000E-3	163.13968042E-9	
96.30000000E-3	162.88871052E-9	
97.00000000E-3	162.21055638E-9	
97.70000000E-3	161.34638204E-9	
98.40000000E-3	161.18101326E-9	
99.30000000E-3	162.10214335E-9	
100.10000000E-3	163.75664221E-9	
100.80000000E-3	165.42341599E-9	
101.60000000E-3	166.32887226E-9	
102.20000000E-3	166.43154249E-9	
103.00000000E-3	166.19195163E-9	
103.80000000E-3	166.24440419E-9	
104.70000000E-3	166.80847808E-9	
105.30000000E-3	167.60708422E-9	
106.20000000E-3	168.77500684E-9	
106.70000000E-3	170.83138636E-9	
107.50000000E-3	173.86955475E-9	
108.40000000E-3	177.22611376E-9	
109.00000000E-3	180.09185653E-9	
109.80000000E-3	182.07055057E-9	
110.70000000E-3	182.77956744E-9	
111.60000000E-3	182.68484824E-9	
112.20000000E-3	181.88294087E-9	
113.00000000E-3	180.74646592E-9	
113.90000000E-3	180.34637204E-9	
114.70000000E-3	180.99097284E-9	
115.30000000E-3	182.29784454E-9	
116.20000000E-3	183.63071969E-9	
116.70000000E-3	184.93980478E-9	
117.60000000E-3	186.81942490E-9	
118.20000000E-3	189.53591931E-9	
119.00000000E-3	192.59705717E-9	
119.80000000E-3	195.64270120E-9	
120.70000000E-3	198.57251914E-9	
121.30000000E-3	201.16312090E-9	
122.10000000E-3	203.21610779E-9	
122.80000000E-3	204.45547587E-9	
123.50000000E-3	205.41217342E-9	
124.40000000E-3	206.80335540E-9	
125.10000000E-3	209.03435999E-9	
125.80000000E-3	211.73526043E-9	
126.60000000E-3	213.83470752E-9	
127.40000000E-3	215.02174540E-9	
128.20000000E-3	215.57612324E-9	
128.90000000E-3	216.46739729E-9	
129.60000000E-3	218.04759440E-9	
130.30000000E-3	219.70129380E-9	
131.10000000E-3	221.01750895E-9	
131.90000000E-3	222.18301385E-9	
132.60000000E-3	223.79007024E-9	
133.50000000E-3	226.06246024E-9	
134.10000000E-3	228.62733903E-9	
134.80000000E-3	231.69169285E-9	
135.70000000E-3	235.35303736E-9	
136.40000000E-3	238.96598498E-9	
137.20000000E-3	242.07947974E-9	
137.80000000E-3	244.30473437E-9	
138.50000000E-3	245.34670399E-9	
139.20000000E-3	245.75316257E-9	
140.10000000E-3	246.08740394E-9	
140.90000000E-3	246.71728311E-9	
141.60000000E-3	247.76577961E-9	
142.40000000E-3	249.14945026E-9	
143.00000000E-3	250.91251808E-9	
143.90000000E-3	253.14580239E-9	
144.60000000E-3	255.93096730E-9	
145.30000000E-3	258.95933770E-9	
145.50000000E-3	261.33954497E-9	
146.80000000E-3	262.58277777E-9	
147.70000000E-3	263.11473066E-9	
148.30000000E-3	263.41282673E-9	
149.10000000E-3	263.68932379E-9	
149.70000000E-3	264.19745537E-9	
150.50000000E-3	264.64711328E-9	
151.40000000E-3	264.65860420E-9	
152.00000000E-3	264.63583278E-9	
152.80000000E-3	265.19499618E-9	
153.40000000E-3	266.13899074E-9	
154.30000000E-3	267.02145890E-9	
155.20000000E-3	267.86241219E-9	
155.80000000E-3	268.52322807E-9	
156.60000000E-3	268.71558931E-9	
157.10000000E-3	268.79458674E-9	
158.00000000E-3	269.72056228E-9	
158.60000000E-3	271.87810049E-9	
159.70000000E-3	274.48638906E-9	
160.50000000E-3	276.93356087E-9	
161.10000000E-3	279.20291055E-9	
162.10000000E-3	280.70634934E-9	
162.60000000E-3	280.54123587E-9	
163.40000000E-3	278.77109227E-9	
164.30000000E-3	276.96246972E-9	
164.80000000E-3	275.92930712E-9	
165.70000000E-3	276.01666170E-9	
166.60000000E-3	277.29418055E-9	
167.40000000E-3	279.12979124E-9	
168.00000000E-3	281.05853637E-9	
168.90000000E-3	283.16563367E-9	
169.40000000E-3	285.24163050E-9	
170.30000000E-3	286.72804430E-9	
171.00000000E-3	287.19310437E-9	
171.80000000E-3	286.45866581E-9	
172.50000000E-3	284.71615980E-9	
173.20000000E-3	282.47488712E-9	
174.10000000E-3	280.62351186E-9	
174.90000000E-3	279.41340262E-9	
175.50000000E-3	278.16975767E-9	
176.40000000E-3	277.12678269E-9	
177.00000000E-3	277.19390169E-9	
177.80000000E-3	278.03433013E-9	
178.30000000E-3	278.60999143E-9	
179.20000000E-3	278.74883259E-9	
180.00000000E-3	278.86247627E-9	
180.50000000E-3	278.91868976E-9	
181.40000000E-3	278.41931135E-9	
182.30000000E-3	277.12164628E-9	
183.20000000E-3	275.42835882E-9	
183.80000000E-3	274.41445678E-9	
184.60000000E-3	274.84539685E-9	
184.90000000E-3	276.20257125E-9	
186.20000000E-3	277.55473511E-9	
186.70000000E-3	278.45366322E-9	
187.60000000E-3	278.46146139E-9	
187.90000000E-3	277.74120169E-9	
189.10000000E-3	276.65788504E-9	
190.00000000E-3	275.68914215E-9	
190.60000000E-3	275.37515677E-9	
191.40000000E-3	276.05554887E-9	
192.10000000E-3	277.44346351E-9	
192.90000000E-3	278.93403683E-9	
193.50000000E-3	280.24511435E-9	
194.30000000E-3	281.04787141E-9	
195.20000000E-3	281.11914506E-9	
195.80000000E-3	280.18095052E-9	
196.60000000E-3	278.16159351E-9	
197.20000000E-3	275.73895423E-9	
198.00000000E-3	273.94470277E-9	
198.90000000E-3	272.86760176E-9	
199.50000000E-3	271.75815764E-9	
