-0.00000000E+0	-82.35689393E-9	
-0.00000000E+0	-79.42706556E-9	
200.00000000E-6	-77.59878239E-9	
500.00000000E-6	-76.34174351E-9	
800.00000000E-6	-75.53750672E-9	
1.40000000E-3	-75.27598829E-9	
2.00000000E-3	-75.70594966E-9	
2.60000000E-3	-76.92684601E-9	
3.00000000E-3	-78.74227228E-9	
3.80000000E-3	-80.19499795E-9	
4.50000000E-3	-80.50282792E-9	
5.00000000E-3	-80.50636827E-9	
5.80000000E-3	-81.24246656E-9	
6.60000000E-3	-82.53233599E-9	
7.20000000E-3	-83.72101049E-9	
8.00000000E-3	-84.69602276E-9	
8.50000000E-3	-85.56678941E-9	
9.30000000E-3	-86.39862100E-9	
10.20000000E-3	-87.20349747E-9	
11.00000000E-3	-87.76843808E-9	
11.90000000E-3	-88.42059506E-9	
12.40000000E-3	-89.89103598E-9	
13.20000000E-3	-92.27992944E-9	
14.10000000E-3	-94.57287986E-9	
14.70000000E-3	-96.43660138E-9	
15.50000000E-3	-97.59458637E-9	
16.30000000E-3	-98.37209577E-9	
16.90000000E-3	-99.69905899E-9	
17.80000000E-3	-101.92234160E-9	
18.40000000E-3	-104.71885780E-9	
19.20000000E-3	-108.13600242E-9	
20.00000000E-3	-112.21077561E-9	
20.80000000E-3	-116.68225235E-9	
21.50000000E-3	-121.54809200E-9	
22.40000000E-3	-126.56498700E-9	
22.90000000E-3	-131.53190377E-9	
23.80000000E-3	-137.39892492E-9	
24.60000000E-3	-143.49736424E-9	
25.20000000E-3	-149.35249096E-9	
26.00000000E-3	-154.63174449E-9	
26.90000000E-3	-158.68762048E-9	
27.60000000E-3	-161.86494170E-9	
28.30000000E-3	-164.89755838E-9	
29.10000000E-3	-168.88473628E-9	
29.70000000E-3	-173.90753738E-9	
30.60000000E-3	-179.27043470E-9	
31.50000000E-3	-183.19439301E-9	
32.00000000E-3	-185.93100765E-9	
32.90000000E-3	-188.25416879E-9	
33.70000000E-3	-189.89570363E-9	
34.30000000E-3	-190.27794627E-9	
35.10000000E-3	-189.26982453E-9	
35.90000000E-3	-187.54283544E-9	
36.60000000E-3	-185.28955670E-9	
37.40000000E-3	-181.71161857E-9	
38.20000000E-3	-177.06195620E-9	
38.90000000E-3	-171.56326972E-9	
39.70000000E-3	-165.32788660E-9	
40.40000000E-3	-157.95168735E-9	
41.20000000E-3	-149.43371880E-9	
42.00000000E-3	-139.65530512E-9	
42.70000000E-3	-128.38114462E-9	
43.40000000E-3	-115.74055815E-9	
43.70000000E-3	-102.46255537E-9	
44.80000000E-3	-89.47398180E-9	
45.50000000E-3	-76.25387442E-9	
46.30000000E-3	-61.80238424E-9	
47.20000000E-3	-45.99047890E-9	
47.90000000E-3	-29.27482552E-9	
48.50000000E-3	-11.74200503E-9	
49.40000000E-3	7.00031490E-9	
50.20000000E-3	26.65797389E-9	
50.90000000E-3	46.83097574E-9	
51.70000000E-3	66.91087854E-9	
52.50000000E-3	87.11770657E-9	
53.10000000E-3	106.91269004E-9	
53.90000000E-3	126.02444019E-9	
54.80000000E-3	145.38652358E-9	
55.30000000E-3	165.30071486E-9	
56.20000000E-3	185.67291395E-9	
56.70000000E-3	206.27030306E-9	
57.90000000E-3	226.89043978E-9	
58.50000000E-3	246.96744961E-9	
59.40000000E-3	266.62476333E-9	
60.20000000E-3	286.61038046E-9	
60.80000000E-3	308.30392907E-9	
61.60000000E-3	329.06996724E-9	
62.50000000E-3	349.24305971E-9	
63.10000000E-3	368.52046016E-9	
63.90000000E-3	387.02041399E-9	
64.50000000E-3	404.87915558E-9	
65.40000000E-3	422.01343416E-9	
66.20000000E-3	438.45938251E-9	
66.80000000E-3	454.05602584E-9	
67.40000000E-3	468.47665551E-9	
68.20000000E-3	481.93725793E-9	
69.10000000E-3	494.51938643E-9	
69.70000000E-3	505.93107204E-9	
70.50000000E-3	515.98661951E-9	
71.40000000E-3	524.82217676E-9	
71.90000000E-3	533.02871988E-9	
72.80000000E-3	540.68223101E-9	
73.40000000E-3	547.00523057E-9	
74.30000000E-3	551.03791609E-9	
74.90000000E-3	553.28890134E-9	
75.80000000E-3	554.88500968E-9	
76.60000000E-3	556.07406697E-9	
77.50000000E-3	556.52021819E-9	
78.00000000E-3	556.07983986E-9	
78.90000000E-3	555.52734878E-9	
79.50000000E-3	555.13232810E-9	
80.30000000E-3	553.94735504E-9	
81.20000000E-3	551.32998324E-9	
81.80000000E-3	547.25625935E-9	
82.60000000E-3	542.11158943E-9	
83.50000000E-3	537.71469717E-9	
84.30000000E-3	533.65258787E-9	
84.90000000E-3	528.98264981E-9	
85.80000000E-3	523.72200385E-9	
86.60000000E-3	518.30007408E-9	
87.20000000E-3	513.10127962E-9	
88.00000000E-3	508.08294667E-9	
88.90000000E-3	503.21418521E-9	
89.40000000E-3	498.58837274E-9	
90.30000000E-3	493.69612365E-9	
91.10000000E-3	488.25023416E-9	
91.80000000E-3	482.56830411E-9	
92.30000000E-3	476.89170286E-9	
93.20000000E-3	471.51417417E-9	
94.00000000E-3	466.74897563E-9	
94.70000000E-3	462.72000661E-9	
95.60000000E-3	459.10007436E-9	
96.20000000E-3	455.71236186E-9	
96.90000000E-3	452.43725887E-9	
97.60000000E-3	449.20784406E-9	
98.50000000E-3	446.38617793E-9	
99.10000000E-3	444.55739037E-9	
99.90000000E-3	444.02023761E-9	
100.60000000E-3	444.39278335E-9	
101.40000000E-3	444.92072105E-9	
102.30000000E-3	445.43217482E-9	
103.10000000E-3	446.38798780E-9	
103.70000000E-3	447.75534646E-9	
104.50000000E-3	448.97956880E-9	
105.10000000E-3	449.81287075E-9	
105.90000000E-3	450.45305491E-9	
106.80000000E-3	451.41020120E-9	
107.60000000E-3	452.93388632E-9	
108.20000000E-3	454.94207123E-9	
109.10000000E-3	457.37369876E-9	
109.90000000E-3	460.29850155E-9	
110.50000000E-3	463.70090336E-9	
111.30000000E-3	467.16523486E-9	
111.90000000E-3	469.91912076E-9	
112.70000000E-3	472.13262733E-9	
113.30000000E-3	474.55068064E-9	
114.20000000E-3	477.34011230E-9	
115.10000000E-3	480.26208594E-9	
115.70000000E-3	483.06327011E-9	
116.70000000E-3	485.71960975E-9	
117.20000000E-3	488.57738979E-9	
118.10000000E-3	491.87045236E-9	
118.40000000E-3	495.39159607E-9	
119.50000000E-3	499.29848829E-9	
120.30000000E-3	503.96374321E-9	
121.20000000E-3	508.64288273E-9	
121.80000000E-3	513.30716376E-9	
122.60000000E-3	517.75588612E-9	
123.50000000E-3	522.15821739E-9	
124.10000000E-3	526.76602172E-9	
124.90000000E-3	531.75302272E-9	
125.80000000E-3	535.97827675E-9	
126.40000000E-3	539.88805750E-9	
127.20000000E-3	544.07376959E-9	
127.80000000E-3	548.27182519E-9	
128.60000000E-3	552.10990780E-9	
129.50000000E-3	555.49804309E-9	
130.00000000E-3	558.44961670E-9	
130.80000000E-3	561.12471569E-9	
131.50000000E-3	563.96029982E-9	
132.40000000E-3	566.92869895E-9	
132.90000000E-3	569.75937556E-9	
133.80000000E-3	572.97512549E-9	
134.40000000E-3	576.90018324E-9	
135.30000000E-3	580.82449658E-9	
136.10000000E-3	583.46428909E-9	
136.70000000E-3	584.86565552E-9	
137.50000000E-3	586.06458106E-9	
138.50000000E-3	587.50234559E-9	
139.00000000E-3	589.05752155E-9	
139.90000000E-3	590.80205772E-9	
140.40000000E-3	593.05972278E-9	
141.30000000E-3	595.81730611E-9	
142.20000000E-3	598.59568163E-9	
142.70000000E-3	601.08625198E-9	
143.60000000E-3	603.67882678E-9	
144.50000000E-3	606.58294166E-9	
145.10000000E-3	609.01740013E-9	
145.90000000E-3	610.55462333E-9	
146.20000000E-3	611.80929737E-9	
147.40000000E-3	613.72352740E-9	
148.10000000E-3	616.38707571E-9	
148.80000000E-3	618.89070295E-9	
149.70000000E-3	620.62646160E-9	
150.30000000E-3	621.36976355E-9	
151.10000000E-3	620.88737888E-9	
151.70000000E-3	619.34987848E-9	
152.60000000E-3	617.40157699E-9	
153.40000000E-3	615.46587558E-9	
154.00000000E-3	613.78639095E-9	
154.90000000E-3	612.69178780E-9	
155.70000000E-3	612.19478272E-9	
156.30000000E-3	612.09598087E-9	
157.10000000E-3	612.43476043E-9	
157.70000000E-3	613.01026269E-9	
158.60000000E-3	613.14062236E-9	
159.50000000E-3	612.65807686E-9	
160.10000000E-3	612.26703725E-9	
160.90000000E-3	612.11330000E-9	
161.80000000E-3	611.26436701E-9	
162.30000000E-3	609.25135913E-9	
163.20000000E-3	606.67270447E-9	
163.80000000E-3	604.39333460E-9	
164.60000000E-3	602.36880578E-9	
165.50000000E-3	600.04749764E-9	
166.10000000E-3	597.71285834E-9	
166.90000000E-3	595.91515388E-9	
167.80000000E-3	594.63951659E-9	
168.40000000E-3	593.21795808E-9	
169.30000000E-3	591.38050593E-9	
170.10000000E-3	589.47382572E-9	
170.70000000E-3	587.70343712E-9	
171.00000000E-3	586.33536463E-9	
172.40000000E-3	585.29292523E-9	
173.20000000E-3	584.43249130E-9	
173.80000000E-3	583.45016812E-9	
174.40000000E-3	582.27676950E-9	
175.20000000E-3	580.89427454E-9	
176.10000000E-3	579.23569620E-9	
176.70000000E-3	577.63640600E-9	
177.50000000E-3	576.53740209E-9	
178.10000000E-3	575.47672731E-9	
178.90000000E-3	573.74392952E-9	
179.80000000E-3	571.19075529E-9	
180.50000000E-3	567.67465869E-9	
181.30000000E-3	563.97662659E-9	
182.20000000E-3	561.28611808E-9	
182.80000000E-3	559.46460355E-9	
183.70000000E-3	557.52388532E-9	
184.60000000E-3	555.27614011E-9	
185.10000000E-3	552.92614866E-9	
186.00000000E-3	550.21297735E-9	
186.80000000E-3	547.01410215E-9	
187.50000000E-3	543.24764122E-9	
188.30000000E-3	539.55665482E-9	
188.80000000E-3	536.18958282E-9	
189.70000000E-3	532.96243908E-9	
190.60000000E-3	529.90053870E-9	
191.20000000E-3	527.46978825E-9	
192.00000000E-3	525.53714838E-9	
192.90000000E-3	523.60301051E-9	
193.50000000E-3	521.06603711E-9	
194.40000000E-3	518.33135148E-9	
195.20000000E-3	516.28489512E-9	
196.10000000E-3	514.33689688E-9	
196.60000000E-3	511.82691164E-9	
197.50000000E-3	508.89477509E-9	
198.10000000E-3	506.00949409E-9	
198.90000000E-3	503.28232842E-9	
199.70000000E-3	500.86423041E-9	
