-200,00000000E-3	28,55030017E-6	
-200,00000000E-3	28,53624415E-6	
-200,00000000E-3	28,53133275E-6	
-199,90000000E-3	28,53103913E-6	
-199,50000000E-3	28,53283849E-6	
-199,10000000E-3	28,54388117E-6	
-198,70000000E-3	28,57328311E-6	
-198,20000000E-3	28,63940712E-6	
-197,70000000E-3	28,72161211E-6	
-197,20000000E-3	28,82472803E-6	
-196,40000000E-3	28,94786597E-6	
-195,90000000E-3	29,08771669E-6	
-195,20000000E-3	29,23524545E-6	
-194,60000000E-3	29,39785241E-6	
-194,10000000E-3	29,56149407E-6	
-193,40000000E-3	29,73872031E-6	
-192,50000000E-3	29,92879950E-6	
-191,80000000E-3	30,12489097E-6	
-191,20000000E-3	30,32275073E-6	
-190,50000000E-3	30,52663519E-6	
-189,90000000E-3	30,73620659E-6	
-189,10000000E-3	30,94334906E-6	
-188,20000000E-3	31,14447149E-6	
-187,60000000E-3	31,33802986E-6	
-186,90000000E-3	31,53862145E-6	
-186,20000000E-3	31,74976093E-6	
-185,50000000E-3	31,95947260E-6	
-184,50000000E-3	32,16645543E-6	
-183,80000000E-3	32,37604435E-6	
-183,20000000E-3	32,59175656E-6	
-182,50000000E-3	32,80960533E-6	
-181,80000000E-3	33,03131321E-6	
-180,80000000E-3	33,25808585E-6	
-180,10000000E-3	33,49767577E-6	
-179,40000000E-3	33,75470121E-6	
-178,70000000E-3	34,02111613E-6	
-178,00000000E-3	34,29435118E-6	
-177,40000000E-3	34,57377079E-6	
-176,40000000E-3	34,85819890E-6	
-175,70000000E-3	35,13891083E-6	
-174,90000000E-3	35,42072215E-6	
-174,20000000E-3	35,69384661E-6	
-173,60000000E-3	35,95991602E-6	
-172,90000000E-3	36,22458673E-6	
-171,90000000E-3	36,47821805E-6	
-171,20000000E-3	36,73128072E-6	
-170,50000000E-3	36,98428101E-6	
-169,90000000E-3	37,22815437E-6	
-169,20000000E-3	37,46558886E-6	
-168,10000000E-3	37,69367894E-6	
-167,40000000E-3	37,91786193E-6	
-166,80000000E-3	38,14955955E-6	
-166,10000000E-3	38,38276051E-6	
-165,40000000E-3	38,61610955E-6	
-164,70000000E-3	38,85089187E-6	
-163,60000000E-3	39,08869201E-6	
-163,10000000E-3	39,33617739E-6	
-162,40000000E-3	39,59085212E-6	
-161,60000000E-3	39,84477710E-6	
-160,90000000E-3	40,10840707E-6	
-160,20000000E-3	40,38625208E-6	
-159,50000000E-3	40,66644090E-6	
-158,90000000E-3	40,94980035E-6	
-158,20000000E-3	41,23874389E-6	
-157,50000000E-3	41,53183589E-6	
-156,40000000E-3	41,82910595E-6	
-155,50000000E-3	42,12845896E-6	
-154,80000000E-3	42,41117147E-6	
-154,40000000E-3	42,68363755E-6	
-153,80000000E-3	42,95137627E-6	
-152,70000000E-3	43,20662509E-6	
-152,00000000E-3	43,44882107E-6	
-151,40000000E-3	43,67748228E-6	
-150,70000000E-3	43,89166151E-6	
-150,00000000E-3	44,08909301E-6	
-149,10000000E-3	44,27205523E-6	
-148,30000000E-3	44,43597355E-6	
-147,60000000E-3	44,59268629E-6	
-146,90000000E-3	44,75169781E-6	
-146,20000000E-3	44,90394862E-6	
-145,50000000E-3	45,05079290E-6	
-144,50000000E-3	45,19072660E-6	
-143,80000000E-3	45,32604920E-6	
-143,10000000E-3	45,45987072E-6	
-142,50000000E-3	45,58513878E-6	
-141,80000000E-3	45,69659707E-6	
-140,90000000E-3	45,79897710E-6	
-140,10000000E-3	45,90272098E-6	
-139,40000000E-3	45,99671706E-6	
-138,70000000E-3	46,09059774E-6	
-137,90000000E-3	46,18217673E-6	
-137,30000000E-3	46,26765032E-6	
-136,60000000E-3	46,34955154E-6	
-135,60000000E-3	46,43180554E-6	
-134,90000000E-3	46,52025449E-6	
-134,20000000E-3	46,60964340E-6	
-133,50000000E-3	46,69829870E-6	
-132,80000000E-3	46,78513071E-6	
-132,10000000E-3	46,88369592E-6	
-131,10000000E-3	47,00060579E-6	
-130,40000000E-3	47,12786774E-6	
-129,70000000E-3	47,26068403E-6	
-129,00000000E-3	47,39828955E-6	
-128,30000000E-3	47,54894778E-6	
-127,40000000E-3	47,72749200E-6	
-126,70000000E-3	47,93424907E-6	
-125,90000000E-3	48,14421386E-6	
-125,20000000E-3	48,35743968E-6	
-124,60000000E-3	48,56751008E-6	
-123,90000000E-3	48,80043815E-6	
-122,90000000E-3	49,05699262E-6	
-122,20000000E-3	49,33459259E-6	
-121,50000000E-3	49,64077736E-6	
-120,80000000E-3	49,98197547E-6	
-120,10000000E-3	50,33563262E-6	
-119,40000000E-3	50,68903833E-6	
-118,40000000E-3	51,04871643E-6	
-117,70000000E-3	51,41860580E-6	
-117,00000000E-3	51,80204648E-6	
-116,30000000E-3	52,23433427E-6	
-115,70000000E-3	52,60632991E-6	
-115,00000000E-3	52,98111110E-6	
-114,00000000E-3	53,37086849E-6	
-113,20000000E-3	53,77918202E-6	
-112,60000000E-3	54,18950117E-6	
-111,90000000E-3	54,60055689E-6	
-111,20000000E-3	55,01310669E-6	
-110,50000000E-3	55,42283086E-6	
-109,50000000E-3	55,82441831E-6	
-108,80000000E-3	56,19956882E-6	
-108,10000000E-3	56,56452490E-6	
-107,40000000E-3	56,92676098E-6	
-106,70000000E-3	57,26604084E-6	
-106,00000000E-3	57,57237523E-6	
-105,00000000E-3	57,83685245E-6	
-104,30000000E-3	58,06079799E-6	
-103,60000000E-3	58,24925990E-6	
-102,90000000E-3	58,39560674E-6	
-102,20000000E-3	58,49423299E-6	
-101,50000000E-3	58,52834968E-6	
-100,50000000E-3	58,49768378E-6	
-99,80000000E-3	58,41241556E-6	
-99,10000000E-3	58,27681203E-6	
-98,40000000E-3	58,09100143E-6	
-97,70000000E-3	57,84920906E-6	
-97,00000000E-3	57,53959878E-6	
-96,30000000E-3	57,16817398E-6	
-95,60000000E-3	56,72249301E-6	
-94,60000000E-3	56,17724046E-6	
-94,20000000E-3	55,53773037E-6	
-93,20000000E-3	54,79725144E-6	
-92,50000000E-3	53,95792216E-6	
-91,80000000E-3	53,03178079E-6	
-90,80000000E-3	52,02669764E-6	
-90,10000000E-3	50,94845462E-6	
-89,40000000E-3	49,83039172E-6	
-89,00000000E-3	48,63536732E-6	
-88,30000000E-3	47,31629435E-6	
-87,40000000E-3	45,92403028E-6	
-86,60000000E-3	44,46665174E-6	
-86,00000000E-3	42,95400755E-6	
-85,30000000E-3	41,39817317E-6	
-84,60000000E-3	39,78337790E-6	
-83,90000000E-3	38,12318563E-6	
-82,90000000E-3	36,47242486E-6	
-82,10000000E-3	34,76549442E-6	
-81,40000000E-3	32,92584248E-6	
-80,70000000E-3	31,01216726E-6	
-80,10000000E-3	29,01749548E-6	
-79,30000000E-3	26,95046588E-6	
-78,60000000E-3	24,83651285E-6	
-77,70000000E-3	22,66483479E-6	
-76,90000000E-3	20,50693010E-6	
-76,30000000E-3	18,28326290E-6	
-75,50000000E-3	15,92617643E-6	
-74,90000000E-3	13,51395967E-6	
-74,20000000E-3	11,04867052E-6	
-73,10000000E-3	8,54407784E-6	
-72,40000000E-3	6,00102046E-6	
-71,80000000E-3	3,43270183E-6	
-71,10000000E-3	842,60147651E-9	
-70,40000000E-3	-1,65532602E-6	
-69,70000000E-3	-4,14098091E-6	
-68,70000000E-3	-6,68208229E-6	
-68,00000000E-3	-9,18488750E-6	
-67,30000000E-3	-11,63770325E-6	
-66,50000000E-3	-14,00791453E-6	
-65,90000000E-3	-16,27278318E-6	
-65,20000000E-3	-18,40931347E-6	
-64,20000000E-3	-20,41561896E-6	
-63,50000000E-3	-22,20721313E-6	
-62,70000000E-3	-23,88567105E-6	
-62,00000000E-3	-25,38132320E-6	
-61,40000000E-3	-26,64193864E-6	
-60,70000000E-3	-27,75939967E-6	
-59,70000000E-3	-28,71978776E-6	
-59,00000000E-3	-29,44160947E-6	
-58,20000000E-3	-30,01061154E-6	
-57,60000000E-3	-30,40636374E-6	
-57,00000000E-3	-30,63662681E-6	
-56,20000000E-3	-30,73226722E-6	
-55,50000000E-3	-30,70547460E-6	
-54,50000000E-3	-30,56512484E-6	
-53,90000000E-3	-30,32211519E-6	
-53,10000000E-3	-29,99189108E-6	
-52,40000000E-3	-29,58631862E-6	
-51,80000000E-3	-29,12856015E-6	
-51,10000000E-3	-28,57161895E-6	
-50,00000000E-3	-27,97179699E-6	
-49,40000000E-3	-27,36824496E-6	
-48,60000000E-3	-26,70724314E-6	
-47,90000000E-3	-26,00147678E-6	
-47,30000000E-3	-25,27253252E-6	
-46,50000000E-3	-24,52327042E-6	
-45,50000000E-3	-23,75937370E-6	
-44,90000000E-3	-22,95631298E-6	
-44,20000000E-3	-22,12313454E-6	
-43,50000000E-3	-21,39378668E-6	
-42,80000000E-3	-20,66731274E-6	
-42,10000000E-3	-19,91644269E-6	
-41,10000000E-3	-19,14086086E-6	
-40,40000000E-3	-18,36465515E-6	
-39,60000000E-3	-17,58666062E-6	
-39,00000000E-3	-16,80565166E-6	
-38,30000000E-3	-16,03147989E-6	
-37,60000000E-3	-15,28871936E-6	
-36,80000000E-3	-14,54866258E-6	
-35,90000000E-3	-13,79222885E-6	
-35,20000000E-3	-13,04461940E-6	
-34,50000000E-3	-12,30655223E-6	
-33,80000000E-3	-11,57711948E-6	
-33,20000000E-3	-10,85422448E-6	
-32,10000000E-3	-10,14369307E-6	
-31,40000000E-3	-9,45640112E-6	
-30,70000000E-3	-8,82177752E-6	
-30,00000000E-3	-8,22357737E-6	
-29,30000000E-3	-7,65657141E-6	
-28,60000000E-3	-7,14576198E-6	
-27,60000000E-3	-6,69964501E-6	
-26,90000000E-3	-6,32278095E-6	
-26,20000000E-3	-6,01928055E-6	
-25,50000000E-3	-5,78492480E-6	
-24,80000000E-3	-5,60652754E-6	
-24,20000000E-3	-5,48318987E-6	
-23,40000000E-3	-5,40587097E-6	
-22,80000000E-3	-5,36670394E-6	
-22,10000000E-3	-5,36409393E-6	
-21,10000000E-3	-5,40100033E-6	
-20,50000000E-3	-5,47483817E-6	
-19,80000000E-3	-5,58167961E-6	
-18,80000000E-3	-5,71647081E-6	
-18,20000000E-3	-5,87247389E-6	
-17,50000000E-3	-6,04600978E-6	
-16,80000000E-3	-6,24726407E-6	
-16,10000000E-3	-6,48030817E-6	
-15,50000000E-3	-6,73766416E-6	
-14,40000000E-3	-7,01175689E-6	
-13,70000000E-3	-7,29607469E-6	
-12,70000000E-3	-7,58448517E-6	
-12,00000000E-3	-7,86726085E-6	
-11,60000000E-3	-8,12549792E-6	
-11,00000000E-3	-8,35561279E-6	
-10,30000000E-3	-8,55793230E-6	
-9,20000000E-3	-8,73500101E-6	
-8,60000000E-3	-8,89785835E-6	
-7,80000000E-3	-9,04640627E-6	
-7,20000000E-3	-9,17383305E-6	
-6,50000000E-3	-9,28773694E-6	
-5,80000000E-3	-9,40002031E-6	
-4,70000000E-3	-9,52070582E-6	
-4,00000000E-3	-9,66150687E-6	
-3,40000000E-3	-9,81592814E-6	
-2,70000000E-3	-9,96743461E-6	
-1,80000000E-3	-10,11571552E-6	
-900,00000000E-6	-10,26101944E-6	
-300,00000000E-6	-10,39612209E-6	
400,00000000E-6	-10,50859249E-6	
1,20000000E-3	-10,58642987E-6	
2,00000000E-3	-10,62738413E-6	
2,70000000E-3	-10,64641331E-6	
3,40000000E-3	-10,65795872E-6	
4,40000000E-3	-10,65611777E-6	
5,00000000E-3	-10,63616287E-6	
5,70000000E-3	-10,59465676E-6	
6,40000000E-3	-10,52900816E-6	
7,20000000E-3	-10,44315648E-6	
8,00000000E-3	-10,34010400E-6	
8,70000000E-3	-10,22081578E-6	
9,40000000E-3	-10,07036593E-6	
10,20000000E-3	-9,87304360E-6	
11,00000000E-3	-9,66180678E-6	
11,70000000E-3	-9,42179580E-6	
12,40000000E-3	-9,16451647E-6	
13,20000000E-3	-8,89104646E-6	
14,00000000E-3	-8,59448513E-6	
14,70000000E-3	-8,27828660E-6	
15,30000000E-3	-7,94015005E-6	
16,30000000E-3	-7,58038778E-6	
17,00000000E-3	-7,21579328E-6	
17,70000000E-3	-6,87559550E-6	
18,30000000E-3	-6,56909881E-6	
19,30000000E-3	-6,27733785E-6	
20,00000000E-3	-6,00039607E-6	
20,60000000E-3	-5,76145540E-6	
21,30000000E-3	-5,57451804E-6	
22,30000000E-3	-5,42113800E-6	
22,90000000E-3	-5,30363742E-6	
23,60000000E-3	-5,22817948E-6	
24,30000000E-3	-5,19369191E-6	
25,20000000E-3	-5,20423028E-6	
25,90000000E-3	-5,25655001E-6	
26,60000000E-3	-5,34439072E-6	
27,30000000E-3	-5,46872628E-6	
28,10000000E-3	-5,62832545E-6	
28,80000000E-3	-5,82726546E-6	
29,50000000E-3	-6,07112165E-6	
30,10000000E-3	-6,36261493E-6	
31,00000000E-3	-6,70778426E-6	
31,80000000E-3	-7,11167594E-6	
32,80000000E-3	-7,57989212E-6	
33,10000000E-3	-8,11059573E-6	
33,90000000E-3	-8,69037035E-6	
35,00000000E-3	-9,28982434E-6	
35,40000000E-3	-9,91907420E-6	
36,10000000E-3	-10,59429478E-6	
37,10000000E-3	-11,29813933E-6	
37,70000000E-3	-12,02324617E-6	
38,40000000E-3	-12,76513355E-6	
39,10000000E-3	-13,52929563E-6	
39,90000000E-3	-14,31863356E-6	
40,70000000E-3	-15,12295486E-6	
41,40000000E-3	-15,91233861E-6	
42,00000000E-3	-16,70936876E-6	
43,00000000E-3	-17,53376458E-6	
43,70000000E-3	-18,35205422E-6	
44,40000000E-3	-19,15974842E-6	
45,00000000E-3	-19,95605032E-6	
46,00000000E-3	-20,73633415E-6	
46,70000000E-3	-21,50224344E-6	
47,40000000E-3	-22,22848665E-6	
48,00000000E-3	-22,93545062E-6	
49,00000000E-3	-23,64650237E-6	
49,70000000E-3	-24,34046021E-6	
50,40000000E-3	-25,01557918E-6	
50,90000000E-3	-25,66158081E-6	
51,80000000E-3	-26,27428820E-6	
52,70000000E-3	-26,84762407E-6	
53,30000000E-3	-27,37290278E-6	
53,90000000E-3	-27,83214484E-6	
54,80000000E-3	-28,25027014E-6	
55,70000000E-3	-28,60269958E-6	
56,20000000E-3	-28,87280126E-6	
57,20000000E-3	-29,07465823E-6	
57,90000000E-3	-29,18358889E-6	
58,50000000E-3	-29,18041658E-6	
59,50000000E-3	-29,03504109E-6	
60,20000000E-3	-28,73973517E-6	
60,90000000E-3	-28,32104351E-6	
61,50000000E-3	-27,75568425E-6	
62,40000000E-3	-27,00189333E-6	
63,20000000E-3	-26,07098052E-6	
63,80000000E-3	-24,94664083E-6	
64,50000000E-3	-23,62921001E-6	
65,40000000E-3	-22,11497262E-6	
66,20000000E-3	-20,40757571E-6	
66,80000000E-3	-18,52763016E-6	
67,50000000E-3	-16,55766894E-6	
68,20000000E-3	-14,46178398E-6	
68,80000000E-3	-12,16883224E-6	
69,40000000E-3	-9,77513298E-6	
70,40000000E-3	-7,29726023E-6	
71,10000000E-3	-4,76898782E-6	
72,10000000E-3	-2,21740436E-6	
72,40000000E-3	338,80532759E-9	
73,40000000E-3	2,88263937E-6	
74,10000000E-3	5,32183069E-6	
74,80000000E-3	7,71136759E-6	
75,40000000E-3	10,13063795E-6	
76,40000000E-3	12,49171517E-6	
77,10000000E-3	14,79477104E-6	
77,80000000E-3	17,03061648E-6	
78,70000000E-3	19,18192361E-6	
79,40000000E-3	21,33210095E-6	
80,10000000E-3	23,35305302E-6	
80,70000000E-3	25,19899057E-6	
81,60000000E-3	27,05991972E-6	
82,40000000E-3	28,93506439E-6	
83,10000000E-3	30,73910047E-6	
83,80000000E-3	32,47687071E-6	
84,50000000E-3	34,17368005E-6	
85,40000000E-3	35,88379913E-6	
86,10000000E-3	37,43287819E-6	
86,70000000E-3	38,91871927E-6	
87,50000000E-3	40,33414246E-6	
88,40000000E-3	41,71341691E-6	
89,10000000E-3	43,01152266E-6	
89,70000000E-3	44,24570737E-6	
90,50000000E-3	45,42245464E-6	
91,40000000E-3	46,54500582E-6	
92,00000000E-3	47,61143475E-6	
92,60000000E-3	48,61237295E-6	
93,70000000E-3	49,49550011E-6	
94,40000000E-3	50,28780167E-6	
95,00000000E-3	51,01801882E-6	
95,60000000E-3	51,66522515E-6	
96,60000000E-3	52,23594064E-6	
97,40000000E-3	52,74469831E-6	
98,00000000E-3	53,19561720E-6	
98,60000000E-3	53,58126908E-6	
99,60000000E-3	53,89343329E-6	
100,30000000E-3	54,11550736E-6	
100,90000000E-3	54,24665939E-6	
101,60000000E-3	54,28792610E-6	
102,50000000E-3	54,24065073E-6	
103,30000000E-3	54,11853385E-6	
104,00000000E-3	53,92635711E-6	
104,60000000E-3	53,67004694E-6	
105,50000000E-3	53,36598182E-6	
106,20000000E-3	53,04047005E-6	
106,90000000E-3	52,71040371E-6	
107,60000000E-3	52,35088723E-6	
108,30000000E-3	51,94121168E-6	
109,00000000E-3	51,50353949E-6	
110,00000000E-3	51,04092483E-6	
110,60000000E-3	50,53998386E-6	
111,30000000E-3	50,05469106E-6	
111,90000000E-3	49,54355125E-6	
112,80000000E-3	49,05127744E-6	
113,60000000E-3	48,56648801E-6	
114,20000000E-3	48,05571346E-6	
114,90000000E-3	47,58617417E-6	
115,80000000E-3	47,10472631E-6	
116,30000000E-3	46,67710670E-6	
117,40000000E-3	46,25557485E-6	
118,10000000E-3	45,85137930E-6	
118,90000000E-3	45,46205111E-6	
119,80000000E-3	45,09634258E-6	
120,10000000E-3	44,73695641E-6	
120,80000000E-3	44,37470067E-6	
121,70000000E-3	44,02942247E-6	
122,80000000E-3	43,71006751E-6	
123,10000000E-3	43,41758972E-6	
123,70000000E-3	43,15636574E-6	
124,70000000E-3	42,92329304E-6	
125,70000000E-3	42,70939807E-6	
126,40000000E-3	42,51851244E-6	
126,70000000E-3	42,34408331E-6	
127,50000000E-3	42,17634012E-6	
128,40000000E-3	42,02508830E-6	
129,10000000E-3	41,89795138E-6	
129,80000000E-3	41,79462081E-6	
130,40000000E-3	41,71280966E-6	
131,10000000E-3	41,64440297E-6	
132,20000000E-3	41,58348433E-6	
132,80000000E-3	41,53524832E-6	
133,50000000E-3	41,50526553E-6	
134,20000000E-3	41,49617074E-6	
134,90000000E-3	41,50714383E-6	
135,90000000E-3	41,52765515E-6	
136,60000000E-3	41,55319114E-6	
137,20000000E-3	41,58440449E-6	
137,90000000E-3	41,61893855E-6	
138,60000000E-3	41,65484923E-6	
139,50000000E-3	41,68670266E-6	
140,30000000E-3	41,71617321E-6	
141,00000000E-3	41,74255426E-6	
141,70000000E-3	41,76258110E-6	
142,40000000E-3	41,77411977E-6	
143,10000000E-3	41,77070407E-6	
144,10000000E-3	41,75477811E-6	
144,80000000E-3	41,72401551E-6	
145,50000000E-3	41,67991076E-6	
146,10000000E-3	41,62090750E-6	
146,80000000E-3	41,54179209E-6	
147,80000000E-3	41,44612041E-6	
148,50000000E-3	41,33534538E-6	
149,20000000E-3	41,20394703E-6	
149,90000000E-3	41,07234617E-6	
150,50000000E-3	40,93253647E-6	
150,90000000E-3	40,78847496E-6	
152,40000000E-3	40,64550501E-6	
153,10000000E-3	40,50332155E-6	
153,70000000E-3	40,35443116E-6	
154,50000000E-3	40,20067029E-6	
155,10000000E-3	40,04586009E-6	
156,00000000E-3	39,89077820E-6	
156,90000000E-3	39,73390127E-6	
157,50000000E-3	39,57132502E-6	
158,20000000E-3	39,40144841E-6	
158,80000000E-3	39,22492769E-6	
159,70000000E-3	39,03524170E-6	
160,20000000E-3	38,83310853E-6	
161,00000000E-3	38,62437159E-6	
161,50000000E-3	38,40616770E-6	
162,60000000E-3	38,17481007E-6	
163,30000000E-3	37,92495572E-6	
164,00000000E-3	37,65443418E-6	
165,00000000E-3	37,37681210E-6	
165,70000000E-3	37,10839348E-6	
166,00000000E-3	36,83416251E-6	
167,10000000E-3	36,54843615E-6	
167,70000000E-3	36,25991692E-6	
168,40000000E-3	35,97259462E-6	
169,10000000E-3	35,68639621E-6	
169,80000000E-3	35,40422720E-6	
170,80000000E-3	35,13281261E-6	
171,70000000E-3	34,87623881E-6	
172,20000000E-3	34,62620737E-6	
172,80000000E-3	34,37603398E-6	
173,50000000E-3	34,13359855E-6	
174,50000000E-3	33,89712668E-6	
175,20000000E-3	33,66363506E-6	
175,90000000E-3	33,43243980E-6	
176,30000000E-3	33,21231827E-6	
177,60000000E-3	33,00364980E-6	
178,30000000E-3	32,81083905E-6	
178,80000000E-3	32,62961546E-6	
179,70000000E-3	32,44799633E-6	
180,40000000E-3	32,26705913E-6	
181,00000000E-3	32,08712309E-6	
181,70000000E-3	31,91095072E-6	
182,40000000E-3	31,73670441E-6	
183,40000000E-3	31,56429989E-6	
184,40000000E-3	31,39568634E-6	
184,40000000E-3	31,23268077E-6	
185,70000000E-3	31,06945717E-6	
186,40000000E-3	30,89732500E-6	
187,00000000E-3	30,71763812E-6	
187,70000000E-3	30,54723840E-6	
188,70000000E-3	30,36073276E-6	
189,40000000E-3	30,18007239E-6	
190,10000000E-3	30,00303985E-6	
190,80000000E-3	29,82153493E-6	
191,50000000E-3	29,64881772E-6	
192,50000000E-3	29,47146953E-6	
193,20000000E-3	29,28198439E-6	
193,80000000E-3	29,09022619E-6	
194,60000000E-3	28,89418462E-6	
195,20000000E-3	28,69046060E-6	
196,00000000E-3	28,48245024E-6	
196,90000000E-3	28,27130538E-6	
197,60000000E-3	28,05813744E-6	
198,30000000E-3	27,84925070E-6	
199,00000000E-3	27,63396403E-6	
199,60000000E-3	27,40757744E-6	
