-200,00000000E-3	20,32590524E-6	
-200,00000000E-3	20,31848812E-6	
-199,90000000E-3	20,30978073E-6	
-199,60000000E-3	20,30314624E-6	
-199,30000000E-3	20,30057385E-6	
-198,90000000E-3	20,30876726E-6	
-198,50000000E-3	20,33151994E-6	
-198,00000000E-3	20,36881813E-6	
-197,40000000E-3	20,42310379E-6	
-196,70000000E-3	20,48693881E-6	
-196,20000000E-3	20,56380217E-6	
-195,50000000E-3	20,64540895E-6	
-194,90000000E-3	20,72975458E-6	
-194,30000000E-3	20,82142333E-6	
-193,60000000E-3	20,91803571E-6	
-192,80000000E-3	21,02145282E-6	
-192,10000000E-3	21,12371642E-6	
-191,40000000E-3	21,22373628E-6	
-190,80000000E-3	21,33156045E-6	
-190,10000000E-3	21,44428193E-6	
-189,30000000E-3	21,56410048E-6	
-188,50000000E-3	21,68282430E-6	
-187,70000000E-3	21,80433019E-6	
-187,10000000E-3	21,92408263E-6	
-186,50000000E-3	22,03497874E-6	
-185,80000000E-3	22,15143571E-6	
-184,80000000E-3	22,27122183E-6	
-184,00000000E-3	22,39236225E-6	
-183,40000000E-3	22,51623965E-6	
-182,70000000E-3	22,64168749E-6	
-182,00000000E-3	22,77068175E-6	
-181,30000000E-3	22,90247356E-6	
-180,30000000E-3	23,03274874E-6	
-179,60000000E-3	23,16842147E-6	
-178,80000000E-3	23,30117292E-6	
-178,20000000E-3	23,43341107E-6	
-177,50000000E-3	23,56259562E-6	
-176,80000000E-3	23,69318951E-6	
-176,10000000E-3	23,81789662E-6	
-175,00000000E-3	23,94943692E-6	
-174,40000000E-3	24,08599728E-6	
-173,70000000E-3	24,22500957E-6	
-173,00000000E-3	24,36104915E-6	
-172,30000000E-3	24,49247894E-6	
-171,60000000E-3	24,62780608E-6	
-170,60000000E-3	24,76287640E-6	
-169,90000000E-3	24,89399514E-6	
-169,20000000E-3	25,02748926E-6	
-168,50000000E-3	25,16387078E-6	
-167,80000000E-3	25,29922083E-6	
-167,10000000E-3	25,43444871E-6	
-166,40000000E-3	25,56732105E-6	
-165,40000000E-3	25,70113155E-6	
-164,70000000E-3	25,83568511E-6	
-164,00000000E-3	25,96798279E-6	
-163,30000000E-3	26,10281838E-6	
-162,70000000E-3	26,23986153E-6	
-161,90000000E-3	26,37751727E-6	
-161,00000000E-3	26,51185636E-6	
-160,20000000E-3	26,64252224E-6	
-159,90000000E-3	26,77397152E-6	
-158,90000000E-3	26,90685319E-6	
-158,10000000E-3	27,03927897E-6	
-157,40000000E-3	27,17136675E-6	
-156,80000000E-3	27,30168519E-6	
-155,80000000E-3	27,43118712E-6	
-155,10000000E-3	27,55575330E-6	
-154,40000000E-3	27,67847363E-6	
-153,60000000E-3	27,79700806E-6	
-153,10000000E-3	27,91000673E-6	
-152,30000000E-3	28,02582277E-6	
-151,60000000E-3	28,14183587E-6	
-150,90000000E-3	28,25277320E-6	
-149,90000000E-3	28,36172519E-6	
-149,20000000E-3	28,46844856E-6	
-148,50000000E-3	28,57526394E-6	
-147,80000000E-3	28,68205230E-6	
-146,70000000E-3	28,77879974E-6	
-146,40000000E-3	28,86470941E-6	
-145,70000000E-3	28,94748519E-6	
-145,00000000E-3	29,03406793E-6	
-144,00000000E-3	29,12393173E-6	
-143,30000000E-3	29,20983447E-6	
-142,60000000E-3	29,29054980E-6	
-141,90000000E-3	29,36926844E-6	
-141,20000000E-3	29,44680307E-6	
-140,50000000E-3	29,52016539E-6	
-139,60000000E-3	29,59193396E-6	
-138,90000000E-3	29,66210613E-6	
-138,10000000E-3	29,73001896E-6	
-137,40000000E-3	29,79873811E-6	
-136,70000000E-3	29,86686387E-6	
-136,10000000E-3	29,93285891E-6	
-135,40000000E-3	30,00320554E-6	
-134,40000000E-3	30,07550329E-6	
-133,60000000E-3	30,14564245E-6	
-132,90000000E-3	30,21621578E-6	
-132,20000000E-3	30,28748858E-6	
-131,60000000E-3	30,35921774E-6	
-130,90000000E-3	30,43531602E-6	
-129,90000000E-3	30,51597732E-6	
-129,10000000E-3	30,60064954E-6	
-128,40000000E-3	30,68848489E-6	
-127,80000000E-3	30,77479946E-6	
-127,00000000E-3	30,86442111E-6	
-126,40000000E-3	30,95498772E-6	
-125,50000000E-3	31,05598282E-6	
-124,70000000E-3	31,15321159E-6	
-124,10000000E-3	31,25965683E-6	
-123,30000000E-3	31,36317180E-6	
-122,60000000E-3	31,47564357E-6	
-121,90000000E-3	31,59352537E-6	
-121,00000000E-3	31,71008284E-6	
-120,20000000E-3	31,83056442E-6	
-119,60000000E-3	31,94946092E-6	
-118,80000000E-3	32,06564150E-6	
-118,10000000E-3	32,18448401E-6	
-117,40000000E-3	32,30312659E-6	
-116,70000000E-3	32,42631442E-6	
-115,80000000E-3	32,54378220E-6	
-115,00000000E-3	32,66248107E-6	
-114,30000000E-3	32,78150620E-6	
-113,60000000E-3	32,89667178E-6	
-112,90000000E-3	33,00712529E-6	
-112,20000000E-3	33,10741441E-6	
-111,30000000E-3	33,19999436E-6	
-110,50000000E-3	33,28607820E-6	
-109,80000000E-3	33,36527197E-6	
-109,10000000E-3	33,42708081E-6	
-108,40000000E-3	33,47643225E-6	
-107,70000000E-3	33,51389896E-6	
-107,00000000E-3	33,53626232E-6	
-106,00000000E-3	33,54388687E-6	
-105,30000000E-3	33,53612529E-6	
-104,60000000E-3	33,50761878E-6	
-103,90000000E-3	33,45331615E-6	
-103,30000000E-3	33,37307886E-6	
-102,50000000E-3	33,26833697E-6	
-101,50000000E-3	33,13831282E-6	
-100,90000000E-3	32,98597628E-6	
-100,20000000E-3	32,80640790E-6	
-99,40000000E-3	32,59123570E-6	
-98,70000000E-3	32,34660280E-6	
-98,00000000E-3	32,06909828E-6	
-97,30000000E-3	31,75198961E-6	
-96,30000000E-3	31,39841779E-6	
-95,60000000E-3	31,00775407E-6	
-94,90000000E-3	30,59448149E-6	
-94,20000000E-3	30,14278745E-6	
-93,60000000E-3	29,63776968E-6	
-92,90000000E-3	29,09221495E-6	
-91,80000000E-3	28,50886322E-6	
-91,10000000E-3	27,88607264E-6	
-90,50000000E-3	27,22135968E-6	
-89,80000000E-3	26,51409458E-6	
-89,10000000E-3	25,76623532E-6	
-88,40000000E-3	25,01175480E-6	
-87,50000000E-3	24,21808984E-6	
-86,70000000E-3	23,35825673E-6	
-85,90000000E-3	22,46526652E-6	
-85,30000000E-3	21,53676542E-6	
-84,60000000E-3	20,57480597E-6	
-83,90000000E-3	19,57812263E-6	
-82,90000000E-3	18,54938930E-6	
-82,20000000E-3	17,48819363E-6	
-81,40000000E-3	16,44011472E-6	
-81,10000000E-3	15,36301221E-6	
-80,30000000E-3	14,22218669E-6	
-79,40000000E-3	13,05428411E-6	
-78,40000000E-3	11,85722495E-6	
-78,00000000E-3	10,64098505E-6	
-77,30000000E-3	9,40766426E-6	
-76,60000000E-3	8,16000458E-6	
-75,60000000E-3	6,90129141E-6	
-74,90000000E-3	5,67185978E-6	
-74,20000000E-3	4,43339219E-6	
-73,60000000E-3	3,14756065E-6	
-72,80000000E-3	1,86890575E-6	
-72,10000000E-3	595,82169334E-9	
-71,50000000E-3	-669,22517971E-9	
-70,60000000E-3	-1,92250113E-6	
-69,70000000E-3	-3,15084982E-6	
-69,10000000E-3	-4,35892652E-6	
-68,30000000E-3	-5,49945004E-6	
-67,60000000E-3	-6,60138964E-6	
-67,00000000E-3	-7,70514249E-6	
-66,30000000E-3	-8,76292914E-6	
-65,20000000E-3	-9,76994460E-6	
-64,50000000E-3	-10,72131995E-6	
-63,80000000E-3	-11,61596477E-6	
-63,20000000E-3	-12,45125591E-6	
-62,50000000E-3	-13,19421985E-6	
-61,80000000E-3	-13,87621038E-6	
-60,70000000E-3	-14,51715604E-6	
-60,00000000E-3	-15,08697887E-6	
-59,40000000E-3	-15,58898574E-6	
-58,70000000E-3	-16,02923559E-6	
-58,00000000E-3	-16,40456533E-6	
-57,30000000E-3	-16,71370048E-6	
-56,50000000E-3	-16,96405894E-6	
-55,50000000E-3	-17,15406169E-6	
-54,80000000E-3	-17,29096215E-6	
-54,10000000E-3	-17,38340291E-6	
-53,40000000E-3	-17,43101298E-6	
-52,80000000E-3	-17,43224231E-6	
-52,00000000E-3	-17,39240925E-6	
-51,10000000E-3	-17,31250594E-6	
-50,40000000E-3	-17,19709004E-6	
-49,70000000E-3	-17,05190700E-6	
-48,90000000E-3	-16,88285207E-6	
-48,30000000E-3	-16,68421361E-6	
-47,50000000E-3	-16,45135061E-6	
-46,70000000E-3	-16,19792158E-6	
-45,90000000E-3	-15,92598427E-6	
-45,20000000E-3	-15,63500474E-6	
-44,50000000E-3	-15,32711653E-6	
-43,70000000E-3	-15,00854736E-6	
-43,10000000E-3	-14,68029154E-6	
-42,10000000E-3	-14,35373694E-6	
-41,40000000E-3	-14,01627080E-6	
-40,70000000E-3	-13,66087157E-6	
-40,00000000E-3	-13,28905766E-6	
-39,30000000E-3	-12,93502962E-6	
-38,60000000E-3	-12,56562181E-6	
-37,60000000E-3	-12,19291016E-6	
-36,90000000E-3	-11,82117017E-6	
-36,10000000E-3	-11,45115745E-6	
-35,40000000E-3	-11,07131593E-6	
-34,80000000E-3	-10,71170171E-6	
-34,10000000E-3	-10,37996769E-6	
-33,40000000E-3	-10,04162741E-6	
-32,40000000E-3	-9,69825274E-6	
-31,60000000E-3	-9,36446372E-6	
-31,00000000E-3	-9,04116070E-6	
-30,30000000E-3	-8,73499313E-6	
-29,60000000E-3	-8,45505985E-6	
-28,90000000E-3	-8,19354162E-6	
-28,20000000E-3	-7,94105680E-6	
-27,10000000E-3	-7,70429418E-6	
-26,40000000E-3	-7,48265777E-6	
-25,70000000E-3	-7,27903438E-6	
-25,00000000E-3	-7,09823670E-6	
-24,40000000E-3	-6,93764678E-6	
-23,60000000E-3	-6,79638994E-6	
-23,00000000E-3	-6,67643735E-6	
-22,10000000E-3	-6,57506353E-6	
-21,20000000E-3	-6,48618929E-6	
-20,50000000E-3	-6,41175831E-6	
-19,80000000E-3	-6,35273959E-6	
-19,10000000E-3	-6,30757764E-6	
-18,40000000E-3	-6,27512528E-6	
-17,70000000E-3	-6,25944670E-6	
-16,80000000E-3	-6,25834815E-6	
-16,00000000E-3	-6,26597503E-6	
-15,30000000E-3	-6,28338506E-6	
-14,60000000E-3	-6,31188156E-6	
-13,90000000E-3	-6,34683570E-6	
-13,10000000E-3	-6,38824758E-6	
-12,40000000E-3	-6,43615284E-6	
-11,70000000E-3	-6,48664459E-6	
-10,90000000E-3	-6,53812286E-6	
-10,20000000E-3	-6,59223215E-6	
-9,50000000E-3	-6,64670863E-6	
-8,80000000E-3	-6,70172225E-6	
-8,00000000E-3	-6,75401470E-6	
-7,30000000E-3	-6,80518398E-6	
-6,40000000E-3	-6,86172415E-6	
-5,70000000E-3	-6,91921086E-6	
-4,80000000E-3	-6,96928296E-6	
-4,10000000E-3	-7,01531957E-6	
-3,40000000E-3	-7,06377346E-6	
-2,60000000E-3	-7,10842139E-6	
-2,20000000E-3	-7,14737784E-6	
-1,50000000E-3	-7,18299276E-6	
-700,00000000E-6	-7,21350841E-6	
0,00000000E+0	-7,23798835E-6	
800,00000000E-6	-7,25299069E-6	
1,50000000E-3	-7,25914301E-6	
2,50000000E-3	-7,25896646E-6	
3,30000000E-3	-7,25566371E-6	
4,10000000E-3	-7,24544540E-6	
4,70000000E-3	-7,22625741E-6	
5,50000000E-3	-7,20056788E-6	
6,20000000E-3	-7,16897036E-6	
6,90000000E-3	-7,12788878E-6	
7,60000000E-3	-7,08042487E-6	
8,40000000E-3	-7,02897379E-6	
9,20000000E-3	-6,97435614E-6	
9,80000000E-3	-6,91897089E-6	
10,60000000E-3	-6,85698124E-6	
11,30000000E-3	-6,78574448E-6	
12,10000000E-3	-6,71088401E-6	
12,70000000E-3	-6,63843484E-6	
13,60000000E-3	-6,56537778E-6	
14,20000000E-3	-6,49252595E-6	
15,10000000E-3	-6,42293940E-6	
15,90000000E-3	-6,35941911E-6	
16,70000000E-3	-6,30554942E-6	
17,50000000E-3	-6,25734109E-6	
18,20000000E-3	-6,21428154E-6	
18,90000000E-3	-6,18380990E-6	
19,70000000E-3	-6,15983550E-6	
20,40000000E-3	-6,14597125E-6	
21,10000000E-3	-6,14723823E-6	
21,80000000E-3	-6,16370324E-6	
22,60000000E-3	-6,19307811E-6	
23,30000000E-3	-6,23589014E-6	
24,00000000E-3	-6,29591253E-6	
24,70000000E-3	-6,37635350E-6	
25,40000000E-3	-6,47584361E-6	
26,20000000E-3	-6,58916827E-6	
27,00000000E-3	-6,71619350E-6	
28,00000000E-3	-6,86222566E-6	
28,60000000E-3	-7,03041935E-6	
29,40000000E-3	-7,20877203E-6	
30,20000000E-3	-7,39295251E-6	
30,90000000E-3	-7,60447022E-6	
31,60000000E-3	-7,84745231E-6	
32,40000000E-3	-8,08917982E-6	
33,10000000E-3	-8,36293773E-6	
33,70000000E-3	-8,63193712E-6	
34,40000000E-3	-8,92514839E-6	
35,20000000E-3	-9,23216090E-6	
36,00000000E-3	-9,53394001E-6	
36,60000000E-3	-9,84091503E-6	
37,40000000E-3	-10,17163007E-6	
38,10000000E-3	-10,50955305E-6	
38,90000000E-3	-10,85472686E-6	
39,60000000E-3	-11,20471615E-6	
40,40000000E-3	-11,55682784E-6	
41,10000000E-3	-11,90458153E-6	
41,80000000E-3	-12,25128555E-6	
42,70000000E-3	-12,58679060E-6	
43,60000000E-3	-12,91838103E-6	
44,40000000E-3	-13,25711458E-6	
45,10000000E-3	-13,58856393E-6	
45,80000000E-3	-13,91348415E-6	
46,60000000E-3	-14,22851926E-6	
47,30000000E-3	-14,52591071E-6	
48,00000000E-3	-14,80293422E-6	
48,70000000E-3	-15,06121015E-6	
49,50000000E-3	-15,29548330E-6	
50,20000000E-3	-15,51096696E-6	
50,90000000E-3	-15,71262199E-6	
51,60000000E-3	-15,89015387E-6	
52,30000000E-3	-16,04009017E-6	
53,10000000E-3	-16,15605897E-6	
53,10000000E-3	-16,23581960E-6	
54,50000000E-3	-16,28216864E-6	
55,20000000E-3	-16,29062086E-6	
56,20000000E-3	-16,25908639E-6	
56,90000000E-3	-16,18686768E-6	
56,90000000E-3	-16,06414272E-6	
58,40000000E-3	-15,88955748E-6	
59,10000000E-3	-15,66395814E-6	
60,00000000E-3	-15,38253193E-6	
60,70000000E-3	-15,04157239E-6	
61,50000000E-3	-14,63791264E-6	
62,20000000E-3	-14,18848617E-6	
62,90000000E-3	-13,67776287E-6	
63,30000000E-3	-13,08783003E-6	
64,40000000E-3	-12,43035509E-6	
65,10000000E-3	-11,70790712E-6	
65,50000000E-3	-10,92234535E-6	
66,60000000E-3	-10,07647932E-6	
67,30000000E-3	-9,17695904E-6	
68,00000000E-3	-8,21944954E-6	
68,70000000E-3	-7,24456993E-6	
69,50000000E-3	-6,22433757E-6	
70,20000000E-3	-5,12825174E-6	
70,90000000E-3	-3,99363560E-6	
71,80000000E-3	-2,82872381E-6	
72,50000000E-3	-1,64048817E-6	
73,50000000E-3	-429,89387213E-9	
74,10000000E-3	790,25889898E-9	
74,90000000E-3	2,01754536E-6	
75,20000000E-3	3,20169215E-6	
76,00000000E-3	4,38397680E-6	
76,70000000E-3	5,60023298E-6	
77,50000000E-3	6,80942655E-6	
78,10000000E-3	8,00595637E-6	
78,90000000E-3	9,18590381E-6	
79,60000000E-3	10,35114139E-6	
80,40000000E-3	11,49242082E-6	
81,40000000E-3	12,61169282E-6	
82,10000000E-3	13,67377293E-6	
82,90000000E-3	14,71409006E-6	
83,60000000E-3	15,76459364E-6	
84,30000000E-3	16,78379791E-6	
85,00000000E-3	17,77646594E-6	
85,80000000E-3	18,73647564E-6	
86,50000000E-3	19,66757370E-6	
87,20000000E-3	20,56485159E-6	
87,90000000E-3	21,42618497E-6	
88,70000000E-3	22,21978212E-6	
89,40000000E-3	22,97222589E-6	
90,00000000E-3	23,72176267E-6	
90,80000000E-3	24,43817160E-6	
91,50000000E-3	25,11902691E-6	
92,30000000E-3	25,76201785E-6	
93,20000000E-3	26,36945252E-6	
93,90000000E-3	26,93301286E-6	
94,80000000E-3	27,43403833E-6	
95,60000000E-3	27,89812145E-6	
96,30000000E-3	28,35489500E-6	
97,00000000E-3	28,75909418E-6	
97,80000000E-3	29,12281364E-6	
98,40000000E-3	29,44034239E-6	
99,10000000E-3	29,73382870E-6	
99,90000000E-3	29,98992291E-6	
100,60000000E-3	30,20760747E-6	
101,30000000E-3	30,38155688E-6	
102,00000000E-3	30,52466444E-6	
102,80000000E-3	30,64431956E-6	
103,50000000E-3	30,73517411E-6	
104,20000000E-3	30,79679668E-6	
105,10000000E-3	30,82685575E-6	
106,00000000E-3	30,83182708E-6	
106,70000000E-3	30,81740585E-6	
107,50000000E-3	30,78276312E-6	
108,20000000E-3	30,73214950E-6	
109,00000000E-3	30,66416554E-6	
109,70000000E-3	30,57729134E-6	
110,40000000E-3	30,47411743E-6	
111,10000000E-3	30,35979897E-6	
111,90000000E-3	30,23813178E-6	
112,60000000E-3	30,09490467E-6	
113,40000000E-3	29,96586815E-6	
114,10000000E-3	29,82087785E-6	
114,90000000E-3	29,68363080E-6	
115,40000000E-3	29,53721567E-6	
116,30000000E-3	29,38443602E-6	
117,10000000E-3	29,23344499E-6	
117,80000000E-3	29,08474293E-6	
118,60000000E-3	28,93759698E-6	
119,30000000E-3	28,79310464E-6	
120,00000000E-3	28,65065929E-6	
120,80000000E-3	28,51086069E-6	
121,60000000E-3	28,37959907E-6	
122,10000000E-3	28,25081893E-6	
122,90000000E-3	28,12679080E-6	
123,60000000E-3	28,00762098E-6	
124,40000000E-3	27,88811810E-6	
125,10000000E-3	27,77386510E-6	
125,90000000E-3	27,66869460E-6	
126,60000000E-3	27,57045608E-6	
127,40000000E-3	27,47997645E-6	
128,10000000E-3	27,39756539E-6	
128,90000000E-3	27,31849770E-6	
129,60000000E-3	27,24392377E-6	
130,30000000E-3	27,17733366E-6	
131,10000000E-3	27,11575453E-6	
131,80000000E-3	27,05821494E-6	
132,60000000E-3	27,00725054E-6	
133,30000000E-3	26,96043622E-6	
134,00000000E-3	26,91780867E-6	
134,80000000E-3	26,87891852E-6	
135,50000000E-3	26,84057457E-6	
136,30000000E-3	26,80578610E-6	
137,00000000E-3	26,77573099E-6	
137,80000000E-3	26,74389375E-6	
138,50000000E-3	26,71172245E-6	
139,30000000E-3	26,67913551E-6	
140,00000000E-3	26,64682294E-6	
140,70000000E-3	26,61555018E-6	
141,50000000E-3	26,58517375E-6	
142,20000000E-3	26,55412259E-6	
143,00000000E-3	26,51719096E-6	
143,70000000E-3	26,47857388E-6	
144,50000000E-3	26,43988567E-6	
145,20000000E-3	26,39695679E-6	
146,00000000E-3	26,34897757E-6	
146,70000000E-3	26,30022276E-6	
147,50000000E-3	26,24702706E-6	
148,20000000E-3	26,19203129E-6	
149,00000000E-3	26,13799386E-6	
149,70000000E-3	26,07748365E-6	
150,50000000E-3	26,01377951E-6	
151,20000000E-3	25,94405884E-6	
152,00000000E-3	25,87395839E-6	
152,70000000E-3	25,80187431E-6	
153,50000000E-3	25,72296368E-6	
154,20000000E-3	25,64709428E-6	
155,00000000E-3	25,57028648E-6	
155,70000000E-3	25,49079621E-6	
156,50000000E-3	25,40986889E-6	
157,10000000E-3	25,32612803E-6	
158,00000000E-3	25,23307958E-6	
158,60000000E-3	25,13486726E-6	
159,40000000E-3	25,03820649E-6	
160,10000000E-3	24,94551054E-6	
161,00000000E-3	24,84824072E-6	
161,60000000E-3	24,74430120E-6	
162,40000000E-3	24,63955949E-6	
163,10000000E-3	24,53034170E-6	
163,90000000E-3	24,42111787E-6	
164,60000000E-3	24,31085802E-6	
165,40000000E-3	24,19804162E-6	
166,10000000E-3	24,08522006E-6	
166,90000000E-3	23,97531046E-6	
167,60000000E-3	23,86280878E-6	
168,40000000E-3	23,74388907E-6	
169,10000000E-3	23,62650205E-6	
169,90000000E-3	23,50920431E-6	
170,60000000E-3	23,39098736E-6	
171,30000000E-3	23,27276339E-6	
172,10000000E-3	23,15599215E-6	
172,80000000E-3	23,04129205E-6	
173,60000000E-3	22,92856888E-6	
174,30000000E-3	22,81271985E-6	
175,10000000E-3	22,69394203E-6	
175,80000000E-3	22,58028151E-6	
176,60000000E-3	22,46640648E-6	
177,30000000E-3	22,34886126E-6	
178,10000000E-3	22,23221648E-6	
178,80000000E-3	22,11575800E-6	
179,50000000E-3	22,00396741E-6	
180,30000000E-3	21,90018362E-6	
180,70000000E-3	21,79443779E-6	
181,70000000E-3	21,68361236E-6	
182,40000000E-3	21,57542529E-6	
183,20000000E-3	21,46901000E-6	
183,90000000E-3	21,36138288E-6	
184,70000000E-3	21,25102532E-6	
185,30000000E-3	21,13904806E-6	
186,20000000E-3	21,02965267E-6	
186,80000000E-3	20,92584379E-6	
187,60000000E-3	20,81580856E-6	
188,40000000E-3	20,70528645E-6	
189,10000000E-3	20,58731633E-6	
189,80000000E-3	20,48300236E-6	
190,60000000E-3	20,37797407E-6	
191,30000000E-3	20,27216721E-6	
192,10000000E-3	20,16225460E-6	
192,80000000E-3	20,05401909E-6	
193,60000000E-3	19,94560295E-6	
194,30000000E-3	19,83346660E-6	
195,10000000E-3	19,71702868E-6	
195,80000000E-3	19,60232981E-6	
196,60000000E-3	19,48950383E-6	
197,30000000E-3	19,38012259E-6	
198,10000000E-3	19,26728765E-6	
198,80000000E-3	19,15243028E-6	
199,60000000E-3	19,04262402E-6	
