-200,00000000E-3	17,30962606E-6	
-200,00000000E-3	17,29945667E-6	
-199,90000000E-3	17,28790832E-6	
-199,60000000E-3	17,28083960E-6	
-199,30000000E-3	17,28346121E-6	
-198,90000000E-3	17,29400925E-6	
-198,50000000E-3	17,30972137E-6	
-197,80000000E-3	17,33301782E-6	
-197,30000000E-3	17,36650668E-6	
-196,70000000E-3	17,41091789E-6	
-196,10000000E-3	17,45995003E-6	
-195,60000000E-3	17,51459727E-6	
-194,90000000E-3	17,57474632E-6	
-194,00000000E-3	17,63902537E-6	
-193,40000000E-3	17,70715404E-6	
-192,80000000E-3	17,77715788E-6	
-192,20000000E-3	17,84750426E-6	
-191,50000000E-3	17,92159414E-6	
-190,60000000E-3	18,00058098E-6	
-189,80000000E-3	18,07917390E-6	
-189,30000000E-3	18,15570038E-6	
-188,60000000E-3	18,23406914E-6	
-187,90000000E-3	18,31914094E-6	
-187,20000000E-3	18,40480199E-6	
-186,30000000E-3	18,48406875E-6	
-185,60000000E-3	18,56261030E-6	
-184,90000000E-3	18,64441080E-6	
-184,20000000E-3	18,72587029E-6	
-183,50000000E-3	18,80873351E-6	
-182,50000000E-3	18,89576055E-6	
-181,80000000E-3	18,98155289E-6	
-181,10000000E-3	19,06420623E-6	
-180,40000000E-3	19,14573405E-6	
-179,90000000E-3	19,23161234E-6	
-179,20000000E-3	19,32011374E-6	
-178,00000000E-3	19,40753933E-6	
-177,40000000E-3	19,49600894E-6	
-176,70000000E-3	19,58642510E-6	
-176,10000000E-3	19,67719846E-6	
-175,40000000E-3	19,76672758E-6	
-174,30000000E-3	19,85311361E-6	
-173,70000000E-3	19,93412344E-6	
-172,90000000E-3	20,02070733E-6	
-172,30000000E-3	20,11034136E-6	
-171,60000000E-3	20,19636689E-6	
-170,70000000E-3	20,28492767E-6	
-169,90000000E-3	20,37183361E-6	
-169,20000000E-3	20,46165576E-6	
-168,50000000E-3	20,54976065E-6	
-167,80000000E-3	20,63363329E-6	
-167,20000000E-3	20,71778756E-6	
-166,10000000E-3	20,80388213E-6	
-165,40000000E-3	20,88842315E-6	
-164,70000000E-3	20,97451150E-6	
-164,10000000E-3	21,05857179E-6	
-163,40000000E-3	21,13584289E-6	
-162,50000000E-3	21,22164318E-6	
-161,70000000E-3	21,30723916E-6	
-161,10000000E-3	21,38952017E-6	
-160,40000000E-3	21,46962373E-6	
-159,60000000E-3	21,54312402E-6	
-158,90000000E-3	21,62100506E-6	
-157,90000000E-3	21,70443874E-6	
-157,20000000E-3	21,78872608E-6	
-156,60000000E-3	21,86804609E-6	
-155,90000000E-3	21,94538648E-6	
-155,30000000E-3	22,02453450E-6	
-154,20000000E-3	22,10022800E-6	
-153,50000000E-3	22,17390656E-6	
-152,90000000E-3	22,24218300E-6	
-152,20000000E-3	22,31078344E-6	
-151,50000000E-3	22,37406123E-6	
-150,60000000E-3	22,43894938E-6	
-149,80000000E-3	22,50423575E-6	
-149,10000000E-3	22,56531220E-6	
-148,40000000E-3	22,62397316E-6	
-147,70000000E-3	22,67912214E-6	
-147,00000000E-3	22,73192643E-6	
-146,00000000E-3	22,78726436E-6	
-145,30000000E-3	22,84313079E-6	
-144,60000000E-3	22,89678384E-6	
-144,00000000E-3	22,94922753E-6	
-143,30000000E-3	22,99870359E-6	
-142,30000000E-3	23,04667128E-6	
-141,60000000E-3	23,09300886E-6	
-140,90000000E-3	23,13558038E-6	
-140,20000000E-3	23,17570536E-6	
-139,50000000E-3	23,21530784E-6	
-138,70000000E-3	23,25176281E-6	
-137,90000000E-3	23,28960839E-6	
-137,10000000E-3	23,33329441E-6	
-136,40000000E-3	23,37889522E-6	
-135,80000000E-3	23,42107190E-6	
-135,00000000E-3	23,45925236E-6	
-134,10000000E-3	23,49636218E-6	
-133,40000000E-3	23,53684820E-6	
-132,70000000E-3	23,58066547E-6	
-132,10000000E-3	23,62198082E-6	
-131,40000000E-3	23,66127693E-6	
-130,40000000E-3	23,70265046E-6	
-129,70000000E-3	23,74373645E-6	
-128,90000000E-3	23,78236393E-6	
-128,30000000E-3	23,81879311E-6	
-127,60000000E-3	23,85509650E-6	
-127,00000000E-3	23,89271077E-6	
-125,90000000E-3	23,93165866E-6	
-125,20000000E-3	23,97125449E-6	
-124,60000000E-3	24,01475487E-6	
-123,90000000E-3	24,06408883E-6	
-123,10000000E-3	24,11059527E-6	
-122,20000000E-3	24,14855437E-6	
-121,50000000E-3	24,18913998E-6	
-120,90000000E-3	24,23491963E-6	
-120,10000000E-3	24,27889794E-6	
-119,40000000E-3	24,31849290E-6	
-118,80000000E-3	24,35408259E-6	
-118,10000000E-3	24,38736590E-6	
-117,40000000E-3	24,42205388E-6	
-116,60000000E-3	24,45727288E-6	
-115,70000000E-3	24,48935905E-6	
-115,10000000E-3	24,51672363E-6	
-114,40000000E-3	24,53879081E-6	
-113,70000000E-3	24,55375158E-6	
-113,00000000E-3	24,56161463E-6	
-112,00000000E-3	24,56473509E-6	
-111,30000000E-3	24,56248675E-6	
-110,60000000E-3	24,55191158E-6	
-109,90000000E-3	24,53260755E-6	
-109,30000000E-3	24,50299424E-6	
-108,20000000E-3	24,46473473E-6	
-107,50000000E-3	24,41055625E-6	
-106,90000000E-3	24,34516714E-6	
-106,20000000E-3	24,26537279E-6	
-105,50000000E-3	24,17485577E-6	
-104,70000000E-3	24,07075096E-6	
-103,80000000E-3	23,95197772E-6	
-103,10000000E-3	23,81491302E-6	
-102,40000000E-3	23,65930911E-6	
-101,70000000E-3	23,49578200E-6	
-100,90000000E-3	23,30661996E-6	
-100,00000000E-3	23,10152449E-6	
-99,30000000E-3	22,86913388E-6	
-98,80000000E-3	22,61359191E-6	
-98,10000000E-3	22,33628536E-6	
-97,30000000E-3	22,04244527E-6	
-96,30000000E-3	21,72530768E-6	
-95,60000000E-3	21,37765726E-6	
-95,00000000E-3	20,99521827E-6	
-94,30000000E-3	20,62937894E-6	
-93,50000000E-3	20,22966413E-6	
-92,50000000E-3	19,77369320E-6	
-91,80000000E-3	19,30255377E-6	
-91,20000000E-3	18,80323110E-6	
-90,50000000E-3	18,28361831E-6	
-89,80000000E-3	17,76443085E-6	
-88,90000000E-3	17,18428310E-6	
-88,10000000E-3	16,59555772E-6	
-87,50000000E-3	15,97946190E-6	
-86,80000000E-3	15,34157417E-6	
-86,10000000E-3	14,72870991E-6	
-85,30000000E-3	14,07351213E-6	
-84,40000000E-3	13,37716911E-6	
-83,70000000E-3	12,63701541E-6	
-83,00000000E-3	11,90514099E-6	
-82,30000000E-3	11,15822448E-6	
-81,60000000E-3	10,44360277E-6	
-80,80000000E-3	9,68511595E-6	
-79,90000000E-3	8,88331414E-6	
-79,20000000E-3	8,06901257E-6	
-78,50000000E-3	7,24372432E-6	
-78,00000000E-3	6,41063945E-6	
-77,10000000E-3	5,56968579E-6	
-76,20000000E-3	4,72634797E-6	
-75,40000000E-3	3,90574227E-6	
-74,70000000E-3	3,08328252E-6	
-74,00000000E-3	2,24159896E-6	
-73,40000000E-3	1,40328031E-6	
-72,70000000E-3	566,14103727E-9	
-71,70000000E-3	-264,16640619E-9	
-71,10000000E-3	-1,08407109E-6	
-70,20000000E-3	-1,89570923E-6	
-69,70000000E-3	-2,68610650E-6	
-69,00000000E-3	-3,43227112E-6	
-68,10000000E-3	-4,16217671E-6	
-67,30000000E-3	-4,89375693E-6	
-66,60000000E-3	-5,60017115E-6	
-65,90000000E-3	-6,27533471E-6	
-65,20000000E-3	-6,92309219E-6	
-64,50000000E-3	-7,53687232E-6	
-63,50000000E-3	-8,12074047E-6	
-62,80000000E-3	-8,67073767E-6	
-62,10000000E-3	-9,16608828E-6	
-61,40000000E-3	-9,62761180E-6	
-60,70000000E-3	-10,07067116E-6	
-59,90000000E-3	-10,47662357E-6	
-59,00000000E-3	-10,84163434E-6	
-58,30000000E-3	-11,17149494E-6	
-57,70000000E-3	-11,46463664E-6	
-57,00000000E-3	-11,71950255E-6	
-56,30000000E-3	-11,94140279E-6	
-55,30000000E-3	-12,12478454E-6	
-54,90000000E-3	-12,27927461E-6	
-53,90000000E-3	-12,41139590E-6	
-53,20000000E-3	-12,51536305E-6	
-52,50000000E-3	-12,58721444E-6	
-51,70000000E-3	-12,62652245E-6	
-50,80000000E-3	-12,63870561E-6	
-50,10000000E-3	-12,62885772E-6	
-49,50000000E-3	-12,60186494E-6	
-48,80000000E-3	-12,55377099E-6	
-48,00000000E-3	-12,48385534E-6	
-47,30000000E-3	-12,39543692E-6	
-46,60000000E-3	-12,28852569E-6	
-45,90000000E-3	-12,16393938E-6	
-45,30000000E-3	-12,02661058E-6	
-44,50000000E-3	-11,87464563E-6	
-43,60000000E-3	-11,71191681E-6	
-43,00000000E-3	-11,54519208E-6	
-42,30000000E-3	-11,36877704E-6	
-41,60000000E-3	-11,17812551E-6	
-40,90000000E-3	-10,98035823E-6	
-39,80000000E-3	-10,77580518E-6	
-39,20000000E-3	-10,56415196E-6	
-38,50000000E-3	-10,34782577E-6	
-37,80000000E-3	-10,13150561E-6	
-37,10000000E-3	-9,91395626E-6	
-36,20000000E-3	-9,70139020E-6	
-35,40000000E-3	-9,49404259E-6	
-34,70000000E-3	-9,27922256E-6	
-34,00000000E-3	-9,06074428E-6	
-33,40000000E-3	-8,84469554E-6	
-32,60000000E-3	-8,63335770E-6	
-31,60000000E-3	-8,42907634E-6	
-30,90000000E-3	-8,23045903E-6	
-30,20000000E-3	-8,03878415E-6	
-29,60000000E-3	-7,86045463E-6	
-28,90000000E-3	-7,68584357E-6	
-27,90000000E-3	-7,51389077E-6	
-27,20000000E-3	-7,35414840E-6	
-26,50000000E-3	-7,19472980E-6	
-25,70000000E-3	-7,05093206E-6	
-25,10000000E-3	-6,91542458E-6	
-24,40000000E-3	-6,79304006E-6	
-23,60000000E-3	-6,68137654E-6	
-22,70000000E-3	-6,58151120E-6	
-22,00000000E-3	-6,48669476E-6	
-21,40000000E-3	-6,40340210E-6	
-20,70000000E-3	-6,32426993E-6	
-20,00000000E-3	-6,25452951E-6	
-19,00000000E-3	-6,19759205E-6	
-18,30000000E-3	-6,15191055E-6	
-17,60000000E-3	-6,10992339E-6	
-16,90000000E-3	-6,07332481E-6	
-16,20000000E-3	-6,04443669E-6	
-15,40000000E-3	-6,02187827E-6	
-14,50000000E-3	-6,00541361E-6	
-13,80000000E-3	-5,99982878E-6	
-13,20000000E-3	-5,99686109E-6	
-12,50000000E-3	-5,99634554E-6	
-11,80000000E-3	-5,99964332E-6	
-10,70000000E-3	-6,00639762E-6	
-10,10000000E-3	-6,01793425E-6	
-9,40000000E-3	-6,03444529E-6	
-8,70000000E-3	-6,05201944E-6	
-8,00000000E-3	-6,06772230E-6	
-7,10000000E-3	-6,08184657E-6	
-6,30000000E-3	-6,09817307E-6	
-5,70000000E-3	-6,11528344E-6	
-5,00000000E-3	-6,13174947E-6	
-4,30000000E-3	-6,15119596E-6	
-3,60000000E-3	-6,17017651E-6	
-2,60000000E-3	-6,18876219E-6	
-1,80000000E-3	-6,20485397E-6	
-1,10000000E-3	-6,21308493E-6	
-400,00000000E-6	-6,22169173E-6	
300,00000000E-6	-6,22987420E-6	
1,00000000E-3	-6,23351830E-6	
2,10000000E-3	-6,23452340E-6	
2,80000000E-3	-6,23274975E-6	
3,50000000E-3	-6,22752346E-6	
4,20000000E-3	-6,21969213E-6	
4,80000000E-3	-6,20773101E-6	
5,70000000E-3	-6,19490789E-6	
6,60000000E-3	-6,18208795E-6	
7,20000000E-3	-6,16441489E-6	
7,80000000E-3	-6,14337041E-6	
8,60000000E-3	-6,12353106E-6	
9,30000000E-3	-6,10587788E-6	
10,20000000E-3	-6,08385418E-6	
10,90000000E-3	-6,06043364E-6	
11,60000000E-3	-6,03906505E-6	
12,40000000E-3	-6,01780584E-6	
13,10000000E-3	-5,99628834E-6	
14,00000000E-3	-5,97707603E-6	
14,70000000E-3	-5,96262494E-6	
15,40000000E-3	-5,95037251E-6	
16,10000000E-3	-5,94112622E-6	
16,50000000E-3	-5,93558488E-6	
17,50000000E-3	-5,93493132E-6	
18,40000000E-3	-5,94149042E-6	
18,90000000E-3	-5,95325012E-6	
19,50000000E-3	-5,96959685E-6	
20,60000000E-3	-5,99392476E-6	
21,20000000E-3	-6,02718557E-6	
22,00000000E-3	-6,06897741E-6	
23,00000000E-3	-6,11795541E-6	
23,30000000E-3	-6,17873932E-6	
24,00000000E-3	-6,24943048E-6	
24,70000000E-3	-6,32857020E-6	
25,70000000E-3	-6,41651297E-6	
26,40000000E-3	-6,51133603E-6	
27,10000000E-3	-6,61527477E-6	
28,10000000E-3	-6,72715263E-6	
28,50000000E-3	-6,84479650E-6	
29,50000000E-3	-6,96689419E-6	
30,20000000E-3	-7,09663213E-6	
30,90000000E-3	-7,24150001E-6	
31,60000000E-3	-7,39917794E-6	
32,20000000E-3	-7,56445567E-6	
33,10000000E-3	-7,73344580E-6	
34,00000000E-3	-7,90748218E-6	
34,60000000E-3	-8,08582782E-6	
35,30000000E-3	-8,26777724E-6	
36,00000000E-3	-8,44996783E-6	
36,70000000E-3	-8,63589874E-6	
37,70000000E-3	-8,82991327E-6	
38,30000000E-3	-9,02608626E-6	
39,10000000E-3	-9,22508145E-6	
39,70000000E-3	-9,42567305E-6	
40,50000000E-3	-9,62225461E-6	
41,10000000E-3	-9,81401591E-6	
42,10000000E-3	-10,00330068E-6	
42,80000000E-3	-10,18332629E-6	
43,60000000E-3	-10,35855021E-6	
44,30000000E-3	-10,53465584E-6	
44,90000000E-3	-10,70231100E-6	
45,90000000E-3	-10,86279973E-6	
46,60000000E-3	-11,01136720E-6	
47,30000000E-3	-11,14708068E-6	
47,90000000E-3	-11,27005749E-6	
48,60000000E-3	-11,37425131E-6	
49,30000000E-3	-11,46184044E-6	
50,30000000E-3	-11,54026162E-6	
51,00000000E-3	-11,60151768E-6	
51,70000000E-3	-11,64480318E-6	
52,40000000E-3	-11,66963736E-6	
53,10000000E-3	-11,67133217E-6	
54,10000000E-3	-11,65035950E-6	
54,80000000E-3	-11,60440915E-6	
55,50000000E-3	-11,53705758E-6	
56,20000000E-3	-11,44581986E-6	
56,90000000E-3	-11,32315569E-6	
57,70000000E-3	-11,16841792E-6	
58,60000000E-3	-10,97610939E-6	
59,30000000E-3	-10,75817267E-6	
59,90000000E-3	-10,50733199E-6	
60,60000000E-3	-10,23641866E-6	
61,30000000E-3	-9,92353501E-6	
62,40000000E-3	-9,58486185E-6	
63,10000000E-3	-9,21009694E-6	
63,60000000E-3	-8,79160045E-6	
64,40000000E-3	-8,33829746E-6	
65,10000000E-3	-7,85135693E-6	
65,90000000E-3	-7,32943650E-6	
66,70000000E-3	-6,77461255E-6	
67,40000000E-3	-6,19299280E-6	
68,10000000E-3	-5,56270718E-6	
68,70000000E-3	-4,96951266E-6	
69,50000000E-3	-4,32763506E-6	
70,50000000E-3	-3,63828018E-6	
71,20000000E-3	-2,92752054E-6	
71,90000000E-3	-2,19856583E-6	
72,50000000E-3	-1,45410604E-6	
73,20000000E-3	-695,50855646E-9	
74,20000000E-3	77,82159276E-9	
75,00000000E-3	862,88947569E-9	
75,60000000E-3	1,62210482E-6	
76,40000000E-3	2,38135528E-6	
77,00000000E-3	3,16469806E-6	
77,70000000E-3	3,95081808E-6	
78,70000000E-3	4,73762332E-6	
79,40000000E-3	5,51800343E-6	
80,00000000E-3	6,28780640E-6	
80,80000000E-3	7,04461703E-6	
81,40000000E-3	7,77263962E-6	
82,10000000E-3	8,49512146E-6	
83,10000000E-3	9,23364123E-6	
83,80000000E-3	9,95397966E-6	
84,50000000E-3	10,65514528E-6	
85,20000000E-3	11,34058794E-6	
85,90000000E-3	12,00983570E-6	
86,70000000E-3	12,66205230E-6	
87,60000000E-3	13,29541605E-6	
88,30000000E-3	13,88688745E-6	
88,60000000E-3	14,45368454E-6	
89,70000000E-3	15,01628239E-6	
90,40000000E-3	15,56024333E-6	
91,40000000E-3	16,08221781E-6	
92,10000000E-3	16,58117831E-6	
92,80000000E-3	17,05578143E-6	
93,40000000E-3	17,50892916E-6	
94,10000000E-3	17,93780627E-6	
94,80000000E-3	18,32923417E-6	
95,50000000E-3	18,69601085E-6	
96,20000000E-3	19,05240229E-6	
96,90000000E-3	19,38633138E-6	
97,80000000E-3	19,69091985E-6	
98,50000000E-3	19,97437091E-6	
99,60000000E-3	20,23886862E-6	
100,30000000E-3	20,48060471E-6	
100,70000000E-3	20,69781669E-6	
101,60000000E-3	20,88497883E-6	
102,30000000E-3	21,05431300E-6	
103,00000000E-3	21,21290700E-6	
103,70000000E-3	21,35166033E-6	
104,30000000E-3	21,46912511E-6	
105,00000000E-3	21,56790453E-6	
105,90000000E-3	21,65315719E-6	
106,70000000E-3	21,72453041E-6	
107,40000000E-3	21,77719240E-6	
108,20000000E-3	21,81272211E-6	
108,80000000E-3	21,83989296E-6	
109,50000000E-3	21,85732430E-6	
110,50000000E-3	21,86255315E-6	
111,20000000E-3	21,85996567E-6	
111,90000000E-3	21,84972543E-6	
112,60000000E-3	21,82884084E-6	
113,30000000E-3	21,80121132E-6	
114,20000000E-3	21,77092956E-6	
115,00000000E-3	21,73349851E-6	
115,70000000E-3	21,68848892E-6	
116,30000000E-3	21,64735198E-6	
117,10000000E-3	21,60144922E-6	
117,70000000E-3	21,54880742E-6	
118,60000000E-3	21,49407328E-6	
119,20000000E-3	21,43823158E-6	
120,30000000E-3	21,38319472E-6	
121,10000000E-3	21,33149004E-6	
121,70000000E-3	21,28225346E-6	
122,50000000E-3	21,23050117E-6	
123,10000000E-3	21,17737132E-6	
123,80000000E-3	21,12571077E-6	
124,70000000E-3	21,07437513E-6	
125,40000000E-3	21,02435783E-6	
126,10000000E-3	20,97697518E-6	
126,80000000E-3	20,93002844E-6	
127,50000000E-3	20,88289334E-6	
128,20000000E-3	20,83795760E-6	
129,20000000E-3	20,79955337E-6	
129,90000000E-3	20,76873106E-6	
130,60000000E-3	20,74017825E-6	
131,30000000E-3	20,70854234E-6	
132,00000000E-3	20,67488388E-6	
132,80000000E-3	20,64237030E-6	
133,70000000E-3	20,61129623E-6	
134,40000000E-3	20,58564767E-6	
134,70000000E-3	20,56114648E-6	
135,80000000E-3	20,53838899E-6	
136,40000000E-3	20,52033399E-6	
137,50000000E-3	20,50219373E-6	
137,80000000E-3	20,47798445E-6	
138,60000000E-3	20,45017613E-6	
139,20000000E-3	20,42832311E-6	
140,20000000E-3	20,40997579E-6	
141,00000000E-3	20,39077544E-6	
141,70000000E-3	20,36852827E-6	
142,40000000E-3	20,34528500E-6	
143,00000000E-3	20,32062267E-6	
143,80000000E-3	20,29344897E-6	
144,70000000E-3	20,26778236E-6	
145,40000000E-3	20,24254507E-6	
146,10000000E-3	20,21536338E-6	
146,80000000E-3	20,18854431E-6	
147,50000000E-3	20,16289021E-6	
148,20000000E-3	20,13277392E-6	
149,20000000E-3	20,09947349E-6	
149,90000000E-3	20,06524284E-6	
150,60000000E-3	20,02592444E-6	
151,20000000E-3	19,98589631E-6	
151,90000000E-3	19,94745006E-6	
152,80000000E-3	19,90801493E-6	
153,70000000E-3	19,86492747E-6	
154,40000000E-3	19,82191027E-6	
155,00000000E-3	19,77556356E-6	
155,80000000E-3	19,72803701E-6	
156,40000000E-3	19,68134822E-6	
157,50000000E-3	19,63246857E-6	
158,20000000E-3	19,58118110E-6	
158,80000000E-3	19,52626339E-6	
159,50000000E-3	19,46907325E-6	
160,20000000E-3	19,41340890E-6	
160,90000000E-3	19,35656170E-6	
161,80000000E-3	19,29746556E-6	
162,50000000E-3	19,23615440E-6	
163,20000000E-3	19,17559750E-6	
163,90000000E-3	19,11610025E-6	
164,70000000E-3	19,05568191E-6	
165,60000000E-3	18,99476645E-6	
166,30000000E-3	18,92943481E-6	
167,00000000E-3	18,86099741E-6	
167,70000000E-3	18,79397572E-6	
168,30000000E-3	18,72524456E-6	
169,10000000E-3	18,65719074E-6	
170,10000000E-3	18,58980025E-6	
170,80000000E-3	18,51964249E-6	
171,50000000E-3	18,45213814E-6	
172,10000000E-3	18,38421118E-6	
172,80000000E-3	18,31359439E-6	
173,80000000E-3	18,24676027E-6	
174,50000000E-3	18,18086913E-6	
175,20000000E-3	18,11005254E-6	
175,90000000E-3	18,03987626E-6	
176,60000000E-3	17,97009743E-6	
177,20000000E-3	17,89847370E-6	
178,30000000E-3	17,82664528E-6	
178,90000000E-3	17,75731650E-6	
179,60000000E-3	17,68871874E-6	
180,20000000E-3	17,61687759E-6	
181,00000000E-3	17,54228086E-6	
181,70000000E-3	17,46826038E-6	
182,70000000E-3	17,39834843E-6	
183,10000000E-3	17,32683410E-6	
184,10000000E-3	17,25423633E-6	
184,80000000E-3	17,18400638E-6	
185,50000000E-3	17,11505866E-6	
186,50000000E-3	17,04792232E-6	
186,80000000E-3	16,97744984E-6	
187,50000000E-3	16,90314841E-6	
188,20000000E-3	16,83175539E-6	
189,20000000E-3	16,76073153E-6	
189,90000000E-3	16,69061365E-6	
190,60000000E-3	16,61718310E-6	
191,30000000E-3	16,54151260E-6	
192,00000000E-3	16,46357136E-6	
193,00000000E-3	16,38882424E-6	
193,70000000E-3	16,32203753E-6	
194,40000000E-3	16,25692925E-6	
195,10000000E-3	16,18656392E-6	
195,80000000E-3	16,11157244E-6	
196,40000000E-3	16,03569890E-6	
197,50000000E-3	15,96453219E-6	
197,50000000E-3	15,89629648E-6	
199,10000000E-3	15,82449926E-6	
199,70000000E-3	15,75253651E-6	
200,30000000E-3	15,68046283E-6	
