-200,10000000E-3	23,97048037E-6	
-200,10000000E-3	23,96457463E-6	
-199,90000000E-3	23,96132834E-6	
-199,80000000E-3	23,95970084E-6	
-199,50000000E-3	23,96079156E-6	
-199,10000000E-3	23,97736279E-6	
-198,60000000E-3	24,01809319E-6	
-198,10000000E-3	24,07217656E-6	
-197,60000000E-3	24,14067821E-6	
-197,00000000E-3	24,22862277E-6	
-196,40000000E-3	24,32487706E-6	
-195,80000000E-3	24,43617028E-6	
-195,20000000E-3	24,55620134E-6	
-194,50000000E-3	24,68289024E-6	
-193,70000000E-3	24,82427691E-6	
-192,90000000E-3	24,96885212E-6	
-192,20000000E-3	25,11423722E-6	
-191,60000000E-3	25,25955914E-6	
-190,90000000E-3	25,39923898E-6	
-190,20000000E-3	25,55025074E-6	
-189,50000000E-3	25,71000824E-6	
-188,80000000E-3	25,87052635E-6	
-188,10000000E-3	26,03244776E-6	
-187,40000000E-3	26,18922884E-6	
-186,70000000E-3	26,35039947E-6	
-186,00000000E-3	26,52062555E-6	
-185,30000000E-3	26,69092227E-6	
-184,60000000E-3	26,86200645E-6	
-183,80000000E-3	27,03676641E-6	
-182,90000000E-3	27,21207262E-6	
-182,00000000E-3	27,38527211E-6	
-181,30000000E-3	27,56576708E-6	
-180,60000000E-3	27,74597985E-6	
-179,80000000E-3	27,92573602E-6	
-179,10000000E-3	28,11414189E-6	
-178,30000000E-3	28,30567376E-6	
-177,70000000E-3	28,49743148E-6	
-177,00000000E-3	28,69272972E-6	
-176,20000000E-3	28,89331268E-6	
-175,50000000E-3	29,09622492E-6	
-174,80000000E-3	29,29648370E-6	
-174,10000000E-3	29,49106019E-6	
-173,30000000E-3	29,68586731E-6	
-172,60000000E-3	29,88200828E-6	
-171,90000000E-3	30,07598738E-6	
-171,10000000E-3	30,27284594E-6	
-170,20000000E-3	30,46975191E-6	
-169,40000000E-3	30,66327264E-6	
-168,70000000E-3	30,85318810E-6	
-168,00000000E-3	31,04379788E-6	
-167,20000000E-3	31,22878371E-6	
-166,90000000E-3	31,41365668E-6	
-166,10000000E-3	31,60633782E-6	
-165,40000000E-3	31,79788541E-6	
-164,60000000E-3	31,98842656E-6	
-163,60000000E-3	32,18072299E-6	
-163,00000000E-3	32,37914607E-6	
-162,20000000E-3	32,57863867E-6	
-161,50000000E-3	32,77526853E-6	
-160,70000000E-3	32,96341555E-6	
-160,00000000E-3	33,15358864E-6	
-159,30000000E-3	33,35448880E-6	
-158,50000000E-3	33,55719705E-6	
-157,80000000E-3	33,75741567E-6	
-157,10000000E-3	33,95432830E-6	
-156,30000000E-3	34,15120139E-6	
-155,60000000E-3	34,34694602E-6	
-154,90000000E-3	34,53365529E-6	
-154,10000000E-3	34,71423879E-6	
-153,50000000E-3	34,89497753E-6	
-152,70000000E-3	35,07429923E-6	
-152,00000000E-3	35,25178525E-6	
-151,30000000E-3	35,42344543E-6	
-150,40000000E-3	35,58572288E-6	
-149,50000000E-3	35,74240784E-6	
-148,80000000E-3	35,89112302E-6	
-148,00000000E-3	36,02581357E-6	
-147,30000000E-3	36,15823678E-6	
-146,50000000E-3	36,29447838E-6	
-145,90000000E-3	36,42624138E-6	
-145,10000000E-3	36,54914786E-6	
-144,40000000E-3	36,66770936E-6	
-143,70000000E-3	36,78459659E-6	
-142,90000000E-3	36,89859600E-6	
-142,20000000E-3	37,00831533E-6	
-141,50000000E-3	37,10789414E-6	
-140,80000000E-3	37,20276785E-6	
-140,10000000E-3	37,29769594E-6	
-139,30000000E-3	37,39065354E-6	
-138,60000000E-3	37,48144539E-6	
-137,70000000E-3	37,56820834E-6	
-137,00000000E-3	37,65555510E-6	
-136,10000000E-3	37,74640046E-6	
-135,30000000E-3	37,83983594E-6	
-134,60000000E-3	37,93088187E-6	
-133,90000000E-3	38,02319347E-6	
-133,20000000E-3	38,11620884E-6	
-132,50000000E-3	38,21691796E-6	
-131,70000000E-3	38,32119437E-6	
-131,00000000E-3	38,42960408E-6	
-130,30000000E-3	38,54246390E-6	
-129,60000000E-3	38,65401330E-6	
-128,90000000E-3	38,77961975E-6	
-128,10000000E-3	38,91167946E-6	
-127,40000000E-3	39,05276109E-6	
-126,70000000E-3	39,21123814E-6	
-125,80000000E-3	39,36803547E-6	
-124,90000000E-3	39,52867125E-6	
-124,20000000E-3	39,69063963E-6	
-123,40000000E-3	39,87494548E-6	
-122,70000000E-3	40,06033395E-6	
-121,90000000E-3	40,27031977E-6	
-121,20000000E-3	40,48140104E-6	
-120,40000000E-3	40,70122749E-6	
-119,70000000E-3	40,93093540E-6	
-119,00000000E-3	41,16509813E-6	
-118,20000000E-3	41,40036540E-6	
-117,50000000E-3	41,64323844E-6	
-116,70000000E-3	41,87450982E-6	
-116,00000000E-3	42,11500582E-6	
-115,20000000E-3	42,35687108E-6	
-114,60000000E-3	42,59882830E-6	
-113,80000000E-3	42,84718065E-6	
-113,10000000E-3	43,09966326E-6	
-112,40000000E-3	43,35184433E-6	
-111,60000000E-3	43,59569849E-6	
-110,90000000E-3	43,83045408E-6	
-110,10000000E-3	44,05575468E-6	
-109,40000000E-3	44,26936198E-6	
-108,70000000E-3	44,46428769E-6	
-108,00000000E-3	44,64351843E-6	
-107,20000000E-3	44,81114881E-6	
-106,50000000E-3	44,95639647E-6	
-105,80000000E-3	45,07860140E-6	
-105,10000000E-3	45,17739703E-6	
-104,30000000E-3	45,24741750E-6	
-103,60000000E-3	45,28598802E-6	
-102,90000000E-3	45,29140315E-6	
-101,90000000E-3	45,26108992E-6	
-101,10000000E-3	45,19230869E-6	
-100,30000000E-3	45,07821992E-6	
-99,50000000E-3	44,91809358E-6	
-98,80000000E-3	44,71408424E-6	
-98,10000000E-3	44,46929243E-6	
-97,30000000E-3	44,17731100E-6	
-96,50000000E-3	43,83054173E-6	
-95,80000000E-3	43,42474464E-6	
-95,10000000E-3	42,97804585E-6	
-94,40000000E-3	42,47577359E-6	
-93,70000000E-3	41,89676526E-6	
-92,90000000E-3	41,25381006E-6	
-92,20000000E-3	40,54644914E-6	
-91,40000000E-3	39,77498295E-6	
-90,70000000E-3	38,93879240E-6	
-90,00000000E-3	38,04898651E-6	
-89,20000000E-3	37,13832651E-6	
-88,80000000E-3	36,17495427E-6	
-88,10000000E-3	35,12028742E-6	
-87,30000000E-3	34,01362241E-6	
-86,60000000E-3	32,85081922E-6	
-85,90000000E-3	31,63626808E-6	
-84,70000000E-3	30,37242147E-6	
-84,00000000E-3	29,05711975E-6	
-83,60000000E-3	27,70134966E-6	
-82,50000000E-3	26,34903818E-6	
-82,10000000E-3	24,95293800E-6	
-81,40000000E-3	23,45906210E-6	
-80,60000000E-3	21,92018261E-6	
-80,00000000E-3	20,33161798E-6	
-79,10000000E-3	18,69545606E-6	
-78,50000000E-3	17,02861708E-6	
-77,70000000E-3	15,32662626E-6	
-77,00000000E-3	13,59197385E-6	
-76,20000000E-3	11,87996952E-6	
-75,50000000E-3	10,13793125E-6	
-74,70000000E-3	8,30504158E-6	
-74,00000000E-3	6,45710749E-6	
-73,20000000E-3	4,59562325E-6	
-72,50000000E-3	2,71511714E-6	
-71,70000000E-3	833,81943653E-9	
-71,00000000E-3	-1,04068398E-6	
-70,20000000E-3	-2,89446370E-6	
-69,50000000E-3	-4,66200919E-6	
-68,70000000E-3	-6,39804789E-6	
-68,00000000E-3	-8,15122012E-6	
-67,20000000E-3	-9,85502163E-6	
-66,50000000E-3	-11,49236881E-6	
-65,70000000E-3	-13,05569355E-6	
-65,00000000E-3	-14,52778591E-6	
-64,20000000E-3	-15,90585184E-6	
-63,50000000E-3	-17,17967695E-6	
-62,70000000E-3	-18,30728091E-6	
-62,00000000E-3	-19,32456615E-6	
-61,30000000E-3	-20,25841214E-6	
-60,50000000E-3	-21,07836848E-6	
-59,70000000E-3	-21,78343585E-6	
-59,00000000E-3	-22,37462202E-6	
-58,30000000E-3	-22,84633725E-6	
-57,50000000E-3	-23,20712750E-6	
-56,80000000E-3	-23,46325493E-6	
-56,10000000E-3	-23,63532072E-6	
-55,30000000E-3	-23,72990199E-6	
-54,50000000E-3	-23,74369329E-6	
-53,80000000E-3	-23,68362354E-6	
-53,10000000E-3	-23,55733010E-6	
-52,30000000E-3	-23,36890595E-6	
-51,60000000E-3	-23,12170463E-6	
-50,80000000E-3	-22,82504164E-6	
-50,00000000E-3	-22,49739809E-6	
-49,30000000E-3	-22,13331222E-6	
-48,60000000E-3	-21,71931779E-6	
-47,80000000E-3	-21,27236876E-6	
-47,10000000E-3	-20,80177739E-6	
-46,30000000E-3	-20,31388040E-6	
-45,60000000E-3	-19,80585906E-6	
-44,80000000E-3	-19,28295207E-6	
-44,10000000E-3	-18,74850857E-6	
-43,30000000E-3	-18,21847219E-6	
-42,60000000E-3	-17,68329110E-6	
-41,80000000E-3	-17,12600617E-6	
-41,10000000E-3	-16,56346108E-6	
-40,30000000E-3	-15,99533933E-6	
-39,60000000E-3	-15,42802302E-6	
-38,90000000E-3	-14,85898265E-6	
-38,10000000E-3	-14,28944163E-6	
-37,40000000E-3	-13,72487735E-6	
-36,60000000E-3	-13,17948125E-6	
-35,90000000E-3	-12,63864733E-6	
-35,10000000E-3	-12,08714747E-6	
-34,50000000E-3	-11,54576845E-6	
-33,60000000E-3	-11,01449444E-6	
-32,90000000E-3	-10,49978642E-6	
-32,10000000E-3	-9,99917332E-6	
-31,40000000E-3	-9,51099737E-6	
-30,70000000E-3	-9,06129766E-6	
-29,90000000E-3	-8,63928476E-6	
-29,20000000E-3	-8,23498499E-6	
-28,50000000E-3	-7,86498412E-6	
-27,70000000E-3	-7,53494094E-6	
-26,90000000E-3	-7,24522309E-6	
-26,20000000E-3	-6,98907824E-6	
-25,50000000E-3	-6,76599016E-6	
-24,70000000E-3	-6,58011926E-6	
-24,00000000E-3	-6,43538428E-6	
-23,20000000E-3	-6,32007121E-6	
-22,50000000E-3	-6,22797840E-6	
-21,70000000E-3	-6,16388330E-6	
-21,00000000E-3	-6,12674602E-6	
-20,20000000E-3	-6,11049099E-6	
-19,30000000E-3	-6,11690114E-6	
-18,70000000E-3	-6,14487061E-6	
-17,70000000E-3	-6,19108426E-6	
-17,00000000E-3	-6,25523389E-6	
-16,60000000E-3	-6,33774125E-6	
-15,90000000E-3	-6,43866844E-6	
-15,10000000E-3	-6,55249666E-6	
-14,10000000E-3	-6,67620980E-6	
-13,20000000E-3	-6,80789109E-6	
-12,60000000E-3	-6,94683015E-6	
-11,80000000E-3	-7,08982878E-6	
-11,00000000E-3	-7,22898167E-6	
-10,30000000E-3	-7,35414585E-6	
-9,90000000E-3	-7,47355932E-6	
-9,20000000E-3	-7,59270563E-6	
-8,40000000E-3	-7,70250946E-6	
-7,70000000E-3	-7,80100656E-6	
-6,90000000E-3	-7,89579195E-6	
-6,20000000E-3	-7,99130531E-6	
-5,40000000E-3	-8,08523404E-6	
-4,70000000E-3	-8,17959654E-6	
-3,90000000E-3	-8,27098329E-6	
-3,10000000E-3	-8,35766277E-6	
-2,40000000E-3	-8,44196953E-6	
-1,60000000E-3	-8,51776603E-6	
-800,00000000E-6	-8,58386494E-6	
-100,00000000E-6	-8,64346520E-6	
700,00000000E-6	-8,69202884E-6	
1,40000000E-3	-8,72729145E-6	
2,20000000E-3	-8,74948671E-6	
3,00000000E-3	-8,75831656E-6	
3,70000000E-3	-8,75057116E-6	
4,40000000E-3	-8,73104805E-6	
5,10000000E-3	-8,69646656E-6	
6,00000000E-3	-8,64688012E-6	
6,60000000E-3	-8,58861238E-6	
7,40000000E-3	-8,52178123E-6	
8,10000000E-3	-8,44332663E-6	
8,90000000E-3	-8,35430321E-6	
9,60000000E-3	-8,24878117E-6	
10,40000000E-3	-8,12375091E-6	
11,10000000E-3	-7,98510085E-6	
11,90000000E-3	-7,84047882E-6	
12,60000000E-3	-7,68620864E-6	
13,40000000E-3	-7,52353768E-6	
14,10000000E-3	-7,35669503E-6	
14,90000000E-3	-7,18438355E-6	
15,60000000E-3	-7,01423761E-6	
16,40000000E-3	-6,83994982E-6	
17,10000000E-3	-6,67244908E-6	
17,90000000E-3	-6,51405814E-6	
18,60000000E-3	-6,37361768E-6	
19,40000000E-3	-6,25058263E-6	
20,10000000E-3	-6,14231527E-6	
20,90000000E-3	-6,05125942E-6	
21,60000000E-3	-5,98749788E-6	
22,40000000E-3	-5,94952544E-6	
23,10000000E-3	-5,93477202E-6	
23,80000000E-3	-5,94488935E-6	
24,60000000E-3	-5,98345685E-6	
25,30000000E-3	-6,05004569E-6	
25,90000000E-3	-6,15538390E-6	
26,60000000E-3	-6,27178811E-6	
27,70000000E-3	-6,41694466E-6	
28,40000000E-3	-6,59544902E-6	
29,00000000E-3	-6,81160418E-6	
29,80000000E-3	-7,05051830E-6	
30,40000000E-3	-7,30340355E-6	
31,10000000E-3	-7,59570649E-6	
32,20000000E-3	-7,93431275E-6	
32,80000000E-3	-8,30627856E-6	
33,50000000E-3	-8,70409905E-6	
34,20000000E-3	-9,12595061E-6	
34,90000000E-3	-9,55975009E-6	
35,80000000E-3	-10,01379790E-6	
36,60000000E-3	-10,50337645E-6	
37,30000000E-3	-11,01403047E-6	
38,00000000E-3	-11,54050052E-6	
38,70000000E-3	-12,07513915E-6	
39,40000000E-3	-12,61572204E-6	
40,40000000E-3	-13,16769617E-6	
41,10000000E-3	-13,72919881E-6	
41,80000000E-3	-14,28069595E-6	
42,40000000E-3	-14,83405320E-6	
43,10000000E-3	-15,40479553E-6	
43,80000000E-3	-15,97260264E-6	
44,90000000E-3	-16,53144177E-6	
45,50000000E-3	-17,07770776E-6	
46,20000000E-3	-17,61004624E-6	
46,90000000E-3	-18,13394644E-6	
47,60000000E-3	-18,64497879E-6	
48,60000000E-3	-19,12270596E-6	
49,30000000E-3	-19,57631807E-6	
49,60000000E-3	-20,02060187E-6	
50,70000000E-3	-20,44047702E-6	
51,30000000E-3	-20,82978455E-6	
52,10000000E-3	-21,18426386E-6	
53,10000000E-3	-21,50172972E-6	
53,80000000E-3	-21,77979416E-6	
54,40000000E-3	-22,01424335E-6	
55,10000000E-3	-22,19135734E-6	
55,70000000E-3	-22,31428158E-6	
56,80000000E-3	-22,38222761E-6	
57,50000000E-3	-22,38573549E-6	
58,10000000E-3	-22,31659158E-6	
58,50000000E-3	-22,16345555E-6	
59,50000000E-3	-21,91961742E-6	
60,20000000E-3	-21,58219926E-6	
61,20000000E-3	-21,14606840E-6	
61,90000000E-3	-20,62411870E-6	
62,30000000E-3	-19,99537410E-6	
63,20000000E-3	-19,23174679E-6	
64,00000000E-3	-18,34376827E-6	
64,60000000E-3	-17,33359276E-6	
65,40000000E-3	-16,20795807E-6	
66,00000000E-3	-14,97269313E-6	
66,70000000E-3	-13,63002985E-6	
67,40000000E-3	-12,23216481E-6	
68,40000000E-3	-10,75155079E-6	
69,10000000E-3	-9,13842249E-6	
69,80000000E-3	-7,45619788E-6	
70,50000000E-3	-5,71487644E-6	
71,10000000E-3	-3,93581628E-6	
72,10000000E-3	-2,13044660E-6	
72,90000000E-3	-304,82772135E-9	
73,60000000E-3	1,53123920E-6	
74,30000000E-3	3,31232684E-6	
74,90000000E-3	5,07968627E-6	
75,60000000E-3	6,88843819E-6	
76,60000000E-3	8,66476663E-6	
77,30000000E-3	10,41232469E-6	
78,00000000E-3	12,12378195E-6	
78,70000000E-3	13,79702543E-6	
79,30000000E-3	15,43708313E-6	
80,40000000E-3	17,03468523E-6	
81,10000000E-3	18,54558474E-6	
81,80000000E-3	20,02326813E-6	
82,40000000E-3	21,51847247E-6	
83,10000000E-3	22,96411125E-6	
84,00000000E-3	24,36141223E-6	
84,80000000E-3	25,71944453E-6	
85,40000000E-3	27,03464459E-6	
86,20000000E-3	28,30780815E-6	
86,90000000E-3	29,52788236E-6	
87,60000000E-3	30,65351551E-6	
88,60000000E-3	31,75630569E-6	
89,30000000E-3	32,80299154E-6	
90,00000000E-3	33,79621693E-6	
90,60000000E-3	34,74236866E-6	
91,40000000E-3	35,61757283E-6	
92,20000000E-3	36,50108161E-6	
93,10000000E-3	37,29739917E-6	
93,70000000E-3	38,00586938E-6	
94,40000000E-3	38,65351980E-6	
95,10000000E-3	39,24148369E-6	
95,80000000E-3	39,78505164E-6	
96,60000000E-3	40,26553910E-6	
97,60000000E-3	40,70736255E-6	
98,20000000E-3	41,11195637E-6	
98,80000000E-3	41,41794751E-6	
99,50000000E-3	41,67867524E-6	
100,40000000E-3	41,89541094E-6	
101,20000000E-3	42,04759242E-6	
101,90000000E-3	42,14016774E-6	
102,60000000E-3	42,18943342E-6	
103,30000000E-3	42,18832038E-6	
104,00000000E-3	42,14421525E-6	
105,00000000E-3	42,06229523E-6	
105,70000000E-3	41,94601307E-6	
106,40000000E-3	41,80066661E-6	
107,10000000E-3	41,63422534E-6	
107,80000000E-3	41,44370483E-6	
108,70000000E-3	41,22267536E-6	
109,50000000E-3	40,98156657E-6	
110,10000000E-3	40,72308990E-6	
110,90000000E-3	40,44952168E-6	
111,60000000E-3	40,15952705E-6	
112,20000000E-3	39,85991277E-6	
113,20000000E-3	39,55504294E-6	
113,60000000E-3	39,25565193E-6	
114,40000000E-3	38,95712499E-6	
115,10000000E-3	38,65035110E-6	
116,10000000E-3	38,34741632E-6	
116,80000000E-3	38,05331132E-6	
117,50000000E-3	37,76706537E-6	
118,10000000E-3	37,48739573E-6	
118,80000000E-3	37,21617994E-6	
119,50000000E-3	36,95200619E-6	
120,10000000E-3	36,70529003E-6	
121,40000000E-3	36,46819223E-6	
121,70000000E-3	36,23549199E-6	
122,70000000E-3	36,01576800E-6	
123,40000000E-3	35,80874579E-6	
124,10000000E-3	35,61729811E-6	
124,80000000E-3	35,43794677E-6	
125,50000000E-3	35,27032258E-6	
126,20000000E-3	35,11307968E-6	
127,20000000E-3	34,97196715E-6	
127,90000000E-3	34,84490869E-6	
128,60000000E-3	34,72554545E-6	
129,30000000E-3	34,61807525E-6	
129,90000000E-3	34,52481162E-6	
130,90000000E-3	34,44621684E-6	
131,70000000E-3	34,38006132E-6	
132,30000000E-3	34,32012819E-6	
133,00000000E-3	34,26699197E-6	
133,70000000E-3	34,22387533E-6	
134,50000000E-3	34,18798552E-6	
135,40000000E-3	34,15301600E-6	
135,80000000E-3	34,12125873E-6	
136,90000000E-3	34,09361500E-6	
137,60000000E-3	34,07240581E-6	
138,40000000E-3	34,05601710E-6	
139,10000000E-3	34,03957713E-6	
139,70000000E-3	34,02113306E-6	
140,40000000E-3	33,99827492E-6	
141,40000000E-3	33,97125068E-6	
142,10000000E-3	33,94180341E-6	
142,80000000E-3	33,91035440E-6	
143,50000000E-3	33,87661676E-6	
144,20000000E-3	33,83531545E-6	
145,20000000E-3	33,78475579E-6	
145,90000000E-3	33,72455234E-6	
146,60000000E-3	33,66293473E-6	
146,90000000E-3	33,59744102E-6	
148,00000000E-3	33,52271883E-6	
148,70000000E-3	33,43985012E-6	
149,30000000E-3	33,34837620E-6	
150,30000000E-3	33,25014890E-6	
150,70000000E-3	33,14733756E-6	
151,70000000E-3	33,04396942E-6	
152,40000000E-3	32,93916003E-6	
153,30000000E-3	32,83324221E-6	
153,70000000E-3	32,72141254E-6	
154,40000000E-3	32,60509519E-6	
155,20000000E-3	32,48657859E-6	
156,20000000E-3	32,36048847E-6	
156,80000000E-3	32,22644461E-6	
157,50000000E-3	32,08747273E-6	
158,20000000E-3	31,94895538E-6	
158,90000000E-3	31,80563715E-6	
159,60000000E-3	31,66172159E-6	
160,60000000E-3	31,51550294E-6	
161,30000000E-3	31,36052081E-6	
162,00000000E-3	31,20266335E-6	
162,70000000E-3	31,03508036E-6	
163,30000000E-3	30,86224009E-6	
164,20000000E-3	30,68675345E-6	
165,00000000E-3	30,50759029E-6	
165,80000000E-3	30,33338342E-6	
166,50000000E-3	30,15431613E-6	
167,10000000E-3	29,96492803E-6	
167,80000000E-3	29,77763078E-6	
168,80000000E-3	29,59136618E-6	
169,50000000E-3	29,40561687E-6	
170,20000000E-3	29,21958582E-6	
170,90000000E-3	29,03379558E-6	
171,50000000E-3	28,84972406E-6	
172,40000000E-3	28,67383905E-6	
173,30000000E-3	28,49058585E-6	
174,00000000E-3	28,31660580E-6	
174,70000000E-3	28,14226150E-6	
175,30000000E-3	27,97464201E-6	
176,00000000E-3	27,80961007E-6	
177,10000000E-3	27,64344425E-6	
177,80000000E-3	27,47715492E-6	
178,40000000E-3	27,31179741E-6	
179,10000000E-3	27,15861133E-6	
179,80000000E-3	27,01037885E-6	
180,40000000E-3	26,85976229E-6	
181,50000000E-3	26,70427265E-6	
182,20000000E-3	26,55695307E-6	
182,90000000E-3	26,40672465E-6	
183,50000000E-3	26,25519067E-6	
184,30000000E-3	26,11527357E-6	
185,10000000E-3	25,97149842E-6	
185,90000000E-3	25,83116581E-6	
186,60000000E-3	25,68774561E-6	
187,30000000E-3	25,53929916E-6	
188,00000000E-3	25,39289333E-6	
188,70000000E-3	25,24555056E-6	
189,70000000E-3	25,09450540E-6	
190,40000000E-3	24,94370400E-6	
191,10000000E-3	24,79532868E-6	
191,80000000E-3	24,63901453E-6	
192,50000000E-3	24,49633829E-6	
193,40000000E-3	24,34929968E-6	
194,20000000E-3	24,19611141E-6	
194,90000000E-3	24,04199187E-6	
195,60000000E-3	23,88447813E-6	
196,20000000E-3	23,72601783E-6	
196,90000000E-3	23,56516069E-6	
197,30000000E-3	23,40393647E-6	
198,50000000E-3	23,24723955E-6	
199,20000000E-3	23,09086199E-6	
199,80000000E-3	22,92956789E-6	
