-200,00000000E-3	14,73856876E-6	
-200,00000000E-3	14,73226583E-6	
-199,90000000E-3	14,72529171E-6	
-199,60000000E-3	14,71937689E-6	
-199,30000000E-3	14,71297372E-6	
-198,90000000E-3	14,70903371E-6	
-198,50000000E-3	14,71216386E-6	
-198,00000000E-3	14,72053001E-6	
-197,20000000E-3	14,73381592E-6	
-196,70000000E-3	14,75355865E-6	
-196,20000000E-3	14,77931170E-6	
-195,50000000E-3	14,80851236E-6	
-195,00000000E-3	14,83851217E-6	
-194,40000000E-3	14,86916701E-6	
-193,40000000E-3	14,90071286E-6	
-192,80000000E-3	14,93749530E-6	
-192,10000000E-3	14,98303781E-6	
-191,40000000E-3	15,02960146E-6	
-190,90000000E-3	15,07591474E-6	
-190,20000000E-3	15,12136104E-6	
-189,20000000E-3	15,16549608E-6	
-188,50000000E-3	15,21030880E-6	
-187,50000000E-3	15,25541949E-6	
-186,80000000E-3	15,29582209E-6	
-186,20000000E-3	15,34282037E-6	
-185,50000000E-3	15,39880881E-6	
-184,80000000E-3	15,44787079E-6	
-184,10000000E-3	15,49267635E-6	
-183,40000000E-3	15,53936920E-6	
-182,80000000E-3	15,58846000E-6	
-182,10000000E-3	15,64249269E-6	
-181,40000000E-3	15,69368351E-6	
-180,30000000E-3	15,74203647E-6	
-179,60000000E-3	15,78942290E-6	
-178,60000000E-3	15,83645296E-6	
-178,20000000E-3	15,88507123E-6	
-177,60000000E-3	15,93776462E-6	
-176,90000000E-3	15,99271748E-6	
-175,80000000E-3	16,04831866E-6	
-175,20000000E-3	16,10258363E-6	
-174,40000000E-3	16,15189308E-6	
-173,80000000E-3	16,19984322E-6	
-173,10000000E-3	16,25184800E-6	
-172,50000000E-3	16,30398478E-6	
-171,40000000E-3	16,35899810E-6	
-170,70000000E-3	16,40886575E-6	
-170,00000000E-3	16,45913269E-6	
-169,30000000E-3	16,51144841E-6	
-168,60000000E-3	16,55932138E-6	
-167,90000000E-3	16,60624356E-6	
-167,20000000E-3	16,65668072E-6	
-166,20000000E-3	16,70803766E-6	
-165,50000000E-3	16,75306887E-6	
-164,80000000E-3	16,79899947E-6	
-164,10000000E-3	16,84824731E-6	
-163,40000000E-3	16,89676272E-6	
-162,70000000E-3	16,94347434E-6	
-161,80000000E-3	16,99107416E-6	
-161,00000000E-3	17,03694661E-6	
-160,30000000E-3	17,08602734E-6	
-159,70000000E-3	17,13482433E-6	
-158,90000000E-3	17,18052860E-6	
-158,20000000E-3	17,22339384E-6	
-157,20000000E-3	17,26591669E-6	
-156,50000000E-3	17,30285528E-6	
-155,90000000E-3	17,34100954E-6	
-155,20000000E-3	17,38053373E-6	
-154,50000000E-3	17,41920266E-6	
-153,70000000E-3	17,45982915E-6	
-152,80000000E-3	17,50088425E-6	
-152,10000000E-3	17,53704105E-6	
-151,40000000E-3	17,57366513E-6	
-150,70000000E-3	17,60791177E-6	
-150,10000000E-3	17,64332576E-6	
-149,20000000E-3	17,67787438E-6	
-148,30000000E-3	17,70756395E-6	
-147,60000000E-3	17,73644693E-6	
-146,90000000E-3	17,76675279E-6	
-146,20000000E-3	17,79111273E-6	
-145,50000000E-3	17,81490416E-6	
-144,80000000E-3	17,84109231E-6	
-143,80000000E-3	17,86707270E-6	
-143,10000000E-3	17,89251100E-6	
-142,40000000E-3	17,91559639E-6	
-141,70000000E-3	17,93521249E-6	
-141,00000000E-3	17,94958941E-6	
-140,30000000E-3	17,96599404E-6	
-139,30000000E-3	17,98592430E-6	
-138,60000000E-3	18,00256250E-6	
-137,90000000E-3	18,01690332E-6	
-137,40000000E-3	18,03190618E-6	
-136,70000000E-3	18,04502616E-6	
-135,60000000E-3	18,05532801E-6	
-134,90000000E-3	18,06763838E-6	
-134,40000000E-3	18,08235114E-6	
-133,70000000E-3	18,09718869E-6	
-132,70000000E-3	18,10770130E-6	
-132,00000000E-3	18,11726514E-6	
-131,40000000E-3	18,12823378E-6	
-130,70000000E-3	18,14038518E-6	
-129,80000000E-3	18,15067319E-6	
-129,00000000E-3	18,15726676E-6	
-128,30000000E-3	18,16288617E-6	
-127,70000000E-3	18,17107142E-6	
-126,90000000E-3	18,17854389E-6	
-126,10000000E-3	18,18333483E-6	
-125,30000000E-3	18,18735982E-6	
-124,70000000E-3	18,19116896E-6	
-123,90000000E-3	18,19356277E-6	
-123,10000000E-3	18,19274219E-6	
-122,40000000E-3	18,18980849E-6	
-121,80000000E-3	18,18615871E-6	
-120,80000000E-3	18,18132663E-6	
-120,10000000E-3	18,17258180E-6	
-119,40000000E-3	18,16051512E-6	
-118,80000000E-3	18,14543238E-6	
-117,90000000E-3	18,12974408E-6	
-117,10000000E-3	18,11408593E-6	
-116,80000000E-3	18,09338017E-6	
-115,80000000E-3	18,06804306E-6	
-114,90000000E-3	18,04172806E-6	
-114,10000000E-3	18,01337545E-6	
-113,40000000E-3	17,97889543E-6	
-112,90000000E-3	17,93444621E-6	
-112,10000000E-3	17,88013989E-6	
-111,40000000E-3	17,82404127E-6	
-110,80000000E-3	17,75997379E-6	
-109,90000000E-3	17,68731441E-6	
-109,10000000E-3	17,60990008E-6	
-108,10000000E-3	17,52760342E-6	
-107,50000000E-3	17,43628542E-6	
-106,80000000E-3	17,33774172E-6	
-106,10000000E-3	17,22924206E-6	
-105,50000000E-3	17,11152119E-6	
-104,80000000E-3	16,98419673E-6	
-103,80000000E-3	16,84349203E-6	
-103,10000000E-3	16,69040652E-6	
-102,50000000E-3	16,52825158E-6	
-101,80000000E-3	16,35249927E-6	
-100,90000000E-3	16,16349754E-6	
-100,20000000E-3	15,96873410E-6	
-99,50000000E-3	15,76373029E-6	
-98,90000000E-3	15,53717467E-6	
-98,10000000E-3	15,29582831E-6	
-97,20000000E-3	15,04439028E-6	
-96,50000000E-3	14,77635275E-6	
-95,80000000E-3	14,49195535E-6	
-95,10000000E-3	14,19351199E-6	
-94,20000000E-3	13,87932495E-6	
-93,50000000E-3	13,56059247E-6	
-92,90000000E-3	13,23079576E-6	
-92,10000000E-3	12,87786224E-6	
-91,20000000E-3	12,50769165E-6	
-90,50000000E-3	12,12144142E-6	
-89,90000000E-3	11,72038410E-6	
-89,10000000E-3	11,29284087E-6	
-88,20000000E-3	10,87879888E-6	
-87,60000000E-3	10,43525669E-6	
-86,90000000E-3	9,99461793E-6	
-85,90000000E-3	9,52772685E-6	
-85,20000000E-3	9,04966429E-6	
-84,60000000E-3	8,57600661E-6	
-83,90000000E-3	8,07904137E-6	
-82,90000000E-3	7,55404548E-6	
-82,20000000E-3	7,05184422E-6	
-81,60000000E-3	6,52485639E-6	
-80,90000000E-3	6,00512491E-6	
-79,90000000E-3	5,47700617E-6	
-79,30000000E-3	4,92536014E-6	
-78,70000000E-3	4,31830227E-6	
-78,00000000E-3	3,80016333E-6	
-77,20000000E-3	3,24484137E-6	
-76,30000000E-3	2,69025963E-6	
-75,70000000E-3	2,13406044E-6	
-75,00000000E-3	1,57859211E-6	
-74,20000000E-3	1,02491240E-6	
-73,30000000E-3	509,22704847E-9	
-72,70000000E-3	-24,30311535E-9	
-72,00000000E-3	-567,15098213E-9	
-71,20000000E-3	-1,09787966E-6	
-70,40000000E-3	-1,61658129E-6	
-69,70000000E-3	-2,12746421E-6	
-69,00000000E-3	-2,63151347E-6	
-68,20000000E-3	-3,12553271E-6	
-67,30000000E-3	-3,58948391E-6	
-66,70000000E-3	-4,03182879E-6	
-66,10000000E-3	-4,46999854E-6	
-65,10000000E-3	-4,89243343E-6	
-64,40000000E-3	-5,30201761E-6	
-63,70000000E-3	-5,69832691E-6	
-63,10000000E-3	-6,07326654E-6	
-62,00000000E-3	-6,42842199E-6	
-61,40000000E-3	-6,76579879E-6	
-60,70000000E-3	-7,06882862E-6	
-60,10000000E-3	-7,35044712E-6	
-59,00000000E-3	-7,62357793E-6	
-58,40000000E-3	-7,87379457E-6	
-57,70000000E-3	-8,10165494E-6	
-57,00000000E-3	-8,31130077E-6	
-56,30000000E-3	-8,49937898E-6	
-55,50000000E-3	-8,66653860E-6	
-54,70000000E-3	-8,81407976E-6	
-54,00000000E-3	-8,93790206E-6	
-53,20000000E-3	-9,04239951E-6	
-52,40000000E-3	-9,13378230E-6	
-51,70000000E-3	-9,21107553E-6	
-51,10000000E-3	-9,27346273E-6	
-50,30000000E-3	-9,31998177E-6	
-49,50000000E-3	-9,34876924E-6	
-48,70000000E-3	-9,35946404E-6	
-48,00000000E-3	-9,35762120E-6	
-47,30000000E-3	-9,34403150E-6	
-46,40000000E-3	-9,31863535E-6	
-46,10000000E-3	-9,28336440E-6	
-45,30000000E-3	-9,23984826E-6	
-44,30000000E-3	-9,18393471E-6	
-43,50000000E-3	-9,11641304E-6	
-42,70000000E-3	-9,03952860E-6	
-42,10000000E-3	-8,95536923E-6	
-41,30000000E-3	-8,87020461E-6	
-40,80000000E-3	-8,77830695E-6	
-40,10000000E-3	-8,67680927E-6	
-39,30000000E-3	-8,57060617E-6	
-38,50000000E-3	-8,45923396E-6	
-37,80000000E-3	-8,34665928E-6	
-37,10000000E-3	-8,23519980E-6	
-36,20000000E-3	-8,11836076E-6	
-35,30000000E-3	-7,99461630E-6	
-34,60000000E-3	-7,87193648E-6	
-34,10000000E-3	-7,74953895E-6	
-33,30000000E-3	-7,62704434E-6	
-32,50000000E-3	-7,50652632E-6	
-31,80000000E-3	-7,38159864E-6	
-31,20000000E-3	-7,26059808E-6	
-30,30000000E-3	-7,14349986E-6	
-29,50000000E-3	-7,03242393E-6	
-28,80000000E-3	-6,92176354E-6	
-28,20000000E-3	-6,81551214E-6	
-27,30000000E-3	-6,71708734E-6	
-26,50000000E-3	-6,61836816E-6	
-25,80000000E-3	-6,52133075E-6	
-25,20000000E-3	-6,42889376E-6	
-24,30000000E-3	-6,34518150E-6	
-23,60000000E-3	-6,26427634E-6	
-22,90000000E-3	-6,18603954E-6	
-22,20000000E-3	-6,11406321E-6	
-21,30000000E-3	-6,05214667E-6	
-20,60000000E-3	-5,99488948E-6	
-19,90000000E-3	-5,93719020E-6	
-19,20000000E-3	-5,88259979E-6	
-18,40000000E-3	-5,83319515E-6	
-17,60000000E-3	-5,79030787E-6	
-16,90000000E-3	-5,75189763E-6	
-16,20000000E-3	-5,71964604E-6	
-15,60000000E-3	-5,69442015E-6	
-14,60000000E-3	-5,66689535E-6	
-13,90000000E-3	-5,64245909E-6	
-13,20000000E-3	-5,62396727E-6	
-12,60000000E-3	-5,60793430E-6	
-11,60000000E-3	-5,59315965E-6	
-10,90000000E-3	-5,58360079E-6	
-10,30000000E-3	-5,57584925E-6	
-9,60000000E-3	-5,56975539E-6	
-8,60000000E-3	-5,56657469E-6	
-7,90000000E-3	-5,56242733E-6	
-7,30000000E-3	-5,55848606E-6	
-6,70000000E-3	-5,55778168E-6	
-5,70000000E-3	-5,55875661E-6	
-5,00000000E-3	-5,56059959E-6	
-4,30000000E-3	-5,56273163E-6	
-3,70000000E-3	-5,56139898E-6	
-2,60000000E-3	-5,56347489E-6	
-1,90000000E-3	-5,57030770E-6	
-1,20000000E-3	-5,57373229E-6	
-600,00000000E-6	-5,57315250E-6	
400,00000000E-6	-5,57134251E-6	
1,10000000E-3	-5,56954923E-6	
1,80000000E-3	-5,56901503E-6	
2,50000000E-3	-5,56766801E-6	
3,40000000E-3	-5,56480074E-6	
4,20000000E-3	-5,56239968E-6	
4,90000000E-3	-5,56009486E-6	
5,60000000E-3	-5,55519860E-6	
6,20000000E-3	-5,54778805E-6	
7,00000000E-3	-5,54342561E-6	
7,90000000E-3	-5,53615581E-6	
8,70000000E-3	-5,52717105E-6	
9,40000000E-3	-5,52002740E-6	
10,00000000E-3	-5,51439654E-6	
10,70000000E-3	-5,51480243E-6	
11,70000000E-3	-5,51735266E-6	
12,40000000E-3	-5,51695445E-6	
13,20000000E-3	-5,51458151E-6	
13,80000000E-3	-5,51463455E-6	
14,50000000E-3	-5,51973785E-6	
15,20000000E-3	-5,53080229E-6	
16,10000000E-3	-5,54330540E-6	
16,90000000E-3	-5,55606975E-6	
17,60000000E-3	-5,57044133E-6	
18,30000000E-3	-5,58742111E-6	
19,00000000E-3	-5,60683243E-6	
19,70000000E-3	-5,63255395E-6	
20,50000000E-3	-5,66452288E-6	
21,40000000E-3	-5,70077791E-6	
22,10000000E-3	-5,74041108E-6	
22,80000000E-3	-5,78607485E-6	
23,50000000E-3	-5,83564742E-6	
24,20000000E-3	-5,88400518E-6	
24,90000000E-3	-5,93639493E-6	
25,50000000E-3	-5,99519816E-6	
26,60000000E-3	-6,05705736E-6	
27,20000000E-3	-6,12587095E-6	
27,90000000E-3	-6,20183786E-6	
28,60000000E-3	-6,28125541E-6	
29,50000000E-3	-6,36403033E-6	
30,40000000E-3	-6,44671379E-6	
31,00000000E-3	-6,53001180E-6	
31,40000000E-3	-6,62138875E-6	
32,40000000E-3	-6,72028125E-6	
33,00000000E-3	-6,82107338E-6	
33,70000000E-3	-6,92544102E-6	
34,40000000E-3	-7,03029439E-6	
35,10000000E-3	-7,13475712E-6	
35,90000000E-3	-7,23899364E-6	
36,90000000E-3	-7,34462288E-6	
37,70000000E-3	-7,44773419E-6	
38,20000000E-3	-7,55068983E-6	
38,90000000E-3	-7,65828615E-6	
39,50000000E-3	-7,76211624E-6	
40,40000000E-3	-7,85976057E-6	
41,30000000E-3	-7,95672754E-6	
42,00000000E-3	-8,04833251E-6	
42,60000000E-3	-8,13508610E-6	
43,30000000E-3	-8,22102296E-6	
44,00000000E-3	-8,30079000E-6	
45,00000000E-3	-8,37284002E-6	
45,80000000E-3	-8,43789779E-6	
46,50000000E-3	-8,49573631E-6	
47,20000000E-3	-8,54467790E-6	
47,80000000E-3	-8,58525744E-6	
48,60000000E-3	-8,61645993E-6	
49,20000000E-3	-8,63950213E-6	
50,30000000E-3	-8,65214116E-6	
50,90000000E-3	-8,64960627E-6	
51,60000000E-3	-8,63170652E-6	
52,30000000E-3	-8,60066288E-6	
53,00000000E-3	-8,55689863E-6	
53,80000000E-3	-8,50296285E-6	
54,70000000E-3	-8,43552465E-6	
55,40000000E-3	-8,34562187E-6	
56,10000000E-3	-8,23666178E-6	
56,90000000E-3	-8,11989844E-6	
57,60000000E-3	-7,98800433E-6	
58,20000000E-3	-7,83043354E-6	
59,00000000E-3	-7,65265093E-6	
59,90000000E-3	-7,45796559E-6	
60,60000000E-3	-7,24547405E-6	
61,30000000E-3	-7,01620614E-6	
62,10000000E-3	-6,76651848E-6	
62,60000000E-3	-6,49332126E-6	
63,70000000E-3	-6,20982291E-6	
64,40000000E-3	-5,90138950E-6	
65,10000000E-3	-5,57303429E-6	
65,80000000E-3	-5,23745493E-6	
66,50000000E-3	-4,86305272E-6	
67,20000000E-3	-4,49427063E-6	
67,90000000E-3	-4,09409214E-6	
68,60000000E-3	-3,67892005E-6	
69,70000000E-3	-3,23620897E-6	
70,40000000E-3	-2,79486719E-6	
71,10000000E-3	-2,33771265E-6	
71,80000000E-3	-1,89952642E-6	
72,60000000E-3	-1,43523249E-6	
73,20000000E-3	-946,79779134E-9	
73,90000000E-3	-449,36429880E-9	
74,60000000E-3	52,92299324E-9	
75,30000000E-3	560,86774361E-9	
76,10000000E-3	1,07406462E-6	
76,80000000E-3	1,56953712E-6	
77,50000000E-3	2,06440755E-6	
78,30000000E-3	2,57731466E-6	
79,20000000E-3	3,09311731E-6	
80,10000000E-3	3,61128179E-6	
80,80000000E-3	4,13065853E-6	
81,50000000E-3	4,64308039E-6	
82,30000000E-3	5,14640667E-6	
83,00000000E-3	5,62550175E-6	
83,70000000E-3	6,09877970E-6	
84,40000000E-3	6,58095591E-6	
85,20000000E-3	7,05398401E-6	
85,90000000E-3	7,52268301E-6	
86,50000000E-3	7,98305819E-6	
87,30000000E-3	8,43355365E-6	
88,00000000E-3	8,87139442E-6	
88,80000000E-3	9,29297115E-6	
89,40000000E-3	9,68675675E-6	
90,20000000E-3	10,07045250E-6	
90,90000000E-3	10,45776172E-6	
91,80000000E-3	10,83021920E-6	
92,40000000E-3	11,18965584E-6	
93,30000000E-3	11,53453005E-6	
94,20000000E-3	11,86324088E-6	
94,90000000E-3	12,17838366E-6	
95,70000000E-3	12,47892386E-6	
96,40000000E-3	12,75510811E-6	
97,20000000E-3	13,01525705E-6	
97,90000000E-3	13,27385827E-6	
98,60000000E-3	13,51856996E-6	
98,60000000E-3	13,74829051E-6	
99,90000000E-3	13,96453387E-6	
100,80000000E-3	14,16817147E-6	
101,50000000E-3	14,36035341E-6	
102,30000000E-3	14,53569899E-6	
103,00000000E-3	14,69330440E-6	
103,70000000E-3	14,84149143E-6	
104,40000000E-3	14,98111624E-6	
105,20000000E-3	15,10756671E-6	
105,90000000E-3	15,22359052E-6	
106,60000000E-3	15,32988727E-6	
107,40000000E-3	15,42661489E-6	
108,10000000E-3	15,50687155E-6	
108,80000000E-3	15,58448875E-6	
109,50000000E-3	15,65356730E-6	
110,30000000E-3	15,71377841E-6	
111,00000000E-3	15,76692029E-6	
111,80000000E-3	15,80957686E-6	
112,50000000E-3	15,84742678E-6	
113,20000000E-3	15,88345969E-6	
114,00000000E-3	15,91519784E-6	
114,80000000E-3	15,93839810E-6	
115,70000000E-3	15,95701346E-6	
116,40000000E-3	15,96941842E-6	
117,10000000E-3	15,98029789E-6	
117,90000000E-3	15,99015903E-6	
118,60000000E-3	15,99732754E-6	
119,30000000E-3	16,00169669E-6	
120,00000000E-3	16,00512194E-6	
120,90000000E-3	16,00853758E-6	
121,50000000E-3	16,00821154E-6	
122,20000000E-3	16,00263907E-6	
122,90000000E-3	15,99442039E-6	
123,70000000E-3	15,98438341E-6	
124,40000000E-3	15,97934594E-6	
125,10000000E-3	15,97994182E-6	
126,00000000E-3	15,97660210E-6	
126,90000000E-3	15,96948363E-6	
127,60000000E-3	15,96113134E-6	
128,40000000E-3	15,95525877E-6	
129,10000000E-3	15,94795333E-6	
129,90000000E-3	15,93785403E-6	
130,60000000E-3	15,93331673E-6	
131,40000000E-3	15,93046881E-6	
132,00000000E-3	15,92267301E-6	
132,90000000E-3	15,91510404E-6	
133,50000000E-3	15,90548911E-6	
134,30000000E-3	15,89571024E-6	
135,00000000E-3	15,88704401E-6	
135,80000000E-3	15,87952690E-6	
136,50000000E-3	15,87705233E-6	
137,30000000E-3	15,87587251E-6	
138,00000000E-3	15,87252677E-6	
138,80000000E-3	15,86572296E-6	
139,50000000E-3	15,85765131E-6	
140,30000000E-3	15,84969338E-6	
141,00000000E-3	15,84327090E-6	
141,80000000E-3	15,84033106E-6	
142,50000000E-3	15,83575718E-6	
143,30000000E-3	15,82849146E-6	
144,00000000E-3	15,81942602E-6	
144,80000000E-3	15,80598276E-6	
145,50000000E-3	15,79084220E-6	
146,30000000E-3	15,77735343E-6	
147,00000000E-3	15,76764950E-6	
147,80000000E-3	15,75639987E-6	
148,50000000E-3	15,74678952E-6	
148,90000000E-3	15,73667892E-6	
149,70000000E-3	15,72067345E-6	
150,80000000E-3	15,70502258E-6	
151,50000000E-3	15,68870850E-6	
152,30000000E-3	15,67162358E-6	
152,90000000E-3	15,65664548E-6	
152,90000000E-3	15,63977040E-6	
154,30000000E-3	15,61844152E-6	
155,00000000E-3	15,59577839E-6	
155,70000000E-3	15,57173550E-6	
156,50000000E-3	15,54669800E-6	
157,20000000E-3	15,52189585E-6	
157,90000000E-3	15,49643047E-6	
158,70000000E-3	15,47074539E-6	
159,50000000E-3	15,44342840E-6	
160,20000000E-3	15,41527638E-6	
160,90000000E-3	15,38801713E-6	
161,70000000E-3	15,36294572E-6	
162,40000000E-3	15,33164226E-6	
163,20000000E-3	15,29690803E-6	
163,90000000E-3	15,26602744E-6	
164,70000000E-3	15,23551367E-6	
165,40000000E-3	15,20223714E-6	
166,20000000E-3	15,16576999E-6	
166,90000000E-3	15,13020949E-6	
167,50000000E-3	15,09678527E-6	
168,30000000E-3	15,06247152E-6	
169,00000000E-3	15,02456385E-6	
169,80000000E-3	14,98681013E-6	
170,50000000E-3	14,94987600E-6	
171,30000000E-3	14,91223523E-6	
172,00000000E-3	14,87676259E-6	
172,80000000E-3	14,83807806E-6	
173,50000000E-3	14,79830727E-6	
174,30000000E-3	14,75932874E-6	
175,00000000E-3	14,71794281E-6	
175,80000000E-3	14,67484176E-6	
176,50000000E-3	14,63271899E-6	
177,30000000E-3	14,59577253E-6	
178,00000000E-3	14,55786791E-6	
178,80000000E-3	14,51796221E-6	
179,50000000E-3	14,47900344E-6	
180,30000000E-3	14,43645010E-6	
181,00000000E-3	14,39176427E-6	
181,80000000E-3	14,35124695E-6	
182,50000000E-3	14,31125193E-6	
183,30000000E-3	14,26744881E-6	
184,00000000E-3	14,22331336E-6	
184,80000000E-3	14,17932542E-6	
185,50000000E-3	14,13332372E-6	
186,30000000E-3	14,08811259E-6	
187,00000000E-3	14,04724295E-6	
187,80000000E-3	14,00734166E-6	
188,50000000E-3	13,96397195E-6	
188,90000000E-3	13,91756518E-6	
190,00000000E-3	13,87415870E-6	
190,80000000E-3	13,83179638E-6	
191,10000000E-3	13,78608371E-6	
192,30000000E-3	13,73824066E-6	
193,00000000E-3	13,69319171E-6	
193,80000000E-3	13,64674808E-6	
194,50000000E-3	13,60329239E-6	
194,90000000E-3	13,56058213E-6	
195,60000000E-3	13,51460887E-6	
196,40000000E-3	13,46802488E-6	
197,10000000E-3	13,42233424E-6	
198,30000000E-3	13,37876165E-6	
198,60000000E-3	13,33566779E-6	
199,30000000E-3	13,29277506E-6	
200,20000000E-3	13,24751525E-6	
