-200,00000000E-3	139,32392203E-9	
-200,00000000E-3	137,85639218E-9	
-199,80000000E-3	134,93678958E-9	
-199,40000000E-3	133,51884764E-9	
-199,00000000E-3	141,17166108E-9	
-198,50000000E-3	142,73013700E-9	
-197,90000000E-3	139,29316141E-9	
-197,30000000E-3	141,03202378E-9	
-196,70000000E-3	145,65206701E-9	
-196,00000000E-3	143,05416196E-9	
-195,20000000E-3	142,06864142E-9	
-194,70000000E-3	144,75322229E-9	
-194,00000000E-3	152,43954566E-9	
-193,20000000E-3	161,15499361E-9	
-192,80000000E-3	159,95052534E-9	
-191,90000000E-3	158,28879606E-9	
-191,10000000E-3	151,42979816E-9	
-190,60000000E-3	146,32654753E-9	
-189,70000000E-3	153,08074585E-9	
-188,90000000E-3	169,05725352E-9	
-188,10000000E-3	161,58165997E-9	
-187,30000000E-3	153,08210620E-9	
-186,50000000E-3	147,67247636E-9	
-185,90000000E-3	152,20379941E-9	
-185,10000000E-3	157,05303204E-9	
-184,30000000E-3	158,89094680E-9	
-183,80000000E-3	160,84228874E-9	
-182,90000000E-3	166,45530203E-9	
-182,00000000E-3	162,23537636E-9	
-181,50000000E-3	156,53782241E-9	
-180,70000000E-3	155,75456439E-9	
-179,90000000E-3	158,72486704E-9	
-179,10000000E-3	161,53546788E-9	
-178,40000000E-3	162,98416886E-9	
-177,50000000E-3	170,92673783E-9	
-176,80000000E-3	180,05183960E-9	
-176,00000000E-3	178,93286593E-9	
-175,10000000E-3	169,11176775E-9	
-174,50000000E-3	172,70385410E-9	
-173,70000000E-3	180,57481446E-9	
-172,90000000E-3	180,07102594E-9	
-172,10000000E-3	177,54224327E-9	
-171,60000000E-3	174,72288832E-9	
-170,70000000E-3	176,57992467E-9	
-170,00000000E-3	183,21749751E-9	
-169,20000000E-3	179,37093359E-9	
-168,40000000E-3	174,58668775E-9	
-167,70000000E-3	182,00600474E-9	
-166,80000000E-3	189,83037631E-9	
-166,00000000E-3	188,47779416E-9	
-165,20000000E-3	186,12568326E-9	
-164,60000000E-3	190,87455759E-9	
-163,80000000E-3	194,94836251E-9	
-163,00000000E-3	198,21258841E-9	
-162,40000000E-3	199,86546463E-9	
-161,60000000E-3	203,97592432E-9	
-160,80000000E-3	205,21850432E-9	
-160,20000000E-3	215,12707678E-9	
-159,40000000E-3	226,55722330E-9	
-158,60000000E-3	221,84827974E-9	
-157,70000000E-3	225,34133575E-9	
-156,90000000E-3	234,06675843E-9	
-156,10000000E-3	232,24249542E-9	
-155,40000000E-3	231,19180815E-9	
-154,50000000E-3	231,53585638E-9	
-153,90000000E-3	237,66750865E-9	
-153,10000000E-3	245,42689075E-9	
-152,30000000E-3	249,38817761E-9	
-151,50000000E-3	248,45067482E-9	
-151,00000000E-3	250,25871215E-9	
-150,10000000E-3	251,92716418E-9	
-149,30000000E-3	254,63796224E-9	
-148,80000000E-3	250,99948046E-9	
-147,90000000E-3	253,97120268E-9	
-147,10000000E-3	268,12075379E-9	
-146,30000000E-3	279,11030306E-9	
-145,60000000E-3	275,53889493E-9	
-144,90000000E-3	284,74548912E-9	
-144,00000000E-3	294,56386663E-9	
-143,20000000E-3	301,50293348E-9	
-142,40000000E-3	301,27080844E-9	
-141,60000000E-3	299,87558169E-9	
-141,00000000E-3	294,95226161E-9	
-140,20000000E-3	297,12618837E-9	
-139,40000000E-3	297,08827756E-9	
-138,60000000E-3	293,68731499E-9	
-137,80000000E-3	292,17668856E-9	
-137,20000000E-3	302,17423401E-9	
-136,40000000E-3	320,30466498E-9	
-135,50000000E-3	322,27986521E-9	
-134,80000000E-3	324,87119604E-9	
-134,10000000E-3	327,50451290E-9	
-133,20000000E-3	328,17492566E-9	
-132,60000000E-3	325,96918584E-9	
-131,80000000E-3	324,63573519E-9	
-131,10000000E-3	328,41545421E-9	
-130,40000000E-3	333,51408288E-9	
-129,50000000E-3	330,15255739E-9	
-128,90000000E-3	328,35947712E-9	
-128,10000000E-3	338,18055113E-9	
-127,30000000E-3	342,82345007E-9	
-126,60000000E-3	347,85425964E-9	
-125,80000000E-3	352,76763468E-9	
-125,00000000E-3	360,94191549E-9	
-124,30000000E-3	365,07138548E-9	
-123,50000000E-3	363,73604927E-9	
-122,80000000E-3	374,76323248E-9	
-122,00000000E-3	382,76329762E-9	
-121,30000000E-3	394,22801972E-9	
-120,40000000E-3	401,97988165E-9	
-119,60000000E-3	407,70845732E-9	
-119,00000000E-3	413,32542025E-9	
-118,10000000E-3	414,96684150E-9	
-117,20000000E-3	425,51030087E-9	
-116,70000000E-3	436,07639922E-9	
-115,80000000E-3	443,98441326E-9	
-115,00000000E-3	450,69197244E-9	
-114,40000000E-3	456,01716868E-9	
-113,60000000E-3	470,64005888E-9	
-112,70000000E-3	472,20447319E-9	
-112,10000000E-3	466,99584202E-9	
-111,30000000E-3	472,92983824E-9	
-110,50000000E-3	480,32975152E-9	
-109,50000000E-3	493,28176379E-9	
-108,90000000E-3	502,63806313E-9	
-108,10000000E-3	499,29724880E-9	
-107,30000000E-3	499,27021595E-9	
-106,70000000E-3	505,95891414E-9	
-105,90000000E-3	508,12602938E-9	
-105,30000000E-3	509,16203244E-9	
-104,40000000E-3	523,78717876E-9	
-103,50000000E-3	537,08887926E-9	
-102,70000000E-3	542,96904351E-9	
-102,10000000E-3	552,67130332E-9	
-101,30000000E-3	559,13426778E-9	
-100,40000000E-3	562,47715140E-9	
-99,60000000E-3	575,39576835E-9	
-99,00000000E-3	589,07374295E-9	
-98,20000000E-3	600,35148432E-9	
-97,60000000E-3	610,78030681E-9	
-96,70000000E-3	616,18201758E-9	
-95,90000000E-3	619,61091806E-9	
-95,30000000E-3	629,34618849E-9	
-94,50000000E-3	643,46281234E-9	
-93,60000000E-3	659,71120460E-9	
-93,10000000E-3	681,35224561E-9	
-92,20000000E-3	684,65701917E-9	
-91,30000000E-3	691,63910336E-9	
-90,50000000E-3	708,12666066E-9	
-89,90000000E-3	729,98145265E-9	
-89,10000000E-3	746,59990163E-9	
-88,20000000E-3	763,60399426E-9	
-87,70000000E-3	786,31165733E-9	
-86,90000000E-3	810,34913436E-9	
-86,10000000E-3	827,31635780E-9	
-85,40000000E-3	844,87675019E-9	
-84,50000000E-3	865,95918680E-9	
-83,70000000E-3	889,52045224E-9	
-83,00000000E-3	911,71956327E-9	
-82,30000000E-3	935,01738375E-9	
-81,50000000E-3	960,95603783E-9	
-80,60000000E-3	986,78228485E-9	
-79,90000000E-3	1,00536819E-6	
-79,20000000E-3	1,02377315E-6	
-78,30000000E-3	1,04493373E-6	
-77,60000000E-3	1,07553538E-6	
-76,90000000E-3	1,10539124E-6	
-76,10000000E-3	1,12516120E-6	
-75,20000000E-3	1,13297597E-6	
-74,50000000E-3	1,14835530E-6	
-73,80000000E-3	1,16145552E-6	
-72,90000000E-3	1,16279222E-6	
-72,10000000E-3	1,16338897E-6	
-71,40000000E-3	1,17313119E-6	
-70,70000000E-3	1,17430856E-6	
-69,90000000E-3	1,16787484E-6	
-69,20000000E-3	1,15746286E-6	
-68,40000000E-3	1,15588792E-6	
-67,60000000E-3	1,16015159E-6	
-67,00000000E-3	1,15833461E-6	
-66,10000000E-3	1,15516603E-6	
-65,30000000E-3	1,16121430E-6	
-64,70000000E-3	1,17404108E-6	
-63,90000000E-3	1,18517808E-6	
-63,00000000E-3	1,20370642E-6	
-62,40000000E-3	1,23640843E-6	
-61,60000000E-3	1,28665208E-6	
-60,80000000E-3	1,33380502E-6	
-59,90000000E-3	1,37850594E-6	
-59,30000000E-3	1,44819812E-6	
-58,50000000E-3	1,54062741E-6	
-57,60000000E-3	1,64631238E-6	
-57,10000000E-3	1,76970908E-6	
-56,30000000E-3	1,91891949E-6	
-55,70000000E-3	2,09620454E-6	
-54,80000000E-3	2,29920421E-6	
-54,00000000E-3	2,52548572E-6	
-53,10000000E-3	2,77294725E-6	
-52,60000000E-3	3,03937998E-6	
-51,70000000E-3	3,29870462E-6	
-50,90000000E-3	3,54681715E-6	
-50,10000000E-3	3,76242897E-6	
-49,50000000E-3	3,95486888E-6	
-48,60000000E-3	4,11101241E-6	
-48,10000000E-3	4,21739158E-6	
-47,20000000E-3	4,26542731E-6	
-46,30000000E-3	4,25215993E-6	
-45,70000000E-3	4,18321221E-6	
-44,90000000E-3	4,04132015E-6	
-44,10000000E-3	3,82990725E-6	
-43,50000000E-3	3,58884474E-6	
-42,60000000E-3	3,29779534E-6	
-41,80000000E-3	2,95693218E-6	
-40,90000000E-3	2,60246528E-6	
-40,30000000E-3	2,23246788E-6	
-39,50000000E-3	1,84418761E-6	
-38,70000000E-3	1,45356487E-6	
-38,10000000E-3	1,06257489E-6	
-37,20000000E-3	686,86597499E-9	
-36,60000000E-3	318,28985241E-9	
-35,80000000E-3	-43,00838226E-9	
-35,00000000E-3	-432,11067763E-9	
-34,10000000E-3	-795,28565169E-9	
-33,50000000E-3	-1,12153773E-6	
-32,70000000E-3	-1,43588361E-6	
-31,80000000E-3	-1,73776311E-6	
-31,20000000E-3	-2,02635718E-6	
-30,40000000E-3	-2,27734221E-6	
-29,50000000E-3	-2,50803362E-6	
-28,90000000E-3	-2,70102534E-6	
-28,10000000E-3	-2,86497678E-6	
-27,20000000E-3	-2,99187291E-6	
-26,70000000E-3	-3,07316194E-6	
-25,80000000E-3	-3,11226555E-6	
-24,90000000E-3	-3,11428603E-6	
-24,30000000E-3	-3,08124927E-6	
-23,50000000E-3	-3,02771162E-6	
-22,70000000E-3	-2,94940757E-6	
-22,10000000E-3	-2,85390692E-6	
-21,20000000E-3	-2,75039199E-6	
-20,40000000E-3	-2,64475414E-6	
-19,50000000E-3	-2,53712105E-6	
-19,00000000E-3	-2,42420442E-6	
-18,10000000E-3	-2,30524320E-6	
-17,40000000E-3	-2,18475054E-6	
-16,60000000E-3	-2,07033159E-6	
-15,80000000E-3	-1,97695161E-6	
-15,00000000E-3	-1,90005445E-6	
-14,40000000E-3	-1,82721338E-6	
-13,50000000E-3	-1,77276969E-6	
-12,70000000E-3	-1,75349453E-6	
-12,00000000E-3	-1,76107915E-6	
-11,20000000E-3	-1,78321713E-6	
-10,60000000E-3	-1,80912385E-6	
-9,80000000E-3	-1,85479181E-6	
-9,00000000E-3	-1,91593050E-6	
-8,10000000E-3	-1,98873683E-6	
-7,50000000E-3	-2,05708644E-6	
-6,70000000E-3	-2,11554921E-6	
-5,90000000E-3	-2,16179992E-6	
-5,20000000E-3	-2,19073343E-6	
-4,40000000E-3	-2,21716107E-6	
-3,70000000E-3	-2,23801507E-6	
-3,00000000E-3	-2,25569112E-6	
-2,10000000E-3	-2,26608941E-6	
-1,20000000E-3	-2,26509565E-6	
-600,00000000E-6	-2,26398546E-6	
200,00000000E-6	-2,26473314E-6	
1,00000000E-3	-2,26901600E-6	
1,70000000E-3	-2,27509024E-6	
2,60000000E-3	-2,27161944E-6	
3,50000000E-3	-2,27007105E-6	
4,00000000E-3	-2,26842645E-6	
4,90000000E-3	-2,25772024E-6	
5,50000000E-3	-2,23845471E-6	
6,40000000E-3	-2,20883355E-6	
7,00000000E-3	-2,17186657E-6	
7,80000000E-3	-2,12630782E-6	
8,60000000E-3	-2,07496956E-6	
9,60000000E-3	-2,02508916E-6	
10,10000000E-3	-1,98087027E-6	
10,90000000E-3	-1,93251881E-6	
11,80000000E-3	-1,89308405E-6	
12,70000000E-3	-1,86018464E-6	
13,30000000E-3	-1,83516599E-6	
13,50000000E-3	-1,82124435E-6	
14,70000000E-3	-1,81841545E-6	
15,60000000E-3	-1,83335800E-6	
16,20000000E-3	-1,86674775E-6	
17,00000000E-3	-1,91447878E-6	
17,80000000E-3	-1,97704276E-6	
18,70000000E-3	-2,05854341E-6	
19,30000000E-3	-2,15358259E-6	
20,20000000E-3	-2,26460235E-6	
21,00000000E-3	-2,38163812E-6	
21,60000000E-3	-2,49315998E-6	
22,40000000E-3	-2,58897276E-6	
23,30000000E-3	-2,68351434E-6	
23,90000000E-3	-2,77053820E-6	
24,70000000E-3	-2,84514546E-6	
25,30000000E-3	-2,91647228E-6	
26,20000000E-3	-2,96833013E-6	
26,90000000E-3	-2,99078281E-6	
27,80000000E-3	-2,98861019E-6	
28,40000000E-3	-2,95971973E-6	
29,20000000E-3	-2,89565339E-6	
30,10000000E-3	-2,79188885E-6	
30,70000000E-3	-2,64743975E-6	
31,50000000E-3	-2,47470911E-6	
32,40000000E-3	-2,27138985E-6	
32,90000000E-3	-2,02738885E-6	
33,80000000E-3	-1,74486837E-6	
34,70000000E-3	-1,45214897E-6	
35,30000000E-3	-1,14536214E-6	
36,10000000E-3	-814,56355025E-9	
37,00000000E-3	-452,11664375E-9	
37,60000000E-3	-85,03055141E-9	
38,40000000E-3	305,87613550E-9	
39,20000000E-3	694,31732970E-9	
39,80000000E-3	1,09520093E-6	
40,70000000E-3	1,50098376E-6	
41,60000000E-3	1,89375034E-6	
42,40000000E-3	2,28501779E-6	
43,00000000E-3	2,66765387E-6	
43,80000000E-3	3,03608511E-6	
44,40000000E-3	3,39142012E-6	
45,20000000E-3	3,72499867E-6	
45,80000000E-3	4,02970224E-6	
46,90000000E-3	4,29232235E-6	
47,80000000E-3	4,50119715E-6	
48,30000000E-3	4,64809485E-6	
49,20000000E-3	4,73143224E-6	
49,80000000E-3	4,75503631E-6	
50,60000000E-3	4,70634710E-6	
51,40000000E-3	4,59383628E-6	
52,30000000E-3	4,43423177E-6	
52,90000000E-3	4,21505810E-6	
53,40000000E-3	3,97082955E-6	
54,50000000E-3	3,71400645E-6	
55,40000000E-3	3,43625498E-6	
56,00000000E-3	3,15779961E-6	
56,80000000E-3	2,88818867E-6	
57,70000000E-3	2,63115754E-6	
58,20000000E-3	2,39875250E-6	
59,10000000E-3	2,19078259E-6	
59,90000000E-3	2,00224851E-6	
60,50000000E-3	1,84008893E-6	
61,40000000E-3	1,70361774E-6	
62,20000000E-3	1,59441067E-6	
62,80000000E-3	1,50725438E-6	
63,70000000E-3	1,43490973E-6	
64,60000000E-3	1,37169159E-6	
65,20000000E-3	1,33903134E-6	
65,90000000E-3	1,31550867E-6	
66,80000000E-3	1,28976150E-6	
67,40000000E-3	1,27306612E-6	
68,20000000E-3	1,25649249E-6	
69,10000000E-3	1,24302566E-6	
69,70000000E-3	1,23442954E-6	
70,60000000E-3	1,23294442E-6	
71,30000000E-3	1,23074329E-6	
71,90000000E-3	1,22768843E-6	
72,80000000E-3	1,23010708E-6	
73,70000000E-3	1,22646398E-6	
74,50000000E-3	1,22099293E-6	
75,10000000E-3	1,21748976E-6	
76,00000000E-3	1,20650309E-6	
76,50000000E-3	1,19213066E-6	
77,40000000E-3	1,18509444E-6	
78,20000000E-3	1,17792637E-6	
78,80000000E-3	1,15875448E-6	
79,70000000E-3	1,13051061E-6	
80,50000000E-3	1,10011348E-6	
81,10000000E-3	1,08221899E-6	
82,00000000E-3	1,06395635E-6	
82,80000000E-3	1,04505457E-6	
83,40000000E-3	1,02668066E-6	
84,20000000E-3	1,00091704E-6	
85,10000000E-3	976,49264160E-9	
85,60000000E-3	954,92182855E-9	
86,50000000E-3	929,59991265E-9	
87,40000000E-3	904,94321496E-9	
88,00000000E-3	883,43635372E-9	
88,80000000E-3	858,33559167E-9	
89,60000000E-3	834,60470782E-9	
90,20000000E-3	812,41567829E-9	
91,00000000E-3	790,99891363E-9	
92,00000000E-3	767,73452347E-9	
92,50000000E-3	747,59693098E-9	
93,40000000E-3	724,82980079E-9	
94,20000000E-3	700,29233577E-9	
95,10000000E-3	684,66671621E-9	
95,60000000E-3	681,51998645E-9	
96,50000000E-3	666,89839090E-9	
97,40000000E-3	645,54263538E-9	
97,90000000E-3	638,11656789E-9	
98,80000000E-3	632,49779591E-9	
99,30000000E-3	624,79818246E-9	
100,40000000E-3	615,44364189E-9	
101,30000000E-3	603,55753869E-9	
101,90000000E-3	598,58198717E-9	
102,50000000E-3	601,38874585E-9	
103,40000000E-3	601,17470011E-9	
104,30000000E-3	591,25612043E-9	
105,00000000E-3	576,08945419E-9	
105,60000000E-3	560,50423783E-9	
106,50000000E-3	557,57324776E-9	
107,40000000E-3	551,13441495E-9	
108,00000000E-3	552,40744576E-9	
108,80000000E-3	552,85543177E-9	
109,40000000E-3	546,81439960E-9	
110,20000000E-3	535,12012671E-9	
111,10000000E-3	537,07282075E-9	
112,00000000E-3	533,88953009E-9	
112,50000000E-3	526,49258465E-9	
113,10000000E-3	517,16467272E-9	
114,20000000E-3	509,92631148E-9	
114,80000000E-3	508,83526076E-9	
115,70000000E-3	501,16993939E-9	
116,30000000E-3	489,20074138E-9	
116,90000000E-3	483,24535258E-9	
117,70000000E-3	483,50216040E-9	
118,50000000E-3	488,31978274E-9	
119,10000000E-3	478,41436273E-9	
120,00000000E-3	460,49026861E-9	
120,80000000E-3	449,23392005E-9	
121,70000000E-3	452,35874487E-9	
122,30000000E-3	448,91522267E-9	
123,10000000E-3	442,34621831E-9	
123,90000000E-3	436,62119776E-9	
124,50000000E-3	433,34517871E-9	
125,40000000E-3	429,98376021E-9	
126,30000000E-3	424,57525431E-9	
126,80000000E-3	417,87192956E-9	
127,70000000E-3	421,17815095E-9	
128,50000000E-3	423,23235463E-9	
129,10000000E-3	418,64620012E-9	
129,80000000E-3	412,16710513E-9	
130,70000000E-3	409,70598900E-9	
131,60000000E-3	403,73690004E-9	
132,20000000E-3	400,30521193E-9	
133,10000000E-3	397,26822600E-9	
134,00000000E-3	390,38381382E-9	
134,50000000E-3	388,85420288E-9	
135,40000000E-3	382,53726589E-9	
136,20000000E-3	369,49957444E-9	
136,80000000E-3	362,48471605E-9	
137,60000000E-3	357,29697719E-9	
138,20000000E-3	351,26900879E-9	
139,10000000E-3	341,96339356E-9	
139,90000000E-3	332,93152417E-9	
140,80000000E-3	327,26181802E-9	
141,30000000E-3	321,02703332E-9	
142,20000000E-3	318,40876065E-9	
143,10000000E-3	319,71283084E-9	
143,90000000E-3	318,15627472E-9	
144,50000000E-3	318,49500668E-9	
145,30000000E-3	312,88117874E-9	
146,20000000E-3	312,57510471E-9	
147,00000000E-3	310,54481833E-9	
147,60000000E-3	308,97695391E-9	
148,40000000E-3	307,16996182E-9	
149,30000000E-3	311,73435102E-9	
149,90000000E-3	305,15247377E-9	
150,70000000E-3	299,13215282E-9	
151,60000000E-3	302,13917565E-9	
152,40000000E-3	300,13615741E-9	
153,00000000E-3	287,83049806E-9	
153,80000000E-3	278,83940314E-9	
154,40000000E-3	272,43214295E-9	
155,30000000E-3	276,29064033E-9	
156,20000000E-3	278,37696935E-9	
156,90000000E-3	271,02325272E-9	
157,60000000E-3	266,43070124E-9	
158,40000000E-3	275,14587378E-9	
158,70000000E-3	282,52986574E-9	
160,00000000E-3	276,75616971E-9	
160,50000000E-3	260,51845337E-9	
161,30000000E-3	257,43700455E-9	
162,20000000E-3	259,88793663E-9	
162,80000000E-3	257,83538952E-9	
163,70000000E-3	252,42182877E-9	
164,60000000E-3	245,65205354E-9	
165,10000000E-3	249,57133425E-9	
166,00000000E-3	248,86789364E-9	
166,90000000E-3	250,26881566E-9	
167,50000000E-3	247,82244500E-9	
168,30000000E-3	243,12344290E-9	
169,10000000E-3	239,51561628E-9	
169,80000000E-3	236,54581743E-9	
170,50000000E-3	238,44076572E-9	
171,40000000E-3	239,02078246E-9	
172,00000000E-3	234,80975126E-9	
173,00000000E-3	225,18455055E-9	
173,80000000E-3	211,94305345E-9	
174,40000000E-3	206,87793791E-9	
175,30000000E-3	206,62645614E-9	
176,10000000E-3	211,84478211E-9	
176,70000000E-3	211,46339975E-9	
177,50000000E-3	203,03169760E-9	
178,30000000E-3	192,94553426E-9	
179,20000000E-3	194,96042150E-9	
179,80000000E-3	196,48120638E-9	
180,70000000E-3	191,65316006E-9	
181,50000000E-3	190,55685132E-9	
182,20000000E-3	196,24000806E-9	
183,00000000E-3	192,23916110E-9	
183,60000000E-3	187,42762321E-9	
184,40000000E-3	186,97932288E-9	
185,40000000E-3	181,57746720E-9	
186,00000000E-3	177,23782036E-9	
186,90000000E-3	173,35785308E-9	
187,70000000E-3	169,70213881E-9	
188,30000000E-3	170,79709359E-9	
189,20000000E-3	171,01762397E-9	
189,70000000E-3	166,29823975E-9	
190,60000000E-3	167,37955316E-9	
191,40000000E-3	167,93150324E-9	
192,30000000E-3	164,64205885E-9	
192,90000000E-3	164,41104000E-9	
193,70000000E-3	172,29829744E-9	
194,60000000E-3	165,34688643E-9	
195,40000000E-3	157,51495575E-9	
196,00000000E-3	160,26564475E-9	
196,60000000E-3	158,03936428E-9	
197,50000000E-3	158,36948954E-9	
198,10000000E-3	158,59385378E-9	
198,90000000E-3	156,48213099E-9	
199,70000000E-3	152,08076841E-9	
