-200,00000000E-3	525,01467291E-9	
-200,00000000E-3	524,05405800E-9	
-199,90000000E-3	526,29287029E-9	
-199,70000000E-3	526,05513348E-9	
-199,40000000E-3	523,27512140E-9	
-199,20000000E-3	521,20153318E-9	
-198,80000000E-3	519,90483221E-9	
-198,30000000E-3	518,00889270E-9	
-197,90000000E-3	520,56348146E-9	
-197,50000000E-3	527,15314347E-9	
-197,00000000E-3	529,50632242E-9	
-196,40000000E-3	523,57295251E-9	
-195,80000000E-3	519,48372510E-9	
-195,30000000E-3	523,05779926E-9	
-194,80000000E-3	525,29352110E-9	
-194,20000000E-3	524,68357020E-9	
-193,70000000E-3	516,50687944E-9	
-192,90000000E-3	507,35192479E-9	
-192,40000000E-3	504,44687214E-9	
-191,90000000E-3	505,70644637E-9	
-191,30000000E-3	509,59642651E-9	
-190,70000000E-3	513,26163467E-9	
-190,10000000E-3	514,58511487E-9	
-189,30000000E-3	517,60378433E-9	
-188,80000000E-3	522,06297998E-9	
-188,20000000E-3	525,22727574E-9	
-187,60000000E-3	525,01613676E-9	
-187,10000000E-3	522,48447130E-9	
-186,30000000E-3	522,97507352E-9	
-185,70000000E-3	526,34789537E-9	
-185,10000000E-3	531,06420173E-9	
-184,50000000E-3	530,18237061E-9	
-184,00000000E-3	523,43300226E-9	
-183,40000000E-3	524,26711528E-9	
-182,50000000E-3	528,80812696E-9	
-182,00000000E-3	531,42683596E-9	
-181,40000000E-3	534,13142769E-9	
-180,80000000E-3	536,67301898E-9	
-180,30000000E-3	536,86623504E-9	
-179,50000000E-3	534,19385715E-9	
-178,80000000E-3	528,63211369E-9	
-178,30000000E-3	525,00338914E-9	
-177,70000000E-3	525,41288481E-9	
-177,10000000E-3	525,65859784E-9	
-176,60000000E-3	520,32200674E-9	
-175,70000000E-3	516,26913604E-9	
-175,40000000E-3	515,29868040E-9	
-174,80000000E-3	519,47626576E-9	
-174,00000000E-3	527,86108824E-9	
-173,40000000E-3	530,18015856E-9	
-172,70000000E-3	522,97924571E-9	
-172,00000000E-3	519,46372228E-9	
-171,70000000E-3	517,08975836E-9	
-171,20000000E-3	520,32335425E-9	
-170,30000000E-3	527,69757964E-9	
-169,80000000E-3	525,85587056E-9	
-169,20000000E-3	519,26919576E-9	
-168,60000000E-3	519,13158554E-9	
-168,00000000E-3	525,44065402E-9	
-167,30000000E-3	527,55802880E-9	
-166,60000000E-3	524,46109808E-9	
-166,00000000E-3	526,10134096E-9	
-165,50000000E-3	531,70411235E-9	
-164,90000000E-3	531,50670104E-9	
-164,40000000E-3	530,10636736E-9	
-163,50000000E-3	530,19311938E-9	
-162,90000000E-3	527,48923144E-9	
-162,30000000E-3	528,44509485E-9	
-161,80000000E-3	532,55119067E-9	
-161,20000000E-3	530,55031203E-9	
-160,50000000E-3	525,18521845E-9	
-159,80000000E-3	521,14666531E-9	
-159,30000000E-3	519,46876876E-9	
-158,60000000E-3	521,74349749E-9	
-158,10000000E-3	522,60596759E-9	
-157,50000000E-3	521,51236955E-9	
-156,90000000E-3	520,31573476E-9	
-156,10000000E-3	520,55693983E-9	
-155,50000000E-3	522,05286822E-9	
-154,90000000E-3	527,70555458E-9	
-154,30000000E-3	528,09423640E-9	
-153,70000000E-3	520,02561710E-9	
-153,00000000E-3	511,78745576E-9	
-152,40000000E-3	512,46425718E-9	
-151,80000000E-3	515,75884492E-9	
-151,20000000E-3	515,67607890E-9	
-150,60000000E-3	518,01983159E-9	
-149,90000000E-3	518,03016947E-9	
-149,20000000E-3	517,10786502E-9	
-148,60000000E-3	517,41755684E-9	
-148,00000000E-3	519,69953525E-9	
-147,50000000E-3	520,21211523E-9	
-147,00000000E-3	520,40503543E-9	
-146,00000000E-3	517,37524084E-9	
-145,50000000E-3	513,78584767E-9	
-144,90000000E-3	511,93746539E-9	
-144,30000000E-3	514,45061347E-9	
-143,80000000E-3	516,44892452E-9	
-143,10000000E-3	518,83346554E-9	
-142,40000000E-3	516,56352915E-9	
-141,80000000E-3	516,15420327E-9	
-141,20000000E-3	514,06265462E-9	
-140,70000000E-3	512,24298878E-9	
-140,10000000E-3	515,29456221E-9	
-139,50000000E-3	520,01173200E-9	
-138,60000000E-3	522,17039189E-9	
-138,10000000E-3	520,99531629E-9	
-137,50000000E-3	521,77704617E-9	
-136,90000000E-3	520,66251603E-9	
-136,40000000E-3	514,14892573E-9	
-135,50000000E-3	508,21165303E-9	
-135,00000000E-3	507,26711995E-9	
-134,40000000E-3	504,31640473E-9	
-133,80000000E-3	501,10207611E-9	
-133,20000000E-3	507,31470664E-9	
-132,50000000E-3	512,55378419E-9	
-131,80000000E-3	513,15724327E-9	
-131,30000000E-3	511,11229456E-9	
-130,70000000E-3	506,75996991E-9	
-130,10000000E-3	503,25535734E-9	
-129,60000000E-3	501,53305678E-9	
-128,70000000E-3	502,97675305E-9	
-128,10000000E-3	504,72508188E-9	
-127,50000000E-3	508,12301195E-9	
-127,00000000E-3	510,68192072E-9	
-126,40000000E-3	507,57259829E-9	
-125,70000000E-3	505,03427989E-9	
-125,00000000E-3	504,69867079E-9	
-124,40000000E-3	509,48240906E-9	
-123,80000000E-3	515,36269924E-9	
-123,20000000E-3	512,91369267E-9	
-122,70000000E-3	505,86275177E-9	
-122,00000000E-3	501,34716032E-9	
-121,30000000E-3	501,60042302E-9	
-120,70000000E-3	501,81063473E-9	
-120,10000000E-3	499,64157088E-9	
-119,50000000E-3	503,77182129E-9	
-119,00000000E-3	511,08435943E-9	
-118,10000000E-3	509,80156497E-9	
-117,50000000E-3	503,91052814E-9	
-117,20000000E-3	497,66247527E-9	
-116,40000000E-3	494,38005206E-9	
-115,80000000E-3	498,14159690E-9	
-115,10000000E-3	496,09950462E-9	
-114,40000000E-3	491,42796855E-9	
-113,80000000E-3	493,32316388E-9	
-113,30000000E-3	497,50347835E-9	
-112,70000000E-3	497,99871083E-9	
-112,10000000E-3	495,66315901E-9	
-111,50000000E-3	499,48338082E-9	
-111,00000000E-3	503,79706940E-9	
-110,40000000E-3	500,47953912E-9	
-109,90000000E-3	498,02073027E-9	
-108,90000000E-3	495,76712229E-9	
-108,30000000E-3	495,16856762E-9	
-107,90000000E-3	500,05635548E-9	
-107,30000000E-3	502,39902931E-9	
-106,70000000E-3	494,54139568E-9	
-106,10000000E-3	485,25392487E-9	
-105,20000000E-3	483,36358105E-9	
-104,60000000E-3	485,45050529E-9	
-104,10000000E-3	488,02523667E-9	
-103,50000000E-3	490,43241402E-9	
-103,00000000E-3	495,03402633E-9	
-102,30000000E-3	499,08506029E-9	
-101,50000000E-3	498,55766691E-9	
-101,00000000E-3	495,45155953E-9	
-100,40000000E-3	490,24864169E-9	
-99,90000000E-3	488,55525866E-9	
-99,30000000E-3	491,57344147E-9	
-98,50000000E-3	489,91515338E-9	
-97,90000000E-3	487,37975659E-9	
-97,30000000E-3	485,45222645E-9	
-96,70000000E-3	488,12715645E-9	
-96,20000000E-3	492,79403872E-9	
-95,40000000E-3	489,87061345E-9	
-94,70000000E-3	480,63542876E-9	
-94,10000000E-3	479,68937188E-9	
-93,60000000E-3	479,42888138E-9	
-93,00000000E-3	479,53361399E-9	
-92,40000000E-3	480,73748421E-9	
-91,60000000E-3	484,96794044E-9	
-91,00000000E-3	486,74007492E-9	
-90,40000000E-3	485,08986019E-9	
-89,90000000E-3	488,27204201E-9	
-89,30000000E-3	496,13644540E-9	
-88,60000000E-3	495,06774887E-9	
-87,90000000E-3	493,86838772E-9	
-87,30000000E-3	496,55974501E-9	
-86,80000000E-3	493,96645985E-9	
-86,20000000E-3	489,90472829E-9	
-85,60000000E-3	488,64051146E-9	
-84,80000000E-3	484,05969587E-9	
-84,20000000E-3	479,86146636E-9	
-83,60000000E-3	475,88742997E-9	
-83,00000000E-3	472,17229406E-9	
-82,50000000E-3	476,03862047E-9	
-81,90000000E-3	484,92253447E-9	
-81,00000000E-3	484,89213346E-9	
-80,40000000E-3	474,66490958E-9	
-79,80000000E-3	467,10562092E-9	
-79,30000000E-3	466,63738661E-9	
-78,70000000E-3	469,57195717E-9	
-78,00000000E-3	475,44737631E-9	
-77,30000000E-3	475,80403701E-9	
-76,80000000E-3	468,90200915E-9	
-76,20000000E-3	463,34451077E-9	
-75,60000000E-3	461,17658719E-9	
-75,00000000E-3	467,87092696E-9	
-74,20000000E-3	473,33407218E-9	
-73,60000000E-3	475,76516472E-9	
-73,00000000E-3	476,56277303E-9	
-72,40000000E-3	471,28533268E-9	
-71,80000000E-3	466,82794167E-9	
-71,20000000E-3	472,40655729E-9	
-70,50000000E-3	475,42044742E-9	
-69,90000000E-3	471,54339676E-9	
-69,30000000E-3	473,96329153E-9	
-68,70000000E-3	477,56532678E-9	
-68,20000000E-3	479,42926462E-9	
-67,30000000E-3	484,19531443E-9	
-66,70000000E-3	482,44725448E-9	
-66,20000000E-3	477,03985860E-9	
-65,60000000E-3	472,97561825E-9	
-65,00000000E-3	468,99260154E-9	
-64,40000000E-3	468,61899329E-9	
-63,60000000E-3	468,61278284E-9	
-63,00000000E-3	467,75032398E-9	
-62,40000000E-3	469,20986752E-9	
-61,90000000E-3	467,61101615E-9	
-61,30000000E-3	470,23542534E-9	
-60,60000000E-3	476,00737483E-9	
-59,90000000E-3	477,38255569E-9	
-59,30000000E-3	475,06692112E-9	
-58,70000000E-3	469,89184708E-9	
-58,20000000E-3	463,04588997E-9	
-57,50000000E-3	459,81070330E-9	
-56,80000000E-3	461,49775961E-9	
-56,40000000E-3	463,21713452E-9	
-55,90000000E-3	460,40474242E-9	
-55,00000000E-3	454,54491605E-9	
-54,40000000E-3	456,55185341E-9	
-53,90000000E-3	464,69234104E-9	
-53,00000000E-3	472,34577508E-9	
-52,40000000E-3	476,05585149E-9	
-52,10000000E-3	477,29785274E-9	
-51,60000000E-3	473,04239592E-9	
-50,70000000E-3	473,32986509E-9	
-50,10000000E-3	477,03974662E-9	
-49,60000000E-3	475,72999594E-9	
-48,70000000E-3	475,96366653E-9	
-48,40000000E-3	474,60815429E-9	
-47,80000000E-3	468,96923732E-9	
-47,00000000E-3	464,74514733E-9	
-46,40000000E-3	468,74527371E-9	
-45,90000000E-3	474,20353703E-9	
-45,30000000E-3	470,54323106E-9	
-44,70000000E-3	464,14164124E-9	
-44,00000000E-3	460,99106475E-9	
-43,30000000E-3	461,16319790E-9	
-42,70000000E-3	457,95028445E-9	
-42,20000000E-3	454,03314482E-9	
-41,60000000E-3	457,93974629E-9	
-41,00000000E-3	463,30976338E-9	
-40,20000000E-3	461,22810106E-9	
-39,60000000E-3	466,57026811E-9	
-39,00000000E-3	468,71513523E-9	
-38,40000000E-3	462,91214292E-9	
-37,80000000E-3	461,27983604E-9	
-37,30000000E-3	459,71239161E-9	
-36,70000000E-3	460,56978629E-9	
-35,80000000E-3	461,44234789E-9	
-35,30000000E-3	464,74583528E-9	
-34,70000000E-3	469,45914390E-9	
-34,10000000E-3	473,89537859E-9	
-33,50000000E-3	476,07109133E-9	
-32,90000000E-3	471,76225932E-9	
-32,10000000E-3	461,00169179E-9	
-31,50000000E-3	450,29239046E-9	
-30,90000000E-3	450,48024410E-9	
-30,40000000E-3	456,03210351E-9	
-29,80000000E-3	458,94162651E-9	
-29,20000000E-3	463,09428202E-9	
-28,30000000E-3	463,78959657E-9	
-27,80000000E-3	464,96064638E-9	
-27,30000000E-3	465,65458631E-9	
-26,70000000E-3	465,04017252E-9	
-26,10000000E-3	466,59354530E-9	
-25,50000000E-3	470,58665542E-9	
-24,60000000E-3	467,09521906E-9	
-24,00000000E-3	458,14737082E-9	
-23,50000000E-3	459,32241663E-9	
-22,90000000E-3	468,42294175E-9	
-22,30000000E-3	478,36324802E-9	
-21,70000000E-3	478,21304754E-9	
-21,10000000E-3	478,10146536E-9	
-20,30000000E-3	476,80961634E-9	
-19,70000000E-3	465,90802987E-9	
-19,10000000E-3	462,61091432E-9	
-18,60000000E-3	462,23875187E-9	
-18,10000000E-3	461,44696355E-9	
-17,20000000E-3	465,76814507E-9	
-16,60000000E-3	469,15619284E-9	
-16,00000000E-3	467,77399013E-9	
-15,40000000E-3	465,14905544E-9	
-14,90000000E-3	465,98966625E-9	
-14,30000000E-3	465,99218771E-9	
-13,50000000E-3	465,22697783E-9	
-12,80000000E-3	465,59205614E-9	
-12,30000000E-3	465,80728769E-9	
-11,70000000E-3	465,59835005E-9	
-11,10000000E-3	466,78039863E-9	
-10,60000000E-3	463,00988263E-9	
-9,90000000E-3	457,33868739E-9	
-9,10000000E-3	459,63308946E-9	
-8,60000000E-3	458,48445335E-9	
-7,90000000E-3	453,14759776E-9	
-7,40000000E-3	453,00005685E-9	
-6,80000000E-3	455,06886454E-9	
-6,10000000E-3	458,81014291E-9	
-5,40000000E-3	466,99642714E-9	
-4,90000000E-3	468,32138809E-9	
-4,30000000E-3	461,96167239E-9	
-3,70000000E-3	463,20636279E-9	
-3,10000000E-3	468,68415659E-9	
-2,20000000E-3	468,67610260E-9	
-1,60000000E-3	464,13559547E-9	
-1,00000000E-3	466,35440383E-9	
-400,00000000E-6	475,11523249E-9	
200,00000000E-6	473,44522353E-9	
800,00000000E-6	464,32330416E-9	
1,60000000E-3	457,89473692E-9	
1,90000000E-3	454,15276706E-9	
2,50000000E-3	454,08645526E-9	
3,40000000E-3	457,57541127E-9	
4,00000000E-3	463,70278340E-9	
4,60000000E-3	469,04273461E-9	
5,20000000E-3	473,75141271E-9	
6,00000000E-3	475,52571515E-9	
6,50000000E-3	471,89577782E-9	
7,10000000E-3	468,07596183E-9	
7,40000000E-3	459,81311644E-9	
8,30000000E-3	457,34960247E-9	
8,90000000E-3	465,71271335E-9	
9,40000000E-3	476,43581448E-9	
10,00000000E-3	473,53784146E-9	
10,90000000E-3	463,61999586E-9	
11,20000000E-3	457,46584388E-9	
12,00000000E-3	459,01992622E-9	
12,60000000E-3	465,90812909E-9	
13,20000000E-3	470,72766937E-9	
13,70000000E-3	468,09045522E-9	
14,30000000E-3	469,19706591E-9	
14,90000000E-3	474,90097529E-9	
15,70000000E-3	476,74430216E-9	
16,30000000E-3	469,30073217E-9	
16,90000000E-3	467,13375994E-9	
17,50000000E-3	475,33551471E-9	
18,10000000E-3	486,58605597E-9	
18,60000000E-3	491,71512027E-9	
19,50000000E-3	486,33831775E-9	
20,10000000E-3	478,59491796E-9	
20,60000000E-3	471,88053407E-9	
21,20000000E-3	470,01826622E-9	
21,80000000E-3	476,91788263E-9	
22,40000000E-3	477,08060688E-9	
23,20000000E-3	468,93519498E-9	
23,80000000E-3	469,33897378E-9	
24,40000000E-3	475,59377357E-9	
24,90000000E-3	481,59452714E-9	
25,50000000E-3	482,99474261E-9	
26,10000000E-3	483,71578817E-9	
27,00000000E-3	487,84629162E-9	
27,60000000E-3	489,83394589E-9	
28,10000000E-3	484,88070421E-9	
28,60000000E-3	478,81836425E-9	
29,20000000E-3	476,53113672E-9	
29,80000000E-3	475,93987929E-9	
30,70000000E-3	478,87245532E-9	
31,30000000E-3	479,22952814E-9	
31,80000000E-3	476,31732207E-9	
32,40000000E-3	475,46233402E-9	
33,00000000E-3	482,00874290E-9	
33,60000000E-3	487,60658919E-9	
34,40000000E-3	488,53052962E-9	
35,00000000E-3	484,78498189E-9	
35,60000000E-3	479,77987644E-9	
36,20000000E-3	483,95821374E-9	
36,70000000E-3	491,03586550E-9	
37,30000000E-3	491,77389968E-9	
38,10000000E-3	491,68212792E-9	
38,70000000E-3	489,63991240E-9	
39,30000000E-3	487,00743813E-9	
39,80000000E-3	488,33978181E-9	
40,40000000E-3	489,62115478E-9	
41,00000000E-3	490,59058164E-9	
41,80000000E-3	494,44633513E-9	
42,40000000E-3	495,49859922E-9	
43,00000000E-3	495,49898452E-9	
43,50000000E-3	500,59665843E-9	
44,40000000E-3	503,65989041E-9	
45,00000000E-3	500,43520743E-9	
45,30000000E-3	497,34124605E-9	
45,90000000E-3	493,12215346E-9	
46,50000000E-3	488,24461434E-9	
47,30000000E-3	488,88102120E-9	
48,10000000E-3	490,17778258E-9	
48,40000000E-3	487,34234210E-9	
49,00000000E-3	487,06831259E-9	
49,60000000E-3	493,44915890E-9	
50,40000000E-3	494,84115915E-9	
50,90000000E-3	496,95988429E-9	
51,50000000E-3	501,96310524E-9	
52,10000000E-3	510,58329568E-9	
52,90000000E-3	511,30684090E-9	
53,40000000E-3	506,10754087E-9	
54,00000000E-3	503,57905248E-9	
54,50000000E-3	504,81222133E-9	
55,40000000E-3	505,69324872E-9	
56,00000000E-3	503,74828181E-9	
56,60000000E-3	506,29980493E-9	
57,10000000E-3	506,27965331E-9	
57,90000000E-3	505,81893589E-9	
58,50000000E-3	510,57510555E-9	
59,10000000E-3	516,92387310E-9	
59,30000000E-3	520,08140525E-9	
60,50000000E-3	521,53101225E-9	
60,80000000E-3	523,73455738E-9	
61,40000000E-3	524,46273681E-9	
62,10000000E-3	523,40176064E-9	
62,80000000E-3	523,66591850E-9	
63,30000000E-3	524,99579841E-9	
63,90000000E-3	519,31832240E-9	
64,50000000E-3	510,67438179E-9	
65,20000000E-3	508,53653567E-9	
65,80000000E-3	504,60760920E-9	
66,40000000E-3	506,09715172E-9	
67,20000000E-3	510,18995138E-9	
67,70000000E-3	514,34365631E-9	
68,30000000E-3	521,25182087E-9	
68,90000000E-3	524,44893880E-9	
69,60000000E-3	521,97428096E-9	
70,30000000E-3	518,85584309E-9	
70,90000000E-3	519,41871345E-9	
71,50000000E-3	522,31597677E-9	
72,00000000E-3	526,68673806E-9	
72,70000000E-3	531,39375639E-9	
73,40000000E-3	525,21686288E-9	
74,00000000E-3	520,40740711E-9	
74,50000000E-3	525,08515559E-9	
75,20000000E-3	528,71985413E-9	
75,60000000E-3	534,33115601E-9	
76,50000000E-3	535,85500329E-9	
77,00000000E-3	531,90519641E-9	
77,60000000E-3	529,12988875E-9	
78,20000000E-3	528,43421427E-9	
78,70000000E-3	531,43397882E-9	
79,40000000E-3	539,69254945E-9	
80,10000000E-3	543,43027885E-9	
80,60000000E-3	540,52402494E-9	
81,20000000E-3	543,65574970E-9	
81,90000000E-3	547,63059607E-9	
82,60000000E-3	550,61453408E-9	
83,10000000E-3	552,85355824E-9	
83,70000000E-3	550,90944151E-9	
84,40000000E-3	549,60126333E-9	
85,10000000E-3	547,28833006E-9	
85,60000000E-3	544,79870141E-9	
86,20000000E-3	546,53280464E-9	
86,90000000E-3	542,50923043E-9	
87,50000000E-3	538,31567679E-9	
88,40000000E-3	542,67574498E-9	
88,90000000E-3	548,31651329E-9	
89,40000000E-3	546,19557608E-9	
90,00000000E-3	538,88420857E-9	
90,70000000E-3	533,56417285E-9	
91,40000000E-3	528,58424873E-9	
92,00000000E-3	531,23101263E-9	
92,50000000E-3	534,20893098E-9	
93,20000000E-3	536,16249710E-9	
93,90000000E-3	542,93170113E-9	
94,50000000E-3	554,07059326E-9	
95,00000000E-3	569,08232816E-9	
95,70000000E-3	572,67941585E-9	
96,40000000E-3	563,86373044E-9	
96,90000000E-3	552,40894971E-9	
97,50000000E-3	551,96497812E-9	
98,20000000E-3	560,60831800E-9	
98,90000000E-3	567,88138289E-9	
99,40000000E-3	565,64245110E-9	
100,00000000E-3	562,41401276E-9	
100,50000000E-3	567,60646082E-9	
101,40000000E-3	574,35173967E-9	
101,70000000E-3	578,27133303E-9	
102,40000000E-3	581,39268910E-9	
103,30000000E-3	575,30812486E-9	
103,90000000E-3	568,71548055E-9	
104,40000000E-3	567,20847963E-9	
104,90000000E-3	568,99413734E-9	
105,50000000E-3	570,69244044E-9	
106,10000000E-3	570,71068876E-9	
106,60000000E-3	569,51555061E-9	
107,40000000E-3	568,30547720E-9	
108,00000000E-3	574,23201075E-9	
108,80000000E-3	585,16289763E-9	
109,30000000E-3	590,26946088E-9	
110,10000000E-3	582,09651154E-9	
110,30000000E-3	570,34885586E-9	
111,00000000E-3	572,86827829E-9	
111,70000000E-3	579,56896683E-9	
112,30000000E-3	582,86918352E-9	
112,80000000E-3	583,32554364E-9	
113,60000000E-3	582,16726246E-9	
114,20000000E-3	581,46905535E-9	
114,70000000E-3	582,15847435E-9	
115,30000000E-3	572,36640893E-9	
116,20000000E-3	566,94001918E-9	
116,60000000E-3	572,82461516E-9	
117,20000000E-3	574,83930053E-9	
117,90000000E-3	576,07259126E-9	
118,70000000E-3	582,31445899E-9	
119,20000000E-3	588,38934168E-9	
119,80000000E-3	586,33184424E-9	
120,40000000E-3	583,11707271E-9	
120,90000000E-3	585,51247293E-9	
121,50000000E-3	591,06441888E-9	
122,30000000E-3	594,19713624E-9	
122,90000000E-3	591,65027340E-9	
123,40000000E-3	587,93723308E-9	
124,00000000E-3	587,91501536E-9	
124,70000000E-3	591,25784164E-9	
125,50000000E-3	594,22090956E-9	
125,90000000E-3	599,20168729E-9	
126,50000000E-3	605,85837138E-9	
127,10000000E-3	610,78423585E-9	
127,80000000E-3	606,24281104E-9	
128,40000000E-3	597,71451798E-9	
128,90000000E-3	595,59840285E-9	
129,50000000E-3	598,84342447E-9	
130,30000000E-3	595,39518293E-9	
130,80000000E-3	592,49665725E-9	
131,70000000E-3	592,29448206E-9	
132,20000000E-3	592,84787159E-9	
132,80000000E-3	596,80016165E-9	
133,40000000E-3	606,09045311E-9	
134,00000000E-3	611,40184319E-9	
134,70000000E-3	611,16642824E-9	
135,30000000E-3	608,15415423E-9	
135,90000000E-3	606,55347343E-9	
136,10000000E-3	611,06420330E-9	
137,30000000E-3	613,62382443E-9	
137,60000000E-3	611,46549976E-9	
138,40000000E-3	610,84628178E-9	
138,90000000E-3	613,01979457E-9	
139,50000000E-3	611,73031292E-9	
140,10000000E-3	610,54654743E-9	
140,80000000E-3	615,73213121E-9	
141,40000000E-3	617,83527183E-9	
142,00000000E-3	616,44246456E-9	
142,60000000E-3	620,18955489E-9	
143,20000000E-3	625,91973030E-9	
143,90000000E-3	623,58634044E-9	
144,50000000E-3	622,21558361E-9	
145,00000000E-3	619,70242256E-9	
145,60000000E-3	614,37051157E-9	
146,40000000E-3	615,47066099E-9	
147,00000000E-3	621,77733393E-9	
147,30000000E-3	624,32003531E-9	
148,30000000E-3	624,31335239E-9	
148,80000000E-3	624,13880953E-9	
149,70000000E-3	624,05993316E-9	
150,20000000E-3	628,26025926E-9	
150,50000000E-3	631,75303293E-9	
151,30000000E-3	632,37070135E-9	
151,80000000E-3	636,06436798E-9	
152,70000000E-3	643,81587930E-9	
153,20000000E-3	654,55065514E-9	
153,80000000E-3	648,74750387E-9	
154,30000000E-3	638,08771406E-9	
155,10000000E-3	628,98980045E-9	
155,70000000E-3	628,30590405E-9	
156,20000000E-3	628,00050277E-9	
156,80000000E-3	621,09320798E-9	
157,60000000E-3	618,51152859E-9	
158,20000000E-3	622,06592595E-9	
158,70000000E-3	626,06559493E-9	
159,30000000E-3	632,50084133E-9	
160,00000000E-3	640,00886063E-9	
160,70000000E-3	642,02285544E-9	
161,20000000E-3	645,09681994E-9	
161,80000000E-3	646,22621588E-9	
162,60000000E-3	639,97744146E-9	
163,10000000E-3	638,89622273E-9	
163,70000000E-3	644,92941268E-9	
164,20000000E-3	648,39806474E-9	
165,10000000E-3	642,81978838E-9	
165,70000000E-3	636,20279910E-9	
166,20000000E-3	636,93936692E-9	
166,80000000E-3	640,99839432E-9	
167,60000000E-3	648,86562541E-9	
168,20000000E-3	657,61934842E-9	
168,70000000E-3	664,84721188E-9	
169,30000000E-3	670,56217609E-9	
170,10000000E-3	666,08199621E-9	
170,60000000E-3	659,69688615E-9	
171,20000000E-3	659,61139306E-9	
171,80000000E-3	659,71817544E-9	
172,50000000E-3	655,35173712E-9	
173,10000000E-3	650,52915391E-9	
173,70000000E-3	651,76761640E-9	
174,30000000E-3	651,00530930E-9	
175,00000000E-3	655,94427123E-9	
175,60000000E-3	668,90385645E-9	
176,20000000E-3	675,90183907E-9	
176,80000000E-3	674,86550632E-9	
177,40000000E-3	668,63792615E-9	
178,00000000E-3	660,19637445E-9	
178,50000000E-3	657,17542159E-9	
179,20000000E-3	658,77632649E-9	
179,70000000E-3	659,12125108E-9	
180,40000000E-3	661,18384023E-9	
181,20000000E-3	660,73915191E-9	
181,20000000E-3	659,16105763E-9	
182,30000000E-3	664,86843144E-9	
182,90000000E-3	671,93601335E-9	
183,50000000E-3	672,41286744E-9	
184,00000000E-3	666,98577351E-9	
184,90000000E-3	662,83405677E-9	
185,40000000E-3	667,97078017E-9	
186,00000000E-3	677,27893171E-9	
186,60000000E-3	680,10445447E-9	
187,20000000E-3	678,73603158E-9	
187,80000000E-3	676,13698255E-9	
188,60000000E-3	672,58436070E-9	
189,20000000E-3	672,94378173E-9	
189,80000000E-3	678,01063293E-9	
190,30000000E-3	679,55954276E-9	
190,80000000E-3	683,44093931E-9	
191,70000000E-3	686,35790271E-9	
192,30000000E-3	680,56258921E-9	
192,80000000E-3	678,50795382E-9	
193,50000000E-3	677,37704728E-9	
194,30000000E-3	677,35174628E-9	
194,30000000E-3	675,08536979E-9	
195,40000000E-3	680,69689896E-9	
195,60000000E-3	685,24655293E-9	
196,60000000E-3	680,86802076E-9	
197,10000000E-3	671,86722590E-9	
197,70000000E-3	676,34991455E-9	
198,30000000E-3	710,58350380E-9	
199,20000000E-3	742,64922272E-9	
199,70000000E-3	725,00328655E-9	
200,30000000E-3	698,30233947E-9	
