-200,00000000E-3	-48,34982157E-9	
-199,90000000E-3	-53,40373040E-9	
-199,80000000E-3	-41,23966509E-9	
-199,30000000E-3	-34,66188813E-9	
-198,80000000E-3	-34,63198337E-9	
-198,30000000E-3	-44,96744394E-9	
-198,00000000E-3	-55,96658052E-9	
-197,30000000E-3	-61,41967213E-9	
-196,50000000E-3	-60,80107330E-9	
-196,00000000E-3	-53,42435818E-9	
-195,30000000E-3	-48,94629742E-9	
-194,50000000E-3	-47,86618039E-9	
-193,70000000E-3	-52,25587448E-9	
-193,30000000E-3	-47,38151724E-9	
-192,40000000E-3	-45,02480385E-9	
-191,60000000E-3	-43,98545277E-9	
-191,00000000E-3	-36,77248130E-9	
-190,10000000E-3	-36,96985136E-9	
-189,30000000E-3	-38,80829339E-9	
-188,80000000E-3	-31,14748407E-9	
-187,90000000E-3	-29,20510036E-9	
-187,10000000E-3	-29,77404275E-9	
-186,60000000E-3	-29,71194449E-9	
-185,60000000E-3	-36,19710819E-9	
-184,80000000E-3	-35,31394321E-9	
-184,00000000E-3	-33,87271036E-9	
-183,40000000E-3	-32,47091511E-9	
-182,60000000E-3	-30,77699336E-9	
-181,80000000E-3	-29,11379654E-9	
-181,20000000E-3	-22,86973814E-9	
-180,30000000E-3	-16,39196264E-9	
-179,70000000E-3	-11,38480574E-9	
-178,80000000E-3	-8,36135137E-9	
-178,10000000E-3	-14,33036615E-9	
-177,20000000E-3	-21,70687539E-9	
-176,60000000E-3	-9,02862683E-9	
-175,70000000E-3	1,48639990E-9	
-175,00000000E-3	-7,72760396E-9	
-174,30000000E-3	-9,68658369E-9	
-173,50000000E-3	-3,85080801E-9	
-172,90000000E-3	-8,15476912E-9	
-172,00000000E-3	-12,02719626E-9	
-171,20000000E-3	-7,46766907E-9	
-170,40000000E-3	2,53599610E-9	
-169,70000000E-3	12,28905142E-9	
-169,00000000E-3	13,63142967E-9	
-168,30000000E-3	14,47651157E-9	
-167,40000000E-3	13,23303285E-9	
-166,60000000E-3	9,59942598E-9	
-165,90000000E-3	13,18542772E-9	
-165,20000000E-3	22,42009477E-9	
-164,30000000E-3	30,05404652E-9	
-163,60000000E-3	27,38511377E-9	
-162,90000000E-3	18,01886325E-9	
-162,20000000E-3	16,74393943E-9	
-161,40000000E-3	15,36628973E-9	
-160,60000000E-3	10,83480003E-9	
-159,80000000E-3	9,20244975E-9	
-159,00000000E-3	15,75990757E-9	
-158,40000000E-3	22,80010186E-9	
-157,60000000E-3	21,75205971E-9	
-156,90000000E-3	24,72426551E-9	
-156,00000000E-3	31,58341859E-9	
-155,50000000E-3	45,33128448E-9	
-154,60000000E-3	56,22465985E-9	
-153,70000000E-3	58,54492740E-9	
-153,00000000E-3	58,27707288E-9	
-152,30000000E-3	59,64783949E-9	
-151,50000000E-3	64,06240466E-9	
-150,60000000E-3	67,44359969E-9	
-150,10000000E-3	66,82321514E-9	
-149,20000000E-3	64,88780303E-9	
-148,40000000E-3	68,84053258E-9	
-147,50000000E-3	84,97248331E-9	
-147,00000000E-3	87,03153103E-9	
-146,00000000E-3	80,17136070E-9	
-145,50000000E-3	77,75004231E-9	
-144,60000000E-3	78,42585893E-9	
-143,80000000E-3	88,16392685E-9	
-143,20000000E-3	99,44513172E-9	
-142,30000000E-3	111,26861647E-9	
-141,50000000E-3	115,04687757E-9	
-140,90000000E-3	115,70019370E-9	
-140,00000000E-3	115,42099982E-9	
-139,10000000E-3	106,41420407E-9	
-138,30000000E-3	114,02461234E-9	
-137,80000000E-3	122,13053264E-9	
-136,90000000E-3	127,96082490E-9	
-136,00000000E-3	122,09174950E-9	
-135,40000000E-3	120,30604063E-9	
-134,60000000E-3	117,31671890E-9	
-134,00000000E-3	115,59897783E-9	
-133,20000000E-3	126,83391140E-9	
-132,30000000E-3	130,88110610E-9	
-131,50000000E-3	133,01068854E-9	
-130,90000000E-3	131,88202379E-9	
-130,00000000E-3	127,50849979E-9	
-129,10000000E-3	131,96421394E-9	
-128,60000000E-3	144,87546580E-9	
-127,70000000E-3	160,41796670E-9	
-127,00000000E-3	161,27941315E-9	
-126,30000000E-3	159,75258338E-9	
-125,40000000E-3	161,26997528E-9	
-124,60000000E-3	171,17020887E-9	
-124,00000000E-3	178,17997698E-9	
-123,30000000E-3	179,86146721E-9	
-122,50000000E-3	187,32691505E-9	
-121,70000000E-3	195,04033772E-9	
-120,80000000E-3	195,56398154E-9	
-120,20000000E-3	201,52476808E-9	
-119,30000000E-3	205,85542626E-9	
-118,50000000E-3	208,56751827E-9	
-118,00000000E-3	220,70468871E-9	
-117,10000000E-3	230,98877133E-9	
-116,20000000E-3	236,82410832E-9	
-115,40000000E-3	240,01828150E-9	
-114,80000000E-3	241,85982119E-9	
-113,90000000E-3	241,85040141E-9	
-113,00000000E-3	243,22363126E-9	
-112,20000000E-3	248,46518047E-9	
-111,60000000E-3	252,55620759E-9	
-110,70000000E-3	255,04864612E-9	
-110,00000000E-3	263,99823180E-9	
-109,30000000E-3	277,37706036E-9	
-108,50000000E-3	289,73189318E-9	
-107,60000000E-3	293,56675020E-9	
-107,00000000E-3	290,71116356E-9	
-106,30000000E-3	294,88117193E-9	
-105,60000000E-3	310,19502087E-9	
-104,70000000E-3	316,52009371E-9	
-104,10000000E-3	319,52043782E-9	
-103,30000000E-3	328,02565622E-9	
-102,40000000E-3	344,90493433E-9	
-101,90000000E-3	356,72167170E-9	
-100,90000000E-3	371,37204217E-9	
-100,10000000E-3	390,90082737E-9	
-99,30000000E-3	392,08959632E-9	
-98,70000000E-3	392,96830852E-9	
-97,80000000E-3	395,97485132E-9	
-96,90000000E-3	405,46798623E-9	
-96,40000000E-3	408,74242321E-9	
-95,40000000E-3	401,87212382E-9	
-95,00000000E-3	407,92443454E-9	
-94,10000000E-3	427,07796024E-9	
-93,20000000E-3	454,27390417E-9	
-92,30000000E-3	477,74051882E-9	
-91,70000000E-3	494,37181319E-9	
-90,90000000E-3	509,62222949E-9	
-90,00000000E-3	530,38627696E-9	
-89,10000000E-3	557,45014542E-9	
-88,50000000E-3	582,32202368E-9	
-87,70000000E-3	610,29413913E-9	
-87,00000000E-3	640,44911539E-9	
-86,30000000E-3	659,01417339E-9	
-85,40000000E-3	673,95358833E-9	
-84,60000000E-3	708,07746595E-9	
-84,00000000E-3	746,05759997E-9	
-83,30000000E-3	780,51110940E-9	
-82,60000000E-3	811,26173194E-9	
-81,70000000E-3	838,81924029E-9	
-80,90000000E-3	869,18311655E-9	
-80,20000000E-3	904,25324436E-9	
-79,50000000E-3	946,14294907E-9	
-78,90000000E-3	983,18873902E-9	
-78,00000000E-3	1,00663781E-6	
-77,10000000E-3	1,02568612E-6	
-76,30000000E-3	1,06259129E-6	
-75,70000000E-3	1,10097038E-6	
-74,80000000E-3	1,12071816E-6	
-74,20000000E-3	1,12237377E-6	
-73,40000000E-3	1,12223048E-6	
-72,80000000E-3	1,11597958E-6	
-72,00000000E-3	1,11280697E-6	
-71,00000000E-3	1,11062208E-6	
-70,20000000E-3	1,08848399E-6	
-69,60000000E-3	1,06317002E-6	
-68,80000000E-3	1,04010435E-6	
-67,90000000E-3	1,01201042E-6	
-67,00000000E-3	996,19916661E-9	
-66,50000000E-3	987,91372203E-9	
-65,60000000E-3	982,69191338E-9	
-64,70000000E-3	976,45153490E-9	
-64,10000000E-3	981,12345237E-9	
-63,30000000E-3	1,00763366E-6	
-62,70000000E-3	1,03865212E-6	
-61,90000000E-3	1,07222851E-6	
-61,00000000E-3	1,10145207E-6	
-60,10000000E-3	1,13654553E-6	
-59,50000000E-3	1,18300310E-6	
-58,60000000E-3	1,25949005E-6	
-57,80000000E-3	1,37672068E-6	
-57,20000000E-3	1,52768511E-6	
-56,40000000E-3	1,71454968E-6	
-55,70000000E-3	1,94613083E-6	
-54,90000000E-3	2,23467311E-6	
-54,10000000E-3	2,57361530E-6	
-53,50000000E-3	2,94981861E-6	
-52,70000000E-3	3,35583858E-6	
-51,80000000E-3	3,81037027E-6	
-51,20000000E-3	4,26380253E-6	
-50,50000000E-3	4,65103315E-6	
-49,70000000E-3	4,98821694E-6	
-48,90000000E-3	5,28788596E-6	
-48,10000000E-3	5,52295754E-6	
-47,40000000E-3	5,63274799E-6	
-46,60000000E-3	5,62479374E-6	
-46,00000000E-3	5,51811512E-6	
-45,20000000E-3	5,31453228E-6	
-44,30000000E-3	5,01982889E-6	
-43,70000000E-3	4,65220037E-6	
-42,90000000E-3	4,23827514E-6	
-42,00000000E-3	3,78390495E-6	
-41,40000000E-3	3,30669942E-6	
-40,50000000E-3	2,79070238E-6	
-39,70000000E-3	2,28953670E-6	
-39,20000000E-3	1,77222196E-6	
-38,20000000E-3	1,24979597E-6	
-37,40000000E-3	760,21957272E-9	
-36,60000000E-3	298,67670913E-9	
-36,00000000E-3	-159,51834814E-9	
-35,10000000E-3	-609,89336543E-9	
-34,60000000E-3	-1,04532117E-6	
-33,70000000E-3	-1,45658053E-6	
-32,80000000E-3	-1,85261150E-6	
-32,20000000E-3	-2,23972528E-6	
-31,30000000E-3	-2,62809537E-6	
-30,50000000E-3	-2,98738159E-6	
-29,70000000E-3	-3,28570898E-6	
-29,00000000E-3	-3,54797716E-6	
-28,20000000E-3	-3,73547897E-6	
-27,60000000E-3	-3,83062033E-6	
-26,80000000E-3	-3,84871672E-6	
-25,90000000E-3	-3,81511452E-6	
-25,30000000E-3	-3,73916372E-6	
-24,40000000E-3	-3,63623030E-6	
-23,70000000E-3	-3,51417547E-6	
-23,00000000E-3	-3,35006522E-6	
-22,10000000E-3	-3,17478938E-6	
-21,60000000E-3	-3,00540966E-6	
-20,70000000E-3	-2,85025316E-6	
-20,10000000E-3	-2,69724748E-6	
-19,20000000E-3	-2,53305763E-6	
-18,40000000E-3	-2,32996497E-6	
-17,60000000E-3	-2,14276640E-6	
-17,00000000E-3	-1,97942718E-6	
-16,10000000E-3	-1,84560125E-6	
-15,50000000E-3	-1,74781972E-6	
-14,70000000E-3	-1,67036558E-6	
-13,80000000E-3	-1,61859754E-6	
-13,30000000E-3	-1,60667217E-6	
-12,40000000E-3	-1,63365006E-6	
-11,50000000E-3	-1,68904083E-6	
-10,60000000E-3	-1,78541149E-6	
-10,00000000E-3	-1,91006070E-6	
-9,20000000E-3	-2,04962760E-6	
-8,30000000E-3	-2,19432411E-6	
-7,80000000E-3	-2,31940040E-6	
-6,90000000E-3	-2,41562640E-6	
-6,10000000E-3	-2,47423972E-6	
-5,20000000E-3	-2,50217788E-6	
-4,60000000E-3	-2,51871983E-6	
-3,90000000E-3	-2,53835996E-6	
-3,10000000E-3	-2,55870812E-6	
-2,30000000E-3	-2,57291049E-6	
-1,50000000E-3	-2,58079830E-6	
-700,00000000E-6	-2,58566112E-6	
100,00000000E-6	-2,58452533E-6	
700,00000000E-6	-2,57189754E-6	
1,50000000E-3	-2,56458498E-6	
2,50000000E-3	-2,57096312E-6	
3,10000000E-3	-2,56336640E-6	
3,90000000E-3	-2,54128646E-6	
4,80000000E-3	-2,50421457E-6	
5,60000000E-3	-2,44483289E-6	
6,20000000E-3	-2,37013425E-6	
7,10000000E-3	-2,30392951E-6	
7,60000000E-3	-2,21831109E-6	
8,60000000E-3	-2,11143881E-6	
9,40000000E-3	-2,00480477E-6	
10,00000000E-3	-1,92036056E-6	
10,90000000E-3	-1,85961041E-6	
11,70000000E-3	-1,81764226E-6	
12,30000000E-3	-1,77981358E-6	
13,10000000E-3	-1,74893747E-6	
14,00000000E-3	-1,73610879E-6	
14,90000000E-3	-1,76449419E-6	
15,50000000E-3	-1,82231419E-6	
16,30000000E-3	-1,91738385E-6	
17,20000000E-3	-2,04521019E-6	
17,80000000E-3	-2,19225815E-6	
18,60000000E-3	-2,35588857E-6	
19,20000000E-3	-2,53362885E-6	
20,00000000E-3	-2,70595181E-6	
20,90000000E-3	-2,86979002E-6	
21,50000000E-3	-3,02615728E-6	
22,20000000E-3	-3,17024269E-6	
22,90000000E-3	-3,30923323E-6	
23,80000000E-3	-3,44035761E-6	
24,40000000E-3	-3,56634817E-6	
25,20000000E-3	-3,65474579E-6	
26,10000000E-3	-3,69526013E-6	
26,70000000E-3	-3,70071303E-6	
27,50000000E-3	-3,66983336E-6	
28,30000000E-3	-3,58362755E-6	
28,90000000E-3	-3,43262250E-6	
29,90000000E-3	-3,22025680E-6	
30,50000000E-3	-2,95687614E-6	
31,30000000E-3	-2,64943008E-6	
32,20000000E-3	-2,31129601E-6	
33,00000000E-3	-1,93200563E-6	
33,60000000E-3	-1,50069019E-6	
34,50000000E-3	-1,05283298E-6	
35,30000000E-3	-609,96398141E-9	
36,20000000E-3	-171,62048172E-9	
36,80000000E-3	279,99364936E-9	
37,60000000E-3	751,05916898E-9	
38,20000000E-3	1,23019829E-6	
39,10000000E-3	1,70827775E-6	
39,70000000E-3	2,18585244E-6	
40,50000000E-3	2,67801113E-6	
41,40000000E-3	3,18598295E-6	
42,00000000E-3	3,68446254E-6	
42,80000000E-3	4,15449051E-6	
43,40000000E-3	4,61921840E-6	
44,40000000E-3	5,05560841E-6	
45,20000000E-3	5,45550448E-6	
45,80000000E-3	5,76374152E-6	
46,70000000E-3	6,00923103E-6	
47,50000000E-3	6,18733876E-6	
48,10000000E-3	6,28020856E-6	
48,90000000E-3	6,28275428E-6	
49,80000000E-3	6,19748869E-6	
50,40000000E-3	6,01887981E-6	
51,30000000E-3	5,72984831E-6	
52,10000000E-3	5,36519057E-6	
52,70000000E-3	4,94479706E-6	
53,60000000E-3	4,47284561E-6	
54,40000000E-3	4,00981949E-6	
55,00000000E-3	3,56721222E-6	
55,70000000E-3	3,14924811E-6	
56,40000000E-3	2,77374761E-6	
57,30000000E-3	2,44695857E-6	
58,00000000E-3	2,16733763E-6	
58,70000000E-3	1,91353029E-6	
59,60000000E-3	1,70100456E-6	
60,10000000E-3	1,53700050E-6	
61,10000000E-3	1,40775491E-6	
61,90000000E-3	1,30376732E-6	
62,50000000E-3	1,23858531E-6	
63,30000000E-3	1,21050718E-6	
64,20000000E-3	1,18337059E-6	
64,80000000E-3	1,15463969E-6	
65,70000000E-3	1,13706646E-6	
66,50000000E-3	1,12995755E-6	
67,10000000E-3	1,13336417E-6	
67,90000000E-3	1,14216982E-6	
68,90000000E-3	1,16805798E-6	
69,40000000E-3	1,19363048E-6	
70,20000000E-3	1,20661636E-6	
71,10000000E-3	1,21809009E-6	
71,70000000E-3	1,23715704E-6	
72,60000000E-3	1,26056506E-6	
73,40000000E-3	1,26987950E-6	
74,00000000E-3	1,25964798E-6	
74,90000000E-3	1,24736478E-6	
75,70000000E-3	1,24033228E-6	
76,30000000E-3	1,23080003E-6	
77,10000000E-3	1,20985296E-6	
78,10000000E-3	1,18650555E-6	
78,90000000E-3	1,16365667E-6	
79,60000000E-3	1,13383493E-6	
80,40000000E-3	1,10489756E-6	
81,00000000E-3	1,08003820E-6	
81,70000000E-3	1,06134014E-6	
82,50000000E-3	1,03789245E-6	
83,40000000E-3	1,01050215E-6	
84,30000000E-3	987,15395809E-9	
84,80000000E-3	964,93026602E-9	
85,20000000E-3	940,41268826E-9	
86,40000000E-3	920,56104321E-9	
87,30000000E-3	889,39147838E-9	
88,20000000E-3	853,13461497E-9	
88,80000000E-3	814,74805109E-9	
89,40000000E-3	779,84961668E-9	
90,00000000E-3	755,82250030E-9	
90,90000000E-3	740,67159857E-9	
91,90000000E-3	717,20563833E-9	
92,70000000E-3	685,17324563E-9	
93,30000000E-3	658,60028450E-9	
94,10000000E-3	635,24483825E-9	
94,90000000E-3	618,54096120E-9	
95,20000000E-3	608,95089457E-9	
96,40000000E-3	597,07058858E-9	
97,40000000E-3	591,94269354E-9	
97,90000000E-3	579,63794976E-9	
98,80000000E-3	568,79753209E-9	
99,50000000E-3	561,88526565E-9	
100,10000000E-3	550,67208825E-9	
101,00000000E-3	544,75509939E-9	
101,90000000E-3	548,82261002E-9	
102,80000000E-3	550,52785142E-9	
103,40000000E-3	548,94652816E-9	
104,20000000E-3	545,56471834E-9	
104,90000000E-3	543,43562874E-9	
105,80000000E-3	539,64932937E-9	
106,40000000E-3	531,07288524E-9	
107,30000000E-3	526,11177622E-9	
107,90000000E-3	526,85669598E-9	
108,60000000E-3	528,55674993E-9	
109,40000000E-3	521,75685529E-9	
110,30000000E-3	520,61356170E-9	
111,00000000E-3	530,26241343E-9	
111,90000000E-3	535,03900651E-9	
112,50000000E-3	534,11573468E-9	
113,40000000E-3	527,62006511E-9	
114,30000000E-3	520,93270106E-9	
114,90000000E-3	518,60025798E-9	
115,60000000E-3	524,91145978E-9	
116,40000000E-3	523,88783166E-9	
117,30000000E-3	521,65932080E-9	
117,60000000E-3	513,25430910E-9	
118,80000000E-3	516,10244717E-9	
119,40000000E-3	519,40480087E-9	
120,20000000E-3	516,38880167E-9	
121,10000000E-3	507,52624803E-9	
121,70000000E-3	502,20979227E-9	
122,60000000E-3	501,02822907E-9	
123,30000000E-3	499,31642579E-9	
124,10000000E-3	502,90435238E-9	
124,70000000E-3	501,57665308E-9	
125,60000000E-3	502,26074968E-9	
126,50000000E-3	507,80136417E-9	
127,00000000E-3	506,88590387E-9	
127,90000000E-3	504,31246104E-9	
128,70000000E-3	498,12859906E-9	
129,50000000E-3	494,55402913E-9	
130,00000000E-3	496,50859314E-9	
130,70000000E-3	503,33989113E-9	
131,60000000E-3	504,48064315E-9	
132,50000000E-3	507,18911102E-9	
133,30000000E-3	498,88529569E-9	
134,00000000E-3	484,13679916E-9	
134,60000000E-3	474,25187184E-9	
135,50000000E-3	473,51591258E-9	
136,10000000E-3	477,46017430E-9	
137,00000000E-3	478,25497716E-9	
137,90000000E-3	474,78758176E-9	
138,50000000E-3	467,41496811E-9	
139,30000000E-3	465,01926044E-9	
140,10000000E-3	468,08684411E-9	
140,60000000E-3	469,28655651E-9	
141,50000000E-3	458,73729712E-9	
142,50000000E-3	460,89991814E-9	
143,10000000E-3	460,91177958E-9	
144,00000000E-3	454,59274590E-9	
144,60000000E-3	460,69119508E-9	
145,20000000E-3	467,00652114E-9	
146,00000000E-3	469,59537977E-9	
146,70000000E-3	483,37516968E-9	
147,70000000E-3	485,57984925E-9	
148,60000000E-3	476,76913360E-9	
149,20000000E-3	473,37402333E-9	
149,80000000E-3	475,63094264E-9	
150,60000000E-3	486,14651501E-9	
151,30000000E-3	491,84901952E-9	
152,20000000E-3	486,77299620E-9	
153,10000000E-3	481,08453805E-9	
153,70000000E-3	479,42546628E-9	
154,40000000E-3	476,32335630E-9	
155,30000000E-3	475,00701228E-9	
156,20000000E-3	477,15324121E-9	
156,80000000E-3	480,21798495E-9	
157,40000000E-3	477,35378648E-9	
158,00000000E-3	478,98382194E-9	
158,90000000E-3	482,98731207E-9	
159,90000000E-3	474,48906702E-9	
160,40000000E-3	470,48367458E-9	
161,50000000E-3	467,84355021E-9	
162,00000000E-3	471,07332949E-9	
162,90000000E-3	476,19611800E-9	
163,60000000E-3	477,18238544E-9	
164,50000000E-3	469,83467656E-9	
165,20000000E-3	461,70018082E-9	
166,10000000E-3	457,17877578E-9	
166,60000000E-3	463,85370651E-9	
167,60000000E-3	457,27918254E-9	
168,20000000E-3	460,92962631E-9	
168,80000000E-3	469,64813482E-9	
169,80000000E-3	464,21124852E-9	
170,40000000E-3	468,14564325E-9	
171,30000000E-3	471,95095839E-9	
172,00000000E-3	461,88466845E-9	
172,50000000E-3	460,22961768E-9	
173,50000000E-3	462,51107259E-9	
174,50000000E-3	471,86768583E-9	
175,00000000E-3	471,85025589E-9	
175,70000000E-3	473,24994016E-9	
176,60000000E-3	478,35847272E-9	
177,30000000E-3	466,93784634E-9	
178,10000000E-3	452,36009185E-9	
178,90000000E-3	448,62892559E-9	
179,60000000E-3	447,27085531E-9	
180,30000000E-3	449,80422857E-9	
181,20000000E-3	448,03491018E-9	
181,80000000E-3	447,61672649E-9	
182,70000000E-3	453,35701286E-9	
183,60000000E-3	457,40732826E-9	
184,20000000E-3	458,70100518E-9	
184,50000000E-3	454,76849434E-9	
185,60000000E-3	446,81940333E-9	
186,60000000E-3	439,89647445E-9	
187,20000000E-3	444,15291792E-9	
188,10000000E-3	454,02605700E-9	
188,90000000E-3	454,26340014E-9	
189,50000000E-3	446,93083239E-9	
190,20000000E-3	448,32178235E-9	
191,10000000E-3	449,35785125E-9	
191,70000000E-3	441,77016855E-9	
192,70000000E-3	436,97318063E-9	
193,30000000E-3	438,14743854E-9	
193,90000000E-3	449,90687526E-9	
194,80000000E-3	450,91144642E-9	
195,70000000E-3	437,89649759E-9	
196,60000000E-3	435,12968523E-9	
197,20000000E-3	438,49991354E-9	
197,90000000E-3	441,33840410E-9	
198,40000000E-3	436,90714810E-9	
199,50000000E-3	443,06373202E-9	
200,20000000E-3	453,36896453E-9	
