-200,00000000E-3	310,10289839E-9	
-200,00000000E-3	313,38233916E-9	
-200,00000000E-3	312,66349459E-9	
-199,90000000E-3	311,32862906E-9	
-199,80000000E-3	310,58628737E-9	
-199,50000000E-3	311,01888994E-9	
-199,30000000E-3	310,98777182E-9	
-199,30000000E-3	311,58343217E-9	
-198,90000000E-3	312,59478746E-9	
-198,70000000E-3	312,46636742E-9	
-198,20000000E-3	311,93246200E-9	
-197,90000000E-3	309,81414684E-9	
-197,70000000E-3	307,01759300E-9	
-197,20000000E-3	303,89781471E-9	
-197,00000000E-3	299,46243269E-9	
-196,50000000E-3	297,05187569E-9	
-196,20000000E-3	299,31161266E-9	
-195,80000000E-3	302,32301435E-9	
-195,50000000E-3	304,74180303E-9	
-195,00000000E-3	305,43482690E-9	
-194,40000000E-3	302,94891422E-9	
-194,20000000E-3	299,47784242E-9	
-193,70000000E-3	296,04213665E-9	
-193,50000000E-3	293,20771653E-9	
-193,10000000E-3	293,16295569E-9	
-192,60000000E-3	295,26106960E-9	
-192,10000000E-3	296,11453279E-9	
-191,50000000E-3	295,35754614E-9	
-191,20000000E-3	294,44931812E-9	
-190,80000000E-3	293,98881562E-9	
-190,40000000E-3	293,81361884E-9	
-190,10000000E-3	295,38261812E-9	
-189,60000000E-3	298,80526708E-9	
-189,00000000E-3	300,73122352E-9	
-188,50000000E-3	300,46250551E-9	
-188,10000000E-3	300,69093473E-9	
-187,90000000E-3	301,04646029E-9	
-187,30000000E-3	299,90169433E-9	
-187,10000000E-3	298,80750588E-9	
-186,50000000E-3	300,60228697E-9	
-186,20000000E-3	304,15284960E-9	
-185,60000000E-3	307,88444393E-9	
-185,10000000E-3	311,55520165E-9	
-184,80000000E-3	311,05656122E-9	
-184,20000000E-3	306,61477303E-9	
-183,90000000E-3	303,99326738E-9	
-183,40000000E-3	304,19915690E-9	
-183,00000000E-3	306,88926052E-9	
-182,50000000E-3	308,71569248E-9	
-181,90000000E-3	309,25523827E-9	
-181,60000000E-3	309,54695032E-9	
-181,10000000E-3	310,52119376E-9	
-180,80000000E-3	312,29017843E-9	
-180,20000000E-3	310,90813400E-9	
-179,90000000E-3	310,02611326E-9	
-179,70000000E-3	313,88442828E-9	
-179,10000000E-3	316,36318068E-9	
-178,50000000E-3	316,53548072E-9	
-178,00000000E-3	316,10595377E-9	
-177,70000000E-3	315,61683505E-9	
-177,30000000E-3	316,57767439E-9	
-176,80000000E-3	317,85749047E-9	
-176,50000000E-3	317,93693911E-9	
-175,90000000E-3	316,79034406E-9	
-175,30000000E-3	316,09546657E-9	
-174,90000000E-3	316,76173838E-9	
-174,50000000E-3	318,64770787E-9	
-174,30000000E-3	319,55876658E-9	
-173,70000000E-3	316,81321806E-9	
-173,40000000E-3	312,67306282E-9	
-172,80000000E-3	307,79364552E-9	
-172,50000000E-3	303,53840398E-9	
-171,90000000E-3	301,63047043E-9	
-171,40000000E-3	302,97330556E-9	
-171,10000000E-3	306,12256193E-9	
-170,50000000E-3	308,32300533E-9	
-170,30000000E-3	311,25153785E-9	
-169,70000000E-3	314,99712699E-9	
-169,10000000E-3	320,55048144E-9	
-168,80000000E-3	324,40984640E-9	
-168,30000000E-3	320,31888145E-9	
-167,90000000E-3	312,86897485E-9	
-167,30000000E-3	310,90729354E-9	
-167,10000000E-3	314,79412758E-9	
-166,50000000E-3	319,97467111E-9	
-166,20000000E-3	324,56879123E-9	
-165,70000000E-3	325,28397340E-9	
-165,10000000E-3	322,92167582E-9	
-164,80000000E-3	321,43780710E-9	
-164,40000000E-3	320,65258482E-9	
-164,00000000E-3	316,69941467E-9	
-163,60000000E-3	312,32179958E-9	
-163,10000000E-3	313,70865113E-9	
-162,80000000E-3	318,10051883E-9	
-162,10000000E-3	323,28316603E-9	
-161,60000000E-3	326,48082226E-9	
-161,40000000E-3	324,77630041E-9	
-160,80000000E-3	320,06974748E-9	
-160,60000000E-3	314,46708088E-9	
-159,90000000E-3	311,51726242E-9	
-159,40000000E-3	312,97879975E-9	
-159,00000000E-3	316,76878951E-9	
-158,60000000E-3	321,46708631E-9	
-158,30000000E-3	323,41566405E-9	
-157,70000000E-3	322,39791723E-9	
-157,40000000E-3	320,40768758E-9	
-156,80000000E-3	319,78626134E-9	
-156,50000000E-3	320,49720847E-9	
-156,00000000E-3	319,54846273E-9	
-155,70000000E-3	317,36875230E-9	
-155,30000000E-3	317,13960111E-9	
-154,60000000E-3	318,38282584E-9	
-154,20000000E-3	320,22453387E-9	
-153,60000000E-3	325,34212684E-9	
-153,40000000E-3	332,16055302E-9	
-153,10000000E-3	335,53017076E-9	
-152,50000000E-3	332,40573281E-9	
-152,30000000E-3	327,03740680E-9	
-151,70000000E-3	324,75870899E-9	
-151,40000000E-3	327,03028037E-9	
-150,70000000E-3	331,94495736E-9	
-150,30000000E-3	335,91704148E-9	
-150,00000000E-3	335,24539128E-9	
-149,40000000E-3	331,93914619E-9	
-149,10000000E-3	330,38634798E-9	
-148,50000000E-3	328,08204850E-9	
-148,20000000E-3	323,49695311E-9	
-147,70000000E-3	320,39690008E-9	
-147,30000000E-3	322,40245787E-9	
-147,10000000E-3	328,31112871E-9	
-146,50000000E-3	331,70273269E-9	
-145,90000000E-3	331,21850263E-9	
-145,40000000E-3	329,13564865E-9	
-145,10000000E-3	326,21376121E-9	
-144,70000000E-3	323,22661382E-9	
-144,30000000E-3	321,44270211E-9	
-143,90000000E-3	321,48613895E-9	
-143,40000000E-3	325,15666724E-9	
-143,10000000E-3	329,96789135E-9	
-142,40000000E-3	333,14150523E-9	
-141,90000000E-3	332,13204174E-9	
-141,70000000E-3	329,89753018E-9	
-141,10000000E-3	328,70697777E-9	
-140,80000000E-3	328,15169213E-9	
-140,30000000E-3	329,05332648E-9	
-140,00000000E-3	333,38777590E-9	
-139,40000000E-3	340,20072699E-9	
-138,80000000E-3	344,10076742E-9	
-138,60000000E-3	342,64517966E-9	
-138,00000000E-3	333,14075163E-9	
-137,70000000E-3	322,12810006E-9	
-137,20000000E-3	320,34395360E-9	
-136,80000000E-3	323,40110170E-9	
-136,40000000E-3	325,13875505E-9	
-136,00000000E-3	326,10708935E-9	
-135,40000000E-3	327,52093267E-9	
-134,80000000E-3	330,91256296E-9	
-134,60000000E-3	336,54652019E-9	
-134,00000000E-3	341,27649756E-9	
-133,70000000E-3	341,74038755E-9	
-133,30000000E-3	339,72798925E-9	
-132,60000000E-3	337,38561278E-9	
-132,60000000E-3	335,58917949E-9	
-131,80000000E-3	334,91100543E-9	
-131,40000000E-3	334,11515808E-9	
-131,00000000E-3	332,48591511E-9	
-130,60000000E-3	331,14709404E-9	
-130,30000000E-3	330,98755407E-9	
-129,40000000E-3	330,15230094E-9	
-129,10000000E-3	328,38698626E-9	
-128,90000000E-3	327,10293538E-9	
-128,30000000E-3	326,81507215E-9	
-128,10000000E-3	328,93024680E-9	
-127,50000000E-3	332,72322926E-9	
-127,20000000E-3	334,61266038E-9	
-126,60000000E-3	334,16129033E-9	
-126,30000000E-3	332,42112707E-9	
-125,70000000E-3	328,95123783E-9	
-125,50000000E-3	325,49083633E-9	
-124,90000000E-3	324,04468676E-9	
-124,60000000E-3	326,65181216E-9	
-124,10000000E-3	332,87081756E-9	
-123,50000000E-3	336,03498651E-9	
-123,10000000E-3	334,92215462E-9	
-122,90000000E-3	333,59290277E-9	
-122,40000000E-3	332,62766984E-9	
-122,00000000E-3	331,28320227E-9	
-121,20000000E-3	330,70439626E-9	
-120,90000000E-3	331,27973576E-9	
-120,50000000E-3	331,65274757E-9	
-120,00000000E-3	331,30257462E-9	
-119,70000000E-3	330,71043424E-9	
-119,20000000E-3	329,50344585E-9	
-118,90000000E-3	325,76720496E-9	
-118,30000000E-3	322,14465152E-9	
-117,80000000E-3	320,04857225E-9	
-117,40000000E-3	320,34435364E-9	
-117,00000000E-3	323,03953972E-9	
-116,60000000E-3	325,38604627E-9	
-116,00000000E-3	327,75686977E-9	
-115,80000000E-3	328,79517112E-9	
-115,20000000E-3	328,31330375E-9	
-114,60000000E-3	330,57432197E-9	
-114,30000000E-3	333,00063157E-9	
-113,80000000E-3	329,43719017E-9	
-113,50000000E-3	324,41231500E-9	
-113,00000000E-3	322,08556414E-9	
-112,60000000E-3	320,49129393E-9	
-112,00000000E-3	317,52303711E-9	
-111,40000000E-3	314,19488735E-9	
-111,20000000E-3	312,16831983E-9	
-110,70000000E-3	312,65641007E-9	
-110,40000000E-3	314,08773750E-9	
-109,80000000E-3	314,30499391E-9	
-109,50000000E-3	314,62436096E-9	
-109,00000000E-3	315,52836072E-9	
-108,60000000E-3	316,71242777E-9	
-108,10000000E-3	317,50807741E-9	
-107,50000000E-3	316,21544763E-9	
-107,20000000E-3	314,37993768E-9	
-106,90000000E-3	315,40969769E-9	
-106,30000000E-3	318,98451352E-9	
-106,10000000E-3	323,22485736E-9	
-105,50000000E-3	325,91224241E-9	
-104,90000000E-3	324,67014697E-9	
-104,70000000E-3	321,20214573E-9	
-104,10000000E-3	318,32205042E-9	
-103,80000000E-3	318,89197309E-9	
-103,20000000E-3	319,45044200E-9	
-102,90000000E-3	318,30677970E-9	
-102,30000000E-3	318,37401141E-9	
-101,80000000E-3	317,86901751E-9	
-101,50000000E-3	315,72589434E-9	
-101,00000000E-3	310,44608692E-9	
-100,70000000E-3	304,91878948E-9	
-100,10000000E-3	302,84851313E-9	
-99,80000000E-3	304,43636871E-9	
-99,30000000E-3	309,51072723E-9	
-99,00000000E-3	315,37792461E-9	
-98,40000000E-3	318,60905477E-9	
-98,10000000E-3	315,10989797E-9	
-97,50000000E-3	309,34390074E-9	
-96,90000000E-3	302,91476053E-9	
-96,70000000E-3	296,65345334E-9	
-96,10000000E-3	294,17819485E-9	
-95,80000000E-3	293,66990310E-9	
-95,40000000E-3	292,84079463E-9	
-95,00000000E-3	295,36580619E-9	
-94,70000000E-3	300,47840180E-9	
-93,90000000E-3	303,71029565E-9	
-93,50000000E-3	304,33195887E-9	
-93,20000000E-3	302,81221600E-9	
-92,70000000E-3	301,11107837E-9	
-92,40000000E-3	298,30980215E-9	
-91,80000000E-3	292,46611372E-9	
-91,60000000E-3	288,41988389E-9	
-91,00000000E-3	288,84430996E-9	
-90,40000000E-3	287,66810608E-9	
-90,10000000E-3	283,52328052E-9	
-89,60000000E-3	281,70234709E-9	
-89,30000000E-3	281,21681615E-9	
-88,80000000E-3	278,43698711E-9	
-88,40000000E-3	274,15946444E-9	
-87,80000000E-3	271,00223454E-9	
-87,60000000E-3	270,08494637E-9	
-87,00000000E-3	272,71673842E-9	
-86,40000000E-3	276,08052547E-9	
-86,20000000E-3	277,30412203E-9	
-85,60000000E-3	277,12893037E-9	
-85,30000000E-3	272,83899998E-9	
-84,80000000E-3	265,37664620E-9	
-84,40000000E-3	259,09906947E-9	
-83,80000000E-3	257,64190123E-9	
-83,30000000E-3	260,33647451E-9	
-83,10000000E-3	262,24232163E-9	
-82,50000000E-3	261,31949523E-9	
-82,10000000E-3	259,08755160E-9	
-81,90000000E-3	258,03370624E-9	
-81,00000000E-3	259,62581651E-9	
-80,70000000E-3	261,20372447E-9	
-80,40000000E-3	260,66699660E-9	
-79,90000000E-3	257,39274028E-9	
-79,60000000E-3	251,63155857E-9	
-79,00000000E-3	246,56817898E-9	
-78,70000000E-3	244,21675985E-9	
-78,10000000E-3	244,11111618E-9	
-77,90000000E-3	244,09620615E-9	
-77,30000000E-3	244,31249884E-9	
-77,10000000E-3	244,16860075E-9	
-76,50000000E-3	240,52378723E-9	
-75,90000000E-3	234,79778731E-9	
-75,60000000E-3	230,30101062E-9	
-75,00000000E-3	227,86670092E-9	
-74,70000000E-3	223,55868437E-9	
-74,20000000E-3	217,10701884E-9	
-73,90000000E-3	211,28920833E-9	
-73,50000000E-3	209,05958749E-9	
-73,00000000E-3	210,07419674E-9	
-72,40000000E-3	211,87822931E-9	
-72,00000000E-3	211,70439012E-9	
-71,50000000E-3	208,76017481E-9	
-71,20000000E-3	200,27861457E-9	
-70,80000000E-3	188,27949574E-9	
-70,20000000E-3	179,37614863E-9	
-69,60000000E-3	174,75241883E-9	
-69,30000000E-3	173,99800671E-9	
-69,00000000E-3	176,54514686E-9	
-68,40000000E-3	178,19800460E-9	
-68,20000000E-3	177,20844316E-9	
-67,60000000E-3	172,88388914E-9	
-67,30000000E-3	165,80829605E-9	
-66,80000000E-3	159,23698003E-9	
-66,40000000E-3	152,86999529E-9	
-65,90000000E-3	147,72825171E-9	
-65,40000000E-3	143,77038681E-9	
-65,00000000E-3	137,79172252E-9	
-64,40000000E-3	130,20630053E-9	
-64,20000000E-3	122,71257562E-9	
-63,60000000E-3	116,40804246E-9	
-63,00000000E-3	113,02477662E-9	
-62,70000000E-3	111,23953069E-9	
-62,20000000E-3	109,04158395E-9	
-61,90000000E-3	107,45868748E-9	
-61,30000000E-3	104,24466842E-9	
-61,00000000E-3	98,18050390E-9	
-60,60000000E-3	91,14503249E-9	
-60,20000000E-3	85,22449513E-9	
-59,90000000E-3	80,84789872E-9	
-59,30000000E-3	77,35275852E-9	
-59,10000000E-3	75,17276366E-9	
-58,50000000E-3	73,68939273E-9	
-57,90000000E-3	71,14283651E-9	
-57,60000000E-3	67,69633346E-9	
-57,00000000E-3	63,00840958E-9	
-56,70000000E-3	54,48283741E-9	
-56,10000000E-3	44,49436850E-9	
-55,90000000E-3	37,35201117E-9	
-55,30000000E-3	32,60511153E-9	
-54,70000000E-3	26,45941142E-9	
-54,50000000E-3	20,03007364E-9	
-53,90000000E-3	10,83727070E-9	
-53,60000000E-3	1,61107416E-9	
-53,10000000E-3	-7,00615585E-9	
-52,70000000E-3	-16,03237248E-9	
-52,10000000E-3	-23,86939454E-9	
-51,60000000E-3	-31,17298109E-9	
-51,10000000E-3	-38,16412151E-9	
-50,80000000E-3	-46,05649773E-9	
-49,90000000E-3	-49,51578263E-9	
-49,30000000E-3	-56,11357377E-9	
-48,80000000E-3	-72,93613220E-9	
-48,20000000E-3	-88,37525393E-9	
-47,60000000E-3	-98,44385404E-9	
-47,00000000E-3	-106,67233589E-9	
-46,50000000E-3	-115,50435346E-9	
-45,90000000E-3	-123,33167253E-9	
-45,40000000E-3	-132,09536902E-9	
-44,80000000E-3	-142,50312179E-9	
-43,90000000E-3	-155,77813615E-9	
-43,40000000E-3	-169,39072036E-9	
-42,80000000E-3	-188,49685851E-9	
-42,20000000E-3	-203,59048230E-9	
-41,60000000E-3	-213,98303702E-9	
-41,00000000E-3	-222,13250858E-9	
-40,20000000E-3	-231,64628476E-9	
-39,60000000E-3	-242,19002013E-9	
-39,00000000E-3	-251,62780477E-9	
-38,50000000E-3	-257,68073434E-9	
-37,90000000E-3	-269,18652633E-9	
-37,10000000E-3	-283,10403054E-9	
-36,50000000E-3	-291,67177653E-9	
-35,90000000E-3	-297,96965672E-9	
-35,30000000E-3	-310,17218854E-9	
-34,80000000E-3	-325,32170560E-9	
-34,10000000E-3	-338,65176314E-9	
-33,30000000E-3	-353,90474270E-9	
-32,80000000E-3	-368,19041660E-9	
-32,20000000E-3	-384,50200315E-9	
-31,70000000E-3	-394,22719884E-9	
-31,10000000E-3	-396,79418028E-9	
-30,20000000E-3	-402,22070493E-9	
-29,60000000E-3	-411,86804699E-9	
-29,10000000E-3	-421,86867937E-9	
-28,50000000E-3	-432,29944534E-9	
-27,90000000E-3	-442,38051386E-9	
-27,40000000E-3	-451,19378687E-9	
-26,50000000E-3	-461,32855250E-9	
-25,90000000E-3	-468,81525599E-9	
-25,40000000E-3	-479,23308052E-9	
-24,80000000E-3	-495,18612498E-9	
-24,20000000E-3	-507,85952329E-9	
-23,50000000E-3	-516,62084892E-9	
-22,80000000E-3	-518,78816377E-9	
-22,20000000E-3	-520,00193788E-9	
-21,60000000E-3	-524,66094957E-9	
-21,00000000E-3	-535,32527919E-9	
-20,50000000E-3	-543,70910768E-9	
-19,60000000E-3	-549,71855391E-9	
-19,10000000E-3	-553,12233212E-9	
-18,50000000E-3	-558,27992513E-9	
-18,00000000E-3	-564,80906188E-9	
-17,40000000E-3	-564,14586316E-9	
-16,80000000E-3	-559,47996506E-9	
-16,00000000E-3	-560,70001049E-9	
-15,40000000E-3	-564,73213301E-9	
-14,80000000E-3	-571,96716193E-9	
-14,20000000E-3	-582,51955772E-9	
-13,60000000E-3	-590,39261287E-9	
-13,00000000E-3	-594,57331030E-9	
-12,20000000E-3	-598,27484010E-9	
-11,70000000E-3	-601,59778797E-9	
-11,10000000E-3	-605,69868709E-9	
-10,50000000E-3	-614,78939658E-9	
-9,90000000E-3	-619,08884340E-9	
-9,10000000E-3	-620,56973195E-9	
-8,50000000E-3	-622,63773886E-9	
-7,90000000E-3	-620,96556190E-9	
-7,40000000E-3	-619,93669340E-9	
-6,90000000E-3	-621,74504543E-9	
-6,30000000E-3	-622,22109670E-9	
-5,70000000E-3	-624,57784330E-9	
-5,10000000E-3	-631,12045178E-9	
-4,20000000E-3	-632,12996675E-9	
-3,70000000E-3	-626,72350221E-9	
-3,10000000E-3	-626,68106358E-9	
-2,20000000E-3	-632,43598148E-9	
-1,50000000E-3	-636,55638644E-9	
-1,20000000E-3	-638,44152293E-9	
-700,00000000E-6	-632,29981573E-9	
-100,00000000E-6	-628,52609664E-9	
800,00000000E-6	-631,81387240E-9	
1,40000000E-3	-634,88188800E-9	
2,00000000E-3	-636,56571345E-9	
2,50000000E-3	-636,57605994E-9	
3,10000000E-3	-632,95919042E-9	
3,70000000E-3	-629,26940787E-9	
4,60000000E-3	-629,15643109E-9	
5,20000000E-3	-625,66749422E-9	
5,70000000E-3	-624,58338243E-9	
6,30000000E-3	-627,30333698E-9	
6,90000000E-3	-630,77525251E-9	
7,60000000E-3	-630,63423767E-9	
8,30000000E-3	-628,65819032E-9	
8,80000000E-3	-622,29221484E-9	
9,40000000E-3	-615,87676403E-9	
10,00000000E-3	-614,83870474E-9	
10,60000000E-3	-615,04288808E-9	
11,40000000E-3	-617,18143354E-9	
12,00000000E-3	-617,77424253E-9	
12,60000000E-3	-614,20261844E-9	
13,10000000E-3	-610,13487412E-9	
13,70000000E-3	-605,26672106E-9	
14,40000000E-3	-600,11277454E-9	
15,10000000E-3	-590,48162646E-9	
15,70000000E-3	-582,75217438E-9	
16,30000000E-3	-580,53478406E-9	
16,80000000E-3	-575,09229198E-9	
17,40000000E-3	-569,35799582E-9	
18,20000000E-3	-564,01891164E-9	
18,80000000E-3	-562,22157121E-9	
19,40000000E-3	-560,28491965E-9	
20,00000000E-3	-557,48518099E-9	
20,60000000E-3	-555,67940752E-9	
21,40000000E-3	-550,36475393E-9	
21,90000000E-3	-540,19005617E-9	
22,50000000E-3	-530,27058406E-9	
23,20000000E-3	-522,72305861E-9	
23,90000000E-3	-518,33717334E-9	
24,50000000E-3	-514,61552681E-9	
25,10000000E-3	-506,78871258E-9	
25,40000000E-3	-501,23686816E-9	
26,20000000E-3	-493,23796545E-9	
26,80000000E-3	-481,05910531E-9	
27,40000000E-3	-470,75232793E-9	
27,90000000E-3	-461,12020024E-9	
28,80000000E-3	-448,03083464E-9	
29,40000000E-3	-437,97791130E-9	
29,90000000E-3	-436,05153862E-9	
30,50000000E-3	-436,40655846E-9	
31,10000000E-3	-426,47453098E-9	
31,70000000E-3	-412,00846418E-9	
32,50000000E-3	-401,33329021E-9	
33,10000000E-3	-393,57226121E-9	
33,70000000E-3	-385,36845616E-9	
34,20000000E-3	-374,18502370E-9	
34,80000000E-3	-360,10749098E-9	
35,40000000E-3	-344,49470095E-9	
36,20000000E-3	-331,17262040E-9	
36,80000000E-3	-320,87163339E-9	
37,40000000E-3	-307,77712872E-9	
38,00000000E-3	-297,03812151E-9	
38,60000000E-3	-291,69129452E-9	
39,20000000E-3	-279,00874735E-9	
39,70000000E-3	-266,51433181E-9	
40,50000000E-3	-255,55632725E-9	
41,10000000E-3	-244,70243648E-9	
41,70000000E-3	-236,07304126E-9	
42,30000000E-3	-226,34035779E-9	
42,90000000E-3	-215,43258338E-9	
43,40000000E-3	-201,23325179E-9	
43,70000000E-3	-182,45096131E-9	
44,90000000E-3	-162,83543180E-9	
45,30000000E-3	-146,43872223E-9	
46,00000000E-3	-137,14824194E-9	
46,60000000E-3	-128,26666032E-9	
47,10000000E-3	-121,46276190E-9	
47,70000000E-3	-118,37861797E-9	
48,60000000E-3	-116,13954932E-9	
49,10000000E-3	-104,58027044E-9	
49,70000000E-3	-88,53268326E-9	
50,30000000E-3	-74,12963106E-9	
51,20000000E-3	-62,84871491E-9	
51,20000000E-3	-53,14393116E-9	
52,10000000E-3	-45,42963280E-9	
52,70000000E-3	-37,40074206E-9	
53,50000000E-3	-27,21469512E-9	
54,10000000E-3	-20,41318685E-9	
54,70000000E-3	-16,48955493E-9	
55,00000000E-3	-6,45608602E-9	
55,00000000E-3	7,96956386E-9	
56,60000000E-3	14,74984499E-9	
57,20000000E-3	19,66546779E-9	
57,80000000E-3	29,02778132E-9	
58,40000000E-3	42,29504754E-9	
59,20000000E-3	52,55600690E-9	
59,80000000E-3	61,66771922E-9	
60,40000000E-3	68,89112153E-9	
61,00000000E-3	74,30974485E-9	
61,50000000E-3	81,33102724E-9	
62,10000000E-3	93,10565147E-9	
62,90000000E-3	106,63592444E-9	
63,30000000E-3	116,06125847E-9	
63,90000000E-3	124,96915482E-9	
64,40000000E-3	134,11068993E-9	
65,30000000E-3	139,29483823E-9	
65,80000000E-3	146,27068408E-9	
66,70000000E-3	153,37600332E-9	
67,20000000E-3	162,70755572E-9	
67,20000000E-3	168,30685306E-9	
68,40000000E-3	168,60025011E-9	
69,00000000E-3	170,90999609E-9	
69,50000000E-3	170,84276723E-9	
70,20000000E-3	169,86266552E-9	
71,00000000E-3	171,21769613E-9	
71,60000000E-3	174,63412711E-9	
72,10000000E-3	179,62737853E-9	
72,70000000E-3	183,39815105E-9	
73,30000000E-3	188,71891127E-9	
73,90000000E-3	200,12275659E-9	
74,70000000E-3	212,44776506E-9	
75,30000000E-3	216,51369069E-9	
75,90000000E-3	220,93401564E-9	
76,40000000E-3	222,29125301E-9	
77,00000000E-3	222,16464910E-9	
77,60000000E-3	228,05411133E-9	
77,90000000E-3	239,92870611E-9	
78,90000000E-3	250,30070692E-9	
79,40000000E-3	254,36575031E-9	
79,90000000E-3	256,36975113E-9	
80,50000000E-3	255,67970904E-9	
81,40000000E-3	250,17405424E-9	
82,00000000E-3	246,20692531E-9	
82,60000000E-3	249,26781716E-9	
83,20000000E-3	259,52721060E-9	
83,70000000E-3	269,50911789E-9	
84,30000000E-3	277,30565975E-9	
85,20000000E-3	280,33223795E-9	
85,80000000E-3	278,03348585E-9	
86,40000000E-3	280,22307082E-9	
86,90000000E-3	284,71999388E-9	
87,50000000E-3	290,28546431E-9	
88,00000000E-3	290,75456571E-9	
88,90000000E-3	287,32203949E-9	
89,50000000E-3	285,63863156E-9	
90,00000000E-3	283,40000565E-9	
90,60000000E-3	277,91859832E-9	
91,20000000E-3	280,29680198E-9	
91,80000000E-3	293,11961853E-9	
92,40000000E-3	300,86851557E-9	
93,20000000E-3	301,23621841E-9	
93,80000000E-3	303,98188262E-9	
94,40000000E-3	305,56135815E-9	
95,00000000E-3	304,15595887E-9	
95,50000000E-3	303,02944710E-9	
96,10000000E-3	305,79301675E-9	
96,90000000E-3	313,14543537E-9	
97,50000000E-3	316,37469843E-9	
98,10000000E-3	315,76238192E-9	
98,70000000E-3	315,32532741E-9	
99,30000000E-3	314,96232198E-9	
99,80000000E-3	316,01351119E-9	
100,70000000E-3	311,44373046E-9	
101,30000000E-3	309,49127218E-9	
101,90000000E-3	314,80365783E-9	
102,40000000E-3	321,40187848E-9	
102,90000000E-3	320,61491731E-9	
103,60000000E-3	322,35722796E-9	
104,40000000E-3	326,02863045E-9	
105,00000000E-3	322,50187212E-9	
105,60000000E-3	317,98548168E-9	
106,10000000E-3	317,46646589E-9	
106,70000000E-3	325,22686359E-9	
107,30000000E-3	334,29093467E-9	
108,10000000E-3	335,08199002E-9	
108,70000000E-3	331,91347246E-9	
109,30000000E-3	326,69075850E-9	
109,90000000E-3	324,45340117E-9	
110,50000000E-3	328,50569778E-9	
111,10000000E-3	333,24225495E-9	
111,90000000E-3	337,43163832E-9	
112,20000000E-3	337,68260806E-9	
112,80000000E-3	338,02883058E-9	
113,40000000E-3	340,73744090E-9	
114,20000000E-3	342,80698605E-9	
114,80000000E-3	345,12564230E-9	
115,40000000E-3	350,12345552E-9	
116,00000000E-3	352,34840403E-9	
116,50000000E-3	345,20840548E-9	
117,10000000E-3	338,46805651E-9	
117,90000000E-3	337,46626291E-9	
118,30000000E-3	334,31774692E-9	
119,20000000E-3	332,20797575E-9	
119,80000000E-3	336,33921937E-9	
120,40000000E-3	340,97732968E-9	
120,90000000E-3	343,58606166E-9	
121,10000000E-3	343,96710569E-9	
122,30000000E-3	342,16748245E-9	
122,80000000E-3	342,51523538E-9	
123,50000000E-3	345,12367130E-9	
123,80000000E-3	341,16753650E-9	
124,90000000E-3	336,27021335E-9	
125,40000000E-3	339,15508368E-9	
126,10000000E-3	345,38232546E-9	
126,70000000E-3	352,49343562E-9	
127,10000000E-3	355,95802738E-9	
127,70000000E-3	353,65317918E-9	
128,30000000E-3	352,84399920E-9	
128,90000000E-3	351,82201521E-9	
129,50000000E-3	350,85640408E-9	
130,00000000E-3	352,60401768E-9	
130,90000000E-3	350,24852041E-9	
131,50000000E-3	351,09380473E-9	
132,30000000E-3	352,93862548E-9	
132,80000000E-3	356,25015146E-9	
133,40000000E-3	358,87755582E-9	
133,90000000E-3	358,36425678E-9	
134,40000000E-3	356,94872916E-9	
135,00000000E-3	352,90105635E-9	
135,80000000E-3	346,39303838E-9	
136,40000000E-3	349,70295649E-9	
137,00000000E-3	355,34035186E-9	
137,50000000E-3	355,16540171E-9	
138,50000000E-3	356,66379398E-9	
138,70000000E-3	358,36483419E-9	
139,10000000E-3	352,38949963E-9	
140,20000000E-3	342,86748313E-9	
140,80000000E-3	339,56552686E-9	
141,30000000E-3	345,49964134E-9	
141,90000000E-3	356,96427512E-9	
142,70000000E-3	360,74032587E-9	
143,30000000E-3	356,98698517E-9	
143,80000000E-3	357,54483897E-9	
144,40000000E-3	358,38024114E-9	
145,30000000E-3	356,14542111E-9	
145,80000000E-3	352,59020309E-9	
146,30000000E-3	356,45655918E-9	
146,90000000E-3	361,60757061E-9	
147,70000000E-3	360,24024588E-9	
148,20000000E-3	350,83365151E-9	
148,80000000E-3	341,55102726E-9	
149,40000000E-3	340,43699396E-9	
150,20000000E-3	345,56168990E-9	
150,70000000E-3	352,29464661E-9	
151,30000000E-3	357,65191987E-9	
151,90000000E-3	354,71728932E-9	
152,60000000E-3	349,90246116E-9	
153,20000000E-3	350,62592790E-9	
153,80000000E-3	347,32634839E-9	
154,40000000E-3	345,07997433E-9	
155,10000000E-3	352,29476368E-9	
155,20000000E-3	359,04459353E-9	
156,20000000E-3	354,80766967E-9	
156,70000000E-3	342,89771411E-9	
157,60000000E-3	339,95668658E-9	
158,10000000E-3	339,19489215E-9	
158,70000000E-3	338,40830623E-9	
159,20000000E-3	339,83543093E-9	
159,90000000E-3	343,86671597E-9	
160,40000000E-3	349,36271826E-9	
161,20000000E-3	349,85892818E-9	
161,80000000E-3	342,85984226E-9	
162,60000000E-3	337,82986512E-9	
163,20000000E-3	344,46349175E-9	
163,70000000E-3	348,50796668E-9	
164,30000000E-3	345,26532532E-9	
164,70000000E-3	341,12992177E-9	
165,50000000E-3	337,06292321E-9	
166,10000000E-3	338,39103594E-9	
166,80000000E-3	341,90980408E-9	
167,40000000E-3	344,71712960E-9	
167,90000000E-3	350,49892537E-9	
168,80000000E-3	358,11895399E-9	
169,30000000E-3	358,43100671E-9	
170,10000000E-3	345,59533114E-9	
170,70000000E-3	336,46469207E-9	
170,90000000E-3	334,42650126E-9	
171,80000000E-3	334,95618572E-9	
172,60000000E-3	344,26806346E-9	
173,10000000E-3	344,29574205E-9	
173,40000000E-3	333,77979206E-9	
174,30000000E-3	332,19788561E-9	
175,00000000E-3	342,76410425E-9	
175,70000000E-3	350,16616666E-9	
175,90000000E-3	349,17591116E-9	
176,60000000E-3	345,51325022E-9	
177,30000000E-3	340,44140857E-9	
177,90000000E-3	332,91622525E-9	
178,40000000E-3	329,81307207E-9	
179,10000000E-3	328,13639726E-9	
179,80000000E-3	329,79685697E-9	
180,40000000E-3	330,57323297E-9	
180,90000000E-3	330,09576909E-9	
181,70000000E-3	334,03230521E-9	
182,30000000E-3	339,62139964E-9	
182,90000000E-3	341,72376675E-9	
183,50000000E-3	342,27111710E-9	
184,20000000E-3	338,13335675E-9	
184,80000000E-3	331,72994216E-9	
185,30000000E-3	329,91865472E-9	
186,10000000E-3	328,37378197E-9	
186,50000000E-3	324,30784266E-9	
187,20000000E-3	322,06728271E-9	
187,70000000E-3	327,63758929E-9	
188,60000000E-3	329,69136933E-9	
189,10000000E-3	327,65797981E-9	
189,60000000E-3	327,67603158E-9	
190,30000000E-3	329,82548715E-9	
191,10000000E-3	332,27081482E-9	
191,70000000E-3	329,75456947E-9	
192,20000000E-3	328,24958004E-9	
192,80000000E-3	325,20587946E-9	
193,40000000E-3	321,07373941E-9	
194,20000000E-3	324,42565758E-9	
194,70000000E-3	326,75240271E-9	
195,30000000E-3	322,46099536E-9	
196,00000000E-3	316,25014427E-9	
196,70000000E-3	315,65479738E-9	
197,20000000E-3	319,58056077E-9	
197,80000000E-3	321,55125567E-9	
198,40000000E-3	322,16915153E-9	
199,10000000E-3	328,12479074E-9	
199,60000000E-3	328,92366196E-9	
