-200,00000000E-3	308,20740199E-9	
-200,00000000E-3	310,06482771E-9	
-200,00000000E-3	311,38264682E-9	
-199,90000000E-3	313,32567427E-9	
-199,80000000E-3	314,36930011E-9	
-199,60000000E-3	314,48394142E-9	
-199,40000000E-3	312,63379589E-9	
-199,20000000E-3	307,65277579E-9	
-198,90000000E-3	302,93888997E-9	
-198,80000000E-3	303,46452759E-9	
-198,30000000E-3	307,23668705E-9	
-198,10000000E-3	310,17402634E-9	
-197,70000000E-3	311,79942717E-9	
-197,30000000E-3	313,62191682E-9	
-197,00000000E-3	315,21018047E-9	
-196,60000000E-3	313,53682722E-9	
-196,30000000E-3	311,27715193E-9	
-195,80000000E-3	311,70245037E-9	
-195,60000000E-3	315,24488594E-9	
-195,10000000E-3	318,63431602E-9	
-194,60000000E-3	317,07965884E-9	
-194,30000000E-3	312,21848457E-9	
-193,80000000E-3	309,17330142E-9	
-193,60000000E-3	309,73462146E-9	
-193,00000000E-3	312,34561066E-9	
-192,80000000E-3	315,83536915E-9	
-192,30000000E-3	319,88645356E-9	
-192,00000000E-3	323,51968557E-9	
-191,40000000E-3	324,32508630E-9	
-191,20000000E-3	321,10252962E-9	
-190,60000000E-3	318,54422181E-9	
-190,10000000E-3	318,40237319E-9	
-189,80000000E-3	321,26873786E-9	
-189,20000000E-3	325,52865496E-9	
-188,90000000E-3	324,94303766E-9	
-188,40000000E-3	319,07857889E-9	
-188,10000000E-3	314,76220741E-9	
-187,60000000E-3	315,31045596E-9	
-187,30000000E-3	319,23691689E-9	
-186,70000000E-3	322,12726661E-9	
-186,40000000E-3	322,06026337E-9	
-186,00000000E-3	320,71874362E-9	
-185,30000000E-3	321,83454425E-9	
-185,00000000E-3	324,58794276E-9	
-184,50000000E-3	325,22506766E-9	
-184,20000000E-3	325,12076422E-9	
-183,60000000E-3	326,62406551E-9	
-183,30000000E-3	330,08394003E-9	
-182,70000000E-3	336,04690019E-9	
-182,20000000E-3	340,69515031E-9	
-181,90000000E-3	340,93903019E-9	
-181,30000000E-3	336,98755968E-9	
-181,00000000E-3	332,24924456E-9	
-180,60000000E-3	332,14669023E-9	
-180,20000000E-3	335,56448657E-9	
-179,90000000E-3	339,70439727E-9	
-179,20000000E-3	343,24750272E-9	
-178,70000000E-3	345,49332530E-9	
-178,50000000E-3	347,11108286E-9	
-177,90000000E-3	347,25843362E-9	
-177,60000000E-3	347,14120880E-9	
-177,10000000E-3	347,10907000E-9	
-176,80000000E-3	342,36940003E-9	
-176,30000000E-3	336,31458827E-9	
-175,90000000E-3	333,42585979E-9	
-175,30000000E-3	333,50740471E-9	
-174,80000000E-3	338,99536407E-9	
-174,50000000E-3	346,37017924E-9	
-173,90000000E-3	349,70658929E-9	
-173,60000000E-3	349,92889081E-9	
-173,10000000E-3	350,40694006E-9	
-172,80000000E-3	352,82874340E-9	
-172,50000000E-3	355,97231710E-9	
-171,60000000E-3	356,49518052E-9	
-171,40000000E-3	355,06903894E-9	
-170,80000000E-3	354,91509921E-9	
-170,50000000E-3	355,78881316E-9	
-170,00000000E-3	355,19381273E-9	
-169,60000000E-3	353,75369530E-9	
-169,40000000E-3	352,32915642E-9	
-168,80000000E-3	350,96526906E-9	
-168,20000000E-3	351,87697410E-9	
-167,90000000E-3	353,54976510E-9	
-167,30000000E-3	355,70747698E-9	
-167,00000000E-3	359,52372472E-9	
-166,50000000E-3	362,01627629E-9	
-166,20000000E-3	361,49941170E-9	
-165,70000000E-3	359,53017102E-9	
-165,40000000E-3	357,80537990E-9	
-164,80000000E-3	359,57515872E-9	
-164,50000000E-3	364,23929581E-9	
-162,20000000E-3	381,90943108E-9	
-161,80000000E-3	384,32694864E-9	
-161,30000000E-3	386,35759652E-9	
-160,80000000E-3	389,34319497E-9	
-160,50000000E-3	390,68137305E-9	
-160,00000000E-3	389,63985901E-9	
-159,40000000E-3	390,34928192E-9	
-159,10000000E-3	395,53231858E-9	
-158,60000000E-3	400,40050548E-9	
-158,20000000E-3	396,95259994E-9	
-157,90000000E-3	390,71497819E-9	
-157,40000000E-3	388,47874136E-9	
-156,80000000E-3	388,82768451E-9	
-156,40000000E-3	391,42869672E-9	
-155,90000000E-3	396,35899963E-9	
-155,70000000E-3	402,62736173E-9	
-155,10000000E-3	406,36230673E-9	
-154,50000000E-3	407,38637780E-9	
-154,20000000E-3	407,56256501E-9	
-154,00000000E-3	407,59834858E-9	
-153,40000000E-3	407,32727471E-9	
-152,80000000E-3	406,29887963E-9	
-152,50000000E-3	402,24435591E-9	
-151,90000000E-3	397,46412541E-9	
-151,70000000E-3	396,41701420E-9	
-151,20000000E-3	399,82787817E-9	
-150,80000000E-3	407,16758174E-9	
-150,20000000E-3	412,29508990E-9	
-149,60000000E-3	413,43446137E-9	
-149,40000000E-3	416,51387784E-9	
-148,90000000E-3	424,61149993E-9	
-148,50000000E-3	431,58551817E-9	
-148,20000000E-3	432,20506317E-9	
-147,40000000E-3	428,66159659E-9	
-147,10000000E-3	425,54545217E-9	
-146,50000000E-3	425,18096153E-9	
-146,20000000E-3	427,71612644E-9	
-145,80000000E-3	432,46915048E-9	
-145,40000000E-3	439,00870132E-9	
-145,10000000E-3	447,77527456E-9	
-144,60000000E-3	456,14391835E-9	
-144,30000000E-3	459,66677236E-9	
-143,60000000E-3	458,82098375E-9	
-143,40000000E-3	458,48699004E-9	
-142,80000000E-3	460,99757886E-9	
-142,20000000E-3	462,13770761E-9	
-142,00000000E-3	460,02467435E-9	
-141,40000000E-3	456,30690363E-9	
-141,10000000E-3	457,10805388E-9	
-140,50000000E-3	462,92908441E-9	
-140,20000000E-3	469,74315506E-9	
-139,70000000E-3	471,21721738E-9	
-139,10000000E-3	466,93746058E-9	
-138,80000000E-3	462,04309266E-9	
-138,20000000E-3	461,34963276E-9	
-137,90000000E-3	463,20285717E-9	
-137,60000000E-3	464,28853084E-9	
-137,10000000E-3	464,14447963E-9	
-136,60000000E-3	462,76206894E-9	
-136,00000000E-3	462,31248812E-9	
-135,70000000E-3	465,36278823E-9	
-135,10000000E-3	471,22999164E-9	
-134,90000000E-3	480,05420588E-9	
-134,40000000E-3	489,12420455E-9	
-134,00000000E-3	495,81329719E-9	
-133,70000000E-3	500,69938443E-9	
-133,10000000E-3	502,42396971E-9	
-132,90000000E-3	499,82829994E-9	
-132,30000000E-3	494,86816061E-9	
-131,70000000E-3	489,11011684E-9	
-131,40000000E-3	484,07750366E-9	
-130,90000000E-3	483,16193842E-9	
-130,50000000E-3	485,54531167E-9	
-130,00000000E-3	488,54752802E-9	
-129,40000000E-3	491,29654975E-9	
-129,10000000E-3	496,31041410E-9	
-128,60000000E-3	505,46206895E-9	
-128,30000000E-3	513,22743484E-9	
-127,70000000E-3	515,99975454E-9	
-127,50000000E-3	513,33596118E-9	
-126,90000000E-3	510,55372203E-9	
-126,60000000E-3	512,44905627E-9	
-126,30000000E-3	519,86162862E-9	
-125,70000000E-3	528,78899879E-9	
-125,40000000E-3	534,56916322E-9	
-124,60000000E-3	535,72220756E-9	
-124,30000000E-3	533,99140886E-9	
-123,80000000E-3	530,25851298E-9	
-123,40000000E-3	525,72264572E-9	
-123,20000000E-3	521,76966885E-9	
-122,60000000E-3	521,72051427E-9	
-122,30000000E-3	525,62913963E-9	
-121,70000000E-3	531,10514401E-9	
-121,40000000E-3	536,48817867E-9	
-120,90000000E-3	541,22027962E-9	
-120,30000000E-3	544,17306642E-9	
-119,90000000E-3	544,66573672E-9	
-119,40000000E-3	544,43518676E-9	
-119,10000000E-3	546,51777031E-9	
-118,60000000E-3	550,78311526E-9	
-118,20000000E-3	555,21954216E-9	
-117,80000000E-3	560,92796233E-9	
-117,50000000E-3	565,97792740E-9	
-117,20000000E-3	570,19348837E-9	
-116,60000000E-3	574,75508794E-9	
-116,00000000E-3	579,81994469E-9	
-115,70000000E-3	582,43129373E-9	
-115,10000000E-3	579,91004737E-9	
-114,90000000E-3	575,34996472E-9	
-114,20000000E-3	575,36094836E-9	
-114,00000000E-3	577,28979484E-9	
-113,40000000E-3	578,87518660E-9	
-113,10000000E-3	581,78781292E-9	
-112,50000000E-3	584,72081752E-9	
-111,90000000E-3	584,88804876E-9	
-111,70000000E-3	581,78529745E-9	
-111,20000000E-3	577,49807511E-9	
-110,90000000E-3	573,44727816E-9	
-110,30000000E-3	572,62006305E-9	
-110,00000000E-3	578,30110939E-9	
-109,40000000E-3	587,97890903E-9	
-108,90000000E-3	593,72311811E-9	
-108,60000000E-3	595,01228756E-9	
-108,00000000E-3	596,39703091E-9	
-107,70000000E-3	600,74514805E-9	
-107,30000000E-3	610,07720220E-9	
-106,90000000E-3	620,10561154E-9	
-106,30000000E-3	627,89847385E-9	
-105,80000000E-3	630,67181530E-9	
-105,50000000E-3	631,17121912E-9	
-105,00000000E-3	630,83742971E-9	
-104,60000000E-3	626,09817375E-9	
-104,30000000E-3	618,92915885E-9	
-103,70000000E-3	615,44372451E-9	
-103,10000000E-3	615,17661379E-9	
-102,90000000E-3	618,15130143E-9	
-102,30000000E-3	624,54677689E-9	
-102,00000000E-3	631,19194980E-9	
-101,40000000E-3	637,37259471E-9	
-101,20000000E-3	644,27014633E-9	
-100,60000000E-3	648,41180597E-9	
-100,30000000E-3	647,24191615E-9	
-99,60000000E-3	647,02580625E-9	
-99,20000000E-3	649,69876126E-9	
-98,90000000E-3	650,74447924E-9	
-98,40000000E-3	650,21720651E-9	
-98,10000000E-3	651,21939534E-9	
-97,50000000E-3	652,97718750E-9	
-97,20000000E-3	654,51494303E-9	
-96,60000000E-3	655,09081485E-9	
-96,30000000E-3	657,28597675E-9	
-96,00000000E-3	661,82168821E-9	
-95,40000000E-3	667,04058882E-9	
-94,80000000E-3	673,54112553E-9	
-94,40000000E-3	680,60096477E-9	
-94,10000000E-3	684,26558984E-9	
-93,60000000E-3	684,13476621E-9	
-93,20000000E-3	681,84462333E-9	
-92,90000000E-3	680,76756954E-9	
-92,30000000E-3	680,80208160E-9	
-92,10000000E-3	680,72293811E-9	
-91,30000000E-3	682,91299498E-9	
-90,90000000E-3	684,72511582E-9	
-90,60000000E-3	685,73654310E-9	
-90,10000000E-3	685,95520031E-9	
-89,80000000E-3	685,51316843E-9	
-89,20000000E-3	689,93515467E-9	
-88,60000000E-3	700,85088308E-9	
-88,40000000E-3	713,12973975E-9	
-87,80000000E-3	723,07770500E-9	
-87,50000000E-3	730,43809653E-9	
-86,90000000E-3	732,85796462E-9	
-86,70000000E-3	730,89124595E-9	
-86,10000000E-3	729,64651405E-9	
-85,80000000E-3	732,75907243E-9	
-85,30000000E-3	738,70181272E-9	
-85,00000000E-3	742,42644110E-9	
-84,40000000E-3	743,92009469E-9	
-83,90000000E-3	743,79918189E-9	
-83,50000000E-3	741,62795272E-9	
-83,00000000E-3	736,83392950E-9	
-82,70000000E-3	733,19038283E-9	
-82,10000000E-3	734,53318902E-9	
-81,90000000E-3	741,89050700E-9	
-81,30000000E-3	751,61796640E-9	
-80,70000000E-3	754,50721602E-9	
-80,40000000E-3	751,76593895E-9	
-79,80000000E-3	750,41459663E-9	
-79,50000000E-3	753,83605123E-9	
-79,00000000E-3	760,97853136E-9	
-78,40000000E-3	766,34876620E-9	
-78,10000000E-3	766,89254799E-9	
-77,50000000E-3	767,27318615E-9	
-77,30000000E-3	771,83626214E-9	
-76,90000000E-3	778,14569191E-9	
-76,40000000E-3	783,56800151E-9	
-76,10000000E-3	788,13867332E-9	
-75,50000000E-3	791,76504921E-9	
-75,30000000E-3	792,24683716E-9	
-74,70000000E-3	790,84217642E-9	
-74,40000000E-3	792,23425391E-9	
-73,80000000E-3	798,25846174E-9	
-73,20000000E-3	806,30622176E-9	
-72,90000000E-3	812,31721419E-9	
-72,40000000E-3	814,52654947E-9	
-72,10000000E-3	814,45007897E-9	
-71,50000000E-3	813,39567726E-9	
-71,20000000E-3	812,11903000E-9	
-70,70000000E-3	812,26724343E-9	
-70,20000000E-3	813,64359843E-9	
-69,90000000E-3	813,94413561E-9	
-69,30000000E-3	812,52994470E-9	
-69,00000000E-3	811,37941891E-9	
-68,40000000E-3	811,06916982E-9	
-68,10000000E-3	810,42442630E-9	
-67,50000000E-3	803,64576680E-9	
-67,30000000E-3	808,85965121E-9	
-67,00000000E-3	825,48249578E-9	
-66,40000000E-3	830,42848674E-9	
-65,80000000E-3	828,46900501E-9	
-65,30000000E-3	828,70005452E-9	
-65,00000000E-3	830,94184705E-9	
-64,70000000E-3	835,06206574E-9	
-64,20000000E-3	840,25435443E-9	
-63,90000000E-3	844,16494947E-9	
-63,20000000E-3	845,27623899E-9	
-62,70000000E-3	843,05231383E-9	
-62,40000000E-3	841,32211950E-9	
-61,90000000E-3	842,56874629E-9	
-61,60000000E-3	846,93254798E-9	
-61,00000000E-3	850,97476439E-9	
-60,80000000E-3	852,69532859E-9	
-60,10000000E-3	854,18090946E-9	
-59,60000000E-3	854,22031504E-9	
-59,30000000E-3	851,88454263E-9	
-58,70000000E-3	850,04162678E-9	
-58,40000000E-3	853,68482561E-9	
-57,90000000E-3	862,06132435E-9	
-57,60000000E-3	869,73464625E-9	
-57,00000000E-3	875,61280598E-9	
-56,40000000E-3	876,64323260E-9	
-56,10000000E-3	872,24555083E-9	
-55,60000000E-3	863,78159575E-9	
-55,20000000E-3	852,96861935E-9	
-54,90000000E-3	845,58523826E-9	
-54,40000000E-3	843,94263328E-9	
-54,10000000E-3	844,03539970E-9	
-53,50000000E-3	841,80899010E-9	
-53,30000000E-3	838,55619912E-9	
-52,70000000E-3	832,87901338E-9	
-52,40000000E-3	822,67824643E-9	
-51,80000000E-3	809,83152291E-9	
-51,30000000E-3	795,85271033E-9	
-51,00000000E-3	781,73347962E-9	
-50,40000000E-3	768,02543962E-9	
-50,20000000E-3	755,01797332E-9	
-49,60000000E-3	742,77344701E-9	
-49,30000000E-3	729,29620285E-9	
-48,70000000E-3	713,10714519E-9	
-48,10000000E-3	695,29450534E-9	
-47,80000000E-3	673,70019115E-9	
-47,20000000E-3	648,73216260E-9	
-47,00000000E-3	621,31960205E-9	
-46,50000000E-3	594,34856193E-9	
-46,10000000E-3	564,63602255E-9	
-45,60000000E-3	536,86664536E-9	
-45,00000000E-3	509,37841863E-9	
-44,80000000E-3	481,12094191E-9	
-44,20000000E-3	453,56433862E-9	
-43,80000000E-3	423,91033167E-9	
-43,60000000E-3	387,45511457E-9	
-43,00000000E-3	347,71304727E-9	
-42,70000000E-3	310,41118538E-9	
-42,00000000E-3	280,72155443E-9	
-41,80000000E-3	247,75565984E-9	
-41,30000000E-3	204,84594523E-9	
-40,70000000E-3	160,28601847E-9	
-40,40000000E-3	114,98466960E-9	
-39,90000000E-3	72,89350817E-9	
-39,60000000E-3	36,32893142E-9	
-39,00000000E-3	-665,52706402E-12	
-38,40000000E-3	-40,04362302E-9	
-38,10000000E-3	-80,15893410E-9	
-37,50000000E-3	-119,42517952E-9	
-37,30000000E-3	-164,55866469E-9	
-36,70000000E-3	-212,64892759E-9	
-36,40000000E-3	-257,70401254E-9	
-36,10000000E-3	-302,74809385E-9	
-35,30000000E-3	-349,03640523E-9	
-35,00000000E-3	-397,54882898E-9	
-34,40000000E-3	-438,89893068E-9	
-34,10000000E-3	-477,46097037E-9	
-33,80000000E-3	-513,13223250E-9	
-33,20000000E-3	-545,21593857E-9	
-32,90000000E-3	-578,99780534E-9	
-32,40000000E-3	-618,05905552E-9	
-32,10000000E-3	-656,45833272E-9	
-31,50000000E-3	-697,32771080E-9	
-31,20000000E-3	-742,15704502E-9	
-30,70000000E-3	-784,51896634E-9	
-30,20000000E-3	-822,20465214E-9	
-29,80000000E-3	-855,39014416E-9	
-29,30000000E-3	-882,96453010E-9	
-29,00000000E-3	-910,22233861E-9	
-28,40000000E-3	-934,10554969E-9	
-28,10000000E-3	-957,46246324E-9	
-27,50000000E-3	-977,85173638E-9	
-27,00000000E-3	-999,74577030E-9	
-26,70000000E-3	-1,02686474E-6	
-26,10000000E-3	-1,05236528E-6	
-25,90000000E-3	-1,07433361E-6	
-25,40000000E-3	-1,09362747E-6	
-25,00000000E-3	-1,11373249E-6	
-24,40000000E-3	-1,13612021E-6	
-23,90000000E-3	-1,15322006E-6	
-23,60000000E-3	-1,16757010E-6	
-23,00000000E-3	-1,18457516E-6	
-22,70000000E-3	-1,19922817E-6	
-22,40000000E-3	-1,21175880E-6	
-21,80000000E-3	-1,22148234E-6	
-21,60000000E-3	-1,23010765E-6	
-21,00000000E-3	-1,24034851E-6	
-20,40000000E-3	-1,24887659E-6	
-20,20000000E-3	-1,25390126E-6	
-19,60000000E-3	-1,25827172E-6	
-19,30000000E-3	-1,26142312E-6	
-18,70000000E-3	-1,26160853E-6	
-18,40000000E-3	-1,26038232E-6	
-17,90000000E-3	-1,26388729E-6	
-17,60000000E-3	-1,27396869E-6	
-17,00000000E-3	-1,28522642E-6	
-16,40000000E-3	-1,29331233E-6	
-16,10000000E-3	-1,29756137E-6	
-15,60000000E-3	-1,29907466E-6	
-15,30000000E-3	-1,29999330E-6	
-14,90000000E-3	-1,30160980E-6	
-14,40000000E-3	-1,30342529E-6	
-14,20000000E-3	-1,30190487E-6	
-13,30000000E-3	-1,29597206E-6	
-13,00000000E-3	-1,29062478E-6	
-12,60000000E-3	-1,28657543E-6	
-12,10000000E-3	-1,28625989E-6	
-11,90000000E-3	-1,28900595E-6	
-11,30000000E-3	-1,29207625E-6	
-11,00000000E-3	-1,29385442E-6	
-10,50000000E-3	-1,29487342E-6	
-9,80000000E-3	-1,29645600E-6	
-9,60000000E-3	-1,29742976E-6	
-9,10000000E-3	-1,29664324E-6	
-8,80000000E-3	-1,29383311E-6	
-8,20000000E-3	-1,29248771E-6	
-7,90000000E-3	-1,29203818E-6	
-7,40000000E-3	-1,28903306E-6	
-7,10000000E-3	-1,28509366E-6	
-6,50000000E-3	-1,28341083E-6	
-5,90000000E-3	-1,28527347E-6	
-5,60000000E-3	-1,28880194E-6	
-5,30000000E-3	-1,29064223E-6	
-4,80000000E-3	-1,29133178E-6	
-4,50000000E-3	-1,29022406E-6	
-3,90000000E-3	-1,28657416E-6	
-3,60000000E-3	-1,28571044E-6	
-3,00000000E-3	-1,28632864E-6	
-2,70000000E-3	-1,28635451E-6	
-2,10000000E-3	-1,28530840E-6	
-1,80000000E-3	-1,28173992E-6	
-1,20000000E-3	-1,27564063E-6	
-600,00000000E-6	-1,27043258E-6	
-300,00000000E-6	-1,26844975E-6	
200,00000000E-6	-1,26800116E-6	
500,00000000E-6	-1,26892672E-6	
1,10000000E-3	-1,27287841E-6	
1,40000000E-3	-1,27899179E-6	
2,00000000E-3	-1,28273630E-6	
2,50000000E-3	-1,28204549E-6	
2,90000000E-3	-1,28027594E-6	
3,40000000E-3	-1,28003477E-6	
3,70000000E-3	-1,27939082E-6	
4,30000000E-3	-1,27951878E-6	
4,50000000E-3	-1,28376294E-6	
5,00000000E-3	-1,28742556E-6	
5,40000000E-3	-1,28517531E-6	
6,00000000E-3	-1,27972653E-6	
6,50000000E-3	-1,27535716E-6	
6,80000000E-3	-1,27369751E-6	
7,40000000E-3	-1,27414338E-6	
7,70000000E-3	-1,27615293E-6	
8,00000000E-3	-1,27945369E-6	
8,60000000E-3	-1,28254392E-6	
9,10000000E-3	-1,28337975E-6	
9,50000000E-3	-1,28225486E-6	
10,00000000E-3	-1,28041195E-6	
10,20000000E-3	-1,27658090E-6	
10,80000000E-3	-1,26850923E-6	
11,10000000E-3	-1,25961645E-6	
11,70000000E-3	-1,25397306E-6	
12,30000000E-3	-1,25579412E-6	
12,50000000E-3	-1,26210047E-6	
13,10000000E-3	-1,26694802E-6	
13,40000000E-3	-1,26715062E-6	
14,00000000E-3	-1,26370838E-6	
14,30000000E-3	-1,26103940E-6	
14,80000000E-3	-1,26594882E-6	
15,20000000E-3	-1,27477423E-6	
15,60000000E-3	-1,27893764E-6	
16,00000000E-3	-1,27661480E-6	
16,60000000E-3	-1,27224069E-6	
17,10000000E-3	-1,26757419E-6	
17,40000000E-3	-1,26299887E-6	
18,00000000E-3	-1,25973932E-6	
18,30000000E-3	-1,25921918E-6	
18,60000000E-3	-1,25985193E-6	
19,10000000E-3	-1,26096702E-6	
19,40000000E-3	-1,26355187E-6	
20,00000000E-3	-1,26445055E-6	
20,60000000E-3	-1,26323301E-6	
20,90000000E-3	-1,26117844E-6	
21,40000000E-3	-1,25506422E-6	
21,70000000E-3	-1,24424558E-6	
22,30000000E-3	-1,23114721E-6	
22,50000000E-3	-1,22077234E-6	
23,10000000E-3	-1,21265482E-6	
23,70000000E-3	-1,20530843E-6	
24,00000000E-3	-1,19519230E-6	
24,60000000E-3	-1,18130571E-6	
24,80000000E-3	-1,16467101E-6	
25,40000000E-3	-1,14770613E-6	
25,70000000E-3	-1,13356343E-6	
26,30000000E-3	-1,12045718E-6	
26,60000000E-3	-1,10826808E-6	
26,90000000E-3	-1,09639811E-6	
27,70000000E-3	-1,08208134E-6	
28,00000000E-3	-1,05964764E-6	
28,50000000E-3	-1,03472964E-6	
28,80000000E-3	-1,01287873E-6	
29,10000000E-3	-991,18702711E-9	
29,70000000E-3	-965,82409731E-9	
30,00000000E-3	-939,49452389E-9	
30,60000000E-3	-913,13600751E-9	
31,10000000E-3	-888,04613953E-9	
31,40000000E-3	-861,83426083E-9	
31,70000000E-3	-832,11065665E-9	
32,30000000E-3	-795,99809282E-9	
32,80000000E-3	-762,54780247E-9	
33,40000000E-3	-728,14346597E-9	
33,70000000E-3	-686,77741141E-9	
34,00000000E-3	-642,32947223E-9	
34,50000000E-3	-598,45536848E-9	
34,80000000E-3	-560,13231989E-9	
35,40000000E-3	-521,02574597E-9	
36,00000000E-3	-481,05538404E-9	
36,20000000E-3	-446,37294418E-9	
36,80000000E-3	-413,41309856E-9	
37,10000000E-3	-370,84376304E-9	
37,70000000E-3	-326,77859163E-9	
38,00000000E-3	-284,99081272E-9	
38,50000000E-3	-247,02712453E-9	
38,80000000E-3	-209,40525713E-9	
39,40000000E-3	-172,85643956E-9	
39,70000000E-3	-128,26632719E-9	
40,20000000E-3	-73,43243669E-9	
40,80000000E-3	-20,06778626E-9	
41,10000000E-3	23,85062540E-9	
41,70000000E-3	66,98669707E-9	
41,90000000E-3	108,83752830E-9	
42,50000000E-3	151,38400636E-9	
42,80000000E-3	191,57928596E-9	
43,20000000E-3	229,77952275E-9	
43,70000000E-3	266,89557557E-9	
43,90000000E-3	304,46710201E-9	
44,80000000E-3	348,83387411E-9	
45,10000000E-3	390,24792473E-9	
45,60000000E-3	428,98808685E-9	
46,00000000E-3	470,45032510E-9	
46,20000000E-3	505,08292813E-9	
46,80000000E-3	535,81285998E-9	
47,10000000E-3	563,21084375E-9	
47,60000000E-3	589,09604815E-9	
48,20000000E-3	614,95822695E-9	
48,50000000E-3	642,74657221E-9	
49,10000000E-3	672,80432053E-9	
49,30000000E-3	703,70382849E-9	
49,60000000E-3	731,23145114E-9	
50,30000000E-3	759,44461227E-9	
50,80000000E-3	782,08538705E-9	
51,10000000E-3	803,20872412E-9	
51,70000000E-3	823,50308008E-9	
52,00000000E-3	840,27657192E-9	
52,60000000E-3	853,80057257E-9	
53,10000000E-3	869,06964446E-9	
53,10000000E-3	884,95226919E-9	
53,70000000E-3	899,00534113E-9	
54,20000000E-3	907,23433668E-9	
54,20000000E-3	910,35866167E-9	
55,10000000E-3	911,32568539E-9	
55,60000000E-3	914,55215762E-9	
55,90000000E-3	920,74271754E-9	
56,50000000E-3	929,04259874E-9	
56,80000000E-3	934,82141738E-9	
57,10000000E-3	939,42468559E-9	
57,40000000E-3	942,41611563E-9	
58,10000000E-3	943,45224254E-9	
58,70000000E-3	943,07848663E-9	
59,00000000E-3	941,05953999E-9	
59,60000000E-3	936,77644019E-9	
60,10000000E-3	931,32527081E-9	
60,40000000E-3	929,15566899E-9	
61,00000000E-3	929,22585895E-9	
61,30000000E-3	926,82354531E-9	
61,90000000E-3	921,20436868E-9	
62,40000000E-3	915,64635422E-9	
62,70000000E-3	913,08522024E-9	
63,30000000E-3	910,06998370E-9	
63,50000000E-3	904,27298731E-9	
64,00000000E-3	901,48227272E-9	
64,40000000E-3	903,32088881E-9	
64,70000000E-3	902,57019474E-9	
65,30000000E-3	899,29742781E-9	
65,80000000E-3	894,34191698E-9	
66,20000000E-3	888,75249143E-9	
66,70000000E-3	886,58070309E-9	
67,00000000E-3	885,98219727E-9	
67,50000000E-3	884,00326779E-9	
67,80000000E-3	880,22809969E-9	
68,60000000E-3	874,01979561E-9	
68,70000000E-3	867,56342460E-9	
69,30000000E-3	862,83712513E-9	
69,80000000E-3	858,23945727E-9	
70,10000000E-3	853,49301213E-9	
70,70000000E-3	848,88046407E-9	
71,00000000E-3	844,61463817E-9	
71,50000000E-3	843,28848847E-9	
71,80000000E-3	846,29354280E-9	
72,40000000E-3	848,84107148E-9	
73,00000000E-3	844,38449761E-9	
73,30000000E-3	837,00833973E-9	
73,80000000E-3	832,99257161E-9	
74,10000000E-3	831,62981303E-9	
74,70000000E-3	829,23192272E-9	
74,90000000E-3	826,32975683E-9	
75,50000000E-3	823,07958419E-9	
76,10000000E-3	820,85149537E-9	
76,40000000E-3	819,07970188E-9	
77,00000000E-3	815,18397800E-9	
77,30000000E-3	811,26967385E-9	
77,50000000E-3	810,82180852E-9	
78,10000000E-3	811,20730576E-9	
78,40000000E-3	809,26410273E-9	
79,00000000E-3	806,33152625E-9	
79,30000000E-3	804,25599000E-9	
79,80000000E-3	801,99787537E-9	
80,40000000E-3	799,93634478E-9	
80,70000000E-3	797,97316286E-9	
81,30000000E-3	794,73662443E-9	
81,40000000E-3	787,80247452E-9	
82,10000000E-3	781,31166701E-9	
82,70000000E-3	776,45831141E-9	
82,90000000E-3	773,38480675E-9	
83,50000000E-3	771,79614908E-9	
83,80000000E-3	772,69430788E-9	
84,40000000E-3	773,71683266E-9	
84,90000000E-3	772,15633906E-9	
85,20000000E-3	768,57023194E-9	
85,70000000E-3	764,70225048E-9	
86,10000000E-3	760,53900760E-9	
86,30000000E-3	753,22698926E-9	
86,90000000E-3	743,19113880E-9	
87,20000000E-3	732,58962874E-9	
88,00000000E-3	726,71205296E-9	
88,30000000E-3	728,04932167E-9	
88,70000000E-3	732,82565636E-9	
89,20000000E-3	736,52160448E-9	
89,50000000E-3	736,15723533E-9	
90,00000000E-3	734,10311724E-9	
90,30000000E-3	732,75224626E-9	
90,90000000E-3	731,89292369E-9	
91,20000000E-3	730,40125334E-9	
91,80000000E-3	724,13270566E-9	
92,30000000E-3	713,71649886E-9	
92,60000000E-3	707,50162927E-9	
93,20000000E-3	704,42880511E-9	
93,50000000E-3	700,49819233E-9	
94,00000000E-3	696,49442504E-9	
94,30000000E-3	693,93883207E-9	
94,90000000E-3	691,83242085E-9	
95,50000000E-3	686,25924906E-9	
95,80000000E-3	677,91474826E-9	
96,10000000E-3	672,60519011E-9	
96,60000000E-3	673,01318420E-9	
97,20000000E-3	675,89591295E-9	
97,50000000E-3	677,16016823E-9	
97,80000000E-3	676,33728329E-9	
98,40000000E-3	675,66579304E-9	
98,70000000E-3	676,87743030E-9	
99,20000000E-3	676,90927364E-9	
99,70000000E-3	672,17434080E-9	
100,20000000E-3	665,93987539E-9	
100,60000000E-3	662,92758336E-9	
101,00000000E-3	662,69638236E-9	
101,50000000E-3	662,54955313E-9	
101,80000000E-3	661,46309287E-9	
102,40000000E-3	660,09759703E-9	
102,70000000E-3	659,87787004E-9	
103,20000000E-3	658,74564229E-9	
103,50000000E-3	654,51151300E-9	
104,10000000E-3	649,85274639E-9	
104,70000000E-3	647,42833261E-9	
105,00000000E-3	644,82184110E-9	
105,50000000E-3	637,87427144E-9	
105,90000000E-3	628,55533979E-9	
106,30000000E-3	622,77062915E-9	
106,60000000E-3	622,49015099E-9	
107,20000000E-3	624,44703263E-9	
107,80000000E-3	623,95228327E-9	
108,10000000E-3	622,50240558E-9	
108,70000000E-3	623,70062807E-9	
108,90000000E-3	624,00362434E-9	
109,50000000E-3	622,95345532E-9	
109,80000000E-3	622,86938246E-9	
110,40000000E-3	624,26067590E-9	
110,90000000E-3	626,72373999E-9	
111,20000000E-3	626,08053480E-9	
111,80000000E-3	619,52172337E-9	
112,00000000E-3	612,13638781E-9	
112,60000000E-3	611,81906136E-9	
112,90000000E-3	617,13561096E-9	
113,40000000E-3	620,87145448E-9	
114,00000000E-3	617,40541850E-9	
114,30000000E-3	609,96787883E-9	
114,90000000E-3	604,04882522E-9	
115,20000000E-3	602,74506719E-9	
115,60000000E-3	605,10493403E-9	
115,80000000E-3	604,99960628E-9	
116,50000000E-3	600,05010186E-9	
117,00000000E-3	595,37267989E-9	
117,30000000E-3	592,41694644E-9	
117,70000000E-3	589,22600054E-9	
118,30000000E-3	585,01965971E-9	
118,60000000E-3	582,53687680E-9	
119,10000000E-3	582,36946271E-9	
119,40000000E-3	582,34891812E-9	
119,70000000E-3	582,13888381E-9	
120,40000000E-3	583,41956443E-9	
121,00000000E-3	584,68393361E-9	
121,30000000E-3	583,61136192E-9	
121,80000000E-3	580,27389043E-9	
122,40000000E-3	575,95046731E-9	
122,70000000E-3	571,95931024E-9	
123,20000000E-3	566,94317038E-9	
123,50000000E-3	562,30874378E-9	
124,10000000E-3	558,41613808E-9	
124,70000000E-3	554,76887673E-9	
124,90000000E-3	552,04868710E-9	
125,50000000E-3	551,86216402E-9	
125,80000000E-3	553,26311197E-9	
126,30000000E-3	555,49111772E-9	
126,70000000E-3	558,32272435E-9	
127,10000000E-3	561,41548619E-9	
127,50000000E-3	562,32008672E-9	
128,10000000E-3	558,79776860E-9	
128,60000000E-3	551,92484765E-9	
128,90000000E-3	546,66939413E-9	
129,20000000E-3	546,50603775E-9	
129,50000000E-3	548,07900809E-9	
130,40000000E-3	546,36430616E-9	
130,70000000E-3	544,02086779E-9	
131,20000000E-3	546,60069635E-9	
131,50000000E-3	549,38642286E-9	
131,80000000E-3	546,44760540E-9	
132,40000000E-3	540,22510635E-9	
132,60000000E-3	533,71634592E-9	
133,30000000E-3	527,55324259E-9	
133,80000000E-3	524,07466394E-9	
134,10000000E-3	522,47625453E-9	
134,70000000E-3	519,26360800E-9	
134,90000000E-3	511,91361205E-9	
135,50000000E-3	504,43526662E-9	
135,80000000E-3	503,00257193E-9	
136,40000000E-3	505,80626652E-9	
136,70000000E-3	510,15961468E-9	
137,20000000E-3	514,47764827E-9	
137,50000000E-3	517,79803487E-9	
138,10000000E-3	520,77666524E-9	
138,60000000E-3	520,47788710E-9	
138,90000000E-3	514,61304712E-9	
139,50000000E-3	507,19907355E-9	
139,80000000E-3	505,19519874E-9	
140,20000000E-3	505,27187922E-9	
140,60000000E-3	503,55447490E-9	
141,20000000E-3	501,39005698E-9	
141,60000000E-3	502,18459435E-9	
142,00000000E-3	504,73546657E-9	
142,50000000E-3	505,20047896E-9	
142,90000000E-3	500,61813456E-9	
143,10000000E-3	494,64698903E-9	
143,70000000E-3	492,31657173E-9	
144,00000000E-3	491,83965080E-9	
144,60000000E-3	491,07810864E-9	
144,90000000E-3	489,55328368E-9	
145,50000000E-3	487,18705341E-9	
145,80000000E-3	485,01041549E-9	
146,20000000E-3	482,01346137E-9	
146,80000000E-3	478,44677276E-9	
147,10000000E-3	477,12033549E-9	
147,70000000E-3	478,43578504E-9	
148,00000000E-3	479,75698558E-9	
148,60000000E-3	479,97503619E-9	
148,90000000E-3	480,63730129E-9	
149,20000000E-3	482,08324191E-9	
150,00000000E-3	481,36759521E-9	
150,30000000E-3	477,66083633E-9	
150,60000000E-3	474,48488595E-9	
151,20000000E-3	469,92837484E-9	
151,50000000E-3	467,12425303E-9	
152,00000000E-3	466,44391568E-9	
152,30000000E-3	464,52465865E-9	
153,00000000E-3	461,44801487E-9	
153,50000000E-3	456,72561341E-9	
153,70000000E-3	450,86909162E-9	
154,30000000E-3	446,33930232E-9	
154,50000000E-3	446,24988535E-9	
155,20000000E-3	450,12478708E-9	
155,80000000E-3	453,04944756E-9	
156,00000000E-3	455,44371926E-9	
156,30000000E-3	459,08220133E-9	
156,90000000E-3	461,11557768E-9	
157,10000000E-3	461,26904948E-9	
157,70000000E-3	457,60635231E-9	
158,00000000E-3	450,40604971E-9	
158,60000000E-3	443,90590548E-9	
159,10000000E-3	440,04482859E-9	
159,40000000E-3	439,37110089E-9	
160,00000000E-3	441,53822823E-9	
160,30000000E-3	443,07948515E-9	
160,90000000E-3	440,69170664E-9	
161,20000000E-3	437,48755591E-9	
161,70000000E-3	434,28215683E-9	
163,20000000E-3	417,32705481E-9	
163,70000000E-3	414,52871066E-9	
164,00000000E-3	412,36975244E-9	
164,90000000E-3	410,85040224E-9	
165,20000000E-3	407,78421604E-9	
165,60000000E-3	406,75680749E-9	
166,00000000E-3	409,71398158E-9	
166,00000000E-3	413,89177218E-9	
166,90000000E-3	417,50117477E-9	
167,20000000E-3	420,67662350E-9	
167,80000000E-3	420,12774234E-9	
168,10000000E-3	415,26335874E-9	
168,70000000E-3	411,91835706E-9	
169,20000000E-3	411,36330301E-9	
169,50000000E-3	409,72309357E-9	
170,10000000E-3	404,26005621E-9	
170,40000000E-3	398,22691241E-9	
171,00000000E-3	394,14641387E-9	
171,20000000E-3	391,15044047E-9	
171,80000000E-3	387,90146905E-9	
172,10000000E-3	385,60842579E-9	
172,50000000E-3	387,79476687E-9	
172,90000000E-3	391,49774010E-9	
173,20000000E-3	392,63453024E-9	
173,50000000E-3	390,66832280E-9	
174,40000000E-3	389,14005096E-9	
174,70000000E-3	388,57537576E-9	
175,20000000E-3	388,51928706E-9	
175,50000000E-3	385,29557997E-9	
176,10000000E-3	379,28518536E-9	
176,70000000E-3	373,73110583E-9	
177,00000000E-3	368,61955440E-9	
177,50000000E-3	364,41512118E-9	
177,80000000E-3	361,41574446E-9	
178,30000000E-3	359,82787140E-9	
178,60000000E-3	361,82681265E-9	
179,20000000E-3	367,40289572E-9	
179,80000000E-3	373,28349254E-9	
180,10000000E-3	374,80591670E-9	
180,70000000E-3	373,66293776E-9	
181,00000000E-3	376,28162845E-9	
181,30000000E-3	379,82895635E-9	
181,80000000E-3	378,55420883E-9	
182,10000000E-3	375,41147449E-9	
182,40000000E-3	370,93806352E-9	
183,20000000E-3	364,91012455E-9	
183,50000000E-3	360,86767259E-9	
184,10000000E-3	359,83848646E-9	
184,40000000E-3	362,75438675E-9	
184,90000000E-3	367,34718819E-9	
185,20000000E-3	371,72772233E-9	
185,80000000E-3	373,59728227E-9	
186,40000000E-3	369,88708354E-9	
186,70000000E-3	363,06538063E-9	
187,20000000E-3	355,50859018E-9	
187,50000000E-3	351,20840895E-9	
187,90000000E-3	347,41818085E-9	
188,40000000E-3	344,23189318E-9	
188,70000000E-3	344,41842929E-9	
189,50000000E-3	345,44791153E-9	
189,50000000E-3	345,04917609E-9	
190,10000000E-3	343,49405535E-9	
190,70000000E-3	340,77246381E-9	
191,00000000E-3	337,47060146E-9	
191,50000000E-3	335,79529723E-9	
191,80000000E-3	337,68012611E-9	
192,40000000E-3	342,07906159E-9	
192,70000000E-3	345,21787984E-9	
193,30000000E-3	344,80119858E-9	
193,80000000E-3	341,63375015E-9	
194,10000000E-3	338,37990173E-9	
194,70000000E-3	333,96565755E-9	
195,00000000E-3	328,72193526E-9	
195,60000000E-3	322,78504147E-9	
195,90000000E-3	319,78947206E-9	
196,40000000E-3	317,98983501E-9	
197,00000000E-3	318,80836852E-9	
197,30000000E-3	322,67430561E-9	
197,30000000E-3	326,71954232E-9	
198,30000000E-3	329,83838106E-9	
198,30000000E-3	331,40251189E-9	
198,90000000E-3	332,46365178E-9	
199,50000000E-3	331,88222741E-9	
200,00000000E-3	328,89450499E-9	
51E-9	
-Inf	323,06702420E-9	
-Inf	328,31978684E-9	
-Inf	326,82711472E-9	
-Inf	318,74563306E-9	
-Inf	311,62986422E-9	
-Inf	313,20940040E-9	
-Inf	320,21131922E-9	
-Inf	322,11550992E-9	
-Inf	322,20868155E-9	
-Inf	323,15160197E-9	
-Inf	318,80267874E-9	
-Inf	309,71754509E-9	
-Inf	306,37623269E-9	
-Inf	309,49638867E-9	
-Inf	321,39753168E-9	
-Inf	334,78306913E-9	
-Inf	339,94101200E-9	
-Inf	330,92690488E-9	
-Inf	324,70562363E-9	
-Inf	319,80723792E-9	
-Inf	319,64836655E-9	
-Inf	322,55248260E-9	
-Inf	322,68533466E-9	
-Inf	328,73842307E-9	
-Inf	331,80059641E-9	
-Inf	330,65212011E-9	
-Inf	325,95886335E-9	
-Inf	320,07134184E-9	
-Inf	322,89623170E-9	
-Inf	326,48639704E-9	
-Inf	336,16348043E-9	
-Inf	340,41263850E-9	
-Inf	328,11658835E-9	
-Inf	327,96060861E-9	
-Inf	324,42707158E-9	
-Inf	320,64486192E-9	
-Inf	314,26827990E-9	
-Inf	312,48734261E-9	
-Inf	309,17141992E-9	
-Inf	317,55125096E-9	
-Inf	318,47653792E-9	
-Inf	315,13433657E-9	
-Inf	315,61767825E-9	
-Inf	316,44319626E-9	
-Inf	326,99283275E-9	
-Inf	331,61905661E-9	
-Inf	333,94842019E-9	
-Inf	326,82834896E-9	
-Inf	314,63061935E-9	
-Inf	310,28723376E-9	
-Inf	307,97315910E-9	
-Inf	314,52938739E-9	
-Inf	319,08126653E-9	
-Inf	317,76661091E-9	
-Inf	317,16520196E-9	
-Inf	309,74435016E-9	
-Inf	310,26975285E-9	
-Inf	316,29138227E-9	
-Inf	318,32987800E-9	
-Inf	318,90338554E-9	
-Inf	321,77219193E-9	
-Inf	324,04722689E-9	
-Inf	324,55918604E-9	
-Inf	313,84904986E-9	
-Inf	308,98505731E-9	
-Inf	317,73003702E-9	
-Inf	330,33301255E-9	
-Inf	327,40185721E-9	
-Inf	319,04959893E-9	
-Inf	317,11785427E-9	
-Inf	310,70215771E-9	
-Inf	311,30657688E-9	
-Inf	319,13608887E-9	
-Inf	325,53559571E-9	
-Inf	322,46287903E-9	
-Inf	315,50460499E-9	
-Inf	317,44282406E-9	
-Inf	324,85388679E-9	
-Inf	327,35135215E-9	
-Inf	331,97237339E-9	
-Inf	331,57902058E-9	
-Inf	327,85115631E-9	
-Inf	321,17067005E-9	
-Inf	315,92307255E-9	
-Inf	309,97868261E-9	
-Inf	306,47514025E-9	
-Inf	314,08352794E-9	
-Inf	317,41689467E-9	
-Inf	320,07740378E-9	
-Inf	318,22231752E-9	
-Inf	313,97846911E-9	
-Inf	314,57388867E-9	
-Inf	311,70760568E-9	
-Inf	313,21430585E-9	
-Inf	326,40496558E-9	
-Inf	335,69149635E-9	
-Inf	333,48697811E-9	
-Inf	324,09444990E-9	
-Inf	313,81013127E-9	
-Inf	314,48647628E-9	
-Inf	308,75325568E-9	
-Inf	312,97715443E-9	
-Inf	325,36576094E-9	
-Inf	327,14457898E-9	
-Inf	316,71652114E-9	
-Inf	300,99206340E-9	
-Inf	307,83026564E-9	
-Inf	317,02208861E-9	
-Inf	317,21830505E-9	
-Inf	325,92540202E-9	
-Inf	335,76471873E-9	
-Inf	334,84968356E-9	
-Inf	321,78203216E-9	
-Inf	312,05963977E-9	
-Inf	316,28502522E-9	
-Inf	317,12944588E-9	
-Inf	325,48984971E-9	
-Inf	327,54387442E-9	
-Inf	326,72444831E-9	
-Inf	319,15677611E-9	
-Inf	316,41766202E-9	
-Inf	316,80565455E-9	
-Inf	319,60853051E-9	
-Inf	329,86460969E-9	
-Inf	335,45002637E-9	
-Inf	337,03744388E-9	
-Inf	333,85030845E-9	
-Inf	325,78374867E-9	
-Inf	321,42678651E-9	
-Inf	313,09770161E-9	
-Inf	314,28715172E-9	
-Inf	318,15894906E-9	
-Inf	323,89350088E-9	
-Inf	323,89116472E-9	
-Inf	325,70359022E-9	
-Inf	320,47695651E-9	
-Inf	314,61502461E-9	
-Inf	320,44633740E-9	
-Inf	324,38547728E-9	
-Inf	323,43797311E-9	
-Inf	320,58465788E-9	
-Inf	320,15075302E-9	
-Inf	319,00131438E-9	
-Inf	314,26806845E-9	
-Inf	310,49993449E-9	
-Inf	311,10955415E-9	
-Inf	323,80715738E-9	
-Inf	336,12383490E-9	
-Inf	334,93469675E-9	
-Inf	322,55124085E-9	
-Inf	312,49919652E-9	
-Inf	312,17350828E-9	
-Inf	316,97352462E-9	
-Inf	323,47606468E-9	
-Inf	319,19078963E-9	
-Inf	319,33708933E-9	
-Inf	324,88131221E-9	
-Inf	321,35248501E-9	
-Inf	314,23801153E-9	
-Inf	313,96348549E-9	
-Inf	313,58488961E-9	
-Inf	315,13606058E-9	
-Inf	321,60222154E-9	
-Inf	328,90979666E-9	
-Inf	329,62357592E-9	
-Inf	336,66524443E-9	
-Inf	338,45373622E-9	
-Inf	329,35486310E-9	
-Inf	322,71405424E-9	
-Inf	322,13963082E-9	
-Inf	324,53897696E-9	
-Inf	321,83873949E-9	
-Inf	319,73632837E-9	
-Inf	315,46256174E-9	
-Inf	309,79492764E-9	
-Inf	318,05199874E-9	
-Inf	322,11434927E-9	
-Inf	326,67213518E-9	
-Inf	333,67300909E-9	
-Inf	332,62464096E-9	
-Inf	322,30238279E-9	
-Inf	317,06028444E-9	
-Inf	313,71755452E-9	
-Inf	314,65970574E-9	
-Inf	323,92802099E-9	
-Inf	333,38497098E-9	
-Inf	339,72923596E-9	
-Inf	341,04618979E-9	
-Inf	322,78413515E-9	
-Inf	305,26255980E-9	
-Inf	308,23491309E-9	
-Inf	318,25473395E-9	
-Inf	324,21112987E-9	
-Inf	320,06210248E-9	
-Inf	317,20079310E-9	
-Inf	318,98567344E-9	
-Inf	310,17863662E-9	
-Inf	313,06625579E-9	
-Inf	316,35650988E-9	
-Inf	321,61563022E-9	
-Inf	330,38551019E-9	
-Inf	341,84620630E-9	
-Inf	344,24493856E-9	
-Inf	338,78538895E-9	
-Inf	332,99503410E-9	
-Inf	320,21045682E-9	
-Inf	317,32335568E-9	
-Inf	321,86191545E-9	
-Inf	314,98020136E-9	
-Inf	312,41417655E-9	
-Inf	321,52427374E-9	
-Inf	334,63764138E-9	
-Inf	331,98527163E-9	
-Inf	312,98745804E-9	
-Inf	302,61136759E-9	
-Inf	297,87380816E-9	
-Inf	302,91695359E-9	
-Inf	313,89994776E-9	
-Inf	322,47764036E-9	
-Inf	333,81593936E-9	
-Inf	337,82477628E-9	
-Inf	326,36864880E-9	
-Inf	315,36814761E-9	
-Inf	305,84834900E-9	
-Inf	306,28903281E-9	
-Inf	312,18766184E-9	
-Inf	316,75363998E-9	
-Inf	316,67607787E-9	
-Inf	318,34465648E-9	
-Inf	318,91163458E-9	
-Inf	319,07408935E-9	
-Inf	326,97866154E-9	
-Inf	327,89472022E-9	
-Inf	319,13580804E-9	
-Inf	314,61879804E-9	
-Inf	319,13046653E-9	
-Inf	325,10945756E-9	
-Inf	330,10868750E-9	
-Inf	327,61016406E-9	
-Inf	316,93437848E-9	
-Inf	302,42016817E-9	
-Inf	294,55299810E-9	
-Inf	298,93707295E-9	
-Inf	302,77206964E-9	
-Inf	307,54763696E-9	
-Inf	307,13859036E-9	
-Inf	307,48997771E-9	
-Inf	316,99242810E-9	
-Inf	321,57544388E-9	
-Inf	320,79744524E-9	
-Inf	319,71371588E-9	
-Inf	320,51926461E-9	
-Inf	322,76251396E-9	
-Inf	323,35139919E-9	
-Inf	326,54221602E-9	
-Inf	327,42950760E-9	
-Inf	323,58497005E-9	
-Inf	321,20605653E-9	
-Inf	319,20323514E-9	
-Inf	319,69907150E-9	
-Inf	318,21492907E-9	
-Inf	315,97930831E-9	
-Inf	317,25392433E-9	
-Inf	322,91167344E-9	
-Inf	325,69974087E-9	
-Inf	316,07631076E-9	
-Inf	310,44319565E-9	
-Inf	308,59512052E-9	
-Inf	311,94538947E-9	
-Inf	311,39606408E-9	
-Inf	309,84044688E-9	
-Inf	310,89330820E-9	
-Inf	310,37201256E-9	
-Inf	310,52646899E-9	
-Inf	315,27694452E-9	
-Inf	316,30949447E-9	
-Inf	316,29070514E-9	
-Inf	312,04304083E-9	
-Inf	318,99709562E-9	
-Inf	325,43280071E-9	
-Inf	325,10764006E-9	
-Inf	328,87071990E-9	
-Inf	334,19131985E-9	
-Inf	333,51212447E-9	
-Inf	331,07956961E-9	
-Inf	317,69808587E-9	
-Inf	308,66006880E-9	
-Inf	313,63821677E-9	
-Inf	316,62265568E-9	
-Inf	327,81105601E-9	
-Inf	330,95528239E-9	
-Inf	323,28514077E-9	
-Inf	315,24278239E-9	
-Inf	305,95130981E-9	
-Inf	304,62735217E-9	
-Inf	308,94555016E-9	
-Inf	320,19833596E-9	
-Inf	322,76023031E-9	
-Inf	324,67338016E-9	
-Inf	327,58196291E-9	
-Inf	323,39412077E-9	
-Inf	320,21701381E-9	
-Inf	315,42822523E-9	
-Inf	312,45178953E-9	
-Inf	313,90030173E-9	
-Inf	319,63613181E-9	
-Inf	324,21561995E-9	
-Inf	328,18716433E-9	
-Inf	326,34369025E-9	
-Inf	322,53135286E-9	
-Inf	324,65584603E-9	
-Inf	327,92605402E-9	
-Inf	326,97512693E-9	
-Inf	320,27161323E-9	
-Inf	308,83138100E-9	
-Inf	307,59223990E-9	
-Inf	322,72679106E-9	
-Inf	318,20134758E-9	
-Inf	305,93759489E-9	
-Inf	299,27475835E-9	
-Inf	307,19109615E-9	
-Inf	321,26947345E-9	
-Inf	319,37351990E-9	
-Inf	317,11399501E-9	
-Inf	321,51653422E-9	
-Inf	324,13795912E-9	
-Inf	316,05278476E-9	
-Inf	307,12067744E-9	
-Inf	307,30235353E-9	
-Inf	316,36510909E-9	
-Inf	327,12012482E-9	
-Inf	333,41980146E-9	
-Inf	329,96991960E-9	
-Inf	325,13532770E-9	
-Inf	328,24237295E-9	
-Inf	324,96744922E-9	
-Inf	317,88431030E-9	
-Inf	310,56261885E-9	
-Inf	308,99191262E-9	
-Inf	316,74159291E-9	
-Inf	323,44991216E-9	
-Inf	317,10084390E-9	
-Inf	308,46606674E-9	
-Inf	316,46482464E-9	
-Inf	322,46099864E-9	
-Inf	318,48568822E-9	
-Inf	313,41100073E-9	
-Inf	313,18989816E-9	
-Inf	310,11646457E-9	
-Inf	306,32971771E-9	
-Inf	313,77995150E-9	
-Inf	321,39760651E-9	
-Inf	321,38926150E-9	
-Inf	322,91758570E-9	
-Inf	313,33498630E-9	
-Inf	309,00747265E-9	
-Inf	303,67020848E-9	
-Inf	295,30314516E-9	
-Inf	304,53504484E-9	
-Inf	319,07079113E-9	
-Inf	327,52276900E-9	
-Inf	324,79489401E-9	
-Inf	318,40638207E-9	
-Inf	313,59088884E-9	
-Inf	319,57767065E-9	
-Inf	328,97098280E-9	
-Inf	322,44184702E-9	
-Inf	318,21690001E-9	
-Inf	322,88222823E-9	
-Inf	322,22619276E-9	
-Inf	316,03355144E-9	
-Inf	315,22721339E-9	
-Inf	319,07607536E-9	
-Inf	320,60697203E-9	
-Inf	323,96443321E-9	
-Inf	331,92409539E-9	
-Inf	338,28139233E-9	
-Inf	332,54743971E-9	
-Inf	322,96528721E-9	
-Inf	325,22070887E-9	
-Inf	323,36238907E-9	
-Inf	315,80330726E-9	
-Inf	315,90050679E-9	
-Inf	321,26142140E-9	
-Inf	332,99656157E-9	
-Inf	331,56337992E-9	
-Inf	314,41656641E-9	
-Inf	300,37749353E-9	
-Inf	298,29994375E-9	
-Inf	308,57946714E-9	
-Inf	309,13083105E-9	
-Inf	300,84053416E-9	
-Inf	303,58381374E-9	
-Inf	317,26449065E-9	
-Inf	319,42544405E-9	
-Inf	311,66402575E-9	
-Inf	304,82567635E-9	
-Inf	306,81833854E-9	
-Inf	311,53541343E-9	
-Inf	322,85370784E-9	
-Inf	337,79709528E-9	
-Inf	341,33234633E-9	
-Inf	331,39731033E-9	
-Inf	328,73930548E-9	
-Inf	327,49159099E-9	
-Inf	322,88131410E-9	
-Inf	318,40032934E-9	
-Inf	323,42526736E-9	
-Inf	323,65231761E-9	
-Inf	325,60911298E-9	
-Inf	331,30383996E-9	
-Inf	330,27049201E-9	
-Inf	317,81252730E-9	
-Inf	309,37059566E-9	
-Inf	303,92420635E-9	
-Inf	300,54540744E-9	
-Inf	310,82426246E-9	
-Inf	322,28269722E-9	
-Inf	317,31163608E-9	
-Inf	315,58767836E-9	
-Inf	329,66268739E-9	
-Inf	334,47331643E-9	
-Inf	333,07867893E-9	
-Inf	330,55027702E-9	
-Inf	324,41868075E-9	
-Inf	322,46906195E-9	
-Inf	324,17998292E-9	
-Inf	324,23092766E-9	
-Inf	323,27387060E-9	
-Inf	319,34597557E-9	
-Inf	321,01986561E-9	
-Inf	319,72812282E-9	
-Inf	320,39769155E-9	
-Inf	322,33743629E-9	
-Inf	321,65208466E-9	
-Inf	311,57448548E-9	
-Inf	309,05266308E-9	
-Inf	318,79136473E-9	
-Inf	322,96788956E-9	
-Inf	321,15041325E-9	
-Inf	323,16496803E-9	
-Inf	326,52118549E-9	
-Inf	324,16113948E-9	
-Inf	318,45211795E-9	
-Inf	324,55339201E-9	
-Inf	328,60772345E-9	
-Inf	319,40560601E-9	
-Inf	310,62969645E-9	
-Inf	310,49941469E-9	
-Inf	323,62333574E-9	
-Inf	329,33010573E-9	
-Inf	329,14143283E-9	
-Inf	316,56291574E-9	
-Inf	303,86128216E-9	
-Inf	303,64381860E-9	
-Inf	313,16020758E-9	
-Inf	313,94032606E-9	
-Inf	316,88287870E-9	
-Inf	315,52541321E-9	
-Inf	321,23030854E-9	
-Inf	331,62979201E-9	
-Inf	327,17277477E-9	
-Inf	313,66276411E-9	
-Inf	309,09257441E-9	
-Inf	305,02893094E-9	
-Inf	310,66452306E-9	
-Inf	325,46892225E-9	
-Inf	331,31732316E-9	
-Inf	323,12543046E-9	
-Inf	320,29547260E-9	
-Inf	309,07611392E-9	
-Inf	306,86866419E-9	
-Inf	317,43328925E-9	
-Inf	323,35503244E-9	
-Inf	321,74804511E-9	
-Inf	316,37689553E-9	
-Inf	322,42768146E-9	
-Inf	321,82494983E-9	
-Inf	316,77525035E-9	
-Inf	316,11789057E-9	
-Inf	326,03233739E-9	
-Inf	327,35391984E-9	
-Inf	324,10590945E-9	
-Inf	319,11289719E-9	
-Inf	313,17183719E-9	
-Inf	310,07217689E-9	
-Inf	315,55977831E-9	
-Inf	325,07071027E-9	
-Inf	329,38307395E-9	
-Inf	324,42770592E-9	
-Inf	318,01322298E-9	
-Inf	312,70584985E-9	
-Inf	303,15687294E-9	
-Inf	301,56132022E-9	
-Inf	311,19060202E-9	
-Inf	319,30807526E-9	
-Inf	322,88558854E-9	
-Inf	322,65765024E-9	
-Inf	321,40564250E-9	
-Inf	315,56732012E-9	
-Inf	311,17319444E-9	
-Inf	312,54198436E-9	
-Inf	312,56912968E-9	
-Inf	307,82572957E-9	
-Inf	315,79572274E-9	
-Inf	329,60896609E-9	
-Inf	339,10375430E-9	
-Inf	339,45099394E-9	
-Inf	330,73024611E-9	
-Inf	318,65933375E-9	
-Inf	311,28658025E-9	
-Inf	310,58293002E-9	
-Inf	311,80793510E-9	
-Inf	313,85572274E-9	
-Inf	313,05328044E-9	
-Inf	313,08124563E-9	
-Inf	308,89446136E-9	
-Inf	305,16137630E-9	
-Inf	311,67884055E-9	
-Inf	310,89453801E-9	
-Inf	305,52061496E-9	
-Inf	310,93708106E-9	
-Inf	321,42926714E-9	
-Inf	332,42157416E-9	
-Inf	331,43770468E-9	
-Inf	329,82707012E-9	
-Inf	333,26945083E-9	
-Inf	334,21040424E-9	
-Inf	325,60437640E-9	
-Inf	329,09458058E-9	
-Inf	338,74360747E-9	
-Inf	346,97730283E-9	
-Inf	350,98565858E-9	
-Inf	349,53932211E-9	
-Inf	347,47570273E-9	
-Inf	347,29607737E-9	
-Inf	345,87574909E-9	
-Inf	345,16520367E-9	
-Inf	345,74403004E-9	
-Inf	346,93748019E-9	
-Inf	355,06808532E-9	
-Inf	358,46167875E-9	
-Inf	365,39737948E-9	
-Inf	367,15545746E-9	
-Inf	367,54985970E-9	
-Inf	365,90505243E-9	
-Inf	368,68330213E-9	
-Inf	368,37900714E-9	
-Inf	367,43176437E-9	
-Inf	376,61124823E-9	
-Inf	382,40271034E-9	
-Inf	385,14484628E-9	
-Inf	383,36322473E-9	
-Inf	372,47316958E-9	
-Inf	370,86950266E-9	
-Inf	377,52917352E-9	
-Inf	388,57605437E-9	
-Inf	396,63542911E-9	
-Inf	403,56429588E-9	
-Inf	409,29843600E-9	
-Inf	400,34834613E-9	
-Inf	388,56655124E-9	
-Inf	385,57553086E-9	
-Inf	390,26327237E-9	
-Inf	398,60443500E-9	
-Inf	410,33989762E-9	
-Inf	412,06748674E-9	
-Inf	417,18056152E-9	
-Inf	417,09452742E-9	
-Inf	422,41270787E-9	
-Inf	432,44533090E-9	
-Inf	426,66538941E-9	
-Inf	411,49901190E-9	
-Inf	408,62273042E-9	
-Inf	421,52472786E-9	
-Inf	433,64795277E-9	
-Inf	438,94410914E-9	
-Inf	440,71465649E-9	
-Inf	442,07556467E-9	
-Inf	440,04765600E-9	
-Inf	445,13721799E-9	
-Inf	458,25894486E-9	
-Inf	462,57993702E-9	
-Inf	457,71561147E-9	
-Inf	463,70968928E-9	
-Inf	472,77661723E-9	
-Inf	479,73040527E-9	
-Inf	481,64014950E-9	
-Inf	475,24673078E-9	
-Inf	470,22642907E-9	
-Inf	467,18594398E-9	
-Inf	480,46659796E-9	
-Inf	494,11886909E-9	
-Inf	487,62171794E-9	
-Inf	477,17581428E-9	
-Inf	480,90482183E-9	
-Inf	486,77227953E-9	
-Inf	490,97372711E-9	
-Inf	485,40690691E-9	
-Inf	487,70406183E-9	
-Inf	501,83927019E-9	
-Inf	506,30337588E-9	
-Inf	510,49357805E-9	
-Inf	517,49044455E-9	
-Inf	523,58262926E-9	
-Inf	525,60430214E-9	
-Inf	523,16704780E-9	
-Inf	520,78157739E-9	
-Inf	516,13812371E-9	
-Inf	513,63597066E-9	
-Inf	520,93723964E-9	
-Inf	534,49982624E-9	
-Inf	544,91552141E-9	
-Inf	552,88730434E-9	
-Inf	548,96798260E-9	
-Inf	545,73815317E-9	
-Inf	546,88249721E-9	
-Inf	551,05005235E-9	
-Inf	558,20795464E-9	
-Inf	562,18519725E-9	
-Inf	562,84605599E-9	
-Inf	569,52488350E-9	
-Inf	566,36736357E-9	
-Inf	559,59725831E-9	
-Inf	556,55682759E-9	
-Inf	563,34906429E-9	
-Inf	578,98245575E-9	
-Inf	580,86321307E-9	
-Inf	583,10395409E-9	
-Inf	584,49005029E-9	
-Inf	586,15694193E-9	
-Inf	595,72394808E-9	
-Inf	607,62762966E-9	
-Inf	607,94787480E-9	
-Inf	596,11321714E-9	
-Inf	596,43650291E-9	
-Inf	605,69183473E-9	
-Inf	607,62409513E-9	
-Inf	615,07281321E-9	
-Inf	623,35514700E-9	
-Inf	622,56169478E-9	
-Inf	619,43057629E-9	
-Inf	615,67455393E-9	
-Inf	611,38251438E-9	
-Inf	618,12601252E-9	
-Inf	627,19123634E-9	
