-200,00000000E-3	300,66321750E-9	
-199,90000000E-3	302,94984698E-9	
-200,00000000E-3	303,84466294E-9	
-199,80000000E-3	297,80990161E-9	
-199,40000000E-3	298,36539934E-9	
-199,30000000E-3	305,02164899E-9	
-198,80000000E-3	309,08568819E-9	
-198,30000000E-3	307,09105455E-9	
-198,00000000E-3	304,82909949E-9	
-197,40000000E-3	312,11086380E-9	
-197,00000000E-3	316,60299727E-9	
-196,60000000E-3	312,42327323E-9	
-195,90000000E-3	308,04246834E-9	
-195,20000000E-3	313,75794491E-9	
-194,70000000E-3	318,73912458E-9	
-194,20000000E-3	319,67897979E-9	
-193,70000000E-3	313,88542222E-9	
-193,20000000E-3	307,90083116E-9	
-192,50000000E-3	311,60424216E-9	
-191,80000000E-3	310,73256903E-9	
-191,20000000E-3	308,66222430E-9	
-190,70000000E-3	313,85843272E-9	
-190,10000000E-3	318,33580371E-9	
-189,50000000E-3	317,37553959E-9	
-188,90000000E-3	311,63572283E-9	
-188,30000000E-3	309,33400135E-9	
-187,70000000E-3	309,09137641E-9	
-187,10000000E-3	307,23033415E-9	
-186,40000000E-3	304,90008072E-9	
-185,70000000E-3	301,52964258E-9	
-185,00000000E-3	303,78023343E-9	
-184,40000000E-3	307,31792345E-9	
-183,90000000E-3	304,23184285E-9	
-183,30000000E-3	297,89077100E-9	
-182,60000000E-3	293,70383036E-9	
-182,10000000E-3	292,73199897E-9	
-181,40000000E-3	294,86492642E-9	
-180,90000000E-3	297,57389142E-9	
-180,30000000E-3	300,81033622E-9	
-179,70000000E-3	307,94897755E-9	
-179,10000000E-3	313,15704911E-9	
-178,50000000E-3	305,16966797E-9	
-177,80000000E-3	290,85240827E-9	
-177,10000000E-3	279,43431329E-9	
-176,40000000E-3	277,20932655E-9	
-175,70000000E-3	284,13493500E-9	
-175,20000000E-3	287,25813615E-9	
-174,60000000E-3	290,71557155E-9	
-174,00000000E-3	295,43504489E-9	
-173,40000000E-3	299,58164979E-9	
-172,80000000E-3	295,20374235E-9	
-172,20000000E-3	288,47683142E-9	
-171,50000000E-3	289,35939112E-9	
-170,90000000E-3	289,80288286E-9	
-170,30000000E-3	289,28166395E-9	
-169,70000000E-3	293,03155593E-9	
-169,10000000E-3	292,28429179E-9	
-168,50000000E-3	290,49784427E-9	
-167,90000000E-3	288,77963560E-9	
-167,30000000E-3	280,19286109E-9	
-166,60000000E-3	277,15861416E-9	
-165,80000000E-3	282,02511623E-9	
-165,20000000E-3	288,17371190E-9	
-164,60000000E-3	283,21053589E-9	
-164,00000000E-3	272,40251562E-9	
-163,40000000E-3	274,22112466E-9	
-162,80000000E-3	282,10463752E-9	
-162,20000000E-3	283,63391073E-9	
-161,60000000E-3	278,86402247E-9	
-161,00000000E-3	274,84298229E-9	
-160,40000000E-3	271,02259595E-9	
-159,80000000E-3	272,86943703E-9	
-159,20000000E-3	278,08086496E-9	
-158,60000000E-3	281,41412160E-9	
-158,00000000E-3	279,12436971E-9	
-157,30000000E-3	280,05172894E-9	
-156,60000000E-3	280,79182601E-9	
-155,90000000E-3	282,62796323E-9	
-155,30000000E-3	287,64063920E-9	
-154,60000000E-3	287,35541262E-9	
-154,00000000E-3	282,79409328E-9	
-153,40000000E-3	283,06790718E-9	
-152,90000000E-3	282,04394602E-9	
-152,20000000E-3	279,15511697E-9	
-151,60000000E-3	273,51361578E-9	
-151,00000000E-3	267,84167308E-9	
-150,70000000E-3	266,11974196E-9	
-149,80000000E-3	268,19014548E-9	
-149,20000000E-3	274,15120446E-9	
-148,60000000E-3	279,95303421E-9	
-148,00000000E-3	278,43925754E-9	
-147,40000000E-3	270,61300890E-9	
-146,80000000E-3	265,78767720E-9	
-146,20000000E-3	267,49809824E-9	
-145,30000000E-3	272,16190144E-9	
-144,70000000E-3	272,57296468E-9	
-144,40000000E-3	267,33161196E-9	
-143,70000000E-3	262,77673736E-9	
-143,20000000E-3	261,85534203E-9	
-142,60000000E-3	261,81486160E-9	
-142,00000000E-3	256,56358660E-9	
-141,30000000E-3	251,05270415E-9	
-140,70000000E-3	250,96750209E-9	
-140,10000000E-3	254,99416357E-9	
-139,40000000E-3	256,00230657E-9	
-138,80000000E-3	253,18340676E-9	
-138,00000000E-3	252,44959632E-9	
-137,50000000E-3	257,20646429E-9	
-136,90000000E-3	260,47448308E-9	
-136,20000000E-3	262,69492938E-9	
-135,60000000E-3	263,64955770E-9	
-135,00000000E-3	262,38830692E-9	
-134,40000000E-3	255,57244869E-9	
-133,80000000E-3	245,73101999E-9	
-133,20000000E-3	239,37424989E-9	
-132,60000000E-3	235,45620020E-9	
-132,00000000E-3	232,36391001E-9	
-131,40000000E-3	231,38014259E-9	
-130,80000000E-3	231,35845701E-9	
-130,20000000E-3	232,56135131E-9	
-129,50000000E-3	234,84392821E-9	
-128,70000000E-3	234,29283412E-9	
-128,10000000E-3	233,74987293E-9	
-127,50000000E-3	231,13691005E-9	
-126,90000000E-3	224,45271652E-9	
-126,30000000E-3	224,56110962E-9	
-125,70000000E-3	224,53384001E-9	
-125,20000000E-3	223,09075207E-9	
-124,50000000E-3	225,74452446E-9	
-123,90000000E-3	229,76420730E-9	
-123,30000000E-3	229,49938490E-9	
-122,70000000E-3	228,10203599E-9	
-122,10000000E-3	226,81093246E-9	
-121,50000000E-3	223,29693041E-9	
-120,90000000E-3	215,47851929E-9	
-120,30000000E-3	219,68961210E-9	
-119,70000000E-3	227,72868596E-9	
-118,90000000E-3	228,65824482E-9	
-118,20000000E-3	225,91171924E-9	
-117,60000000E-3	219,37181147E-9	
-116,90000000E-3	219,48468155E-9	
-116,30000000E-3	224,92110429E-9	
-115,70000000E-3	225,00448034E-9	
-115,10000000E-3	222,93618478E-9	
-114,50000000E-3	222,34718246E-9	
-113,90000000E-3	217,73903934E-9	
-113,30000000E-3	214,13199512E-9	
-112,70000000E-3	210,06459061E-9	
-112,10000000E-3	205,56180500E-9	
-111,50000000E-3	204,75127941E-9	
-110,90000000E-3	206,36875799E-9	
-110,30000000E-3	208,67811014E-9	
-109,70000000E-3	210,46557051E-9	
-109,00000000E-3	211,80480109E-9	
-108,50000000E-3	215,69800536E-9	
-107,90000000E-3	215,07980751E-9	
-107,10000000E-3	213,01651659E-9	
-106,40000000E-3	207,99506962E-9	
-105,80000000E-3	204,93436764E-9	
-105,20000000E-3	200,54863851E-9	
-104,50000000E-3	197,72735194E-9	
-103,90000000E-3	201,46008689E-9	
-103,30000000E-3	203,41390325E-9	
-102,70000000E-3	199,57267766E-9	
-102,10000000E-3	193,90209809E-9	
-101,50000000E-3	186,11788127E-9	
-100,90000000E-3	180,52249061E-9	
-100,20000000E-3	180,77780640E-9	
-99,60000000E-3	184,72664198E-9	
-99,00000000E-3	192,68505429E-9	
-98,40000000E-3	191,68216918E-9	
-97,90000000E-3	180,57571215E-9	
-97,10000000E-3	170,35287151E-9	
-96,60000000E-3	167,91322508E-9	
-95,90000000E-3	168,43494077E-9	
-95,30000000E-3	172,83629898E-9	
-94,70000000E-3	173,23736499E-9	
-94,10000000E-3	174,69459029E-9	
-93,40000000E-3	178,07085694E-9	
-92,80000000E-3	175,93388697E-9	
-92,20000000E-3	177,12171059E-9	
-91,60000000E-3	180,45865996E-9	
-90,90000000E-3	179,66792238E-9	
-90,40000000E-3	174,98449069E-9	
-89,70000000E-3	168,24879032E-9	
-89,10000000E-3	168,16299648E-9	
-88,50000000E-3	172,37248629E-9	
-87,90000000E-3	168,09556050E-9	
-87,50000000E-3	163,73539723E-9	
-86,90000000E-3	162,77427386E-9	
-86,30000000E-3	163,99475859E-9	
-85,40000000E-3	165,39981820E-9	
-85,00000000E-3	164,73422779E-9	
-84,40000000E-3	158,09553455E-9	
-83,50000000E-3	152,42119431E-9	
-83,20000000E-3	150,24244209E-9	
-82,50000000E-3	151,02225947E-9	
-82,00000000E-3	151,94729231E-9	
-81,30000000E-3	144,68577612E-9	
-80,70000000E-3	140,42607477E-9	
-80,10000000E-3	144,36197384E-9	
-79,50000000E-3	151,98455641E-9	
-78,80000000E-3	157,47076629E-9	
-78,20000000E-3	158,22608448E-9	
-77,60000000E-3	153,36703028E-9	
-77,00000000E-3	151,23845147E-9	
-76,40000000E-3	156,50638519E-9	
-75,70000000E-3	163,15476894E-9	
-75,10000000E-3	162,36654623E-9	
-74,50000000E-3	154,85846932E-9	
-73,90000000E-3	148,02650864E-9	
-73,20000000E-3	142,93242812E-9	
-72,60000000E-3	141,10974041E-9	
-72,00000000E-3	144,91001970E-9	
-71,40000000E-3	145,53851423E-9	
-70,70000000E-3	139,78333771E-9	
-70,10000000E-3	133,72410120E-9	
-69,50000000E-3	135,22487039E-9	
-68,90000000E-3	142,65627545E-9	
-68,30000000E-3	143,62598568E-9	
-67,60000000E-3	137,53596343E-9	
-67,10000000E-3	130,30586672E-9	
-66,40000000E-3	123,41482020E-9	
-65,80000000E-3	124,92004551E-9	
-65,20000000E-3	125,66525890E-9	
-64,50000000E-3	127,00342051E-9	
-63,90000000E-3	129,15553770E-9	
-63,30000000E-3	134,06186196E-9	
-62,70000000E-3	135,85675364E-9	
-62,00000000E-3	135,19223360E-9	
-61,40000000E-3	130,49404441E-9	
-60,80000000E-3	126,13884101E-9	
-60,20000000E-3	122,11002940E-9	
-59,50000000E-3	115,50057268E-9	
-58,90000000E-3	109,96327174E-9	
-58,30000000E-3	108,16362157E-9	
-57,70000000E-3	114,39657421E-9	
-57,00000000E-3	118,60202732E-9	
-56,40000000E-3	119,77475072E-9	
-55,80000000E-3	120,94749923E-9	
-55,20000000E-3	119,73431403E-9	
-54,50000000E-3	120,76260391E-9	
-53,90000000E-3	124,14306127E-9	
-53,30000000E-3	118,87238819E-9	
-52,60000000E-3	111,59163703E-9	
-52,00000000E-3	106,77500821E-9	
-51,40000000E-3	99,14553584E-9	
-50,80000000E-3	92,21812553E-9	
-50,20000000E-3	94,93334445E-9	
-49,60000000E-3	105,53033649E-9	
-49,00000000E-3	113,40932084E-9	
-48,30000000E-3	111,35180574E-9	
-47,70000000E-3	101,52374090E-9	
-47,10000000E-3	91,02890465E-9	
-46,50000000E-3	86,01652506E-9	
-45,90000000E-3	84,79911480E-9	
-45,30000000E-3	80,74594318E-9	
-44,60000000E-3	85,36418434E-9	
-44,00000000E-3	93,38493918E-9	
-43,40000000E-3	100,05522370E-9	
-42,80000000E-3	102,44259827E-9	
-42,10000000E-3	93,10806508E-9	
-41,50000000E-3	86,72685800E-9	
-40,90000000E-3	92,16090067E-9	
-40,30000000E-3	101,68686310E-9	
-39,60000000E-3	105,25739200E-9	
-39,00000000E-3	105,94570936E-9	
-38,40000000E-3	104,74310252E-9	
-37,80000000E-3	100,86896746E-9	
-37,20000000E-3	99,05019766E-9	
-36,60000000E-3	96,50767586E-9	
-35,90000000E-3	93,77889075E-9	
-35,30000000E-3	90,66827806E-9	
-34,70000000E-3	96,61410432E-9	
-34,10000000E-3	99,44024196E-9	
-33,40000000E-3	91,51084837E-9	
-32,80000000E-3	84,03928199E-9	
-32,20000000E-3	82,79570001E-9	
-31,50000000E-3	86,01086500E-9	
-30,90000000E-3	87,79224889E-9	
-30,30000000E-3	86,95499040E-9	
-29,70000000E-3	84,10706637E-9	
-29,10000000E-3	83,40501164E-9	
-28,40000000E-3	84,95877447E-9	
-27,80000000E-3	89,97919780E-9	
-27,20000000E-3	91,44599766E-9	
-26,60000000E-3	91,23453938E-9	
-26,00000000E-3	87,46336331E-9	
-25,30000000E-3	81,25776143E-9	
-24,70000000E-3	81,39580617E-9	
-24,00000000E-3	83,60123702E-9	
-23,30000000E-3	80,41145524E-9	
-22,80000000E-3	77,27163103E-9	
-22,30000000E-3	79,84097065E-9	
-21,70000000E-3	80,46785262E-9	
-21,10000000E-3	77,70733797E-9	
-20,50000000E-3	77,54198911E-9	
-19,80000000E-3	80,51006631E-9	
-19,20000000E-3	78,58878530E-9	
-18,30000000E-3	76,84733808E-9	
-18,00000000E-3	77,66452743E-9	
-17,00000000E-3	79,49716573E-9	
-16,70000000E-3	80,19439753E-9	
-16,10000000E-3	83,18918134E-9	
-15,50000000E-3	82,38820206E-9	
-14,90000000E-3	80,80743842E-9	
-14,20000000E-3	76,58772968E-9	
-13,60000000E-3	73,53529886E-9	
-13,00000000E-3	72,49418604E-9	
-12,40000000E-3	73,50380147E-9	
-11,70000000E-3	74,00023405E-9	
-11,20000000E-3	73,05181335E-9	
-10,50000000E-3	72,54862039E-9	
-9,90000000E-3	72,61209337E-9	
-9,30000000E-3	71,39846642E-9	
-8,70000000E-3	67,68405573E-9	
-8,00000000E-3	59,74160888E-9	
-7,50000000E-3	52,79928993E-9	
-6,80000000E-3	53,82814274E-9	
-6,20000000E-3	56,56824636E-9	
-5,50000000E-3	56,63910979E-9	
-5,00000000E-3	57,13118533E-9	
-4,40000000E-3	56,82513746E-9	
-3,70000000E-3	60,29987575E-9	
-3,10000000E-3	70,66291642E-9	
-2,40000000E-3	80,96542522E-9	
-1,80000000E-3	81,84223640E-9	
-1,10000000E-3	75,52717396E-9	
-500,00000000E-6	71,41798275E-9	
200,00000000E-6	72,62397899E-9	
800,00000000E-6	74,11768659E-9	
1,40000000E-3	72,68839043E-9	
2,10000000E-3	69,39476030E-9	
2,70000000E-3	68,72062238E-9	
3,30000000E-3	72,30878365E-9	
4,00000000E-3	79,26544658E-9	
4,60000000E-3	82,74822356E-9	
5,20000000E-3	79,91400476E-9	
5,80000000E-3	78,47386671E-9	
6,40000000E-3	79,49350550E-9	
7,00000000E-3	80,78950438E-9	
7,70000000E-3	75,79312982E-9	
8,30000000E-3	69,30933009E-9	
8,90000000E-3	70,27424697E-9	
9,60000000E-3	76,21408706E-9	
10,20000000E-3	78,27099667E-9	
10,80000000E-3	82,45797209E-9	
11,40000000E-3	89,94244434E-9	
12,00000000E-3	91,78412583E-9	
12,70000000E-3	80,89075007E-9	
13,30000000E-3	72,09401045E-9	
13,90000000E-3	72,30695362E-9	
14,50000000E-3	69,06621777E-9	
15,20000000E-3	67,34196569E-9	
15,80000000E-3	69,76621492E-9	
15,80000000E-3	70,10830367E-9	
16,90000000E-3	71,27314870E-9	
17,50000000E-3	77,30290358E-9	
18,10000000E-3	80,09956214E-9	
18,70000000E-3	76,64286301E-9	
19,30000000E-3	78,56589923E-9	
19,90000000E-3	85,63315487E-9	
20,50000000E-3	84,58505424E-9	
21,40000000E-3	84,16093697E-9	
22,00000000E-3	87,07407557E-9	
22,60000000E-3	82,59426866E-9	
23,20000000E-3	75,48488340E-9	
23,80000000E-3	74,21271573E-9	
24,40000000E-3	79,70495678E-9	
25,00000000E-3	83,76570016E-9	
25,60000000E-3	84,11075705E-9	
26,10000000E-3	83,43629137E-9	
27,00000000E-3	88,17969667E-9	
27,50000000E-3	89,27785055E-9	
28,10000000E-3	85,40993542E-9	
28,60000000E-3	86,26694272E-9	
29,20000000E-3	94,46694130E-9	
30,10000000E-3	105,35895076E-9	
30,70000000E-3	105,05335394E-9	
31,20000000E-3	94,27945354E-9	
31,80000000E-3	85,06030548E-9	
32,30000000E-3	82,61382591E-9	
33,00000000E-3	87,40946055E-9	
33,80000000E-3	88,72768698E-9	
34,40000000E-3	86,91168248E-9	
34,90000000E-3	88,04960793E-9	
35,50000000E-3	93,59585316E-9	
36,10000000E-3	107,47981173E-9	
36,90000000E-3	111,73504542E-9	
37,50000000E-3	104,52137761E-9	
38,10000000E-3	98,64844074E-9	
38,60000000E-3	102,01064761E-9	
39,20000000E-3	102,04053640E-9	
39,80000000E-3	97,90838728E-9	
40,60000000E-3	97,98261603E-9	
41,20000000E-3	101,12973927E-9	
41,70000000E-3	105,28051826E-9	
42,30000000E-3	105,73121965E-9	
43,10000000E-3	102,87822474E-9	
43,70000000E-3	99,64405578E-9	
44,30000000E-3	106,04477096E-9	
44,80000000E-3	113,87514613E-9	
45,40000000E-3	115,64362074E-9	
46,10000000E-3	113,88121924E-9	
46,80000000E-3	116,33661674E-9	
47,30000000E-3	114,14131312E-9	
47,90000000E-3	107,09999188E-9	
48,60000000E-3	107,18287072E-9	
49,30000000E-3	116,10923134E-9	
49,80000000E-3	119,19805299E-9	
50,40000000E-3	119,21736612E-9	
50,70000000E-3	126,64707409E-9	
51,70000000E-3	130,76618958E-9	
52,20000000E-3	130,10561373E-9	
52,80000000E-3	126,28697904E-9	
53,40000000E-3	120,76127831E-9	
54,00000000E-3	122,94096248E-9	
54,70000000E-3	128,95908155E-9	
55,40000000E-3	131,10627162E-9	
55,90000000E-3	128,21239221E-9	
56,50000000E-3	126,69477240E-9	
57,20000000E-3	130,11440829E-9	
57,80000000E-3	142,94447040E-9	
58,40000000E-3	153,32531466E-9	
59,00000000E-3	151,73757876E-9	
59,60000000E-3	148,23072621E-9	
60,30000000E-3	145,81794585E-9	
60,90000000E-3	144,49737216E-9	
61,50000000E-3	146,66131392E-9	
62,10000000E-3	146,87830022E-9	
62,80000000E-3	146,45829791E-9	
63,40000000E-3	152,84846493E-9	
64,00000000E-3	155,08085254E-9	
64,60000000E-3	151,65184144E-9	
65,30000000E-3	151,13785074E-9	
65,90000000E-3	149,65933144E-9	
66,40000000E-3	150,98842485E-9	
67,10000000E-3	155,82142450E-9	
67,80000000E-3	156,43946536E-9	
68,40000000E-3	149,89741238E-9	
68,90000000E-3	147,26296832E-9	
69,60000000E-3	151,04763870E-9	
70,10000000E-3	156,27029451E-9	
71,00000000E-3	161,40057736E-9	
71,50000000E-3	163,53444602E-9	
72,10000000E-3	163,21309584E-9	
72,80000000E-3	168,12301410E-9	
73,50000000E-3	178,04209023E-9	
73,90000000E-3	177,31661328E-9	
74,50000000E-3	167,86604351E-9	
75,10000000E-3	168,01166909E-9	
75,90000000E-3	179,42766323E-9	
76,40000000E-3	179,95029469E-9	
76,70000000E-3	170,27601968E-9	
77,60000000E-3	165,04137152E-9	
78,20000000E-3	169,60416426E-9	
78,80000000E-3	180,50394712E-9	
79,50000000E-3	182,53974258E-9	
80,10000000E-3	184,21495767E-9	
80,60000000E-3	190,44721560E-9	
81,30000000E-3	187,90070060E-9	
82,00000000E-3	182,06225017E-9	
82,60000000E-3	181,04425833E-9	
83,10000000E-3	179,47549900E-9	
83,80000000E-3	183,55529974E-9	
84,60000000E-3	190,23473249E-9	
85,10000000E-3	194,66352353E-9	
85,60000000E-3	192,26141742E-9	
86,30000000E-3	185,89316617E-9	
87,00000000E-3	183,34758421E-9	
87,60000000E-3	189,06873945E-9	
88,10000000E-3	192,07480124E-9	
88,80000000E-3	192,47676449E-9	
89,50000000E-3	196,27038744E-9	
90,00000000E-3	200,63189380E-9	
90,60000000E-3	203,45962993E-9	
91,30000000E-3	205,09529785E-9	
92,00000000E-3	208,29006292E-9	
92,60000000E-3	209,89746598E-9	
93,10000000E-3	206,10309786E-9	
94,00000000E-3	200,57336882E-9	
94,30000000E-3	200,04774904E-9	
95,10000000E-3	200,23274136E-9	
95,40000000E-3	200,69813989E-9	
96,30000000E-3	204,15724516E-9	
96,80000000E-3	210,35741119E-9	
97,40000000E-3	214,82729962E-9	
98,00000000E-3	216,81385717E-9	
98,60000000E-3	213,85768426E-9	
99,30000000E-3	208,82126621E-9	
99,90000000E-3	207,60097244E-9	
100,50000000E-3	205,83744399E-9	
101,10000000E-3	208,56301092E-9	
101,80000000E-3	214,93528683E-9	
102,40000000E-3	216,08790224E-9	
102,90000000E-3	214,37830884E-9	
103,60000000E-3	215,57930262E-9	
104,30000000E-3	220,73550965E-9	
104,90000000E-3	225,32025782E-9	
105,40000000E-3	228,12087599E-9	
106,10000000E-3	236,30248177E-9	
106,50000000E-3	247,40741847E-9	
107,60000000E-3	251,10223463E-9	
107,90000000E-3	246,79923199E-9	
108,50000000E-3	243,33286910E-9	
109,30000000E-3	240,44575769E-9	
109,90000000E-3	244,02900195E-9	
110,40000000E-3	247,24383271E-9	
111,00000000E-3	241,12604231E-9	
111,60000000E-3	229,60854553E-9	
112,40000000E-3	225,58595056E-9	
112,90000000E-3	227,81094251E-9	
113,50000000E-3	239,36176222E-9	
114,10000000E-3	244,36103410E-9	
114,90000000E-3	239,93059362E-9	
115,40000000E-3	245,41031891E-9	
116,00000000E-3	254,18157374E-9	
116,60000000E-3	258,04810121E-9	
117,50000000E-3	256,30094202E-9	
118,00000000E-3	256,18139464E-9	
118,60000000E-3	259,55146898E-9	
119,10000000E-3	261,70382942E-9	
119,90000000E-3	266,96587286E-9	
120,60000000E-3	267,68321585E-9	
121,10000000E-3	268,50403704E-9	
121,70000000E-3	272,07601914E-9	
122,30000000E-3	273,20593113E-9	
122,50000000E-3	271,14715896E-9	
123,50000000E-3	266,69995526E-9	
124,00000000E-3	263,27037301E-9	
124,60000000E-3	263,86345894E-9	
125,30000000E-3	262,69174735E-9	
126,00000000E-3	261,15940027E-9	
126,60000000E-3	260,48993383E-9	
127,10000000E-3	264,78519761E-9	
127,80000000E-3	271,19347003E-9	
128,50000000E-3	275,12475112E-9	
129,00000000E-3	272,93601196E-9	
129,60000000E-3	266,96883443E-9	
130,30000000E-3	264,13049026E-9	
131,00000000E-3	261,87967854E-9	
131,50000000E-3	260,13219042E-9	
132,10000000E-3	263,97246546E-9	
132,80000000E-3	270,00921338E-9	
133,50000000E-3	272,16210300E-9	
134,00000000E-3	275,19182487E-9	
134,60000000E-3	271,20502854E-9	
135,10000000E-3	268,55282204E-9	
135,90000000E-3	278,04600898E-9	
136,60000000E-3	288,78939975E-9	
137,10000000E-3	287,91830472E-9	
137,70000000E-3	284,33896831E-9	
138,30000000E-3	286,28057553E-9	
138,90000000E-3	288,22272093E-9	
139,70000000E-3	287,82651111E-9	
140,30000000E-3	286,54306675E-9	
140,80000000E-3	285,70474668E-9	
141,10000000E-3	286,20780762E-9	
142,00000000E-3	287,05100589E-9	
142,60000000E-3	288,04277001E-9	
143,20000000E-3	290,54170900E-9	
144,00000000E-3	295,00917760E-9	
144,60000000E-3	298,03284072E-9	
145,20000000E-3	299,11538904E-9	
145,70000000E-3	297,40622734E-9	
146,30000000E-3	295,04717906E-9	
146,80000000E-3	298,09345487E-9	
147,40000000E-3	301,06394239E-9	
148,30000000E-3	298,71886000E-9	
148,90000000E-3	296,91925635E-9	
149,40000000E-3	299,62938535E-9	
150,00000000E-3	303,92104924E-9	
150,50000000E-3	313,65171050E-9	
151,30000000E-3	317,60916968E-9	
152,00000000E-3	310,91973244E-9	
152,50000000E-3	309,90898895E-9	
153,20000000E-3	312,22082681E-9	
153,80000000E-3	311,06417915E-9	
154,40000000E-3	310,18784811E-9	
154,90000000E-3	314,90369307E-9	
155,60000000E-3	315,71869071E-9	
156,40000000E-3	310,47270709E-9	
156,90000000E-3	309,27335875E-9	
157,50000000E-3	316,70597415E-9	
158,00000000E-3	322,00891108E-9	
158,70000000E-3	319,24751687E-9	
159,50000000E-3	322,56353807E-9	
160,10000000E-3	326,67736372E-9	
160,60000000E-3	324,75773263E-9	
161,20000000E-3	323,98335285E-9	
161,80000000E-3	323,76965804E-9	
162,50000000E-3	328,19784319E-9	
163,20000000E-3	338,21431412E-9	
163,70000000E-3	343,56896985E-9	
164,30000000E-3	341,34796256E-9	
164,90000000E-3	339,60613546E-9	
165,50000000E-3	341,04515721E-9	
166,30000000E-3	337,98608838E-9	
166,90000000E-3	332,32425928E-9	
167,50000000E-3	330,58453967E-9	
168,00000000E-3	334,28975488E-9	
168,60000000E-3	338,68486131E-9	
169,10000000E-3	341,98700186E-9	
170,00000000E-3	341,96742658E-9	
170,60000000E-3	341,56399087E-9	
171,20000000E-3	346,12651529E-9	
171,80000000E-3	348,06371506E-9	
172,30000000E-3	344,55525132E-9	
173,20000000E-3	338,98689078E-9	
173,80000000E-3	333,92871091E-9	
174,30000000E-3	333,98061406E-9	
174,90000000E-3	337,53172839E-9	
175,10000000E-3	343,18174495E-9	
176,30000000E-3	351,07318240E-9	
176,70000000E-3	354,10955377E-9	
177,30000000E-3	356,08209972E-9	
177,80000000E-3	362,37806365E-9	
178,50000000E-3	361,03524841E-9	
179,30000000E-3	352,87524016E-9	
179,80000000E-3	353,55028221E-9	
180,40000000E-3	359,60899818E-9	
181,10000000E-3	363,42260372E-9	
181,70000000E-3	366,03861283E-9	
182,20000000E-3	367,21097678E-9	
182,50000000E-3	362,77874529E-9	
183,70000000E-3	355,71602723E-9	
184,30000000E-3	347,65465819E-9	
184,80000000E-3	345,58807334E-9	
185,30000000E-3	347,04476155E-9	
185,90000000E-3	349,40293111E-9	
186,50000000E-3	356,30810954E-9	
187,40000000E-3	362,93395214E-9	
188,00000000E-3	364,93896320E-9	
188,50000000E-3	365,59810361E-9	
189,10000000E-3	359,72520626E-9	
189,70000000E-3	349,54033354E-9	
190,50000000E-3	345,23630074E-9	
191,10000000E-3	348,43727274E-9	
191,70000000E-3	360,37605039E-9	
192,20000000E-3	372,45929351E-9	
192,80000000E-3	376,54852131E-9	
193,60000000E-3	376,69549644E-9	
194,20000000E-3	373,96020288E-9	
194,80000000E-3	370,95190360E-9	
195,40000000E-3	378,25863679E-9	
196,00000000E-3	383,93295029E-9	
196,50000000E-3	381,38982984E-9	
197,30000000E-3	376,95712127E-9	
197,90000000E-3	375,17343234E-9	
198,50000000E-3	373,04504206E-9	
199,10000000E-3	372,39190336E-9	
199,60000000E-3	376,13585427E-9	
