-300,000000E-3	8,230622E-6
-300,000000E-3	8,234553E-6
-300,000000E-3	8,233488E-6
-299,900000E-3	8,233572E-6
-299,600000E-3	8,232712E-6
-299,300000E-3	8,232924E-6
-299,100000E-3	8,238896E-6
-298,500000E-3	8,254042E-6
-298,200000E-3	8,284802E-6
-297,800000E-3	8,333545E-6
-297,300000E-3	8,388630E-6
-296,700000E-3	8,448086E-6
-296,500000E-3	8,513330E-6
-295,800000E-3	8,583056E-6
-295,200000E-3	8,659762E-6
-294,900000E-3	8,746082E-6
-294,200000E-3	8,847389E-6
-293,400000E-3	8,947165E-6
-293,100000E-3	9,060101E-6
-292,500000E-3	9,167110E-6
-291,800000E-3	9,284621E-6
-291,100000E-3	9,392058E-6
-290,800000E-3	9,490812E-6
-290,100000E-3	9,573185E-6
-289,500000E-3	9,650868E-6
-288,800000E-3	9,733331E-6
-288,400000E-3	9,827312E-6
-287,500000E-3	9,935076E-6
-287,200000E-3	10,055578E-6
-286,500000E-3	10,183401E-6
-285,800000E-3	10,311536E-6
-285,100000E-3	10,437276E-6
-284,800000E-3	10,556186E-6
-284,000000E-3	10,668646E-6
-283,400000E-3	10,782954E-6
-282,700000E-3	10,895721E-6
-282,000000E-3	10,981258E-6
-281,300000E-3	11,055545E-6
-280,600000E-3	11,124467E-6
-280,400000E-3	11,194693E-6
-279,700000E-3	11,268867E-6
-279,000000E-3	11,343103E-6
-278,300000E-3	11,412185E-6
-277,700000E-3	11,484081E-6
-276,800000E-3	11,564897E-6
-276,600000E-3	11,656849E-6
-275,900000E-3	11,764867E-6
-275,200000E-3	11,885152E-6
-274,500000E-3	11,996908E-6
-274,100000E-3	12,098719E-6
-273,200000E-3	12,196604E-6
-272,600000E-3	12,289102E-6
-272,100000E-3	12,368328E-6
-271,400000E-3	12,433504E-6
-270,700000E-3	12,492411E-6
-270,300000E-3	12,557646E-6
-269,500000E-3	12,623366E-6
-268,800000E-3	12,698008E-6
-268,200000E-3	12,785352E-6
-267,900000E-3	12,887964E-6
-267,000000E-3	12,997292E-6
-266,500000E-3	13,112147E-6
-265,800000E-3	13,238738E-6
-265,200000E-3	13,382117E-6
-264,400000E-3	13,550896E-6
-264,100000E-3	13,751036E-6
-263,400000E-3	13,929209E-6
-262,500000E-3	14,089562E-6
-262,000000E-3	14,240767E-6
-261,700000E-3	14,388884E-6
-260,800000E-3	14,535124E-6
-259,900000E-3	14,670491E-6
-259,600000E-3	14,783936E-6
-258,900000E-3	14,874575E-6
-258,200000E-3	14,956494E-6
-257,500000E-3	15,046702E-6
-257,100000E-3	15,145403E-6
-256,400000E-3	15,249864E-6
-255,700000E-3	15,363362E-6
-254,900000E-3	15,487420E-6
-254,600000E-3	15,626864E-6
-254,200000E-3	15,785558E-6
-253,300000E-3	15,975814E-6
-252,800000E-3	16,202318E-6
-251,900000E-3	16,457014E-6
-251,300000E-3	16,715157E-6
-250,900000E-3	16,958069E-6
-250,200000E-3	17,179566E-6
-249,500000E-3	17,374228E-6
-249,100000E-3	17,556236E-6
-248,400000E-3	17,731092E-6
-247,700000E-3	17,884475E-6
-247,000000E-3	18,018625E-6
-246,600000E-3	18,138558E-6
-245,900000E-3	18,244151E-6
-245,200000E-3	18,356835E-6
-244,400000E-3	18,473206E-6
-243,700000E-3	18,592740E-6
-243,300000E-3	18,707285E-6
-243,000000E-3	18,815743E-6
-242,100000E-3	18,927808E-6
-241,500000E-3	19,061558E-6
-240,800000E-3	19,229732E-6
-240,400000E-3	19,430795E-6
-239,700000E-3	19,663859E-6
-239,000000E-3	19,922281E-6
-238,200000E-3	20,187414E-6
-237,900000E-3	20,455969E-6
-237,100000E-3	20,721272E-6
-236,400000E-3	20,968022E-6
-235,700000E-3	21,209471E-6
-235,300000E-3	21,489613E-6
-234,600000E-3	21,771611E-6
-234,200000E-3	22,115512E-6
-233,300000E-3	22,474775E-6
-232,500000E-3	22,836227E-6
-232,100000E-3	23,185332E-6
-231,700000E-3	23,519718E-6
-231,000000E-3	23,819306E-6
-230,300000E-3	24,099580E-6
-229,600000E-3	24,326800E-6
-228,900000E-3	24,533733E-6
-228,500000E-3	24,719900E-6
-227,800000E-3	24,902371E-6
-227,000000E-3	25,106607E-6
-226,700000E-3	25,333725E-6
-226,000000E-3	25,571678E-6
-225,300000E-3	25,787783E-6
-224,500000E-3	25,946880E-6
-223,800000E-3	26,067469E-6
-223,400000E-3	26,188675E-6
-223,100000E-3	26,345782E-6
-222,200000E-3	26,555936E-6
-221,300000E-3	26,814652E-6
-220,900000E-3	27,116988E-6
-220,200000E-3	27,403362E-6
-219,800000E-3	27,708427E-6
-219,100000E-3	28,034477E-6
-218,500000E-3	28,392390E-6
-217,600000E-3	28,771298E-6
-217,400000E-3	29,126555E-6
-216,600000E-3	29,449488E-6
-215,900000E-3	29,740259E-6
-215,500000E-3	29,986121E-6
-214,800000E-3	30,195285E-6
-214,400000E-3	30,388996E-6
-213,500000E-3	30,568034E-6
-213,000000E-3	30,724288E-6
-212,300000E-3	30,846929E-6
-211,900000E-3	30,925404E-6
-211,200000E-3	30,963028E-6
-210,400000E-3	30,969896E-6
-209,700000E-3	30,964085E-6
-209,400000E-3	30,966756E-6
-208,600000E-3	30,989863E-6
-207,900000E-3	31,049968E-6
-207,200000E-3	31,161060E-6
-206,800000E-3	31,312439E-6
-206,100000E-3	31,474540E-6
-205,700000E-3	31,637156E-6
-204,800000E-3	31,803628E-6
-204,300000E-3	31,971200E-6
-203,500000E-3	32,148284E-6
-203,200000E-3	32,340036E-6
-202,400000E-3	32,528914E-6
-201,700000E-3	32,709629E-6
-201,000000E-3	32,887265E-6
-200,700000E-3	33,079258E-6
-199,900000E-3	33,294071E-6
-199,200000E-3	33,516277E-6
-198,400000E-3	33,723729E-6
-198,100000E-3	33,922594E-6
-197,300000E-3	34,133605E-6
-196,800000E-3	34,387031E-6
-196,100000E-3	34,657023E-6
-195,500000E-3	34,953310E-6
-194,800000E-3	35,229582E-6
-194,500000E-3	35,481657E-6
-193,800000E-3	35,725437E-6
-193,100000E-3	35,965041E-6
-192,300000E-3	36,216194E-6
-192,000000E-3	36,484213E-6
-191,200000E-3	36,729161E-6
-190,500000E-3	36,935832E-6
-189,800000E-3	37,122084E-6
-189,400000E-3	37,310970E-6
-188,700000E-3	37,530272E-6
-188,100000E-3	37,797923E-6
-187,200000E-3	38,081647E-6
-186,800000E-3	38,349420E-6
-186,200000E-3	38,586281E-6
-185,800000E-3	38,789527E-6
-185,100000E-3	38,978757E-6
-184,400000E-3	39,169205E-6
-183,600000E-3	39,351563E-6
-183,300000E-3	39,509851E-6
-182,500000E-3	39,631480E-6
-181,800000E-3	39,717999E-6
-181,500000E-3	39,803797E-6
-180,700000E-3	39,951703E-6
-180,000000E-3	40,183975E-6
-179,300000E-3	40,492892E-6
-178,500000E-3	40,883269E-6
-178,200000E-3	41,346459E-6
-177,800000E-3	41,879679E-6
-176,900000E-3	42,454316E-6
-176,200000E-3	42,982979E-6
-175,700000E-3	43,443500E-6
-175,400000E-3	43,835820E-6
-174,600000E-3	44,154675E-6
-173,900000E-3	44,388719E-6
-173,100000E-3	44,554950E-6
-172,500000E-3	44,699155E-6
-172,000000E-3	44,863445E-6
-171,300000E-3	45,061914E-6
-170,600000E-3	45,278425E-6
-170,200000E-3	45,501490E-6
-169,500000E-3	45,731056E-6
-169,200000E-3	45,963264E-6
-168,200000E-3	46,210817E-6
-167,700000E-3	46,478256E-6
-167,000000E-3	46,740791E-6
-166,700000E-3	46,968359E-6
-165,900000E-3	47,133978E-6
-165,200000E-3	47,223183E-6
-164,500000E-3	47,254419E-6
-164,100000E-3	47,267877E-6
-163,400000E-3	47,324151E-6
-162,700000E-3	47,475898E-6
-161,900000E-3	47,732455E-6
-161,600000E-3	48,063064E-6
-160,900000E-3	48,443560E-6
-160,100000E-3	48,880758E-6
-159,400000E-3	49,360718E-6
-159,000000E-3	49,860950E-6
-158,300000E-3	50,335485E-6
-157,900000E-3	50,725472E-6
-157,100000E-3	51,062920E-6
-156,500000E-3	51,400169E-6
-156,100000E-3	51,760950E-6
-155,400000E-3	52,131161E-6
-154,700000E-3	52,496329E-6
-154,000000E-3	52,890366E-6
-153,300000E-3	53,306842E-6
-152,500000E-3	53,622878E-6
-152,200000E-3	53,874036E-6
-151,400000E-3	54,059930E-6
-150,700000E-3	54,186759E-6
-150,000000E-3	54,257563E-6
-149,300000E-3	54,273479E-6
-149,000000E-3	54,252975E-6
-148,200000E-3	54,236886E-6
-147,400000E-3	54,267774E-6
-147,200000E-3	54,374489E-6
-146,300000E-3	54,573243E-6
-145,900000E-3	54,843597E-6
-145,100000E-3	55,111455E-6
-144,600000E-3	55,331281E-6
-143,900000E-3	55,478768E-6
-143,500000E-3	55,546121E-6
-142,700000E-3	55,566201E-6
-142,000000E-3	55,585675E-6
-141,300000E-3	55,615900E-6
-140,900000E-3	55,660909E-6
-140,100000E-3	55,733526E-6
-139,800000E-3	55,831714E-6
-139,000000E-3	55,945298E-6
-138,300000E-3	56,061025E-6
-137,600000E-3	56,156519E-6
-137,200000E-3	56,225831E-6
-136,500000E-3	56,289682E-6
-135,800000E-3	56,370625E-6
-135,000000E-3	56,439357E-6
-134,600000E-3	56,476574E-6
-133,900000E-3	56,483575E-6
-133,500000E-3	56,478076E-6
-132,800000E-3	56,482414E-6
-132,100000E-3	56,513353E-6
-131,400000E-3	56,565917E-6
-131,000000E-3	56,609836E-6
-130,300000E-3	56,637091E-6
-129,500000E-3	56,700997E-6
-128,800000E-3	56,833844E-6
-128,500000E-3	57,044146E-6
-127,700000E-3	57,305541E-6
-127,000000E-3	57,564288E-6
-126,400000E-3	57,771871E-6
-126,000000E-3	57,940036E-6
-125,200000E-3	58,081860E-6
-124,900000E-3	58,201993E-6
-124,100000E-3	58,328704E-6
-123,400000E-3	58,515939E-6
-122,600000E-3	58,793567E-6
-122,200000E-3	59,159587E-6
-121,500000E-3	59,617405E-6
-121,100000E-3	60,156011E-6
-120,400000E-3	60,738459E-6
-119,600000E-3	61,275580E-6
-118,900000E-3	61,705205E-6
-118,500000E-3	62,082247E-6
-118,100000E-3	62,460023E-6
-117,400000E-3	62,872890E-6
-116,600000E-3	63,331283E-6
-115,900000E-3	63,839413E-6
-115,100000E-3	64,276710E-6
-114,800000E-3	64,681799E-6
-114,000000E-3	65,095023E-6
-113,600000E-3	65,530688E-6
-112,900000E-3	65,999846E-6
-112,100000E-3	66,503849E-6
-111,400000E-3	67,038074E-6
-111,000000E-3	67,625583E-6
-110,300000E-3	68,250863E-6
-109,900000E-3	68,838420E-6
-109,100000E-3	69,353045E-6
-108,400000E-3	69,793154E-6
-107,700000E-3	70,174641E-6
-107,300000E-3	70,565832E-6
-106,900000E-3	71,011703E-6
-106,200000E-3	71,482783E-6
-105,500000E-3	71,910666E-6
-104,800000E-3	72,238187E-6
-104,400000E-3	72,506254E-6
-103,600000E-3	72,793479E-6
-103,300000E-3	73,089962E-6
-102,500000E-3	73,315873E-6
-101,800000E-3	73,392190E-6
-101,000000E-3	73,336176E-6
-100,300000E-3	73,240064E-6
-99,900000E-3	73,147072E-6
-99,500000E-3	73,061574E-6
-98,800000E-3	72,974746E-6
-98,000000E-3	72,837846E-6
-97,300000E-3	72,686990E-6
-96,500000E-3	72,569093E-6
-96,100000E-3	72,453950E-6
-95,800000E-3	72,223647E-6
-95,000000E-3	71,746315E-6
-94,300000E-3	70,968073E-6
-93,500000E-3	69,981560E-6
-93,100000E-3	68,985127E-6
-92,400000E-3	68,046463E-6
-92,000000E-3	67,132010E-6
-91,300000E-3	66,177773E-6
-90,500000E-3	65,016793E-6
-89,900000E-3	63,822074E-6
-89,100000E-3	62,582942E-6
-88,600000E-3	61,259300E-6
-88,300000E-3	59,835984E-6
-87,500000E-3	58,366956E-6
-86,800000E-3	56,696257E-6
-86,100000E-3	55,105769E-6
-85,400000E-3	53,551662E-6
-85,000000E-3	52,056235E-6
-84,200000E-3	50,603333E-6
-83,900000E-3	49,155849E-6
-83,100000E-3	47,608948E-6
-82,400000E-3	45,878689E-6
-81,500000E-3	44,010682E-6
-81,200000E-3	42,117801E-6
-80,500000E-3	40,203887E-6
-80,100000E-3	38,221090E-6
-79,400000E-3	36,227613E-6
-78,600000E-3	34,150102E-6
-77,900000E-3	31,900784E-6
-77,500000E-3	29,456461E-6
-76,700000E-3	27,173296E-6
-76,400000E-3	24,804638E-6
-75,600000E-3	22,373715E-6
-74,900000E-3	19,816009E-6
-74,100000E-3	17,138427E-6
-73,700000E-3	14,520746E-6
-73,100000E-3	11,931990E-6
-72,600000E-3	9,297886E-6
-72,000000E-3	6,640682E-6
-71,200000E-3	3,859490E-6
-70,800000E-3	926,897259E-9
-70,100000E-3	-1,889749E-6
-69,600000E-3	-4,551898E-6
-69,000000E-3	-7,183279E-6
-68,200000E-3	-9,832222E-6
-67,400000E-3	-12,614071E-6
-67,100000E-3	-15,484839E-6
-66,300000E-3	-18,150549E-6
-65,900000E-3	-20,636188E-6
-65,200000E-3	-23,029870E-6
-64,400000E-3	-25,375585E-6
-63,700000E-3	-27,625236E-6
-63,300000E-3	-29,693774E-6
-62,500000E-3	-31,498892E-6
-62,200000E-3	-33,014129E-6
-61,400000E-3	-34,291664E-6
-60,600000E-3	-35,479259E-6
-60,000000E-3	-36,479614E-6
-59,500000E-3	-37,354641E-6
-58,900000E-3	-37,991693E-6
-58,500000E-3	-38,395381E-6
-57,600000E-3	-38,600045E-6
-57,000000E-3	-38,616650E-6
-56,200000E-3	-38,467754E-6
-55,900000E-3	-38,183627E-6
-55,100000E-3	-37,837173E-6
-54,700000E-3	-37,441604E-6
-54,000000E-3	-36,988197E-6
-53,300000E-3	-36,495504E-6
-52,500000E-3	-35,945784E-6
-52,100000E-3	-35,335338E-6
-51,400000E-3	-34,724763E-6
-51,000000E-3	-34,089424E-6
-50,300000E-3	-33,358688E-6
-49,500000E-3	-32,523827E-6
-49,100000E-3	-31,588788E-6
-48,400000E-3	-30,595383E-6
-47,600000E-3	-29,650871E-6
-47,300000E-3	-28,751006E-6
-46,500000E-3	-27,859122E-6
-45,800000E-3	-26,936181E-6
-45,400000E-3	-25,972755E-6
-44,600000E-3	-24,992957E-6
-43,900000E-3	-24,069246E-6
-43,500000E-3	-23,230683E-6
-42,800000E-3	-22,460453E-6
-42,000000E-3	-21,735443E-6
-41,600000E-3	-20,970964E-6
-40,900000E-3	-20,146230E-6
-40,100000E-3	-19,337229E-6
-39,800000E-3	-18,546048E-6
-39,000000E-3	-17,741640E-6
-38,300000E-3	-16,885492E-6
-37,900000E-3	-15,998193E-6
-37,100000E-3	-15,154414E-6
-36,500000E-3	-14,387452E-6
-36,100000E-3	-13,653301E-6
-35,400000E-3	-12,902743E-6
-34,600000E-3	-12,131879E-6
-34,100000E-3	-11,315896E-6
-33,500000E-3	-10,464693E-6
-32,700000E-3	-9,651546E-6
-32,400000E-3	-8,893443E-6
-31,600000E-3	-8,185543E-6
-30,900000E-3	-7,488222E-6
-30,500000E-3	-6,778929E-6
-29,700000E-3	-6,095123E-6
-29,000000E-3	-5,493264E-6
-28,600000E-3	-4,997872E-6
-27,900000E-3	-4,613469E-6
-27,200000E-3	-4,349335E-6
-26,800000E-3	-4,172670E-6
-26,100000E-3	-4,036042E-6
-25,400000E-3	-3,945821E-6
-24,700000E-3	-3,915590E-6
-24,300000E-3	-3,936987E-6
-23,600000E-3	-3,996981E-6
-22,900000E-3	-4,082579E-6
-22,200000E-3	-4,191812E-6
-21,800000E-3	-4,333619E-6
-21,100000E-3	-4,510101E-6
-20,500000E-3	-4,739370E-6
-19,700000E-3	-4,965067E-6
-19,300000E-3	-5,195625E-6
-18,600000E-3	-5,451513E-6
-18,100000E-3	-5,741010E-6
-17,200000E-3	-6,060702E-6
-16,800000E-3	-6,404869E-6
-16,200000E-3	-6,777803E-6
-15,600000E-3	-7,213475E-6
-14,700000E-3	-7,711806E-6
-14,400000E-3	-8,194126E-6
-13,600000E-3	-8,623223E-6
-13,100000E-3	-9,020319E-6
-12,500000E-3	-9,416101E-6
-11,800000E-3	-9,779734E-6
-11,200000E-3	-10,061571E-6
-10,600000E-3	-10,274262E-6
-9,800000E-3	-10,463811E-6
-9,400000E-3	-10,649656E-6
-8,700000E-3	-10,811533E-6
-8,100000E-3	-10,925912E-6
-7,600000E-3	-11,003346E-6
-6,900000E-3	-11,069321E-6
-6,200000E-3	-11,150870E-6
-5,500000E-3	-11,315576E-6
-4,800000E-3	-11,547812E-6
-4,500000E-3	-11,821889E-6
-3,500000E-3	-12,101194E-6
-3,100000E-3	-12,388662E-6
-2,300000E-3	-12,688498E-6
-1,700000E-3	-12,979838E-6
-900,000000E-6	-13,243627E-6
-600,000000E-6	-13,447999E-6
100,000000E-6	-13,565630E-6
800,000000E-6	-13,627353E-6
1,500000E-3	-13,673086E-6
2,000000E-3	-13,714080E-6
2,800000E-3	-13,762686E-6
3,200000E-3	-13,825631E-6
3,900000E-3	-13,877459E-6
4,600000E-3	-13,882192E-6
5,300000E-3	-13,841299E-6
5,700000E-3	-13,778897E-6
6,500000E-3	-13,697713E-6
7,100000E-3	-13,585661E-6
7,700000E-3	-13,422686E-6
8,300000E-3	-13,187241E-6
9,100000E-3	-12,884708E-6
9,400000E-3	-12,540625E-6
10,300000E-3	-12,185783E-6
10,700000E-3	-11,845783E-6
11,400000E-3	-11,508121E-6
12,100000E-3	-11,133395E-6
12,800000E-3	-10,777877E-6
13,200000E-3	-10,393636E-6
13,900000E-3	-9,952377E-6
14,500000E-3	-9,456970E-6
15,200000E-3	-8,909914E-6
15,700000E-3	-8,341285E-6
16,600000E-3	-7,823823E-6
17,000000E-3	-7,365572E-6
17,600000E-3	-6,939489E-6
18,300000E-3	-6,493700E-6
19,000000E-3	-6,077474E-6
19,300000E-3	-5,662629E-6
20,100000E-3	-5,301744E-6
20,700000E-3	-5,010199E-6
21,400000E-3	-4,758221E-6
22,100000E-3	-4,523104E-6
22,800000E-3	-4,321113E-6
23,100000E-3	-4,180502E-6
23,800000E-3	-4,108804E-6
24,500000E-3	-4,103897E-6
25,200000E-3	-4,143150E-6
25,600000E-3	-4,186406E-6
26,500000E-3	-4,221499E-6
26,900000E-3	-4,278598E-6
27,600000E-3	-4,365147E-6
28,300000E-3	-4,471939E-6
29,000000E-3	-4,601357E-6
29,300000E-3	-4,782579E-6
30,300000E-3	-5,043473E-6
30,700000E-3	-5,410988E-6
31,400000E-3	-5,848127E-6
32,000000E-3	-6,368432E-6
32,700000E-3	-6,948801E-6
33,100000E-3	-7,589594E-6
33,700000E-3	-8,297018E-6
34,400000E-3	-9,055931E-6
35,100000E-3	-9,831900E-6
35,800000E-3	-10,600891E-6
36,500000E-3	-11,357172E-6
37,100000E-3	-12,101785E-6
37,500000E-3	-12,840828E-6
38,200000E-3	-13,645095E-6
38,900000E-3	-14,540701E-6
39,500000E-3	-15,441324E-6
40,300000E-3	-16,331196E-6
40,500000E-3	-17,235839E-6
41,200000E-3	-18,197907E-6
41,900000E-3	-19,197564E-6
42,600000E-3	-20,167649E-6
43,300000E-3	-21,062299E-6
44,100000E-3	-21,892130E-6
44,300000E-3	-22,691211E-6
45,000000E-3	-23,476396E-6
45,700000E-3	-24,300977E-6
46,400000E-3	-25,184343E-6
46,700000E-3	-26,045388E-6
47,400000E-3	-26,852030E-6
48,100000E-3	-27,692379E-6
48,800000E-3	-28,445592E-6
49,200000E-3	-29,211212E-6
50,200000E-3	-29,990724E-6
50,500000E-3	-30,723147E-6
51,200000E-3	-31,427487E-6
51,800000E-3	-32,138572E-6
52,500000E-3	-32,827285E-6
53,200000E-3	-33,486521E-6
53,800000E-3	-34,110609E-6
54,400000E-3	-34,669775E-6
55,300000E-3	-35,173313E-6
55,600000E-3	-35,621769E-6
55,900000E-3	-36,017062E-6
56,900000E-3	-36,385906E-6
57,300000E-3	-36,717847E-6
58,000000E-3	-36,968822E-6
58,700000E-3	-37,113421E-6
59,300000E-3	-37,113739E-6
59,800000E-3	-36,935026E-6
60,700000E-3	-36,600308E-6
61,100000E-3	-36,141462E-6
61,800000E-3	-35,558260E-6
62,400000E-3	-34,824630E-6
63,100000E-3	-33,890122E-6
63,400000E-3	-32,723694E-6
64,300000E-3	-31,232115E-6
64,800000E-3	-29,217987E-6
65,500000E-3	-27,185279E-6
66,000000E-3	-25,095372E-6
66,600000E-3	-22,914816E-6
67,300000E-3	-20,644615E-6
68,000000E-3	-17,961659E-6
68,600000E-3	-15,250368E-6
69,400000E-3	-12,381465E-6
69,700000E-3	-9,273970E-6
70,800000E-3	-6,448612E-6
71,200000E-3	-3,375225E-6
71,800000E-3	-541,272946E-9
72,400000E-3	2,384613E-6
73,100000E-3	5,407704E-6
73,500000E-3	8,252991E-6
74,400000E-3	10,872895E-6
74,900000E-3	13,335092E-6
75,500000E-3	15,685857E-6
76,200000E-3	18,110270E-6
76,900000E-3	20,653976E-6
77,300000E-3	23,039534E-6
77,900000E-3	25,215497E-6
78,600000E-3	27,444498E-6
79,300000E-3	29,406680E-6
79,800000E-3	31,527920E-6
80,700000E-3	33,540782E-6
81,100000E-3	35,562348E-6
81,700000E-3	37,478042E-6
82,400000E-3	39,267415E-6
83,100000E-3	40,972124E-6
83,400000E-3	42,622742E-6
84,100000E-3	44,334600E-6
84,800000E-3	46,122613E-6
85,500000E-3	47,788076E-6
86,200000E-3	49,338614E-6
86,900000E-3	50,841359E-6
87,200000E-3	52,333305E-6
87,800000E-3	53,792769E-6
88,500000E-3	55,158243E-6
89,300000E-3	56,519645E-6
89,900000E-3	57,669489E-6
90,700000E-3	58,749888E-6
91,300000E-3	59,795606E-6
91,700000E-3	60,843652E-6
92,500000E-3	61,921610E-6
93,100000E-3	62,976836E-6
93,700000E-3	63,893520E-6
94,400000E-3	64,640792E-6
95,000000E-3	65,255661E-6
95,500000E-3	65,771635E-6
96,100000E-3	66,243861E-6
96,700000E-3	66,730394E-6
97,500000E-3	67,231297E-6
98,000000E-3	67,730818E-6
98,800000E-3	68,223696E-6
99,200000E-3	68,730540E-6
99,800000E-3	69,153811E-6
100,500000E-3	69,452032E-6
101,200000E-3	69,518297E-6
101,600000E-3	69,353851E-6
102,600000E-3	69,019445E-6
102,900000E-3	68,565708E-6
103,600000E-3	68,106305E-6
104,300000E-3	67,605316E-6
104,300000E-3	67,081984E-6
105,600000E-3	66,576607E-6
106,000000E-3	66,136007E-6
106,700000E-3	65,771159E-6
107,400000E-3	65,415620E-6
107,700000E-3	64,994870E-6
108,700000E-3	64,495676E-6
109,400000E-3	63,916247E-6
109,800000E-3	63,267697E-6
110,400000E-3	62,577834E-6
111,100000E-3	61,833442E-6
111,500000E-3	61,040945E-6
112,500000E-3	60,290245E-6
112,800000E-3	59,607092E-6
113,200000E-3	58,967162E-6
114,100000E-3	58,375295E-6
114,500000E-3	57,833744E-6
115,300000E-3	57,341826E-6
115,900000E-3	56,906984E-6
116,700000E-3	56,488702E-6
117,300000E-3	56,051378E-6
117,600000E-3	55,590767E-6
118,500000E-3	55,123884E-6
119,000000E-3	54,662198E-6
119,700000E-3	54,245534E-6
120,400000E-3	53,893916E-6
121,000000E-3	53,584469E-6
121,400000E-3	53,276672E-6
122,200000E-3	52,925488E-6
122,800000E-3	52,533599E-6
123,400000E-3	52,169080E-6
124,000000E-3	51,870155E-6
124,800000E-3	51,628803E-6
125,100000E-3	51,418600E-6
125,800000E-3	51,229284E-6
126,500000E-3	51,051683E-6
127,200000E-3	50,876208E-6
127,700000E-3	50,706923E-6
128,600000E-3	50,555719E-6
129,300000E-3	50,445199E-6
129,600000E-3	50,364532E-6
130,300000E-3	50,265709E-6
131,000000E-3	50,129366E-6
131,400000E-3	49,984898E-6
132,000000E-3	49,863600E-6
132,700000E-3	49,789844E-6
133,300000E-3	49,799519E-6
134,000000E-3	49,895898E-6
134,800000E-3	50,033075E-6
135,000000E-3	50,181871E-6
135,800000E-3	50,338552E-6
136,500000E-3	50,515890E-6
137,100000E-3	50,692304E-6
137,100000E-3	50,861346E-6
138,300000E-3	50,988923E-6
139,000000E-3	51,089126E-6
139,300000E-3	51,199155E-6
140,300000E-3	51,338761E-6
140,700000E-3	51,518645E-6
141,400000E-3	51,679604E-6
142,000000E-3	51,817297E-6
142,700000E-3	51,935968E-6
143,400000E-3	52,038786E-6
144,100000E-3	52,125489E-6
144,400000E-3	52,184224E-6
145,100000E-3	52,190948E-6
145,800000E-3	52,127119E-6
146,500000E-3	52,013569E-6
147,100000E-3	51,890302E-6
147,700000E-3	51,771174E-6
148,200000E-3	51,643085E-6
148,900000E-3	51,482684E-6
149,600000E-3	51,278907E-6
150,200000E-3	51,032450E-6
150,900000E-3	50,785895E-6
151,200000E-3	50,516760E-6
152,100000E-3	50,242123E-6
152,600000E-3	49,988716E-6
153,000000E-3	49,790502E-6
153,800000E-3	49,648818E-6
154,700000E-3	49,570662E-6
155,000000E-3	49,526732E-6
155,700000E-3	49,491072E-6
156,400000E-3	49,423082E-6
157,100000E-3	49,284926E-6
157,600000E-3	49,076783E-6
158,500000E-3	48,842245E-6
158,800000E-3	48,620476E-6
159,500000E-3	48,415071E-6
160,200000E-3	48,205675E-6
160,900000E-3	47,958811E-6
161,200000E-3	47,670173E-6
162,000000E-3	47,378984E-6
162,600000E-3	47,088354E-6
163,300000E-3	46,781900E-6
163,900000E-3	46,431081E-6
164,500000E-3	46,087722E-6
165,000000E-3	45,731403E-6
165,800000E-3	45,382480E-6
166,300000E-3	45,030558E-6
167,000000E-3	44,664936E-6
167,500000E-3	44,282651E-6
168,400000E-3	43,867712E-6
168,700000E-3	43,428611E-6
169,400000E-3	43,019343E-6
170,000000E-3	42,660619E-6
170,800000E-3	42,354308E-6
171,300000E-3	42,090305E-6
172,100000E-3	41,851731E-6
172,400000E-3	41,610881E-6
173,100000E-3	41,345248E-6
173,800000E-3	41,049869E-6
174,600000E-3	40,734351E-6
174,800000E-3	40,426710E-6
175,700000E-3	40,130715E-6
176,200000E-3	39,836610E-6
176,900000E-3	39,559186E-6
177,600000E-3	39,286689E-6
178,300000E-3	39,068402E-6
178,600000E-3	38,887250E-6
179,500000E-3	38,730194E-6
180,000000E-3	38,592651E-6
180,700000E-3	38,489977E-6
181,200000E-3	38,417685E-6
182,100000E-3	38,360152E-6
182,400000E-3	38,292272E-6
183,100000E-3	38,223245E-6
183,800000E-3	38,148416E-6
184,500000E-3	38,046813E-6
185,200000E-3	37,908004E-6
185,800000E-3	37,733349E-6
186,500000E-3	37,524820E-6
187,200000E-3	37,293564E-6
187,600000E-3	37,062153E-6
188,400000E-3	36,851235E-6
189,000000E-3	36,689086E-6
189,700000E-3	36,585111E-6
190,300000E-3	36,508378E-6
191,000000E-3	36,433737E-6
191,300000E-3	36,343010E-6
192,000000E-3	36,214087E-6
192,600000E-3	36,035508E-6
193,300000E-3	35,838182E-6
194,100000E-3	35,645973E-6
194,400000E-3	35,458561E-6
195,000000E-3	35,264973E-6
195,800000E-3	35,028421E-6
196,400000E-3	34,723515E-6
196,900000E-3	34,382435E-6
197,500000E-3	34,031980E-6
198,200000E-3	33,683856E-6
198,900000E-3	33,359428E-6
199,500000E-3	33,039678E-6
199,500000E-3	32,773038E-6
200,900000E-3	32,537872E-6
200,900000E-3	32,307719E-6
201,800000E-3	32,063463E-6
202,500000E-3	31,808983E-6
203,100000E-3	31,544253E-6
203,900000E-3	31,272877E-6
204,400000E-3	31,019860E-6
205,200000E-3	30,790758E-6
205,600000E-3	30,554487E-6
206,200000E-3	30,335523E-6
206,900000E-3	30,093404E-6
207,600000E-3	29,811300E-6
207,900000E-3	29,507875E-6
209,000000E-3	29,188276E-6
209,300000E-3	28,848905E-6
210,000000E-3	28,503871E-6
210,700000E-3	28,168198E-6
211,400000E-3	27,863738E-6
211,700000E-3	27,620573E-6
212,600000E-3	27,435724E-6
213,000000E-3	27,296727E-6
213,800000E-3	27,193431E-6
214,300000E-3	27,111396E-6
215,200000E-3	27,029471E-6
215,500000E-3	26,926499E-6
216,200000E-3	26,783505E-6
216,800000E-3	26,585743E-6
217,200000E-3	26,329333E-6
217,900000E-3	26,041465E-6
218,900000E-3	25,761722E-6
219,300000E-3	25,510944E-6
220,000000E-3	25,275606E-6
220,600000E-3	25,037748E-6
220,900000E-3	24,799924E-6
221,600000E-3	24,555054E-6
222,400000E-3	24,303309E-6
223,100000E-3	24,066690E-6
223,300000E-3	23,852425E-6
224,400000E-3	23,652589E-6
224,700000E-3	23,460245E-6
225,500000E-3	23,264920E-6
226,200000E-3	23,071273E-6
226,900000E-3	22,899032E-6
227,600000E-3	22,778916E-6
227,800000E-3	22,678745E-6
228,500000E-3	22,582080E-6
228,900000E-3	22,479581E-6
229,700000E-3	22,364462E-6
230,400000E-3	22,259840E-6
231,400000E-3	22,145511E-6
231,400000E-3	21,999320E-6
232,300000E-3	21,810294E-6
233,000000E-3	21,574700E-6
233,700000E-3	21,313466E-6
234,000000E-3	21,076669E-6
234,700000E-3	20,875972E-6
235,400000E-3	20,700682E-6
236,100000E-3	20,535569E-6
236,800000E-3	20,366132E-6
237,100000E-3	20,204377E-6
237,800000E-3	20,077190E-6
238,200000E-3	19,980397E-6
239,400000E-3	19,893504E-6
239,600000E-3	19,802489E-6
240,300000E-3	19,691792E-6
241,000000E-3	19,550801E-6
241,700000E-3	19,385354E-6
242,000000E-3	19,191048E-6
242,800000E-3	18,965231E-6
243,400000E-3	18,712443E-6
244,200000E-3	18,452270E-6
244,500000E-3	18,201616E-6
245,400000E-3	17,933668E-6
246,200000E-3	17,691489E-6
246,600000E-3	17,460328E-6
247,200000E-3	17,231901E-6
247,900000E-3	16,978384E-6
248,600000E-3	16,729761E-6
249,100000E-3	16,477560E-6
249,900000E-3	16,249667E-6
250,400000E-3	16,041813E-6
251,000000E-3	15,841636E-6
251,700000E-3	15,631235E-6
252,400000E-3	15,436549E-6
252,800000E-3	15,257463E-6
253,800000E-3	15,119219E-6
254,200000E-3	15,020247E-6
254,800000E-3	14,963329E-6
255,500000E-3	14,940679E-6
256,200000E-3	14,935016E-6
256,500000E-3	14,929325E-6
257,300000E-3	14,922053E-6
257,900000E-3	14,908504E-6
258,600000E-3	14,874108E-6
259,000000E-3	14,802545E-6
260,000000E-3	14,683218E-6
260,400000E-3	14,520033E-6
261,000000E-3	14,345635E-6
261,700000E-3	14,184826E-6
262,400000E-3	14,043999E-6
262,800000E-3	13,921859E-6
263,500000E-3	13,807870E-6
264,200000E-3	13,696332E-6
264,900000E-3	13,593710E-6
265,200000E-3	13,496820E-6
266,200000E-3	13,400318E-6
266,600000E-3	13,281359E-6
267,300000E-3	13,159074E-6
268,000000E-3	13,011637E-6
268,700000E-3	12,836192E-6
269,400000E-3	12,676541E-6
269,700000E-3	12,529139E-6
270,700000E-3	12,393650E-6
271,100000E-3	12,268518E-6
271,800000E-3	12,165445E-6
272,500000E-3	12,065533E-6
273,200000E-3	11,965875E-6
273,900000E-3	11,863100E-6
274,200000E-3	11,748278E-6
274,900000E-3	11,619501E-6
275,600000E-3	11,477381E-6
276,000000E-3	11,323028E-6
277,000000E-3	11,164060E-6
277,700000E-3	11,011782E-6
277,900000E-3	10,859084E-6
278,600000E-3	10,730904E-6
279,400000E-3	10,608039E-6
280,100000E-3	10,505667E-6
280,500000E-3	10,411651E-6
281,400000E-3	10,324388E-6
281,700000E-3	10,246951E-6
282,500000E-3	10,184101E-6
283,200000E-3	10,130860E-6
283,900000E-3	10,075021E-6
284,300000E-3	10,008508E-6
284,900000E-3	9,929836E-6
285,800000E-3	9,845337E-6
286,400000E-3	9,762578E-6
286,600000E-3	9,685172E-6
287,600000E-3	9,614348E-6
288,000000E-3	9,542620E-6
288,700000E-3	9,464798E-6
289,400000E-3	9,385867E-6
289,700000E-3	9,300834E-6
290,600000E-3	9,202450E-6
291,200000E-3	9,092202E-6
291,900000E-3	8,977825E-6
292,300000E-3	8,868847E-6
293,000000E-3	8,773979E-6
293,700000E-3	8,693108E-6
294,400000E-3	8,625244E-6
294,700000E-3	8,568098E-6
295,600000E-3	8,518456E-6
296,100000E-3	8,467458E-6
296,800000E-3	8,408396E-6
297,500000E-3	8,339964E-6
298,200000E-3	8,263855E-6
298,500000E-3	8,183569E-6
299,200000E-3	8,100045E-6
299,900000E-3	8,020648E-6
