-200,10000000E-3	26,03056816E-6	
-200,20000000E-3	26,03156499E-6	
-200,00000000E-3	26,03521459E-6	
-199,60000000E-3	26,04278753E-6	
-199,30000000E-3	26,05340168E-6	
-198,90000000E-3	26,07634899E-6	
-198,40000000E-3	26,12731395E-6	
-197,90000000E-3	26,19827620E-6	
-197,40000000E-3	26,28795248E-6	
-196,70000000E-3	26,39676434E-6	
-196,20000000E-3	26,52077551E-6	
-195,60000000E-3	26,65800384E-6	
-194,80000000E-3	26,80342420E-6	
-194,20000000E-3	26,95195769E-6	
-193,40000000E-3	27,11078482E-6	
-192,80000000E-3	27,27960654E-6	
-192,10000000E-3	27,45215734E-6	
-191,50000000E-3	27,62453676E-6	
-190,80000000E-3	27,80211893E-6	
-189,80000000E-3	27,98325986E-6	
-189,20000000E-3	28,15812734E-6	
-188,50000000E-3	28,33456463E-6	
-187,80000000E-3	28,52023304E-6	
-187,20000000E-3	28,70967171E-6	
-186,50000000E-3	28,89879702E-6	
-185,50000000E-3	29,09120357E-6	
-184,80000000E-3	29,28745263E-6	
-184,10000000E-3	29,48392638E-6	
-183,50000000E-3	29,67087378E-6	
-182,80000000E-3	29,85854481E-6	
-181,80000000E-3	30,06944082E-6	
-181,00000000E-3	30,27971732E-6	
-180,40000000E-3	30,49837673E-6	
-179,70000000E-3	30,71705388E-6	
-179,00000000E-3	30,94606511E-6	
-178,40000000E-3	31,17553860E-6	
-177,30000000E-3	31,40569459E-6	
-176,70000000E-3	31,63501403E-6	
-176,00000000E-3	31,87563898E-6	
-175,30000000E-3	32,10859883E-6	
-174,60000000E-3	32,34707009E-6	
-173,50000000E-3	32,59099928E-6	
-172,90000000E-3	32,82211275E-6	
-172,20000000E-3	33,04978687E-6	
-171,50000000E-3	33,27750550E-6	
-170,80000000E-3	33,49638978E-6	
-169,90000000E-3	33,72579196E-6	
-169,10000000E-3	33,92681837E-6	
-168,50000000E-3	34,13542988E-6	
-167,80000000E-3	34,35172481E-6	
-167,10000000E-3	34,56871691E-6	
-166,40000000E-3	34,78354233E-6	
-165,30000000E-3	34,99640670E-6	
-164,70000000E-3	35,21983130E-6	
-164,00000000E-3	35,43818557E-6	
-163,30000000E-3	35,66069049E-6	
-162,60000000E-3	35,87566299E-6	
-161,70000000E-3	36,10299721E-6	
-161,00000000E-3	36,33958466E-6	
-160,20000000E-3	36,57240293E-6	
-159,50000000E-3	36,80236052E-6	
-158,80000000E-3	37,03668444E-6	
-158,10000000E-3	37,27878581E-6	
-157,50000000E-3	37,52375659E-6	
-156,50000000E-3	37,75775789E-6	
-155,80000000E-3	37,98921205E-6	
-155,00000000E-3	38,22512651E-6	
-154,30000000E-3	38,45494756E-6	
-153,80000000E-3	38,67954105E-6	
-152,70000000E-3	38,89849340E-6	
-152,00000000E-3	39,11203651E-6	
-151,30000000E-3	39,31653516E-6	
-150,60000000E-3	39,50176119E-6	
-149,90000000E-3	39,67546066E-6	
-149,10000000E-3	39,84405252E-6	
-148,20000000E-3	40,00530670E-6	
-147,50000000E-3	40,16595827E-6	
-146,90000000E-3	40,32467446E-6	
-146,20000000E-3	40,47183802E-6	
-145,50000000E-3	40,60816690E-6	
-144,50000000E-3	40,74410696E-6	
-143,70000000E-3	40,87186705E-6	
-143,10000000E-3	40,99339688E-6	
-142,40000000E-3	41,11397094E-6	
-141,70000000E-3	41,22815524E-6	
-140,90000000E-3	41,33615498E-6	
-140,00000000E-3	41,43652619E-6	
-139,40000000E-3	41,53510638E-6	
-138,70000000E-3	41,63446838E-6	
-138,00000000E-3	41,73008675E-6	
-137,20000000E-3	41,81683289E-6	
-136,60000000E-3	41,89972307E-6	
-135,90000000E-3	41,98986390E-6	
-134,90000000E-3	42,08428992E-6	
-134,60000000E-3	42,17949814E-6	
-133,60000000E-3	42,27598995E-6	
-132,60000000E-3	42,37797273E-6	
-131,90000000E-3	42,48591256E-6	
-131,50000000E-3	42,60196879E-6	
-130,50000000E-3	42,72060703E-6	
-129,80000000E-3	42,84591743E-6	
-129,10000000E-3	42,98238052E-6	
-128,40000000E-3	43,12798441E-6	
-127,70000000E-3	43,28562365E-6	
-127,10000000E-3	43,45395615E-6	
-126,40000000E-3	43,63147489E-6	
-125,40000000E-3	43,82102042E-6	
-124,50000000E-3	44,01685968E-6	
-123,60000000E-3	44,21738733E-6	
-123,30000000E-3	44,43087057E-6	
-122,60000000E-3	44,66782414E-6	
-121,90000000E-3	44,92261852E-6	
-120,90000000E-3	45,19407673E-6	
-120,20000000E-3	45,47668232E-6	
-119,50000000E-3	45,76543959E-6	
-118,90000000E-3	46,06113308E-6	
-118,20000000E-3	46,35326146E-6	
-117,10000000E-3	46,65408320E-6	
-116,50000000E-3	46,97582660E-6	
-115,70000000E-3	47,30576504E-6	
-115,10000000E-3	47,63501866E-6	
-114,40000000E-3	47,95846044E-6	
-113,70000000E-3	48,28129349E-6	
-112,60000000E-3	48,61240702E-6	
-112,00000000E-3	48,94830353E-6	
-111,40000000E-3	49,26669096E-6	
-110,60000000E-3	49,57173518E-6	
-110,00000000E-3	49,87557714E-6	
-108,90000000E-3	50,17016602E-6	
-108,20000000E-3	50,46242830E-6	
-107,60000000E-3	50,71832722E-6	
-106,90000000E-3	50,96171357E-6	
-106,10000000E-3	51,17821647E-6	
-105,50000000E-3	51,36438576E-6	
-104,50000000E-3	51,51418693E-6	
-103,80000000E-3	51,63492769E-6	
-103,10000000E-3	51,72222383E-6	
-102,40000000E-3	51,77134859E-6	
-101,70000000E-3	51,77205222E-6	
-101,00000000E-3	51,72029854E-6	
-100,00000000E-3	51,61365421E-6	
-99,30000000E-3	51,46431019E-6	
-98,60000000E-3	51,25265441E-6	
-97,90000000E-3	51,01667797E-6	
-97,20000000E-3	50,71778349E-6	
-96,40000000E-3	50,34084744E-6	
-95,50000000E-3	49,89842318E-6	
-94,80000000E-3	49,36868928E-6	
-94,10000000E-3	48,79967134E-6	
-93,40000000E-3	48,10966356E-6	
-92,80000000E-3	47,38485546E-6	
-91,80000000E-3	46,58820859E-6	
-91,00000000E-3	45,72863709E-6	
-90,40000000E-3	44,77428025E-6	
-89,70000000E-3	43,74712868E-6	
-89,10000000E-3	42,65774833E-6	
-88,10000000E-3	41,49992896E-6	
-87,30000000E-3	40,27318451E-6	
-86,60000000E-3	38,98046862E-6	
-85,90000000E-3	37,63209746E-6	
-85,30000000E-3	36,27999279E-6	
-84,60000000E-3	34,87153962E-6	
-83,60000000E-3	33,36994507E-6	
-82,90000000E-3	31,82363117E-6	
-82,20000000E-3	30,23043017E-6	
-81,50000000E-3	28,57766506E-6	
-80,80000000E-3	26,86488546E-6	
-80,10000000E-3	25,08642499E-6	
-79,10000000E-3	23,24798007E-6	
-78,40000000E-3	21,42744404E-6	
-77,70000000E-3	19,56257565E-6	
-77,10000000E-3	17,59229021E-6	
-76,40000000E-3	15,56882659E-6	
-75,40000000E-3	13,50168155E-6	
-74,70000000E-3	11,39544609E-6	
-74,00000000E-3	9,25161736E-6	
-73,40000000E-3	7,08319915E-6	
-72,70000000E-3	4,88758890E-6	
-72,00000000E-3	2,74646575E-6	
-71,20000000E-3	592,48955993E-9	
-70,30000000E-3	-1,62571519E-6	
-69,60000000E-3	-3,82954326E-6	
-68,90000000E-3	-5,99628408E-6	
-68,20000000E-3	-8,12498044E-6	
-67,20000000E-3	-10,20782154E-6	
-66,50000000E-3	-12,21974489E-6	
-65,80000000E-3	-14,14611312E-6	
-65,10000000E-3	-15,90783373E-6	
-64,80000000E-3	-17,56886106E-6	
-63,70000000E-3	-19,16524170E-6	
-62,70000000E-3	-20,62509183E-6	
-62,40000000E-3	-21,93829229E-6	
-61,70000000E-3	-23,10060688E-6	
-60,60000000E-3	-24,11636516E-6	
-60,00000000E-3	-24,97785896E-6	
-59,30000000E-3	-25,66941232E-6	
-58,60000000E-3	-26,22410282E-6	
-58,00000000E-3	-26,66083951E-6	
-57,30000000E-3	-26,96085931E-6	
-56,50000000E-3	-27,14225100E-6	
-55,60000000E-3	-27,21695052E-6	
-54,90000000E-3	-27,19234450E-6	
-54,20000000E-3	-27,07678712E-6	
-53,50000000E-3	-26,87884618E-6	
-52,80000000E-3	-26,61670681E-6	
-51,90000000E-3	-26,29668755E-6	
-51,10000000E-3	-25,91014553E-6	
-50,40000000E-3	-25,46406060E-6	
-49,70000000E-3	-24,97255473E-6	
-49,00000000E-3	-24,44473916E-6	
-48,10000000E-3	-23,88607359E-6	
-47,30000000E-3	-23,29628292E-6	
-46,60000000E-3	-22,68063220E-6	
-45,90000000E-3	-22,06687947E-6	
-45,20000000E-3	-21,44147296E-6	
-44,50000000E-3	-20,78953413E-6	
-43,80000000E-3	-20,13309233E-6	
-42,90000000E-3	-19,47387427E-6	
-42,20000000E-3	-18,80574225E-6	
-41,50000000E-3	-18,13353533E-6	
-40,80000000E-3	-17,46101272E-6	
-40,10000000E-3	-16,78790977E-6	
-39,30000000E-3	-16,13857958E-6	
-38,40000000E-3	-15,48880754E-6	
-37,70000000E-3	-14,81769182E-6	
-37,00000000E-3	-14,14652068E-6	
-36,30000000E-3	-13,48319916E-6	
-35,60000000E-3	-12,82939137E-6	
-34,60000000E-3	-12,18823838E-6	
-34,00000000E-3	-11,55431085E-6	
-33,20000000E-3	-10,93061577E-6	
-32,50000000E-3	-10,34317105E-6	
-31,90000000E-3	-9,77225660E-6	
-31,00000000E-3	-9,19018903E-6	
-30,20000000E-3	-8,65761216E-6	
-29,50000000E-3	-8,18155152E-6	
-28,80000000E-3	-7,71759952E-6	
-28,10000000E-3	-7,32395450E-6	
-27,30000000E-3	-6,96626318E-6	
-26,40000000E-3	-6,67475019E-6	
-25,70000000E-3	-6,43579696E-6	
-25,10000000E-3	-6,23297765E-6	
-24,40000000E-3	-6,07249195E-6	
-23,70000000E-3	-5,95437337E-6	
-22,80000000E-3	-5,86939483E-6	
-22,00000000E-3	-5,83000161E-6	
-21,30000000E-3	-5,81678616E-6	
-20,60000000E-3	-5,83184674E-6	
-20,00000000E-3	-5,87274552E-6	
-19,00000000E-3	-5,94068371E-6	
-18,20000000E-3	-6,02850168E-6	
-17,50000000E-3	-6,13543320E-6	
-16,80000000E-3	-6,26820123E-6	
-16,20000000E-3	-6,42643235E-6	
-15,50000000E-3	-6,60240593E-6	
-14,80000000E-3	-6,79305891E-6	
-13,70000000E-3	-6,99462789E-6	
-13,10000000E-3	-7,19115017E-6	
-12,40000000E-3	-7,38478754E-6	
-11,70000000E-3	-7,58626429E-6	
-11,00000000E-3	-7,77624467E-6	
-10,20000000E-3	-7,94351525E-6	
-9,30000000E-3	-8,09166662E-6	
-8,60000000E-3	-8,22996827E-6	
-8,00000000E-3	-8,36020058E-6	
-7,30000000E-3	-8,47957856E-6	
-6,40000000E-3	-8,58683692E-6	
-5,60000000E-3	-8,69054311E-6	
-4,80000000E-3	-8,80060676E-6	
-4,20000000E-3	-8,91620935E-6	
-3,40000000E-3	-9,03075070E-6	
-2,70000000E-3	-9,14166141E-6	
-2,00000000E-3	-9,25110295E-6	
-1,00000000E-3	-9,35801012E-6	
-300,00000000E-6	-9,45275878E-6	
400,00000000E-6	-9,53064985E-6	
1,20000000E-3	-9,59133128E-6	
1,80000000E-3	-9,62968129E-6	
2,60000000E-3	-9,64826782E-6	
3,50000000E-3	-9,64996840E-6	
4,30000000E-3	-9,63632472E-6	
4,90000000E-3	-9,61389069E-6	
5,60000000E-3	-9,58163442E-6	
6,30000000E-3	-9,53171558E-6	
6,90000000E-3	-9,46254488E-6	
8,00000000E-3	-9,37773053E-6	
8,70000000E-3	-9,27541154E-6	
9,20000000E-3	-9,15090714E-6	
10,00000000E-3	-8,99954381E-6	
10,90000000E-3	-8,82968886E-6	
11,40000000E-3	-8,64382423E-6	
12,40000000E-3	-8,44462965E-6	
13,10000000E-3	-8,23706836E-6	
13,80000000E-3	-8,01892833E-6	
14,50000000E-3	-7,78327906E-6	
15,10000000E-3	-7,53458420E-6	
15,90000000E-3	-7,27435540E-6	
16,50000000E-3	-7,01632440E-6	
17,40000000E-3	-6,77219874E-6	
18,20000000E-3	-6,54480575E-6	
19,10000000E-3	-6,33413652E-6	
19,60000000E-3	-6,14995253E-6	
20,30000000E-3	-5,98904939E-6	
21,00000000E-3	-5,84838640E-6	
22,00000000E-3	-5,73946421E-6	
22,70000000E-3	-5,66418759E-6	
23,40000000E-3	-5,62386656E-6	
24,20000000E-3	-5,61810631E-6	
24,90000000E-3	-5,64954101E-6	
25,90000000E-3	-5,71477412E-6	
26,60000000E-3	-5,80619395E-6	
27,20000000E-3	-5,92568278E-6	
27,90000000E-3	-6,08868754E-6	
28,70000000E-3	-6,29254490E-6	
29,40000000E-3	-6,53153967E-6	
30,00000000E-3	-6,80582315E-6	
31,00000000E-3	-7,12118999E-6	
31,80000000E-3	-7,48132155E-6	
32,50000000E-3	-7,88631418E-6	
33,20000000E-3	-8,32197942E-6	
33,90000000E-3	-8,79333527E-6	
34,50000000E-3	-9,31500694E-6	
35,50000000E-3	-9,86321551E-6	
36,30000000E-3	-10,43349379E-6	
37,00000000E-3	-11,02637448E-6	
37,70000000E-3	-11,63871498E-6	
38,40000000E-3	-12,27157530E-6	
39,10000000E-3	-12,89876293E-6	
39,70000000E-3	-13,54137699E-6	
40,70000000E-3	-14,21681081E-6	
41,40000000E-3	-14,90498763E-6	
42,10000000E-3	-15,60119219E-6	
42,80000000E-3	-16,29864475E-6	
43,50000000E-3	-16,99028625E-6	
44,40000000E-3	-17,67271674E-6	
45,20000000E-3	-18,34948420E-6	
45,90000000E-3	-18,99413451E-6	
46,30000000E-3	-19,62850928E-6	
47,20000000E-3	-20,26578875E-6	
47,90000000E-3	-20,88493180E-6	
49,00000000E-3	-21,48766179E-6	
49,60000000E-3	-22,06627074E-6	
50,40000000E-3	-22,61971036E-6	
51,00000000E-3	-23,14237099E-6	
51,70000000E-3	-23,63286295E-6	
52,40000000E-3	-24,07485297E-6	
53,10000000E-3	-24,47831716E-6	
53,70000000E-3	-24,85052118E-6	
54,40000000E-3	-25,16894496E-6	
55,30000000E-3	-25,42188157E-6	
56,20000000E-3	-25,60816861E-6	
56,80000000E-3	-25,72661754E-6	
57,50000000E-3	-25,76658971E-6	
58,20000000E-3	-25,71556734E-6	
58,90000000E-3	-25,56670875E-6	
59,60000000E-3	-25,31261983E-6	
60,60000000E-3	-24,93044620E-6	
61,30000000E-3	-24,41512538E-6	
62,00000000E-3	-23,75568825E-6	
62,70000000E-3	-22,94677089E-6	
63,10000000E-3	-21,98670686E-6	
64,40000000E-3	-20,83557421E-6	
65,10000000E-3	-19,56352016E-6	
65,80000000E-3	-18,14100593E-6	
66,50000000E-3	-16,68423260E-6	
67,20000000E-3	-15,04631608E-6	
68,00000000E-3	-13,23723402E-6	
68,90000000E-3	-11,32260425E-6	
69,60000000E-3	-9,32038898E-6	
70,40000000E-3	-7,24155626E-6	
71,00000000E-3	-5,10253620E-6	
71,60000000E-3	-3,00548183E-6	
72,60000000E-3	-887,84700598E-9	
73,40000000E-3	1,30524578E-6	
74,10000000E-3	3,48692580E-6	
74,30000000E-3	5,64123570E-6	
75,40000000E-3	7,77079841E-6	
76,10000000E-3	9,86384400E-6	
76,80000000E-3	11,91433505E-6	
77,50000000E-3	13,91529663E-6	
78,40000000E-3	15,79030405E-6	
79,20000000E-3	17,61692641E-6	
79,90000000E-3	19,45644571E-6	
80,60000000E-3	21,25281261E-6	
81,30000000E-3	23,00478991E-6	
82,00000000E-3	24,71288673E-6	
83,00000000E-3	26,36949348E-6	
83,70000000E-3	27,96673712E-6	
84,40000000E-3	29,51604063E-6	
85,10000000E-3	30,96965473E-6	
85,80000000E-3	32,38088312E-6	
86,40000000E-3	33,78483613E-6	
87,40000000E-3	35,17377205E-6	
88,20000000E-3	36,40688406E-6	
88,90000000E-3	37,61182607E-6	
89,60000000E-3	38,75361086E-6	
90,30000000E-3	39,83727257E-6	
90,90000000E-3	40,87135657E-6	
91,60000000E-3	41,81682367E-6	
92,70000000E-3	42,73510084E-6	
93,40000000E-3	43,58557986E-6	
94,10000000E-3	44,35711192E-6	
94,70000000E-3	45,05081854E-6	
95,40000000E-3	45,64767241E-6	
96,10000000E-3	46,20019517E-6	
97,20000000E-3	46,69160892E-6	
97,90000000E-3	47,13997423E-6	
98,50000000E-3	47,48734143E-6	
99,20000000E-3	47,79634453E-6	
99,90000000E-3	48,02825118E-6	
100,60000000E-3	48,19804967E-6	
101,50000000E-3	48,29013509E-6	
102,30000000E-3	48,30461739E-6	
103,00000000E-3	48,26518526E-6	
103,70000000E-3	48,17275759E-6	
104,40000000E-3	48,03793527E-6	
105,10000000E-3	47,85347597E-6	
105,90000000E-3	47,63417976E-6	
106,80000000E-3	47,39261087E-6	
107,50000000E-3	47,11960835E-6	
108,20000000E-3	46,81482048E-6	
108,80000000E-3	46,48657623E-6	
109,60000000E-3	46,13352467E-6	
110,60000000E-3	45,76117358E-6	
111,30000000E-3	45,39012751E-6	
112,00000000E-3	45,00679524E-6	
112,70000000E-3	44,60366055E-6	
113,30000000E-3	44,20026294E-6	
114,10000000E-3	43,80022982E-6	
115,00000000E-3	43,40158513E-6	
115,80000000E-3	43,01325681E-6	
116,40000000E-3	42,64053735E-6	
117,10000000E-3	42,28366966E-6	
117,80000000E-3	41,95060000E-6	
118,50000000E-3	41,62356468E-6	
118,90000000E-3	41,28109584E-6	
119,50000000E-3	40,96761885E-6	
121,00000000E-3	40,65337496E-6	
121,70000000E-3	40,35751736E-6	
122,40000000E-3	40,08370655E-6	
123,10000000E-3	39,82768365E-6	
123,80000000E-3	39,58737365E-6	
124,50000000E-3	39,37394354E-6	
125,40000000E-3	39,17729181E-6	
126,20000000E-3	38,99123903E-6	
126,90000000E-3	38,81876801E-6	
127,50000000E-3	38,65637885E-6	
128,30000000E-3	38,51250182E-6	
128,90000000E-3	38,38719904E-6	
129,80000000E-3	38,27905967E-6	
130,70000000E-3	38,19231018E-6	
131,00000000E-3	38,11919600E-6	
131,70000000E-3	38,05320943E-6	
132,70000000E-3	37,99964019E-6	
133,40000000E-3	37,95731233E-6	
134,30000000E-3	37,92412646E-6	
135,20000000E-3	37,90230647E-6	
135,50000000E-3	37,88799541E-6	
136,60000000E-3	37,88216868E-6	
137,20000000E-3	37,88488713E-6	
137,90000000E-3	37,89031099E-6	
138,60000000E-3	37,89519271E-6	
139,30000000E-3	37,89746089E-6	
140,00000000E-3	37,89600468E-6	
140,70000000E-3	37,88998131E-6	
141,60000000E-3	37,88259027E-6	
142,40000000E-3	37,86997283E-6	
143,10000000E-3	37,84852398E-6	
143,80000000E-3	37,81858557E-6	
144,50000000E-3	37,77949336E-6	
145,00000000E-3	37,72638775E-6	
145,80000000E-3	37,66246476E-6	
146,70000000E-3	37,58968844E-6	
147,60000000E-3	37,50960481E-6	
148,20000000E-3	37,41862772E-6	
148,90000000E-3	37,31491946E-6	
149,50000000E-3	37,20390697E-6	
150,30000000E-3	37,09363224E-6	
151,20000000E-3	36,97915622E-6	
152,10000000E-3	36,85496396E-6	
152,70000000E-3	36,72583521E-6	
153,40000000E-3	36,59177115E-6	
154,00000000E-3	36,45571190E-6	
154,80000000E-3	36,31959929E-6	
155,80000000E-3	36,18101328E-6	
156,50000000E-3	36,03849912E-6	
157,20000000E-3	35,89364365E-6	
157,90000000E-3	35,73815610E-6	
158,60000000E-3	35,56925216E-6	
159,30000000E-3	35,39884362E-6	
160,30000000E-3	35,22441432E-6	
161,00000000E-3	35,04205354E-6	
161,70000000E-3	34,85198076E-6	
162,40000000E-3	34,65160569E-6	
163,10000000E-3	34,45092428E-6	
163,80000000E-3	34,24304166E-6	
164,60000000E-3	34,01553957E-6	
165,50000000E-3	33,78779058E-6	
166,10000000E-3	33,55453211E-6	
166,80000000E-3	33,33041474E-6	
167,50000000E-3	33,09890949E-6	
168,20000000E-3	32,86628652E-6	
169,10000000E-3	32,62579541E-6	
170,00000000E-3	32,40882431E-6	
170,60000000E-3	32,18874058E-6	
171,30000000E-3	31,96642217E-6	
172,00000000E-3	31,75121271E-6	
172,70000000E-3	31,53920427E-6	
173,60000000E-3	31,32767000E-6	
174,40000000E-3	31,11474048E-6	
175,10000000E-3	30,89647799E-6	
175,80000000E-3	30,69628228E-6	
176,50000000E-3	30,50348229E-6	
177,20000000E-3	30,32831745E-6	
178,20000000E-3	30,14895625E-6	
178,90000000E-3	29,96800485E-6	
179,60000000E-3	29,79105754E-6	
180,30000000E-3	29,61979744E-6	
181,00000000E-3	29,45087980E-6	
181,60000000E-3	29,28207423E-6	
182,70000000E-3	29,11703415E-6	
183,30000000E-3	28,96110772E-6	
184,10000000E-3	28,80875492E-6	
184,80000000E-3	28,65102783E-6	
185,50000000E-3	28,49606528E-6	
186,20000000E-3	28,33925022E-6	
186,90000000E-3	28,17728469E-6	
187,90000000E-3	28,01317032E-6	
188,60000000E-3	27,84616996E-6	
189,30000000E-3	27,67490020E-6	
189,90000000E-3	27,51212688E-6	
189,90000000E-3	27,35188503E-6	
191,40000000E-3	27,18443816E-6	
192,20000000E-3	27,01934874E-6	
193,20000000E-3	26,84662915E-6	
193,50000000E-3	26,68110558E-6	
194,20000000E-3	26,50628950E-6	
194,90000000E-3	26,32259883E-6	
196,00000000E-3	26,14314383E-6	
196,70000000E-3	25,96373640E-6	
197,30000000E-3	25,77853902E-6	
198,00000000E-3	25,59203361E-6	
198,70000000E-3	25,40134652E-6	
199,40000000E-3	25,20625828E-6	
