-200,00000000E-3	33,16408628E-6	
-200,00000000E-3	33,16847691E-6	
-200,00000000E-3	33,17019759E-6	
-199,90000000E-3	33,17048135E-6	
-199,50000000E-3	33,17348194E-6	
-199,20000000E-3	33,19134428E-6	
-198,80000000E-3	33,22928475E-6	
-198,30000000E-3	33,29403308E-6	
-197,80000000E-3	33,38714746E-6	
-197,30000000E-3	33,50366794E-6	
-196,60000000E-3	33,65353058E-6	
-196,10000000E-3	33,82448572E-6	
-195,50000000E-3	34,01383888E-6	
-194,80000000E-3	34,21226961E-6	
-194,20000000E-3	34,43875336E-6	
-193,60000000E-3	34,67065194E-6	
-192,80000000E-3	34,91068965E-6	
-192,20000000E-3	35,16093212E-6	
-191,40000000E-3	35,40959759E-6	
-190,80000000E-3	35,65122511E-6	
-190,00000000E-3	35,89133805E-6	
-189,40000000E-3	36,13606976E-6	
-188,60000000E-3	36,36673930E-6	
-188,00000000E-3	36,60273766E-6	
-187,20000000E-3	36,84565832E-6	
-186,50000000E-3	37,08138794E-6	
-186,10000000E-3	37,30652577E-6	
-185,40000000E-3	37,52245458E-6	
-184,60000000E-3	37,73197208E-6	
-183,90000000E-3	37,93328525E-6	
-183,10000000E-3	38,12184707E-6	
-182,40000000E-3	38,30009117E-6	
-181,70000000E-3	38,50057871E-6	
-180,90000000E-3	38,75967272E-6	
-180,20000000E-3	39,08986965E-6	
-179,40000000E-3	39,48339902E-6	
-178,70000000E-3	39,92020476E-6	
-178,00000000E-3	40,38053711E-6	
-177,10000000E-3	40,84239390E-6	
-176,20000000E-3	41,29325928E-6	
-175,50000000E-3	41,70776642E-6	
-174,80000000E-3	42,09582211E-6	
-174,20000000E-3	42,42674810E-6	
-173,40000000E-3	42,70847490E-6	
-172,70000000E-3	42,96121168E-6	
-171,90000000E-3	43,22757067E-6	
-171,30000000E-3	43,49878394E-6	
-170,20000000E-3	43,76646179E-6	
-169,50000000E-3	44,01404484E-6	
-168,90000000E-3	44,27493121E-6	
-168,20000000E-3	44,55875277E-6	
-167,50000000E-3	44,82689133E-6	
-166,80000000E-3	45,07802487E-6	
-165,80000000E-3	45,30426392E-6	
-165,20000000E-3	45,49772688E-6	
-164,40000000E-3	45,67874031E-6	
-163,70000000E-3	45,86334964E-6	
-163,00000000E-3	46,09688709E-6	
-162,00000000E-3	46,38709115E-6	
-161,40000000E-3	46,74159123E-6	
-160,70000000E-3	47,15165232E-6	
-160,00000000E-3	47,58826577E-6	
-159,30000000E-3	48,04842539E-6	
-158,40000000E-3	48,52117376E-6	
-157,60000000E-3	48,96036541E-6	
-156,90000000E-3	49,38559146E-6	
-156,20000000E-3	49,80834909E-6	
-155,50000000E-3	50,22492071E-6	
-154,90000000E-3	50,59878267E-6	
-153,80000000E-3	50,97151645E-6	
-153,10000000E-3	51,33845521E-6	
-152,40000000E-3	51,67047081E-6	
-151,70000000E-3	51,94432959E-6	
-151,10000000E-3	52,15099169E-6	
-150,40000000E-3	52,29363237E-6	
-149,40000000E-3	52,39188758E-6	
-148,70000000E-3	52,48457827E-6	
-148,00000000E-3	52,59889519E-6	
-147,30000000E-3	52,74307767E-6	
-146,70000000E-3	52,92228644E-6	
-145,60000000E-3	53,12523283E-6	
-144,90000000E-3	53,32539612E-6	
-144,30000000E-3	53,50531892E-6	
-143,60000000E-3	53,64796121E-6	
-142,90000000E-3	53,75176039E-6	
-142,20000000E-3	53,84114428E-6	
-141,20000000E-3	53,92550396E-6	
-140,50000000E-3	54,00430699E-6	
-139,80000000E-3	54,09075445E-6	
-139,10000000E-3	54,19365396E-6	
-138,40000000E-3	54,29947524E-6	
-137,40000000E-3	54,37863479E-6	
-136,70000000E-3	54,43003089E-6	
-136,00000000E-3	54,47875481E-6	
-135,40000000E-3	54,53461757E-6	
-134,70000000E-3	54,58273420E-6	
-134,00000000E-3	54,60332617E-6	
-132,90000000E-3	54,61924350E-6	
-132,30000000E-3	54,67304995E-6	
-131,60000000E-3	54,77266766E-6	
-130,90000000E-3	54,89057217E-6	
-130,20000000E-3	55,01146754E-6	
-129,20000000E-3	55,15896435E-6	
-128,80000000E-3	55,35786701E-6	
-128,20000000E-3	55,60677619E-6	
-127,20000000E-3	55,88799694E-6	
-126,50000000E-3	56,16178808E-6	
-125,80000000E-3	56,39822273E-6	
-124,70000000E-3	56,59687298E-6	
-124,00000000E-3	56,79487627E-6	
-123,40000000E-3	57,03938102E-6	
-123,10000000E-3	57,37356586E-6	
-122,00000000E-3	57,82250639E-6	
-121,30000000E-3	58,35374453E-6	
-120,60000000E-3	58,91889925E-6	
-120,00000000E-3	59,45922700E-6	
-119,30000000E-3	59,96420127E-6	
-118,60000000E-3	60,45540067E-6	
-117,60000000E-3	60,93473057E-6	
-116,50000000E-3	61,40305687E-6	
-116,20000000E-3	61,88570497E-6	
-115,50000000E-3	62,38360433E-6	
-114,80000000E-3	62,87854586E-6	
-113,80000000E-3	63,39368988E-6	
-113,10000000E-3	63,93969371E-6	
-112,40000000E-3	64,50690009E-6	
-111,80000000E-3	65,11060435E-6	
-111,00000000E-3	65,75255044E-6	
-110,20000000E-3	66,37214514E-6	
-109,40000000E-3	66,94859292E-6	
-108,70000000E-3	67,49412478E-6	
-108,00000000E-3	68,01003820E-6	
-107,30000000E-3	68,51886048E-6	
-106,60000000E-3	69,01699113E-6	
-105,70000000E-3	69,44499852E-6	
-104,90000000E-3	69,79190789E-6	
-104,30000000E-3	70,11551430E-6	
-103,50000000E-3	70,41103364E-6	
-102,80000000E-3	70,62668350E-6	
-102,00000000E-3	70,71044582E-6	
-101,20000000E-3	70,66757527E-6	
-100,50000000E-3	70,56659645E-6	
-99,80000000E-3	70,45619678E-6	
-99,10000000E-3	70,35254292E-6	
-98,40000000E-3	70,22647674E-6	
-97,60000000E-3	70,04878987E-6	
-96,70000000E-3	69,80056898E-6	
-96,00000000E-3	69,47408616E-6	
-95,30000000E-3	68,95454200E-6	
-94,70000000E-3	68,23429610E-6	
-93,80000000E-3	67,28299354E-6	
-93,00000000E-3	66,16218291E-6	
-92,30000000E-3	65,02146619E-6	
-91,60000000E-3	63,83994530E-6	
-90,90000000E-3	62,66847498E-6	
-90,20000000E-3	61,36547533E-6	
-89,30000000E-3	59,90816627E-6	
-88,50000000E-3	58,32633860E-6	
-87,90000000E-3	56,59431164E-6	
-87,10000000E-3	54,86076717E-6	
-86,50000000E-3	53,15155981E-6	
-85,70000000E-3	51,37522111E-6	
-84,80000000E-3	49,52820199E-6	
-84,10000000E-3	47,72708128E-6	
-83,30000000E-3	46,01014176E-6	
-82,70000000E-3	44,10476651E-6	
-82,00000000E-3	41,99303337E-6	
-81,00000000E-3	39,76220372E-6	
-80,30000000E-3	37,41535189E-6	
-79,60000000E-3	34,99376251E-6	
-79,00000000E-3	32,54936772E-6	
-78,30000000E-3	30,03212375E-6	
-77,60000000E-3	27,47598217E-6	
-76,50000000E-3	24,81211632E-6	
-75,80000000E-3	21,97150427E-6	
-75,10000000E-3	19,07488427E-6	
-74,50000000E-3	16,11752782E-6	
-73,80000000E-3	13,07837259E-6	
-72,90000000E-3	9,96694631E-6	
-72,10000000E-3	6,78205514E-6	
-71,40000000E-3	3,55850542E-6	
-70,70000000E-3	431,59176677E-9	
-70,00000000E-3	-2,67312570E-6	
-69,30000000E-3	-5,86156190E-6	
-68,30000000E-3	-9,03445415E-6	
-67,60000000E-3	-12,20790461E-6	
-66,90000000E-3	-15,33591240E-6	
-66,20000000E-3	-18,33355107E-6	
-65,50000000E-3	-21,19085550E-6	
-64,70000000E-3	-23,79678825E-6	
-63,90000000E-3	-26,22016323E-6	
-63,20000000E-3	-28,48612063E-6	
-62,50000000E-3	-30,48718494E-6	
-61,70000000E-3	-32,19565364E-6	
-61,10000000E-3	-33,61251898E-6	
-60,10000000E-3	-34,80325943E-6	
-59,40000000E-3	-35,76766642E-6	
-58,70000000E-3	-36,47949425E-6	
-58,00000000E-3	-36,90845050E-6	
-57,30000000E-3	-37,09129630E-6	
-56,60000000E-3	-37,06283521E-6	
-55,60000000E-3	-36,86496979E-6	
-55,20000000E-3	-36,55118481E-6	
-54,20000000E-3	-36,13602314E-6	
-53,50000000E-3	-35,61917780E-6	
-52,80000000E-3	-35,02677663E-6	
-52,00000000E-3	-34,37211069E-6	
-51,10000000E-3	-33,68485856E-6	
-50,80000000E-3	-32,92889501E-6	
-50,20000000E-3	-32,04125736E-6	
-49,40000000E-3	-31,06081739E-6	
-48,40000000E-3	-30,03733494E-6	
-47,70000000E-3	-29,01621901E-6	
-46,60000000E-3	-27,99897964E-6	
-46,00000000E-3	-26,98608514E-6	
-45,70000000E-3	-25,97251521E-6	
-44,70000000E-3	-24,97982216E-6	
-44,00000000E-3	-23,98893685E-6	
-43,30000000E-3	-22,99640684E-6	
-42,60000000E-3	-22,05831759E-6	
-41,90000000E-3	-21,13728570E-6	
-41,20000000E-3	-20,20020978E-6	
-40,20000000E-3	-19,25557937E-6	
-39,50000000E-3	-18,30704466E-6	
-38,80000000E-3	-17,35972620E-6	
-38,10000000E-3	-16,44674561E-6	
-37,50000000E-3	-15,54612064E-6	
-36,60000000E-3	-14,63859774E-6	
-35,70000000E-3	-13,74275189E-6	
-35,10000000E-3	-12,83674785E-6	
-34,30000000E-3	-11,91431218E-6	
-33,70000000E-3	-10,97936066E-6	
-33,00000000E-3	-10,04975701E-6	
-31,90000000E-3	-9,17791241E-6	
-31,30000000E-3	-8,34661982E-6	
-30,60000000E-3	-7,50777959E-6	
-29,90000000E-3	-6,76227917E-6	
-29,30000000E-3	-6,05253387E-6	
-28,40000000E-3	-5,43950186E-6	
-27,60000000E-3	-4,95816523E-6	
-26,80000000E-3	-4,61772596E-6	
-26,10000000E-3	-4,38833411E-6	
-25,50000000E-3	-4,24007507E-6	
-24,80000000E-3	-4,16251538E-6	
-23,80000000E-3	-4,15946457E-6	
-23,10000000E-3	-4,21181134E-6	
-22,40000000E-3	-4,29806655E-6	
-21,60000000E-3	-4,41885188E-6	
-21,00000000E-3	-4,59961960E-6	
-20,30000000E-3	-4,82985948E-6	
-19,30000000E-3	-5,09077186E-6	
-18,60000000E-3	-5,35668340E-6	
-17,90000000E-3	-5,66207516E-6	
-17,30000000E-3	-6,03095044E-6	
-16,60000000E-3	-6,44654345E-6	
-15,70000000E-3	-6,93027738E-6	
-14,80000000E-3	-7,44544434E-6	
-14,20000000E-3	-7,97407062E-6	
-13,50000000E-3	-8,47450903E-6	
-12,80000000E-3	-8,94819890E-6	
-12,10000000E-3	-9,35958909E-6	
-11,10000000E-3	-9,70625494E-6	
-10,40000000E-3	-9,97662942E-6	
-9,80000000E-3	-10,20940811E-6	
-9,10000000E-3	-10,42992177E-6	
-8,30000000E-3	-10,60688876E-6	
-7,50000000E-3	-10,73093359E-6	
-6,70000000E-3	-10,83953457E-6	
-6,00000000E-3	-10,96183203E-6	
-5,30000000E-3	-11,12519915E-6	
-4,60000000E-3	-11,35773733E-6	
-3,90000000E-3	-11,61058282E-6	
-2,80000000E-3	-11,85152195E-6	
-2,10000000E-3	-12,11348300E-6	
-1,40000000E-3	-12,39308030E-6	
-700,00000000E-6	-12,65171815E-6	
-0,00000000E+0	-12,83975848E-6	
700,00000000E-6	-12,92900179E-6	
1,70000000E-3	-12,95536096E-6	
2,40000000E-3	-12,96728716E-6	
3,10000000E-3	-12,98965475E-6	
3,70000000E-3	-13,01778986E-6	
4,50000000E-3	-13,02402170E-6	
5,40000000E-3	-12,98117384E-6	
6,10000000E-3	-12,89225608E-6	
6,80000000E-3	-12,78291381E-6	
7,60000000E-3	-12,66690734E-6	
8,20000000E-3	-12,51468081E-6	
9,00000000E-3	-12,28986129E-6	
9,90000000E-3	-11,99076977E-6	
10,60000000E-3	-11,64885498E-6	
11,30000000E-3	-11,29119377E-6	
11,90000000E-3	-10,92291406E-6	
12,70000000E-3	-10,52176441E-6	
13,50000000E-3	-10,05498218E-6	
14,40000000E-3	-9,53257563E-6	
14,80000000E-3	-8,95599423E-6	
15,80000000E-3	-8,34551837E-6	
16,50000000E-3	-7,76044042E-6	
17,20000000E-3	-7,22704276E-6	
18,10000000E-3	-6,74872931E-6	
18,90000000E-3	-6,29894587E-6	
19,60000000E-3	-5,85732896E-6	
20,20000000E-3	-5,44119618E-6	
20,90000000E-3	-5,09826176E-6	
21,60000000E-3	-4,81586787E-6	
22,30000000E-3	-4,57114706E-6	
23,00000000E-3	-4,39098993E-6	
23,80000000E-3	-4,28106054E-6	
24,50000000E-3	-4,24786216E-6	
24,80000000E-3	-4,28828615E-6	
26,40000000E-3	-4,35465503E-6	
27,10000000E-3	-4,43284378E-6	
27,40000000E-3	-4,54901475E-6	
28,10000000E-3	-4,70816455E-6	
28,80000000E-3	-4,88841225E-6	
29,80000000E-3	-5,12092353E-6	
30,50000000E-3	-5,43653908E-6	
31,20000000E-3	-5,84231720E-6	
31,80000000E-3	-6,37164051E-6	
32,50000000E-3	-7,01956310E-6	
33,40000000E-3	-7,73791787E-6	
34,30000000E-3	-8,51496899E-6	
35,00000000E-3	-9,35327352E-6	
35,70000000E-3	-10,21579939E-6	
36,30000000E-3	-11,10137468E-6	
37,00000000E-3	-11,99613874E-6	
38,00000000E-3	-12,89748500E-6	
38,80000000E-3	-13,84626041E-6	
39,40000000E-3	-14,84741054E-6	
40,10000000E-3	-15,85166366E-6	
40,80000000E-3	-16,87205664E-6	
41,50000000E-3	-17,95354333E-6	
42,50000000E-3	-19,04477842E-6	
43,20000000E-3	-20,11309928E-6	
43,90000000E-3	-21,15556061E-6	
44,60000000E-3	-22,16229307E-6	
45,30000000E-3	-23,13510785E-6	
46,00000000E-3	-24,09472932E-6	
47,00000000E-3	-25,02678475E-6	
47,70000000E-3	-25,94762559E-6	
48,40000000E-3	-26,87330186E-6	
49,00000000E-3	-27,77657362E-6	
49,80000000E-3	-28,66159311E-6	
50,70000000E-3	-29,53626012E-6	
51,40000000E-3	-30,42853717E-6	
52,10000000E-3	-31,25186853E-6	
52,80000000E-3	-32,05927954E-6	
53,50000000E-3	-32,77395068E-6	
54,20000000E-3	-33,42790838E-6	
55,20000000E-3	-34,06088379E-6	
55,90000000E-3	-34,58198032E-6	
56,50000000E-3	-35,01940138E-6	
57,20000000E-3	-35,37804301E-6	
57,90000000E-3	-35,63246525E-6	
58,80000000E-3	-35,75766737E-6	
59,60000000E-3	-35,68679768E-6	
60,30000000E-3	-35,37048792E-6	
61,00000000E-3	-34,90614482E-6	
61,70000000E-3	-34,23488210E-6	
62,40000000E-3	-33,29697494E-6	
63,40000000E-3	-32,02394318E-6	
64,10000000E-3	-30,32742401E-6	
64,80000000E-3	-28,51378619E-6	
65,50000000E-3	-26,29141153E-6	
66,20000000E-3	-24,00498281E-6	
66,80000000E-3	-21,47091401E-6	
67,90000000E-3	-18,66846471E-6	
68,50000000E-3	-15,69344042E-6	
69,20000000E-3	-12,54286088E-6	
69,90000000E-3	-9,25218630E-6	
70,50000000E-3	-5,87383132E-6	
71,60000000E-3	-2,46827806E-6	
72,30000000E-3	910,57119365E-9	
73,00000000E-3	4,36645095E-6	
73,70000000E-3	7,84591442E-6	
74,40000000E-3	10,75339237E-6	
75,00000000E-3	13,51234078E-6	
76,10000000E-3	16,29203730E-6	
76,80000000E-3	19,12894976E-6	
77,50000000E-3	21,87992194E-6	
78,20000000E-3	24,48863291E-6	
78,90000000E-3	26,95153893E-6	
79,50000000E-3	29,23170000E-6	
80,40000000E-3	31,44789478E-6	
81,30000000E-3	33,72202612E-6	
81,90000000E-3	35,94550403E-6	
82,60000000E-3	38,07862394E-6	
83,30000000E-3	40,10449739E-6	
84,20000000E-3	42,09532751E-6	
85,00000000E-3	44,09788816E-6	
85,70000000E-3	46,05393140E-6	
86,40000000E-3	47,86201357E-6	
87,10000000E-3	49,55649800E-6	
87,70000000E-3	51,18931408E-6	
88,80000000E-3	52,71064314E-6	
89,40000000E-3	54,14129840E-6	
90,10000000E-3	55,50110650E-6	
90,80000000E-3	56,81086015E-6	
91,50000000E-3	58,07555927E-6	
92,40000000E-3	59,25388101E-6	
93,20000000E-3	60,36992879E-6	
93,90000000E-3	61,40162961E-6	
94,60000000E-3	62,28607767E-6	
95,30000000E-3	63,02956951E-6	
95,90000000E-3	63,66728155E-6	
96,90000000E-3	64,25594868E-6	
97,60000000E-3	64,83407020E-6	
98,30000000E-3	65,38354908E-6	
99,10000000E-3	65,86788881E-6	
99,50000000E-3	66,28997994E-6	
100,40000000E-3	66,58588354E-6	
101,10000000E-3	66,65627350E-6	
101,80000000E-3	66,49476686E-6	
102,50000000E-3	66,16972500E-6	
103,20000000E-3	65,75075621E-6	
104,20000000E-3	65,26519013E-6	
105,00000000E-3	64,71246569E-6	
105,90000000E-3	64,16226094E-6	
106,30000000E-3	63,66338933E-6	
106,90000000E-3	63,17822237E-6	
107,60000000E-3	62,64833668E-6	
108,60000000E-3	62,03473425E-6	
109,30000000E-3	61,34451228E-6	
110,10000000E-3	60,58392236E-6	
110,70000000E-3	59,77242997E-6	
111,40000000E-3	58,94141584E-6	
112,10000000E-3	58,15771559E-6	
113,10000000E-3	57,42846168E-6	
113,80000000E-3	56,72590066E-6	
114,60000000E-3	56,07358994E-6	
115,20000000E-3	55,48641136E-6	
115,90000000E-3	54,96055779E-6	
116,60000000E-3	54,45520941E-6	
117,60000000E-3	53,95298762E-6	
118,30000000E-3	53,48235403E-6	
119,00000000E-3	53,01994193E-6	
119,70000000E-3	52,55123881E-6	
120,40000000E-3	52,10362814E-6	
121,10000000E-3	51,68011992E-6	
122,10000000E-3	51,26791666E-6	
122,80000000E-3	50,87381549E-6	
123,50000000E-3	50,50723852E-6	
124,20000000E-3	50,18161005E-6	
124,90000000E-3	49,90760427E-6	
125,50000000E-3	49,66547523E-6	
126,50000000E-3	49,43861277E-6	
127,30000000E-3	49,23497569E-6	
128,00000000E-3	49,04795518E-6	
128,70000000E-3	48,88261693E-6	
129,30000000E-3	48,75642582E-6	
130,00000000E-3	48,64270893E-6	
131,00000000E-3	48,51869779E-6	
131,70000000E-3	48,41600037E-6	
132,40000000E-3	48,33242139E-6	
133,10000000E-3	48,29384609E-6	
133,70000000E-3	48,34161033E-6	
134,40000000E-3	48,46392797E-6	
135,40000000E-3	48,61939068E-6	
136,20000000E-3	48,78431519E-6	
136,90000000E-3	48,94823292E-6	
137,50000000E-3	49,12543095E-6	
138,20000000E-3	49,28714782E-6	
139,00000000E-3	49,42383640E-6	
139,90000000E-3	49,53905345E-6	
140,00000000E-3	49,65163620E-6	
141,50000000E-3	49,77176628E-6	
142,20000000E-3	49,89468560E-6	
142,90000000E-3	50,00084010E-6	
143,60000000E-3	50,07128344E-6	
144,30000000E-3	50,10533360E-6	
145,00000000E-3	50,10321357E-6	
145,70000000E-3	50,06127015E-6	
146,40000000E-3	49,97690329E-6	
147,10000000E-3	49,86675326E-6	
147,70000000E-3	49,73288269E-6	
148,80000000E-3	49,55500471E-6	
149,50000000E-3	49,33291714E-6	
150,20000000E-3	49,09176344E-6	
151,20000000E-3	48,85112356E-6	
151,50000000E-3	48,61168439E-6	
152,20000000E-3	48,38452186E-6	
153,20000000E-3	48,19823025E-6	
153,80000000E-3	48,04712879E-6	
154,50000000E-3	47,91797463E-6	
155,20000000E-3	47,80191358E-6	
155,90000000E-3	47,68686154E-6	
156,90000000E-3	47,54928775E-6	
157,60000000E-3	47,37852291E-6	
158,30000000E-3	47,17369419E-6	
159,10000000E-3	46,94143145E-6	
159,70000000E-3	46,69137878E-6	
160,40000000E-3	46,41814487E-6	
161,40000000E-3	46,12221661E-6	
162,10000000E-3	45,81212252E-6	
162,80000000E-3	45,47187149E-6	
163,50000000E-3	45,08756884E-6	
164,20000000E-3	44,69386825E-6	
164,90000000E-3	44,30112272E-6	
165,60000000E-3	43,88753766E-6	
166,60000000E-3	43,45769636E-6	
167,30000000E-3	43,01865365E-6	
168,00000000E-3	42,57637421E-6	
168,70000000E-3	42,13706056E-6	
169,30000000E-3	41,71034626E-6	
170,10000000E-3	41,30999761E-6	
171,10000000E-3	40,96015620E-6	
171,80000000E-3	40,64346309E-6	
172,40000000E-3	40,33509068E-6	
173,20000000E-3	40,01583702E-6	
173,90000000E-3	39,71109954E-6	
174,60000000E-3	39,39891574E-6	
175,50000000E-3	39,10306362E-6	
176,30000000E-3	38,81523213E-6	
176,90000000E-3	38,55129181E-6	
177,70000000E-3	38,31209612E-6	
178,30000000E-3	38,10914180E-6	
179,10000000E-3	37,91620751E-6	
180,00000000E-3	37,72550860E-6	
180,80000000E-3	37,55524282E-6	
181,40000000E-3	37,39983832E-6	
182,10000000E-3	37,24460826E-6	
182,80000000E-3	37,10674727E-6	
183,60000000E-3	36,97092845E-6	
184,50000000E-3	36,83334741E-6	
185,20000000E-3	36,67538943E-6	
185,90000000E-3	36,49559224E-6	
186,60000000E-3	36,29568849E-6	
187,30000000E-3	36,08335863E-6	
188,10000000E-3	35,86491334E-6	
189,00000000E-3	35,65266117E-6	
189,70000000E-3	35,45901329E-6	
190,40000000E-3	35,27820021E-6	
191,00000000E-3	35,12517755E-6	
191,80000000E-3	34,95841624E-6	
192,80000000E-3	34,76587312E-6	
193,50000000E-3	34,55369596E-6	
194,20000000E-3	34,32705465E-6	
194,90000000E-3	34,08860144E-6	
195,50000000E-3	33,82866447E-6	
196,20000000E-3	33,53681454E-6	
197,20000000E-3	33,23055958E-6	
197,90000000E-3	32,91211809E-6	
198,60000000E-3	32,57850517E-6	
199,20000000E-3	32,25379888E-6	
199,90000000E-3	31,93601530E-6	
