-200,00000000E-3	10,94915925E-6	
-200,00000000E-3	10,94030671E-6	
-199,90000000E-3	10,93058133E-6	
-199,60000000E-3	10,91920767E-6	
-199,30000000E-3	10,91159906E-6	
-199,10000000E-3	10,90522933E-6	
-198,60000000E-3	10,89914017E-6	
-197,90000000E-3	10,89803896E-6	
-197,60000000E-3	10,89884840E-6	
-197,00000000E-3	10,89910877E-6	
-196,40000000E-3	10,90039564E-6	
-195,70000000E-3	10,90329003E-6	
-194,90000000E-3	10,90846196E-6	
-194,40000000E-3	10,91344512E-6	
-193,70000000E-3	10,92002343E-6	
-193,10000000E-3	10,93307723E-6	
-192,50000000E-3	10,94580812E-6	
-191,50000000E-3	10,95738608E-6	
-190,80000000E-3	10,96566006E-6	
-190,20000000E-3	10,96952594E-6	
-189,60000000E-3	10,97508558E-6	
-188,90000000E-3	10,98652540E-6	
-188,00000000E-3	11,00404463E-6	
-187,30000000E-3	11,01704602E-6	
-186,60000000E-3	11,02350446E-6	
-186,20000000E-3	11,02719032E-6	
-185,50000000E-3	11,03501562E-6	
-184,50000000E-3	11,04331797E-6	
-183,60000000E-3	11,05439639E-6	
-182,90000000E-3	11,06514039E-6	
-182,10000000E-3	11,07000683E-6	
-181,40000000E-3	11,07559383E-6	
-180,80000000E-3	11,08390386E-6	
-180,10000000E-3	11,09326886E-6	
-179,40000000E-3	11,10143007E-6	
-178,70000000E-3	11,11006673E-6	
-178,00000000E-3	11,11818625E-6	
-177,40000000E-3	11,12578718E-6	
-176,40000000E-3	11,13273978E-6	
-175,70000000E-3	11,13853748E-6	
-175,00000000E-3	11,14205078E-6	
-174,30000000E-3	11,14621349E-6	
-173,60000000E-3	11,15195357E-6	
-172,90000000E-3	11,15722732E-6	
-171,90000000E-3	11,15979114E-6	
-171,20000000E-3	11,16404555E-6	
-170,50000000E-3	11,16910639E-6	
-169,90000000E-3	11,16850654E-6	
-169,20000000E-3	11,16466399E-6	
-168,20000000E-3	11,16060950E-6	
-167,40000000E-3	11,16197344E-6	
-166,80000000E-3	11,16723003E-6	
-166,10000000E-3	11,16808022E-6	
-165,40000000E-3	11,16637815E-6	
-164,60000000E-3	11,16710077E-6	
-163,70000000E-3	11,16762371E-6	
-163,00000000E-3	11,16428339E-6	
-162,30000000E-3	11,16044594E-6	
-161,70000000E-3	11,15800896E-6	
-161,00000000E-3	11,15332851E-6	
-160,10000000E-3	11,14737562E-6	
-159,30000000E-3	11,14316154E-6	
-158,60000000E-3	11,14018209E-6	
-157,80000000E-3	11,13736419E-6	
-157,20000000E-3	11,13155515E-6	
-156,50000000E-3	11,12307741E-6	
-155,50000000E-3	11,11513792E-6	
-154,80000000E-3	11,10660493E-6	
-154,10000000E-3	11,09579387E-6	
-153,40000000E-3	11,08463986E-6	
-152,70000000E-3	11,07387080E-6	
-152,10000000E-3	11,06204273E-6	
-151,00000000E-3	11,05097713E-6	
-150,30000000E-3	11,03696653E-6	
-149,60000000E-3	11,02178015E-6	
-149,00000000E-3	11,00724608E-6	
-148,30000000E-3	10,99302918E-6	
-147,30000000E-3	10,97735271E-6	
-146,50000000E-3	10,96314160E-6	
-145,90000000E-3	10,94907584E-6	
-145,30000000E-3	10,92930846E-6	
-144,60000000E-3	10,91032233E-6	
-143,80000000E-3	10,89015551E-6	
-142,80000000E-3	10,86556811E-6	
-142,20000000E-3	10,84126312E-6	
-141,50000000E-3	10,81839008E-6	
-140,80000000E-3	10,79643045E-6	
-140,10000000E-3	10,77203932E-6	
-139,30000000E-3	10,74511972E-6	
-138,40000000E-3	10,72103578E-6	
-137,70000000E-3	10,69737203E-6	
-137,00000000E-3	10,67051991E-6	
-136,30000000E-3	10,64234574E-6	
-135,60000000E-3	10,61110286E-6	
-134,60000000E-3	10,57954297E-6	
-133,90000000E-3	10,54916367E-6	
-133,20000000E-3	10,51722464E-6	
-132,50000000E-3	10,48133150E-6	
-131,80000000E-3	10,44392629E-6	
-131,00000000E-3	10,40486217E-6	
-130,10000000E-3	10,36499023E-6	
-129,40000000E-3	10,32787634E-6	
-128,70000000E-3	10,28910607E-6	
-128,10000000E-3	10,24789373E-6	
-127,40000000E-3	10,20524464E-6	
-126,40000000E-3	10,15837250E-6	
-125,70000000E-3	10,11083920E-6	
-125,10000000E-3	10,06500843E-6	
-124,40000000E-3	10,01583485E-6	
-123,70000000E-3	9,96493415E-6	
-122,90000000E-3	9,91229873E-6	
-122,00000000E-3	9,85863920E-6	
-121,30000000E-3	9,80560886E-6	
-120,60000000E-3	9,75109262E-6	
-119,90000000E-3	9,69232352E-6	
-119,20000000E-3	9,62890218E-6	
-118,30000000E-3	9,56030563E-6	
-117,50000000E-3	9,49158943E-6	
-116,80000000E-3	9,42299536E-6	
-116,10000000E-3	9,34971570E-6	
-115,40000000E-3	9,27280316E-6	
-114,70000000E-3	9,19663046E-6	
-113,70000000E-3	9,11916187E-6	
-113,40000000E-3	9,03528626E-6	
-112,70000000E-3	8,94823408E-6	
-111,80000000E-3	8,85931799E-6	
-111,00000000E-3	8,76377483E-6	
-110,10000000E-3	8,66295417E-6	
-109,30000000E-3	8,56315494E-6	
-108,60000000E-3	8,46175659E-6	
-107,90000000E-3	8,35685021E-6	
-107,50000000E-3	8,24879903E-6	
-106,50000000E-3	8,13692696E-6	
-105,80000000E-3	8,02136728E-6	
-105,10000000E-3	7,89749648E-6	
-104,40000000E-3	7,76724838E-6	
-103,80000000E-3	7,63330885E-6	
-102,70000000E-3	7,49844247E-6	
-102,10000000E-3	7,36646302E-6	
-101,30000000E-3	7,22998870E-6	
-100,70000000E-3	7,08247362E-6	
-100,10000000E-3	6,93102811E-6	
-99,20000000E-3	6,77438309E-6	
-98,30000000E-3	6,61530233E-6	
-97,60000000E-3	6,45300029E-6	
-97,00000000E-3	6,28654266E-6	
-96,30000000E-3	6,11545494E-6	
-95,60000000E-3	5,94316760E-6	
-94,70000000E-3	5,76550704E-6	
-93,80000000E-3	5,57763946E-6	
-93,20000000E-3	5,38712757E-6	
-92,50000000E-3	5,19353088E-6	
-91,80000000E-3	4,99668984E-6	
-90,90000000E-3	4,79924211E-6	
-90,10000000E-3	4,60082829E-6	
-89,40000000E-3	4,39796755E-6	
-88,70000000E-3	4,19600195E-6	
-88,00000000E-3	3,98347710E-6	
-87,30000000E-3	3,77452201E-6	
-86,60000000E-3	3,55403893E-6	
-85,60000000E-3	3,33336552E-6	
-84,90000000E-3	3,11086635E-6	
-84,30000000E-3	2,88547697E-6	
-83,50000000E-3	2,65955231E-6	
-82,80000000E-3	2,43411778E-6	
-82,10000000E-3	2,21657493E-6	
-81,10000000E-3	1,99093122E-6	
-80,40000000E-3	1,76144744E-6	
-79,80000000E-3	1,52941431E-6	
-79,00000000E-3	1,30553374E-6	
-78,40000000E-3	1,07827736E-6	
-77,70000000E-3	856,69424933E-9	
-76,70000000E-3	636,09485961E-9	
-76,00000000E-3	403,63553111E-9	
-75,30000000E-3	177,32229884E-9	
-74,60000000E-3	-33,37118192E-9	
-73,90000000E-3	-245,81501713E-9	
-73,20000000E-3	-463,51559332E-9	
-72,30000000E-3	-688,56787015E-9	
-71,50000000E-3	-899,58806578E-9	
-70,80000000E-3	-1,09697270E-6	
-70,10000000E-3	-1,30942593E-6	
-69,50000000E-3	-1,49927596E-6	
-68,70000000E-3	-1,68770986E-6	
-67,90000000E-3	-1,87769889E-6	
-67,00000000E-3	-2,06737398E-6	
-66,40000000E-3	-2,25344842E-6	
-65,60000000E-3	-2,43056828E-6	
-64,90000000E-3	-2,60385748E-6	
-64,20000000E-3	-2,77517852E-6	
-63,30000000E-3	-2,93916583E-6	
-62,60000000E-3	-3,08661792E-6	
-61,80000000E-3	-3,22851965E-6	
-61,20000000E-3	-3,37107799E-6	
-60,50000000E-3	-3,50704810E-6	
-59,70000000E-3	-3,63911876E-6	
-58,80000000E-3	-3,76619502E-6	
-58,10000000E-3	-3,88684530E-6	
-57,40000000E-3	-4,00105613E-6	
-56,70000000E-3	-4,10929432E-6	
-56,00000000E-3	-4,21011516E-6	
-55,30000000E-3	-4,30408911E-6	
-54,60000000E-3	-4,39295196E-6	
-53,60000000E-3	-4,47618943E-6	
-52,90000000E-3	-4,55660905E-6	
-52,20000000E-3	-4,62834982E-6	
-51,50000000E-3	-4,69206688E-6	
-50,80000000E-3	-4,75110296E-6	
-50,00000000E-3	-4,80848707E-6	
-49,10000000E-3	-4,86117549E-6	
-48,40000000E-3	-4,90832417E-6	
-47,70000000E-3	-4,95313783E-6	
-47,10000000E-3	-4,99154199E-6	
-46,30000000E-3	-5,02063959E-6	
-45,60000000E-3	-5,04450037E-6	
-44,80000000E-3	-5,06774560E-6	
-43,90000000E-3	-5,08585137E-6	
-43,30000000E-3	-5,09924423E-6	
-42,60000000E-3	-5,11073401E-6	
-41,80000000E-3	-5,12403153E-6	
-41,00000000E-3	-5,13196097E-6	
-40,10000000E-3	-5,13087176E-6	
-39,40000000E-3	-5,12770836E-6	
-39,20000000E-3	-5,12457332E-6	
-38,40000000E-3	-5,12057419E-6	
-37,40000000E-3	-5,11381969E-6	
-36,60000000E-3	-5,10513523E-6	
-36,00000000E-3	-5,09350949E-6	
-35,40000000E-3	-5,07564120E-6	
-34,70000000E-3	-5,05766230E-6	
-33,70000000E-3	-5,04260775E-6	
-32,90000000E-3	-5,02606939E-6	
-32,00000000E-3	-5,00578153E-6	
-31,60000000E-3	-4,98340349E-6	
-30,90000000E-3	-4,96404132E-6	
-29,90000000E-3	-4,94405507E-6	
-29,20000000E-3	-4,92066430E-6	
-28,50000000E-3	-4,89675821E-6	
-27,80000000E-3	-4,87354606E-6	
-27,10000000E-3	-4,84928812E-6	
-26,40000000E-3	-4,82618874E-6	
-25,70000000E-3	-4,80224834E-6	
-25,00000000E-3	-4,78044241E-6	
-24,00000000E-3	-4,76424914E-6	
-23,30000000E-3	-4,74708081E-6	
-22,60000000E-3	-4,72090956E-6	
-21,90000000E-3	-4,69354445E-6	
-21,20000000E-3	-4,67396018E-6	
-20,50000000E-3	-4,65781160E-6	
-19,50000000E-3	-4,64207800E-6	
-18,80000000E-3	-4,62772322E-6	
-18,10000000E-3	-4,61147233E-6	
-17,40000000E-3	-4,59471056E-6	
-16,70000000E-3	-4,57725283E-6	
-16,00000000E-3	-4,56145811E-6	
-15,10000000E-3	-4,54681674E-6	
-14,30000000E-3	-4,53204199E-6	
-13,70000000E-3	-4,51847262E-6	
-13,00000000E-3	-4,50308625E-6	
-12,20000000E-3	-4,48480229E-6	
-11,50000000E-3	-4,46897873E-6	
-10,70000000E-3	-4,45983074E-6	
-9,80000000E-3	-4,45585328E-6	
-9,20000000E-3	-4,45259122E-6	
-8,50000000E-3	-4,44620320E-6	
-7,80000000E-3	-4,43684598E-6	
-7,00000000E-3	-4,42579125E-6	
-6,20000000E-3	-4,41989700E-6	
-5,30000000E-3	-4,41799669E-6	
-4,60000000E-3	-4,41026169E-6	
-3,90000000E-3	-4,40240694E-6	
-3,20000000E-3	-4,39761655E-6	
-2,60000000E-3	-4,39344623E-6	
-1,50000000E-3	-4,38903609E-6	
-800,00000000E-6	-4,38340402E-6	
-0,00000000E+0	-4,37844391E-6	
700,00000000E-6	-4,37543420E-6	
1,30000000E-3	-4,37413863E-6	
2,00000000E-3	-4,37628796E-6	
3,00000000E-3	-4,37809043E-6	
3,80000000E-3	-4,37190390E-6	
4,50000000E-3	-4,36489286E-6	
5,20000000E-3	-4,36053352E-6	
5,90000000E-3	-4,35935913E-6	
6,50000000E-3	-4,36262322E-6	
7,20000000E-3	-4,36483048E-6	
8,30000000E-3	-4,36860834E-6	
8,90000000E-3	-4,37165565E-6	
9,60000000E-3	-4,37150555E-6	
10,30000000E-3	-4,36966698E-6	
11,00000000E-3	-4,37020193E-6	
11,70000000E-3	-4,37318589E-6	
12,80000000E-3	-4,37688236E-6	
13,40000000E-3	-4,38301576E-6	
14,10000000E-3	-4,38809966E-6	
14,90000000E-3	-4,39509794E-6	
15,60000000E-3	-4,40450129E-6	
16,30000000E-3	-4,41217546E-6	
17,00000000E-3	-4,41892184E-6	
18,00000000E-3	-4,42554268E-6	
18,70000000E-3	-4,43209367E-6	
19,30000000E-3	-4,44011721E-6	
20,00000000E-3	-4,45060620E-6	
20,80000000E-3	-4,45997121E-6	
21,50000000E-3	-4,46908919E-6	
22,50000000E-3	-4,47909093E-6	
23,20000000E-3	-4,49275844E-6	
23,90000000E-3	-4,50614788E-6	
24,60000000E-3	-4,51809522E-6	
25,20000000E-3	-4,53049606E-6	
25,90000000E-3	-4,54259908E-6	
26,80000000E-3	-4,55327744E-6	
27,60000000E-3	-4,56796490E-6	
28,30000000E-3	-4,58581500E-6	
29,00000000E-3	-4,60035150E-6	
29,70000000E-3	-4,61189783E-6	
30,50000000E-3	-4,62534646E-6	
31,30000000E-3	-4,64004595E-6	
31,80000000E-3	-4,65187667E-6	
32,80000000E-3	-4,66411879E-6	
33,10000000E-3	-4,67810085E-6	
34,20000000E-3	-4,68955285E-6	
34,90000000E-3	-4,69550605E-6	
35,60000000E-3	-4,70408060E-6	
36,30000000E-3	-4,71699021E-6	
37,00000000E-3	-4,72865465E-6	
37,70000000E-3	-4,73557702E-6	
38,40000000E-3	-4,73770337E-6	
39,40000000E-3	-4,73421718E-6	
40,00000000E-3	-4,73283350E-6	
41,10000000E-3	-4,73248759E-6	
41,50000000E-3	-4,72945528E-6	
42,20000000E-3	-4,72345147E-6	
42,90000000E-3	-4,71257046E-6	
43,80000000E-3	-4,69736675E-6	
44,60000000E-3	-4,68297526E-6	
45,30000000E-3	-4,67127110E-6	
46,00000000E-3	-4,65490540E-6	
46,70000000E-3	-4,63268045E-6	
47,40000000E-3	-4,60782862E-6	
48,20000000E-3	-4,57860631E-6	
49,00000000E-3	-4,54326904E-6	
49,80000000E-3	-4,49935903E-6	
50,50000000E-3	-4,45190918E-6	
51,20000000E-3	-4,40360087E-6	
51,80000000E-3	-4,35379427E-6	
52,70000000E-3	-4,30181697E-6	
53,50000000E-3	-4,24570526E-6	
54,20000000E-3	-4,18329951E-6	
54,90000000E-3	-4,11217679E-6	
55,60000000E-3	-4,03133147E-6	
56,60000000E-3	-3,95550465E-6	
57,00000000E-3	-3,87529674E-6	
58,00000000E-3	-3,79051344E-6	
58,60000000E-3	-3,69882422E-6	
59,40000000E-3	-3,59902014E-6	
60,00000000E-3	-3,49438470E-6	
61,10000000E-3	-3,38692411E-6	
61,40000000E-3	-3,27213117E-6	
62,50000000E-3	-3,15394356E-6	
63,20000000E-3	-3,02921095E-6	
63,80000000E-3	-2,89841945E-6	
64,50000000E-3	-2,76774488E-6	
65,20000000E-3	-2,63384360E-6	
65,80000000E-3	-2,49218283E-6	
66,90000000E-3	-2,34564052E-6	
67,60000000E-3	-2,19418495E-6	
68,30000000E-3	-2,04253020E-6	
68,90000000E-3	-1,88784076E-6	
69,60000000E-3	-1,72462876E-6	
70,50000000E-3	-1,55607283E-6	
71,20000000E-3	-1,38169803E-6	
72,20000000E-3	-1,20701782E-6	
72,90000000E-3	-1,03080332E-6	
73,60000000E-3	-851,21500117E-9	
74,30000000E-3	-669,06856171E-9	
75,00000000E-3	-488,99175029E-9	
75,70000000E-3	-307,23954884E-9	
76,60000000E-3	-119,19692832E-9	
77,40000000E-3	70,04505112E-9	
78,10000000E-3	261,31311500E-9	
78,80000000E-3	453,55608316E-9	
79,50000000E-3	646,88583806E-9	
80,20000000E-3	843,13825334E-9	
81,10000000E-3	1,04123795E-6	
81,90000000E-3	1,22962769E-6	
82,60000000E-3	1,41489243E-6	
83,20000000E-3	1,60641229E-6	
83,90000000E-3	1,79580654E-6	
84,70000000E-3	1,98520675E-6	
85,40000000E-3	2,17433361E-6	
86,40000000E-3	2,36454765E-6	
87,10000000E-3	2,55454404E-6	
87,70000000E-3	2,73856731E-6	
88,40000000E-3	2,91492343E-6	
89,10000000E-3	3,09046896E-6	
89,80000000E-3	3,26787598E-6	
90,60000000E-3	3,44175570E-6	
91,20000000E-3	3,61266761E-6	
92,20000000E-3	3,78330472E-6	
92,90000000E-3	3,95285028E-6	
93,60000000E-3	4,11945046E-6	
94,40000000E-3	4,28401835E-6	
95,30000000E-3	4,43960494E-6	
95,70000000E-3	4,58906907E-6	
96,40000000E-3	4,74080589E-6	
97,10000000E-3	4,88994456E-6	
97,80000000E-3	5,03467734E-6	
98,80000000E-3	5,17146117E-6	
99,50000000E-3	5,30340691E-6	
100,20000000E-3	5,43534410E-6	
100,90000000E-3	5,55917349E-6	
101,80000000E-3	5,68160060E-6	
102,60000000E-3	5,80356859E-6	
103,20000000E-3	5,92494665E-6	
104,00000000E-3	6,04288781E-6	
104,70000000E-3	6,15157797E-6	
105,40000000E-3	6,25834055E-6	
106,40000000E-3	6,36378396E-6	
107,10000000E-3	6,46299122E-6	
107,80000000E-3	6,55924834E-6	
108,50000000E-3	6,64515212E-6	
109,20000000E-3	6,72945451E-6	
109,90000000E-3	6,81403377E-6	
110,90000000E-3	6,90048395E-6	
111,50000000E-3	6,98271738E-6	
112,20000000E-3	7,05923468E-6	
113,00000000E-3	7,13464521E-6	
113,60000000E-3	7,20790811E-6	
114,30000000E-3	7,27667383E-6	
115,30000000E-3	7,34328304E-6	
116,00000000E-3	7,40589475E-6	
116,70000000E-3	7,46640590E-6	
117,40000000E-3	7,52575833E-6	
118,10000000E-3	7,58297752E-6	
118,80000000E-3	7,63926647E-6	
119,70000000E-3	7,69553588E-6	
120,50000000E-3	7,74830942E-6	
121,20000000E-3	7,79676893E-6	
121,60000000E-3	7,84524582E-6	
122,50000000E-3	7,89459548E-6	
123,20000000E-3	7,93944557E-6	
123,90000000E-3	7,97947242E-6	
124,90000000E-3	8,01675897E-6	
125,60000000E-3	8,05541532E-6	
126,30000000E-3	8,09723501E-6	
127,00000000E-3	8,13880209E-6	
127,70000000E-3	8,17688785E-6	
128,30000000E-3	8,21134783E-6	
129,40000000E-3	8,24233997E-6	
130,10000000E-3	8,27148956E-6	
130,80000000E-3	8,30125020E-6	
131,40000000E-3	8,33196479E-6	
132,10000000E-3	8,36525369E-6	
132,80000000E-3	8,39726693E-6	
133,80000000E-3	8,42672515E-6	
134,60000000E-3	8,45804644E-6	
135,20000000E-3	8,48416122E-6	
135,90000000E-3	8,50735849E-6	
136,60000000E-3	8,53357940E-6	
137,30000000E-3	8,56106467E-6	
138,20000000E-3	8,58738968E-6	
139,00000000E-3	8,61079594E-6	
139,70000000E-3	8,62850454E-6	
140,40000000E-3	8,64616569E-6	
141,10000000E-3	8,66555187E-6	
141,80000000E-3	8,68767463E-6	
142,70000000E-3	8,71272925E-6	
143,40000000E-3	8,73518348E-6	
144,20000000E-3	8,75721667E-6	
144,90000000E-3	8,77688672E-6	
145,60000000E-3	8,79242052E-6	
146,30000000E-3	8,80783738E-6	
147,00000000E-3	8,82457833E-6	
148,00000000E-3	8,84109698E-6	
148,70000000E-3	8,85840361E-6	
149,40000000E-3	8,87571003E-6	
150,00000000E-3	8,89365131E-6	
150,70000000E-3	8,90874630E-6	
151,40000000E-3	8,91937193E-6	
152,40000000E-3	8,93040665E-6	
153,20000000E-3	8,94238881E-6	
153,80000000E-3	8,95190066E-6	
154,50000000E-3	8,96064653E-6	
155,20000000E-3	8,97276747E-6	
155,90000000E-3	8,98411824E-6	
156,80000000E-3	8,99430184E-6	
157,70000000E-3	9,00564382E-6	
158,40000000E-3	9,01620602E-6	
159,00000000E-3	9,02472615E-6	
159,70000000E-3	9,03347329E-6	
160,40000000E-3	9,04275898E-6	
161,30000000E-3	9,05242644E-6	
162,20000000E-3	9,06144078E-6	
162,80000000E-3	9,06899374E-6	
163,50000000E-3	9,07449454E-6	
164,20000000E-3	9,07815052E-6	
164,90000000E-3	9,08147040E-6	
165,80000000E-3	9,08489878E-6	
166,60000000E-3	9,09000379E-6	
167,40000000E-3	9,09669590E-6	
168,10000000E-3	9,10464361E-6	
168,80000000E-3	9,11054259E-6	
169,40000000E-3	9,11444570E-6	
170,10000000E-3	9,11556066E-6	
170,90000000E-3	9,11647396E-6	
171,90000000E-3	9,11718791E-6	
172,60000000E-3	9,11765373E-6	
173,30000000E-3	9,11838224E-6	
174,10000000E-3	9,11944265E-6	
174,80000000E-3	9,12055306E-6	
175,50000000E-3	9,11953011E-6	
175,80000000E-3	9,11957581E-6	
176,90000000E-3	9,12149007E-6	
177,60000000E-3	9,12091720E-6	
178,40000000E-3	9,11812873E-6	
179,10000000E-3	9,11611839E-6	
179,80000000E-3	9,11461314E-6	
180,60000000E-3	9,11295484E-6	
181,30000000E-3	9,11386028E-6	
182,00000000E-3	9,11077298E-6	
182,70000000E-3	9,10564709E-6	
183,50000000E-3	9,10066851E-6	
184,20000000E-3	9,09319645E-6	
184,50000000E-3	9,08686805E-6	
185,80000000E-3	9,08442735E-6	
186,60000000E-3	9,08286368E-6	
187,30000000E-3	9,07869264E-6	
188,10000000E-3	9,07330006E-6	
188,80000000E-3	9,06846008E-6	
189,50000000E-3	9,06378609E-6	
190,30000000E-3	9,05545215E-6	
191,00000000E-3	9,04711084E-6	
191,60000000E-3	9,04174258E-6	
192,30000000E-3	9,03794310E-6	
193,10000000E-3	9,03369556E-6	
193,80000000E-3	9,02700163E-6	
194,60000000E-3	9,01941674E-6	
195,40000000E-3	9,01062517E-6	
196,40000000E-3	9,00037499E-6	
197,10000000E-3	8,98851260E-6	
197,90000000E-3	8,98027877E-6	
198,50000000E-3	8,97591030E-6	
199,20000000E-3	8,97099820E-6	
199,90000000E-3	8,96440916E-6	
