-199,90000000E-3	7,44755509E-6	
-199,90000000E-3	7,44489803E-6	
-199,80000000E-3	7,44187899E-6	
-199,70000000E-3	7,43800246E-6	
-199,40000000E-3	7,43427642E-6	
-199,00000000E-3	7,43031668E-6	
-198,30000000E-3	7,42681793E-6	
-197,80000000E-3	7,42372412E-6	
-197,20000000E-3	7,42036230E-6	
-196,60000000E-3	7,41566675E-6	
-196,00000000E-3	7,41137489E-6	
-195,70000000E-3	7,40678410E-6	
-194,70000000E-3	7,40213907E-6	
-194,40000000E-3	7,39722772E-6	
-193,70000000E-3	7,39188753E-6	
-193,00000000E-3	7,38654731E-6	
-192,30000000E-3	7,38096335E-6	
-191,60000000E-3	7,37687250E-6	
-190,90000000E-3	7,37283688E-6	
-190,20000000E-3	7,36828455E-6	
-189,50000000E-3	7,36297985E-6	
-188,70000000E-3	7,35654509E-6	
-188,00000000E-3	7,34717692E-6	
-187,30000000E-3	7,33763403E-6	
-186,60000000E-3	7,32987722E-6	
-185,80000000E-3	7,32252309E-6	
-185,10000000E-3	7,31636103E-6	
-184,30000000E-3	7,30940417E-6	
-183,60000000E-3	7,30022299E-6	
-182,90000000E-3	7,29423663E-6	
-182,20000000E-3	7,28950542E-6	
-181,40000000E-3	7,28025346E-6	
-180,70000000E-3	7,26608245E-6	
-179,90000000E-3	7,25261089E-6	
-179,30000000E-3	7,24270388E-6	
-178,40000000E-3	7,23540532E-6	
-177,80000000E-3	7,22682235E-6	
-177,00000000E-3	7,21733164E-6	
-176,30000000E-3	7,20602636E-6	
-175,50000000E-3	7,19163998E-6	
-174,80000000E-3	7,17753906E-6	
-174,00000000E-3	7,16580075E-6	
-173,30000000E-3	7,15684129E-6	
-172,50000000E-3	7,14717509E-6	
-171,80000000E-3	7,13478995E-6	
-171,00000000E-3	7,11959184E-6	
-170,30000000E-3	7,10162528E-6	
-169,50000000E-3	7,08718090E-6	
-168,80000000E-3	7,07395854E-6	
-168,00000000E-3	7,06134920E-6	
-167,30000000E-3	7,05034087E-6	
-166,50000000E-3	7,03742291E-6	
-165,80000000E-3	7,02170066E-6	
-165,00000000E-3	7,00176358E-6	
-164,30000000E-3	6,98116309E-6	
-163,50000000E-3	6,96229748E-6	
-162,80000000E-3	6,94448877E-6	
-162,00000000E-3	6,92627190E-6	
-161,40000000E-3	6,90770439E-6	
-160,50000000E-3	6,89053240E-6	
-159,90000000E-3	6,87139306E-6	
-159,00000000E-3	6,85296480E-6	
-158,40000000E-3	6,83440078E-6	
-157,60000000E-3	6,81710554E-6	
-156,90000000E-3	6,79879321E-6	
-156,10000000E-3	6,77458641E-6	
-155,40000000E-3	6,74825128E-6	
-154,60000000E-3	6,72662497E-6	
-153,90000000E-3	6,70720199E-6	
-153,10000000E-3	6,68495037E-6	
-152,40000000E-3	6,66031362E-6	
-151,60000000E-3	6,63587844E-6	
-150,90000000E-3	6,61223361E-6	
-150,10000000E-3	6,58589560E-6	
-149,40000000E-3	6,56023817E-6	
-148,60000000E-3	6,53500124E-6	
-147,90000000E-3	6,50796758E-6	
-147,10000000E-3	6,48188861E-6	
-146,40000000E-3	6,45500886E-6	
-145,70000000E-3	6,42706199E-6	
-145,00000000E-3	6,39682174E-6	
-144,30000000E-3	6,36806559E-6	
-143,50000000E-3	6,34042440E-6	
-142,80000000E-3	6,31042298E-6	
-142,00000000E-3	6,27726359E-6	
-141,30000000E-3	6,24393205E-6	
-140,60000000E-3	6,21182167E-6	
-139,80000000E-3	6,17846699E-6	
-139,00000000E-3	6,14242511E-6	
-138,30000000E-3	6,10556204E-6	
-137,60000000E-3	6,06933372E-6	
-136,60000000E-3	6,03539206E-6	
-135,90000000E-3	5,99937238E-6	
-135,20000000E-3	5,95676346E-6	
-134,60000000E-3	5,91615830E-6	
-133,80000000E-3	5,87878003E-6	
-132,80000000E-3	5,84173750E-6	
-132,20000000E-3	5,80056122E-6	
-131,50000000E-3	5,75702287E-6	
-130,80000000E-3	5,71525984E-6	
-130,10000000E-3	5,67499020E-6	
-129,40000000E-3	5,63384531E-6	
-128,40000000E-3	5,59159339E-6	
-128,00000000E-3	5,55046132E-6	
-127,40000000E-3	5,50566451E-6	
-126,30000000E-3	5,45515349E-6	
-125,60000000E-3	5,40259405E-6	
-124,80000000E-3	5,34990821E-6	
-124,30000000E-3	5,29920885E-6	
-123,30000000E-3	5,25197355E-6	
-122,90000000E-3	5,20204532E-6	
-121,90000000E-3	5,14578022E-6	
-121,20000000E-3	5,09007995E-6	
-120,50000000E-3	5,03525671E-6	
-119,80000000E-3	4,97709922E-6	
-119,10000000E-3	4,91840115E-6	
-118,50000000E-3	4,85978318E-6	
-117,40000000E-3	4,79970249E-6	
-116,80000000E-3	4,74055577E-6	
-116,10000000E-3	4,67750609E-6	
-115,40000000E-3	4,61048434E-6	
-114,70000000E-3	4,54328089E-6	
-113,70000000E-3	4,47555361E-6	
-113,00000000E-3	4,41043089E-6	
-112,30000000E-3	4,34750474E-6	
-111,70000000E-3	4,27851545E-6	
-111,00000000E-3	4,20890025E-6	
-110,10000000E-3	4,13943111E-6	
-109,20000000E-3	4,06404317E-6	
-108,60000000E-3	3,98703688E-6	
-107,90000000E-3	3,91221115E-6	
-107,20000000E-3	3,83805605E-6	
-106,50000000E-3	3,75977731E-6	
-105,50000000E-3	3,67824487E-6	
-104,80000000E-3	3,59694107E-6	
-104,10000000E-3	3,51866636E-6	
-103,50000000E-3	3,44152157E-6	
-102,70000000E-3	3,35983509E-6	
-101,90000000E-3	3,27129113E-6	
-101,00000000E-3	3,18494766E-6	
-100,40000000E-3	3,09370976E-6	
-99,70000000E-3	3,00464889E-6	
-99,00000000E-3	2,91641926E-6	
-98,30000000E-3	2,82697512E-6	
-97,40000000E-3	2,73911009E-6	
-96,60000000E-3	2,65053242E-6	
-95,90000000E-3	2,55551342E-6	
-95,20000000E-3	2,46102719E-6	
-94,50000000E-3	2,36579683E-6	
-93,60000000E-3	2,26406061E-6	
-92,80000000E-3	2,16993829E-6	
-92,10000000E-3	2,06983830E-6	
-91,40000000E-3	1,96572983E-6	
-90,70000000E-3	1,87327800E-6	
-90,10000000E-3	1,77728904E-6	
-89,00000000E-3	1,67645394E-6	
-88,30000000E-3	1,57485765E-6	
-87,70000000E-3	1,46792440E-6	
-87,00000000E-3	1,36363222E-6	
-86,40000000E-3	1,26592373E-6	
-85,50000000E-3	1,16178045E-6	
-84,60000000E-3	1,05840640E-6	
-84,00000000E-3	957,27768029E-9	
-83,20000000E-3	866,61154953E-9	
-82,60000000E-3	769,06767531E-9	
-81,90000000E-3	664,78409544E-9	
-80,90000000E-3	558,56286303E-9	
-80,20000000E-3	453,81948993E-9	
-79,50000000E-3	351,88744888E-9	
-78,80000000E-3	252,12237891E-9	
-78,20000000E-3	153,83627806E-9	
-77,40000000E-3	55,46740632E-9	
-76,40000000E-3	-43,66342332E-9	
-75,70000000E-3	-141,50209869E-9	
-75,00000000E-3	-237,55397203E-9	
-74,30000000E-3	-332,99772628E-9	
-73,70000000E-3	-430,39254241E-9	
-72,90000000E-3	-525,55689213E-9	
-72,00000000E-3	-617,15991721E-9	
-71,30000000E-3	-706,27574349E-9	
-70,60000000E-3	-797,30351036E-9	
-69,90000000E-3	-888,85894812E-9	
-69,20000000E-3	-977,94294646E-9	
-68,20000000E-3	-1,06520403E-6	
-67,50000000E-3	-1,15052676E-6	
-66,80000000E-3	-1,23359387E-6	
-66,20000000E-3	-1,31561663E-6	
-65,50000000E-3	-1,39896535E-6	
-64,60000000E-3	-1,47740048E-6	
-63,80000000E-3	-1,55337791E-6	
-63,10000000E-3	-1,63011748E-6	
-62,40000000E-3	-1,70344257E-6	
-61,70000000E-3	-1,77504810E-6	
-61,00000000E-3	-1,84459173E-6	
-60,00000000E-3	-1,91279053E-6	
-59,30000000E-3	-1,97973981E-6	
-58,60000000E-3	-2,04325168E-6	
-58,00000000E-3	-2,10378045E-6	
-57,20000000E-3	-2,16375216E-6	
-56,40000000E-3	-2,22402859E-6	
-55,60000000E-3	-2,28326850E-6	
-54,90000000E-3	-2,33828875E-6	
-54,20000000E-3	-2,38857183E-6	
-53,50000000E-3	-2,43816939E-6	
-52,80000000E-3	-2,48902078E-6	
-51,80000000E-3	-2,53499148E-6	
-51,40000000E-3	-2,57641885E-6	
-50,70000000E-3	-2,61987503E-6	
-50,10000000E-3	-2,66435499E-6	
-49,00000000E-3	-2,70557004E-6	
-48,40000000E-3	-2,74055580E-6	
-47,60000000E-3	-2,77642445E-6	
-47,00000000E-3	-2,81346547E-6	
-46,30000000E-3	-2,84998426E-6	
-45,20000000E-3	-2,88168515E-6	
-44,60000000E-3	-2,91101136E-6	
-43,90000000E-3	-2,94119023E-6	
-43,20000000E-3	-2,96998930E-6	
-42,50000000E-3	-2,99577595E-6	
-41,80000000E-3	-3,01925869E-6	
-40,90000000E-3	-3,04318920E-6	
-40,10000000E-3	-3,06541312E-6	
-39,50000000E-3	-3,08378122E-6	
-38,80000000E-3	-3,09977253E-6	
-38,00000000E-3	-3,11622657E-6	
-37,20000000E-3	-3,13284708E-6	
-36,40000000E-3	-3,14997406E-6	
-35,70000000E-3	-3,16267823E-6	
-35,00000000E-3	-3,17507251E-6	
-34,30000000E-3	-3,19240325E-6	
-33,70000000E-3	-3,20683059E-6	
-32,60000000E-3	-3,21413909E-6	
-31,90000000E-3	-3,21965706E-6	
-31,20000000E-3	-3,22839806E-6	
-30,50000000E-3	-3,23596940E-6	
-29,90000000E-3	-3,24077915E-6	
-29,00000000E-3	-3,24850896E-6	
-28,20000000E-3	-3,25884898E-6	
-27,50000000E-3	-3,26811240E-6	
-26,80000000E-3	-3,27259171E-6	
-26,10000000E-3	-3,27493856E-6	
-25,40000000E-3	-3,27880211E-6	
-24,70000000E-3	-3,28146778E-6	
-23,70000000E-3	-3,28061423E-6	
-23,00000000E-3	-3,28099006E-6	
-22,30000000E-3	-3,28946495E-6	
-21,60000000E-3	-3,29841888E-6	
-20,90000000E-3	-3,29830537E-6	
-20,10000000E-3	-3,29511230E-6	
-19,20000000E-3	-3,29482583E-6	
-18,50000000E-3	-3,29503966E-6	
-17,90000000E-3	-3,29266856E-6	
-17,20000000E-3	-3,28902470E-6	
-16,50000000E-3	-3,29184485E-6	
-15,50000000E-3	-3,29884076E-6	
-14,80000000E-3	-3,29998391E-6	
-14,10000000E-3	-3,29714411E-6	
-13,40000000E-3	-3,29551934E-6	
-12,80000000E-3	-3,29627504E-6	
-11,70000000E-3	-3,29413905E-6	
-11,00000000E-3	-3,29082277E-6	
-10,30000000E-3	-3,28946357E-6	
-9,70000000E-3	-3,28716280E-6	
-9,00000000E-3	-3,28274587E-6	
-8,10000000E-3	-3,28000243E-6	
-7,30000000E-3	-3,28437534E-6	
-6,70000000E-3	-3,28870555E-6	
-5,90000000E-3	-3,28647232E-6	
-5,20000000E-3	-3,28270807E-6	
-4,50000000E-3	-3,27808947E-6	
-3,80000000E-3	-3,27348964E-6	
-2,80000000E-3	-3,26811975E-6	
-2,10000000E-3	-3,26573487E-6	
-1,40000000E-3	-3,26594532E-6	
-600,00000000E-6	-3,26586802E-6	
0,00000000E+0	-3,26555044E-6	
800,00000000E-6	-3,26511828E-6	
1,80000000E-3	-3,26329034E-6	
2,50000000E-3	-3,26152957E-6	
3,10000000E-3	-3,25939210E-6	
3,80000000E-3	-3,25608410E-6	
4,50000000E-3	-3,25116314E-6	
5,50000000E-3	-3,25011105E-6	
6,20000000E-3	-3,25419231E-6	
6,90000000E-3	-3,25471485E-6	
7,60000000E-3	-3,25241322E-6	
8,30000000E-3	-3,24732580E-6	
9,10000000E-3	-3,24128186E-6	
10,00000000E-3	-3,23848176E-6	
10,70000000E-3	-3,23667770E-6	
11,30000000E-3	-3,23467820E-6	
12,10000000E-3	-3,23253332E-6	
12,90000000E-3	-3,23017922E-6	
13,70000000E-3	-3,22798832E-6	
14,50000000E-3	-3,22446001E-6	
14,80000000E-3	-3,22186294E-6	
15,60000000E-3	-3,21797527E-6	
16,50000000E-3	-3,21435517E-6	
17,40000000E-3	-3,21386472E-6	
17,90000000E-3	-3,21095896E-6	
18,50000000E-3	-3,20434750E-6	
19,50000000E-3	-3,19802197E-6	
20,20000000E-3	-3,19518519E-6	
20,90000000E-3	-3,19428511E-6	
21,60000000E-3	-3,19196229E-6	
22,30000000E-3	-3,18499473E-6	
23,00000000E-3	-3,17678982E-6	
23,90000000E-3	-3,16995901E-6	
24,70000000E-3	-3,16466043E-6	
25,40000000E-3	-3,15592909E-6	
26,30000000E-3	-3,14824874E-6	
26,90000000E-3	-3,14218207E-6	
27,70000000E-3	-3,13577218E-6	
28,30000000E-3	-3,12910994E-6	
29,10000000E-3	-3,11993126E-6	
29,70000000E-3	-3,10981603E-6	
30,40000000E-3	-3,10038479E-6	
31,50000000E-3	-3,09161665E-6	
32,10000000E-3	-3,08048037E-6	
32,80000000E-3	-3,07032379E-6	
33,50000000E-3	-3,06085303E-6	
34,20000000E-3	-3,04665683E-6	
34,80000000E-3	-3,03134991E-6	
35,90000000E-3	-3,02076550E-6	
36,20000000E-3	-3,00823801E-6	
37,50000000E-3	-2,99158528E-6	
38,30000000E-3	-2,97453761E-6	
38,90000000E-3	-2,95760388E-6	
39,70000000E-3	-2,93654201E-6	
40,40000000E-3	-2,91518320E-6	
41,00000000E-3	-2,89604650E-6	
41,70000000E-3	-2,87344246E-6	
42,40000000E-3	-2,84885585E-6	
43,00000000E-3	-2,82455610E-6	
43,90000000E-3	-2,80061689E-6	
44,80000000E-3	-2,77552341E-6	
45,60000000E-3	-2,74819541E-6	
46,50000000E-3	-2,72019815E-6	
46,80000000E-3	-2,68886978E-6	
47,50000000E-3	-2,65332814E-6	
48,50000000E-3	-2,61778530E-6	
49,20000000E-3	-2,58530887E-6	
49,90000000E-3	-2,55106823E-6	
50,60000000E-3	-2,51303545E-6	
51,30000000E-3	-2,47539471E-6	
52,00000000E-3	-2,43665715E-6	
52,90000000E-3	-2,39748756E-6	
53,70000000E-3	-2,35831221E-6	
54,40000000E-3	-2,31749089E-6	
55,10000000E-3	-2,27316230E-6	
55,70000000E-3	-2,21987697E-6	
56,50000000E-3	-2,16476379E-6	
57,50000000E-3	-2,11312359E-6	
58,20000000E-3	-2,06375918E-6	
58,90000000E-3	-2,01162160E-6	
59,50000000E-3	-1,95863784E-6	
60,20000000E-3	-1,90477171E-6	
61,00000000E-3	-1,84719709E-6	
61,90000000E-3	-1,78702109E-6	
62,60000000E-3	-1,72518499E-6	
63,20000000E-3	-1,66378173E-6	
63,90000000E-3	-1,60066335E-6	
64,80000000E-3	-1,53440588E-6	
65,60000000E-3	-1,46721787E-6	
66,30000000E-3	-1,40070600E-6	
67,00000000E-3	-1,32927061E-6	
67,70000000E-3	-1,25383524E-6	
68,40000000E-3	-1,18273465E-6	
69,40000000E-3	-1,11316836E-6	
70,10000000E-3	-1,03767705E-6	
70,80000000E-3	-963,59070105E-9	
71,40000000E-3	-885,70543334E-9	
72,10000000E-3	-804,64865845E-9	
73,00000000E-3	-727,04572435E-9	
73,80000000E-3	-645,70934197E-9	
74,50000000E-3	-569,85084300E-9	
75,20000000E-3	-486,28229970E-9	
75,90000000E-3	-405,91413365E-9	
76,50000000E-3	-320,11042644E-9	
77,60000000E-3	-233,46600531E-9	
78,30000000E-3	-151,20182021E-9	
78,90000000E-3	-66,27786623E-9	
79,60000000E-3	12,82079052E-9	
80,30000000E-3	90,35649181E-9	
81,00000000E-3	177,13808128E-9	
82,00000000E-3	266,70623521E-9	
82,80000000E-3	355,29905530E-9	
83,40000000E-3	446,36383052E-9	
84,10000000E-3	538,73878802E-9	
84,80000000E-3	621,83857187E-9	
85,70000000E-3	709,83365889E-9	
86,50000000E-3	791,51911974E-9	
87,20000000E-3	881,96255693E-9	
87,90000000E-3	977,06195548E-9	
88,60000000E-3	1,05915887E-6	
89,30000000E-3	1,14065392E-6	
90,30000000E-3	1,22356827E-6	
91,00000000E-3	1,30916629E-6	
91,60000000E-3	1,39307325E-6	
92,30000000E-3	1,47318819E-6	
93,00000000E-3	1,55303083E-6	
93,90000000E-3	1,63389168E-6	
94,70000000E-3	1,71597967E-6	
95,40000000E-3	1,80020643E-6	
96,10000000E-3	1,88296750E-6	
96,80000000E-3	1,96055617E-6	
97,50000000E-3	2,03603081E-6	
98,40000000E-3	2,11484329E-6	
99,20000000E-3	2,19283738E-6	
99,90000000E-3	2,27080825E-6	
100,60000000E-3	2,34597539E-6	
101,30000000E-3	2,41566870E-6	
102,00000000E-3	2,48803336E-6	
102,80000000E-3	2,56283617E-6	
103,60000000E-3	2,63603767E-6	
104,40000000E-3	2,70579150E-6	
105,10000000E-3	2,77860011E-6	
105,60000000E-3	2,84932355E-6	
106,40000000E-3	2,91251929E-6	
107,30000000E-3	2,97695819E-6	
107,80000000E-3	3,04614467E-6	
108,80000000E-3	3,11480555E-6	
109,50000000E-3	3,17916504E-6	
110,20000000E-3	3,24261036E-6	
110,90000000E-3	3,30544844E-6	
111,80000000E-3	3,36559166E-6	
112,60000000E-3	3,42371807E-6	
113,00000000E-3	3,47989486E-6	
113,70000000E-3	3,53449275E-6	
114,30000000E-3	3,58897440E-6	
115,40000000E-3	3,64468779E-6	
116,40000000E-3	3,70158794E-6	
116,80000000E-3	3,75698761E-6	
117,80000000E-3	3,80935786E-6	
118,20000000E-3	3,86094266E-6	
118,80000000E-3	3,91258289E-6	
119,90000000E-3	3,96220917E-6	
120,50000000E-3	4,01160206E-6	
121,30000000E-3	4,05900246E-6	
122,00000000E-3	4,10398179E-6	
122,60000000E-3	4,14992505E-6	
123,30000000E-3	4,19473390E-6	
124,10000000E-3	4,23870910E-6	
125,00000000E-3	4,28207921E-6	
125,70000000E-3	4,32416349E-6	
126,40000000E-3	4,36813209E-6	
127,10000000E-3	4,40971167E-6	
127,80000000E-3	4,44812348E-6	
128,60000000E-3	4,48955832E-6	
129,50000000E-3	4,53306054E-6	
130,20000000E-3	4,57693512E-6	
130,90000000E-3	4,61622500E-6	
131,60000000E-3	4,65240333E-6	
132,20000000E-3	4,68703816E-6	
133,30000000E-3	4,72082404E-6	
134,00000000E-3	4,75416320E-6	
134,70000000E-3	4,78885251E-6	
135,40000000E-3	4,82053378E-6	
136,00000000E-3	4,85099342E-6	
136,70000000E-3	4,88693508E-6	
137,80000000E-3	4,92399916E-6	
138,50000000E-3	4,95598598E-6	
139,20000000E-3	4,98494738E-6	
139,80000000E-3	5,01372777E-6	
140,50000000E-3	5,04211883E-6	
141,20000000E-3	5,07315843E-6	
142,20000000E-3	5,10571362E-6	
143,00000000E-3	5,13315636E-6	
143,50000000E-3	5,15718408E-6	
144,30000000E-3	5,18532362E-6	
144,90000000E-3	5,21557236E-6	
145,70000000E-3	5,24522146E-6	
146,50000000E-3	5,27309846E-6	
147,40000000E-3	5,29684179E-6	
148,00000000E-3	5,32067532E-6	
148,80000000E-3	5,34938008E-6	
149,40000000E-3	5,37689920E-6	
150,20000000E-3	5,40013154E-6	
151,00000000E-3	5,42185103E-6	
151,90000000E-3	5,44029805E-6	
152,50000000E-3	5,46052664E-6	
153,30000000E-3	5,48522131E-6	
153,90000000E-3	5,50998822E-6	
154,70000000E-3	5,53211845E-6	
155,60000000E-3	5,55098300E-6	
156,40000000E-3	5,56819149E-6	
157,10000000E-3	5,58897019E-6	
157,80000000E-3	5,61305271E-6	
158,50000000E-3	5,63575069E-6	
159,10000000E-3	5,65790543E-6	
160,10000000E-3	5,67612748E-6	
160,10000000E-3	5,69464663E-6	
161,40000000E-3	5,71745060E-6	
162,50000000E-3	5,73608151E-6	
162,90000000E-3	5,74958293E-6	
163,90000000E-3	5,76422385E-6	
164,20000000E-3	5,78139612E-6	
164,90000000E-3	5,79963494E-6	
165,80000000E-3	5,81731890E-6	
166,70000000E-3	5,83381773E-6	
167,30000000E-3	5,84736917E-6	
168,00000000E-3	5,85964174E-6	
168,70000000E-3	5,87539223E-6	
169,40000000E-3	5,89392018E-6	
170,20000000E-3	5,91223300E-6	
171,10000000E-3	5,92954428E-6	
171,80000000E-3	5,94558002E-6	
172,50000000E-3	5,96174629E-6	
173,20000000E-3	5,97619810E-6	
173,90000000E-3	5,98527902E-6	
174,70000000E-3	5,99541188E-6	
175,60000000E-3	6,00739741E-6	
176,30000000E-3	6,01884156E-6	
177,00000000E-3	6,03003806E-6	
177,30000000E-3	6,04357505E-6	
178,70000000E-3	6,05902683E-6	
179,40000000E-3	6,07283317E-6	
180,00000000E-3	6,08348602E-6	
180,80000000E-3	6,09316641E-6	
181,40000000E-3	6,10205674E-6	
181,40000000E-3	6,11202393E-6	
183,00000000E-3	6,12274478E-6	
184,00000000E-3	6,13243703E-6	
184,40000000E-3	6,14122764E-6	
185,10000000E-3	6,14774535E-6	
185,70000000E-3	6,15512201E-6	
186,40000000E-3	6,16711412E-6	
187,50000000E-3	6,17687518E-6	
188,20000000E-3	6,18849210E-6	
189,10000000E-3	6,19912849E-6	
189,90000000E-3	6,20363264E-6	
190,60000000E-3	6,20620536E-6	
191,30000000E-3	6,21316497E-6	
192,00000000E-3	6,22451910E-6	
192,70000000E-3	6,23598666E-6	
193,40000000E-3	6,24116938E-6	
194,30000000E-3	6,24440197E-6	
195,10000000E-3	6,25425658E-6	
195,80000000E-3	6,26659032E-6	
196,50000000E-3	6,27420576E-6	
197,20000000E-3	6,27936538E-6	
197,80000000E-3	6,28434997E-6	
198,80000000E-3	6,28859428E-6	
199,20000000E-3	6,29275541E-6	
199,90000000E-3	6,29775412E-6	
200,60000000E-3	6,30446034E-6	
200,90000000E-3	6,30945020E-6	
201,10000000E-3	6,30994399E-6	
201,20000000E-3	6,31425165E-6	
201,30000000E-3	6,32078160E-6	
201,30000000E-3	6,32437564E-6	
201,20000000E-3	6,32434660E-6	
201,10000000E-3	6,32349354E-6	
201,00000000E-3	6,32246258E-6	
200,90000000E-3	6,32086994E-6	
200,80000000E-3	6,32185180E-6	
200,60000000E-3	6,32472324E-6	
200,50000000E-3	6,32682920E-6	
200,40000000E-3	6,32619501E-6	
