2,00000000E+0	1,26302940E-3	
2,00000000E+0	1,26293259E-3	
1,99970000E+0	1,26293409E-3	
1,99970000E+0	1,26290056E-3	
1,99920000E+0	1,26284123E-3	
1,99870000E+0	1,26275646E-3	
1,99800000E+0	1,26258258E-3	
1,99710000E+0	1,26237356E-3	
1,99620000E+0	1,26209263E-3	
1,99620000E+0	1,26177622E-3	
1,99540000E+0	1,26143571E-3	
1,99440000E+0	1,26107626E-3	
1,99340000E+0	1,26066506E-3	
1,99190000E+0	1,26016511E-3	
1,99110000E+0	1,25959167E-3	
1,99110000E+0	1,25906984E-3	
1,98970000E+0	1,25823297E-3	
1,98790000E+0	1,25751837E-3	
1,98730000E+0	1,25681006E-3	
1,98610000E+0	1,25614397E-3	
1,98470000E+0	1,25546745E-3	
1,98320000E+0	1,25479654E-3	
1,98180000E+0	1,25412621E-3	
1,98030000E+0	1,25350041E-3	
1,98030000E+0	1,25295201E-3	
1,97910000E+0	1,25242738E-3	
1,97620000E+0	1,25192245E-3	
1,97620000E+0	1,25144052E-3	
1,97440000E+0	1,25103941E-3	
1,97300000E+0	1,25071955E-3	
1,97300000E+0	1,25044444E-3	
1,96980000E+0	1,25023413E-3	
1,96890000E+0	1,25010087E-3	
1,96800000E+0	1,24998040E-3	
1,96650000E+0	1,24986624E-3	
1,96490000E+0	1,24980451E-3	
1,96320000E+0	1,24975999E-3	
1,96160000E+0	1,24968777E-3	
1,96010000E+0	1,24960442E-3	
1,96010000E+0	1,24953053E-3	
1,95880000E+0	1,24945932E-3	
1,95540000E+0	1,24937422E-3	
1,95540000E+0	1,24923127E-3	
1,95350000E+0	1,24900726E-3	
1,95200000E+0	1,24873964E-3	
1,95010000E+0	1,24845823E-3	
1,94860000E+0	1,24819995E-3	
1,94760000E+0	1,24795489E-3	
1,94690000E+0	1,24769357E-3	
1,94520000E+0	1,24737657E-3	
1,94340000E+0	1,24702837E-3	
1,94190000E+0	1,24667294E-3	
1,94040000E+0	1,24630341E-3	
1,93960000E+0	1,24591067E-3	
1,93860000E+0	1,24548138E-3	
1,93690000E+0	1,24503639E-3	
1,93520000E+0	1,24459340E-3	
1,93340000E+0	1,24413470E-3	
1,93170000E+0	1,24365492E-3	
1,93010000E+0	1,24313817E-3	
1,93010000E+0	1,24258041E-3	
1,92690000E+0	1,24202016E-3	
1,92490000E+0	1,24147213E-3	
1,92490000E+0	1,24090344E-3	
1,92340000E+0	1,24033187E-3	
1,92180000E+0	1,23978965E-3	
1,91990000E+0	1,23920986E-3	
1,91830000E+0	1,23856493E-3	
1,91750000E+0	1,23780753E-3	
1,91660000E+0	1,23704068E-3	
1,91310000E+0	1,23621338E-3	
1,91310000E+0	1,23538203E-3	
1,91130000E+0	1,23460100E-3	
1,90960000E+0	1,23366095E-3	
1,90820000E+0	1,23283507E-3	
1,90650000E+0	1,23199224E-3	
1,90470000E+0	1,23112526E-3	
1,90320000E+0	1,23024690E-3	
1,90320000E+0	1,22916980E-3	
1,90120000E+0	1,22819207E-3	
1,89960000E+0	1,22717515E-3	
1,89770000E+0	1,22616104E-3	
1,89590000E+0	1,22517295E-3	
1,89590000E+0	1,22415619E-3	
1,89420000E+0	1,22313918E-3	
1,89140000E+0	1,22208287E-3	
1,89060000E+0	1,22096500E-3	
1,88890000E+0	1,22000212E-3	
1,88710000E+0	1,21866977E-3	
1,88710000E+0	1,21748839E-3	
1,88400000E+0	1,21626207E-3	
1,88220000E+0	1,21501791E-3	
1,88220000E+0	1,21381083E-3	
1,88050000E+0	1,21264385E-3	
1,87710000E+0	1,21146562E-3	
1,87710000E+0	1,21020031E-3	
1,87540000E+0	1,20892756E-3	
1,87360000E+0	1,20762479E-3	
1,87360000E+0	1,20633340E-3	
1,87010000E+0	1,20504467E-3	
1,86830000E+0	1,20372432E-3	
1,86830000E+0	1,20244298E-3	
1,86680000E+0	1,20119758E-3	
1,86500000E+0	1,19995600E-3	
1,86320000E+0	1,19866433E-3	
1,86170000E+0	1,19730350E-3	
1,86010000E+0	1,19594158E-3	
1,86010000E+0	1,19457553E-3	
1,85810000E+0	1,19325121E-3	
1,85480000E+0	1,19196426E-3	
1,85480000E+0	1,19069996E-3	
1,85300000E+0	1,18948059E-3	
1,85130000E+0	1,18822525E-3	
1,85130000E+0	1,18693845E-3	
1,84800000E+0	1,18560495E-3	
1,84700000E+0	1,18430709E-3	
1,84620000E+0	1,18305492E-3	
1,84440000E+0	1,18180561E-3	
1,84270000E+0	1,18055674E-3	
1,84090000E+0	1,17930336E-3	
1,83910000E+0	1,17811112E-3	
1,83840000E+0	1,17691643E-3	
1,83740000E+0	1,17572074E-3	
1,83400000E+0	1,17451359E-3	
1,83340000E+0	1,17328429E-3	
1,83270000E+0	1,17204293E-3	
1,83070000E+0	1,17081694E-3	
1,82910000E+0	1,16960235E-3	
1,82910000E+0	1,16842797E-3	
1,82560000E+0	1,16734505E-3	
1,82400000E+0	1,16630290E-3	
1,82400000E+0	1,16524923E-3	
1,82210000E+0	1,16408174E-3	
1,82030000E+0	1,16292030E-3	
1,81850000E+0	1,16199346E-3	
1,81700000E+0	1,16051490E-3	
1,81620000E+0	1,15935731E-3	
1,81520000E+0	1,15820893E-3	
1,81340000E+0	1,15714118E-3	
1,81110000E+0	1,15613688E-3	
1,81030000E+0	1,15516652E-3	
1,80850000E+0	1,15411182E-3	
1,80670000E+0	1,15304184E-3	
1,80500000E+0	1,15199993E-3	
1,80320000E+0	1,15114824E-3	
1,80160000E+0	1,14992040E-3	
1,80160000E+0	1,14888923E-3	
1,79970000E+0	1,14790080E-3	
1,79810000E+0	1,14694898E-3	
1,79600000E+0	1,14597670E-3	
1,79420000E+0	1,14496667E-3	
1,79420000E+0	1,14395618E-3	
1,79260000E+0	1,14292114E-3	
1,79030000E+0	1,14190203E-3	
1,78950000E+0	1,14087814E-3	
1,78750000E+0	1,13987499E-3	
1,78590000E+0	1,13890217E-3	
1,78490000E+0	1,13801181E-3	
1,78240000E+0	1,13711629E-3	
1,78060000E+0	1,13612202E-3	
1,78060000E+0	1,13508381E-3	
1,77880000E+0	1,13401886E-3	
1,77570000E+0	1,13293891E-3	
1,77570000E+0	1,13190273E-3	
1,77370000E+0	1,13086202E-3	
1,77210000E+0	1,12979714E-3	
1,77210000E+0	1,12876721E-3	
1,77030000E+0	1,12775081E-3	
1,76700000E+0	1,12670305E-3	
1,76700000E+0	1,12559041E-3	
1,76500000E+0	1,12450029E-3	
1,76350000E+0	1,12336974E-3	
1,76250000E+0	1,12218430E-3	
1,75990000E+0	1,12099684E-3	
1,75810000E+0	1,11978588E-3	
1,75810000E+0	1,11865033E-3	
1,75640000E+0	1,11750946E-3	
1,75340000E+0	1,11633794E-3	
1,75340000E+0	1,11507637E-3	
1,75150000E+0	1,11377844E-3	
1,74970000E+0	1,11251204E-3	
1,74970000E+0	1,11120933E-3	
1,74620000E+0	1,10986965E-3	
1,74540000E+0	1,10853047E-3	
1,74460000E+0	1,10724403E-3	
1,74260000E+0	1,10600542E-3	
1,74100000E+0	1,10478758E-3	
1,73910000E+0	1,10353763E-3	
1,73730000E+0	1,10227256E-3	
1,73650000E+0	1,10100320E-3	
1,73560000E+0	1,09980207E-3	
1,73380000E+0	1,09865853E-3	
1,73220000E+0	1,09754274E-3	
1,73080000E+0	1,09655548E-3	
1,72900000E+0	1,09570992E-3	
1,72730000E+0	1,09498927E-3	
1,72730000E+0	1,09436855E-3	
1,72380000E+0	1,09382692E-3	
1,72380000E+0	1,09344089E-3	
1,72180000E+0	1,09312243E-3	
1,72020000E+0	1,09288189E-3	
1,71840000E+0	1,09271689E-3	
1,71670000E+0	1,09255716E-3	
1,71490000E+0	1,09241079E-3	
1,71430000E+0	1,09222956E-3	
1,71330000E+0	1,09200212E-3	
1,71170000E+0	1,09177866E-3	
1,70980000E+0	1,09146724E-3	
1,70840000E+0	1,09115744E-3	
1,70660000E+0	1,09083045E-3	
1,70490000E+0	1,09050920E-3	
1,70490000E+0	1,09018769E-3	
1,70130000E+0	1,08985917E-3	
1,70130000E+0	1,08950421E-3	
1,69940000E+0	1,08912220E-3	
1,69800000E+0	1,08870978E-3	
1,69600000E+0	1,08826854E-3	
1,69440000E+0	1,08779404E-3	
1,69290000E+0	1,08728620E-3	
1,69290000E+0	1,08673212E-3	
1,69090000E+0	1,08616233E-3	
1,68760000E+0	1,08561919E-3	
1,68760000E+0	1,08503277E-3	
1,68580000E+0	1,08440593E-3	
1,68400000E+0	1,08376124E-3	
1,68300000E+0	1,08313422E-3	
1,68050000E+0	1,08247963E-3	
1,67910000E+0	1,08181011E-3	
1,67910000E+0	1,08109936E-3	
1,67710000E+0	1,08030548E-3	
1,67550000E+0	1,07954235E-3	
1,67380000E+0	1,07877296E-3	
1,67200000E+0	1,07799033E-3	
1,67040000E+0	1,07710375E-3	
1,67040000E+0	1,07620695E-3	
1,66870000E+0	1,07526340E-3	
1,66510000E+0	1,07423417E-3	
1,66510000E+0	1,07317793E-3	
1,66340000E+0	1,07211631E-3	
1,66160000E+0	1,07106768E-3	
1,66060000E+0	1,07000279E-3	
1,65830000E+0	1,06891085E-3	
1,65670000E+0	1,06772773E-3	
1,65670000E+0	1,06652474E-3	
1,65490000E+0	1,06535302E-3	
1,65160000E+0	1,06417812E-3	
1,65160000E+0	1,06294968E-3	
1,64980000E+0	1,06172473E-3	
1,64800000E+0	1,06051526E-3	
1,64800000E+0	1,05931648E-3	
1,64630000E+0	1,05811159E-3	
1,64370000E+0	1,05684164E-3	
1,64270000E+0	1,05555947E-3	
1,64100000E+0	1,05424386E-3	
1,63940000E+0	1,05294436E-3	
1,63940000E+0	1,05165161E-3	
1,63580000E+0	1,05032193E-3	
1,63410000E+0	1,04904639E-3	
1,63410000E+0	1,04784671E-3	
1,63230000E+0	1,04662282E-3	
1,62980000E+0	1,04535503E-3	
1,62880000E+0	1,04406926E-3	
1,62740000E+0	1,04279162E-3	
1,62560000E+0	1,04177150E-3	
1,62560000E+0	1,04028187E-3	
1,62210000E+0	1,03906825E-3	
1,62050000E+0	1,03783773E-3	
1,62050000E+0	1,03671056E-3	
1,61870000E+0	1,03557808E-3	
1,61700000E+0	1,03438225E-3	
1,61520000E+0	1,03315139E-3	
1,61340000E+0	1,03193806E-3	
1,61160000E+0	1,03073959E-3	
1,61160000E+0	1,02971572E-3	
1,60990000E+0	1,02839666E-3	
1,60750000E+0	1,02729736E-3	
1,60650000E+0	1,02624425E-3	
1,60500000E+0	1,02521293E-3	
1,60320000E+0	1,02417025E-3	
1,60320000E+0	1,02305511E-3	
1,59980000E+0	1,02195582E-3	
1,59810000E+0	1,02088020E-3	
1,59810000E+0	1,01984230E-3	
1,59630000E+0	1,01880166E-3	
1,59450000E+0	1,01781095E-3	
1,59280000E+0	1,01683266E-3	
1,59100000E+0	1,01584036E-3	
1,59000000E+0	1,01487261E-3	
1,58940000E+0	1,01384365E-3	
1,58750000E+0	1,01282773E-3	
1,58590000E+0	1,01181447E-3	
1,58410000E+0	1,01080457E-3	
1,58230000E+0	1,00979767E-3	
1,58070000E+0	1,00875855E-3	
1,57900000E+0	1,00779325E-3	
1,57720000E+0	1,00686089E-3	
1,57640000E+0	1,00593000E-3	
1,57560000E+0	1,00497631E-3	
1,57390000E+0	1,00401501E-3	
1,57210000E+0	1,00302284E-3	
1,57030000E+0	1,00197083E-3	
1,56850000E+0	1,00087380E-3	
1,56740000E+0	999,72756811E-6	
1,56740000E+0	998,55910764E-6	
1,56340000E+0	997,45331494E-6	
1,56340000E+0	996,35383721E-6	
1,56180000E+0	995,19147046E-6	
1,56010000E+0	993,99376097E-6	
1,55830000E+0	992,74810291E-6	
1,55650000E+0	991,48476609E-6	
1,55480000E+0	990,19135594E-6	
1,55400000E+0	988,85091280E-6	
1,55320000E+0	987,49794811E-6	
1,55140000E+0	986,18794513E-6	
1,54960000E+0	984,88319330E-6	
1,54800000E+0	983,50349813E-6	
1,54650000E+0	982,03801123E-6	
1,54490000E+0	980,56361081E-6	
1,54490000E+0	979,10008135E-6	
1,54120000E+0	977,66467725E-6	
1,54120000E+0	976,38834707E-6	
1,53940000E+0	974,99613135E-6	
1,53780000E+0	973,90289006E-6	
1,53600000E+0	972,89442632E-6	
1,53420000E+0	972,00212755E-6	
1,53250000E+0	971,26613380E-6	
1,53170000E+0	970,57613760E-6	
1,53070000E+0	970,09900381E-6	
1,52730000E+0	969,72657535E-6	
1,52730000E+0	969,41485234E-6	
1,52580000E+0	969,13723274E-6	
1,52400000E+0	968,87833358E-6	
1,52240000E+0	968,59165449E-6	
1,52240000E+0	968,27337560E-6	
1,51880000E+0	967,91895640E-6	
1,51780000E+0	967,58836535E-6	
1,51710000E+0	967,12883886E-6	
1,51530000E+0	966,71720763E-6	
1,51350000E+0	966,29031287E-6	
1,51170000E+0	965,84552484E-6	
1,51040000E+0	965,41083650E-6	
1,50880000E+0	964,97427047E-6	
1,50880000E+0	964,52135574E-6	
1,50500000E+0	964,01361609E-6	
1,50500000E+0	963,46018962E-6	
1,50330000E+0	962,87345725E-6	
1,50150000E+0	962,28912353E-6	
1,49990000E+0	961,68977986E-6	
1,49790000E+0	961,04852719E-6	
1,49640000E+0	960,38452321E-6	
1,49540000E+0	959,70504899E-6	
1,49460000E+0	958,98234616E-6	
1,49280000E+0	958,17012831E-6	
1,49100000E+0	957,27927382E-6	
1,48950000E+0	956,35025521E-6	
1,48790000E+0	955,36621298E-6	
1,48710000E+0	954,37378875E-6	
1,48440000E+0	953,36878264E-6	
1,48260000E+0	952,33232942E-6	
1,48260000E+0	951,33713754E-6	
1,48100000E+0	950,31506445E-6	
1,47920000E+0	949,21700123E-6	
1,47750000E+0	948,01358630E-6	
1,47550000E+0	946,83009450E-6	
1,47410000E+0	945,65888707E-6	
1,47410000E+0	944,44666496E-6	
1,47190000E+0	943,23677196E-6	
1,47060000E+0	942,00435774E-6	
1,46900000E+0	940,82643629E-6	
1,46700000E+0	939,66689114E-6	
1,46540000E+0	938,47073804E-6	
1,46460000E+0	937,20998821E-6	
1,46370000E+0	935,91841286E-6	
1,46010000E+0	934,63399689E-6	
1,46010000E+0	933,37997187E-6	
1,45850000E+0	932,11384285E-6	
1,45680000E+0	930,87623260E-6	
1,45520000E+0	929,68361680E-6	
1,45300000E+0	928,48567489E-6	
1,45160000E+0	927,30163881E-6	
1,45160000E+0	926,06700198E-6	
1,44970000E+0	924,85950295E-6	
1,44650000E+0	923,92390841E-6	
1,44650000E+0	922,49606318E-6	
1,44470000E+0	921,34547881E-6	
1,44300000E+0	920,18845430E-6	
1,44220000E+0	919,13367074E-6	
1,43940000E+0	918,15881984E-6	
1,43770000E+0	917,20055663E-6	
1,43770000E+0	916,17016581E-6	
1,43590000E+0	915,10092597E-6	
1,43310000E+0	914,02633018E-6	
1,43230000E+0	913,13187060E-6	
1,43080000E+0	911,90621319E-6	
1,42920000E+0	910,89125716E-6	
1,42920000E+0	909,91794581E-6	
1,42560000E+0	909,03176851E-6	
1,42410000E+0	908,17326880E-6	
1,42410000E+0	907,27761773E-6	
1,42230000E+0	906,35736017E-6	
1,42050000E+0	905,39260780E-6	
1,41870000E+0	904,41707946E-6	
1,41700000E+0	903,41990968E-6	
1,41540000E+0	902,45530352E-6	
1,41540000E+0	901,49545640E-6	
1,41360000E+0	900,54642538E-6	
1,41090000E+0	899,58606204E-6	
1,41010000E+0	898,57104888E-6	
1,40830000E+0	897,50623559E-6	
1,40670000E+0	896,43951278E-6	
1,40670000E+0	895,35317571E-6	
1,40340000E+0	894,22127663E-6	
1,40160000E+0	893,00995160E-6	
1,40160000E+0	891,76972970E-6	
1,39980000E+0	890,58335606E-6	
1,39810000E+0	889,35986422E-6	
1,39810000E+0	888,09074698E-6	
1,39470000E+0	886,71046475E-6	
1,39290000E+0	885,31161263E-6	
1,39290000E+0	883,90133180E-6	
1,39120000E+0	882,46950554E-6	
1,38940000E+0	881,03812778E-6	
1,38760000E+0	879,57362829E-6	
1,38580000E+0	878,26987363E-6	
1,38430000E+0	877,01895314E-6	
1,38430000E+0	875,82035627E-6	
1,38070000E+0	874,66033760E-6	
1,38000000E+0	873,61821634E-6	
1,37900000E+0	872,73928321E-6	
1,37760000E+0	872,01438990E-6	
1,37580000E+0	871,41300400E-6	
1,37400000E+0	870,91119387E-6	
1,37230000E+0	870,51976767E-6	
1,37050000E+0	870,19008727E-6	
1,37050000E+0	869,84713670E-6	
1,36870000E+0	869,42614932E-6	
1,36690000E+0	869,01065990E-6	
1,36520000E+0	868,58369599E-6	
1,36340000E+0	868,14947275E-6	
1,36180000E+0	867,72158317E-6	
1,36180000E+0	867,32370634E-6	
1,35830000E+0	866,94978928E-6	
1,35830000E+0	866,59616234E-6	
1,35670000E+0	866,23660697E-6	
1,35490000E+0	865,83800612E-6	
1,35310000E+0	865,31583185E-6	
1,35140000E+0	864,74327276E-6	
1,34960000E+0	864,10548900E-6	
1,34960000E+0	863,40806220E-6	
1,34780000E+0	862,68284509E-6	
1,34600000E+0	861,82629744E-6	
1,34430000E+0	861,00554103E-6	
1,34250000E+0	860,15189917E-6	
1,34070000E+0	859,25003933E-6	
1,33990000E+0	858,39302102E-6	
1,33780000E+0	857,25385939E-6	
1,33600000E+0	856,22362554E-6	
1,33600000E+0	855,14136125E-6	
1,33400000E+0	854,04617753E-6	
1,33230000E+0	852,91631852E-6	
1,33070000E+0	851,81788977E-6	
1,32890000E+0	850,67503177E-6	
1,32710000E+0	849,48140093E-6	
1,32710000E+0	848,23951632E-6	
1,32540000E+0	846,93681508E-6	
1,32220000E+0	845,65151516E-6	
1,32220000E+0	844,39001281E-6	
1,32000000E+0	843,12315273E-6	
1,31850000E+0	841,88507035E-6	
1,31850000E+0	840,74004538E-6	
1,31510000E+0	839,61059307E-6	
1,31330000E+0	838,48880604E-6	
1,31330000E+0	837,30807500E-6	
1,31160000E+0	836,15535397E-6	
1,30980000E+0	834,98642558E-6	
1,30820000E+0	833,83280370E-6	
1,30640000E+0	832,68406546E-6	
1,30470000E+0	831,53525884E-6	
1,30470000E+0	830,49063326E-6	
1,30290000E+0	829,48354271E-6	
1,29990000E+0	828,48462789E-6	
1,29990000E+0	827,43082028E-6	
1,29780000E+0	826,39098280E-6	
1,29620000E+0	825,39068696E-6	
1,29620000E+0	824,39962705E-6	
1,29260000E+0	823,43872425E-6	
1,29090000E+0	822,48146547E-6	
1,29090000E+0	821,55725739E-6	
1,28910000E+0	820,66330655E-6	
1,28730000E+0	819,76667435E-6	
1,28550000E+0	818,78865742E-6	
1,28380000E+0	817,79724994E-6	
1,28240000E+0	816,81721228E-6	
1,28240000E+0	815,81970872E-6	
1,27880000E+0	814,80699178E-6	
1,27780000E+0	813,80333307E-6	
1,27720000E+0	812,77739091E-6	
1,27540000E+0	811,73318125E-6	
1,27370000E+0	810,65264996E-6	
1,27190000E+0	809,47133497E-6	
1,27030000E+0	808,25409190E-6	
1,26850000E+0	806,99603126E-6	
1,26850000E+0	805,65930179E-6	
1,26650000E+0	804,26062946E-6	
1,26480000E+0	802,82547325E-6	
1,26300000E+0	801,44742526E-6	
1,26120000E+0	800,12471843E-6	
1,25980000E+0	798,79110087E-6	
1,25980000E+0	797,43946315E-6	
1,25650000E+0	796,06177072E-6	
1,25550000E+0	794,78194775E-6	
1,25470000E+0	793,83908827E-6	
1,25290000E+0	792,59828083E-6	
1,25110000E+0	791,70095031E-6	
1,24940000E+0	790,96672660E-6	
1,24780000E+0	790,41635007E-6	
1,24600000E+0	789,93688189E-6	
1,24600000E+0	789,49746073E-6	
1,24410000E+0	789,05963098E-6	
1,24250000E+0	788,59945330E-6	
1,24050000E+0	788,14792330E-6	
1,23890000E+0	787,77207691E-6	
1,23730000E+0	787,24497997E-6	
1,23730000E+0	786,77364101E-6	
1,23400000E+0	786,28626893E-6	
1,23400000E+0	785,79868137E-6	
1,23200000E+0	785,27498164E-6	
1,23040000E+0	784,67783796E-6	
1,22870000E+0	784,03575078E-6	
1,22690000E+0	783,33444507E-6	
1,22510000E+0	782,61468769E-6	
1,22450000E+0	781,86261750E-6	
1,22350000E+0	781,05060339E-6	
1,22170000E+0	780,21466025E-6	
1,22000000E+0	779,34948697E-6	
1,21840000E+0	778,43548956E-6	
1,21680000E+0	777,40381234E-6	
1,21500000E+0	776,34071946E-6	
1,21290000E+0	775,24513931E-6	
1,21150000E+0	774,07284541E-6	
1,21150000E+0	772,88017366E-6	
1,20950000E+0	771,64355933E-6	
1,20770000E+0	770,43283783E-6	
1,20600000E+0	769,26705418E-6	
1,20460000E+0	768,11876807E-6	
1,20280000E+0	766,92349345E-6	
1,20280000E+0	765,68972524E-6	
1,20100000E+0	764,47165740E-6	
1,19750000E+0	763,23963537E-6	
1,19750000E+0	762,00396203E-6	
1,19550000E+0	760,77932116E-6	
1,19390000E+0	759,61223036E-6	
1,19390000E+0	758,52048174E-6	
1,19040000E+0	757,45318096E-6	
1,18960000E+0	756,39111338E-6	
1,18860000E+0	755,34455214E-6	
1,18700000E+0	754,30233995E-6	
1,18530000E+0	753,32203345E-6	
1,18370000E+0	752,35089095E-6	
1,18190000E+0	751,36673521E-6	
1,18010000E+0	750,43210255E-6	
1,18010000E+0	749,59571516E-6	
1,17660000E+0	748,76048709E-6	
1,17560000E+0	747,88604655E-6	
1,17480000E+0	746,98682144E-6	
1,17300000E+0	746,06268819E-6	
1,17170000E+0	745,06852291E-6	
1,17170000E+0	744,06752547E-6	
1,16810000E+0	743,11126365E-6	
1,16630000E+0	741,95225600E-6	
1,16630000E+0	740,92558183E-6	
1,16470000E+0	739,86329382E-6	
1,16300000E+0	738,75821379E-6	
1,16120000E+0	737,64080913E-6	
1,15940000E+0	736,24799271E-6	
1,15770000E+0	734,89993567E-6	
1,15770000E+0	733,47439207E-6	
1,15410000E+0	732,02549474E-6	
1,15320000E+0	730,61627417E-6	
1,15230000E+0	729,27494019E-6	
1,15060000E+0	728,09948302E-6	
1,14920000E+0	727,01278203E-6	
1,14740000E+0	725,91301353E-6	
1,14580000E+0	725,02462851E-6	
1,14410000E+0	723,98340088E-6	
1,14410000E+0	723,19026761E-6	
1,14230000E+0	722,47023110E-6	
1,14050000E+0	721,87416596E-6	
1,13870000E+0	721,36880813E-6	
1,13700000E+0	720,91519727E-6	
1,13520000E+0	720,48096509E-6	
1,13520000E+0	720,04647890E-6	
1,13170000E+0	719,63162102E-6	
1,13170000E+0	719,16969787E-6	
1,13010000E+0	718,63382372E-6	
1,12810000E+0	718,04443125E-6	
1,12650000E+0	717,41964652E-6	
1,12490000E+0	716,77056077E-6	
1,12320000E+0	716,10258747E-6	
1,12240000E+0	715,40421740E-6	
1,12140000E+0	714,64619308E-6	
1,11980000E+0	713,76976016E-6	
1,11800000E+0	712,79681105E-6	
1,11630000E+0	711,69937391E-6	
1,11450000E+0	710,56606555E-6	
1,11370000E+0	709,43743690E-6	
1,11090000E+0	708,30047792E-6	
1,10920000E+0	707,22023093E-6	
1,10920000E+0	706,09117461E-6	
1,10760000E+0	704,90384393E-6	
1,10600000E+0	703,65179182E-6	
1,10500000E+0	702,39558157E-6	
1,10250000E+0	701,13890066E-6	
1,10050000E+0	699,89833874E-6	
1,10050000E+0	698,73479360E-6	
1,09870000E+0	697,58465395E-6	
1,09690000E+0	696,53869519E-6	
1,09500000E+0	695,54036928E-6	
1,09320000E+0	694,54624491E-6	
1,09320000E+0	693,52100973E-6	
1,09140000E+0	692,51945835E-6	
1,08940000E+0	691,52092314E-6	
1,08770000E+0	690,52720116E-6	
1,08590000E+0	689,52817695E-6	
1,08490000E+0	688,54501278E-6	
1,08410000E+0	687,60879158E-6	
1,08040000E+0	686,68512056E-6	
1,08040000E+0	685,76753796E-6	
1,07860000E+0	684,75675926E-6	
1,07680000E+0	683,75313429E-6	
1,07680000E+0	682,94816360E-6	
1,07350000E+0	681,59578762E-6	
1,07350000E+0	680,45691320E-6	
1,07150000E+0	679,26229434E-6	
1,06970000E+0	678,07215537E-6	
1,06910000E+0	676,83109800E-6	
1,06640000E+0	675,57607903E-6	
1,06460000E+0	674,21349932E-6	
1,06460000E+0	672,79263220E-6	
1,06260000E+0	671,41793418E-6	
1,06090000E+0	670,33314137E-6	
1,05890000E+0	668,92682291E-6	
1,05710000E+0	667,90811547E-6	
1,05710000E+0	667,07271508E-6	
1,05530000E+0	666,39710491E-6	
1,05360000E+0	665,80556487E-6	
1,05160000E+0	665,24118860E-6	
1,04980000E+0	664,72982615E-6	
1,04900000E+0	664,23630242E-6	
1,04800000E+0	663,76357233E-6	
1,04450000E+0	663,28314519E-6	
1,04450000E+0	662,77825298E-6	
1,04250000E+0	662,27521613E-6	
1,04070000E+0	661,77904698E-6	
1,04070000E+0	661,22907350E-6	
1,03700000E+0	660,57650891E-6	
1,03700000E+0	659,83094797E-6	
1,03520000E+0	658,98453873E-6	
1,03360000E+0	658,03866405E-6	
1,03360000E+0	657,02993240E-6	
1,02970000E+0	655,94375609E-6	
1,02910000E+0	654,83872433E-6	
1,02810000E+0	653,78678655E-6	
1,02610000E+0	652,70081088E-6	
1,02510000E+0	651,55405917E-6	
1,02250000E+0	650,34643075E-6	
1,02090000E+0	649,18779398E-6	
1,02090000E+0	648,03015024E-6	
1,01880000E+0	646,86813833E-6	
1,01700000E+0	645,73937605E-6	
1,01500000E+0	644,59294009E-6	
1,01340000E+0	643,55225677E-6	
1,01340000E+0	642,53791634E-6	
1,01160000E+0	641,51944226E-6	
1,00990000E+0	640,48496571E-6	
1,00810000E+0	639,46515903E-6	
1,00610000E+0	638,45668227E-6	
1,00510000E+0	637,42399971E-6	
1,00430000E+0	636,40837198E-6	
1,00250000E+0	635,41830264E-6	
1,00080000E+0	634,45320303E-6	
998,80000000E-3	633,51239476E-6	
997,00000000E-3	632,55202685E-6	
997,00000000E-3	631,48429004E-6	
995,10000000E-3	630,36269237E-6	
993,30000000E-3	629,18992720E-6	
991,70000000E-3	627,96880501E-6	
989,70000000E-3	626,65529257E-6	
989,70000000E-3	625,27946656E-6	
988,10000000E-3	623,93535545E-6	
985,20000000E-3	622,67117610E-6	
984,40000000E-3	621,47377140E-6	
982,60000000E-3	620,36108581E-6	
980,80000000E-3	619,20375577E-6	
979,10000000E-3	618,26481874E-6	
977,10000000E-3	617,47155347E-6	
977,10000000E-3	616,80549703E-6	
975,30000000E-3	616,24977256E-6	
973,50000000E-3	615,72226400E-6	
972,00000000E-3	615,26273598E-6	
970,20000000E-3	614,79530244E-6	
969,20000000E-3	614,30057395E-6	
968,00000000E-3	613,81050109E-6	
966,40000000E-3	613,13972841E-6	
964,70000000E-3	612,50158221E-6	
962,70000000E-3	611,78557171E-6	
960,90000000E-3	610,98491000E-6	
960,90000000E-3	610,08202903E-6	
959,10000000E-3	609,15781323E-6	
957,20000000E-3	608,18480573E-6	
955,40000000E-3	607,13860103E-6	
953,80000000E-3	606,01242559E-6	
953,80000000E-3	604,82177500E-6	
952,00000000E-3	603,60489294E-6	
949,30000000E-3	602,41331488E-6	
948,30000000E-3	601,24208035E-6	
946,50000000E-3	600,09773384E-6	
944,70000000E-3	599,06818438E-6	
944,70000000E-3	598,06416170E-6	
941,00000000E-3	597,06175146E-6	
941,00000000E-3	596,01952184E-6	
939,20000000E-3	595,03461543E-6	
937,20000000E-3	594,03459991E-6	
937,20000000E-3	593,04054280E-6	
933,70000000E-3	592,05618826E-6	
933,70000000E-3	591,05785041E-6	
931,90000000E-3	590,10382058E-6	
930,10000000E-3	589,15168711E-6	
929,10000000E-3	588,17989238E-6	
926,60000000E-3	587,08408824E-6	
925,80000000E-3	585,88468177E-6	
924,60000000E-3	584,61043126E-6	
922,60000000E-3	583,21974679E-6	
921,10000000E-3	581,82006172E-6	
919,30000000E-3	580,46848178E-6	
917,10000000E-3	579,22615679E-6	
917,10000000E-3	578,11308756E-6	
915,50000000E-3	577,11744708E-6	
914,00000000E-3	576,18946835E-6	
912,00000000E-3	575,38802325E-6	
910,20000000E-3	574,72450423E-6	
910,20000000E-3	574,16645765E-6	
908,40000000E-3	573,64152930E-6	
905,90000000E-3	573,15058952E-6	
904,90000000E-3	572,70121649E-6	
902,90000000E-3	572,23441521E-6	
901,20000000E-3	571,69194091E-6	
901,20000000E-3	571,05698155E-6	
897,40000000E-3	570,34141514E-6	
897,40000000E-3	569,52308077E-6	
895,60000000E-3	568,62801863E-6	
893,90000000E-3	567,65546962E-6	
893,90000000E-3	566,60252432E-6	
890,10000000E-3	565,53451746E-6	
890,10000000E-3	564,49211624E-6	
888,30000000E-3	563,42188331E-6	
886,60000000E-3	562,28533310E-6	
885,80000000E-3	561,09685068E-6	
882,80000000E-3	559,96494284E-6	
881,00000000E-3	559,06711813E-6	
881,00000000E-3	557,76728132E-6	
879,50000000E-3	556,72498956E-6	
877,30000000E-3	555,68243700E-6	
875,70000000E-3	554,72702374E-6	
873,90000000E-3	553,78088255E-6	
873,90000000E-3	552,79421876E-6	
872,40000000E-3	551,74980224E-6	
869,60000000E-3	550,66798522E-6	
868,60000000E-3	549,52823630E-6	
866,80000000E-3	548,49727984E-6	
866,10000000E-3	547,00321604E-6	
865,10000000E-3	545,63491122E-6	
861,50000000E-3	544,31431559E-6	
861,50000000E-3	543,05286726E-6	
859,50000000E-3	541,85682370E-6	
857,80000000E-3	540,64629707E-6	
857,80000000E-3	539,62099928E-6	
854,00000000E-3	538,76313200E-6	
854,00000000E-3	538,05501935E-6	
852,30000000E-3	537,44783391E-6	
850,50000000E-3	536,92693224E-6	
849,50000000E-3	536,44510700E-6	
846,90000000E-3	535,95447117E-6	
845,00000000E-3	535,44056913E-6	
845,00000000E-3	534,80485181E-6	
843,20000000E-3	534,08501559E-6	
841,60000000E-3	533,20281849E-6	
839,60000000E-3	531,95253755E-6	
837,70000000E-3	530,49407123E-6	
837,70000000E-3	528,95154780E-6	
836,10000000E-3	527,56085759E-6	
834,10000000E-3	526,29064049E-6	
832,30000000E-3	525,08201080E-6	
830,60000000E-3	523,88744794E-6	
829,60000000E-3	522,73526054E-6	
829,00000000E-3	521,62165956E-6	
825,00000000E-3	520,55941993E-6	
825,00000000E-3	519,52732837E-6	
823,50000000E-3	518,50506293E-6	
821,70000000E-3	517,51164672E-6	
821,70000000E-3	516,56914011E-6	
819,90000000E-3	515,60537273E-6	
818,10000000E-3	514,58194050E-6	
816,20000000E-3	513,52790317E-6	
814,40000000E-3	512,41397723E-6	
813,60000000E-3	511,24908748E-6	
812,60000000E-3	510,03934695E-6	
809,10000000E-3	508,80444819E-6	
809,10000000E-3	507,61091463E-6	
807,10000000E-3	506,57094558E-6	
805,30000000E-3	505,63732261E-6	
805,30000000E-3	504,77693787E-6	
801,80000000E-3	504,01414025E-6	
801,80000000E-3	503,36748554E-6	
800,00000000E-3	502,76810011E-6	
798,20000000E-3	502,18810616E-6	
796,20000000E-3	501,65570786E-6	
794,50000000E-3	500,99540434E-6	
793,70000000E-3	500,36419170E-6	
792,70000000E-3	499,66575278E-6	
790,90000000E-3	498,86159821E-6	
789,10000000E-3	497,98646951E-6	
787,20000000E-3	496,85217285E-6	
785,60000000E-3	495,77464706E-6	
785,60000000E-3	494,63949034E-6	
783,60000000E-3	493,50970762E-6	
781,60000000E-3	492,41238628E-6	
780,10000000E-3	491,32100636E-6	
778,30000000E-3	490,30408491E-6	
778,30000000E-3	489,32921556E-6	
776,30000000E-3	488,30737706E-6	
773,70000000E-3	487,41191291E-6	
772,70000000E-3	486,22286809E-6	
770,70000000E-3	485,17607404E-6	
769,70000000E-3	484,05094901E-6	
769,00000000E-3	482,87794615E-6	
765,40000000E-3	481,73085365E-6	
765,40000000E-3	480,58887648E-6	
763,40000000E-3	479,43254698E-6	
761,80000000E-3	478,26153324E-6	
761,80000000E-3	477,18044717E-6	
757,90000000E-3	476,20884852E-6	
757,90000000E-3	475,41157141E-6	
756,30000000E-3	474,72984563E-6	
754,50000000E-3	474,07824067E-6	
754,50000000E-3	473,47323604E-6	
750,80000000E-3	472,89034463E-6	
749,80000000E-3	472,25311780E-6	
749,00000000E-3	471,50327444E-6	
747,20000000E-3	470,62547394E-6	
745,40000000E-3	469,64858666E-6	
743,50000000E-3	468,58452927E-6	
741,70000000E-3	467,51727181E-6	
741,70000000E-3	466,43640929E-6	
739,70000000E-3	465,33391814E-6	
737,90000000E-3	464,30142488E-6	
736,20000000E-3	463,29457574E-6	
734,60000000E-3	462,26676910E-6	
734,60000000E-3	461,22361076E-6	
732,80000000E-3	460,19754055E-6	
729,70000000E-3	459,14124200E-6	
729,10000000E-3	458,03124346E-6	
727,30000000E-3	456,90609646E-6	
725,50000000E-3	455,73001215E-6	
723,90000000E-3	454,58199244E-6	
722,00000000E-3	453,45950393E-6	
722,00000000E-3	452,37237125E-6	
720,20000000E-3	451,32385971E-6	
718,40000000E-3	450,40100098E-6	
718,40000000E-3	449,62594027E-6	
714,90000000E-3	448,94338048E-6	
713,90000000E-3	448,28127236E-6	
712,90000000E-3	447,62308177E-6	
711,10000000E-3	446,94396083E-6	
709,30000000E-3	446,19863980E-6	
707,60000000E-3	445,39180338E-6	
705,80000000E-3	444,45076808E-6	
705,80000000E-3	443,45401871E-6	
703,80000000E-3	442,41743796E-6	
701,30000000E-3	441,37142127E-6	
700,30000000E-3	440,30014051E-6	
698,50000000E-3	439,19883036E-6	
697,70000000E-3	438,17817785E-6	
696,70000000E-3	437,18527764E-6	
693,20000000E-3	436,18146771E-6	
693,20000000E-3	435,11924935E-6	
691,60000000E-3	434,01969029E-6	
689,40000000E-3	432,87590692E-6	
689,40000000E-3	431,90375876E-6	
686,10000000E-3	430,51384236E-6	
686,10000000E-3	429,38086839E-6	
684,30000000E-3	428,34778799E-6	
682,50000000E-3	427,47591543E-6	
681,50000000E-3	426,69458283E-6	
678,80000000E-3	425,94979243E-6	
677,00000000E-3	425,24501424E-6	
677,00000000E-3	424,53420429E-6	
675,00000000E-3	423,80066207E-6	
673,20000000E-3	423,11643561E-6	
671,50000000E-3	422,15671761E-6	
669,50000000E-3	421,20861854E-6	
669,50000000E-3	420,25322974E-6	
667,70000000E-3	419,26833902E-6	
666,00000000E-3	418,21656036E-6	
664,00000000E-3	417,14576875E-6	
662,20000000E-3	416,10430552E-6	
662,20000000E-3	415,04543229E-6	
660,40000000E-3	413,98229429E-6	
657,80000000E-3	412,89351733E-6	
656,90000000E-3	411,80473132E-6	
654,90000000E-3	410,74371711E-6	
653,10000000E-3	409,67350632E-6	
653,10000000E-3	408,63769653E-6	
649,60000000E-3	407,61635270E-6	
649,60000000E-3	406,69582887E-6	
647,60000000E-3	405,89445361E-6	
646,00000000E-3	405,17591121E-6	
646,00000000E-3	404,48899996E-6	
644,10000000E-3	403,78002087E-6	
642,50000000E-3	403,08347621E-6	
640,70000000E-3	402,30652121E-6	
639,00000000E-3	401,45071873E-6	
638,20000000E-3	400,48684250E-6	
637,20000000E-3	399,46746566E-6	
633,40000000E-3	398,41997500E-6	
633,40000000E-3	397,36922433E-6	
631,60000000E-3	396,30663955E-6	
629,70000000E-3	395,19753899E-6	
629,70000000E-3	394,12261551E-6	
626,10000000E-3	393,04764109E-6	
626,10000000E-3	391,94638365E-6	
624,20000000E-3	390,79009652E-6	
622,40000000E-3	389,68746439E-6	
620,60000000E-3	388,61559578E-6	
618,90000000E-3	387,48439889E-6	
618,10000000E-3	386,71322198E-6	
617,10000000E-3	385,99762057E-6	
614,10000000E-3	385,24544663E-6	
613,30000000E-3	384,47426466E-6	
611,70000000E-3	383,67972577E-6	
609,80000000E-3	382,95641409E-6	
609,80000000E-3	381,86372222E-6	
606,20000000E-3	380,87132462E-6	
606,20000000E-3	379,87680880E-6	
604,30000000E-3	378,90523356E-6	
602,50000000E-3	377,92213552E-6	
602,50000000E-3	376,85110263E-6	
598,70000000E-3	375,71676730E-6	
598,70000000E-3	374,39768581E-6	
597,00000000E-3	372,98624294E-6	
595,20000000E-3	371,57814886E-6	
594,20000000E-3	370,32837812E-6	
591,80000000E-3	369,29511987E-6	
589,70000000E-3	368,47273439E-6	
589,70000000E-3	367,76460400E-6	
588,10000000E-3	367,07973680E-6	
586,30000000E-3	366,36718277E-6	
584,30000000E-3	365,60432709E-6	
582,60000000E-3	364,78784354E-6	
582,60000000E-3	363,92468597E-6	
580,80000000E-3	362,97634824E-6	
578,80000000E-3	362,02411837E-6	
577,10000000E-3	361,09975489E-6	
575,30000000E-3	360,12972721E-6	
574,30000000E-3	359,07775724E-6	
573,50000000E-3	357,93827560E-6	
571,90000000E-3	356,79004332E-6	
570,00000000E-3	355,67343809E-6	
568,00000000E-3	354,65271548E-6	
566,40000000E-3	353,73248761E-6	
566,40000000E-3	352,77597427E-6	
562,70000000E-3	351,78549283E-6	
562,70000000E-3	350,77882069E-6	
560,70000000E-3	349,75005791E-6	
558,90000000E-3	348,68152675E-6	
558,90000000E-3	347,63869405E-6	
555,20000000E-3	346,64321055E-6	
555,20000000E-3	345,67499478E-6	
553,20000000E-3	344,71339958E-6	
551,40000000E-3	343,73128467E-6	
551,40000000E-3	342,74334852E-6	
547,70000000E-3	341,76337722E-6	
547,70000000E-3	340,78926387E-6	
545,70000000E-3	339,76186494E-6	
543,90000000E-3	338,80042359E-6	
543,90000000E-3	337,90541019E-6	
540,20000000E-3	337,07275468E-6	
540,20000000E-3	336,33088891E-6	
538,20000000E-3	335,42163768E-6	
536,40000000E-3	334,59957345E-6	
536,40000000E-3	333,75827567E-6	
532,70000000E-3	332,88317237E-6	
532,70000000E-3	331,96564986E-6	
530,70000000E-3	330,85067449E-6	
528,90000000E-3	329,77088131E-6	
528,90000000E-3	328,65536786E-6	
525,40000000E-3	327,53920651E-6	
525,40000000E-3	326,50630558E-6	
523,40000000E-3	325,50405234E-6	
521,60000000E-3	324,66092436E-6	
520,80000000E-3	323,85980457E-6	
517,80000000E-3	323,04456843E-6	
516,80000000E-3	322,30710424E-6	
516,20000000E-3	321,31027032E-6	
514,50000000E-3	320,39214926E-6	
512,70000000E-3	319,42559695E-6	
511,10000000E-3	318,43287572E-6	
509,10000000E-3	317,42464236E-6	
509,10000000E-3	316,44808239E-6	
507,20000000E-3	315,46589630E-6	
504,60000000E-3	314,46919445E-6	
503,80000000E-3	313,56138272E-6	
502,00000000E-3	312,75725460E-6	
501,00000000E-3	311,63073486E-6	
500,00000000E-3	310,25478774E-6	
496,50000000E-3	308,77820857E-6	
496,50000000E-3	307,33245900E-6	
494,50000000E-3	306,04834774E-6	
492,70000000E-3	304,84334441E-6	
492,70000000E-3	303,68579672E-6	
489,00000000E-3	302,52114133E-6	
489,00000000E-3	301,46455388E-6	
487,00000000E-3	300,44581612E-6	
485,20000000E-3	299,46936802E-6	
485,20000000E-3	298,54714070E-6	
481,50000000E-3	297,65736159E-6	
481,50000000E-3	296,83846306E-6	
479,50000000E-3	296,03721487E-6	
477,70000000E-3	295,22162436E-6	
477,70000000E-3	294,30077584E-6	
474,00000000E-3	293,35699017E-6	
474,00000000E-3	292,39338806E-6	
472,00000000E-3	291,38155145E-6	
470,20000000E-3	290,39087983E-6	
470,20000000E-3	289,45937089E-6	
466,50000000E-3	288,60928415E-6	
466,50000000E-3	287,82853192E-6	
464,70000000E-3	287,07673668E-6	
462,90000000E-3	286,26107012E-6	
460,90000000E-3	285,40219786E-6	
459,10000000E-3	284,53202536E-6	
458,40000000E-3	283,65306058E-6	
457,40000000E-3	282,73317794E-6	
455,80000000E-3	281,81610513E-6	
455,20000000E-3	280,95184218E-6	
452,00000000E-3	280,13459385E-6	
450,50000000E-3	279,33148466E-6	
450,50000000E-3	278,50899433E-6	
448,30000000E-3	277,71795394E-6	
446,50000000E-3	277,08906113E-6	
444,50000000E-3	276,14238101E-6	
443,00000000E-3	275,34429478E-6	
443,00000000E-3	274,46628857E-6	
441,00000000E-3	273,55408330E-6	
439,20000000E-3	272,67960644E-6	
437,00000000E-3	271,81016957E-6	
435,50000000E-3	270,90613656E-6	
435,50000000E-3	269,98459927E-6	
433,50000000E-3	269,12435720E-6	
431,70000000E-3	268,44004769E-6	
429,60000000E-3	267,44970876E-6	
428,00000000E-3	266,63273606E-6	
428,00000000E-3	265,78670022E-6	
426,00000000E-3	264,98149485E-6	
424,20000000E-3	264,17142020E-6	
422,30000000E-3	263,32670217E-6	
420,50000000E-3	262,43522526E-6	
420,50000000E-3	261,53668451E-6	
418,70000000E-3	260,69804941E-6	
416,80000000E-3	259,87105029E-6	
414,80000000E-3	259,04813697E-6	
413,00000000E-3	258,19320475E-6	
413,00000000E-3	257,34119477E-6	
409,30000000E-3	256,46363251E-6	
409,30000000E-3	255,55067733E-6	
407,30000000E-3	254,58116435E-6	
405,50000000E-3	253,64589702E-6	
405,50000000E-3	252,75276443E-6	
401,80000000E-3	251,89976775E-6	
401,80000000E-3	251,02034642E-6	
399,80000000E-3	250,14930425E-6	
398,10000000E-3	249,31947219E-6	
398,10000000E-3	248,46780730E-6	
394,30000000E-3	247,59540509E-6	
394,30000000E-3	246,66384697E-6	
392,40000000E-3	245,77439334E-6	
390,60000000E-3	244,86598692E-6	
390,60000000E-3	243,95786400E-6	
386,80000000E-3	243,03839041E-6	
386,80000000E-3	242,08304067E-6	
384,90000000E-3	241,16538369E-6	
383,10000000E-3	240,26496146E-6	
383,10000000E-3	239,35118798E-6	
379,30000000E-3	238,38567096E-6	
379,30000000E-3	237,43460466E-6	
377,40000000E-3	236,49815089E-6	
375,60000000E-3	235,52500170E-6	
375,60000000E-3	234,54451898E-6	
371,80000000E-3	233,56855282E-6	
371,80000000E-3	232,60354450E-6	
369,90000000E-3	231,69787292E-6	
368,10000000E-3	230,80917819E-6	
368,10000000E-3	229,86441313E-6	
364,40000000E-3	228,90539828E-6	
364,40000000E-3	227,93291272E-6	
362,60000000E-3	226,94560295E-6	
361,00000000E-3	225,94785664E-6	
361,00000000E-3	224,96267113E-6	
356,90000000E-3	224,04358030E-6	
356,90000000E-3	223,17772702E-6	
355,10000000E-3	222,30258291E-6	
353,50000000E-3	221,42616402E-6	
353,50000000E-3	220,43234272E-6	
349,60000000E-3	219,47800256E-6	
349,60000000E-3	218,54495375E-6	
347,60000000E-3	217,62205850E-6	
346,00000000E-3	216,74692638E-6	
346,00000000E-3	215,73365478E-6	
342,50000000E-3	214,83784542E-6	
341,50000000E-3	213,92098470E-6	
340,50000000E-3	212,99765266E-6	
338,70000000E-3	212,13069644E-6	
337,90000000E-3	211,07387298E-6	
335,00000000E-3	210,10040781E-6	
333,20000000E-3	209,13231914E-6	
333,20000000E-3	208,17733481E-6	
331,40000000E-3	207,23703463E-6	
329,50000000E-3	206,33150968E-6	
327,70000000E-3	205,45940531E-6	
325,90000000E-3	204,55137364E-6	
325,90000000E-3	203,59889646E-6	
324,30000000E-3	202,63736054E-6	
321,60000000E-3	201,69382242E-6	
320,60000000E-3	200,75562353E-6	
318,80000000E-3	199,81805127E-6	
318,00000000E-3	198,88642220E-6	
317,00000000E-3	197,97396665E-6	
313,70000000E-3	197,08882791E-6	
313,70000000E-3	196,19753762E-6	
311,70000000E-3	195,22544090E-6	
309,90000000E-3	194,24941499E-6	
309,90000000E-3	193,25950820E-6	
306,20000000E-3	192,27817173E-6	
306,20000000E-3	191,29804221E-6	
304,20000000E-3	190,31496935E-6	
302,40000000E-3	189,35733427E-6	
302,40000000E-3	188,43619361E-6	
298,70000000E-3	187,53919050E-6	
298,70000000E-3	186,61941566E-6	
296,70000000E-3	185,66513635E-6	
295,00000000E-3	184,74337743E-6	
295,00000000E-3	183,82072140E-6	
291,20000000E-3	182,89756602E-6	
291,20000000E-3	181,97687650E-6	
289,20000000E-3	181,06862167E-6	
287,50000000E-3	180,19797997E-6	
287,50000000E-3	179,33077955E-6	
283,70000000E-3	178,45681586E-6	
283,70000000E-3	177,55537491E-6	
281,70000000E-3	176,66083638E-6	
280,00000000E-3	175,80974087E-6	
280,00000000E-3	174,95564684E-6	
276,20000000E-3	174,09017969E-6	
276,20000000E-3	173,21813120E-6	
274,30000000E-3	172,38970795E-6	
272,50000000E-3	171,52805599E-6	
272,50000000E-3	170,61567771E-6	
268,70000000E-3	169,68649305E-6	
268,70000000E-3	168,76130102E-6	
266,70000000E-3	167,82009232E-6	
264,90000000E-3	166,89211302E-6	
263,00000000E-3	165,96619978E-6	
261,20000000E-3	165,04451367E-6	
261,20000000E-3	164,17582352E-6	
259,20000000E-3	163,32944159E-6	
257,40000000E-3	162,47670839E-6	
255,40000000E-3	161,56145043E-6	
253,70000000E-3	160,67731601E-6	
253,70000000E-3	159,99078663E-6	
251,70000000E-3	158,92114980E-6	
249,90000000E-3	158,08451730E-6	
247,90000000E-3	157,24473923E-6	
246,20000000E-3	156,44120911E-6	
246,20000000E-3	155,65362446E-6	
244,20000000E-3	154,84105572E-6	
242,40000000E-3	152,11483772E-6	
240,40000000E-3	147,04998591E-6	
238,70000000E-3	143,41725599E-6	
238,70000000E-3	141,75193485E-6	
236,70000000E-3	140,91317348E-6	
234,90000000E-3	140,90010636E-6	
232,90000000E-3	141,06611353E-6	
231,20000000E-3	141,17231411E-6	
231,20000000E-3	141,15331528E-6	
229,20000000E-3	140,97685108E-6	
227,40000000E-3	140,64388901E-6	
225,40000000E-3	140,17291901E-6	
223,70000000E-3	139,58977028E-6	
223,70000000E-3	138,88828874E-6	
221,70000000E-3	138,12023622E-6	
219,90000000E-3	137,35185869E-6	
218,40000000E-3	136,62597280E-6	
216,40000000E-3	135,89966763E-6	
216,40000000E-3	135,15002393E-6	
214,20000000E-3	134,38729222E-6	
212,40000000E-3	133,62466543E-6	
210,40000000E-3	132,88715073E-6	
208,90000000E-3	132,20289824E-6	
208,90000000E-3	131,52473003E-6	
206,90000000E-3	130,86047855E-6	
204,90000000E-3	130,23370697E-6	
202,90000000E-3	129,57411025E-6	
201,40000000E-3	128,86591494E-6	
201,40000000E-3	128,11082222E-6	
199,40000000E-3	127,34582894E-6	
197,60000000E-3	126,54431343E-6	
195,50000000E-3	125,72414751E-6	
193,90000000E-3	124,91893682E-6	
193,90000000E-3	124,12119355E-6	
191,90000000E-3	123,39195068E-6	
190,10000000E-3	122,69336286E-6	
188,10000000E-3	121,99368762E-6	
186,40000000E-3	121,25058878E-6	
186,40000000E-3	120,52291371E-6	
184,40000000E-3	119,83379450E-6	
182,60000000E-3	119,14801676E-6	
180,60000000E-3	118,45597941E-6	
178,90000000E-3	117,78888136E-6	
178,90000000E-3	117,14959901E-6	
176,90000000E-3	116,47765636E-6	
175,30000000E-3	115,77143159E-6	
173,20000000E-3	115,02581962E-6	
171,40000000E-3	114,27994956E-6	
171,40000000E-3	113,53637424E-6	
169,40000000E-3	112,84242712E-6	
167,80000000E-3	112,22197044E-6	
165,60000000E-3	111,43259851E-6	
163,90000000E-3	110,73469916E-6	
163,90000000E-3	110,05828524E-6	
160,30000000E-3	109,38593207E-6	
160,30000000E-3	108,71208644E-6	
158,50000000E-3	107,96174358E-6	
156,40000000E-3	107,25401818E-6	
156,40000000E-3	106,51591298E-6	
152,80000000E-3	105,79025376E-6	
152,80000000E-3	105,09163114E-6	
151,00000000E-3	104,32228729E-6	
149,10000000E-3	103,60675141E-6	
149,10000000E-3	102,88394338E-6	
145,30000000E-3	102,10850650E-6	
145,30000000E-3	101,41620650E-6	
143,60000000E-3	100,56124710E-6	
141,60000000E-3	99,80855819E-6	
141,60000000E-3	99,04810770E-6	
137,90000000E-3	98,31395290E-6	
137,90000000E-3	97,55191304E-6	
136,10000000E-3	96,78527621E-6	
134,10000000E-3	96,03307847E-6	
134,10000000E-3	95,28259606E-6	
130,40000000E-3	94,51066414E-6	
130,40000000E-3	93,73906306E-6	
128,60000000E-3	92,99064508E-6	
126,60000000E-3	92,24889738E-6	
126,60000000E-3	91,48779123E-6	
122,90000000E-3	90,75281015E-6	
122,90000000E-3	90,07061897E-6	
121,10000000E-3	89,37842736E-6	
119,20000000E-3	88,67738688E-6	
119,20000000E-3	87,90104009E-6	
115,40000000E-3	87,10927063E-6	
115,40000000E-3	86,31020526E-6	
113,70000000E-3	85,52966318E-6	
111,70000000E-3	84,71707508E-6	
111,70000000E-3	83,84236714E-6	
108,30000000E-3	83,03610593E-6	
108,30000000E-3	82,25143002E-6	
106,40000000E-3	81,47354690E-6	
104,20000000E-3	80,66667478E-6	
104,20000000E-3	79,90910732E-6	
100,90000000E-3	79,19536366E-6	
100,90000000E-3	78,51445240E-6	
98,90000000E-3	77,83785537E-6	
96,90000000E-3	77,12690254E-6	
95,20000000E-3	76,45898879E-6	
93,40000000E-3	75,85348641E-6	
93,40000000E-3	75,26719357E-6	
91,40000000E-3	74,64512603E-6	
89,40000000E-3	74,06128302E-6	
87,70000000E-3	73,51790732E-6	
85,90000000E-3	72,98594982E-6	
85,90000000E-3	72,46450205E-6	
84,00000000E-3	72,00764008E-6	
82,00000000E-3	71,54870295E-6	
80,20000000E-3	71,04015377E-6	
78,40000000E-3	70,49204684E-6	
78,40000000E-3	69,85426588E-6	
76,50000000E-3	69,15970703E-6	
74,50000000E-3	68,57427919E-6	
72,70000000E-3	67,60039360E-6	
71,00000000E-3	66,65216182E-6	
71,00000000E-3	65,54904231E-6	
69,00000000E-3	64,37159331E-6	
67,00000000E-3	63,11784295E-6	
65,30000000E-3	61,70908715E-6	
63,50000000E-3	60,09927143E-6	
63,50000000E-3	58,28888431E-6	
61,50000000E-3	56,39813719E-6	
59,70000000E-3	54,78326979E-6	
57,80000000E-3	52,25613384E-6	
56,00000000E-3	50,10115008E-6	
56,00000000E-3	47,90926976E-6	
54,00000000E-3	45,83950411E-6	
52,30000000E-3	43,75428179E-6	
50,30000000E-3	41,58296307E-6	
48,50000000E-3	39,34337320E-6	
48,50000000E-3	37,11128875E-6	
46,60000000E-3	34,95185711E-6	
44,80000000E-3	32,83459694E-6	
42,80000000E-3	30,82761583E-6	
41,10000000E-3	28,89571966E-6	
41,10000000E-3	27,15350164E-6	
39,10000000E-3	25,54398686E-6	
37,30000000E-3	24,01381410E-6	
35,40000000E-3	22,48988568E-6	
33,60000000E-3	21,05348925E-6	
33,60000000E-3	19,69750467E-6	
31,60000000E-3	18,37946238E-6	
29,90000000E-3	17,04053283E-6	
27,90000000E-3	15,68812445E-6	
26,10000000E-3	14,34435434E-6	
26,10000000E-3	12,96590732E-6	
24,10000000E-3	11,55271175E-6	
22,40000000E-3	10,02764291E-6	
20,40000000E-3	8,51869021E-6	
18,60000000E-3	6,98496786E-6	
18,60000000E-3	5,38899384E-6	
16,60000000E-3	3,78413882E-6	
14,80000000E-3	2,11676723E-6	
12,90000000E-3	565,10717680E-9	
11,10000000E-3	-873,40765992E-9	
11,10000000E-3	-2,26740003E-6	
9,10000000E-3	-3,71763412E-6	
7,30000000E-3	-5,16060779E-6	
5,40000000E-3	-6,56799321E-6	
3,80000000E-3	-7,95929157E-6	
3,80000000E-3	-9,31355306E-6	
1,60000000E-3	-10,61275054E-6	
-200,00000000E-6	-11,86456021E-6	
-2,10000000E-3	-13,02073409E-6	
-3,70000000E-3	-14,13779037E-6	
-3,70000000E-3	-15,29140689E-6	
-5,70000000E-3	-16,46266928E-6	
-7,50000000E-3	-17,61197179E-6	
-9,60000000E-3	-18,71500615E-6	
-11,20000000E-3	-19,81110882E-6	
-11,20000000E-3	-20,89785252E-6	
-14,70000000E-3	-21,97009835E-6	
-14,70000000E-3	-23,01730708E-6	
-16,90000000E-3	-24,10460058E-6	
-18,70000000E-3	-25,22167966E-6	
-18,70000000E-3	-26,47260957E-6	
-22,20000000E-3	-27,68862158E-6	
-22,20000000E-3	-28,96797072E-6	
-24,20000000E-3	-30,27579473E-6	
-26,10000000E-3	-31,54945669E-6	
-26,10000000E-3	-33,05373467E-6	
-29,70000000E-3	-34,33330430E-6	
-29,70000000E-3	-35,63128650E-6	
-31,60000000E-3	-36,98740369E-6	
-33,60000000E-3	-38,28382991E-6	
-33,60000000E-3	-39,84592577E-6	
-37,20000000E-3	-41,30448112E-6	
-37,20000000E-3	-42,83266370E-6	
-39,10000000E-3	-44,34001092E-6	
-40,90000000E-3	-45,82741051E-6	
-40,90000000E-3	-47,31666835E-6	
-44,60000000E-3	-48,74036180E-6	
-44,60000000E-3	-50,15759598E-6	
-46,60000000E-3	-51,64782118E-6	
-48,40000000E-3	-53,12858827E-6	
-48,40000000E-3	-54,55702216E-6	
-52,10000000E-3	-55,98326487E-6	
-52,10000000E-3	-57,41612281E-6	
-54,10000000E-3	-58,81941047E-6	
-55,80000000E-3	-60,15791883E-6	
-55,80000000E-3	-61,51658758E-6	
-59,60000000E-3	-62,92782094E-6	
-59,60000000E-3	-64,49992478E-6	
-61,50000000E-3	-66,18182890E-6	
-63,30000000E-3	-68,02035319E-6	
-63,30000000E-3	-69,95983518E-6	
-67,00000000E-3	-72,03703273E-6	
-67,00000000E-3	-74,28819897E-6	
-69,00000000E-3	-76,52968227E-6	
-70,80000000E-3	-78,74262164E-6	
-70,80000000E-3	-80,99120605E-6	
-74,50000000E-3	-83,38319488E-6	
-74,50000000E-3	-85,85245054E-6	
-76,50000000E-3	-88,26214510E-6	
-78,20000000E-3	-90,64551379E-6	
-78,20000000E-3	-92,90021612E-6	
-82,00000000E-3	-95,07668108E-6	
-82,00000000E-3	-97,16390336E-6	
-83,90000000E-3	-99,03124862E-6	
-85,70000000E-3	-100,77154434E-6	
-85,70000000E-3	-102,45726908E-6	
-89,40000000E-3	-104,05393337E-6	
-89,40000000E-3	-105,49332823E-6	
-91,20000000E-3	-106,79338942E-6	
-93,20000000E-3	-107,97855457E-6	
-95,10000000E-3	-109,00632286E-6	
-96,90000000E-3	-109,90216204E-6	
-96,90000000E-3	-110,63200376E-6	
-98,50000000E-3	-111,26035180E-6	
-100,60000000E-3	-111,83904329E-6	
-102,60000000E-3	-112,40595550E-6	
-104,40000000E-3	-112,96864738E-6	
-104,40000000E-3	-113,48729432E-6	
-105,90000000E-3	-113,97269826E-6	
-107,90000000E-3	-114,47827330E-6	
-109,90000000E-3	-115,00005518E-6	
-111,80000000E-3	-115,52481459E-6	
-111,80000000E-3	-116,08235094E-6	
-113,40000000E-3	-116,66759145E-6	
-115,40000000E-3	-117,29281038E-6	
-117,30000000E-3	-117,94148964E-6	
-119,10000000E-3	-118,47198187E-6	
-119,10000000E-3	-119,30917254E-6	
-120,90000000E-3	-120,00417141E-6	
-122,80000000E-3	-120,74866806E-6	
-124,80000000E-3	-121,48191217E-6	
-126,60000000E-3	-122,20562369E-6	
-126,60000000E-3	-122,93226016E-6	
-128,30000000E-3	-123,73401386E-6	
-130,30000000E-3	-124,55483791E-6	
-132,30000000E-3	-125,34714318E-6	
-134,00000000E-3	-125,99926195E-6	
-134,00000000E-3	-126,93976179E-6	
-135,80000000E-3	-127,72316170E-6	
-137,80000000E-3	-128,48666060E-6	
-139,70000000E-3	-129,21598557E-6	
-141,50000000E-3	-129,91292114E-6	
-141,50000000E-3	-130,61833351E-6	
-143,30000000E-3	-131,33183426E-6	
-145,20000000E-3	-132,07435649E-6	
-147,00000000E-3	-132,80210314E-6	
-148,80000000E-3	-133,54389824E-6	
-148,80000000E-3	-134,27864784E-6	
-150,80000000E-3	-134,97882337E-6	
-152,70000000E-3	-135,64230453E-6	
-154,50000000E-3	-136,31263935E-6	
-156,30000000E-3	-137,00272330E-6	
-156,30000000E-3	-137,69822266E-6	
-158,20000000E-3	-138,41733142E-6	
-160,20000000E-3	-139,14703058E-6	
-161,90000000E-3	-139,83611241E-6	
-163,70000000E-3	-140,52406773E-6	
-163,70000000E-3	-141,18303317E-6	
-165,70000000E-3	-141,78237917E-6	
-167,60000000E-3	-142,39966291E-6	
-169,40000000E-3	-143,08304817E-6	
-171,20000000E-3	-143,81699746E-6	
-171,20000000E-3	-144,52962327E-6	
-173,20000000E-3	-145,25467595E-6	
-175,10000000E-3	-145,97992690E-6	
-176,90000000E-3	-146,66769196E-6	
-178,60000000E-3	-147,35108046E-6	
-178,60000000E-3	-148,01362009E-6	
-180,20000000E-3	-148,69126964E-6	
-183,30000000E-3	-149,38932407E-6	
-183,30000000E-3	-150,14431515E-6	
-185,10000000E-3	-150,90277956E-6	
-186,90000000E-3	-151,63715243E-6	
-188,70000000E-3	-152,37886561E-6	
-190,50000000E-3	-153,12818241E-6	
-192,20000000E-3	-153,85650840E-6	
-192,20000000E-3	-154,54868638E-6	
-194,00000000E-3	-155,25446740E-6	
-196,50000000E-3	-155,98973873E-6	
-196,50000000E-3	-156,78646774E-6	
-196,50000000E-3	-157,61667222E-6	
-198,70000000E-3	-158,47641148E-6	
-201,70000000E-3	-159,30117499E-6	
-203,40000000E-3	-160,02670881E-6	
-205,20000000E-3	-160,89145181E-6	
-206,60000000E-3	-161,61307877E-6	
-208,30000000E-3	-162,29724866E-6	
-209,90000000E-3	-162,98859990E-6	
-209,90000000E-3	-163,68053575E-6	
-211,70000000E-3	-164,47255688E-6	
-215,00000000E-3	-165,22577312E-6	
-215,00000000E-3	-166,01061319E-6	
-217,00000000E-3	-166,78159253E-6	
-218,60000000E-3	-167,50706246E-6	
-218,60000000E-3	-168,29487721E-6	
-222,10000000E-3	-169,00095621E-6	
-223,70000000E-3	-169,68960274E-6	
-223,70000000E-3	-170,43015961E-6	
-225,70000000E-3	-171,12645638E-6	
-228,60000000E-3	-172,01025076E-6	
-228,60000000E-3	-172,78822553E-6	
-230,40000000E-3	-173,58047122E-6	
-232,10000000E-3	-174,35461773E-6	
-233,20000000E-3	-175,12679268E-6	
-233,90000000E-3	-175,87551686E-6	
-237,50000000E-3	-176,62531529E-6	
-237,50000000E-3	-177,38100590E-6	
-239,10000000E-3	-178,16374240E-6	
-240,70000000E-3	-178,97916422E-6	
-242,20000000E-3	-179,78280428E-6	
-244,40000000E-3	-180,58667996E-6	
-245,80000000E-3	-181,42378297E-6	
-245,80000000E-3	-182,24842253E-6	
-247,50000000E-3	-182,99858219E-6	
-251,10000000E-3	-183,75416848E-6	
-251,10000000E-3	-184,53725052E-6	
-252,90000000E-3	-185,35629643E-6	
-254,40000000E-3	-186,15896188E-6	
-256,20000000E-3	-187,00939424E-6	
-258,00000000E-3	-187,86398639E-6	
-259,60000000E-3	-188,72795465E-6	
-260,60000000E-3	-189,63030162E-6	
-261,30000000E-3	-190,45514724E-6	
-263,10000000E-3	-191,24594021E-6	
-264,70000000E-3	-192,03438835E-6	
-266,20000000E-3	-192,89642212E-6	
-268,00000000E-3	-193,76322210E-6	
-269,80000000E-3	-194,64111422E-6	
-269,80000000E-3	-195,55253213E-6	
-273,30000000E-3	-196,45601822E-6	
-273,90000000E-3	-197,34164723E-6	
-274,90000000E-3	-198,17147332E-6	
-276,90000000E-3	-198,97700832E-6	
-278,20000000E-3	-199,77391378E-6	
-280,00000000E-3	-200,64021680E-6	
-281,60000000E-3	-201,53861144E-6	
-283,40000000E-3	-202,44600252E-6	
-283,40000000E-3	-203,34995182E-6	
-285,10000000E-3	-204,25944926E-6	
-286,90000000E-3	-205,15243880E-6	
-288,70000000E-3	-206,00288892E-6	
-289,40000000E-3	-206,81624545E-6	
-289,40000000E-3	-207,63475333E-6	
-289,40000000E-3	-208,52201910E-6	
-294,60000000E-3	-209,41753299E-6	
-296,10000000E-3	-210,15484388E-6	
-297,90000000E-3	-211,26389181E-6	
-299,70000000E-3	-212,16574373E-6	
-299,70000000E-3	-213,07667971E-6	
-303,00000000E-3	-213,95613838E-6	
-303,80000000E-3	-214,78463105E-6	
-304,80000000E-3	-215,60617272E-6	
-306,60000000E-3	-216,46568219E-6	
-307,90000000E-3	-217,37114036E-6	
-309,70000000E-3	-218,28170712E-6	
-311,50000000E-3	-219,02285450E-6	
-313,20000000E-3	-220,16066797E-6	
-313,20000000E-3	-221,10202923E-6	
-315,00000000E-3	-222,02978354E-6	
-316,60000000E-3	-222,90774417E-6	
-318,60000000E-3	-223,78688982E-6	
-320,20000000E-3	-224,67317504E-6	
-321,90000000E-3	-225,60054796E-6	
-323,70000000E-3	-226,56800827E-6	
-325,50000000E-3	-227,52720700E-6	
-326,30000000E-3	-228,34335348E-6	
-327,20000000E-3	-229,44660233E-6	
-328,80000000E-3	-230,40465853E-6	
-330,40000000E-3	-231,27193371E-6	
-332,20000000E-3	-232,14482615E-6	
-333,90000000E-3	-233,05048781E-6	
-335,50000000E-3	-233,98206226E-6	
-335,50000000E-3	-234,90972747E-6	
-339,10000000E-3	-235,86431731E-6	
-340,10000000E-3	-236,79507637E-6	
-340,90000000E-3	-237,73120168E-6	
-342,40000000E-3	-238,66474883E-6	
-344,20000000E-3	-239,56371795E-6	
-345,80000000E-3	-240,44345365E-6	
-346,50000000E-3	-241,31151557E-6	
-346,50000000E-3	-242,25826493E-6	
-346,50000000E-3	-243,18399117E-6	
-351,90000000E-3	-244,09501151E-6	
-353,70000000E-3	-245,02568336E-6	
-355,20000000E-3	-245,95834892E-6	
-355,20000000E-3	-246,88641774E-6	
-357,20000000E-3	-247,74422342E-6	
-360,30000000E-3	-248,60854373E-6	
-360,30000000E-3	-249,49653134E-6	
-361,90000000E-3	-250,45171440E-6	
-363,70000000E-3	-251,44562804E-6	
-365,50000000E-3	-252,40795783E-6	
-367,20000000E-3	-253,32862198E-6	
-369,00000000E-3	-254,24463846E-6	
-370,00000000E-3	-255,18396156E-6	
-370,80000000E-3	-256,10624269E-6	
-372,20000000E-3	-256,99637182E-6	
-373,90000000E-3	-257,90726731E-6	
-375,70000000E-3	-258,87762921E-6	
-377,30000000E-3	-259,85049652E-6	
-379,00000000E-3	-260,83044441E-6	
-379,00000000E-3	-261,79467448E-6	
-382,60000000E-3	-262,76610326E-6	
-383,40000000E-3	-263,75090785E-6	
-384,20000000E-3	-264,73207207E-6	
-385,90000000E-3	-265,65802293E-6	
-387,70000000E-3	-266,56466282E-6	
-389,50000000E-3	-267,48663307E-6	
-391,10000000E-3	-268,54041531E-6	
-392,60000000E-3	-269,56210285E-6	
-392,60000000E-3	-270,59189162E-6	
-394,60000000E-3	-271,60778223E-6	
-397,20000000E-3	-272,53820676E-6	
-397,90000000E-3	-273,58014225E-6	
-399,50000000E-3	-274,47248380E-6	
-401,30000000E-3	-275,36516840E-6	
-401,30000000E-3	-276,26712812E-6	
-404,80000000E-3	-277,13067268E-6	
-406,60000000E-3	-278,18300767E-6	
-406,60000000E-3	-279,11902655E-6	
-408,40000000E-3	-280,04309775E-6	
-410,90000000E-3	-280,94721342E-6	
-411,50000000E-3	-281,84557842E-6	
-413,10000000E-3	-282,74722305E-6	
-414,90000000E-3	-283,63294043E-6	
-414,90000000E-3	-284,56033958E-6	
-416,60000000E-3	-285,54574544E-6	
-420,00000000E-3	-286,37005349E-6	
-420,00000000E-3	-287,47314931E-6	
-422,00000000E-3	-288,42628930E-6	
-423,50000000E-3	-289,38347502E-6	
-425,30000000E-3	-290,33794490E-6	
-426,90000000E-3	-291,27829350E-6	
-428,70000000E-3	-292,18850678E-6	
-428,70000000E-3	-293,09873540E-6	
-430,20000000E-3	-294,07926821E-6	
-433,60000000E-3	-295,03894513E-6	
-433,60000000E-3	-295,98759770E-6	
-435,60000000E-3	-296,92648796E-6	
-437,30000000E-3	-297,87491674E-6	
-437,30000000E-3	-298,83817739E-6	
-440,70000000E-3	-299,76445199E-6	
-442,50000000E-3	-300,68186702E-6	
-442,50000000E-3	-301,61550554E-6	
-444,20000000E-3	-302,58794985E-6	
-446,00000000E-3	-303,59477166E-6	
-447,20000000E-3	-304,56492540E-6	
-449,20000000E-3	-305,51083347E-6	
-450,70000000E-3	-306,43942349E-6	
-451,50000000E-3	-307,39944001E-6	
-452,50000000E-3	-308,36657141E-6	
-456,10000000E-3	-309,28205324E-6	
-456,10000000E-3	-310,21888588E-6	
-457,80000000E-3	-311,19198876E-6	
-459,40000000E-3	-312,20092564E-6	
-461,00000000E-3	-313,17707855E-6	
-463,20000000E-3	-314,12819155E-6	
-464,90000000E-3	-315,04279902E-6	
-464,90000000E-3	-315,93062126E-6	
-466,10000000E-3	-316,84622061E-6	
-469,70000000E-3	-317,72284871E-6	
-469,70000000E-3	-318,62319261E-6	
-471,40000000E-3	-319,60100407E-6	
-473,20000000E-3	-320,63993890E-6	
-474,00000000E-3	-321,66295670E-6	
-475,00000000E-3	-322,64362359E-6	
-478,30000000E-3	-323,59397690E-6	
-478,90000000E-3	-324,53174927E-6	
-479,90000000E-3	-325,45826372E-6	
-481,70000000E-3	-326,35482571E-6	
-483,50000000E-3	-327,25943920E-6	
-485,10000000E-3	-328,18634863E-6	
-486,60000000E-3	-329,23318360E-6	
-488,40000000E-3	-330,29146162E-6	
-488,40000000E-3	-331,09933017E-6	
-492,00000000E-3	-332,36431050E-6	
-493,00000000E-3	-333,38506788E-6	
-493,80000000E-3	-334,40626268E-6	
-495,50000000E-3	-335,31173878E-6	
-497,30000000E-3	-336,19401175E-6	
-498,70000000E-3	-337,08982272E-6	
-500,50000000E-3	-338,04930981E-6	
-502,10000000E-3	-339,06587524E-6	
-502,10000000E-3	-340,11853702E-6	
-504,00000000E-3	-341,00171132E-6	
-505,60000000E-3	-342,22955868E-6	
-507,40000000E-3	-343,27344724E-6	
-509,20000000E-3	-344,26927499E-6	
-510,90000000E-3	-345,19456389E-6	
-510,90000000E-3	-346,09631435E-6	
-514,10000000E-3	-347,00727460E-6	
-515,90000000E-3	-347,88436145E-6	
-515,90000000E-3	-348,77782557E-6	
-517,60000000E-3	-349,68201185E-6	
-519,40000000E-3	-350,63286494E-6	
-521,00000000E-3	-351,61801366E-6	
-522,80000000E-3	-352,63031564E-6	
-524,60000000E-3	-353,60377078E-6	
-524,60000000E-3	-354,55687151E-6	
-526,10000000E-3	-355,56623433E-6	
-529,70000000E-3	-356,58210929E-6	
-529,70000000E-3	-357,55679337E-6	
-531,20000000E-3	-358,52283188E-6	
-533,00000000E-3	-359,47190215E-6	
-534,80000000E-3	-360,41191335E-6	
-536,60000000E-3	-361,31625019E-6	
-538,00000000E-3	-362,18612557E-6	
-538,00000000E-3	-363,08261616E-6	
-539,70000000E-3	-364,03003174E-6	
-543,30000000E-3	-365,07667431E-6	
-543,30000000E-3	-366,14504001E-6	
-545,10000000E-3	-367,20786434E-6	
-546,80000000E-3	-368,24170650E-6	
-547,80000000E-3	-369,27684598E-6	
-550,20000000E-3	-370,29930847E-6	
-552,00000000E-3	-371,20957056E-6	
-552,00000000E-3	-372,09464944E-6	
-553,50000000E-3	-372,96708008E-6	
-555,30000000E-3	-373,83230398E-6	
-556,90000000E-3	-374,70252194E-6	
-558,70000000E-3	-375,60506092E-6	
-560,50000000E-3	-376,56179059E-6	
-561,30000000E-3	-377,57143041E-6	
-562,30000000E-3	-378,61327155E-6	
-565,40000000E-3	-379,62768773E-6	
-565,40000000E-3	-380,62195755E-6	
-567,20000000E-3	-381,61835092E-6	
-569,00000000E-3	-382,67262926E-6	
-570,70000000E-3	-383,70019808E-6	
-572,50000000E-3	-384,71066573E-6	
-574,30000000E-3	-385,68805289E-6	
-574,30000000E-3	-386,62117241E-6	
-575,90000000E-3	-387,50539035E-6	
-579,50000000E-3	-388,33441143E-6	
-579,50000000E-3	-389,15264490E-6	
-581,20000000E-3	-389,96744345E-6	
-583,00000000E-3	-390,81106206E-6	
-583,00000000E-3	-391,84976124E-6	
-586,40000000E-3	-392,86359016E-6	
-588,00000000E-3	-393,91260386E-6	
-588,00000000E-3	-394,98869006E-6	
-589,70000000E-3	-396,02294738E-6	
-591,50000000E-3	-397,10070785E-6	
-593,30000000E-3	-398,08225437E-6	
-594,90000000E-3	-399,06553876E-6	
-596,90000000E-3	-400,07457523E-6	
-597,90000000E-3	-400,96885353E-6	
-598,50000000E-3	-402,07299103E-6	
-601,60000000E-3	-403,01119088E-6	
-601,60000000E-3	-403,91560258E-6	
-603,40000000E-3	-404,78180538E-6	
-605,20000000E-3	-405,63957526E-6	
-607,00000000E-3	-406,46513320E-6	
-608,70000000E-3	-407,34827103E-6	
-610,50000000E-3	-408,33598257E-6	
-610,50000000E-3	-409,36252473E-6	
-612,30000000E-3	-410,40090469E-6	
-613,90000000E-3	-411,44247604E-6	
-615,50000000E-3	-412,50594098E-6	
-617,00000000E-3	-413,56902731E-6	
-619,00000000E-3	-414,60497494E-6	
-620,60000000E-3	-415,58247288E-6	
-620,60000000E-3	-416,55272457E-6	
-624,10000000E-3	-417,52196586E-6	
-624,10000000E-3	-418,53754531E-6	
-625,90000000E-3	-419,50738214E-6	
-627,50000000E-3	-420,42802589E-6	
-629,30000000E-3	-421,30977765E-6	
-630,90000000E-3	-422,17209683E-6	
-632,80000000E-3	-423,01904868E-6	
-634,40000000E-3	-423,83569021E-6	
-634,40000000E-3	-424,71476366E-6	
-637,80000000E-3	-425,65132284E-6	
-638,60000000E-3	-426,67783036E-6	
-639,40000000E-3	-427,75143319E-6	
-641,10000000E-3	-428,84346798E-6	
-642,90000000E-3	-429,94725382E-6	
-642,90000000E-3	-431,02764997E-6	
-646,50000000E-3	-432,11004134E-6	
-647,80000000E-3	-433,12915972E-6	
-647,80000000E-3	-434,10071375E-6	
-650,00000000E-3	-435,06766885E-6	
-651,80000000E-3	-436,07624234E-6	
-653,40000000E-3	-437,06520976E-6	
-654,80000000E-3	-438,01958045E-6	
-656,50000000E-3	-438,93821940E-6	
-656,50000000E-3	-439,81461310E-6	
-658,30000000E-3	-440,65125764E-6	
-661,90000000E-3	-441,46933399E-6	
-661,90000000E-3	-442,24627818E-6	
-663,70000000E-3	-443,04425085E-6	
-665,40000000E-3	-443,96162122E-6	
-666,80000000E-3	-444,97565538E-6	
-668,60000000E-3	-446,03087795E-6	
-670,20000000E-3	-447,12276101E-6	
-670,20000000E-3	-448,23345558E-6	
-671,90000000E-3	-449,35092226E-6	
-675,30000000E-3	-450,42413752E-6	
-675,30000000E-3	-451,44127031E-6	
-677,30000000E-3	-452,43796388E-6	
-678,90000000E-3	-453,44898153E-6	
-679,70000000E-3	-454,52085705E-6	
-682,40000000E-3	-455,58016624E-6	
-684,20000000E-3	-456,41562238E-6	
-684,20000000E-3	-457,63847333E-6	
-686,00000000E-3	-458,65229339E-6	
-687,10000000E-3	-459,61439693E-6	
-688,90000000E-3	-460,44615005E-6	
-690,90000000E-3	-461,23182531E-6	
-692,70000000E-3	-462,00843820E-6	
-692,70000000E-3	-462,80311488E-6	
-694,30000000E-3	-463,64446471E-6	
-697,80000000E-3	-464,54598518E-6	
-697,80000000E-3	-465,36071241E-6	
-699,60000000E-3	-466,50885850E-6	
-701,40000000E-3	-467,59044125E-6	
-702,80000000E-3	-468,64370861E-6	
-704,90000000E-3	-469,68721517E-6	
-706,10000000E-3	-470,75421922E-6	
-706,90000000E-3	-471,85989233E-6	
-707,90000000E-3	-472,92213757E-6	
-711,40000000E-3	-473,97513892E-6	
-711,40000000E-3	-475,00539247E-6	
-713,20000000E-3	-476,03015594E-6	
-714,80000000E-3	-477,03826214E-6	
-716,60000000E-3	-478,02568872E-6	
-718,50000000E-3	-478,99758127E-6	
-720,30000000E-3	-479,94293845E-6	
-720,30000000E-3	-480,95821689E-6	
-721,70000000E-3	-481,94639915E-6	
-723,50000000E-3	-482,87365634E-6	
-725,10000000E-3	-483,73793629E-6	
-726,90000000E-3	-484,55172086E-6	
-728,60000000E-3	-485,34741034E-6	
-729,40000000E-3	-486,08764787E-6	
-730,40000000E-3	-486,82855149E-6	
-733,70000000E-3	-487,60854985E-6	
-733,70000000E-3	-488,48335350E-6	
-735,50000000E-3	-489,47639718E-6	
-737,30000000E-3	-490,55299165E-6	
-738,90000000E-3	-491,68797197E-6	
-740,70000000E-3	-492,85123172E-6	
-742,10000000E-3	-494,01952282E-6	
-743,80000000E-3	-495,13067901E-6	
-743,80000000E-3	-496,14395711E-6	
-745,60000000E-3	-497,14871860E-6	
-748,40000000E-3	-498,19687147E-6	
-749,20000000E-3	-499,24106000E-6	
-751,00000000E-3	-500,30093579E-6	
-752,70000000E-3	-501,36848282E-6	
-752,70000000E-3	-502,43477311E-6	
-755,90000000E-3	-503,50189261E-6	
-757,70000000E-3	-504,54139945E-6	
-757,70000000E-3	-505,51240340E-6	
-759,70000000E-3	-506,46101445E-6	
-761,00000000E-3	-507,42173733E-6	
-762,80000000E-3	-508,36817137E-6	
-764,60000000E-3	-509,24155623E-6	
-766,40000000E-3	-510,06625554E-6	
-766,40000000E-3	-510,86503235E-6	
-768,10000000E-3	-511,57693562E-6	
-771,30000000E-3	-512,38147623E-6	
-771,30000000E-3	-513,10257311E-6	
-773,10000000E-3	-513,87518052E-6	
-774,90000000E-3	-514,72090239E-6	
-775,80000000E-3	-515,62858967E-6	
-778,40000000E-3	-516,82977234E-6	
-780,00000000E-3	-517,96895906E-6	
-780,00000000E-3	-519,13723399E-6	
-781,60000000E-3	-520,30489062E-6	
-785,10000000E-3	-521,44188364E-6	
-785,10000000E-3	-522,53238585E-6	
-786,90000000E-3	-523,57684697E-6	
-788,70000000E-3	-524,61863887E-6	
-789,30000000E-3	-525,68387499E-6	
-792,00000000E-3	-526,58418321E-6	
-793,60000000E-3	-527,79047891E-6	
-793,60000000E-3	-528,81281564E-6	
-795,40000000E-3	-529,86113512E-6	
-797,00000000E-3	-530,92109370E-6	
-798,70000000E-3	-531,93313334E-6	
-800,50000000E-3	-532,89464397E-6	
-802,30000000E-3	-533,86739587E-6	
-802,30000000E-3	-534,91356041E-6	
-804,10000000E-3	-535,91828751E-6	
-807,60000000E-3	-536,88848055E-6	
-807,60000000E-3	-537,81219146E-6	
-809,00000000E-3	-538,67597414E-6	
-810,80000000E-3	-539,48447842E-6	
-812,60000000E-3	-540,21141860E-6	
-814,30000000E-3	-540,87576155E-6	
-815,90000000E-3	-541,51567476E-6	
-816,70000000E-3	-542,20458302E-6	
-817,70000000E-3	-542,98521614E-6	
-821,00000000E-3	-543,81883527E-6	
-821,00000000E-3	-544,76052510E-6	
-822,60000000E-3	-545,79515052E-6	
-824,40000000E-3	-546,90033167E-6	
-826,20000000E-3	-548,04578805E-6	
-826,20000000E-3	-549,20252658E-6	
-829,70000000E-3	-550,37294426E-6	
-829,70000000E-3	-551,56097096E-6	
-831,50000000E-3	-552,77538587E-6	
-833,30000000E-3	-553,94456037E-6	
-834,90000000E-3	-555,05579538E-6	
-836,80000000E-3	-556,14359369E-6	
-838,40000000E-3	-557,18673214E-6	
-838,40000000E-3	-558,20274867E-6	
-840,20000000E-3	-559,15917456E-6	
-843,40000000E-3	-560,14117236E-6	
-843,40000000E-3	-561,17202865E-6	
-845,10000000E-3	-562,23375988E-6	
-846,90000000E-3	-563,30826027E-6	
-848,70000000E-3	-564,39365018E-6	
-850,40000000E-3	-565,46324515E-6	
-852,20000000E-3	-566,54431977E-6	
-853,20000000E-3	-567,60760670E-6	
-853,80000000E-3	-568,56606868E-6	
-855,40000000E-3	-569,44985049E-6	
-857,00000000E-3	-570,30318592E-6	
-858,80000000E-3	-571,17382014E-6	
-860,50000000E-3	-571,94307105E-6	
-861,50000000E-3	-572,51001370E-6	
-862,30000000E-3	-573,36515392E-6	
-865,90000000E-3	-574,01591346E-6	
-865,90000000E-3	-574,64856455E-6	
-867,60000000E-3	-575,28596733E-6	
-869,40000000E-3	-575,95948247E-6	
-870,80000000E-3	-576,70107812E-6	
-872,80000000E-3	-577,62105324E-6	
-874,30000000E-3	-578,68414372E-6	
-875,90000000E-3	-579,82444984E-6	
-875,90000000E-3	-580,83759822E-6	
-877,70000000E-3	-582,31670974E-6	
-879,50000000E-3	-583,55438465E-6	
-881,20000000E-3	-584,77302030E-6	
-882,80000000E-3	-585,94196758E-6	
-884,60000000E-3	-587,08186299E-6	
-884,60000000E-3	-588,23139074E-6	
-888,10000000E-3	-589,35561863E-6	
-889,70000000E-3	-590,45610236E-6	
-889,70000000E-3	-591,49207576E-6	
-891,70000000E-3	-592,52353531E-6	
-893,90000000E-3	-593,52263206E-6	
-894,60000000E-3	-594,48578328E-6	
-896,40000000E-3	-595,42280322E-6	
-898,20000000E-3	-596,39793945E-6	
-898,20000000E-3	-597,43202228E-6	
-900,00000000E-3	-598,49368697E-6	
-902,60000000E-3	-599,57862840E-6	
-903,50000000E-3	-600,69753485E-6	
-905,30000000E-3	-601,77898170E-6	
-907,10000000E-3	-602,86142331E-6	
-908,90000000E-3	-603,91421315E-6	
-910,00000000E-3	-604,86819607E-6	
-911,80000000E-3	-605,78306003E-6	
-911,80000000E-3	-606,68564862E-6	
-913,60000000E-3	-607,57887682E-6	
-917,10000000E-3	-608,38338811E-6	
-917,10000000E-3	-609,13466373E-6	
-918,90000000E-3	-609,83804548E-6	
-920,70000000E-3	-610,46736379E-6	
-921,50000000E-3	-611,07704204E-6	
-924,00000000E-3	-611,62057389E-6	
-925,60000000E-3	-612,16031140E-6	
-925,60000000E-3	-612,74903146E-6	
-927,40000000E-3	-613,46467999E-6	
-929,00000000E-3	-614,29213061E-6	
-930,80000000E-3	-615,22687399E-6	
-932,50000000E-3	-616,28715697E-6	
-934,30000000E-3	-617,44196645E-6	
-934,30000000E-3	-618,63989390E-6	
-937,90000000E-3	-619,83906425E-6	
-938,90000000E-3	-621,04099452E-6	
-939,60000000E-3	-622,24116891E-6	
-941,40000000E-3	-623,51546877E-6	
-943,20000000E-3	-624,87862414E-6	
-943,20000000E-3	-626,25146802E-6	
-946,30000000E-3	-627,54660535E-6	
-947,90000000E-3	-628,79112122E-6	
-947,90000000E-3	-630,00390059E-6	
-949,70000000E-3	-631,09330656E-6	
-953,10000000E-3	-632,12343246E-6	
-953,10000000E-3	-633,12577127E-6	
-955,00000000E-3	-634,09332718E-6	
-956,60000000E-3	-635,18117502E-6	
-957,40000000E-3	-636,21798943E-6	
-958,40000000E-3	-637,26320290E-6	
-961,70000000E-3	-638,31258545E-6	
-961,70000000E-3	-639,33110372E-6	
-963,50000000E-3	-640,43275451E-6	
-965,30000000E-3	-641,42860051E-6	
-966,90000000E-3	-642,45504212E-6	
-968,60000000E-3	-643,53696439E-6	
-970,40000000E-3	-644,49456139E-6	
-970,40000000E-3	-645,69608764E-6	
-972,00000000E-3	-646,73884941E-6	
-975,50000000E-3	-647,75062534E-6	
-975,50000000E-3	-648,69815777E-6	
-977,30000000E-3	-649,60306672E-6	
-979,10000000E-3	-650,40034233E-6	
-980,50000000E-3	-651,13693369E-6	
-982,40000000E-3	-651,94622140E-6	
-983,80000000E-3	-652,86217422E-6	
-983,80000000E-3	-653,72216983E-6	
-985,60000000E-3	-654,48769422E-6	
-987,40000000E-3	-655,17185365E-6	
-989,10000000E-3	-655,76504755E-6	
-990,90000000E-3	-656,29453222E-6	
-992,50000000E-3	-656,80403056E-6	
-994,10000000E-3	-657,36422588E-6	
-996,10000000E-3	-658,00163288E-6	
-997,70000000E-3	-658,81053863E-6	
-998,60000000E-3	-659,74962837E-6	
-999,50000000E-3	-660,80504735E-6	
-1,00120000E+0	-661,94748090E-6	
-1,00280000E+0	-663,17466183E-6	
-1,00460000E+0	-664,45515640E-6	
-1,00640000E+0	-665,65709413E-6	
-1,00720000E+0	-666,85698986E-6	
-1,00820000E+0	-668,05337523E-6	
-1,01150000E+0	-669,29003885E-6	
-1,01150000E+0	-670,51883771E-6	
-1,01310000E+0	-671,70744064E-6	
-1,01490000E+0	-672,88635377E-6	
-1,01670000E+0	-674,01975298E-6	
-1,01670000E+0	-675,13734761E-6	
-1,01980000E+0	-676,16225884E-6	
-1,02160000E+0	-677,12530227E-6	
-1,02160000E+0	-678,10025507E-6	
-1,02340000E+0	-679,15862639E-6	
-1,02610000E+0	-680,21114629E-6	
-1,02690000E+0	-681,26919224E-6	
-1,02870000E+0	-682,34052068E-6	
-1,03050000E+0	-683,41688189E-6	
-1,03050000E+0	-684,51825145E-6	
-1,03390000E+0	-685,61412147E-6	
-1,03470000E+0	-686,66779181E-6	
-1,03540000E+0	-687,70887083E-6	
-1,03720000E+0	-688,81762157E-6	
-1,03880000E+0	-689,92756392E-6	
-1,04060000E+0	-691,03845029E-6	
-1,04240000E+0	-692,16424833E-6	
-1,04390000E+0	-693,28483635E-6	
-1,04390000E+0	-694,36554364E-6	
-1,04590000E+0	-695,36671030E-6	
-1,04810000E+0	-696,28534582E-6	
-1,04900000E+0	-697,15257370E-6	
-1,05080000E+0	-698,01088769E-6	
-1,05260000E+0	-698,88362120E-6	
-1,05440000E+0	-699,66945651E-6	
-1,05620000E+0	-700,24172463E-6	
-1,05780000E+0	-701,01651026E-6	
-1,05780000E+0	-701,60594328E-6	
-1,05930000E+0	-702,14113131E-6	
-1,06290000E+0	-702,61406737E-6	
-1,06290000E+0	-703,07790604E-6	
-1,06450000E+0	-703,54564095E-6	
-1,06620000E+0	-704,02689456E-6	
-1,06700000E+0	-704,56059384E-6	
-1,06800000E+0	-705,14152279E-6	
-1,07140000E+0	-705,69060765E-6	
-1,07140000E+0	-706,54328884E-6	
-1,07340000E+0	-707,38215160E-6	
-1,07470000E+0	-708,27699758E-6	
-1,07650000E+0	-709,27927221E-6	
-1,07830000E+0	-710,40473632E-6	
-1,07980000E+0	-711,65588285E-6	
-1,07980000E+0	-712,95717121E-6	
-1,08180000E+0	-714,33072274E-6	
-1,08520000E+0	-715,67950253E-6	
-1,08520000E+0	-717,01437565E-6	
-1,08700000E+0	-718,33121883E-6	
-1,08870000E+0	-719,55963879E-6	
-1,08870000E+0	-720,71835753E-6	
-1,09230000E+0	-721,85857502E-6	
-1,09370000E+0	-723,06287104E-6	
-1,09370000E+0	-724,21626496E-6	
-1,09560000E+0	-725,35592622E-6	
-1,09720000E+0	-726,50106516E-6	
-1,09880000E+0	-727,57565870E-6	
-1,10080000E+0	-728,62864867E-6	
-1,10230000E+0	-729,64189772E-6	
-1,10340000E+0	-730,63537648E-6	
-1,10410000E+0	-731,62415368E-6	
-1,10750000E+0	-732,69195023E-6	
-1,10750000E+0	-733,79291625E-6	
-1,10920000E+0	-734,85367734E-6	
-1,11100000E+0	-735,93766893E-6	
-1,11200000E+0	-737,04684409E-6	
-1,11460000E+0	-738,15205737E-6	
-1,11610000E+0	-739,24379859E-6	
-1,11610000E+0	-740,29580552E-6	
-1,11770000E+0	-741,35834393E-6	
-1,12110000E+0	-742,46995151E-6	
-1,12110000E+0	-743,63234301E-6	
-1,12280000E+0	-744,79958956E-6	
-1,12460000E+0	-745,93421099E-6	
-1,12640000E+0	-747,06215596E-6	
-1,12810000E+0	-748,19265158E-6	
-1,12990000E+0	-749,25088282E-6	
-1,13090000E+0	-750,23827625E-6	
-1,13170000E+0	-751,21912629E-6	
-1,13310000E+0	-752,18520525E-6	
-1,13460000E+0	-753,12820643E-6	
-1,13660000E+0	-754,03446018E-6	
-1,13840000E+0	-754,89596232E-6	
-1,13920000E+0	-755,67857434E-6	
-1,14000000E+0	-756,36274244E-6	
-1,14350000E+0	-757,10627318E-6	
-1,14350000E+0	-757,66869367E-6	
-1,14530000E+0	-758,19343712E-6	
-1,14710000E+0	-758,70315949E-6	
-1,14780000E+0	-759,16618398E-6	
-1,15060000E+0	-759,69057479E-6	
-1,15220000E+0	-760,15678102E-6	
-1,15340000E+0	-760,61554602E-6	
-1,15400000E+0	-761,09104680E-6	
-1,15530000E+0	-761,59604211E-6	
-1,15710000E+0	-762,12470211E-6	
-1,15890000E+0	-762,66648501E-6	
-1,16070000E+0	-763,28770567E-6	
-1,16240000E+0	-764,04196289E-6	
-1,16240000E+0	-764,75827902E-6	
-1,16600000E+0	-765,87984641E-6	
-1,16680000E+0	-766,98561945E-6	
-1,16760000E+0	-768,20003558E-6	
-1,16920000E+0	-769,46857369E-6	
-1,17070000E+0	-770,73913971E-6	
-1,17250000E+0	-771,98300624E-6	
-1,17430000E+0	-773,23933807E-6	
-1,17510000E+0	-774,60562779E-6	
-1,17610000E+0	-775,95090749E-6	
-1,17780000E+0	-777,27756497E-6	
-1,18060000E+0	-778,56745365E-6	
-1,18140000E+0	-779,82267715E-6	
-1,18300000E+0	-781,02611673E-6	
-1,18450000E+0	-782,15157639E-6	
-1,18450000E+0	-783,20214591E-6	
-1,18810000E+0	-784,21669937E-6	
-1,18910000E+0	-785,25518859E-6	
-1,18960000E+0	-786,34103478E-6	
-1,19140000E+0	-787,41365863E-6	
-1,19320000E+0	-788,51180609E-6	
-1,19480000E+0	-789,59345906E-6	
-1,19660000E+0	-790,64431735E-6	
-1,19830000E+0	-791,67020978E-6	
-1,19830000E+0	-792,64994079E-6	
-1,20190000E+0	-793,64266089E-6	
-1,20330000E+0	-794,67625841E-6	
-1,20330000E+0	-795,78343590E-6	
-1,20520000E+0	-796,90291298E-6	
-1,20660000E+0	-798,00293237E-6	
-1,20840000E+0	-799,13581795E-6	
-1,21020000E+0	-800,27344072E-6	
-1,21200000E+0	-801,40738361E-6	
-1,21200000E+0	-802,47999852E-6	
-1,21370000E+0	-803,60627293E-6	
-1,21650000E+0	-804,77880896E-6	
-1,21730000E+0	-806,01526589E-6	
-1,21900000E+0	-807,26907575E-6	
-1,22080000E+0	-808,48799495E-6	
-1,22140000E+0	-809,67051335E-6	
-1,22400000E+0	-810,84828782E-6	
-1,22560000E+0	-812,01371588E-6	
-1,22560000E+0	-813,08384508E-6	
-1,22730000E+0	-814,14050678E-6	
-1,22910000E+0	-815,21040393E-6	
-1,23070000E+0	-816,34883107E-6	
-1,23260000E+0	-817,42251333E-6	
-1,23420000E+0	-818,23241839E-6	
-1,23480000E+0	-819,41303954E-6	
-1,23580000E+0	-820,28211017E-6	
-1,23940000E+0	-821,13125096E-6	
-1,23940000E+0	-821,89020162E-6	
-1,24120000E+0	-822,57961562E-6	
-1,24250000E+0	-823,21574882E-6	
-1,24430000E+0	-823,85823963E-6	
-1,24610000E+0	-824,45588034E-6	
-1,24790000E+0	-824,99836730E-6	
-1,24890000E+0	-825,43328479E-6	
-1,24970000E+0	-825,99739315E-6	
-1,25290000E+0	-826,42370667E-6	
-1,25380000E+0	-826,83702144E-6	
-1,25460000E+0	-827,24199031E-6	
-1,25640000E+0	-827,63582950E-6	
-1,25820000E+0	-828,07698400E-6	
-1,25820000E+0	-828,57228627E-6	
-1,26160000E+0	-829,08874927E-6	
-1,26230000E+0	-829,62057740E-6	
-1,26330000E+0	-830,13520153E-6	
-1,26510000E+0	-830,85295324E-6	
-1,26670000E+0	-831,54519579E-6	
-1,26830000E+0	-832,31326514E-6	
-1,27020000E+0	-833,17394418E-6	
-1,27180000E+0	-834,17578405E-6	
-1,27180000E+0	-835,31310622E-6	
-1,27500000E+0	-836,56152165E-6	
-1,27700000E+0	-837,88194060E-6	
-1,27700000E+0	-839,21639622E-6	
-1,27860000E+0	-840,60838482E-6	
-1,28130000E+0	-841,97924872E-6	
-1,28210000E+0	-843,26403178E-6	
-1,28390000E+0	-844,55773783E-6	
-1,28570000E+0	-845,87659881E-6	
-1,28570000E+0	-847,23278291E-6	
-1,28720000E+0	-848,52942123E-6	
-1,28980000E+0	-849,81226811E-6	
-1,29060000E+0	-851,06681778E-6	
-1,29240000E+0	-852,24603183E-6	
-1,29420000E+0	-853,42890874E-6	
-1,29500000E+0	-854,49879421E-6	
-1,29750000E+0	-855,54234733E-6	
-1,29910000E+0	-856,59452564E-6	
-1,29910000E+0	-857,67447202E-6	
-1,30100000E+0	-858,70724636E-6	
-1,30320000E+0	-859,71880105E-6	
-1,30420000E+0	-860,75060643E-6	
-1,30600000E+0	-861,86796055E-6	
-1,30780000E+0	-862,84398117E-6	
-1,30780000E+0	-863,90268425E-6	
-1,31130000E+0	-864,94505902E-6	
-1,31310000E+0	-865,76068827E-6	
-1,31310000E+0	-867,04388911E-6	
-1,31450000E+0	-868,09631163E-6	
-1,31630000E+0	-869,18508224E-6	
-1,31800000E+0	-870,25444678E-6	
-1,31960000E+0	-871,32852908E-6	
-1,32160000E+0	-872,39667025E-6	
-1,32220000E+0	-873,54510826E-6	
-1,32490000E+0	-874,73750402E-6	
-1,32650000E+0	-875,93331865E-6	
-1,32650000E+0	-877,16804499E-6	
-1,32850000E+0	-878,39524476E-6	
-1,33010000E+0	-879,62578618E-6	
-1,33180000E+0	-880,81903023E-6	
-1,33340000E+0	-881,97731209E-6	
-1,33520000E+0	-883,13212904E-6	
-1,33520000E+0	-884,33748905E-6	
-1,33700000E+0	-885,55711765E-6	
-1,34030000E+0	-886,81446593E-6	
-1,34030000E+0	-888,03946412E-6	
-1,34210000E+0	-889,26200864E-6	
-1,34390000E+0	-890,44778899E-6	
-1,34470000E+0	-891,56418170E-6	
-1,34740000E+0	-892,60539856E-6	
-1,34900000E+0	-893,64921671E-6	
-1,34900000E+0	-894,72806487E-6	
-1,35080000E+0	-895,78749033E-6	
-1,35410000E+0	-896,83839724E-6	
-1,35410000E+0	-897,86668941E-6	
-1,35590000E+0	-898,81685039E-6	
-1,35750000E+0	-899,73853050E-6	
-1,35750000E+0	-900,60430460E-6	
-1,35930000E+0	-901,36144952E-6	
-1,36200000E+0	-902,06528135E-6	
-1,36280000E+0	-902,75459956E-6	
-1,36460000E+0	-903,41757148E-6	
-1,36640000E+0	-904,00686055E-6	
-1,36810000E+0	-904,56732478E-6	
-1,36990000E+0	-905,10134673E-6	
-1,37130000E+0	-905,58846400E-6	
-1,37130000E+0	-906,06177929E-6	
-1,37290000E+0	-906,47425695E-6	
-1,37640000E+0	-906,86674994E-6	
-1,37640000E+0	-907,25832194E-6	
-1,37820000E+0	-907,68387299E-6	
-1,37990000E+0	-908,11306033E-6	
-1,37990000E+0	-908,52300366E-6	
-1,38350000E+0	-908,94207321E-6	
-1,38450000E+0	-909,38398886E-6	
-1,38530000E+0	-909,82554649E-6	
-1,38710000E+0	-910,24937864E-6	
-1,38880000E+0	-910,68721748E-6	
-1,39060000E+0	-911,14520954E-6	
-1,39220000E+0	-911,72510449E-6	
-1,39360000E+0	-912,39654735E-6	
-1,39360000E+0	-913,18218189E-6	
-1,39570000E+0	-914,06039558E-6	
-1,39630000E+0	-914,97007638E-6	
-1,39630000E+0	-916,17122231E-6	
-1,39870000E+0	-917,29204406E-6	
-1,40170000E+0	-918,47965136E-6	
-1,40340000E+0	-919,72393642E-6	
-1,40500000E+0	-920,99429601E-6	
-1,40680000E+0	-922,49203798E-6	
-1,40860000E+0	-923,91428530E-6	
-1,40930000E+0	-925,35830203E-6	
-1,41030000E+0	-926,78171479E-6	
-1,41370000E+0	-928,15387403E-6	
-1,41370000E+0	-929,57895776E-6	
-1,41550000E+0	-930,85528252E-6	
-1,41730000E+0	-932,10917884E-6	
-1,41900000E+0	-933,40019021E-6	
-1,42080000E+0	-934,49743733E-6	
-1,42200000E+0	-935,87769163E-6	
-1,42280000E+0	-937,06638709E-6	
-1,42380000E+0	-938,23950306E-6	
-1,42550000E+0	-939,35931364E-6	
-1,42730000E+0	-940,43792478E-6	
-1,42910000E+0	-941,43863028E-6	
-1,43080000E+0	-942,40804620E-6	
-1,43260000E+0	-943,41533126E-6	
-1,43260000E+0	-944,43533152E-6	
-1,43580000E+0	-945,44529660E-6	
-1,43760000E+0	-946,43815286E-6	
-1,43760000E+0	-947,43751542E-6	
-1,43970000E+0	-948,43424812E-6	
-1,44090000E+0	-949,43108675E-6	
-1,44290000E+0	-950,39616961E-6	
-1,44450000E+0	-951,36578334E-6	
-1,44530000E+0	-952,35743155E-6	
-1,44620000E+0	-953,43869569E-6	
-1,44800000E+0	-954,51719269E-6	
-1,44980000E+0	-955,59776631E-6	
-1,45160000E+0	-956,68558779E-6	
-1,45330000E+0	-957,79515669E-6	
-1,45510000E+0	-958,90049287E-6	
-1,45650000E+0	-959,93031286E-6	
-1,45830000E+0	-960,98617927E-6	
-1,45990000E+0	-962,06172012E-6	
-1,45990000E+0	-963,23424866E-6	
-1,46180000E+0	-964,66514389E-6	
-1,46340000E+0	-966,47884303E-6	
-1,46540000E+0	-968,35688744E-6	
-1,46700000E+0	-970,10383222E-6	
-1,46770000E+0	-971,70277290E-6	
-1,46870000E+0	-973,11307895E-6	
-1,47230000E+0	-974,40507245E-6	
-1,47230000E+0	-975,67101986E-6	
-1,47410000E+0	-976,98108190E-6	
-1,47560000E+0	-978,27744063E-6	
-1,47660000E+0	-979,54901715E-6	
-1,47920000E+0	-980,80934996E-6	
-1,48080000E+0	-982,07200717E-6	
-1,48160000E+0	-983,32829938E-6	
-1,48260000E+0	-984,52334272E-6	
-1,48430000E+0	-985,66155354E-6	
-1,48590000E+0	-986,80782389E-6	
-1,48770000E+0	-988,01434686E-6	
-1,48940000E+0	-989,17125947E-6	
-1,49120000E+0	-990,08123985E-6	
-1,49120000E+0	-991,46938499E-6	
-1,49460000E+0	-992,60267279E-6	
-1,49460000E+0	-993,72170487E-6	
-1,49640000E+0	-994,74781017E-6	
-1,49810000E+0	-995,66167936E-6	
-1,49910000E+0	-996,51305138E-6	
-1,50150000E+0	-997,36674893E-6	
-1,50330000E+0	-998,21446136E-6	
-1,50330000E+0	-999,00493585E-6	
-1,50510000E+0	-999,62855686E-6	
-1,50840000E+0	-1,00048524E-3	
-1,50840000E+0	-1,00112328E-3	
-1,51000000E+0	-1,00173501E-3	
-1,51200000E+0	-1,00229825E-3	
-1,51360000E+0	-1,00281249E-3	
-1,51360000E+0	-1,00329808E-3	
-1,51710000E+0	-1,00376886E-3	
-1,51710000E+0	-1,00419245E-3	
-1,51870000E+0	-1,00457486E-3	
-1,52070000E+0	-1,00494977E-3	
-1,52230000E+0	-1,00530670E-3	
-1,52410000E+0	-1,00563465E-3	
-1,52590000E+0	-1,00593584E-3	
-1,52590000E+0	-1,00624323E-3	
-1,52760000E+0	-1,00654784E-3	
-1,53000000E+0	-1,00685587E-3	
-1,53100000E+0	-1,00717454E-3	
-1,53300000E+0	-1,00750459E-3	
-1,53450000E+0	-1,00784009E-3	
-1,53450000E+0	-1,00819429E-3	
-1,53770000E+0	-1,00853498E-3	
-1,53970000E+0	-1,00887335E-3	
-1,53970000E+0	-1,00926071E-3	
-1,54130000E+0	-1,00971379E-3	
-1,54300000E+0	-1,01027973E-3	
-1,54480000E+0	-1,01094360E-3	
-1,54660000E+0	-1,01172149E-3	
-1,54840000E+0	-1,01259958E-3	
-1,54840000E+0	-1,01358111E-3	
-1,54990000E+0	-1,01468181E-3	
-1,55250000E+0	-1,01577999E-3	
-1,55350000E+0	-1,01691887E-3	
-1,55530000E+0	-1,01812417E-3	
-1,55710000E+0	-1,01945437E-3	
-1,55710000E+0	-1,02083814E-3	
-1,56020000E+0	-1,02226156E-3	
-1,56200000E+0	-1,02371639E-3	
-1,56200000E+0	-1,02517862E-3	
-1,56380000E+0	-1,02662808E-3	
-1,56730000E+0	-1,02803040E-3	
-1,56730000E+0	-1,02934032E-3	
-1,56890000E+0	-1,03063103E-3	
-1,57070000E+0	-1,03198133E-3	
-1,57070000E+0	-1,03330924E-3	
-1,57240000E+0	-1,03461394E-3	
-1,57500000E+0	-1,03589225E-3	
-1,57600000E+0	-1,03712393E-3	
-1,57780000E+0	-1,03831605E-3	
-1,57950000E+0	-1,03946533E-3	
-1,58110000E+0	-1,04052526E-3	
-1,58290000E+0	-1,04153056E-3	
-1,58390000E+0	-1,04252237E-3	
-1,58470000E+0	-1,04362235E-3	
-1,58650000E+0	-1,04464088E-3	
-1,58820000E+0	-1,04566696E-3	
-1,58960000E+0	-1,04668606E-3	
-1,59140000E+0	-1,04764075E-3	
-1,59320000E+0	-1,04873524E-3	
-1,59320000E+0	-1,04968712E-3	
-1,59670000E+0	-1,05063850E-3	
-1,59810000E+0	-1,05159347E-3	
-1,59810000E+0	-1,05250395E-3	
-1,60010000E+0	-1,05360708E-3	
-1,60210000E+0	-1,05461406E-3	
-1,60360000E+0	-1,05565867E-3	
-1,60540000E+0	-1,05669212E-3	
-1,60640000E+0	-1,05768054E-3	
-1,60720000E+0	-1,05862660E-3	
-1,60880000E+0	-1,05956713E-3	
-1,61050000E+0	-1,06052191E-3	
-1,61210000E+0	-1,06152442E-3	
-1,61390000E+0	-1,06256884E-3	
-1,61570000E+0	-1,06362328E-3	
-1,61570000E+0	-1,06467474E-3	
-1,61900000E+0	-1,06576889E-3	
-1,62060000E+0	-1,06689075E-3	
-1,62060000E+0	-1,06795843E-3	
-1,62260000E+0	-1,06899955E-3	
-1,62410000E+0	-1,07005507E-3	
-1,62630000E+0	-1,07120130E-3	
-1,62810000E+0	-1,07234856E-3	
-1,62810000E+0	-1,07356179E-3	
-1,62970000E+0	-1,07478438E-3	
-1,63220000E+0	-1,07600751E-3	
-1,63320000E+0	-1,07726395E-3	
-1,63500000E+0	-1,07847572E-3	
-1,63660000E+0	-1,07965466E-3	
-1,63660000E+0	-1,08083796E-3	
-1,64010000E+0	-1,08210053E-3	
-1,64190000E+0	-1,08335998E-3	
-1,64190000E+0	-1,08460929E-3	
-1,64350000E+0	-1,08589832E-3	
-1,64480000E+0	-1,08720399E-3	
-1,64660000E+0	-1,08849900E-3	
-1,64860000E+0	-1,08979377E-3	
-1,65040000E+0	-1,09104905E-3	
-1,65040000E+0	-1,09229591E-3	
-1,65210000E+0	-1,09358169E-3	
-1,65470000E+0	-1,09492313E-3	
-1,65570000E+0	-1,09622476E-3	
-1,65750000E+0	-1,09748659E-3	
-1,65900000E+0	-1,09877980E-3	
-1,65900000E+0	-1,10005914E-3	
-1,66240000E+0	-1,10130658E-3	
-1,66420000E+0	-1,10247560E-3	
-1,66420000E+0	-1,10364701E-3	
-1,66580000E+0	-1,10482448E-3	
-1,66730000E+0	-1,10600147E-3	
-1,66910000E+0	-1,10717046E-3	
-1,67110000E+0	-1,10830967E-3	
-1,67290000E+0	-1,10943160E-3	
-1,67290000E+0	-1,11055965E-3	
-1,67460000E+0	-1,11164822E-3	
-1,67720000E+0	-1,11263071E-3	
-1,67800000E+0	-1,11359786E-3	
-1,67990000E+0	-1,11457516E-3	
-1,68130000E+0	-1,11559499E-3	
-1,68350000E+0	-1,11655179E-3	
-1,68470000E+0	-1,11728259E-3	
-1,68550000E+0	-1,11836465E-3	
-1,68650000E+0	-1,11918460E-3	
-1,68820000E+0	-1,11999603E-3	
-1,69000000E+0	-1,12072492E-3	
-1,69180000E+0	-1,12141270E-3	
-1,69360000E+0	-1,12207048E-3	
-1,69530000E+0	-1,12275188E-3	
-1,69530000E+0	-1,12339526E-3	
-1,69690000E+0	-1,12398075E-3	
-1,70050000E+0	-1,12444490E-3	
-1,70050000E+0	-1,12505536E-3	
-1,70250000E+0	-1,12553864E-3	
-1,70360000E+0	-1,12601609E-3	
-1,70360000E+0	-1,12648124E-3	
-1,70720000E+0	-1,12689818E-3	
-1,70800000E+0	-1,12728033E-3	
-1,70900000E+0	-1,12762975E-3	
-1,71070000E+0	-1,12795849E-3	
-1,71250000E+0	-1,12828474E-3	
-1,71430000E+0	-1,12864590E-3	
-1,71610000E+0	-1,12899593E-3	
-1,71780000E+0	-1,12930482E-3	
-1,71780000E+0	-1,12960778E-3	
-1,72100000E+0	-1,12991618E-3	
-1,72260000E+0	-1,13025200E-3	
-1,72260000E+0	-1,13059835E-3	
-1,72450000E+0	-1,13095849E-3	
-1,72610000E+0	-1,13132181E-3	
-1,72810000E+0	-1,13168310E-3	
-1,72970000E+0	-1,13205698E-3	
-1,73050000E+0	-1,13238673E-3	
-1,73150000E+0	-1,13268586E-3	
-1,73500000E+0	-1,13300896E-3	
-1,73500000E+0	-1,13339106E-3	
-1,73680000E+0	-1,13383502E-3	
-1,73830000E+0	-1,13435094E-3	
-1,73930000E+0	-1,13495437E-3	
-1,74010000E+0	-1,13563705E-3	
-1,74350000E+0	-1,13638320E-3	
-1,74430000E+0	-1,13721809E-3	
-1,74540000E+0	-1,13807292E-3	
-1,74700000E+0	-1,13900619E-3	
-1,74860000E+0	-1,14005319E-3	
-1,75040000E+0	-1,14122237E-3	
-1,75220000E+0	-1,14246178E-3	
-1,75390000E+0	-1,14374879E-3	
-1,75390000E+0	-1,14512393E-3	
-1,75730000E+0	-1,14654793E-3	
-1,75730000E+0	-1,14800013E-3	
-1,75910000E+0	-1,14938021E-3	
-1,76090000E+0	-1,15070373E-3	
-1,76190000E+0	-1,15203731E-3	
-1,76440000E+0	-1,15346516E-3	
-1,76600000E+0	-1,15490509E-3	
-1,76680000E+0	-1,15632860E-3	
-1,76780000E+0	-1,15770276E-3	
-1,76960000E+0	-1,15892235E-3	
-1,77110000E+0	-1,16037673E-3	
-1,77270000E+0	-1,16161712E-3	
-1,77470000E+0	-1,16280845E-3	
-1,77630000E+0	-1,16398368E-3	
-1,77630000E+0	-1,16514013E-3	
-1,77980000E+0	-1,16647560E-3	
-1,77980000E+0	-1,16770482E-3	
-1,78160000E+0	-1,16893064E-3	
-1,78340000E+0	-1,17013010E-3	
-1,78500000E+0	-1,17124610E-3	
-1,78680000E+0	-1,17237533E-3	
-1,78850000E+0	-1,17339334E-3	
-1,78850000E+0	-1,17441657E-3	
-1,79030000E+0	-1,17547544E-3	
-1,79270000E+0	-1,17642302E-3	
-1,79370000E+0	-1,17765239E-3	
-1,79560000E+0	-1,17872955E-3	
-1,79720000E+0	-1,17981483E-3	
-1,79720000E+0	-1,18089111E-3	
-1,80060000E+0	-1,18190384E-3	
-1,80230000E+0	-1,18283669E-3	
-1,80230000E+0	-1,18378438E-3	
-1,80390000E+0	-1,18479693E-3	
-1,80570000E+0	-1,18582776E-3	
-1,80750000E+0	-1,18687315E-3	
-1,80910000E+0	-1,18790583E-3	
-1,81060000E+0	-1,18892129E-3	
-1,81160000E+0	-1,18997066E-3	
-1,81240000E+0	-1,19101636E-3	
-1,81420000E+0	-1,19199209E-3	
-1,81600000E+0	-1,19297562E-3	
-1,81770000E+0	-1,19399451E-3	
-1,81950000E+0	-1,19506623E-3	
-1,82030000E+0	-1,19610476E-3	
-1,82130000E+0	-1,19718082E-3	
-1,82460000E+0	-1,19825470E-3	
-1,82560000E+0	-1,19935113E-3	
-1,82640000E+0	-1,20050177E-3	
-1,82800000E+0	-1,20157342E-3	
-1,82960000E+0	-1,20262858E-3	
-1,83160000E+0	-1,20369968E-3	
-1,83330000E+0	-1,20486457E-3	
-1,83330000E+0	-1,20603160E-3	
-1,83490000E+0	-1,20720812E-3	
-1,83850000E+0	-1,20844008E-3	
-1,83850000E+0	-1,20968904E-3	
-1,84020000E+0	-1,21092162E-3	
-1,84180000E+0	-1,21210625E-3	
-1,84340000E+0	-1,21325447E-3	
-1,84540000E+0	-1,21441440E-3	
-1,84710000E+0	-1,21566610E-3	
-1,84710000E+0	-1,21697318E-3	
-1,84890000E+0	-1,21826368E-3	
-1,85050000E+0	-1,21955573E-3	
-1,85230000E+0	-1,22090028E-3	
-1,85410000E+0	-1,22223292E-3	
-1,85580000E+0	-1,22354363E-3	
-1,85580000E+0	-1,22482499E-3	
-1,85740000E+0	-1,22610632E-3	
-1,86080000E+0	-1,22745376E-3	
-1,86080000E+0	-1,22881996E-3	
-1,86270000E+0	-1,22992462E-3	
-1,86430000E+0	-1,23158522E-3	
-1,86570000E+0	-1,23296615E-3	
-1,86750000E+0	-1,23437525E-3	
-1,86920000E+0	-1,23570749E-3	
-1,87000000E+0	-1,23698361E-3	
-1,87100000E+0	-1,23827779E-3	
-1,87460000E+0	-1,23962721E-3	
-1,87460000E+0	-1,24101988E-3	
-1,87640000E+0	-1,24240533E-3	
-1,87810000E+0	-1,24351393E-3	
-1,87910000E+0	-1,24512797E-3	
-1,87970000E+0	-1,24645741E-3	
-1,88320000E+0	-1,24778927E-3	
-1,88320000E+0	-1,24901628E-3	
-1,88480000E+0	-1,25023397E-3	
-1,88660000E+0	-1,25148487E-3	
-1,88840000E+0	-1,25276997E-3	
-1,89020000E+0	-1,25406265E-3	
-1,89170000E+0	-1,25532427E-3	
-1,89250000E+0	-1,25658252E-3	
-1,89350000E+0	-1,25777821E-3	
-1,89700000E+0	-1,25898543E-3	
-1,89700000E+0	-1,26011574E-3	
-1,89880000E+0	-1,26120255E-3	
-1,90020000E+0	-1,26231106E-3	
-1,90180000E+0	-1,26346740E-3	
-1,90370000E+0	-1,26457931E-3	
-1,90550000E+0	-1,26566243E-3	
-1,90550000E+0	-1,26672558E-3	
-1,90730000E+0	-1,26777957E-3	
-1,90910000E+0	-1,26876210E-3	
-1,91090000E+0	-1,26968006E-3	
-1,91260000E+0	-1,27057998E-3	
-1,91420000E+0	-1,27145014E-3	
-1,91420000E+0	-1,27236359E-3	
-1,91600000E+0	-1,27325384E-3	
-1,91930000E+0	-1,27411488E-3	
-1,91930000E+0	-1,27495932E-3	
-1,92110000E+0	-1,27578501E-3	
-1,92250000E+0	-1,27660157E-3	
-1,92430000E+0	-1,27731418E-3	
-1,92600000E+0	-1,27796821E-3	
-1,92780000E+0	-1,27858716E-3	
-1,92880000E+0	-1,27923063E-3	
-1,92960000E+0	-1,27988639E-3	
-1,93310000E+0	-1,28052573E-3	
-1,93310000E+0	-1,28112244E-3	
-1,93470000E+0	-1,28167437E-3	
-1,93630000E+0	-1,28221229E-3	
-1,93790000E+0	-1,28270547E-3	
-1,93790000E+0	-1,28315630E-3	
-1,94140000E+0	-1,28360908E-3	
-1,94140000E+0	-1,28405765E-3	
-1,94340000E+0	-1,28446447E-3	
-1,94500000E+0	-1,28487847E-3	
-1,94670000E+0	-1,28528076E-3	
-1,94850000E+0	-1,28566244E-3	
-1,95030000E+0	-1,28605284E-3	
-1,95130000E+0	-1,28645000E-3	
-1,95210000E+0	-1,28681038E-3	
-1,95560000E+0	-1,28713542E-3	
-1,95560000E+0	-1,28744215E-3	
-1,95680000E+0	-1,28774357E-3	
-1,95860000E+0	-1,28802197E-3	
-1,96040000E+0	-1,28834851E-3	
-1,96230000E+0	-1,28871161E-3	
-1,96390000E+0	-1,28905672E-3	
-1,96390000E+0	-1,28949024E-3	
-1,96590000E+0	-1,28988160E-3	
-1,96740000E+0	-1,29024418E-3	
-1,96920000E+0	-1,29057927E-3	
-1,97100000E+0	-1,29091206E-3	
-1,97260000E+0	-1,29130693E-3	
-1,97380000E+0	-1,29164278E-3	
-1,97460000E+0	-1,29198081E-3	
-1,97770000E+0	-1,29228417E-3	
-1,97770000E+0	-1,29253343E-3	
-1,97930000E+0	-1,29277304E-3	
-1,98110000E+0	-1,29300947E-3	
-1,98210000E+0	-1,29324960E-3	
-1,98480000E+0	-1,29354035E-3	
-1,98640000E+0	-1,29391098E-3	
-1,98640000E+0	-1,29432400E-3	
-1,98820000E+0	-1,29481653E-3	
-1,98990000E+0	-1,29540086E-3	
-1,99150000E+0	-1,29603895E-3	
-1,99330000E+0	-1,29672004E-3	
-1,99510000E+0	-1,29746217E-3	
-1,99510000E+0	-1,29827682E-3	
-1,99660000E+0	-1,29921882E-3	
-1,99920000E+0	-1,30021223E-3	
-1,99980000E+0	-1,30129363E-3	
-2,00120000E+0	-1,30241207E-3	
-2,00240000E+0	-1,30355078E-3	
-2,00340000E+0	-1,30473190E-3	
-2,00430000E+0	-1,30582508E-3	
-2,00500000E+0	-1,30684785E-3	
-2,00500000E+0	-1,30783174E-3	
-2,00550000E+0	-1,30881827E-3	
-2,00620000E+0	-1,30973160E-3	
-2,00620000E+0	-1,31053466E-3	
-2,00620000E+0	-1,31123824E-3	
-2,00610000E+0	-1,31179568E-3	
-2,00610000E+0	-1,31225359E-3	
-2,00560000E+0	-1,31262385E-3	
-2,00540000E+0	-1,31287866E-3	
-2,00520000E+0	-1,31302779E-3	
-2,00470000E+0	-1,31309072E-3	
-2,00420000E+0	-1,31306474E-3	
-2,00360000E+0	-1,31291969E-3	
-2,00300000E+0	-1,31269576E-3	
-2,00260000E+0	-1,31241925E-3	
-2,00260000E+0	-1,31209703E-3	
-2,00200000E+0	-1,31174676E-3	
-2,00120000E+0	-1,31141144E-3	
-2,00100000E+0	-1,31104398E-3	
-2,00050000E+0	-1,31063859E-3	
-2,00010000E+0	-1,31021349E-3	
-2,00010000E+0	-1,30977579E-3	
-1,99930000E+0	-1,30931093E-3	
-1,99910000E+0	-1,30885148E-3	
-1,99910000E+0	-1,30842285E-3	
-1,99880000E+0	-1,30802551E-3	
-1,99840000E+0	-1,30767836E-3	
-1,99840000E+0	-1,30737358E-3	
-1,99830000E+0	-1,30710008E-3	
-1,99820000E+0	-1,30683292E-3	
-1,99820000E+0	-1,30662690E-3	
-1,99810000E+0	-1,30648700E-3	
-1,99800000E+0	-1,30628929E-3	
-1,99800000E+0	-1,30618222E-3	
-1,99800000E+0	-1,30611642E-3	
-1,99800000E+0	-1,30606274E-3	
-1,99800000E+0	-1,30601356E-3	
-1,99810000E+0	-1,30599764E-3	
-1,99810000E+0	-1,30599056E-3	
-1,99810000E+0	-1,30595101E-3	
-1,99820000E+0	-1,30592859E-3	
-1,99830000E+0	-1,30592192E-3	
-1,99830000E+0	-1,30588884E-3	
-1,99830000E+0	-1,30585641E-3	
-1,99840000E+0	-1,30585859E-3	
-1,99840000E+0	-1,30588156E-3	
-1,99850000E+0	-1,30593860E-3	
-1,99860000E+0	-1,30601898E-3	
-1,99860000E+0	-1,30609386E-3	
-1,99870000E+0	-1,30613446E-3	
-1,99870000E+0	-1,30617344E-3	
-1,99880000E+0	-1,30623057E-3	
-1,99890000E+0	-1,30629320E-3	
-1,99890000E+0	-1,30636562E-3	
