-0,00000000E+0	-48,87784926E-6	
-0,00000000E+0	-48,87352358E-6	
-0,00000000E+0	-48,85744915E-6	
100,00000000E-6	-48,79287260E-6	
200,00000000E-6	-48,72358331E-6	
600,00000000E-6	-48,65979792E-6	
600,00000000E-6	-48,60962995E-6	
1,00000000E-3	-48,57729947E-6	
2,40000000E-3	-48,54133834E-6	
2,40000000E-3	-48,46419439E-6	
3,40000000E-3	-48,35025098E-6	
4,30000000E-3	-48,29949102E-6	
4,30000000E-3	-48,33632046E-6	
5,30000000E-3	-48,42957130E-6	
7,30000000E-3	-48,46936936E-6	
7,30000000E-3	-48,49564032E-6	
8,50000000E-3	-48,57959768E-6	
9,70000000E-3	-48,67523122E-6	
10,90000000E-3	-48,72830173E-6	
11,70000000E-3	-48,78640917E-6	
13,10000000E-3	-48,87652411E-6	
13,10000000E-3	-48,95119726E-6	
14,30000000E-3	-49,03124639E-6	
16,40000000E-3	-49,13836864E-6	
17,00000000E-3	-49,23685941E-6	
18,40000000E-3	-49,34002741E-6	
19,80000000E-3	-49,44497392E-6	
19,80000000E-3	-49,52135014E-6	
22,70000000E-3	-49,44493503E-6	
23,90000000E-3	-49,31291104E-6	
23,90000000E-3	-49,22577022E-6	
25,40000000E-3	-49,16340450E-6	
26,70000000E-3	-49,13419655E-6	
28,10000000E-3	-49,09110057E-6	
29,80000000E-3	-49,00542658E-6	
31,30000000E-3	-48,90935021E-6	
31,30000000E-3	-48,81510562E-6	
32,90000000E-3	-48,73284643E-6	
36,10000000E-3	-48,65646234E-6	
36,10000000E-3	-48,59126428E-6	
37,50000000E-3	-48,58612975E-6	
38,90000000E-3	-48,68123860E-6	
39,80000000E-3	-48,86693866E-6	
42,20000000E-3	-49,10243524E-6	
43,60000000E-3	-49,37617035E-6	
43,60000000E-3	-49,73174019E-6	
45,00000000E-3	-50,16232515E-6	
46,90000000E-3	-50,63662540E-6	
48,40000000E-3	-51,18972909E-6	
50,00000000E-3	-51,83061763E-6	
51,70000000E-3	-52,48076025E-6	
52,40000000E-3	-53,05227942E-6	
53,30000000E-3	-53,50326943E-6	
56,30000000E-3	-53,93177992E-6	
56,30000000E-3	-54,41844785E-6	
58,10000000E-3	-54,92548713E-6	
59,40000000E-3	-55,36313125E-6	
61,10000000E-3	-55,62470036E-6	
62,80000000E-3	-55,76925600E-6	
64,30000000E-3	-55,80381369E-6	
66,10000000E-3	-55,71441103E-6	
66,10000000E-3	-55,47535229E-6	
69,60000000E-3	-55,13898987E-6	
69,60000000E-3	-54,74757565E-6	
70,90000000E-3	-54,34163326E-6	
73,00000000E-3	-53,83473901E-6	
74,30000000E-3	-53,26198298E-6	
76,10000000E-3	-52,69478403E-6	
77,60000000E-3	-52,22741206E-6	
78,40000000E-3	-51,81440549E-6	
79,60000000E-3	-51,35486402E-6	
81,10000000E-3	-50,79607411E-6	
82,60000000E-3	-50,14009991E-6	
84,60000000E-3	-49,62265921E-6	
86,10000000E-3	-48,99383858E-6	
87,70000000E-3	-48,56643098E-6	
87,70000000E-3	-48,24350929E-6	
91,00000000E-3	-48,07712345E-6	
92,90000000E-3	-47,96296872E-6	
92,90000000E-3	-47,79439231E-6	
94,70000000E-3	-47,57630910E-6	
96,50000000E-3	-47,31644949E-6	
97,80000000E-3	-47,05184390E-6	
99,80000000E-3	-46,85354723E-6	
101,40000000E-3	-46,71699211E-6	
101,40000000E-3	-46,72099595E-6	
103,30000000E-3	-46,72617103E-6	
104,90000000E-3	-46,66728841E-6	
106,80000000E-3	-46,53728925E-6	
108,20000000E-3	-46,34127851E-6	
110,00000000E-3	-46,10182735E-6	
110,00000000E-3	-45,79650394E-6	
113,10000000E-3	-45,44206137E-6	
114,10000000E-3	-45,14181517E-6	
115,30000000E-3	-44,67521084E-6	
116,60000000E-3	-44,25965909E-6	
118,60000000E-3	-43,80831340E-6	
120,20000000E-3	-43,37669888E-6	
121,70000000E-3	-42,95752757E-6	
123,50000000E-3	-42,52233767E-6	
123,50000000E-3	-42,06775614E-6	
127,00000000E-3	-41,59505043E-6	
128,60000000E-3	-41,09999551E-6	
128,60000000E-3	-40,56775635E-6	
130,60000000E-3	-40,07685099E-6	
132,10000000E-3	-39,62077796E-6	
134,10000000E-3	-39,24519364E-6	
135,50000000E-3	-38,89841092E-6	
137,20000000E-3	-38,53606848E-6	
137,20000000E-3	-38,16592567E-6	
139,00000000E-3	-37,84167049E-6	
141,30000000E-3	-37,55679363E-6	
142,30000000E-3	-37,32086496E-6	
143,90000000E-3	-37,13125218E-6	
145,90000000E-3	-36,98520150E-6	
145,90000000E-3	-36,86552096E-6	
149,20000000E-3	-36,71017344E-6	
151,00000000E-3	-36,53001220E-6	
151,00000000E-3	-36,34363815E-6	
152,40000000E-3	-36,16347984E-6	
155,10000000E-3	-35,97986262E-6	
155,90000000E-3	-35,82610944E-6	
157,90000000E-3	-35,70352504E-6	
159,20000000E-3	-35,61197019E-6	
159,20000000E-3	-35,57634482E-6	
161,00000000E-3	-35,53509209E-6	
164,40000000E-3	-35,44454183E-6	
164,40000000E-3	-35,33326600E-6	
166,30000000E-3	-35,23473508E-6	
167,90000000E-3	-35,16076778E-6	
169,70000000E-3	-35,10851609E-6	
171,30000000E-3	-35,07002919E-6	
172,60000000E-3	-35,06806790E-6	
174,60000000E-3	-35,05933295E-6	
174,60000000E-3	-35,02338763E-6	
176,20000000E-3	-34,97545477E-6	
178,20000000E-3	-34,92764267E-6	
179,70000000E-3	-34,88076355E-6	
181,50000000E-3	-34,79771753E-6	
183,30000000E-3	-34,69796016E-6	
184,80000000E-3	-34,65302875E-6	
186,80000000E-3	-34,64344104E-6	
187,60000000E-3	-34,64770714E-6	
188,20000000E-3	-34,65180533E-6	
190,20000000E-3	-34,63803200E-6	
191,50000000E-3	-34,63253768E-6	
193,30000000E-3	-34,64791650E-6	
195,10000000E-3	-34,66606970E-6	
196,70000000E-3	-34,70481337E-6	
196,70000000E-3	-34,75675579E-6	
200,20000000E-3	-34,84326263E-6	
201,00000000E-3	-34,98608710E-6	
202,00000000E-3	-35,09515144E-6	
203,70000000E-3	-35,17351830E-6	
205,30000000E-3	-35,21474299E-6	
207,10000000E-3	-35,23993789E-6	
208,50000000E-3	-35,23314649E-6	
210,40000000E-3	-35,19063946E-6	
210,40000000E-3	-35,13958484E-6	
212,00000000E-3	-35,07327272E-6	
215,60000000E-3	-34,96154160E-6	
215,60000000E-3	-34,85964593E-6	
217,50000000E-3	-34,76064062E-6	
219,10000000E-3	-34,65502453E-6	
219,10000000E-3	-34,58752867E-6	
222,60000000E-3	-34,54219001E-6	
223,80000000E-3	-34,51210672E-6	
223,80000000E-3	-34,51103902E-6	
225,80000000E-3	-34,53307038E-6	
228,10000000E-3	-34,57937195E-6	
229,10000000E-3	-34,61832054E-6	
230,90000000E-3	-34,63907606E-6	
232,70000000E-3	-34,66166341E-6	
232,70000000E-3	-34,70741811E-6	
234,50000000E-3	-34,72410157E-6	
238,00000000E-3	-34,65704042E-6	
238,00000000E-3	-34,53095161E-6	
239,60000000E-3	-34,41396865E-6	
241,20000000E-3	-34,32952348E-6	
242,80000000E-3	-34,29514335E-6	
244,70000000E-3	-34,28577240E-6	
246,30000000E-3	-34,30913309E-6	
246,30000000E-3	-34,32783958E-6	
248,10000000E-3	-34,33729967E-6	
251,40000000E-3	-34,34357364E-6	
251,40000000E-3	-34,32781927E-6	
253,40000000E-3	-34,28721941E-6	
255,20000000E-3	-34,22286616E-6	
255,20000000E-3	-34,14015649E-6	
258,40000000E-3	-34,04310622E-6	
260,50000000E-3	-33,94124752E-6	
260,50000000E-3	-33,86195817E-6	
261,70000000E-3	-33,81674161E-6	
263,70000000E-3	-33,77713546E-6	
265,20000000E-3	-33,74751798E-6	
267,00000000E-3	-33,70286305E-6	
268,80000000E-3	-33,66742291E-6	
268,80000000E-3	-33,65967297E-6	
270,40000000E-3	-33,65294117E-6	
273,90000000E-3	-33,64979768E-6	
273,90000000E-3	-33,63013179E-6	
275,50000000E-3	-33,59249426E-6	
277,30000000E-3	-33,58041628E-6	
278,70000000E-3	-33,58056302E-6	
280,60000000E-3	-33,59687067E-6	
282,20000000E-3	-33,60521213E-6	
284,00000000E-3	-33,60217565E-6	
284,00000000E-3	-33,57742337E-6	
285,70000000E-3	-33,52754936E-6	
287,50000000E-3	-33,47093065E-6	
289,30000000E-3	-33,43865191E-6	
290,90000000E-3	-33,41147155E-6	
292,90000000E-3	-33,38130372E-6	
294,20000000E-3	-33,33730937E-6	
296,00000000E-3	-33,29029334E-6	
297,00000000E-3	-33,28306732E-6	
297,60000000E-3	-33,30752572E-6	
299,60000000E-3	-33,34383177E-6	
301,10000000E-3	-33,37226286E-6	
302,70000000E-3	-33,39902521E-6	
304,70000000E-3	-33,39440305E-6	
306,30000000E-3	-33,36133408E-6	
306,30000000E-3	-33,32125240E-6	
309,60000000E-3	-33,26324570E-6	
310,40000000E-3	-33,20551271E-6	
311,40000000E-3	-33,14983959E-6	
313,20000000E-3	-33,08765564E-6	
314,60000000E-3	-33,02555073E-6	
316,70000000E-3	-32,96752493E-6	
318,10000000E-3	-32,87442986E-6	
319,90000000E-3	-32,75341740E-6	
319,90000000E-3	-32,62630068E-6	
321,60000000E-3	-32,52587741E-6	
325,20000000E-3	-32,46098466E-6	
325,20000000E-3	-32,43611137E-6	
326,80000000E-3	-32,46263616E-6	
328,50000000E-3	-32,49168362E-6	
328,50000000E-3	-32,51536044E-6	
332,10000000E-3	-32,52917607E-6	
333,50000000E-3	-32,49657173E-6	
333,50000000E-3	-32,44752770E-6	
335,40000000E-3	-32,41994484E-6	
338,60000000E-3	-32,39143836E-6	
338,60000000E-3	-32,36228074E-6	
340,60000000E-3	-32,33623030E-6	
342,10000000E-3	-32,29334586E-6	
342,10000000E-3	-32,27040426E-6	
344,10000000E-3	-32,25493510E-6	
347,30000000E-3	-32,23498603E-6	
347,30000000E-3	-32,18612266E-6	
349,00000000E-3	-32,07609657E-6	
350,40000000E-3	-31,92867369E-6	
352,60000000E-3	-31,82971175E-6	
354,30000000E-3	-31,82496129E-6	
355,90000000E-3	-31,83884791E-6	
355,90000000E-3	-31,82411354E-6	
357,50000000E-3	-31,74308244E-6	
360,80000000E-3	-31,62499778E-6	
360,80000000E-3	-31,54071195E-6	
363,00000000E-3	-31,49432919E-6	
364,40000000E-3	-31,47530549E-6	
364,40000000E-3	-31,44401867E-6	
367,90000000E-3	-31,40405101E-6	
369,70000000E-3	-31,39099534E-6	
369,70000000E-3	-31,40493196E-6	
371,50000000E-3	-31,44150645E-6	
372,80000000E-3	-31,45935350E-6	
374,80000000E-3	-31,49228264E-6	
376,40000000E-3	-31,50368529E-6	
378,40000000E-3	-31,48863098E-6	
378,40000000E-3	-31,46609632E-6	
379,70000000E-3	-31,47128125E-6	
383,30000000E-3	-31,49545217E-6	
383,30000000E-3	-31,50631491E-6	
384,80000000E-3	-31,48946077E-6	
386,80000000E-3	-31,46641868E-6	
388,40000000E-3	-31,42330763E-6	
390,40000000E-3	-31,35050665E-6	
391,70000000E-3	-31,32787894E-6	
391,70000000E-3	-31,35287468E-6	
393,70000000E-3	-31,37413116E-6	
395,30000000E-3	-31,38309760E-6	
396,90000000E-3	-31,38469685E-6	
398,60000000E-3	-31,34488375E-6	
400,20000000E-3	-31,28015297E-6	
401,20000000E-3	-31,23916411E-6	
403,80000000E-3	-31,25017643E-6	
405,70000000E-3	-31,27388496E-6	
405,70000000E-3	-31,28807037E-6	
407,30000000E-3	-31,25718075E-6	
409,10000000E-3	-31,17590424E-6	
410,70000000E-3	-31,08372739E-6	
412,10000000E-3	-31,01690951E-6	
414,00000000E-3	-30,98461678E-6	
414,80000000E-3	-30,99652765E-6	
415,60000000E-3	-31,04858949E-6	
419,10000000E-3	-31,12231067E-6	
419,90000000E-3	-31,12522445E-6	
420,90000000E-3	-31,05152366E-6	
422,70000000E-3	-30,94718508E-6	
424,30000000E-3	-30,83024190E-6	
426,20000000E-3	-30,77223362E-6	
427,60000000E-3	-30,80249772E-6	
429,20000000E-3	-30,89472889E-6	
429,20000000E-3	-30,97989609E-6	
430,90000000E-3	-30,98593420E-6	
432,90000000E-3	-30,93939350E-6	
434,50000000E-3	-30,80502397E-6	
436,30000000E-3	-30,62499629E-6	
438,10000000E-3	-30,51555635E-6	
438,10000000E-3	-30,48982311E-6	
441,60000000E-3	-30,53786739E-6	
443,20000000E-3	-30,60248054E-6	
443,20000000E-3	-30,65415265E-6	
445,10000000E-3	-30,68210834E-6	
446,50000000E-3	-30,64841597E-6	
448,10000000E-3	-30,50476910E-6	
449,90000000E-3	-30,31533556E-6	
451,40000000E-3	-30,13640357E-6	
451,40000000E-3	-30,03896805E-6	
453,40000000E-3	-30,01970638E-6	
456,80000000E-3	-30,05049379E-6	
456,80000000E-3	-30,11350834E-6	
458,50000000E-3	-30,19947937E-6	
460,30000000E-3	-30,40120261E-6	
460,30000000E-3	-30,92006537E-6	
463,30000000E-3	-31,17020494E-6	
465,20000000E-3	-31,11425174E-6	
465,20000000E-3	-30,90591059E-6	
466,80000000E-3	-30,71427600E-6	
470,40000000E-3	-30,63559294E-6	
470,40000000E-3	-30,63894503E-6	
472,30000000E-3	-30,68419338E-6	
473,90000000E-3	-30,72457135E-6	
473,90000000E-3	-30,67801640E-6	
477,50000000E-3	-30,51640995E-6	
479,00000000E-3	-30,30991215E-6	
479,00000000E-3	-30,06852584E-6	
481,00000000E-3	-29,81797391E-6	
482,20000000E-3	-29,64852248E-6	
484,00000000E-3	-29,63807097E-6	
485,80000000E-3	-29,72610484E-6	
487,60000000E-3	-29,98354293E-6	
488,50000000E-3	-30,24805342E-6	
489,30000000E-3	-30,49367834E-6	
492,90000000E-3	-30,63274208E-6	
492,90000000E-3	-30,67483754E-6	
494,50000000E-3	-30,57167362E-6	
496,10000000E-3	-30,33000941E-6	
497,80000000E-3	-30,02202517E-6	
500,00000000E-3	-29,77272585E-6	
501,20000000E-3	-29,64207888E-6	
501,20000000E-3	-29,66614413E-6	
503,20000000E-3	-29,85560919E-6	
504,70000000E-3	-30,10942366E-6	
506,30000000E-3	-30,31661448E-6	
508,30000000E-3	-30,45943661E-6	
510,10000000E-3	-30,45845352E-6	
510,10000000E-3	-30,31436136E-6	
511,80000000E-3	-30,08962065E-6	
515,40000000E-3	-29,80232115E-6	
515,40000000E-3	-29,50658430E-6	
516,80000000E-3	-29,27899393E-6	
518,50000000E-3	-29,18360092E-6	
520,10000000E-3	-29,20144473E-6	
522,10000000E-3	-29,34067271E-6	
523,70000000E-3	-29,59104348E-6	
524,40000000E-3	-29,84502510E-6	
525,20000000E-3	-30,06885163E-6	
527,20000000E-3	-30,17534846E-6	
528,80000000E-3	-30,13801591E-6	
530,60000000E-3	-29,98627588E-6	
532,30000000E-3	-29,74838608E-6	
533,70000000E-3	-29,47409933E-6	
533,70000000E-3	-29,18709441E-6	
537,50000000E-3	-28,93719190E-6	
537,50000000E-3	-28,78428596E-6	
539,20000000E-3	-28,78588646E-6	
540,60000000E-3	-28,94320045E-6	
542,60000000E-3	-29,22006170E-6	
544,20000000E-3	-29,54905943E-6	
546,00000000E-3	-29,86645395E-6	
547,70000000E-3	-30,12022384E-6	
547,70000000E-3	-30,26811890E-6	
551,30000000E-3	-30,25254132E-6	
551,90000000E-3	-30,03394037E-6	
552,70000000E-3	-29,63922197E-6	
554,60000000E-3	-29,19594500E-6	
556,00000000E-3	-28,85785682E-6	
558,00000000E-3	-28,52698070E-6	
559,60000000E-3	-28,37406292E-6	
561,20000000E-3	-28,36608561E-6	
561,20000000E-3	-28,47570292E-6	
563,10000000E-3	-28,65995164E-6	
565,70000000E-3	-28,92259441E-6	
566,70000000E-3	-29,20504080E-6	
568,10000000E-3	-29,47480100E-6	
569,90000000E-3	-29,67729141E-6	
569,90000000E-3	-29,72729021E-6	
573,00000000E-3	-29,61928889E-6	
575,20000000E-3	-29,40200461E-6	
575,20000000E-3	-29,11117277E-6	
577,00000000E-3	-28,73268200E-6	
578,60000000E-3	-28,37614239E-6	
580,10000000E-3	-27,95277749E-6	
582,10000000E-3	-27,69333292E-6	
583,70000000E-3	-27,62039868E-6	
583,70000000E-3	-27,73701170E-6	
585,30000000E-3	-28,03378439E-6	
588,70000000E-3	-28,40362005E-6	
588,70000000E-3	-28,80135967E-6	
590,60000000E-3	-29,17518326E-6	
592,00000000E-3	-29,50968728E-6	
594,20000000E-3	-29,73472717E-6	
595,60000000E-3	-29,82953781E-6	
597,40000000E-3	-29,82416516E-6	
597,40000000E-3	-29,63330741E-6	
599,20000000E-3	-29,29927014E-6	
602,50000000E-3	-28,90789286E-6	
602,50000000E-3	-28,48926407E-6	
604,30000000E-3	-28,10530307E-6	
606,10000000E-3	-27,82025515E-6	
606,10000000E-3	-27,68503691E-6	
609,60000000E-3	-27,70378126E-6	
611,20000000E-3	-27,89796683E-6	
611,20000000E-3	-28,19894090E-6	
613,20000000E-3	-28,58000309E-6	
614,60000000E-3	-28,99276870E-6	
616,60000000E-3	-29,39582676E-6	
618,10000000E-3	-29,73700601E-6	
619,70000000E-3	-30,01001586E-6	
619,70000000E-3	-30,16705312E-6	
621,50000000E-3	-30,18274006E-6	
625,00000000E-3	-30,08434379E-6	
625,00000000E-3	-29,84366621E-6	
626,60000000E-3	-29,47348560E-6	
628,60000000E-3	-29,03460533E-6	
629,40000000E-3	-28,59821286E-6	
632,00000000E-3	-28,20385451E-6	
633,50000000E-3	-27,86786161E-6	
633,50000000E-3	-27,68846472E-6	
635,10000000E-3	-27,69531973E-6	
637,10000000E-3	-27,87328741E-6	
638,50000000E-3	-28,20802815E-6	
640,40000000E-3	-28,66028346E-6	
642,00000000E-3	-29,18370908E-6	
642,00000000E-3	-29,64841647E-6	
645,60000000E-3	-30,03603536E-6	
647,40000000E-3	-30,36380083E-6	
647,40000000E-3	-30,60312419E-6	
649,10000000E-3	-30,71688300E-6	
650,50000000E-3	-30,74052592E-6	
652,50000000E-3	-30,59855394E-6	
653,90000000E-3	-30,27419794E-6	
656,00000000E-3	-29,80983075E-6	
656,60000000E-3	-29,30861639E-6	
657,40000000E-3	-28,79682071E-6	
661,00000000E-3	-28,28907801E-6	
661,00000000E-3	-27,85830412E-6	
662,60000000E-3	-27,63017292E-6	
664,50000000E-3	-27,60006789E-6	
666,10000000E-3	-27,82123544E-6	
668,10000000E-3	-28,19544784E-6	
669,50000000E-3	-28,71040843E-6	
670,10000000E-3	-29,25427700E-6	
671,10000000E-3	-29,78012253E-6	
672,80000000E-3	-30,25553981E-6	
674,40000000E-3	-30,67784284E-6	
676,40000000E-3	-30,99113214E-6	
678,00000000E-3	-31,19936761E-6	
679,70000000E-3	-31,27674466E-6	
679,70000000E-3	-31,18153740E-6	
683,50000000E-3	-30,93709792E-6	
684,30000000E-3	-30,57176818E-6	
685,10000000E-3	-30,11853875E-6	
686,90000000E-3	-29,58953861E-6	
688,40000000E-3	-29,02101007E-6	
689,80000000E-3	-28,49739278E-6	
691,80000000E-3	-28,04088072E-6	
693,40000000E-3	-27,75887572E-6	
693,40000000E-3	-27,68892988E-6	
695,30000000E-3	-27,80706106E-6	
697,70000000E-3	-28,07234313E-6	
698,70000000E-3	-28,46319629E-6	
700,50000000E-3	-28,95390017E-6	
702,10000000E-3	-29,51318099E-6	
702,10000000E-3	-30,00414745E-6	
705,20000000E-3	-30,44713621E-6	
707,00000000E-3	-30,85326693E-6	
707,00000000E-3	-31,16824351E-6	
708,80000000E-3	-31,41941747E-6	
710,70000000E-3	-31,56427829E-6	
712,30000000E-3	-31,56988632E-6	
714,10000000E-3	-31,44690724E-6	
715,90000000E-3	-31,16877286E-6	
715,90000000E-3	-30,76099817E-6	
719,40000000E-3	-30,29293280E-6	
719,40000000E-3	-29,75878371E-6	
721,20000000E-3	-29,17744814E-6	
723,00000000E-3	-28,58172658E-6	
724,20000000E-3	-28,02507472E-6	
726,40000000E-3	-27,61542689E-6	
727,70000000E-3	-27,35287336E-6	
729,50000000E-3	-27,23623932E-6	
729,50000000E-3	-27,28981561E-6	
731,30000000E-3	-27,48450010E-6	
734,00000000E-3	-27,80577641E-6	
734,80000000E-3	-28,24664107E-6	
736,40000000E-3	-28,80857995E-6	
738,40000000E-3	-29,40329960E-6	
738,40000000E-3	-29,94717171E-6	
741,60000000E-3	-30,43088452E-6	
743,10000000E-3	-30,88270209E-6	
743,10000000E-3	-31,30992526E-6	
745,30000000E-3	-31,66086695E-6	
746,70000000E-3	-31,92667855E-6	
748,50000000E-3	-32,04633978E-6	
750,30000000E-3	-32,03530906E-6	
751,90000000E-3	-31,89796026E-6	
751,90000000E-3	-31,64224266E-6	
753,80000000E-3	-31,27620065E-6	
757,00000000E-3	-30,80183929E-6	
757,00000000E-3	-30,22937271E-6	
758,80000000E-3	-29,53200335E-6	
760,50000000E-3	-28,92547542E-6	
762,30000000E-3	-28,34632496E-6	
763,70000000E-3	-27,79810125E-6	
765,70000000E-3	-27,33216586E-6	
765,70000000E-3	-26,96889299E-6	
767,30000000E-3	-26,79991312E-6	
770,80000000E-3	-26,79454264E-6	
770,80000000E-3	-26,97709812E-6	
772,60000000E-3	-27,33478698E-6	
774,40000000E-3	-27,78471151E-6	
775,00000000E-3	-28,32604366E-6	
777,70000000E-3	-28,92607415E-6	
779,10000000E-3	-29,49294708E-6	
779,10000000E-3	-30,01615463E-6	
781,10000000E-3	-30,53541865E-6	
782,70000000E-3	-31,03743739E-6	
784,20000000E-3	-31,49589638E-6	
786,20000000E-3	-31,89835950E-6	
788,00000000E-3	-32,20745537E-6	
788,00000000E-3	-32,38282641E-6	
789,80000000E-3	-32,41360825E-6	
793,30000000E-3	-32,33976109E-6	
793,30000000E-3	-32,19708345E-6	
794,70000000E-3	-31,96724658E-6	
796,50000000E-3	-31,65425334E-6	
798,30000000E-3	-31,23296625E-6	
800,00000000E-3	-30,66780732E-6	
801,60000000E-3	-30,04016828E-6	
802,40000000E-3	-29,37630068E-6	
803,20000000E-3	-28,68810832E-6	
805,20000000E-3	-28,00035160E-6	
806,80000000E-3	-27,35021617E-6	
808,30000000E-3	-26,83391326E-6	
810,10000000E-3	-26,43365793E-6	
811,70000000E-3	-26,16990563E-6	
811,70000000E-3	-26,11416332E-6	
815,40000000E-3	-26,23319822E-6	
815,40000000E-3	-26,46305961E-6	
817,20000000E-3	-26,85706267E-6	
818,60000000E-3	-27,40461257E-6	
820,60000000E-3	-28,05101443E-6	
822,20000000E-3	-28,70613305E-6	
823,90000000E-3	-29,32548224E-6	
825,70000000E-3	-29,91565795E-6	
825,70000000E-3	-30,52385330E-6	
829,10000000E-3	-31,12731695E-6	
829,10000000E-3	-31,69775866E-6	
830,60000000E-3	-32,19593741E-6	
832,60000000E-3	-32,59761612E-6	
834,20000000E-3	-32,88182232E-6	
836,00000000E-3	-33,01322167E-6	
837,60000000E-3	-33,05117926E-6	
839,10000000E-3	-33,02001770E-6	
839,10000000E-3	-32,90320354E-6	
841,10000000E-3	-32,70072358E-6	
843,70000000E-3	-32,49005528E-6	
844,70000000E-3	-32,06957887E-6	
846,10000000E-3	-31,62630950E-6	
847,80000000E-3	-31,11387562E-6	
847,80000000E-3	-30,55096710E-6	
851,00000000E-3	-29,95042752E-6	
853,20000000E-3	-29,28082285E-6	
853,20000000E-3	-28,53394912E-6	
854,90000000E-3	-27,74778726E-6	
856,50000000E-3	-27,02108779E-6	
858,10000000E-3	-26,50154491E-6	
860,10000000E-3	-25,87832105E-6	
861,50000000E-3	-25,50876509E-6	
861,50000000E-3	-25,32181488E-6	
865,00000000E-3	-25,35184636E-6	
866,60000000E-3	-25,54745222E-6	
866,60000000E-3	-25,92813036E-6	
868,50000000E-3	-26,46641349E-6	
870,10000000E-3	-27,07748087E-6	
871,10000000E-3	-27,74103625E-6	
873,50000000E-3	-28,44906606E-6	
875,00000000E-3	-29,12948136E-6	
875,00000000E-3	-29,78211323E-6	
877,00000000E-3	-30,34547196E-6	
880,40000000E-3	-30,87868618E-6	
880,40000000E-3	-31,41585709E-6	
882,00000000E-3	-31,96998596E-6	
883,90000000E-3	-32,46520722E-6	
884,70000000E-3	-32,81827250E-6	
887,30000000E-3	-33,03897715E-6	
889,00000000E-3	-33,19827734E-6	
889,00000000E-3	-33,32235712E-6	
890,40000000E-3	-33,42701170E-6	
892,40000000E-3	-33,47272200E-6	
893,80000000E-3	-33,42686033E-6	
895,80000000E-3	-33,26902840E-6	
897,30000000E-3	-33,04355669E-6	
897,30000000E-3	-32,78251819E-6	
899,30000000E-3	-32,46202542E-6	
902,70000000E-3	-32,06009112E-6	
902,70000000E-3	-31,55532190E-6	
904,40000000E-3	-30,96122125E-6	
906,00000000E-3	-30,26207949E-6	
908,00000000E-3	-29,53083335E-6	
909,40000000E-3	-28,75910963E-6	
911,30000000E-3	-27,97930301E-6	
911,90000000E-3	-27,20943302E-6	
912,70000000E-3	-26,47211328E-6	
914,50000000E-3	-25,79418372E-6	
916,30000000E-3	-25,24440305E-6	
917,80000000E-3	-24,87822333E-6	
919,80000000E-3	-24,71248063E-6	
921,40000000E-3	-24,70865639E-6	
921,40000000E-3	-24,86123636E-6	
924,90000000E-3	-25,15982531E-6	
925,60000000E-3	-25,59875864E-6	
926,50000000E-3	-26,16035271E-6	
928,30000000E-3	-26,72898416E-6	
929,70000000E-3	-27,53005138E-6	
931,70000000E-3	-28,28420075E-6	
933,20000000E-3	-29,03237964E-6	
935,00000000E-3	-29,77045852E-6	
935,00000000E-3	-30,48278277E-6	
936,80000000E-3	-31,23671950E-6	
938,70000000E-3	-31,86775871E-6	
940,30000000E-3	-32,45054510E-6	
942,10000000E-3	-33,00495165E-6	
943,90000000E-3	-33,48209218E-6	
945,10000000E-3	-33,97132364E-6	
947,00000000E-3	-34,33867383E-6	
948,60000000E-3	-34,64139994E-6	
948,60000000E-3	-34,86547915E-6	
950,60000000E-3	-35,01675103E-6	
953,00000000E-3	-35,09809939E-6	
953,90000000E-3	-35,06832337E-6	
955,70000000E-3	-34,99362131E-6	
957,30000000E-3	-34,87576085E-6	
957,30000000E-3	-34,69849966E-6	
960,90000000E-3	-34,44658785E-6	
962,40000000E-3	-34,13024560E-6	
962,40000000E-3	-33,73614411E-6	
964,00000000E-3	-33,22911952E-6	
966,00000000E-3	-32,62977814E-6	
967,60000000E-3	-32,01730439E-6	
969,30000000E-3	-31,35406134E-6	
971,10000000E-3	-30,58448570E-6	
971,10000000E-3	-29,77190130E-6	
973,10000000E-3	-28,99461236E-6	
974,70000000E-3	-28,23533502E-6	
976,50000000E-3	-27,48982982E-6	
978,20000000E-3	-26,73201926E-6	
979,60000000E-3	-26,02789037E-6	
979,60000000E-3	-25,38526547E-6	
982,90000000E-3	-24,84468931E-6	
984,70000000E-3	-24,43646763E-6	
984,70000000E-3	-24,18758625E-6	
986,50000000E-3	-24,14101720E-6	
989,30000000E-3	-24,30010695E-6	
990,10000000E-3	-24,62179418E-6	
991,60000000E-3	-25,14185591E-6	
993,60000000E-3	-25,82621325E-6	
993,60000000E-3	-26,58233818E-6	
996,80000000E-3	-27,41586551E-6	
998,60000000E-3	-28,28862636E-6	
998,60000000E-3	-29,13542223E-6	
1,00060000E+0	-29,92277017E-6	
1,00200000E+0	-30,66179421E-6	
1,00390000E+0	-31,37792061E-6	
1,00550000E+0	-32,10183851E-6	
1,00710000E+0	-32,80450946E-6	
1,00710000E+0	-33,47315805E-6	
1,00910000E+0	-34,10775283E-6	
1,01240000E+0	-34,68648206E-6	
1,01240000E+0	-35,18170645E-6	
1,01420000E+0	-35,63029169E-6	
1,01580000E+0	-35,98784923E-6	
1,01680000E+0	-36,30702709E-6	
1,01900000E+0	-36,58476085E-6	
1,02100000E+0	-36,79720355E-6	
1,02100000E+0	-36,95588490E-6	
1,02250000E+0	-37,05275910E-6	
1,02430000E+0	-37,05251584E-6	
1,02610000E+0	-36,98573775E-6	
1,02790000E+0	-36,89886063E-6	
1,02960000E+0	-36,80561974E-6	
1,03020000E+0	-36,65943962E-6	
1,03100000E+0	-36,41649791E-6	
1,03460000E+0	-36,06342566E-6	
1,03460000E+0	-35,65024842E-6	
1,03630000E+0	-35,27745078E-6	
1,03790000E+0	-34,57732719E-6	
1,03950000E+0	-33,97346017E-6	
1,04150000E+0	-33,33238961E-6	
1,04330000E+0	-32,71660895E-6	
1,04330000E+0	-32,07590687E-6	
1,04500000E+0	-31,38156770E-6	
1,04660000E+0	-30,57408769E-6	
1,04860000E+0	-29,67903151E-6	
1,05000000E+0	-28,79796470E-6	
1,05170000E+0	-28,08524946E-6	
1,05350000E+0	-27,11646117E-6	
1,05530000E+0	-26,34225147E-6	
1,05710000E+0	-25,62663851E-6	
1,05790000E+0	-25,03858599E-6	
1,05850000E+0	-24,57717814E-6	
1,06040000E+0	-24,19648030E-6	
1,06200000E+0	-23,99027373E-6	
1,06360000E+0	-23,97469340E-6	
1,06560000E+0	-24,14492880E-6	
1,06700000E+0	-24,50592391E-6	
1,06700000E+0	-25,04617178E-6	
1,07070000E+0	-25,72767404E-6	
1,07070000E+0	-26,46803392E-6	
1,07250000E+0	-27,25990398E-6	
1,07390000E+0	-28,12375124E-6	
1,07600000E+0	-29,01969357E-6	
1,07780000E+0	-29,92754649E-6	
1,07940000E+0	-30,81619061E-6	
1,07940000E+0	-31,65946920E-6	
1,08100000E+0	-32,50683719E-6	
1,08290000E+0	-33,31135147E-6	
1,08430000E+0	-34,00721503E-6	
1,08610000E+0	-34,62967804E-6	
1,08790000E+0	-35,19853454E-6	
1,08950000E+0	-35,75279191E-6	
1,08950000E+0	-36,26697482E-6	
1,09300000E+0	-36,74301803E-6	
1,09400000E+0	-37,18427402E-6	
1,09500000E+0	-37,56444344E-6	
1,09640000E+0	-37,91509967E-6	
1,09810000E+0	-38,18842523E-6	
1,09990000E+0	-38,40284122E-6	
1,10130000E+0	-38,56294882E-6	
1,10330000E+0	-38,69317803E-6	
1,10330000E+0	-38,80809582E-6	
1,10510000E+0	-38,89454492E-6	
1,10680000E+0	-38,91556925E-6	
1,10840000E+0	-38,85544171E-6	
1,11040000E+0	-38,73677569E-6	
1,11200000E+0	-38,59540647E-6	
1,11370000E+0	-38,41926629E-6	
1,11530000E+0	-38,21342109E-6	
1,11690000E+0	-37,98624714E-6	
1,11690000E+0	-37,71233244E-6	
1,11890000E+0	-37,38162236E-6	
1,12030000E+0	-36,97886968E-6	
1,12220000E+0	-36,55345344E-6	
1,12380000E+0	-35,95918214E-6	
1,12560000E+0	-35,40771856E-6	
1,12560000E+0	-34,81235283E-6	
1,12890000E+0	-34,16744634E-6	
1,13090000E+0	-33,48580566E-6	
1,13090000E+0	-32,68824963E-6	
1,13230000E+0	-31,90222836E-6	
1,13420000E+0	-31,02663873E-6	
1,13560000E+0	-30,13705148E-6	
1,13740000E+0	-29,30734588E-6	
1,13920000E+0	-28,44829966E-6	
1,13920000E+0	-27,67871162E-6	
1,14100000E+0	-26,92053887E-6	
1,14430000E+0	-26,14994925E-6	
1,14430000E+0	-25,52289750E-6	
1,14630000E+0	-24,87306799E-6	
1,14790000E+0	-24,45353695E-6	
1,14790000E+0	-24,17603401E-6	
1,15120000E+0	-24,05740321E-6	
1,15280000E+0	-24,14632776E-6	
1,15280000E+0	-24,39870269E-6	
1,15460000E+0	-24,81064450E-6	
1,15610000E+0	-25,35297449E-6	
1,15810000E+0	-26,00699729E-6	
1,15970000E+0	-26,77196427E-6	
1,16170000E+0	-27,59900941E-6	
1,16250000E+0	-28,48254623E-6	
1,16320000E+0	-29,39923682E-6	
1,16680000E+0	-30,29827543E-6	
1,16680000E+0	-31,16306710E-6	
1,16840000E+0	-32,03866498E-6	
1,17020000E+0	-32,93880183E-6	
1,17070000E+0	-33,89737877E-6	
1,17350000E+0	-34,82099252E-6	
1,17530000E+0	-35,68935800E-6	
1,17530000E+0	-36,46495839E-6	
1,17700000E+0	-37,18758586E-6	
1,17900000E+0	-37,84688594E-6	
1,18060000E+0	-38,37944954E-6	
1,18240000E+0	-38,85518109E-6	
1,18410000E+0	-39,31328213E-6	
1,18410000E+0	-39,75150518E-6	
1,18770000E+0	-40,16324769E-6	
1,18890000E+0	-40,58555479E-6	
1,18890000E+0	-40,99342666E-6	
1,19110000E+0	-41,37417236E-6	
1,19240000E+0	-41,72977785E-6	
1,19420000E+0	-42,03355964E-6	
1,19600000E+0	-42,27603584E-6	
1,19760000E+0	-42,48082433E-6	
1,19760000E+0	-42,64600855E-6	
1,19950000E+0	-42,75479535E-6	
1,20310000E+0	-42,83885827E-6	
1,20310000E+0	-42,90691118E-6	
1,20470000E+0	-42,90313640E-6	
1,20660000E+0	-42,81037105E-6	
1,20660000E+0	-42,70355519E-6	
1,20980000E+0	-42,58696762E-6	
1,21140000E+0	-42,44263318E-6	
1,21140000E+0	-42,26692355E-6	
1,21300000E+0	-42,04266577E-6	
1,21490000E+0	-41,81955903E-6	
1,21650000E+0	-41,41791897E-6	
1,21850000E+0	-41,04704417E-6	
1,22010000E+0	-40,61216186E-6	
1,22090000E+0	-40,15430866E-6	
1,22180000E+0	-39,68501783E-6	
1,22480000E+0	-39,19173430E-6	
1,22480000E+0	-38,60348151E-6	
1,22680000E+0	-37,91431275E-6	
1,22840000E+0	-37,17227490E-6	
1,23010000E+0	-36,57473210E-6	
1,23190000E+0	-35,65931301E-6	
1,23370000E+0	-34,86097752E-6	
1,23470000E+0	-34,05538052E-6	
1,23550000E+0	-33,29030935E-6	
1,23700000E+0	-32,50418797E-6	
1,23900000E+0	-31,65340183E-6	
1,24040000E+0	-30,75049008E-6	
1,24260000E+0	-29,80830353E-6	
1,24370000E+0	-28,87314704E-6	
1,24590000E+0	-27,94784555E-6	
1,24730000E+0	-27,08810525E-6	
1,24730000E+0	-26,27752990E-6	
1,24910000E+0	-25,60252724E-6	
1,25090000E+0	-25,04061739E-6	
1,25250000E+0	-24,60152810E-6	
1,25440000E+0	-24,30245393E-6	
1,25600000E+0	-24,20572528E-6	
1,25760000E+0	-24,31616134E-6	
1,25760000E+0	-24,61778352E-6	
1,26120000E+0	-25,10982133E-6	
1,26220000E+0	-25,77033524E-6	
1,26270000E+0	-26,52034053E-6	
1,26430000E+0	-27,34715279E-6	
1,26630000E+0	-28,21487372E-6	
1,26790000E+0	-29,18394723E-6	
1,26990000E+0	-30,13620266E-6	
1,27140000E+0	-31,07868037E-6	
1,27140000E+0	-32,06524035E-6	
1,27500000E+0	-33,08165635E-6	
1,27500000E+0	-34,14363113E-6	
1,27700000E+0	-35,12858786E-6	
1,27830000E+0	-36,05833647E-6	
1,28010000E+0	-36,92398867E-6	
1,28010000E+0	-37,75769393E-6	
1,28370000E+0	-38,55675295E-6	
1,28370000E+0	-39,29098916E-6	
1,28530000E+0	-40,00255543E-6	
1,28690000E+0	-40,69427120E-6	
1,28880000E+0	-41,38264461E-6	
1,29040000E+0	-42,04076733E-6	
1,29200000E+0	-42,63619809E-6	
1,29370000E+0	-43,20829242E-6	
1,29370000E+0	-43,76847253E-6	
1,29550000E+0	-44,28104483E-6	
1,29810000E+0	-44,73454669E-6	
1,29870000E+0	-45,15718437E-6	
1,30090000E+0	-45,58725118E-6	
1,30220000E+0	-46,00730712E-6	
1,30420000E+0	-46,38901835E-6	
1,30580000E+0	-46,70914112E-6	
1,30760000E+0	-47,01434650E-6	
1,30760000E+0	-47,28853997E-6	
1,30930000E+0	-47,52646835E-6	
1,31090000E+0	-47,69479597E-6	
1,31270000E+0	-47,85001445E-6	
1,31430000E+0	-47,98967882E-6	
1,31620000E+0	-48,07294567E-6	
1,31620000E+0	-48,14770603E-6	
1,31960000E+0	-48,21763413E-6	
1,32120000E+0	-48,25252711E-6	
1,32120000E+0	-48,22343011E-6	
1,32300000E+0	-48,13226064E-6	
1,32470000E+0	-48,00617091E-6	
1,32610000E+0	-47,83991104E-6	
1,32830000E+0	-47,65446544E-6	
1,32960000E+0	-47,45101120E-6	
1,32960000E+0	-47,20894841E-6	
1,33320000E+0	-46,94441291E-6	
1,33460000E+0	-46,63736548E-6	
1,33460000E+0	-46,27461365E-6	
1,33680000E+0	-45,79897217E-6	
1,33850000E+0	-45,25167031E-6	
1,33850000E+0	-44,70886583E-6	
1,34190000E+0	-44,18162065E-6	
1,34370000E+0	-43,61066346E-6	
1,34370000E+0	-43,00972271E-6	
1,34520000E+0	-42,36246024E-6	
1,34700000E+0	-41,68829456E-6	
1,34860000E+0	-40,99332794E-6	
1,35060000E+0	-40,20002151E-6	
1,35210000E+0	-39,36496808E-6	
1,35210000E+0	-38,49189156E-6	
1,35390000E+0	-37,63666677E-6	
1,35710000E+0	-36,73487609E-6	
1,35710000E+0	-35,78749241E-6	
1,35910000E+0	-34,89328884E-6	
1,36060000E+0	-34,04137644E-6	
1,36160000E+0	-33,19290646E-6	
1,36400000E+0	-32,30164587E-6	
1,36580000E+0	-31,36292977E-6	
1,36580000E+0	-30,40651610E-6	
1,36750000E+0	-29,43556298E-6	
1,37110000E+0	-28,53863661E-6	
1,37110000E+0	-27,69301769E-6	
1,37290000E+0	-26,91781701E-6	
1,37460000E+0	-26,25318363E-6	
1,37460000E+0	-25,67533134E-6	
1,37800000E+0	-25,18860606E-6	
1,37960000E+0	-24,78352301E-6	
1,37960000E+0	-24,46918001E-6	
1,38150000E+0	-24,33737164E-6	
1,38290000E+0	-24,44133963E-6	
1,38490000E+0	-24,76391474E-6	
1,38650000E+0	-25,25238177E-6	
1,38820000E+0	-25,86943358E-6	
1,38820000E+0	-26,63732561E-6	
1,39000000E+0	-27,55563254E-6	
1,39360000E+0	-28,57308103E-6	
1,39360000E+0	-29,63120105E-6	
1,39490000E+0	-30,68518155E-6	
1,39690000E+0	-31,70880911E-6	
1,39750000E+0	-32,76343565E-6	
1,40010000E+0	-33,82232822E-6	
1,40180000E+0	-34,85737133E-6	
1,40180000E+0	-35,89495366E-6	
1,40360000E+0	-36,91265559E-6	
1,40700000E+0	-37,94055029E-6	
1,40700000E+0	-38,91842218E-6	
1,40890000E+0	-39,70186868E-6	
1,41050000E+0	-40,89552054E-6	
1,41050000E+0	-41,84274778E-6	
1,41250000E+0	-42,73439342E-6	
1,41560000E+0	-43,48393071E-6	
1,41560000E+0	-44,19830241E-6	
1,41720000E+0	-44,88254756E-6	
1,41880000E+0	-45,54689827E-6	
1,42070000E+0	-46,14780714E-6	
1,42230000E+0	-46,73345391E-6	
1,42410000E+0	-47,22093852E-6	
1,42510000E+0	-47,89222615E-6	
1,42590000E+0	-48,46291949E-6	
1,42940000E+0	-48,97715692E-6	
1,42940000E+0	-49,43986886E-6	
1,43060000E+0	-49,89608833E-6	
1,43240000E+0	-50,34378568E-6	
1,43420000E+0	-50,76246648E-6	
1,43570000E+0	-51,16455644E-6	
1,43770000E+0	-51,52808360E-6	
1,43930000E+0	-51,87628139E-6	
1,43930000E+0	-52,15921675E-6	
1,44130000E+0	-52,42181234E-6	
1,44360000E+0	-52,65952961E-6	
1,44460000E+0	-52,89892804E-6	
1,44640000E+0	-53,12643931E-6	
1,44760000E+0	-53,34291867E-6	
1,44760000E+0	-53,53678271E-6	
1,45110000E+0	-53,75002560E-6	
1,45310000E+0	-53,94350580E-6	
1,45310000E+0	-54,08051730E-6	
1,45470000E+0	-54,17507071E-6	
1,45660000E+0	-54,21091056E-6	
1,45820000E+0	-54,19320260E-6	
1,46000000E+0	-54,18054167E-6	
1,46180000E+0	-54,17515039E-6	
1,46180000E+0	-54,13023362E-6	
1,46530000E+0	-54,01346786E-6	
1,46650000E+0	-53,84743817E-6	
1,46650000E+0	-53,67387407E-6	
1,46850000E+0	-53,49183266E-6	
1,47010000E+0	-53,28975771E-6	
1,47180000E+0	-53,07192431E-6	
1,47360000E+0	-52,79546239E-6	
1,47520000E+0	-52,46594604E-6	
1,47520000E+0	-52,12711397E-6	
1,47720000E+0	-51,78194929E-6	
1,47970000E+0	-51,39988838E-6	
1,48070000E+0	-51,00410698E-6	
1,48210000E+0	-50,58796849E-6	
1,48390000E+0	-50,12262632E-6	
1,48490000E+0	-49,59196314E-6	
1,48700000E+0	-48,99641939E-6	
1,48900000E+0	-48,32128284E-6	
1,48900000E+0	-47,64252239E-6	
1,49060000E+0	-46,93413548E-6	
1,49260000E+0	-46,22157222E-6	
1,49410000E+0	-45,54582185E-6	
1,49610000E+0	-44,67755730E-6	
1,49770000E+0	-43,92115622E-6	
1,49830000E+0	-43,21213502E-6	
1,49930000E+0	-42,49227732E-6	
1,50250000E+0	-41,72554632E-6	
1,50250000E+0	-40,83935062E-6	
1,50440000E+0	-40,00638293E-6	
1,50600000E+0	-39,09537684E-6	
1,50780000E+0	-38,15440932E-6	
1,50960000E+0	-37,25270813E-6	
1,51140000E+0	-36,29055136E-6	
1,51240000E+0	-35,40129869E-6	
1,51320000E+0	-34,49266253E-6	
1,51450000E+0	-33,53744273E-6	
1,51670000E+0	-32,68666499E-6	
1,51810000E+0	-31,64810126E-6	
1,51990000E+0	-30,77014000E-6	
1,52140000E+0	-29,87927313E-6	
1,52140000E+0	-29,01189969E-6	
1,52500000E+0	-28,19070043E-6	
1,52580000E+0	-27,45938200E-6	
1,52680000E+0	-26,77130799E-6	
1,52860000E+0	-26,11405629E-6	
1,53010000E+0	-25,51100366E-6	
1,53210000E+0	-25,02130952E-6	
1,53370000E+0	-24,69693169E-6	
1,53370000E+0	-24,53982130E-6	
1,53550000E+0	-24,54850866E-6	
1,53900000E+0	-24,72866171E-6	
1,53900000E+0	-25,06112027E-6	
1,54040000E+0	-25,56102047E-6	
1,54240000E+0	-26,23750391E-6	
1,54400000E+0	-27,05885182E-6	
1,54590000E+0	-27,93930908E-6	
1,54750000E+0	-28,90712964E-6	
1,54750000E+0	-29,93907479E-6	
1,54950000E+0	-31,04131545E-6	
1,55110000E+0	-32,18199726E-6	
1,55260000E+0	-33,22189102E-6	
1,55440000E+0	-34,24890470E-6	
1,55620000E+0	-35,30679755E-6	
1,55620000E+0	-36,49162002E-6	
1,55800000E+0	-37,65328528E-6	
1,56150000E+0	-38,75155499E-6	
1,56150000E+0	-39,78382556E-6	
1,56290000E+0	-40,74551318E-6	
1,56470000E+0	-41,69743685E-6	
1,56640000E+0	-42,58356370E-6	
1,56840000E+0	-43,45296043E-6	
1,57000000E+0	-44,34519991E-6	
1,57000000E+0	-45,24063461E-6	
1,57200000E+0	-46,11688120E-6	
1,57340000E+0	-47,01070366E-6	
1,57510000E+0	-47,86780293E-6	
1,57690000E+0	-48,67817037E-6	
1,57870000E+0	-49,44670291E-6	
1,57870000E+0	-50,18693473E-6	
1,58180000E+0	-50,89331347E-6	
1,58380000E+0	-51,55892205E-6	
1,58380000E+0	-52,19205063E-6	
1,58560000E+0	-52,79935037E-6	
1,58740000E+0	-53,27320466E-6	
1,58880000E+0	-53,96098574E-6	
1,59090000E+0	-54,51538830E-6	
1,59230000E+0	-55,04349593E-6	
1,59230000E+0	-55,51648188E-6	
1,59410000E+0	-55,95502289E-6	
1,59740000E+0	-56,40030205E-6	
1,59740000E+0	-56,88033971E-6	
1,59940000E+0	-57,34665854E-6	
1,60120000E+0	-57,75622624E-6	
1,60120000E+0	-58,06025064E-6	
1,60470000E+0	-58,48467030E-6	
1,60630000E+0	-58,82020986E-6	
1,60630000E+0	-59,12581361E-6	
1,60790000E+0	-59,39087530E-6	
1,60970000E+0	-59,65988181E-6	
1,61120000E+0	-59,93693259E-6	
1,61320000E+0	-60,17540293E-6	
1,61480000E+0	-60,36440654E-6	
1,61480000E+0	-60,57226478E-6	
1,61660000E+0	-60,82088296E-6	
1,61970000E+0	-61,05979326E-6	
1,61970000E+0	-61,27932314E-6	
1,62170000E+0	-61,47332010E-6	
1,62370000E+0	-61,65087261E-6	
1,62370000E+0	-61,77972664E-6	
1,62680000E+0	-61,88142144E-6	
1,62860000E+0	-61,94173419E-6	
1,62860000E+0	-61,96189620E-6	
1,63040000E+0	-61,96200999E-6	
1,63210000E+0	-61,94121889E-6	
1,63390000E+0	-61,90840870E-6	
1,63570000E+0	-61,84195397E-6	
1,63730000E+0	-61,76232214E-6	
1,63730000E+0	-61,65881297E-6	
1,63920000E+0	-61,53797518E-6	
1,64180000E+0	-61,41832175E-6	
1,64280000E+0	-61,30328253E-6	
1,64420000E+0	-61,16199022E-6	
1,64570000E+0	-60,97823366E-6	
1,64750000E+0	-60,72545016E-6	
1,64910000E+0	-60,43430433E-6	
1,65110000E+0	-60,13980352E-6	
1,65110000E+0	-59,82081599E-6	
1,65260000E+0	-59,44527159E-6	
1,65540000E+0	-59,00731657E-6	
1,65620000E+0	-58,59447451E-6	
1,65800000E+0	-58,19443415E-6	
1,65980000E+0	-57,75946905E-6	
1,65980000E+0	-57,24831929E-6	
1,66310000E+0	-56,71457442E-6	
1,66450000E+0	-56,18443209E-6	
1,66450000E+0	-55,63997207E-6	
1,66650000E+0	-55,05724362E-6	
1,66800000E+0	-54,43991635E-6	
1,67000000E+0	-53,80194033E-6	
1,67160000E+0	-53,11048481E-6	
1,67340000E+0	-52,41259102E-6	
1,67340000E+0	-51,71963221E-6	
1,67510000E+0	-50,98743690E-6	
1,67870000E+0	-50,25737983E-6	
1,67870000E+0	-49,50966107E-6	
1,67990000E+0	-48,77288252E-6	
1,68180000E+0	-47,93796927E-6	
1,68180000E+0	-47,11690255E-6	
1,68520000E+0	-46,28039393E-6	
1,68700000E+0	-45,41853235E-6	
1,68700000E+0	-44,55893773E-6	
1,68860000E+0	-43,54359616E-6	
1,69210000E+0	-42,64624030E-6	
1,69210000E+0	-41,75685883E-6	
1,69410000E+0	-40,83580027E-6	
1,69560000E+0	-39,92007373E-6	
1,69560000E+0	-38,83257972E-6	
1,69760000E+0	-37,90068506E-6	
1,70080000E+0	-36,96970531E-6	
1,70080000E+0	-36,02757111E-6	
1,70230000E+0	-35,11481532E-6	
1,70430000E+0	-34,24024072E-6	
1,70430000E+0	-33,41764226E-6	
1,70770000E+0	-32,56473162E-6	
1,70950000E+0	-31,67677184E-6	
1,70950000E+0	-30,92285034E-6	
1,71100000E+0	-29,91477970E-6	
1,71440000E+0	-29,05917707E-6	
1,71440000E+0	-28,22274850E-6	
1,71660000E+0	-27,47779636E-6	
1,71780000E+0	-26,84969759E-6	
1,71780000E+0	-26,30463471E-6	
1,72130000E+0	-25,82740983E-6	
1,72330000E+0	-25,41269162E-6	
1,72330000E+0	-25,08761623E-6	
1,72480000E+0	-24,83919714E-6	
1,72680000E+0	-24,70698190E-6	
1,72840000E+0	-24,70252091E-6	
1,73020000E+0	-24,87915055E-6	
1,73190000E+0	-25,20545139E-6	
1,73190000E+0	-25,65257192E-6	
1,73390000E+0	-26,19303012E-6	
1,73530000E+0	-26,86579061E-6	
1,73710000E+0	-27,69861831E-6	
1,73860000E+0	-28,62213387E-6	
1,74020000E+0	-29,59106857E-6	
1,74020000E+0	-30,58450143E-6	
1,74380000E+0	-31,61863238E-6	
1,74550000E+0	-32,63274103E-6	
1,74550000E+0	-33,61360809E-6	
1,74730000E+0	-34,65289529E-6	
1,74930000E+0	-35,76636650E-6	
1,75090000E+0	-36,91876872E-6	
1,75290000E+0	-38,04487123E-6	
1,75430000E+0	-39,14817889E-6	
1,75430000E+0	-40,26592017E-6	
1,75620000E+0	-41,35066980E-6	
1,75780000E+0	-42,45889402E-6	
1,75960000E+0	-43,51925058E-6	
1,76120000E+0	-44,57165446E-6	
1,76280000E+0	-45,65206426E-6	
1,76280000E+0	-46,73234008E-6	
1,76630000E+0	-47,80004849E-6	
1,76790000E+0	-48,85007968E-6	
1,76790000E+0	-49,84594996E-6	
1,76990000E+0	-50,78202379E-6	
1,77190000E+0	-51,67058941E-6	
1,77320000E+0	-52,48916966E-6	
1,77520000E+0	-53,31246665E-6	
1,77680000E+0	-54,14880686E-6	
1,77680000E+0	-55,04630996E-6	
1,78020000E+0	-55,91417855E-6	
1,78020000E+0	-56,54830535E-6	
1,78190000E+0	-57,47413289E-6	
1,78370000E+0	-58,20697705E-6	
1,78530000E+0	-58,94216866E-6	
1,78730000E+0	-59,62630625E-6	
1,78890000E+0	-60,29491364E-6	
1,78890000E+0	-60,95189433E-6	
1,79080000E+0	-61,63101434E-6	
1,79220000E+0	-62,31401623E-6	
1,79420000E+0	-62,96385599E-6	
1,79580000E+0	-63,47538472E-6	
1,79750000E+0	-64,14240651E-6	
1,79910000E+0	-64,68583068E-6	
1,79910000E+0	-65,19908752E-6	
1,80270000E+0	-65,66238363E-6	
1,80270000E+0	-66,09184482E-6	
1,80460000E+0	-66,52115058E-6	
1,80620000E+0	-66,92544937E-6	
1,80780000E+0	-67,33006983E-6	
1,80960000E+0	-67,74088736E-6	
1,81170000E+0	-68,16058781E-6	
1,81170000E+0	-68,55505044E-6	
1,81310000E+0	-68,91460206E-6	
1,81670000E+0	-69,25721470E-6	
1,81670000E+0	-69,60356480E-6	
1,81870000E+0	-69,96047745E-6	
1,82020000E+0	-70,32364792E-6	
1,82020000E+0	-70,66952439E-6	
1,82220000E+0	-70,99394639E-6	
1,82540000E+0	-71,28355249E-6	
1,82540000E+0	-71,55892795E-6	
1,82710000E+0	-71,82547198E-6	
1,82870000E+0	-72,05137166E-6	
1,82870000E+0	-72,21986080E-6	
1,83210000E+0	-72,35149720E-6	
1,83410000E+0	-72,49443064E-6	
1,83410000E+0	-72,64495355E-6	
1,83580000E+0	-72,80839949E-6	
1,83760000E+0	-72,96509203E-6	
1,83920000E+0	-73,09627209E-6	
1,84120000E+0	-73,20386986E-6	
1,84250000E+0	-73,28949973E-6	
1,84250000E+0	-73,35124111E-6	
1,84610000E+0	-73,39819950E-6	
1,84750000E+0	-73,46452901E-6	
1,84750000E+0	-73,51773408E-6	
1,84940000E+0	-73,57571970E-6	
1,85120000E+0	-73,59822130E-6	
1,85300000E+0	-73,56155560E-6	
1,85480000E+0	-73,50550701E-6	
1,85650000E+0	-73,44103352E-6	
1,85650000E+0	-73,36894617E-6	
1,85830000E+0	-73,25355551E-6	
1,86010000E+0	-73,10178619E-6	
1,86150000E+0	-72,93043314E-6	
1,86350000E+0	-72,73119973E-6	
1,86500000E+0	-72,51880184E-6	
1,86500000E+0	-72,31796511E-6	
1,86840000E+0	-72,11294734E-6	
1,87000000E+0	-71,89903877E-6	
1,87000000E+0	-71,64185489E-6	
1,87190000E+0	-71,34965154E-6	
1,87370000E+0	-71,04326194E-6	
1,87550000E+0	-70,66451638E-6	
1,87730000E+0	-70,27707134E-6	
1,87910000E+0	-69,89727841E-6	
1,87910000E+0	-69,54795061E-6	
1,88240000E+0	-69,19828124E-6	
1,88240000E+0	-68,79623763E-6	
1,88380000E+0	-68,41691728E-6	
1,88590000E+0	-68,02351719E-6	
1,88730000E+0	-67,58509297E-6	
1,88730000E+0	-67,16902978E-6	
1,89090000E+0	-66,57502080E-6	
1,89090000E+0	-66,02836303E-6	
1,89280000E+0	-65,44581286E-6	
1,89440000E+0	-64,84189598E-6	
1,89620000E+0	-64,22262550E-6	
1,89800000E+0	-63,64851205E-6	
1,89930000E+0	-63,08554188E-6	
1,90150000E+0	-62,44765476E-6	
1,90150000E+0	-61,71117343E-6	
1,90470000E+0	-60,94111695E-6	
1,90470000E+0	-60,19885275E-6	
1,90640000E+0	-59,48595501E-6	
1,90820000E+0	-58,76790151E-6	
1,90980000E+0	-58,06691711E-6	
1,91180000E+0	-57,41350262E-6	
1,91330000E+0	-56,73137993E-6	
1,91330000E+0	-55,98307226E-6	
1,91530000E+0	-55,15336392E-6	
1,91690000E+0	-54,30625250E-6	
1,91870000E+0	-53,43454063E-6	
1,92040000E+0	-52,58132609E-6	
1,92160000E+0	-51,70483930E-6	
1,92360000E+0	-50,81799571E-6	
1,92360000E+0	-50,02070441E-6	
1,92710000E+0	-49,23299651E-6	
1,92710000E+0	-48,41007568E-6	
1,92890000E+0	-47,50798386E-6	
1,93070000E+0	-46,62084356E-6	
1,93230000E+0	-45,69926215E-6	
1,93430000E+0	-44,71304046E-6	
1,93580000E+0	-43,73755287E-6	
1,93580000E+0	-42,76109202E-6	
1,93780000E+0	-41,80256341E-6	
1,93940000E+0	-40,87333719E-6	
1,94100000E+0	-39,95064911E-6	
1,94250000E+0	-38,97924479E-6	
1,94450000E+0	-37,99299655E-6	
1,94530000E+0	-37,02434152E-6	
1,94610000E+0	-36,08335012E-6	
1,94960000E+0	-35,14471789E-6	
1,94960000E+0	-34,23828599E-6	
1,95120000E+0	-33,40242996E-6	
1,95320000E+0	-32,63314754E-6	
1,95480000E+0	-31,87562499E-6	
1,95670000E+0	-31,04887143E-6	
1,95830000E+0	-30,24768717E-6	
1,95830000E+0	-29,50091024E-6	
1,96030000E+0	-28,78498374E-6	
1,96340000E+0	-28,09410885E-6	
1,96340000E+0	-27,44756713E-6	
1,96500000E+0	-26,88582229E-6	
1,96700000E+0	-26,43762769E-6	
1,96780000E+0	-26,08699144E-6	
1,97030000E+0	-25,82774785E-6	
1,97210000E+0	-25,66179719E-6	
1,97210000E+0	-25,59426618E-6	
1,97370000E+0	-25,58952339E-6	
1,97570000E+0	-25,71376463E-6	
1,97700000E+0	-25,95685758E-6	
1,97920000E+0	-26,31489464E-6	
1,98040000E+0	-26,74066499E-6	
1,98040000E+0	-27,23577537E-6	
1,98260000E+0	-27,81160507E-6	
1,98590000E+0	-28,51861571E-6	
1,98590000E+0	-29,33081622E-6	
1,98750000E+0	-30,18004806E-6	
1,98950000E+0	-30,96470342E-6	
1,98950000E+0	-32,10519097E-6	
1,99300000E+0	-33,17003775E-6	
1,99380000E+0	-34,21969353E-6	
1,99460000E+0	-35,25765909E-6	
1,99650000E+0	-36,30329034E-6	
1,99850000E+0	-37,40060065E-6	
1,99940000E+0	-38,53734057E-6	
2,00080000E+0	-39,70371277E-6	
2,00180000E+0	-40,85485836E-6	
2,00180000E+0	-41,99318161E-6	
2,00300000E+0	-43,04289843E-6	
2,00470000E+0	-43,94047498E-6	
2,00470000E+0	-44,75901768E-6	
2,00530000E+0	-45,51934851E-6	
2,00580000E+0	-46,26171632E-6	
2,00610000E+0	-46,94214239E-6	
2,00620000E+0	-47,55902518E-6	
2,00620000E+0	-48,10144412E-6	
2,00620000E+0	-48,53730087E-6	
2,00600000E+0	-48,88153055E-6	
2,00560000E+0	-49,11313545E-6	
2,00540000E+0	-49,26980803E-6	
2,00500000E+0	-49,39032337E-6	
2,00460000E+0	-49,46368603E-6	
2,00460000E+0	-49,47228394E-6	
2,00340000E+0	-49,42458014E-6	
2,00290000E+0	-49,32189956E-6	
2,00290000E+0	-49,16748232E-6	
2,00230000E+0	-48,99091124E-6	
2,00160000E+0	-48,78670134E-6	
2,00120000E+0	-48,53235792E-6	
2,00070000E+0	-48,23082370E-6	
2,00050000E+0	-47,85021951E-6	
2,00020000E+0	-47,42426209E-6	
1,99950000E+0	-47,01852476E-6	
1,99950000E+0	-46,64854495E-6	
1,99910000E+0	-46,29201509E-6	
1,99890000E+0	-45,92732806E-6	
1,99880000E+0	-45,62714604E-6	
1,99870000E+0	-45,36521635E-6	
1,99830000E+0	-45,12467119E-6	
1,99830000E+0	-44,90624936E-6	
1,99820000E+0	-44,71092122E-6	
1,99820000E+0	-44,53633483E-6	
1,99810000E+0	-44,39263907E-6	
1,99810000E+0	-44,31775939E-6	
1,99800000E+0	-44,28624452E-6	
1,99800000E+0	-44,23716384E-6	
1,99800000E+0	-44,15600047E-6	
1,99810000E+0	-44,09457832E-6	
1,99810000E+0	-44,05159613E-6	
1,99810000E+0	-43,99246187E-6	
1,99810000E+0	-43,92392505E-6	
1,99820000E+0	-43,92155726E-6	
1,99820000E+0	-43,94182390E-6	
1,99830000E+0	-43,93808577E-6	
1,99830000E+0	-43,90870084E-6	
1,99840000E+0	-43,88037437E-6	
1,99840000E+0	-43,87028478E-6	
1,99850000E+0	-43,86465812E-6	
1,99860000E+0	-43,87496978E-6	
1,99860000E+0	-43,89884429E-6	
1,99870000E+0	-43,92739041E-6	
1,99870000E+0	-43,93393622E-6	
1,99880000E+0	-43,93997436E-6	
1,99880000E+0	-43,96299183E-6	
1,99890000E+0	-43,97616549E-6	
1,99900000E+0	-43,98730573E-6	
1,99900000E+0	-44,00696068E-6	
1,99910000E+0	-44,02618349E-6	
