-0.00000000E+0	-83.39231983E-9	
-0.00000000E+0	-84.30945784E-9	
200.00000000E-6	-83.91760388E-9	
500.00000000E-6	-83.50167692E-9	
900.00000000E-6	-83.15017787E-9	
1.50000000E-3	-83.34041554E-9	
2.10000000E-3	-84.08128372E-9	
2.60000000E-3	-84.90301961E-9	
3.30000000E-3	-86.02253369E-9	
3.70000000E-3	-87.64114595E-9	
4.40000000E-3	-89.42230416E-9	
5.20000000E-3	-90.73164683E-9	
5.70000000E-3	-91.56493357E-9	
6.50000000E-3	-91.90957152E-9	
7.30000000E-3	-91.88857190E-9	
8.20000000E-3	-91.50766830E-9	
8.70000000E-3	-90.36358274E-9	
9.50000000E-3	-88.51796826E-9	
10.30000000E-3	-87.17097880E-9	
10.90000000E-3	-87.10659600E-9	
11.70000000E-3	-88.22722474E-9	
12.50000000E-3	-89.80031855E-9	
13.40000000E-3	-91.16158971E-9	
14.00000000E-3	-92.18586261E-9	
14.80000000E-3	-93.16287063E-9	
15.40000000E-3	-94.13274014E-9	
16.20000000E-3	-95.16279519E-9	
16.80000000E-3	-97.06492752E-9	
17.60000000E-3	-100.25091063E-9	
18.50000000E-3	-104.54690456E-9	
19.30000000E-3	-109.41156664E-9	
19.80000000E-3	-115.12890259E-9	
20.70000000E-3	-120.96945713E-9	
21.60000000E-3	-126.64637965E-9	
22.20000000E-3	-132.71632090E-9	
22.90000000E-3	-139.81992837E-9	
23.80000000E-3	-146.47557346E-9	
24.70000000E-3	-152.78398708E-9	
25.30000000E-3	-160.09009782E-9	
26.10000000E-3	-168.12212217E-9	
26.60000000E-3	-176.84826217E-9	
27.80000000E-3	-185.24015595E-9	
28.30000000E-3	-192.15693769E-9	
29.20000000E-3	-197.14057336E-9	
29.80000000E-3	-201.16542617E-9	
30.70000000E-3	-205.44019550E-9	
31.50000000E-3	-209.99194105E-9	
32.00000000E-3	-213.95590563E-9	
32.90000000E-3	-216.60582288E-9	
33.80000000E-3	-217.84536406E-9	
34.30000000E-3	-217.96261627E-9	
35.20000000E-3	-217.17538141E-9	
35.80000000E-3	-215.32515790E-9	
36.00000000E-3	-212.31789477E-9	
37.20000000E-3	-208.43313978E-9	
38.00000000E-3	-204.20622895E-9	
38.60000000E-3	-199.44377076E-9	
39.50000000E-3	-193.16131335E-9	
40.30000000E-3	-184.65294121E-9	
40.90000000E-3	-174.27440758E-9	
41.70000000E-3	-162.99046881E-9	
42.60000000E-3	-151.05084549E-9	
43.20000000E-3	-137.95923165E-9	
44.00000000E-3	-123.28260858E-9	
44.90000000E-3	-107.00690165E-9	
45.70000000E-3	-89.16694198E-9	
46.30000000E-3	-69.49673088E-9	
47.10000000E-3	-47.24182212E-9	
48.00000000E-3	-25.60788467E-9	
48.60000000E-3	-4.34851933E-9	
49.40000000E-3	17.48703964E-9	
50.30000000E-3	38.38054488E-9	
50.90000000E-3	61.41484927E-9	
51.70000000E-3	86.35600560E-9	
52.50000000E-3	112.81761951E-9	
53.10000000E-3	141.15593620E-9	
53.70000000E-3	170.21279274E-9	
54.70000000E-3	199.48617089E-9	
55.50000000E-3	228.63513216E-9	
56.40000000E-3	257.35881916E-9	
57.00000000E-3	285.07619531E-9	
57.90000000E-3	311.59219966E-9	
58.40000000E-3	337.60306371E-9	
59.30000000E-3	364.72487902E-9	
60.20000000E-3	390.31596683E-9	
60.80000000E-3	418.83857077E-9	
61.60000000E-3	447.49299983E-9	
62.40000000E-3	473.72875028E-9	
63.30000000E-3	497.53017756E-9	
63.90000000E-3	521.25921764E-9	
64.70000000E-3	544.21352498E-9	
65.60000000E-3	565.87453962E-9	
66.40000000E-3	586.27964732E-9	
67.00000000E-3	606.32263726E-9	
67.80000000E-3	623.70928361E-9	
68.70000000E-3	637.58371597E-9	
69.60000000E-3	650.26848218E-9	
70.20000000E-3	663.20252495E-9	
71.00000000E-3	675.53897414E-9	
71.80000000E-3	687.07508877E-9	
72.70000000E-3	696.58538925E-9	
73.30000000E-3	703.70769481E-9	
74.10000000E-3	708.76587878E-9	
75.00000000E-3	712.92027574E-9	
75.60000000E-3	716.33476006E-9	
76.40000000E-3	718.21538159E-9	
77.00000000E-3	717.88993792E-9	
77.80000000E-3	715.61272256E-9	
78.70000000E-3	711.92394541E-9	
79.30000000E-3	707.20129053E-9	
80.10000000E-3	701.50009988E-9	
81.00000000E-3	695.58909004E-9	
81.90000000E-3	689.66344774E-9	
82.40000000E-3	683.04026596E-9	
83.20000000E-3	675.57356437E-9	
84.00000000E-3	667.93175292E-9	
84.70000000E-3	660.76247369E-9	
85.50000000E-3	653.59263366E-9	
86.40000000E-3	645.94002461E-9	
87.00000000E-3	637.74943955E-9	
87.80000000E-3	629.43589123E-9	
88.40000000E-3	621.40908917E-9	
89.20000000E-3	613.83378775E-9	
89.80000000E-3	606.42635354E-9	
90.70000000E-3	598.47396915E-9	
91.50000000E-3	590.73279118E-9	
92.10000000E-3	582.63968278E-9	
93.00000000E-3	574.63497321E-9	
93.80000000E-3	567.57640267E-9	
94.40000000E-3	561.67362943E-9	
95.30000000E-3	556.27403755E-9	
96.10000000E-3	551.46838389E-9	
96.70000000E-3	547.30751162E-9	
97.50000000E-3	543.89080540E-9	
98.40000000E-3	540.81921879E-9	
98.90000000E-3	538.07849031E-9	
99.80000000E-3	535.63481009E-9	
100.30000000E-3	533.40737399E-9	
101.20000000E-3	531.68016356E-9	
102.10000000E-3	530.73597150E-9	
102.60000000E-3	530.67995746E-9	
103.50000000E-3	531.27473215E-9	
104.40000000E-3	532.41344577E-9	
105.00000000E-3	534.19883821E-9	
105.90000000E-3	536.72910555E-9	
106.40000000E-3	539.74657623E-9	
107.30000000E-3	542.86615504E-9	
107.90000000E-3	545.96394309E-9	
108.80000000E-3	549.30346703E-9	
109.60000000E-3	552.69988564E-9	
110.50000000E-3	556.25310208E-9	
111.00000000E-3	559.70941643E-9	
111.90000000E-3	563.25245028E-9	
112.40000000E-3	567.62261872E-9	
113.30000000E-3	572.97327175E-9	
114.10000000E-3	578.99259822E-9	
114.70000000E-3	585.65783624E-9	
115.40000000E-3	592.59115968E-9	
116.30000000E-3	599.22942432E-9	
117.00000000E-3	604.45496149E-9	
117.90000000E-3	609.21799685E-9	
118.70000000E-3	613.13490825E-9	
119.20000000E-3	616.79893479E-9	
120.20000000E-3	620.53074390E-9	
120.80000000E-3	624.23365206E-9	
121.70000000E-3	627.58737885E-9	
122.20000000E-3	630.77885791E-9	
123.10000000E-3	634.63843370E-9	
124.00000000E-3	639.47773991E-9	
124.50000000E-3	644.68215405E-9	
125.40000000E-3	649.82147155E-9	
126.20000000E-3	654.21675632E-9	
126.80000000E-3	658.77425995E-9	
127.70000000E-3	664.19487276E-9	
128.50000000E-3	669.38350672E-9	
129.30000000E-3	674.07064794E-9	
129.90000000E-3	678.22439854E-9	
130.80000000E-3	682.08359799E-9	
131.30000000E-3	686.12394373E-9	
132.20000000E-3	690.48236323E-9	
133.10000000E-3	694.69774420E-9	
133.60000000E-3	698.38524510E-9	
134.50000000E-3	701.37171482E-9	
135.00000000E-3	703.90665117E-9	
135.00000000E-3	706.43844839E-9	
136.80000000E-3	709.33369519E-9	
137.60000000E-3	712.40412721E-9	
138.20000000E-3	715.26211334E-9	
139.00000000E-3	717.91110869E-9	
139.60000000E-3	720.31958806E-9	
140.50000000E-3	722.42869097E-9	
141.20000000E-3	724.54551570E-9	
141.90000000E-3	727.37107300E-9	
142.80000000E-3	731.02151758E-9	
143.60000000E-3	734.50887877E-9	
144.20000000E-3	736.86124197E-9	
145.00000000E-3	737.89045861E-9	
145.80000000E-3	738.17267962E-9	
146.60000000E-3	738.09028706E-9	
147.40000000E-3	737.47695534E-9	
148.00000000E-3	736.37677755E-9	
148.70000000E-3	735.58516710E-9	
149.50000000E-3	735.83777019E-9	
150.40000000E-3	737.00166937E-9	
151.00000000E-3	737.89182414E-9	
151.90000000E-3	737.77722992E-9	
152.60000000E-3	737.03062423E-9	
153.30000000E-3	736.26032588E-9	
154.10000000E-3	735.47791977E-9	
155.00000000E-3	734.65499003E-9	
155.60000000E-3	734.19471056E-9	
156.50000000E-3	734.21199599E-9	
157.10000000E-3	734.13234824E-9	
157.90000000E-3	733.60682750E-9	
158.60000000E-3	732.60629478E-9	
159.30000000E-3	731.45656556E-9	
160.20000000E-3	730.47144646E-9	
161.00000000E-3	729.27451461E-9	
161.60000000E-3	726.88593187E-9	
162.50000000E-3	723.05717136E-9	
163.20000000E-3	718.77466939E-9	
163.90000000E-3	715.26564982E-9	
164.70000000E-3	712.69839925E-9	
165.50000000E-3	710.55745121E-9	
166.20000000E-3	708.69316820E-9	
167.00000000E-3	707.37014688E-9	
167.60000000E-3	706.48017670E-9	
168.50000000E-3	705.08084727E-9	
169.30000000E-3	702.73773012E-9	
169.90000000E-3	699.46486653E-9	
170.70000000E-3	695.42961450E-9	
171.60000000E-3	691.92594812E-9	
172.20000000E-3	689.65380935E-9	
172.70000000E-3	688.25091436E-9	
173.90000000E-3	686.41354748E-9	
174.50000000E-3	683.67074098E-9	
175.40000000E-3	680.25334832E-9	
176.00000000E-3	676.43226254E-9	
176.80000000E-3	672.85551589E-9	
177.40000000E-3	670.13726913E-9	
178.20000000E-3	668.08846340E-9	
178.80000000E-3	666.19771908E-9	
179.60000000E-3	664.12064684E-9	
180.50000000E-3	662.22169653E-9	
181.40000000E-3	660.08203986E-9	
181.90000000E-3	656.94928218E-9	
182.80000000E-3	652.64692929E-9	
183.70000000E-3	648.25341139E-9	
184.20000000E-3	643.69977831E-9	
185.10000000E-3	638.49339598E-9	
186.00000000E-3	633.95853811E-9	
186.80000000E-3	630.34707387E-9	
187.70000000E-3	627.85372674E-9	
188.20000000E-3	626.07304515E-9	
189.20000000E-3	624.49271021E-9	
189.70000000E-3	622.17757257E-9	
190.60000000E-3	618.39887531E-9	
191.50000000E-3	613.28263312E-9	
192.00000000E-3	608.04395006E-9	
192.90000000E-3	603.65502557E-9	
193.40000000E-3	600.42517721E-9	
194.20000000E-3	598.06734430E-9	
195.10000000E-3	595.74038976E-9	
195.70000000E-3	592.92390927E-9	
196.50000000E-3	589.90264451E-9	
197.30000000E-3	587.15889881E-9	
197.90000000E-3	584.56226957E-9	
198.80000000E-3	581.43488816E-9	
199.30000000E-3	577.11997977E-9	
