0.00000000E+0	-74.23146235E-9	
100.00000000E-6	-72.91452193E-9	
200.00000000E-6	-72.81011844E-9	
600.00000000E-6	-73.96279040E-9	
1.00000000E-3	-75.95724841E-9	
1.50000000E-3	-78.20697589E-9	
2.10000000E-3	-79.77083135E-9	
2.60000000E-3	-79.73840529E-9	
3.30000000E-3	-78.33380712E-9	
3.90000000E-3	-76.56417415E-9	
4.50000000E-3	-74.90521701E-9	
5.20000000E-3	-73.68342187E-9	
5.80000000E-3	-73.29605987E-9	
6.50000000E-3	-73.85047644E-9	
7.40000000E-3	-74.98074103E-9	
8.00000000E-3	-76.56390651E-9	
8.90000000E-3	-78.81140049E-9	
9.50000000E-3	-81.59020941E-9	
10.40000000E-3	-84.19301944E-9	
11.10000000E-3	-85.51527989E-9	
11.80000000E-3	-85.00240473E-9	
12.60000000E-3	-83.35421240E-9	
13.20000000E-3	-82.21443696E-9	
14.00000000E-3	-82.27564511E-9	
14.90000000E-3	-83.79837440E-9	
15.50000000E-3	-86.73028997E-9	
16.30000000E-3	-90.52518931E-9	
17.10000000E-3	-94.39195657E-9	
17.70000000E-3	-98.12773561E-9	
18.50000000E-3	-101.50432667E-9	
19.10000000E-3	-104.41283877E-9	
20.00000000E-3	-106.48821586E-9	
20.80000000E-3	-108.15261327E-9	
21.50000000E-3	-109.41477810E-9	
22.20000000E-3	-110.25811455E-9	
23.10000000E-3	-111.02309186E-9	
23.70000000E-3	-112.48860986E-9	
24.50000000E-3	-114.90878589E-9	
25.40000000E-3	-117.86639621E-9	
26.00000000E-3	-120.70430551E-9	
26.80000000E-3	-123.11335538E-9	
27.70000000E-3	-125.24898146E-9	
28.20000000E-3	-126.94258732E-9	
29.10000000E-3	-128.14486408E-9	
29.90000000E-3	-128.63572233E-9	
30.60000000E-3	-128.79062913E-9	
31.40000000E-3	-129.18657960E-9	
32.30000000E-3	-130.16666840E-9	
32.80000000E-3	-131.60400470E-9	
33.60000000E-3	-132.76963321E-9	
34.50000000E-3	-132.89669847E-9	
35.10000000E-3	-131.73128138E-9	
35.90000000E-3	-129.60363781E-9	
36.70000000E-3	-127.31905765E-9	
37.40000000E-3	-125.16372370E-9	
38.20000000E-3	-122.79484203E-9	
38.90000000E-3	-119.51954045E-9	
39.60000000E-3	-115.30570603E-9	
40.30000000E-3	-110.35994080E-9	
41.20000000E-3	-105.26714061E-9	
42.00000000E-3	-99.97522438E-9	
42.60000000E-3	-93.66921043E-9	
43.50000000E-3	-86.74628560E-9	
44.10000000E-3	-78.75700974E-9	
44.90000000E-3	-70.38344702E-9	
45.80000000E-3	-62.05746152E-9	
46.70000000E-3	-53.28233542E-9	
47.20000000E-3	-44.00400055E-9	
48.10000000E-3	-34.38699335E-9	
48.60000000E-3	-24.18214349E-9	
49.50000000E-3	-12.82117080E-9	
50.30000000E-3	-689.46491178E-12	
51.00000000E-3	11.11102647E-9	
51.90000000E-3	22.12135740E-9	
52.60000000E-3	32.34480937E-9	
53.50000000E-3	42.28588721E-9	
54.20000000E-3	52.72049028E-9	
54.80000000E-3	64.40246314E-9	
55.60000000E-3	76.84132732E-9	
56.30000000E-3	89.51343865E-9	
57.10000000E-3	102.26834194E-9	
57.40000000E-3	114.56989250E-9	
58.60000000E-3	126.37985263E-9	
59.20000000E-3	137.57990060E-9	
60.00000000E-3	148.13773044E-9	
60.90000000E-3	157.87973950E-9	
61.50000000E-3	166.81677112E-9	
62.30000000E-3	175.85848690E-9	
63.10000000E-3	186.06813349E-9	
63.80000000E-3	197.71641692E-9	
64.60000000E-3	210.03527638E-9	
65.50000000E-3	222.11714078E-9	
66.30000000E-3	232.92125183E-9	
66.90000000E-3	242.66108450E-9	
67.70000000E-3	252.06135521E-9	
68.30000000E-3	260.76537070E-9	
69.20000000E-3	268.07448871E-9	
70.00000000E-3	273.70350498E-9	
70.60000000E-3	278.24551128E-9	
71.50000000E-3	282.67226037E-9	
71.70000000E-3	287.11024567E-9	
73.20000000E-3	291.77042288E-9	
73.80000000E-3	296.10079930E-9	
74.60000000E-3	299.77531775E-9	
74.90000000E-3	303.21269593E-9	
76.00000000E-3	306.94414197E-9	
76.60000000E-3	310.46925718E-9	
77.50000000E-3	312.95273983E-9	
78.30000000E-3	314.04494579E-9	
78.90000000E-3	314.23541520E-9	
79.80000000E-3	314.25528968E-9	
80.60000000E-3	314.38312155E-9	
81.30000000E-3	314.26224975E-9	
82.10000000E-3	313.76449532E-9	
82.70000000E-3	313.54186586E-9	
83.50000000E-3	313.93835881E-9	
84.00000000E-3	314.44265768E-9	
85.20000000E-3	314.21190039E-9	
85.90000000E-3	312.82121742E-9	
86.70000000E-3	310.72874805E-9	
87.00000000E-3	308.94792747E-9	
88.20000000E-3	307.43490053E-9	
88.80000000E-3	305.88352157E-9	
89.70000000E-3	304.10250588E-9	
90.40000000E-3	302.26210240E-9	
91.10000000E-3	300.75175816E-9	
91.90000000E-3	299.29598620E-9	
92.80000000E-3	297.11935798E-9	
93.50000000E-3	294.66721174E-9	
94.20000000E-3	293.13731898E-9	
94.90000000E-3	292.72904286E-9	
95.70000000E-3	292.62824525E-9	
96.50000000E-3	291.98602616E-9	
97.40000000E-3	290.66702914E-9	
98.00000000E-3	289.41549479E-9	
98.50000000E-3	288.81014435E-9	
98.80000000E-3	288.93658190E-9	
99.70000000E-3	289.58642664E-9	
100.90000000E-3	290.49452254E-9	
101.60000000E-3	291.62166988E-9	
102.40000000E-3	292.58051040E-9	
103.20000000E-3	292.99436168E-9	
103.80000000E-3	293.22379204E-9	
104.70000000E-3	293.82420400E-9	
105.50000000E-3	294.46871844E-9	
106.10000000E-3	294.21729262E-9	
107.00000000E-3	292.97746974E-9	
107.60000000E-3	292.33768617E-9	
108.40000000E-3	294.02996712E-9	
109.30000000E-3	298.03068773E-9	
109.80000000E-3	302.70953870E-9	
110.70000000E-3	306.66688718E-9	
111.60000000E-3	309.26938944E-9	
111.80000000E-3	310.49606800E-9	
112.60000000E-3	311.18829975E-9	
113.30000000E-3	312.60450895E-9	
114.40000000E-3	315.08587015E-9	
115.00000000E-3	317.57119598E-9	
115.60000000E-3	319.13215322E-9	
116.80000000E-3	320.10656651E-9	
117.40000000E-3	321.33641925E-9	
118.20000000E-3	323.06177903E-9	
118.80000000E-3	324.98948584E-9	
119.70000000E-3	326.78043963E-9	
120.50000000E-3	328.50389158E-9	
121.40000000E-3	330.69340439E-9	
122.00000000E-3	333.57526530E-9	
122.30000000E-3	336.93482797E-9	
123.50000000E-3	340.55044338E-9	
124.40000000E-3	343.91791541E-9	
124.90000000E-3	346.74143674E-9	
125.80000000E-3	349.39011101E-9	
126.60000000E-3	351.74518578E-9	
127.20000000E-3	354.50575732E-9	
128.10000000E-3	357.81655144E-9	
129.00000000E-3	361.00401690E-9	
129.80000000E-3	363.74146660E-9	
130.40000000E-3	366.43017050E-9	
131.30000000E-3	369.43508433E-9	
131.80000000E-3	372.28930180E-9	
132.70000000E-3	374.51386312E-9	
133.50000000E-3	376.25862822E-9	
134.10000000E-3	377.89100380E-9	
135.00000000E-3	379.68536708E-9	
135.80000000E-3	381.80390048E-9	
136.40000000E-3	384.19798902E-9	
137.30000000E-3	386.16156188E-9	
137.90000000E-3	387.41028300E-9	
138.60000000E-3	388.46751060E-9	
139.50000000E-3	389.86141618E-9	
140.40000000E-3	391.40526102E-9	
140.90000000E-3	392.99182852E-9	
141.80000000E-3	395.26133259E-9	
142.50000000E-3	397.96770922E-9	
143.20000000E-3	400.14828198E-9	
143.80000000E-3	401.26724422E-9	
144.60000000E-3	401.45954716E-9	
145.50000000E-3	401.44019014E-9	
146.10000000E-3	402.20769871E-9	
147.00000000E-3	404.01127336E-9	
147.80000000E-3	406.16110490E-9	
148.70000000E-3	407.86458891E-9	
149.30000000E-3	408.87988976E-9	
150.10000000E-3	409.24197232E-9	
150.70000000E-3	409.54485739E-9	
151.60000000E-3	410.47493115E-9	
152.50000000E-3	411.83046372E-9	
153.00000000E-3	413.30420173E-9	
153.90000000E-3	414.74469985E-9	
154.80000000E-3	415.79032891E-9	
155.50000000E-3	416.37530213E-9	
156.30000000E-3	416.58705248E-9	
157.10000000E-3	416.68385269E-9	
157.90000000E-3	416.93113341E-9	
158.50000000E-3	417.18219047E-9	
159.30000000E-3	417.19750687E-9	
160.00000000E-3	417.13299155E-9	
160.80000000E-3	417.30848008E-9	
161.60000000E-3	417.83644840E-9	
162.20000000E-3	418.62190273E-9	
163.00000000E-3	419.76802912E-9	
163.70000000E-3	421.32601531E-9	
164.40000000E-3	422.96720887E-9	
165.10000000E-3	423.91004490E-9	
166.00000000E-3	423.90041736E-9	
166.60000000E-3	423.11597604E-9	
166.90000000E-3	421.59412925E-9	
168.10000000E-3	420.04852498E-9	
168.90000000E-3	419.07182431E-9	
169.80000000E-3	418.44978025E-9	
170.40000000E-3	418.04307748E-9	
171.30000000E-3	417.90483946E-9	
171.80000000E-3	417.65232544E-9	
172.70000000E-3	416.68762506E-9	
173.50000000E-3	415.02462933E-9	
174.10000000E-3	413.34767552E-9	
175.00000000E-3	411.88038956E-9	
175.60000000E-3	410.45602987E-9	
176.50000000E-3	408.82659942E-9	
177.30000000E-3	407.07558708E-9	
177.90000000E-3	405.51828071E-9	
178.80000000E-3	403.93249288E-9	
179.60000000E-3	402.23802729E-9	
180.50000000E-3	401.04983021E-9	
181.10000000E-3	400.66615739E-9	
181.90000000E-3	400.98784075E-9	
182.70000000E-3	401.42525890E-9	
183.30000000E-3	401.27624483E-9	
184.20000000E-3	400.34493343E-9	
184.80000000E-3	398.99737255E-9	
185.60000000E-3	397.87148824E-9	
186.20000000E-3	397.40550794E-9	
186.80000000E-3	397.33416002E-9	
187.90000000E-3	396.79867948E-9	
188.80000000E-3	395.52056516E-9	
189.40000000E-3	394.00696786E-9	
190.10000000E-3	392.69199812E-9	
190.90000000E-3	391.35930670E-9	
191.70000000E-3	389.70250864E-9	
192.30000000E-3	387.82553428E-9	
193.40000000E-3	386.21443333E-9	
193.90000000E-3	385.20401791E-9	
194.80000000E-3	384.60235970E-9	
195.40000000E-3	383.59182739E-9	
196.30000000E-3	381.41480334E-9	
196.90000000E-3	378.49078022E-9	
197.70000000E-3	375.97756344E-9	
198.60000000E-3	374.30446766E-9	
199.20000000E-3	373.35255642E-9	
199.90000000E-3	372.69773053E-9	
