-2.999999999999999889e-01	-4.089377999999999999e-06
-2.999999999999999889e-01	-4.085447000000000121e-06
-2.999999999999999889e-01	-4.086512000000000084e-06
-2.998999999999999999e-01	-4.086428000000000307e-06
-2.995999999999999774e-01	-4.087288000000001176e-06
-2.993000000000000105e-01	-4.087076000000001253e-06
-2.990999999999999770e-01	-4.081103999999999881e-06
-2.984999999999999876e-01	-4.065957999999999806e-06
-2.982000000000000206e-01	-4.035198000000001138e-06
-2.978000000000000091e-01	-3.986455000000000104e-06
-2.973000000000000087e-01	-3.931370000000000613e-06
-2.967000000000000193e-01	-3.871914000000000958e-06
-2.964999999999999858e-01	-3.806669999999999927e-06
-2.958000000000000074e-01	-3.736944000000000114e-06
-2.952000000000000179e-01	-3.660237999999999903e-06
-2.948999999999999955e-01	-3.573918000000000702e-06
-2.942000000000000171e-01	-3.472611000000001369e-06
-2.933999999999999941e-01	-3.372835000000000039e-06
-2.931000000000000272e-01	-3.259899000000001363e-06
-2.924999999999999822e-01	-3.152890000000000911e-06
-2.918000000000000038e-01	-3.035379000000000674e-06
-2.911000000000000254e-01	-2.927942000000001113e-06
-2.908000000000000029e-01	-2.829188000000000465e-06
-2.901000000000000245e-01	-2.746814999999999890e-06
-2.894999999999999796e-01	-2.669132000000000451e-06
-2.888000000000000012e-01	-2.586669000000000357e-06
-2.883999999999999897e-01	-2.492688000000001231e-06
-2.874999999999999778e-01	-2.384924000000000478e-06
-2.872000000000000108e-01	-2.264422000000000052e-06
-2.864999999999999769e-01	-2.136599000000001462e-06
-2.857999999999999985e-01	-2.008464000000001037e-06
-2.851000000000000201e-01	-1.882724000000000441e-06
-2.847999999999999976e-01	-1.763813999999999915e-06
-2.839999999999999747e-01	-1.651353999999999978e-06
-2.833999999999999853e-01	-1.537045999999999852e-06
-2.827000000000000068e-01	-1.424279000000000124e-06
-2.819999999999999729e-01	-1.338742000000001149e-06
-2.812999999999999945e-01	-1.264455000000001432e-06
-2.806000000000000161e-01	-1.195533000000000942e-06
-2.803999999999999826e-01	-1.125307000000000033e-06
-2.797000000000000042e-01	-1.051133000000001105e-06
-2.790000000000000258e-01	-9.768970000000008893e-07
-2.782999999999999918e-01	-9.078150000000010652e-07
-2.777000000000000024e-01	-8.359190000000002208e-07
-2.767999999999999905e-01	-7.551030000000004850e-07
-2.766000000000000125e-01	-6.631509999999999803e-07
-2.758999999999999786e-01	-5.551330000000011104e-07
-2.752000000000000002e-01	-4.348480000000009567e-07
-2.745000000000000218e-01	-3.230920000000001246e-07
-2.741000000000000103e-01	-2.212810000000004315e-07
-2.731999999999999984e-01	-1.233960000000002666e-07
-2.726000000000000090e-01	-3.089800000000120749e-08
-2.721000000000000085e-01	4.832799999999910767e-08
-2.713999999999999746e-01	1.135039999999991084e-07
-2.706999999999999962e-01	1.724109999999986445e-07
-2.702999999999999847e-01	2.376460000000000622e-07
-2.695000000000000173e-01	3.033659999999998327e-07
-2.687999999999999834e-01	3.780079999999989734e-07
-2.681999999999999940e-01	4.653519999999993352e-07
-2.679000000000000270e-01	5.679640000000001749e-07
-2.670000000000000151e-01	6.772919999999992067e-07
-2.665000000000000147e-01	7.921469999999989736e-07
-2.657999999999999807e-01	9.187379999999991309e-07
-2.651999999999999913e-01	1.062116999999999372e-06
-2.644000000000000239e-01	1.230895999999999404e-06
-2.641000000000000014e-01	1.431035999999998812e-06
-2.634000000000000230e-01	1.609208999999999385e-06
-2.625000000000000111e-01	1.769562000000000186e-06
-2.620000000000000107e-01	1.920767000000000036e-06
-2.616999999999999882e-01	2.068883999999999350e-06
-2.607999999999999763e-01	2.215123999999999156e-06
-2.599000000000000199e-01	2.350490999999999312e-06
-2.595999999999999974e-01	2.463935999999998698e-06
-2.589000000000000190e-01	2.554574999999999170e-06
-2.581999999999999851e-01	2.636493999999999494e-06
-2.575000000000000067e-01	2.726701999999999292e-06
-2.570999999999999952e-01	2.825402999999999959e-06
-2.564000000000000168e-01	2.929863999999998686e-06
-2.556999999999999829e-01	3.043361999999998052e-06
-2.549000000000000155e-01	3.167420000000000923e-06
-2.545999999999999930e-01	3.306863999999998634e-06
-2.541999999999999815e-01	3.465557999999997898e-06
-2.533000000000000251e-01	3.655813999999998063e-06
-2.528000000000000247e-01	3.882318000000001002e-06
-2.519000000000000128e-01	4.137013999999999487e-06
-2.513000000000000234e-01	4.395157000000000583e-06
-2.509000000000000119e-01	4.638069000000000740e-06
-2.501999999999999780e-01	4.859566000000000357e-06
-2.494999999999999996e-01	5.054227999999999748e-06
-2.490999999999999881e-01	5.236236000000000937e-06
-2.484000000000000097e-01	5.411091999999997828e-06
-2.477000000000000035e-01	5.564474999999998931e-06
-2.469999999999999973e-01	5.698624999999998315e-06
-2.466000000000000136e-01	5.818558000000000611e-06
-2.459000000000000075e-01	5.924150999999999246e-06
-2.452000000000000013e-01	6.036834999999998589e-06
-2.444000000000000061e-01	6.153206000000000392e-06
-2.437000000000000000e-01	6.272739999999997815e-06
-2.432999999999999885e-01	6.387284999999997919e-06
-2.429999999999999938e-01	6.495743000000000464e-06
-2.421000000000000096e-01	6.607807999999999873e-06
-2.414999999999999925e-01	6.741557999999998381e-06
-2.407999999999999863e-01	6.909732000000000135e-06
-2.404000000000000026e-01	7.110794999999999399e-06
-2.396999999999999964e-01	7.343859000000000460e-06
-2.389999999999999902e-01	7.602280999999998034e-06
-2.381999999999999951e-01	7.867414000000000227e-06
-2.379000000000000004e-01	8.135968999999999894e-06
-2.371000000000000052e-01	8.401272000000000427e-06
-2.363999999999999990e-01	8.648021999999999377e-06
-2.356999999999999929e-01	8.889471000000000867e-06
-2.353000000000000091e-01	9.169612999999999988e-06
-2.346000000000000030e-01	9.451610999999999520e-06
-2.341999999999999915e-01	9.795512000000000820e-06
-2.333000000000000074e-01	1.015477499999999799e-05
-2.325000000000000122e-01	1.051622699999999990e-05
-2.321000000000000008e-01	1.086533200000000001e-05
-2.316999999999999893e-01	1.119971799999999976e-05
-2.310000000000000109e-01	1.149930599999999991e-05
-2.303000000000000047e-01	1.177958000000000013e-05
-2.295999999999999985e-01	1.200679999999999827e-05
-2.288999999999999924e-01	1.221373299999999821e-05
-2.285000000000000087e-01	1.239989999999999964e-05
-2.278000000000000025e-01	1.258237100000000070e-05
-2.270000000000000073e-01	1.278660699999999967e-05
-2.267000000000000126e-01	1.301372499999999880e-05
-2.260000000000000064e-01	1.325167800000000035e-05
-2.253000000000000003e-01	1.346778300000000021e-05
-2.245000000000000051e-01	1.362687999999999852e-05
-2.237999999999999989e-01	1.374746899999999860e-05
-2.233999999999999875e-01	1.386867499999999982e-05
-2.230999999999999928e-01	1.402578199999999784e-05
-2.222000000000000086e-01	1.423593599999999881e-05
-2.212999999999999967e-01	1.449465200000000069e-05
-2.209000000000000130e-01	1.479698799999999793e-05
-2.202000000000000068e-01	1.508336199999999797e-05
-2.197999999999999954e-01	1.538842700000000045e-05
-2.190999999999999892e-01	1.571447700000000049e-05
-2.184999999999999998e-01	1.607238999999999809e-05
-2.175999999999999879e-01	1.645129800000000073e-05
-2.174000000000000099e-01	1.680655499999999955e-05
-2.165999999999999870e-01	1.712948799999999973e-05
-2.159000000000000086e-01	1.742025899999999770e-05
-2.154999999999999971e-01	1.766612100000000094e-05
-2.147999999999999909e-01	1.787528500000000041e-05
-2.144000000000000072e-01	1.806899599999999833e-05
-2.134999999999999953e-01	1.824803400000000182e-05
-2.129999999999999949e-01	1.840428799999999979e-05
-2.122999999999999887e-01	1.852692899999999637e-05
-2.119000000000000050e-01	1.860540399999999735e-05
-2.111999999999999988e-01	1.864302799999999744e-05
-2.104000000000000037e-01	1.864989599999999814e-05
-2.096999999999999975e-01	1.864408500000000227e-05
-2.094000000000000028e-01	1.864675600000000210e-05
-2.086000000000000076e-01	1.866986299999999767e-05
-2.079000000000000015e-01	1.872996800000000105e-05
-2.071999999999999953e-01	1.884105999999999880e-05
-2.068000000000000116e-01	1.899243900000000134e-05
-2.061000000000000054e-01	1.915454000000000042e-05
-2.056999999999999940e-01	1.931715600000000164e-05
-2.048000000000000098e-01	1.948362799999999749e-05
-2.043000000000000094e-01	1.965120000000000254e-05
-2.034999999999999865e-01	1.982828400000000079e-05
-2.031999999999999917e-01	2.002003599999999651e-05
-2.023999999999999966e-01	2.020891399999999718e-05
-2.016999999999999904e-01	2.038962900000000143e-05
-2.010000000000000120e-01	2.056726499999999628e-05
-2.006999999999999895e-01	2.075925799999999802e-05
-1.998999999999999944e-01	2.097407099999999694e-05
-1.991999999999999882e-01	2.119627699999999940e-05
-1.983999999999999930e-01	2.140372900000000244e-05
-1.980999999999999983e-01	2.160259400000000244e-05
-1.973000000000000032e-01	2.181360500000000102e-05
-1.968000000000000027e-01	2.206703099999999875e-05
-1.960999999999999965e-01	2.233702299999999934e-05
-1.955000000000000071e-01	2.263330999999999625e-05
-1.948000000000000009e-01	2.290958200000000247e-05
-1.945000000000000062e-01	2.316165699999999785e-05
-1.938000000000000000e-01	2.340543700000000249e-05
-1.930999999999999939e-01	2.364504099999999688e-05
-1.922999999999999987e-01	2.389619399999999688e-05
-1.920000000000000040e-01	2.416421300000000039e-05
-1.912000000000000088e-01	2.440916099999999999e-05
-1.905000000000000027e-01	2.461583199999999990e-05
-1.897999999999999965e-01	2.480208399999999711e-05
-1.894000000000000128e-01	2.499096999999999969e-05
-1.887000000000000066e-01	2.521027199999999823e-05
-1.880999999999999894e-01	2.547792300000000174e-05
-1.872000000000000053e-01	2.576164699999999936e-05
-1.867999999999999938e-01	2.602941999999999650e-05
-1.862000000000000044e-01	2.626628100000000094e-05
-1.857999999999999929e-01	2.646952699999999842e-05
-1.850999999999999868e-01	2.665875700000000203e-05
-1.844000000000000083e-01	2.684920499999999733e-05
-1.836000000000000132e-01	2.703156300000000267e-05
-1.832999999999999907e-01	2.718985099999999793e-05
-1.824999999999999956e-01	2.731147999999999961e-05
-1.817999999999999894e-01	2.739799899999999816e-05
-1.814999999999999947e-01	2.748379699999999777e-05
-1.806999999999999995e-01	2.763170299999999994e-05
-1.799999999999999933e-01	2.786397499999999778e-05
-1.792999999999999872e-01	2.817289199999999731e-05
-1.784999999999999920e-01	2.856326899999999658e-05
-1.781999999999999973e-01	2.902645900000000188e-05
-1.778000000000000136e-01	2.955967900000000014e-05
-1.769000000000000017e-01	3.013431600000000092e-05
-1.761999999999999955e-01	3.066297900000000362e-05
-1.756999999999999951e-01	3.112350000000000110e-05
-1.754000000000000004e-01	3.151582000000000211e-05
-1.746000000000000052e-01	3.183467499999999349e-05
-1.738999999999999990e-01	3.206871900000000551e-05
-1.731000000000000039e-01	3.223495000000000212e-05
-1.724999999999999867e-01	3.237915500000000018e-05
-1.719999999999999862e-01	3.254344500000000060e-05
-1.713000000000000078e-01	3.274191399999999729e-05
-1.706000000000000016e-01	3.295842500000000115e-05
-1.701999999999999902e-01	3.318149000000000001e-05
-1.695000000000000118e-01	3.341105600000000234e-05
-1.691999999999999893e-01	3.364326400000000519e-05
-1.681999999999999884e-01	3.389081700000000407e-05
-1.676999999999999880e-01	3.415825600000000088e-05
-1.670000000000000095e-01	3.442079099999999616e-05
-1.666999999999999871e-01	3.464835899999999967e-05
-1.658999999999999919e-01	3.481397800000000226e-05
-1.652000000000000135e-01	3.490318300000000169e-05
-1.645000000000000073e-01	3.493441899999999401e-05
-1.640999999999999959e-01	3.494787699999999493e-05
-1.633999999999999897e-01	3.500415099999999865e-05
-1.627000000000000113e-01	3.515589800000000118e-05
-1.618999999999999884e-01	3.541245500000000381e-05
-1.615999999999999936e-01	3.574306400000000158e-05
-1.608999999999999875e-01	3.612356000000000486e-05
-1.600999999999999923e-01	3.656075799999999572e-05
-1.593999999999999861e-01	3.704071800000000188e-05
-1.590000000000000024e-01	3.754094999999999503e-05
-1.582999999999999963e-01	3.801548499999999437e-05
-1.579000000000000126e-01	3.840547199999999346e-05
-1.570999999999999897e-01	3.874291999999999938e-05
-1.565000000000000002e-01	3.908016900000000086e-05
-1.560999999999999888e-01	3.944095000000000055e-05
-1.554000000000000103e-01	3.981116099999999585e-05
-1.547000000000000042e-01	4.017632900000000292e-05
-1.539999999999999980e-01	4.057036600000000072e-05
-1.532999999999999918e-01	4.098684200000000022e-05
-1.524999999999999967e-01	4.130287799999999361e-05
-1.522000000000000020e-01	4.155403599999999396e-05
-1.514000000000000068e-01	4.173992999999999866e-05
-1.507000000000000006e-01	4.186675899999999818e-05
-1.499999999999999944e-01	4.193756300000000192e-05
-1.492999999999999883e-01	4.195347899999999318e-05
-1.489999999999999936e-01	4.193297499999999809e-05
-1.481999999999999984e-01	4.191688599999999338e-05
-1.474000000000000032e-01	4.194777399999999388e-05
-1.471999999999999975e-01	4.205448899999999850e-05
-1.463000000000000134e-01	4.225324299999999480e-05
-1.459000000000000019e-01	4.252359699999999903e-05
-1.451000000000000068e-01	4.279145500000000211e-05
-1.446000000000000063e-01	4.301128100000000071e-05
-1.439000000000000001e-01	4.315876800000000338e-05
-1.434999999999999887e-01	4.322612100000000016e-05
-1.426999999999999935e-01	4.324620099999999540e-05
-1.419999999999999873e-01	4.326567499999999975e-05
-1.413000000000000089e-01	4.329589999999999318e-05
-1.408999999999999975e-01	4.334090900000000168e-05
-1.401000000000000023e-01	4.341352599999999807e-05
-1.398000000000000076e-01	4.351171400000000385e-05
-1.390000000000000124e-01	4.362529800000000517e-05
-1.383000000000000063e-01	4.374102499999999512e-05
-1.376000000000000001e-01	4.383651900000000488e-05
-1.371999999999999886e-01	4.390583099999999369e-05
-1.365000000000000102e-01	4.396968199999999756e-05
-1.358000000000000040e-01	4.405062499999999636e-05
-1.350000000000000089e-01	4.411935699999999880e-05
-1.345999999999999974e-01	4.415657399999999889e-05
-1.338999999999999913e-01	4.416357499999999669e-05
-1.335000000000000075e-01	4.415807600000000097e-05
-1.328000000000000014e-01	4.416241400000000086e-05
-1.320999999999999952e-01	4.419335300000000087e-05
-1.313999999999999890e-01	4.424591700000000255e-05
-1.310000000000000053e-01	4.428983600000000256e-05
-1.302999999999999992e-01	4.431709100000000507e-05
-1.295000000000000040e-01	4.438099700000000601e-05
-1.287999999999999978e-01	4.451384400000000098e-05
-1.285000000000000031e-01	4.472414600000000010e-05
-1.277000000000000079e-01	4.498554099999999695e-05
-1.270000000000000018e-01	4.524428800000000370e-05
-1.264000000000000123e-01	4.545187099999999829e-05
-1.260000000000000009e-01	4.562003600000000552e-05
-1.252000000000000057e-01	4.576186000000000370e-05
-1.248999999999999971e-01	4.588199299999999288e-05
-1.241000000000000020e-01	4.600870400000000313e-05
-1.233999999999999958e-01	4.619593900000000270e-05
-1.226000000000000006e-01	4.647356699999999807e-05
-1.222000000000000031e-01	4.683958700000000240e-05
-1.214999999999999969e-01	4.729740499999999918e-05
-1.210999999999999993e-01	4.783601100000000423e-05
-1.203999999999999931e-01	4.841845900000000527e-05
-1.195999999999999980e-01	4.895557999999999453e-05
-1.189000000000000057e-01	4.938520499999999637e-05
-1.184999999999999942e-01	4.976224699999999112e-05
-1.180999999999999966e-01	5.014002299999999386e-05
-1.174000000000000044e-01	5.055288999999999432e-05
-1.165999999999999953e-01	5.101128299999999744e-05
-1.159000000000000030e-01	5.151941299999999557e-05
-1.150999999999999940e-01	5.195670999999999742e-05
-1.147999999999999993e-01	5.236179900000000130e-05
-1.140000000000000041e-01	5.277502299999999827e-05
-1.136000000000000065e-01	5.321068800000000251e-05
-1.129000000000000004e-01	5.367984599999999298e-05
-1.121000000000000052e-01	5.418384900000000192e-05
-1.113999999999999990e-01	5.471807400000000272e-05
-1.110000000000000014e-01	5.530558300000000137e-05
-1.102999999999999953e-01	5.593086299999999549e-05
-1.098999999999999977e-01	5.651841999999999207e-05
-1.091000000000000025e-01	5.703304499999999055e-05
-1.083999999999999964e-01	5.747315399999999126e-05
-1.077000000000000041e-01	5.785464099999999203e-05
-1.073000000000000065e-01	5.824583199999999131e-05
-1.068999999999999950e-01	5.869170299999999394e-05
-1.062000000000000027e-01	5.916278300000000232e-05
-1.054999999999999966e-01	5.959066599999999884e-05
-1.048000000000000043e-01	5.991818699999998930e-05
-1.044000000000000067e-01	6.018625399999999752e-05
-1.035999999999999976e-01	6.047347899999999882e-05
-1.033000000000000029e-01	6.076996199999999183e-05
-1.024999999999999939e-01	6.099587300000000275e-05
-1.018000000000000016e-01	6.107219000000000048e-05
-1.010000000000000064e-01	6.101617600000000139e-05
-1.003000000000000003e-01	6.092006399999999448e-05
-9.990000000000000269e-02	6.082707200000000254e-05
-9.950000000000000511e-02	6.074157399999999003e-05
-9.879999999999999893e-02	6.065474599999999290e-05
-9.800000000000000377e-02	6.051784599999999765e-05
-9.729999999999999760e-02	6.036698999999999917e-05
-9.650000000000000244e-02	6.024909299999999294e-05
-9.610000000000000486e-02	6.013395000000000047e-05
-9.579999999999999627e-02	5.990364700000000214e-05
-9.500000000000000111e-02	5.942631499999999822e-05
-9.429999999999999494e-02	5.864807299999999111e-05
-9.349999999999999978e-02	5.766156000000000092e-05
-9.310000000000000220e-02	5.666512699999999439e-05
-9.239999999999999603e-02	5.572646299999999453e-05
-9.199999999999999845e-02	5.481200999999999023e-05
-9.130000000000000615e-02	5.385777299999999735e-05
-9.049999999999999711e-02	5.269679300000000089e-05
-8.989999999999999380e-02	5.150207399999999827e-05
-8.909999999999999865e-02	5.026294199999999091e-05
-8.859999999999999820e-02	4.893929999999999407e-05
-8.830000000000000349e-02	4.751598399999999321e-05
-8.749999999999999445e-02	4.604695600000000108e-05
-8.680000000000000215e-02	4.437625699999999968e-05
-8.609999999999999598e-02	4.278576899999999466e-05
-8.540000000000000369e-02	4.123166199999999629e-05
-8.500000000000000611e-02	3.973623499999999649e-05
-8.419999999999999707e-02	3.828333299999999676e-05
-8.390000000000000235e-02	3.683584900000000471e-05
-8.309999999999999332e-02	3.528894799999999815e-05
-8.240000000000000102e-02	3.355868900000000439e-05
-8.150000000000000300e-02	3.169068200000000213e-05
-8.119999999999999440e-02	2.979780100000000063e-05
-8.050000000000000211e-02	2.788388700000000024e-05
-8.010000000000000453e-02	2.590108999999999768e-05
-7.939999999999999836e-02	2.390761300000000017e-05
-7.860000000000000320e-02	2.183010200000000175e-05
-7.789999999999999702e-02	1.958078400000000019e-05
-7.749999999999999944e-02	1.713646100000000100e-05
-7.670000000000000429e-02	1.485329599999999793e-05
-7.639999999999999569e-02	1.248463799999999964e-05
-7.560000000000000053e-02	1.005371499999999934e-05
-7.489999999999999436e-02	7.496008999999998656e-06
-7.409999999999999920e-02	4.818426999999998311e-06
-7.370000000000000162e-02	2.200745999999999952e-06
-7.309999999999999831e-02	-3.880100000000010505e-07
-7.259999999999999787e-02	-3.022114000000001064e-06
-7.199999999999999456e-02	-5.679318000000000907e-06
-7.119999999999999940e-02	-8.460510000000000418e-06
-7.080000000000000182e-02	-1.139310274100000076e-05
-7.009999999999999565e-02	-1.420974900000000123e-05
-6.959999999999999520e-02	-1.687189800000000141e-05
-6.900000000000000577e-02	-1.950327900000000270e-05
-6.819999999999999674e-02	-2.215222200000000131e-05
-6.740000000000000158e-02	-2.493407100000000307e-05
-6.710000000000000686e-02	-2.780483900000000187e-05
-6.629999999999999782e-02	-3.047054899999999977e-05
-6.590000000000000024e-02	-3.295618800000000187e-05
-6.519999999999999407e-02	-3.534986999999999635e-05
-6.439999999999999891e-02	-3.769558500000000443e-05
-6.370000000000000662e-02	-3.994523600000000354e-05
-6.329999999999999516e-02	-4.201377400000000308e-05
-6.250000000000000000e-02	-4.381889200000000642e-05
-6.219999999999999835e-02	-4.533412899999999612e-05
-6.140000000000000319e-02	-4.661166399999999439e-05
-6.060000000000000109e-02	-4.779925900000000279e-05
-5.999999999999999778e-02	-4.879961400000000450e-05
-5.949999999999999734e-02	-4.967464099999999920e-05
-5.890000000000000097e-02	-5.031169299999999555e-05
-5.850000000000000339e-02	-5.071538100000000035e-05
-5.759999999999999842e-02	-5.092004500000000351e-05
-5.700000000000000205e-02	-5.093665000000000638e-05
-5.619999999999999996e-02	-5.078775399999999594e-05
-5.589999999999999830e-02	-5.050362700000000265e-05
-5.510000000000000314e-02	-5.015717300000000097e-05
-5.469999999999999862e-02	-4.976160399999999900e-05
-5.399999999999999939e-02	-4.930819699999999502e-05
-5.330000000000000016e-02	-4.881550400000000478e-05
-5.249999999999999806e-02	-4.826578399999999745e-05
-5.210000000000000048e-02	-4.765533799999999479e-05
-5.140000000000000124e-02	-4.704476300000000615e-05
-5.099999999999999672e-02	-4.640942399999999546e-05
-5.029999999999999749e-02	-4.567868799999999399e-05
-4.950000000000000233e-02	-4.484382700000000646e-05
-4.909999999999999781e-02	-4.390878799999999591e-05
-4.839999999999999858e-02	-4.291538300000000605e-05
-4.760000000000000342e-02	-4.197087100000000231e-05
-4.730000000000000177e-02	-4.107100600000000343e-05
-4.649999999999999967e-02	-4.017912199999999637e-05
-4.580000000000000043e-02	-3.925618100000000002e-05
-4.540000000000000285e-02	-3.829275499999999722e-05
-4.460000000000000075e-02	-3.731295699999999567e-05
-4.390000000000000152e-02	-3.638924599999999966e-05
-4.349999999999999700e-02	-3.555068300000000523e-05
-4.279999999999999777e-02	-3.478045300000000159e-05
-4.200000000000000261e-02	-3.405544300000000360e-05
-4.159999999999999809e-02	-3.329096399999999841e-05
-4.089999999999999886e-02	-3.246622999999999968e-05
-4.009999999999999676e-02	-3.165722900000000515e-05
-3.980000000000000204e-02	-3.086604799999999684e-05
-3.899999999999999994e-02	-3.006163999999999972e-05
-3.830000000000000071e-02	-2.920549200000000162e-05
-3.790000000000000313e-02	-2.831819300000000021e-05
-3.710000000000000103e-02	-2.747441400000000071e-05
-3.649999999999999772e-02	-2.670745200000000004e-05
-3.610000000000000014e-02	-2.597330100000000023e-05
-3.540000000000000091e-02	-2.522274300000000260e-05
-3.459999999999999881e-02	-2.445187900000000137e-05
-3.409999999999999837e-02	-2.363589600000000088e-05
-3.350000000000000200e-02	-2.278469299999999974e-05
-3.269999999999999990e-02	-2.197154600000000046e-05
-3.239999999999999825e-02	-2.121344300000000018e-05
-3.160000000000000309e-02	-2.050554299999999972e-05
-3.090000000000000038e-02	-1.980822200000000139e-05
-3.049999999999999933e-02	-1.909892900000000038e-05
-2.970000000000000070e-02	-1.841512300000000221e-05
-2.900000000000000147e-02	-1.781326400000000259e-05
-2.860000000000000042e-02	-1.731787200000000244e-05
-2.790000000000000119e-02	-1.693346900000000164e-05
-2.719999999999999848e-02	-1.666933500000000225e-05
-2.680000000000000090e-02	-1.649267000000000010e-05
-2.610000000000000167e-02	-1.635604199999999881e-05
-2.539999999999999897e-02	-1.626582100000000013e-05
-2.469999999999999973e-02	-1.623559000000000018e-05
-2.429999999999999868e-02	-1.625698700000000150e-05
-2.359999999999999945e-02	-1.631698100000000118e-05
-2.290000000000000022e-02	-1.640257900000000036e-05
-2.220000000000000098e-02	-1.651181199999999952e-05
-2.179999999999999993e-02	-1.665361900000000126e-05
-2.110000000000000070e-02	-1.683010099999999941e-05
-2.050000000000000086e-02	-1.705936999999999927e-05
-1.969999999999999876e-02	-1.728506700000000132e-05
-1.930000000000000118e-02	-1.751562500000000054e-05
-1.859999999999999848e-02	-1.777151299999999974e-05
-1.810000000000000150e-02	-1.806100999999999939e-05
-1.720000000000000001e-02	-1.838070200000000053e-05
-1.679999999999999896e-02	-1.872486899999999943e-05
-1.619999999999999912e-02	-1.909780300000000022e-05
-1.559999999999999928e-02	-1.953347500000000020e-05
-1.469999999999999953e-02	-2.003180599999999996e-05
-1.439999999999999961e-02	-2.051412599999999841e-05
-1.359999999999999924e-02	-2.094322300000000262e-05
-1.310000000000000053e-02	-2.134031900000000164e-05
-1.250000000000000069e-02	-2.173610099999999953e-05
-1.179999999999999973e-02	-2.209973400000000087e-05
-1.119999999999999989e-02	-2.238157099999999998e-05
-1.060000000000000005e-02	-2.259426200000000089e-05
-9.799999999999999684e-03	-2.278381100000000038e-05
-9.400000000000000369e-03	-2.296965600000000097e-05
-8.699999999999999400e-03	-2.313153300000000064e-05
-8.099999999999999561e-03	-2.324591199999999998e-05
-7.599999999999999985e-03	-2.332334599999999995e-05
-6.899999999999999883e-03	-2.338932100000000062e-05
-6.199999999999999782e-03	-2.347087000000000048e-05
-5.499999999999999681e-03	-2.363557600000000221e-05
-4.799999999999999580e-03	-2.386781200000000160e-05
-4.499999999999999660e-03	-2.414188899999999995e-05
-3.500000000000000073e-03	-2.442119399999999948e-05
-3.099999999999999891e-03	-2.470866199999999880e-05
-2.299999999999999961e-03	-2.500849800000000072e-05
-1.699999999999999905e-03	-2.529983800000000190e-05
-8.999999999999999754e-04	-2.556362700000000088e-05
-5.999999999999999474e-04	-2.576799899999999852e-05
1.000000000000000048e-04	-2.588563000000000037e-05
8.000000000000000383e-04	-2.594735299999999972e-05
1.500000000000000031e-03	-2.599308600000000194e-05
2.000000000000000042e-03	-2.603408000000000062e-05
2.799999999999999972e-03	-2.608268600000000190e-05
3.200000000000000153e-03	-2.614563100000000067e-05
3.899999999999999821e-03	-2.619745900000000237e-05
4.599999999999999922e-03	-2.620219200000000278e-05
5.300000000000000024e-03	-2.616129900000000033e-05
5.700000000000000205e-03	-2.609889700000000024e-05
6.499999999999999702e-03	-2.601771300000000221e-05
7.100000000000000408e-03	-2.590566099999999829e-05
7.700000000000000247e-03	-2.574268600000000176e-05
8.300000000000000086e-03	-2.550724100000000084e-05
9.100000000000000450e-03	-2.520470800000000134e-05
9.400000000000000369e-03	-2.486062499999999883e-05
1.030000000000000013e-02	-2.450578299999999854e-05
1.069999999999999944e-02	-2.416578299999999841e-05
1.140000000000000041e-02	-2.382812100000000056e-05
1.209999999999999964e-02	-2.345339500000000112e-05
1.280000000000000061e-02	-2.309787699999999827e-05
1.319999999999999993e-02	-2.271363600000000067e-05
1.389999999999999916e-02	-2.227237700000000084e-05
1.450000000000000074e-02	-2.177697000000000302e-05
1.519999999999999997e-02	-2.122991400000000316e-05
1.569999999999999868e-02	-2.066128500000000051e-05
1.660000000000000017e-02	-2.014382300000000143e-05
1.700000000000000122e-02	-1.968557200000000011e-05
1.760000000000000106e-02	-1.925948900000000076e-05
1.830000000000000029e-02	-1.881369999999999912e-05
1.899999999999999953e-02	-1.839747400000000017e-05
1.930000000000000118e-02	-1.798262899999999889e-05
2.009999999999999981e-02	-1.762174400000000141e-05
2.069999999999999965e-02	-1.733019899999999945e-05
2.139999999999999888e-02	-1.707822099999999933e-05
2.210000000000000159e-02	-1.684310399999999899e-05
2.280000000000000082e-02	-1.664111300000000121e-05
2.309999999999999901e-02	-1.650050200000000115e-05
2.380000000000000171e-02	-1.642880399999999857e-05
2.450000000000000094e-02	-1.642389700000000224e-05
2.520000000000000018e-02	-1.646315000000000178e-05
2.560000000000000123e-02	-1.650640600000000149e-05
2.649999999999999925e-02	-1.654149900000000139e-05
2.690000000000000030e-02	-1.659859800000000184e-05
2.759999999999999953e-02	-1.668514700000000249e-05
2.829999999999999877e-02	-1.679193900000000098e-05
2.900000000000000147e-02	-1.692135699999999934e-05
2.929999999999999966e-02	-1.710257900000000043e-05
3.030000000000000054e-02	-1.736347300000000017e-05
3.070000000000000159e-02	-1.773098800000000067e-05
3.139999999999999736e-02	-1.816812700000000028e-05
3.200000000000000067e-02	-1.868843199999999970e-05
3.269999999999999990e-02	-1.926880100000000030e-05
3.309999999999999748e-02	-1.990959400000000018e-05
3.370000000000000079e-02	-2.061701799999999851e-05
3.440000000000000002e-02	-2.137593100000000125e-05
3.509999999999999926e-02	-2.215190000000000046e-05
3.579999999999999849e-02	-2.292089100000000145e-05
3.649999999999999772e-02	-2.367717200000000099e-05
3.710000000000000103e-02	-2.442178500000000287e-05
3.749999999999999861e-02	-2.516082800000000135e-05
3.819999999999999785e-02	-2.596509499999999945e-05
3.889999999999999708e-02	-2.686070100000000126e-05
3.950000000000000039e-02	-2.776132400000000031e-05
4.030000000000000249e-02	-2.865119600000000011e-05
4.050000000000000128e-02	-2.955583899999999917e-05
4.120000000000000051e-02	-3.051790700000000048e-05
4.189999999999999974e-02	-3.151756399999999943e-05
4.259999999999999898e-02	-3.248764899999999779e-05
4.329999999999999821e-02	-3.338229899999999777e-05
4.410000000000000031e-02	-3.421212999999999934e-05
4.429999999999999910e-02	-3.501121100000000464e-05
4.499999999999999833e-02	-3.579639599999999736e-05
4.569999999999999757e-02	-3.662097699999999759e-05
4.639999999999999680e-02	-3.750434299999999695e-05
4.669999999999999846e-02	-3.836538799999999745e-05
4.739999999999999769e-02	-3.917202999999999907e-05
4.809999999999999692e-02	-4.001237899999999918e-05
4.880000000000000310e-02	-4.076559199999999958e-05
4.920000000000000068e-02	-4.153121199999999921e-05
5.020000000000000157e-02	-4.231072400000000029e-05
5.050000000000000322e-02	-4.304314699999999645e-05
5.120000000000000245e-02	-4.374748700000000536e-05
5.179999999999999882e-02	-4.445857200000000501e-05
5.249999999999999806e-02	-4.514728500000000629e-05
5.319999999999999729e-02	-4.580652100000000683e-05
5.380000000000000060e-02	-4.643060900000000701e-05
5.439999999999999697e-02	-4.698977500000000023e-05
5.530000000000000193e-02	-4.749331299999999696e-05
5.559999999999999665e-02	-4.794176899999999747e-05
5.589999999999999830e-02	-4.833706200000000453e-05
5.689999999999999919e-02	-4.870590600000000042e-05
5.729999999999999677e-02	-4.903784700000000192e-05
5.800000000000000294e-02	-4.928882200000000166e-05
5.870000000000000218e-02	-4.943342099999999747e-05
5.929999999999999855e-02	-4.943373900000000074e-05
5.979999999999999899e-02	-4.925502600000000644e-05
6.069999999999999701e-02	-4.892030800000000176e-05
6.110000000000000153e-02	-4.846146200000000625e-05
6.180000000000000077e-02	-4.787825999999999584e-05
6.239999999999999714e-02	-4.714462999999999792e-05
6.310000000000000331e-02	-4.621012200000000690e-05
6.339999999999999802e-02	-4.504369400000000066e-05
6.429999999999999605e-02	-4.355211500000000712e-05
6.479999999999999649e-02	-4.153798700000000559e-05
6.550000000000000266e-02	-3.950527900000000534e-05
6.600000000000000311e-02	-3.741537199999999763e-05
6.660000000000000642e-02	-3.523481600000000062e-05
6.729999999999999871e-02	-3.296461500000000050e-05
6.800000000000000488e-02	-3.028165899999999962e-05
6.859999999999999432e-02	-2.757036800000000200e-05
6.940000000000000335e-02	-2.470146499999999813e-05
6.969999999999999807e-02	-2.159397000000000156e-05
7.080000000000000182e-02	-1.876861200000000136e-05
7.119999999999999940e-02	-1.569522500000000015e-05
7.180000000000000271e-02	-1.286127294600000076e-05
7.240000000000000602e-02	-9.935387000000000900e-06
7.309999999999999831e-02	-6.912296000000000607e-06
7.349999999999999589e-02	-4.067008999999999807e-06
7.439999999999999392e-02	-1.447105000000000437e-06
7.489999999999999436e-02	1.015091999999999598e-06
7.549999999999999767e-02	3.365857000000000121e-06
7.620000000000000384e-02	5.790269999999999028e-06
7.689999999999999614e-02	8.333975999999999505e-06
7.729999999999999372e-02	1.071953400000000097e-05
7.789999999999999702e-02	1.289549700000000058e-05
7.860000000000000320e-02	1.512449799999999846e-05
7.929999999999999549e-02	1.708667999999999884e-05
7.979999999999999594e-02	1.920792000000000091e-05
8.069999999999999396e-02	2.122078199999999926e-05
8.110000000000000542e-02	2.324234800000000070e-05
8.169999999999999485e-02	2.515804199999999686e-05
8.240000000000000102e-02	2.694741499999999651e-05
8.309999999999999332e-02	2.865212399999999862e-05
8.340000000000000191e-02	3.030274200000000200e-05
8.409999999999999420e-02	3.201459999999999668e-05
8.480000000000000038e-02	3.380261300000000284e-05
8.550000000000000655e-02	3.546807600000000116e-05
8.619999999999999885e-02	3.701861400000000329e-05
8.690000000000000502e-02	3.852135899999999460e-05
8.719999999999999973e-02	4.001330499999999890e-05
8.780000000000000304e-02	4.147276900000000232e-05
8.849999999999999534e-02	4.283824300000000360e-05
8.930000000000000437e-02	4.419964499999999921e-05
8.989999999999999380e-02	4.534948899999999999e-05
9.070000000000000284e-02	4.642988800000000130e-05
9.130000000000000615e-02	4.747560599999999290e-05
9.170000000000000373e-02	4.852365199999999286e-05
9.249999999999999889e-02	4.960160999999999010e-05
9.310000000000000220e-02	5.065683599999999090e-05
9.370000000000000551e-02	5.157351999999999813e-05
9.439999999999999780e-02	5.232079199999999358e-05
9.500000000000000111e-02	5.293566099999999529e-05
9.550000000000000155e-02	5.345163499999999734e-05
9.610000000000000486e-02	5.392386099999999373e-05
9.669999999999999429e-02	5.441039400000000027e-05
9.750000000000000333e-02	5.491129699999999563e-05
9.800000000000000377e-02	5.541081799999999732e-05
9.879999999999999893e-02	5.590369599999999372e-05
9.919999999999999651e-02	5.641053999999999405e-05
9.979999999999999982e-02	5.683381100000000133e-05
1.005000000000000060e-01	5.713203200000000208e-05
1.011999999999999983e-01	5.719829699999999593e-05
1.015999999999999959e-01	5.703385099999999544e-05
1.025999999999999968e-01	5.669944499999999090e-05
1.029000000000000054e-01	5.624570799999999095e-05
1.035999999999999976e-01	5.578630499999999849e-05
1.043000000000000038e-01	5.528531599999999440e-05
1.043000000000000038e-01	5.476198399999999804e-05
1.055999999999999994e-01	5.425660699999999056e-05
1.059999999999999970e-01	5.381600700000000023e-05
1.067000000000000032e-01	5.345115900000000199e-05
1.073999999999999955e-01	5.309561999999999496e-05
1.077000000000000041e-01	5.267486999999999734e-05
1.087000000000000050e-01	5.217567599999999007e-05
1.093999999999999972e-01	5.159624700000000101e-05
1.097999999999999948e-01	5.094769699999999177e-05
1.103999999999999981e-01	5.025783399999999136e-05
1.111000000000000043e-01	4.951344199999999410e-05
1.115000000000000019e-01	4.872094499999999944e-05
1.125000000000000028e-01	4.797024500000000001e-05
1.127999999999999975e-01	4.728709199999999466e-05
1.131999999999999951e-01	4.664716200000000568e-05
1.140999999999999931e-01	4.605529500000000575e-05
1.145000000000000046e-01	4.551374400000000474e-05
1.152999999999999997e-01	4.502182599999999418e-05
1.159000000000000030e-01	4.458698399999999466e-05
1.166999999999999982e-01	4.416870200000000163e-05
1.173000000000000015e-01	4.373137799999999924e-05
1.175999999999999962e-01	4.327076699999999547e-05
1.184999999999999942e-01	4.280388399999999474e-05
1.189999999999999947e-01	4.234219800000000385e-05
1.197000000000000008e-01	4.192553399999999662e-05
1.203999999999999931e-01	4.157391600000000232e-05
1.209999999999999964e-01	4.126446899999999958e-05
1.213999999999999940e-01	4.095667200000000386e-05
1.222000000000000031e-01	4.060548799999999655e-05
1.228000000000000064e-01	4.021359899999999452e-05
1.233999999999999958e-01	3.984907999999999625e-05
1.239999999999999991e-01	3.955015500000000318e-05
1.247999999999999943e-01	3.930880300000000034e-05
1.250999999999999890e-01	3.909859999999999865e-05
1.257999999999999952e-01	3.890928399999999310e-05
1.265000000000000013e-01	3.873168300000000069e-05
1.272000000000000075e-01	3.855620799999999709e-05
1.277000000000000079e-01	3.838692299999999283e-05
1.285999999999999921e-01	3.823571900000000254e-05
1.292999999999999983e-01	3.812519899999999601e-05
1.295999999999999930e-01	3.804453200000000568e-05
1.302999999999999992e-01	3.794570900000000292e-05
1.310000000000000053e-01	3.780936600000000462e-05
1.313999999999999890e-01	3.766489800000000037e-05
1.320000000000000062e-01	3.754360000000000423e-05
1.327000000000000124e-01	3.746984400000000540e-05
1.333000000000000018e-01	3.747951899999999782e-05
1.340000000000000080e-01	3.757589799999999495e-05
1.348000000000000032e-01	3.771307499999999467e-05
1.350000000000000089e-01	3.786187099999999812e-05
1.358000000000000040e-01	3.801855200000000428e-05
1.365000000000000102e-01	3.819589000000000404e-05
1.370999999999999996e-01	3.837230399999999608e-05
1.370999999999999996e-01	3.854134599999999554e-05
1.383000000000000063e-01	3.866892300000000131e-05
1.390000000000000124e-01	3.876912600000000575e-05
1.393000000000000071e-01	3.887915499999999554e-05
1.403000000000000080e-01	3.901876099999999307e-05
1.406999999999999917e-01	3.919864499999999746e-05
1.413999999999999979e-01	3.935960399999999932e-05
1.419999999999999873e-01	3.949729699999999719e-05
1.426999999999999935e-01	3.961596800000000064e-05
1.433999999999999997e-01	3.971878600000000505e-05
1.441000000000000059e-01	3.980548900000000021e-05
1.444000000000000006e-01	3.986422399999999585e-05
1.451000000000000068e-01	3.987094800000000273e-05
1.458000000000000129e-01	3.980711900000000582e-05
1.464999999999999913e-01	3.969356900000000417e-05
1.471000000000000085e-01	3.957030200000000175e-05
1.476999999999999980e-01	3.945117399999999478e-05
1.481999999999999984e-01	3.932308500000000198e-05
1.489000000000000046e-01	3.916268399999999308e-05
1.496000000000000107e-01	3.895890699999999640e-05
1.502000000000000002e-01	3.871244999999999558e-05
1.509000000000000064e-01	3.846589499999999333e-05
1.512000000000000011e-01	3.819675999999999714e-05
1.521000000000000130e-01	3.792212300000000365e-05
1.526000000000000134e-01	3.766871600000000454e-05
1.529999999999999971e-01	3.747050200000000535e-05
1.537999999999999923e-01	3.732881800000000341e-05
1.547000000000000042e-01	3.725066199999999494e-05
1.549999999999999989e-01	3.720673199999999822e-05
1.557000000000000051e-01	3.717107199999999728e-05
1.564000000000000112e-01	3.710308199999999795e-05
1.570999999999999897e-01	3.696492599999999344e-05
1.575999999999999901e-01	3.675678300000000034e-05
1.585000000000000020e-01	3.652224499999999713e-05
1.587999999999999967e-01	3.630047599999999678e-05
1.595000000000000029e-01	3.609507100000000006e-05
1.602000000000000091e-01	3.588567499999999926e-05
1.608999999999999875e-01	3.563881099999999843e-05
1.612000000000000099e-01	3.535017300000000535e-05
1.620000000000000051e-01	3.505898400000000050e-05
1.625999999999999945e-01	3.476835399999999817e-05
1.633000000000000007e-01	3.446190000000000288e-05
1.638999999999999901e-01	3.411108100000000078e-05
1.645000000000000073e-01	3.376772200000000554e-05
1.650000000000000078e-01	3.341140299999999816e-05
1.658000000000000029e-01	3.306247999999999587e-05
1.663000000000000034e-01	3.271055799999999657e-05
1.670000000000000095e-01	3.234493600000000111e-05
1.675000000000000100e-01	3.196265100000000414e-05
1.683999999999999941e-01	3.154771200000000238e-05
1.686999999999999889e-01	3.110861099999999901e-05
1.693999999999999950e-01	3.069934299999999689e-05
1.700000000000000122e-01	3.034061900000000083e-05
1.708000000000000074e-01	3.003430799999999657e-05
1.713000000000000078e-01	2.977030499999999889e-05
1.721000000000000030e-01	2.953173100000000201e-05
1.723999999999999977e-01	2.929088099999999905e-05
1.731000000000000039e-01	2.902524800000000254e-05
1.738000000000000100e-01	2.872986900000000274e-05
1.746000000000000052e-01	2.841435099999999950e-05
1.748000000000000109e-01	2.810670999999999707e-05
1.756999999999999951e-01	2.781071499999999890e-05
1.761999999999999955e-01	2.751660999999999742e-05
1.769000000000000017e-01	2.723918600000000006e-05
1.776000000000000079e-01	2.696668900000000042e-05
1.782999999999999863e-01	2.674840199999999835e-05
1.786000000000000087e-01	2.656724999999999877e-05
1.794999999999999929e-01	2.641019400000000025e-05
1.799999999999999933e-01	2.627265099999999932e-05
1.806999999999999995e-01	2.616997700000000228e-05
1.812000000000000000e-01	2.609768500000000151e-05
1.821000000000000119e-01	2.604015200000000052e-05
1.824000000000000066e-01	2.597227200000000211e-05
1.831000000000000127e-01	2.590324499999999936e-05
1.837999999999999912e-01	2.582841599999999865e-05
1.844999999999999973e-01	2.572681299999999793e-05
1.852000000000000035e-01	2.558800400000000059e-05
1.857999999999999929e-01	2.541334900000000014e-05
1.864999999999999991e-01	2.520481999999999765e-05
1.872000000000000053e-01	2.497356399999999907e-05
1.875999999999999890e-01	2.474215299999999641e-05
1.884000000000000119e-01	2.453123499999999892e-05
1.890000000000000013e-01	2.436908600000000191e-05
1.897000000000000075e-01	2.426511099999999923e-05
1.902999999999999969e-01	2.418837799999999679e-05
1.910000000000000031e-01	2.411373699999999704e-05
1.912999999999999978e-01	2.402301000000000092e-05
1.920000000000000040e-01	2.389408699999999992e-05
1.925999999999999934e-01	2.371550799999999872e-05
1.932999999999999996e-01	2.351818200000000203e-05
1.940999999999999948e-01	2.332597299999999602e-05
1.943999999999999895e-01	2.313856099999999898e-05
1.950000000000000067e-01	2.294497300000000086e-05
1.958000000000000018e-01	2.270842100000000177e-05
1.963999999999999913e-01	2.240351500000000093e-05
1.968999999999999917e-01	2.206243499999999979e-05
1.975000000000000089e-01	2.171198000000000011e-05
1.981999999999999873e-01	2.136385599999999680e-05
1.988999999999999935e-01	2.103942800000000045e-05
1.995000000000000107e-01	2.071967800000000068e-05
1.995000000000000107e-01	2.045303799999999606e-05
2.008999999999999952e-01	2.021787200000000178e-05
2.008999999999999952e-01	1.998771900000000039e-05
2.018000000000000071e-01	1.974346300000000040e-05
2.025000000000000133e-01	1.948898299999999941e-05
2.031000000000000028e-01	1.922425299999999966e-05
2.038999999999999979e-01	1.895287699999999984e-05
2.043999999999999984e-01	1.869986000000000090e-05
2.051999999999999935e-01	1.847075800000000121e-05
2.056000000000000050e-01	1.823448699999999739e-05
2.061999999999999944e-01	1.801552300000000014e-05
2.069000000000000006e-01	1.777340399999999921e-05
2.076000000000000068e-01	1.749129999999999972e-05
2.079000000000000015e-01	1.718787500000000016e-05
2.089999999999999913e-01	1.686827600000000011e-05
2.093000000000000138e-01	1.652890500000000061e-05
2.099999999999999922e-01	1.618387100000000001e-05
2.106999999999999984e-01	1.584819799999999967e-05
2.114000000000000046e-01	1.554373799999999887e-05
2.116999999999999993e-01	1.530057299999999998e-05
2.126000000000000112e-01	1.511572400000000063e-05
2.129999999999999949e-01	1.497672699999999895e-05
2.137999999999999901e-01	1.487343100000000041e-05
2.142999999999999905e-01	1.479139599999999773e-05
2.152000000000000024e-01	1.470947099999999935e-05
2.154999999999999971e-01	1.460649900000000044e-05
2.162000000000000033e-01	1.446350499999999833e-05
2.167999999999999927e-01	1.426574299999999892e-05
2.172000000000000042e-01	1.400933299999999843e-05
2.179000000000000103e-01	1.372146499999999823e-05
2.189000000000000112e-01	1.344172200000000059e-05
2.192999999999999949e-01	1.319094399999999972e-05
2.200000000000000011e-01	1.295560599999999815e-05
2.205999999999999905e-01	1.271774799999999986e-05
2.209000000000000130e-01	1.247992399999999785e-05
2.215999999999999914e-01	1.223505399999999827e-05
2.223999999999999866e-01	1.198330899999999887e-05
2.230999999999999928e-01	1.174668999999999984e-05
2.232999999999999985e-01	1.153242499999999996e-05
2.243999999999999884e-01	1.133258900000000047e-05
2.247000000000000108e-01	1.114024499999999857e-05
2.255000000000000060e-01	1.094491999999999888e-05
2.262000000000000122e-01	1.075127299999999934e-05
2.268999999999999906e-01	1.057903199999999904e-05
2.275999999999999968e-01	1.045891599999999953e-05
2.278000000000000025e-01	1.035874499999999936e-05
2.285000000000000087e-01	1.026207999999999984e-05
2.288999999999999924e-01	1.015958099999999810e-05
2.296999999999999875e-01	1.004446199999999782e-05
2.303999999999999937e-01	9.939839999999998670e-06
2.313999999999999946e-01	9.825510999999999447e-06
2.313999999999999946e-01	9.679319999999998664e-06
2.323000000000000065e-01	9.490293999999999840e-06
2.330000000000000127e-01	9.254699999999997976e-06
2.336999999999999911e-01	8.993465999999998166e-06
2.340000000000000135e-01	8.756668999999998881e-06
2.346999999999999920e-01	8.555972000000000826e-06
2.353999999999999981e-01	8.380682000000000002e-06
2.361000000000000043e-01	8.215568999999998251e-06
2.368000000000000105e-01	8.046131999999998267e-06
2.371000000000000052e-01	7.884376999999999000e-06
2.378000000000000114e-01	7.757190000000000179e-06
2.381999999999999951e-01	7.660397000000000511e-06
2.394000000000000017e-01	7.573503999999998834e-06
2.396000000000000074e-01	7.482488999999998148e-06
2.403000000000000136e-01	7.371792000000000926e-06
2.409999999999999920e-01	7.230800999999997992e-06
2.416999999999999982e-01	7.065353999999999303e-06
2.419999999999999929e-01	6.871048000000000422e-06
2.427999999999999881e-01	6.645231000000000141e-06
2.434000000000000052e-01	6.392443000000000962e-06
2.442000000000000004e-01	6.132270000000000158e-06
2.444999999999999951e-01	5.881615999999998475e-06
2.454000000000000070e-01	5.613667999999999257e-06
2.462000000000000022e-01	5.371489000000000911e-06
2.466000000000000136e-01	5.140327999999998805e-06
2.472000000000000031e-01	4.911900999999998900e-06
2.479000000000000092e-01	4.658383999999998867e-06
2.485999999999999877e-01	4.409760999999999672e-06
2.490999999999999881e-01	4.157559999999999544e-06
2.499000000000000110e-01	3.929667000000000403e-06
2.504000000000000115e-01	3.721812999999997700e-06
2.510000000000000009e-01	3.521635999999998752e-06
2.516999999999999793e-01	3.311234999999998800e-06
2.524000000000000132e-01	3.116549000000000440e-06
2.528000000000000247e-01	2.937462999999999018e-06
2.538000000000000256e-01	2.799218999999998855e-06
2.541999999999999815e-01	2.700246999999998543e-06
2.548000000000000265e-01	2.643328999999999913e-06
2.555000000000000049e-01	2.620678999999999376e-06
2.561999999999999833e-01	2.615015999999999969e-06
2.565000000000000058e-01	2.609324999999998942e-06
2.572999999999999732e-01	2.602052999999999802e-06
2.579000000000000181e-01	2.588503999999999976e-06
2.585999999999999965e-01	2.554108000000000043e-06
2.590000000000000080e-01	2.482545000000000132e-06
2.600000000000000089e-01	2.363217999999998894e-06
2.604000000000000203e-01	2.200032999999999541e-06
2.610000000000000098e-01	2.025634999999998776e-06
2.616999999999999882e-01	1.864825999999998940e-06
2.624000000000000221e-01	1.723998999999999687e-06
2.627999999999999781e-01	1.601859000000000209e-06
2.635000000000000120e-01	1.487869999999999360e-06
2.641999999999999904e-01	1.376331999999999886e-06
2.649000000000000243e-01	1.273710000000000041e-06
2.651999999999999913e-01	1.176820000000000025e-06
2.661999999999999922e-01	1.080317999999999708e-06
2.666000000000000036e-01	9.613590000000001582e-07
2.672999999999999821e-01	8.390739999999990073e-07
2.680000000000000160e-01	6.916369999999998292e-07
2.686999999999999944e-01	5.161920000000000207e-07
2.693999999999999728e-01	3.565409999999995396e-07
2.696999999999999953e-01	2.091389999999994218e-07
2.706999999999999962e-01	7.364999999999886286e-08
2.711000000000000076e-01	-5.148200000000019590e-08
2.717999999999999861e-01	-1.545550000000004201e-07
2.725000000000000200e-01	-2.544670000000004217e-07
2.731999999999999984e-01	-3.541250000000006117e-07
2.738999999999999768e-01	-4.569000000000006568e-07
2.741999999999999993e-01	-5.717220000000001480e-07
2.748999999999999777e-01	-7.004990000000000842e-07
2.756000000000000116e-01	-8.426190000000013594e-07
2.760000000000000231e-01	-9.969720000000008623e-07
2.770000000000000240e-01	-1.155940000000001337e-06
2.777000000000000024e-01	-1.308218000000001372e-06
2.778999999999999804e-01	-1.460916000000000295e-06
2.786000000000000143e-01	-1.589096000000000481e-06
2.793999999999999817e-01	-1.711960999999999854e-06
2.801000000000000156e-01	-1.814333000000000845e-06
2.805000000000000271e-01	-1.908349000000000726e-06
2.813999999999999835e-01	-1.995612000000001181e-06
2.817000000000000060e-01	-2.073049000000001029e-06
2.824999999999999734e-01	-2.135898999999999928e-06
2.832000000000000073e-01	-2.189140000000000186e-06
2.838999999999999857e-01	-2.244979000000000584e-06
2.842999999999999972e-01	-2.311492000000001280e-06
2.848999999999999866e-01	-2.390164000000001126e-06
2.857999999999999985e-01	-2.474663000000000671e-06
2.863999999999999879e-01	-2.557422000000000466e-06
2.866000000000000214e-01	-2.634828000000000517e-06
2.876000000000000223e-01	-2.705652000000000569e-06
2.879999999999999782e-01	-2.777380000000000164e-06
2.887000000000000122e-01	-2.855201999999999840e-06
2.893999999999999906e-01	-2.934132999999999848e-06
2.897000000000000131e-01	-3.019166000000000156e-06
2.906000000000000250e-01	-3.117550000000000331e-06
2.912000000000000144e-01	-3.227798000000001042e-06
2.918999999999999928e-01	-3.342174999999999896e-06
2.923000000000000043e-01	-3.451152999999999854e-06
2.929999999999999827e-01	-3.546021000000000383e-06
2.937000000000000166e-01	-3.626892000000000578e-06
2.943999999999999950e-01	-3.694756000000000239e-06
2.947000000000000175e-01	-3.751902000000000928e-06
2.955999999999999739e-01	-3.801544000000001155e-06
2.960999999999999743e-01	-3.852542000000000697e-06
2.968000000000000083e-01	-3.911604000000000911e-06
2.974999999999999867e-01	-3.980036000000001004e-06
2.982000000000000206e-01	-4.056145000000001464e-06
2.984999999999999876e-01	-4.136431000000001393e-06
2.992000000000000215e-01	-4.219955000000000494e-06
2.998999999999999999e-01	-4.299352000000000235e-06
