-2.000000000000000111e-01	1.623030016999999983e-05
-2.000000000000000111e-01	1.621624415000000013e-05
-2.000000000000000111e-01	1.621133274999999970e-05
-1.998999999999999944e-01	1.621103912999999889e-05
-1.995000000000000107e-01	1.621283849000000051e-05
-1.990999999999999992e-01	1.622388117000000073e-05
-1.986999999999999877e-01	1.625328311000000066e-05
-1.981999999999999873e-01	1.631940711999999870e-05
-1.976999999999999869e-01	1.640161210999999990e-05
-1.971999999999999864e-01	1.650472803000000081e-05
-1.963999999999999913e-01	1.662786596999999797e-05
-1.958999999999999908e-01	1.676771669000000060e-05
-1.952000000000000124e-01	1.691524544999999891e-05
-1.945999999999999952e-01	1.707785240999999953e-05
-1.940999999999999948e-01	1.724149406999999989e-05
-1.933999999999999886e-01	1.741872030999999912e-05
-1.925000000000000044e-01	1.760879949999999847e-05
-1.917999999999999983e-01	1.780489096999999878e-05
-1.912000000000000088e-01	1.800275073000000045e-05
-1.905000000000000027e-01	1.820663519000000196e-05
-1.899000000000000132e-01	1.841620659000000121e-05
-1.890999999999999903e-01	1.862334905999999803e-05
-1.882000000000000062e-01	1.882447149000000133e-05
-1.875999999999999890e-01	1.901802986000000102e-05
-1.869000000000000106e-01	1.921862145000000232e-05
-1.862000000000000044e-01	1.942976092999999601e-05
-1.854999999999999982e-01	1.963947259999999692e-05
-1.844999999999999973e-01	1.984645542999999656e-05
-1.837999999999999912e-01	2.005604435000000007e-05
-1.832000000000000017e-01	2.027175655999999789e-05
-1.824999999999999956e-01	2.048960533000000248e-05
-1.817999999999999894e-01	2.071131320999999796e-05
-1.807999999999999885e-01	2.093808584999999961e-05
-1.801000000000000101e-01	2.117767576999999714e-05
-1.794000000000000039e-01	2.143470120999999904e-05
-1.786999999999999977e-01	2.170111612999999610e-05
-1.779999999999999916e-01	2.197435117999999702e-05
-1.774000000000000021e-01	2.225377078999999788e-05
-1.764000000000000012e-01	2.253819889999999606e-05
-1.756999999999999951e-01	2.281891082999999902e-05
-1.748999999999999999e-01	2.310072214999999815e-05
-1.741999999999999937e-01	2.337384660999999834e-05
-1.736000000000000043e-01	2.363991601999999715e-05
-1.728999999999999981e-01	2.390458672999999718e-05
-1.718999999999999972e-01	2.415821804999999687e-05
-1.711999999999999911e-01	2.441128071999999736e-05
-1.705000000000000127e-01	2.466428101000000154e-05
-1.698999999999999955e-01	2.490815437000000094e-05
-1.691999999999999893e-01	2.514558886000000095e-05
-1.680999999999999994e-01	2.537367893999999756e-05
-1.673999999999999932e-01	2.559786192999999823e-05
-1.668000000000000038e-01	2.582955954999999917e-05
-1.660999999999999976e-01	2.606276050999999899e-05
-1.653999999999999915e-01	2.629610955000000235e-05
-1.647000000000000131e-01	2.653089187000000075e-05
-1.635999999999999954e-01	2.676869200999999795e-05
-1.630999999999999950e-01	2.701617738999999760e-05
-1.623999999999999888e-01	2.727085212000000003e-05
-1.615999999999999936e-01	2.752477709999999643e-05
-1.608999999999999875e-01	2.778840706999999768e-05
-1.602000000000000091e-01	2.806625207999999654e-05
-1.595000000000000029e-01	2.834644090000000075e-05
-1.589000000000000135e-01	2.862980035000000221e-05
-1.582000000000000073e-01	2.891874389000000038e-05
-1.575000000000000011e-01	2.921183588999999741e-05
-1.564000000000000112e-01	2.950910595000000240e-05
-1.554999999999999993e-01	2.980845895999999611e-05
-1.547999999999999932e-01	3.009117147000000005e-05
-1.544000000000000095e-01	3.036363755000000018e-05
-1.537999999999999923e-01	3.063137627000000595e-05
-1.527000000000000024e-01	3.088662509000000020e-05
-1.519999999999999962e-01	3.112882106999999873e-05
-1.514000000000000068e-01	3.135748227999999845e-05
-1.507000000000000006e-01	3.157166151000000251e-05
-1.499999999999999944e-01	3.176909300999999778e-05
-1.491000000000000103e-01	3.195205522999999815e-05
-1.482999999999999874e-01	3.211597355000000216e-05
-1.476000000000000090e-01	3.227268629000000022e-05
-1.469000000000000028e-01	3.243169780999999763e-05
-1.461999999999999966e-01	3.258394861999999877e-05
-1.454999999999999905e-01	3.273079290000000441e-05
-1.444999999999999896e-01	3.287072660000000439e-05
-1.438000000000000111e-01	3.300604920000000612e-05
-1.431000000000000050e-01	3.313987072000000318e-05
-1.424999999999999878e-01	3.326513877999999816e-05
-1.418000000000000094e-01	3.337659706999999542e-05
-1.408999999999999975e-01	3.347897709999999780e-05
-1.401000000000000023e-01	3.358272098000000404e-05
-1.393999999999999961e-01	3.367671705999999434e-05
-1.386999999999999900e-01	3.377059774000000395e-05
-1.378999999999999948e-01	3.386217673000000089e-05
-1.373000000000000054e-01	3.394765032000000469e-05
-1.365999999999999992e-01	3.402955154000000023e-05
-1.355999999999999983e-01	3.411180554000000536e-05
-1.348999999999999921e-01	3.420025449000000089e-05
-1.342000000000000137e-01	3.428964339999999512e-05
-1.335000000000000075e-01	3.437829869999999824e-05
-1.328000000000000014e-01	3.446513070999999615e-05
-1.320999999999999952e-01	3.456369591999999954e-05
-1.310999999999999943e-01	3.468060579000000474e-05
-1.303999999999999881e-01	3.480786773999999275e-05
-1.297000000000000097e-01	3.494068403000000146e-05
-1.290000000000000036e-01	3.507828955000000303e-05
-1.282999999999999974e-01	3.522894777999999920e-05
-1.274000000000000132e-01	3.540749199999999408e-05
-1.267000000000000071e-01	3.561424907000000487e-05
-1.259000000000000119e-01	3.582421385999999563e-05
-1.252000000000000057e-01	3.603743968000000324e-05
-1.246000000000000024e-01	3.624751008000000080e-05
-1.238999999999999962e-01	3.648043814999999519e-05
-1.228999999999999954e-01	3.673699261999999817e-05
-1.222000000000000031e-01	3.701459259000000092e-05
-1.214999999999999969e-01	3.732077735999999430e-05
-1.208000000000000046e-01	3.766197546999999974e-05
-1.200999999999999984e-01	3.801563261999999920e-05
-1.194000000000000061e-01	3.836903832999999289e-05
-1.184000000000000052e-01	3.872871643000000039e-05
-1.176999999999999991e-01	3.909860580000000529e-05
-1.170000000000000068e-01	3.948204647999999659e-05
-1.163000000000000006e-01	3.991433426999999663e-05
-1.156999999999999973e-01	4.028632990999999437e-05
-1.150000000000000050e-01	4.066111110000000448e-05
-1.140000000000000041e-01	4.105086849000000435e-05
-1.131999999999999951e-01	4.145918201999999474e-05
-1.126000000000000056e-01	4.186950117000000609e-05
-1.118999999999999995e-01	4.228055688999999727e-05
-1.111999999999999933e-01	4.269310668999999397e-05
-1.105000000000000010e-01	4.310283086000000401e-05
-1.095000000000000001e-01	4.350441830999999691e-05
-1.087999999999999939e-01	4.387956882000000418e-05
-1.081000000000000016e-01	4.424452490000000315e-05
-1.073999999999999955e-01	4.460676098000000158e-05
-1.067000000000000032e-01	4.494604084000000123e-05
-1.059999999999999970e-01	4.525237523000000500e-05
-1.049999999999999961e-01	4.551685244999999539e-05
-1.043000000000000038e-01	4.574079798999999889e-05
-1.035999999999999976e-01	4.592925989999999982e-05
-1.029000000000000054e-01	4.607560673999999332e-05
-1.021999999999999992e-01	4.617423298999999621e-05
-1.015000000000000069e-01	4.620834968000000511e-05
-1.005000000000000060e-01	4.617768378000000346e-05
-9.979999999999999982e-02	4.609241556000000413e-05
-9.909999999999999365e-02	4.595681202999999575e-05
-9.840000000000000135e-02	4.577100143000000475e-05
-9.769999999999999518e-02	4.552920906000000134e-05
-9.700000000000000289e-02	4.521959878000000432e-05
-9.629999999999999671e-02	4.484817398000000462e-05
-9.560000000000000442e-02	4.440249300999999781e-05
-9.460000000000000353e-02	4.385724045999999895e-05
-9.420000000000000595e-02	4.321773036999999689e-05
-9.320000000000000506e-02	4.247725143999999905e-05
-9.249999999999999889e-02	4.163792215999999389e-05
-9.180000000000000659e-02	4.071178078999999363e-05
-9.080000000000000571e-02	3.970669763999999788e-05
-9.009999999999999953e-02	3.862845461999999460e-05
-8.939999999999999336e-02	3.751039171999999541e-05
-8.899999999999999578e-02	3.631536731999999881e-05
-8.830000000000000349e-02	3.499629434999999649e-05
-8.740000000000000546e-02	3.360403027999999597e-05
-8.659999999999999643e-02	3.214665173999999481e-05
-8.599999999999999312e-02	3.063400755000000484e-05
-8.530000000000000082e-02	2.907817316999999872e-05
-8.459999999999999465e-02	2.746337789999999684e-05
-8.390000000000000235e-02	2.580318562999999861e-05
-8.290000000000000147e-02	2.415242485999999678e-05
-8.210000000000000631e-02	2.244549442000000016e-05
-8.140000000000000013e-02	2.060584248000000177e-05
-8.069999999999999396e-02	1.869216725999999892e-05
-8.010000000000000453e-02	1.669749547999999865e-05
-7.929999999999999549e-02	1.463046588000000068e-05
-7.860000000000000320e-02	1.251651284999999932e-05
-7.770000000000000517e-02	1.034483478999999897e-05
-7.689999999999999614e-02	8.186930099999998142e-06
-7.630000000000000671e-02	5.963262899999998128e-06
-7.549999999999999767e-02	3.606176429999999718e-06
-7.489999999999999436e-02	1.193959669999998676e-06
-7.420000000000000207e-02	-1.271329480000000221e-06
-7.309999999999999831e-02	-3.775922160000001323e-06
-7.240000000000000602e-02	-6.318979540000000722e-06
-7.180000000000000271e-02	-8.887298170000000369e-06
-7.109999999999999654e-02	-1.147739852349000120e-05
-7.040000000000000424e-02	-1.397532602000000063e-05
-6.969999999999999807e-02	-1.646098091000000003e-05
-6.869999999999999718e-02	-1.900208229000000134e-05
-6.800000000000000488e-02	-2.150488750000000053e-05
-6.729999999999999871e-02	-2.395770324999999990e-05
-6.650000000000000355e-02	-2.632791453000000163e-05
-6.590000000000000024e-02	-2.859278318000000216e-05
-6.519999999999999407e-02	-3.072931347000000150e-05
-6.419999999999999318e-02	-3.273561895999999808e-05
-6.350000000000000089e-02	-3.452721313000000036e-05
-6.270000000000000573e-02	-3.620567105000000114e-05
-6.199999999999999956e-02	-3.770132320000000388e-05
-6.140000000000000319e-02	-3.896193864000000340e-05
-6.069999999999999701e-02	-4.007939966999999682e-05
-5.970000000000000306e-02	-4.103978775999999760e-05
-5.899999999999999689e-02	-4.176160947000000332e-05
-5.820000000000000173e-02	-4.233061154000000508e-05
-5.759999999999999842e-02	-4.272636374000000415e-05
-5.700000000000000205e-02	-4.295662680999999506e-05
-5.619999999999999996e-02	-4.305226722000000039e-05
-5.550000000000000072e-02	-4.302547459999999508e-05
-5.449999999999999983e-02	-4.288512483999999821e-05
-5.390000000000000346e-02	-4.264211518999999726e-05
-5.310000000000000137e-02	-4.231189107999999786e-05
-5.240000000000000213e-02	-4.190631862000000079e-05
-5.179999999999999882e-02	-4.144856014999999952e-05
-5.109999999999999959e-02	-4.089161895000000284e-05
-5.000000000000000278e-02	-4.029179699000000136e-05
-4.939999999999999947e-02	-3.968824496000000106e-05
-4.859999999999999737e-02	-3.902724313999999986e-05
-4.789999999999999813e-02	-3.832147678000000321e-05
-4.730000000000000177e-02	-3.759253252000000156e-05
-4.649999999999999967e-02	-3.684327042000000419e-05
-4.549999999999999878e-02	-3.607937369999999957e-05
-4.490000000000000241e-02	-3.527631298000000231e-05
-4.420000000000000318e-02	-3.444313453999999928e-05
-4.349999999999999700e-02	-3.371378667999999895e-05
-4.279999999999999777e-02	-3.298731274000000184e-05
-4.209999999999999853e-02	-3.223644269000000155e-05
-4.109999999999999765e-02	-3.146086085999999797e-05
-4.039999999999999841e-02	-3.068465514999999877e-05
-3.960000000000000325e-02	-2.990666061999999934e-05
-3.899999999999999994e-02	-2.912565165999999922e-05
-3.830000000000000071e-02	-2.835147989000000174e-05
-3.760000000000000148e-02	-2.760871936000000124e-05
-3.679999999999999938e-02	-2.686866258000000183e-05
-3.590000000000000135e-02	-2.611222885000000243e-05
-3.520000000000000212e-02	-2.536461940000000283e-05
-3.450000000000000289e-02	-2.462655223000000039e-05
-3.379999999999999671e-02	-2.389711948000000234e-05
-3.320000000000000034e-02	-2.317422447999999984e-05
-3.209999999999999659e-02	-2.246369307000000277e-05
-3.139999999999999736e-02	-2.177640112000000109e-05
-3.070000000000000159e-02	-2.114177752000000291e-05
-2.999999999999999889e-02	-2.054357736999999829e-05
-2.929999999999999966e-02	-1.997657141000000141e-05
-2.860000000000000042e-02	-1.946576198000000231e-05
-2.759999999999999953e-02	-1.901964500999999956e-05
-2.690000000000000030e-02	-1.864278095000000273e-05
-2.620000000000000107e-02	-1.833928055000000156e-05
-2.549999999999999836e-02	-1.810492480000000195e-05
-2.479999999999999913e-02	-1.792652753999999976e-05
-2.419999999999999929e-02	-1.780318987000000080e-05
-2.340000000000000066e-02	-1.772587097000000034e-05
-2.280000000000000082e-02	-1.768670393999999989e-05
-2.210000000000000159e-02	-1.768409393000000044e-05
-2.110000000000000070e-02	-1.772100032999999954e-05
-2.050000000000000086e-02	-1.779483816999999878e-05
-1.980000000000000163e-02	-1.790167961000000042e-05
-1.880000000000000074e-02	-1.803647080999999980e-05
-1.820000000000000090e-02	-1.819247388999999983e-05
-1.750000000000000167e-02	-1.836600978000000117e-05
-1.679999999999999896e-02	-1.856726407000000126e-05
-1.609999999999999973e-02	-1.880030816999999916e-05
-1.549999999999999989e-02	-1.905766416000000094e-05
-1.439999999999999961e-02	-1.933175689000000109e-05
-1.370000000000000037e-02	-1.961607469000000041e-05
-1.269999999999999948e-02	-1.990448517000000165e-05
-1.200000000000000025e-02	-2.018726085000000159e-05
-1.159999999999999920e-02	-2.044549792000000194e-05
-1.099999999999999936e-02	-2.067561278999999820e-05
-1.030000000000000013e-02	-2.087793230000000117e-05
-9.199999999999999845e-03	-2.105500101000000007e-05
-8.600000000000000006e-03	-2.121785835000000134e-05
-7.799999999999999642e-03	-2.136640627000000104e-05
-7.199999999999999803e-03	-2.149383305000000018e-05
-6.499999999999999702e-03	-2.160773694000000210e-05
-5.799999999999999600e-03	-2.172002031000000146e-05
-4.700000000000000185e-03	-2.184070582000000201e-05
-4.000000000000000083e-03	-2.198150687000000094e-05
-3.399999999999999811e-03	-2.213592814000000012e-05
-2.700000000000000143e-03	-2.228743460999999855e-05
-1.799999999999999951e-03	-2.243571552000000143e-05
-8.999999999999999754e-04	-2.258101944000000052e-05
-2.999999999999999737e-04	-2.271612208999999953e-05
4.000000000000000192e-04	-2.282859248999999992e-05
1.199999999999999895e-03	-2.290642987000000245e-05
2.000000000000000042e-03	-2.294738413000000054e-05
2.700000000000000143e-03	-2.296641331000000109e-05
3.399999999999999811e-03	-2.297795872000000194e-05
4.400000000000000265e-03	-2.297611777000000170e-05
5.000000000000000104e-03	-2.295616286999999989e-05
5.700000000000000205e-03	-2.291465675999999918e-05
6.400000000000000307e-03	-2.284900816000000006e-05
7.199999999999999803e-03	-2.276315648000000054e-05
8.000000000000000167e-03	-2.266010400000000106e-05
8.699999999999999400e-03	-2.254081578000000031e-05
9.400000000000000369e-03	-2.239036592999999983e-05
1.020000000000000073e-02	-2.219304360000000310e-05
1.099999999999999936e-02	-2.198180677999999979e-05
1.170000000000000033e-02	-2.174179580000000164e-05
1.239999999999999956e-02	-2.148451646999999969e-05
1.319999999999999993e-02	-2.121104646000000196e-05
1.400000000000000029e-02	-2.091448513000000115e-05
1.469999999999999953e-02	-2.059828660000000031e-05
1.529999999999999936e-02	-2.026015004999999860e-05
1.629999999999999852e-02	-1.990038778000000107e-05
1.700000000000000122e-02	-1.953579327999999956e-05
1.770000000000000046e-02	-1.919559550000000069e-05
1.830000000000000029e-02	-1.888909880999999899e-05
1.930000000000000118e-02	-1.859733785000000221e-05
2.000000000000000042e-02	-1.832039606999999947e-05
2.060000000000000026e-02	-1.808145539999999959e-05
2.129999999999999949e-02	-1.789451804000000143e-05
2.230000000000000038e-02	-1.774113800000000259e-05
2.290000000000000022e-02	-1.762363741999999907e-05
2.359999999999999945e-02	-1.754817948000000007e-05
2.429999999999999868e-02	-1.751369191000000107e-05
2.520000000000000018e-02	-1.752423028000000128e-05
2.589999999999999941e-02	-1.757655001000000013e-05
2.659999999999999865e-02	-1.766439072000000002e-05
2.730000000000000135e-02	-1.778872628000000093e-05
2.809999999999999998e-02	-1.794832544999999953e-05
2.879999999999999921e-02	-1.814726546000000121e-05
2.949999999999999845e-02	-1.839112165000000038e-05
3.009999999999999828e-02	-1.868261493000000192e-05
3.099999999999999978e-02	-1.902778425999999940e-05
3.180000000000000188e-02	-1.943167594000000105e-05
3.280000000000000276e-02	-1.989989212000000174e-05
3.309999999999999748e-02	-2.043059573000000092e-05
3.389999999999999958e-02	-2.101037034999999985e-05
3.500000000000000333e-02	-2.160982434000000081e-05
3.540000000000000091e-02	-2.223907420000000067e-05
3.610000000000000014e-02	-2.291429478000000196e-05
3.710000000000000103e-02	-2.361813933000000108e-05
3.769999999999999740e-02	-2.434324617000000054e-05
3.839999999999999664e-02	-2.508513354999999885e-05
3.910000000000000281e-02	-2.584929563000000214e-05
3.989999999999999797e-02	-2.663863355999999998e-05
4.070000000000000007e-02	-2.744295486000000066e-05
4.139999999999999930e-02	-2.823233861000000081e-05
4.200000000000000261e-02	-2.902936875999999959e-05
4.299999999999999656e-02	-2.985376458000000020e-05
4.370000000000000273e-02	-3.067205421999999763e-05
4.440000000000000197e-02	-3.147974842000000022e-05
4.499999999999999833e-02	-3.227605031999999854e-05
4.599999999999999922e-02	-3.305633415000000443e-05
4.669999999999999846e-02	-3.382224343999999953e-05
4.739999999999999769e-02	-3.454848664999999675e-05
4.800000000000000100e-02	-3.525545062000000069e-05
4.900000000000000189e-02	-3.596650236999999768e-05
4.970000000000000112e-02	-3.666046020999999598e-05
5.040000000000000036e-02	-3.733557918000000159e-05
5.090000000000000080e-02	-3.798158081000000373e-05
5.179999999999999882e-02	-3.859428820000000118e-05
5.269999999999999685e-02	-3.916762407000000200e-05
5.330000000000000016e-02	-3.969290277999999939e-05
5.390000000000000346e-02	-4.015214483999999715e-05
5.480000000000000149e-02	-4.057027013999999561e-05
5.569999999999999951e-02	-4.092269958000000098e-05
5.619999999999999996e-02	-4.119280126000000132e-05
5.720000000000000084e-02	-4.139465822999999634e-05
5.790000000000000008e-02	-4.150358889000000203e-05
5.850000000000000339e-02	-4.150041658000000038e-05
5.949999999999999734e-02	-4.135504109000000023e-05
6.019999999999999657e-02	-4.105973517000000548e-05
6.090000000000000274e-02	-4.064104350999999814e-05
6.149999999999999911e-02	-4.007568425000000180e-05
6.239999999999999714e-02	-3.932189333000000564e-05
6.320000000000000617e-02	-3.839098052000000189e-05
6.379999999999999560e-02	-3.726664083000000511e-05
6.450000000000000178e-02	-3.594921001000000185e-05
6.539999999999999980e-02	-3.443497262000000424e-05
6.619999999999999496e-02	-3.272757571000000428e-05
6.679999999999999827e-02	-3.084763015999999851e-05
6.750000000000000444e-02	-2.887766893999999923e-05
6.819999999999999674e-02	-2.678178397999999818e-05
6.880000000000000004e-02	-2.448883223999999843e-05
6.940000000000000335e-02	-2.209513298000000191e-05
7.040000000000000424e-02	-1.961726023000000268e-05
7.109999999999999654e-02	-1.708898782000000218e-05
7.209999999999999742e-02	-1.453740436000000050e-05
7.240000000000000602e-02	-1.198119467241000026e-05
7.340000000000000691e-02	-9.437360630000000177e-06
7.409999999999999920e-02	-6.998169310000000876e-06
7.480000000000000537e-02	-4.608632410000000691e-06
7.539999999999999480e-02	-2.189362049999999931e-06
7.639999999999999569e-02	1.717151700000001661e-07
7.710000000000000187e-02	2.474771039999998715e-06
7.779999999999999416e-02	4.710616480000000755e-06
7.870000000000000606e-02	6.861923609999998508e-06
7.939999999999999836e-02	9.012100949999998230e-06
8.010000000000000453e-02	1.103305301999999886e-05
8.069999999999999396e-02	1.287899056999999931e-05
8.160000000000000586e-02	1.473991972000000049e-05
8.240000000000000102e-02	1.661506439000000102e-05
8.309999999999999332e-02	1.841910046999999977e-05
8.379999999999999949e-02	2.015687071000000247e-05
8.450000000000000566e-02	2.185368005000000162e-05
8.540000000000000369e-02	2.356379913000000132e-05
8.609999999999999598e-02	2.511287818999999790e-05
8.669999999999999929e-02	2.659871927000000063e-05
8.749999999999999445e-02	2.801414245999999690e-05
8.840000000000000635e-02	2.939341690999999683e-05
8.909999999999999865e-02	3.069152266000000468e-05
8.970000000000000195e-02	3.192570736999999429e-05
9.049999999999999711e-02	3.310245464000000006e-05
9.139999999999999514e-02	3.422500582000000471e-05
9.199999999999999845e-02	3.529143474999999559e-05
9.260000000000000175e-02	3.629237294999999527e-05
9.370000000000000551e-02	3.717550010999999815e-05
9.439999999999999780e-02	3.796780166999999366e-05
9.500000000000000111e-02	3.869801882000000295e-05
9.560000000000000442e-02	3.934522514999999978e-05
9.660000000000000531e-02	3.991594064000000017e-05
9.740000000000000047e-02	4.042469830999999856e-05
9.800000000000000377e-02	4.087561720000000185e-05
9.859999999999999321e-02	4.126126908000000472e-05
9.959999999999999409e-02	4.157343329000000613e-05
1.003000000000000003e-01	4.179550736000000287e-05
1.009000000000000036e-01	4.192665939000000410e-05
1.015999999999999959e-01	4.196792610000000460e-05
1.024999999999999939e-01	4.192065073000000061e-05
1.033000000000000029e-01	4.179853384999999521e-05
1.039999999999999952e-01	4.160635710999999908e-05
1.045999999999999985e-01	4.135004693999999841e-05
1.054999999999999966e-01	4.104598182000000024e-05
1.062000000000000027e-01	4.072047004999999789e-05
1.068999999999999950e-01	4.039040370999999799e-05
1.076000000000000012e-01	4.003088722999999358e-05
1.082999999999999935e-01	3.962121168000000448e-05
1.089999999999999997e-01	3.918353949000000344e-05
1.100000000000000006e-01	3.872092482999999852e-05
1.106000000000000039e-01	3.821998386000000200e-05
1.112999999999999962e-01	3.773469105999999738e-05
1.118999999999999995e-01	3.722355124999999880e-05
1.127999999999999975e-01	3.673127743999999456e-05
1.136000000000000065e-01	3.624648800999999627e-05
1.141999999999999960e-01	3.573571346000000511e-05
1.149000000000000021e-01	3.526617416999999375e-05
1.158000000000000002e-01	3.478472631000000166e-05
1.163000000000000006e-01	3.435710670000000110e-05
1.174000000000000044e-01	3.393557485000000509e-05
1.180999999999999966e-01	3.353137929999999278e-05
1.189000000000000057e-01	3.314205110999999637e-05
1.198000000000000037e-01	3.277634257999999809e-05
1.200999999999999984e-01	3.241695640999999394e-05
1.208000000000000046e-01	3.205470066999999493e-05
1.217000000000000026e-01	3.170942247000000042e-05
1.228000000000000064e-01	3.139006751000000047e-05
1.231000000000000011e-01	3.109758971999999596e-05
1.237000000000000044e-01	3.083636573999999988e-05
1.247000000000000053e-01	3.060329303999999903e-05
1.257000000000000062e-01	3.038939806999999739e-05
1.264000000000000123e-01	3.019851244000000087e-05
1.267000000000000071e-01	3.002408330999999751e-05
1.275000000000000022e-01	2.985634011999999807e-05
1.283999999999999864e-01	2.970508829999999990e-05
1.290999999999999925e-01	2.957795137999999640e-05
1.297999999999999987e-01	2.947462080999999802e-05
1.303999999999999881e-01	2.939280965999999738e-05
1.310999999999999943e-01	2.932440297000000207e-05
1.322000000000000119e-01	2.926348432999999912e-05
1.328000000000000014e-01	2.921524832000000019e-05
1.335000000000000075e-01	2.918526553000000171e-05
1.342000000000000137e-01	2.917617074000000213e-05
1.348999999999999921e-01	2.918714383000000042e-05
1.358999999999999930e-01	2.920765515000000258e-05
1.365999999999999992e-01	2.923319113999999953e-05
1.371999999999999886e-01	2.926440448999999969e-05
1.378999999999999948e-01	2.929893854999999941e-05
1.386000000000000010e-01	2.933484922999999913e-05
1.395000000000000129e-01	2.936670266000000201e-05
1.403000000000000080e-01	2.939617320999999734e-05
1.409999999999999865e-01	2.942255425999999814e-05
1.416999999999999926e-01	2.944258109999999790e-05
1.423999999999999988e-01	2.945411976999999843e-05
1.431000000000000050e-01	2.945070407000000221e-05
1.441000000000000059e-01	2.943477810999999599e-05
1.448000000000000120e-01	2.940401550999999721e-05
1.454999999999999905e-01	2.935991076000000081e-05
1.461000000000000076e-01	2.930090749999999641e-05
1.468000000000000138e-01	2.922179209000000190e-05
1.477999999999999869e-01	2.912612040999999982e-05
1.484999999999999931e-01	2.901534537999999970e-05
1.491999999999999993e-01	2.888394702999999772e-05
1.499000000000000055e-01	2.875234617000000208e-05
1.504999999999999949e-01	2.861253647000000128e-05
1.509000000000000064e-01	2.846847496000000260e-05
1.524000000000000077e-01	2.832550500999999859e-05
1.531000000000000139e-01	2.818332154999999962e-05
1.537000000000000033e-01	2.803443116000000254e-05
1.544999999999999984e-01	2.788067028999999846e-05
1.550999999999999879e-01	2.772586009000000066e-05
1.559999999999999998e-01	2.757077819999999668e-05
1.569000000000000117e-01	2.741390126999999658e-05
1.575000000000000011e-01	2.725132501999999915e-05
1.582000000000000073e-01	2.708144840999999881e-05
1.587999999999999967e-01	2.690492769000000251e-05
1.597000000000000086e-01	2.671524170000000138e-05
1.602000000000000091e-01	2.651310853000000140e-05
1.610000000000000042e-01	2.630437159000000228e-05
1.615000000000000047e-01	2.608616770000000206e-05
1.625999999999999945e-01	2.585481007000000136e-05
1.633000000000000007e-01	2.560495571999999741e-05
1.640000000000000069e-01	2.533443417999999911e-05
1.650000000000000078e-01	2.505681210000000150e-05
1.656999999999999862e-01	2.478839347999999722e-05
1.660000000000000087e-01	2.451416250999999705e-05
1.670999999999999985e-01	2.422843615000000258e-05
1.676999999999999880e-01	2.393991692000000220e-05
1.683999999999999941e-01	2.365259462000000073e-05
1.691000000000000003e-01	2.336639620999999919e-05
1.698000000000000065e-01	2.308422719999999871e-05
1.708000000000000074e-01	2.281281261000000184e-05
1.716999999999999915e-01	2.255623881000000264e-05
1.721999999999999920e-01	2.230620736999999940e-05
1.728000000000000091e-01	2.205603397999999688e-05
1.734999999999999876e-01	2.181359855000000240e-05
1.744999999999999885e-01	2.157712667999999646e-05
1.751999999999999946e-01	2.134363506000000148e-05
1.759000000000000008e-01	2.111243980000000088e-05
1.763000000000000123e-01	2.089231827000000112e-05
1.776000000000000079e-01	2.068364979999999647e-05
1.782999999999999863e-01	2.049083904999999615e-05
1.787999999999999867e-01	2.030961546000000263e-05
1.796999999999999986e-01	2.012799632999999773e-05
1.804000000000000048e-01	1.994705912999999637e-05
1.809999999999999942e-01	1.976712308999999717e-05
1.817000000000000004e-01	1.959095071999999670e-05
1.824000000000000066e-01	1.941670440999999710e-05
1.834000000000000075e-01	1.924429988999999655e-05
1.844000000000000083e-01	1.907568633999999678e-05
1.844000000000000083e-01	1.891268076999999800e-05
1.857000000000000040e-01	1.874945717000000008e-05
1.864000000000000101e-01	1.857732500000000090e-05
1.869999999999999996e-01	1.839763812000000005e-05
1.877000000000000057e-01	1.822723840000000097e-05
1.887000000000000066e-01	1.804073275999999932e-05
1.894000000000000128e-01	1.786007238999999863e-05
1.900999999999999912e-01	1.768303984999999859e-05
1.907999999999999974e-01	1.750153492999999866e-05
1.915000000000000036e-01	1.732881771999999991e-05
1.925000000000000044e-01	1.715146952999999940e-05
1.932000000000000106e-01	1.696198439000000074e-05
1.938000000000000000e-01	1.677022618999999862e-05
1.945999999999999952e-01	1.657418462000000018e-05
1.952000000000000124e-01	1.637046059999999875e-05
1.960000000000000075e-01	1.616245023999999890e-05
1.968999999999999917e-01	1.595130537999999798e-05
1.975999999999999979e-01	1.573813743999999789e-05
1.983000000000000040e-01	1.552925069999999832e-05
1.990000000000000102e-01	1.531396403000000043e-05
1.995999999999999996e-01	1.508757744000000051e-05
