-2.001000000000000001e-01	1.371056816000000019e-05
-2.001999999999999891e-01	1.371156499000000041e-05
-2.000000000000000111e-01	1.371521458999999850e-05
-1.995999999999999996e-01	1.372278752999999874e-05
-1.993000000000000049e-01	1.373340168000000068e-05
-1.988999999999999935e-01	1.375634898999999995e-05
-1.983999999999999930e-01	1.380731394999999822e-05
-1.978999999999999926e-01	1.387827619999999982e-05
-1.973999999999999921e-01	1.396795247999999950e-05
-1.967000000000000137e-01	1.407676433999999945e-05
-1.962000000000000133e-01	1.420077551000000079e-05
-1.955999999999999961e-01	1.433800384000000100e-05
-1.948000000000000009e-01	1.448342419999999980e-05
-1.942000000000000115e-01	1.463195768999999861e-05
-1.933999999999999886e-01	1.479078481999999948e-05
-1.927999999999999992e-01	1.495960653999999862e-05
-1.920999999999999930e-01	1.513215734000000041e-05
-1.915000000000000036e-01	1.530453676000000096e-05
-1.907999999999999974e-01	1.548211892999999854e-05
-1.897999999999999965e-01	1.566325985999999926e-05
-1.892000000000000071e-01	1.583812733999999799e-05
-1.885000000000000009e-01	1.601456462999999806e-05
-1.877999999999999947e-01	1.620023304000000076e-05
-1.872000000000000053e-01	1.638967170999999835e-05
-1.864999999999999991e-01	1.657879701999999934e-05
-1.854999999999999982e-01	1.677120356999999796e-05
-1.847999999999999921e-01	1.696745263000000093e-05
-1.841000000000000136e-01	1.716392637999999797e-05
-1.834999999999999964e-01	1.735087377999999951e-05
-1.827999999999999903e-01	1.753854480999999789e-05
-1.817999999999999894e-01	1.774944081999999841e-05
-1.809999999999999942e-01	1.795971731999999779e-05
-1.804000000000000048e-01	1.817837673000000039e-05
-1.796999999999999986e-01	1.839705388000000000e-05
-1.789999999999999925e-01	1.862606510999999674e-05
-1.784000000000000030e-01	1.885553859999999956e-05
-1.773000000000000131e-01	1.908569458999999929e-05
-1.766999999999999960e-01	1.931501402999999831e-05
-1.759999999999999898e-01	1.955563897999999657e-05
-1.753000000000000114e-01	1.978859883000000247e-05
-1.746000000000000052e-01	2.002707008999999978e-05
-1.734999999999999876e-01	2.027099927999999863e-05
-1.728999999999999981e-01	2.050211275000000133e-05
-1.721999999999999920e-01	2.072978686999999931e-05
-1.715000000000000135e-01	2.095750549999999887e-05
-1.708000000000000074e-01	2.117638978000000255e-05
-1.698999999999999955e-01	2.140579195999999974e-05
-1.691000000000000003e-01	2.160681837000000074e-05
-1.685000000000000109e-01	2.181542988000000205e-05
-1.678000000000000047e-01	2.203172480999999948e-05
-1.670999999999999985e-01	2.224871690999999729e-05
-1.663999999999999924e-01	2.246354233000000188e-05
-1.653000000000000025e-01	2.267640669999999959e-05
-1.647000000000000131e-01	2.289983129999999676e-05
-1.640000000000000069e-01	2.311818557000000081e-05
-1.633000000000000007e-01	2.334069049000000255e-05
-1.625999999999999945e-01	2.355566299000000111e-05
-1.617000000000000104e-01	2.378299721000000065e-05
-1.610000000000000042e-01	2.401958465999999768e-05
-1.602000000000000091e-01	2.425240293000000119e-05
-1.595000000000000029e-01	2.448236051999999952e-05
-1.587999999999999967e-01	2.471668443999999864e-05
-1.580999999999999905e-01	2.495878581000000063e-05
-1.575000000000000011e-01	2.520375659000000028e-05
-1.565000000000000002e-01	2.543775789000000267e-05
-1.557999999999999940e-01	2.566921205000000011e-05
-1.549999999999999989e-01	2.590512650999999934e-05
-1.542999999999999927e-01	2.613494756000000170e-05
-1.537999999999999923e-01	2.635954105000000195e-05
-1.527000000000000024e-01	2.657849340000000034e-05
-1.519999999999999962e-01	2.679203650999999997e-05
-1.512999999999999901e-01	2.699653516000000112e-05
-1.506000000000000116e-01	2.718176119000000125e-05
-1.499000000000000055e-01	2.735546066000000179e-05
-1.491000000000000103e-01	2.752405251999999933e-05
-1.481999999999999984e-01	2.768530669999999834e-05
-1.474999999999999922e-01	2.784595826999999778e-05
-1.469000000000000028e-01	2.800467445999999728e-05
-1.461999999999999966e-01	2.815183801999999728e-05
-1.454999999999999905e-01	2.828816689999999942e-05
-1.444999999999999896e-01	2.842410696000000100e-05
-1.436999999999999944e-01	2.855186705000000241e-05
-1.431000000000000050e-01	2.867339687999999947e-05
-1.423999999999999988e-01	2.879397094000000083e-05
-1.416999999999999926e-01	2.890815523999999820e-05
-1.408999999999999975e-01	2.901615498000000240e-05
-1.400000000000000133e-01	2.911652618999999932e-05
-1.393999999999999961e-01	2.921510637999999733e-05
-1.386999999999999900e-01	2.931446838000000121e-05
-1.380000000000000115e-01	2.941008675000000028e-05
-1.371999999999999886e-01	2.949683288999999735e-05
-1.365999999999999992e-01	2.957972306999999908e-05
-1.358999999999999930e-01	2.966986389999999853e-05
-1.348999999999999921e-01	2.976428991999999964e-05
-1.345999999999999974e-01	2.985949813999999637e-05
-1.335999999999999965e-01	2.995598995000000271e-05
-1.325999999999999956e-01	3.005797273000000000e-05
-1.318999999999999895e-01	3.016591256000000182e-05
-1.315000000000000058e-01	3.028196878999999788e-05
-1.305000000000000049e-01	3.040060703000000024e-05
-1.297999999999999987e-01	3.052591742999999423e-05
-1.290999999999999925e-01	3.066238052000000273e-05
-1.283999999999999864e-01	3.080798440999999962e-05
-1.277000000000000079e-01	3.096562364999999541e-05
-1.270999999999999908e-01	3.113395614999999741e-05
-1.264000000000000123e-01	3.131147489000000355e-05
-1.254000000000000115e-01	3.150102041999999617e-05
-1.244999999999999996e-01	3.169685968000000083e-05
-1.236000000000000015e-01	3.189738733000000608e-05
-1.233000000000000068e-01	3.211087057000000262e-05
-1.226000000000000006e-01	3.234782413999999875e-05
-1.218999999999999945e-01	3.260261851999999877e-05
-1.208999999999999936e-01	3.287407672999999590e-05
-1.202000000000000013e-01	3.315668231999999908e-05
-1.194999999999999951e-01	3.344543958999999643e-05
-1.189000000000000057e-01	3.374113307999999673e-05
-1.181999999999999995e-01	3.403326146000000367e-05
-1.170999999999999958e-01	3.433408320000000391e-05
-1.165000000000000063e-01	3.465582659999999514e-05
-1.156999999999999973e-01	3.498576503999999653e-05
-1.150999999999999940e-01	3.531501866000000104e-05
-1.144000000000000017e-01	3.563846043999999733e-05
-1.136999999999999955e-01	3.596129348999999302e-05
-1.126000000000000056e-01	3.629240702000000388e-05
-1.120000000000000023e-01	3.662830353000000544e-05
-1.113999999999999990e-01	3.694669095999999922e-05
-1.106000000000000039e-01	3.725173517999999366e-05
-1.100000000000000006e-01	3.755557714000000479e-05
-1.088999999999999968e-01	3.785016602000000564e-05
-1.082000000000000045e-01	3.814242830000000068e-05
-1.076000000000000012e-01	3.839832722000000476e-05
-1.068999999999999950e-01	3.864171357000000212e-05
-1.060999999999999999e-01	3.885821647000000582e-05
-1.054999999999999966e-01	3.904438575999999417e-05
-1.044999999999999957e-01	3.919418692999999379e-05
-1.038000000000000034e-01	3.931492768999999719e-05
-1.030999999999999972e-01	3.940222382999999885e-05
-1.024000000000000049e-01	3.945134859000000405e-05
-1.016999999999999987e-01	3.945205221999999949e-05
-1.010000000000000064e-01	3.940029853999999464e-05
-1.000000000000000056e-01	3.929365420999999332e-05
-9.929999999999999938e-02	3.914431019000000475e-05
-9.859999999999999321e-02	3.893265440999999784e-05
-9.790000000000000091e-02	3.869667797000000205e-05
-9.719999999999999474e-02	3.839778349000000195e-05
-9.639999999999999958e-02	3.802084744000000125e-05
-9.550000000000000155e-02	3.757842318000000580e-05
-9.479999999999999538e-02	3.704868927999999486e-05
-9.410000000000000309e-02	3.647967134000000393e-05
-9.339999999999999691e-02	3.578966356000000306e-05
-9.279999999999999361e-02	3.506485545999999927e-05
-9.180000000000000659e-02	3.426820859000000001e-05
-9.099999999999999756e-02	3.340863708999999349e-05
-9.039999999999999425e-02	3.245428025000000297e-05
-8.970000000000000195e-02	3.142712868000000089e-05
-8.909999999999999865e-02	3.033774832999999816e-05
-8.809999999999999776e-02	2.917992895999999825e-05
-8.730000000000000260e-02	2.795318450999999599e-05
-8.659999999999999643e-02	2.666046861999999835e-05
-8.590000000000000413e-02	2.531209745999999828e-05
-8.530000000000000082e-02	2.395999278999999877e-05
-8.459999999999999465e-02	2.255153962000000184e-05
-8.359999999999999376e-02	2.104994506999999837e-05
-8.290000000000000147e-02	1.950363117000000266e-05
-8.219999999999999529e-02	1.791043016999999962e-05
-8.150000000000000300e-02	1.625766505999999841e-05
-8.079999999999999682e-02	1.454488545999999794e-05
-8.010000000000000453e-02	1.276642498999999882e-05
-7.910000000000000364e-02	1.092798006999999845e-05
-7.839999999999999747e-02	9.107444039999999916e-06
-7.770000000000000517e-02	7.242575649999997766e-06
-7.710000000000000187e-02	5.272290209999999330e-06
-7.639999999999999569e-02	3.248826589999999391e-06
-7.539999999999999480e-02	1.181681549999999406e-06
-7.470000000000000251e-02	-9.245539100000003171e-07
-7.399999999999999634e-02	-3.068382640000000687e-06
-7.340000000000000691e-02	-5.236800850000000742e-06
-7.270000000000000073e-02	-7.432411100000000225e-06
-7.199999999999999456e-02	-9.573534250000001114e-06
-7.119999999999999940e-02	-1.172751044007000105e-05
-7.030000000000000138e-02	-1.394571519000000041e-05
-6.959999999999999520e-02	-1.614954326000000163e-05
-6.890000000000000291e-02	-1.831628408000000099e-05
-6.819999999999999674e-02	-2.044498044000000265e-05
-6.719999999999999585e-02	-2.252782153999999948e-05
-6.650000000000000355e-02	-2.453974488999999986e-05
-6.579999999999999738e-02	-2.646611312000000075e-05
-6.510000000000000508e-02	-2.822783373000000204e-05
-6.479999999999999649e-02	-2.988886106000000002e-05
-6.370000000000000662e-02	-3.148524170000000145e-05
-6.270000000000000573e-02	-3.294509183000000180e-05
-6.239999999999999714e-02	-3.425829229000000006e-05
-6.169999999999999790e-02	-3.542060687999999886e-05
-6.060000000000000109e-02	-3.643636516000000388e-05
-5.999999999999999778e-02	-3.729785896000000270e-05
-5.929999999999999855e-02	-3.798941231999999982e-05
-5.859999999999999931e-02	-3.854410282000000047e-05
-5.800000000000000294e-02	-3.898083950999999908e-05
-5.729999999999999677e-02	-3.928085931000000451e-05
-5.650000000000000161e-02	-3.946225099999999583e-05
-5.559999999999999665e-02	-3.953695051999999864e-05
-5.489999999999999741e-02	-3.951234450000000291e-05
-5.419999999999999818e-02	-3.939678711999999763e-05
-5.349999999999999895e-02	-3.919884617999999752e-05
-5.279999999999999971e-02	-3.893670681000000188e-05
-5.190000000000000169e-02	-3.861668755000000411e-05
-5.109999999999999959e-02	-3.823014553000000243e-05
-5.040000000000000036e-02	-3.778406059999999647e-05
-4.970000000000000112e-02	-3.729255473000000093e-05
-4.900000000000000189e-02	-3.676473916000000115e-05
-4.809999999999999692e-02	-3.620607359000000487e-05
-4.730000000000000177e-02	-3.561628292000000140e-05
-4.660000000000000253e-02	-3.500063220000000240e-05
-4.590000000000000330e-02	-3.438687947000000557e-05
-4.519999999999999712e-02	-3.376147295999999871e-05
-4.449999999999999789e-02	-3.310953412999999946e-05
-4.379999999999999866e-02	-3.245309233000000519e-05
-4.290000000000000063e-02	-3.179387427000000154e-05
-4.220000000000000140e-02	-3.112574224999999973e-05
-4.150000000000000216e-02	-3.045353532999999909e-05
-4.080000000000000293e-02	-2.978101272000000207e-05
-4.009999999999999676e-02	-2.910790977000000094e-05
-3.930000000000000160e-02	-2.845857958000000147e-05
-3.839999999999999664e-02	-2.780880754000000028e-05
-3.769999999999999740e-02	-2.713769182000000063e-05
-3.699999999999999817e-02	-2.646652068000000110e-05
-3.629999999999999893e-02	-2.580319915999999836e-05
-3.559999999999999970e-02	-2.514939136999999912e-05
-3.459999999999999881e-02	-2.450823838000000098e-05
-3.400000000000000244e-02	-2.387431084999999876e-05
-3.320000000000000034e-02	-2.325061577000000172e-05
-3.250000000000000111e-02	-2.266317104999999993e-05
-3.189999999999999780e-02	-2.209225660000000118e-05
-3.099999999999999978e-02	-2.151018903000000225e-05
-3.020000000000000115e-02	-2.097761216000000061e-05
-2.949999999999999845e-02	-2.050155152000000068e-05
-2.879999999999999921e-02	-2.003759952000000103e-05
-2.809999999999999998e-02	-1.964395450000000254e-05
-2.730000000000000135e-02	-1.928626318000000101e-05
-2.639999999999999986e-02	-1.899475018999999975e-05
-2.570000000000000062e-02	-1.875579696000000005e-05
-2.510000000000000078e-02	-1.855297764999999926e-05
-2.440000000000000155e-02	-1.839249194999999947e-05
-2.369999999999999885e-02	-1.827437336999999880e-05
-2.280000000000000082e-02	-1.818939483000000165e-05
-2.199999999999999872e-02	-1.815000160999999957e-05
-2.129999999999999949e-02	-1.813678616000000119e-05
-2.060000000000000026e-02	-1.815184674000000099e-05
-2.000000000000000042e-02	-1.819274552000000027e-05
-1.899999999999999953e-02	-1.826068371000000076e-05
-1.820000000000000090e-02	-1.834850167999999991e-05
-1.750000000000000167e-02	-1.845543319999999967e-05
-1.679999999999999896e-02	-1.858820123000000146e-05
-1.619999999999999912e-02	-1.874643234999999876e-05
-1.549999999999999989e-02	-1.892240593000000127e-05
-1.480000000000000066e-02	-1.911305891000000110e-05
-1.370000000000000037e-02	-1.931462789000000155e-05
-1.310000000000000053e-02	-1.951115017000000078e-05
-1.239999999999999956e-02	-1.970478753999999990e-05
-1.170000000000000033e-02	-1.990626429000000270e-05
-1.099999999999999936e-02	-2.009624467000000129e-05
-1.020000000000000073e-02	-2.026351525000000010e-05
-9.299999999999999239e-03	-2.041166662000000275e-05
-8.600000000000000006e-03	-2.054996827000000261e-05
-8.000000000000000167e-03	-2.068020058000000233e-05
-7.300000000000000065e-03	-2.079957856000000003e-05
-6.400000000000000307e-03	-2.090683692000000040e-05
-5.599999999999999943e-03	-2.101054311000000058e-05
-4.799999999999999580e-03	-2.112060675999999896e-05
-4.199999999999999740e-03	-2.123620935000000031e-05
-3.399999999999999811e-03	-2.135075070000000009e-05
-2.700000000000000143e-03	-2.146166141000000111e-05
-2.000000000000000042e-03	-2.157110294999999993e-05
-1.000000000000000021e-03	-2.167801012000000009e-05
-2.999999999999999737e-04	-2.177275878000000097e-05
4.000000000000000192e-04	-2.185064984999999984e-05
1.199999999999999895e-03	-2.191133128000000141e-05
1.799999999999999951e-03	-2.194968129000000062e-05
2.599999999999999881e-03	-2.196826781999999996e-05
3.500000000000000073e-03	-2.196996840000000028e-05
4.300000000000000003e-03	-2.195632471999999836e-05
4.899999999999999842e-03	-2.193389069000000092e-05
5.599999999999999943e-03	-2.190163441999999958e-05
6.300000000000000044e-03	-2.185171558000000055e-05
6.899999999999999883e-03	-2.178254488000000211e-05
8.000000000000000167e-03	-2.169773053000000022e-05
8.699999999999999400e-03	-2.159541154000000073e-05
9.199999999999999845e-03	-2.147090714000000146e-05
1.000000000000000021e-02	-2.131954380999999838e-05
1.089999999999999997e-02	-2.114968886000000080e-05
1.140000000000000041e-02	-2.096382423000000249e-05
1.239999999999999956e-02	-2.076462964999999913e-05
1.310000000000000053e-02	-2.055706835999999966e-05
1.379999999999999977e-02	-2.033892833000000027e-05
1.450000000000000074e-02	-2.010327906000000268e-05
1.510000000000000057e-02	-1.985458420000000074e-05
1.590000000000000094e-02	-1.959435539999999996e-05
1.650000000000000078e-02	-1.933632439999999857e-05
1.739999999999999880e-02	-1.909219874000000171e-05
1.820000000000000090e-02	-1.886480575000000010e-05
1.909999999999999892e-02	-1.865413652000000102e-05
1.959999999999999937e-02	-1.846995253000000058e-05
2.029999999999999860e-02	-1.830904939000000103e-05
2.100000000000000130e-02	-1.816838640000000189e-05
2.199999999999999872e-02	-1.805946421000000004e-05
2.270000000000000143e-02	-1.798418759000000063e-05
2.340000000000000066e-02	-1.794386656000000009e-05
2.419999999999999929e-02	-1.793810631000000133e-05
2.489999999999999852e-02	-1.796954100999999997e-05
2.589999999999999941e-02	-1.803477411999999898e-05
2.659999999999999865e-02	-1.812619395000000048e-05
2.719999999999999848e-02	-1.824568278000000113e-05
2.790000000000000119e-02	-1.840868754000000057e-05
2.869999999999999982e-02	-1.861254489999999992e-05
2.939999999999999905e-02	-1.885153966999999911e-05
2.999999999999999889e-02	-1.912582314999999939e-05
3.099999999999999978e-02	-1.944118999000000233e-05
3.180000000000000188e-02	-1.980132155000000093e-05
3.250000000000000111e-02	-2.020631417999999848e-05
3.320000000000000034e-02	-2.064197941999999851e-05
3.389999999999999958e-02	-2.111333527000000104e-05
3.450000000000000289e-02	-2.163500693999999887e-05
3.549999999999999684e-02	-2.218321551000000021e-05
3.629999999999999893e-02	-2.275349379000000217e-05
3.699999999999999817e-02	-2.334637448000000123e-05
3.769999999999999740e-02	-2.395871497999999954e-05
3.839999999999999664e-02	-2.459157529999999992e-05
3.910000000000000281e-02	-2.521876292999999984e-05
3.969999999999999918e-02	-2.586137699000000002e-05
4.070000000000000007e-02	-2.653681080999999980e-05
4.139999999999999930e-02	-2.722498763000000130e-05
4.209999999999999853e-02	-2.792119219000000112e-05
4.279999999999999777e-02	-2.861864475000000150e-05
4.349999999999999700e-02	-2.931028625000000029e-05
4.440000000000000197e-02	-2.999271673999999931e-05
4.519999999999999712e-02	-3.066948420000000116e-05
4.590000000000000330e-02	-3.131413450999999978e-05
4.630000000000000088e-02	-3.194850928000000061e-05
4.719999999999999890e-02	-3.258578874999999985e-05
4.789999999999999813e-02	-3.320493180000000220e-05
4.900000000000000189e-02	-3.380766179000000126e-05
4.959999999999999826e-02	-3.438627074000000499e-05
5.040000000000000036e-02	-3.493971036000000140e-05
5.099999999999999672e-02	-3.546237098999999865e-05
5.170000000000000290e-02	-3.595286295000000231e-05
5.240000000000000213e-02	-3.639485297000000143e-05
5.310000000000000137e-02	-3.679831716000000010e-05
5.369999999999999774e-02	-3.717052118000000030e-05
5.439999999999999697e-02	-3.748894495999999655e-05
5.530000000000000193e-02	-3.774188157000000013e-05
5.619999999999999996e-02	-3.792816860999999909e-05
5.680000000000000326e-02	-3.804661753999999976e-05
5.750000000000000250e-02	-3.808658971000000325e-05
5.820000000000000173e-02	-3.803556733999999598e-05
5.890000000000000097e-02	-3.788670874999999652e-05
5.960000000000000020e-02	-3.763261982999999708e-05
6.060000000000000109e-02	-3.725044620000000071e-05
6.130000000000000032e-02	-3.673512538000000188e-05
6.199999999999999956e-02	-3.607568824999999701e-05
6.270000000000000573e-02	-3.526677088999999841e-05
6.310000000000000331e-02	-3.430670685999999620e-05
6.439999999999999891e-02	-3.315557421000000008e-05
6.510000000000000508e-02	-3.188352015999999919e-05
6.579999999999999738e-02	-3.046100592999999952e-05
6.650000000000000355e-02	-2.900423259999999973e-05
6.719999999999999585e-02	-2.736631607999999823e-05
6.800000000000000488e-02	-2.555723401999999918e-05
6.890000000000000291e-02	-2.364260424999999955e-05
6.959999999999999520e-02	-2.164038898000000062e-05
7.040000000000000424e-02	-1.956155626000000104e-05
7.099999999999999367e-02	-1.742253619999999966e-05
7.159999999999999698e-02	-1.532548183000000127e-05
7.259999999999999787e-02	-1.320784700598000117e-05
7.340000000000000691e-02	-1.101475422000000035e-05
7.409999999999999920e-02	-8.833074200000000614e-06
7.430000000000000493e-02	-6.678764300000000846e-06
7.539999999999999480e-02	-4.549201590000001319e-06
7.610000000000000098e-02	-2.456155999999999934e-06
7.679999999999999327e-02	-4.056649500000003214e-07
7.749999999999999944e-02	1.595296629999999632e-06
7.839999999999999747e-02	3.470304049999999702e-06
7.920000000000000651e-02	5.296926410000000779e-06
7.989999999999999880e-02	7.136445709999999137e-06
8.060000000000000497e-02	8.932812609999999206e-06
8.129999999999999727e-02	1.068478991000000063e-05
8.200000000000000344e-02	1.239288673000000032e-05
8.300000000000000433e-02	1.404949348000000082e-05
8.369999999999999662e-02	1.564673711999999960e-05
8.440000000000000280e-02	1.719604062999999786e-05
8.509999999999999509e-02	1.864965473000000025e-05
8.580000000000000127e-02	2.006088311999999771e-05
8.640000000000000457e-02	2.146483613000000113e-05
8.740000000000000546e-02	2.285377204999999712e-05
8.820000000000000062e-02	2.408688405999999992e-05
8.890000000000000679e-02	2.529182606999999720e-05
8.959999999999999909e-02	2.643361085999999964e-05
9.030000000000000526e-02	2.751727257000000188e-05
9.089999999999999469e-02	2.855135657000000226e-05
9.160000000000000087e-02	2.949682366999999651e-05
9.270000000000000462e-02	3.041510084000000175e-05
9.339999999999999691e-02	3.126557986000000203e-05
9.410000000000000309e-02	3.203711191999999270e-05
9.470000000000000639e-02	3.273081854000000170e-05
9.539999999999999869e-02	3.332767240999999568e-05
9.610000000000000486e-02	3.388019517000000137e-05
9.719999999999999474e-02	3.437160891999999394e-05
9.790000000000000091e-02	3.481997422999999687e-05
9.850000000000000422e-02	3.516734143000000605e-05
9.919999999999999651e-02	3.547634452999999901e-05
9.990000000000000269e-02	3.570825117999999439e-05
1.005999999999999950e-01	3.587804967000000358e-05
1.015000000000000069e-01	3.597013509000000059e-05
1.023000000000000020e-01	3.598461739000000418e-05
1.029999999999999943e-01	3.594518526000000389e-05
1.037000000000000005e-01	3.585275759000000563e-05
1.044000000000000067e-01	3.571793526999999331e-05
1.050999999999999990e-01	3.553347596999999940e-05
1.058999999999999941e-01	3.531417975999999752e-05
1.068000000000000060e-01	3.507261087000000264e-05
1.074999999999999983e-01	3.479960835000000391e-05
1.082000000000000045e-01	3.449482047999999346e-05
1.087999999999999939e-01	3.416657622999999273e-05
1.096000000000000030e-01	3.381352467000000152e-05
1.106000000000000039e-01	3.344117358000000379e-05
1.112999999999999962e-01	3.307012751000000213e-05
1.120000000000000023e-01	3.268679523999999561e-05
1.126999999999999946e-01	3.228366054999999492e-05
1.132999999999999979e-01	3.188026294000000018e-05
1.140999999999999931e-01	3.148022982000000245e-05
1.150000000000000050e-01	3.108158513000000415e-05
1.158000000000000002e-01	3.069325680999999528e-05
1.164000000000000035e-01	3.032053734999999727e-05
1.170999999999999958e-01	2.996366965999999957e-05
1.178000000000000019e-01	2.963059999999999715e-05
1.184999999999999942e-01	2.930356468000000158e-05
1.189000000000000057e-01	2.896109583999999804e-05
1.194999999999999951e-01	2.864761885000000120e-05
1.209999999999999964e-01	2.833337495999999775e-05
1.217000000000000026e-01	2.803751736000000078e-05
1.223999999999999949e-01	2.776370655000000008e-05
1.231000000000000011e-01	2.750768364999999646e-05
1.237999999999999934e-01	2.726737364999999740e-05
1.244999999999999996e-01	2.705394354000000026e-05
1.254000000000000115e-01	2.685729180999999922e-05
1.262000000000000066e-01	2.667123903000000258e-05
1.269000000000000128e-01	2.649876800999999670e-05
1.275000000000000022e-01	2.633637884999999926e-05
1.282999999999999974e-01	2.619250182000000231e-05
1.288999999999999868e-01	2.606719903999999997e-05
1.297999999999999987e-01	2.595905966999999641e-05
1.307000000000000106e-01	2.587231018000000053e-05
1.310000000000000053e-01	2.579919600000000099e-05
1.317000000000000115e-01	2.573320942999999668e-05
1.327000000000000124e-01	2.567964018999999666e-05
1.333999999999999908e-01	2.563731232999999978e-05
1.343000000000000027e-01	2.560412646000000090e-05
1.351999999999999869e-01	2.558230647000000235e-05
1.355000000000000093e-01	2.556799541000000245e-05
1.365999999999999992e-01	2.556216868000000140e-05
1.371999999999999886e-01	2.556488712999999865e-05
1.378999999999999948e-01	2.557031098999999836e-05
1.386000000000000010e-01	2.557519270999999785e-05
1.393000000000000071e-01	2.557746088999999885e-05
1.400000000000000133e-01	2.557600467999999623e-05
1.406999999999999917e-01	2.556998130999999676e-05
1.416000000000000036e-01	2.556259026999999949e-05
1.423999999999999988e-01	2.554997283000000008e-05
1.431000000000000050e-01	2.552852398000000062e-05
1.438000000000000111e-01	2.549858557000000262e-05
1.444999999999999896e-01	2.545949336000000041e-05
1.449999999999999900e-01	2.540638774999999936e-05
1.458000000000000129e-01	2.534246476000000180e-05
1.466999999999999971e-01	2.526968844000000261e-05
1.476000000000000090e-01	2.518960480999999710e-05
1.481999999999999984e-01	2.509862772000000201e-05
1.489000000000000046e-01	2.499491946000000089e-05
1.494999999999999940e-01	2.488390697000000040e-05
1.502999999999999892e-01	2.477363223999999611e-05
1.512000000000000011e-01	2.465915622000000186e-05
1.521000000000000130e-01	2.453496396000000028e-05
1.527000000000000024e-01	2.440583521000000148e-05
1.534000000000000086e-01	2.427177114999999833e-05
1.539999999999999980e-01	2.413571189999999785e-05
1.547999999999999932e-01	2.399959928999999864e-05
1.557999999999999940e-01	2.386101328000000149e-05
1.565000000000000002e-01	2.371849911999999850e-05
1.572000000000000064e-01	2.357364365000000049e-05
1.579000000000000126e-01	2.341815610000000009e-05
1.585999999999999910e-01	2.324925215999999704e-05
1.592999999999999972e-01	2.307884361999999688e-05
1.602999999999999980e-01	2.290441431999999989e-05
1.610000000000000042e-01	2.272205354000000267e-05
1.617000000000000104e-01	2.253198076000000264e-05
1.623999999999999888e-01	2.233160568999999649e-05
1.630999999999999950e-01	2.213092427999999929e-05
1.638000000000000012e-01	2.192304165999999738e-05
1.645999999999999963e-01	2.169553956999999939e-05
1.655000000000000082e-01	2.146779057999999727e-05
1.660999999999999976e-01	2.123453211000000037e-05
1.668000000000000038e-01	2.101041474000000015e-05
1.675000000000000100e-01	2.077890949000000141e-05
1.681999999999999884e-01	2.054628651999999950e-05
1.691000000000000003e-01	2.030579540999999716e-05
1.700000000000000122e-01	2.008882430999999675e-05
1.706000000000000016e-01	1.986874057999999773e-05
1.713000000000000078e-01	1.964642216999999938e-05
1.719999999999999862e-01	1.943121270999999844e-05
1.726999999999999924e-01	1.921920427000000018e-05
1.736000000000000043e-01	1.900766999999999889e-05
1.743999999999999995e-01	1.879474048000000266e-05
1.751000000000000056e-01	1.857647799000000077e-05
1.758000000000000118e-01	1.837628227999999812e-05
1.764999999999999902e-01	1.818348228999999870e-05
1.771999999999999964e-01	1.800831745000000043e-05
1.781999999999999973e-01	1.782895625000000022e-05
1.789000000000000035e-01	1.764800485000000071e-05
1.796000000000000096e-01	1.747105753999999919e-05
1.802999999999999881e-01	1.729979744000000082e-05
1.809999999999999942e-01	1.713087980000000101e-05
1.816000000000000114e-01	1.696207422999999968e-05
1.827000000000000013e-01	1.679703414999999901e-05
1.832999999999999907e-01	1.664110771999999900e-05
1.841000000000000136e-01	1.648875491999999868e-05
1.847999999999999921e-01	1.633102782999999952e-05
1.854999999999999982e-01	1.617606527999999858e-05
1.862000000000000044e-01	1.601925022000000036e-05
1.869000000000000106e-01	1.585728468999999909e-05
1.879000000000000115e-01	1.569317031999999985e-05
1.885999999999999899e-01	1.552616995999999913e-05
1.892999999999999960e-01	1.535490020000000088e-05
1.899000000000000132e-01	1.519212687999999903e-05
1.899000000000000132e-01	1.503188502999999930e-05
1.913999999999999868e-01	1.486443816000000072e-05
1.922000000000000097e-01	1.469934873999999853e-05
1.932000000000000106e-01	1.452662915000000089e-05
1.935000000000000053e-01	1.436110558000000079e-05
1.942000000000000115e-01	1.418628949999999793e-05
1.948999999999999899e-01	1.400259883000000061e-05
1.960000000000000075e-01	1.382314382999999980e-05
1.967000000000000137e-01	1.364373639999999770e-05
1.973000000000000032e-01	1.345853901999999964e-05
1.980000000000000093e-01	1.327203361000000074e-05
1.986999999999999877e-01	1.308134651999999978e-05
1.993999999999999939e-01	1.288625827999999920e-05
