-2.001000000000000001e-01	1.165048036999999855e-05
-2.001000000000000001e-01	1.164457462999999825e-05
-1.998999999999999944e-01	1.164132834000000056e-05
-1.998000000000000054e-01	1.163970083999999852e-05
-1.995000000000000107e-01	1.164079155999999776e-05
-1.990999999999999992e-01	1.165736279000000031e-05
-1.985999999999999988e-01	1.169809318999999993e-05
-1.980999999999999983e-01	1.175217656000000042e-05
-1.975999999999999979e-01	1.182067820999999969e-05
-1.970000000000000084e-01	1.190862277000000001e-05
-1.963999999999999913e-01	1.200487706000000025e-05
-1.958000000000000018e-01	1.211617028000000075e-05
-1.952000000000000124e-01	1.223620134000000004e-05
-1.945000000000000062e-01	1.236289023999999830e-05
-1.937000000000000111e-01	1.250427691000000017e-05
-1.928999999999999881e-01	1.264885212000000010e-05
-1.922000000000000097e-01	1.279423722000000102e-05
-1.915999999999999925e-01	1.293955913999999933e-05
-1.908999999999999864e-01	1.307923897999999874e-05
-1.902000000000000079e-01	1.323025073999999811e-05
-1.895000000000000018e-01	1.339000823999999995e-05
-1.887999999999999956e-01	1.355052635000000019e-05
-1.880999999999999894e-01	1.371244775999999981e-05
-1.874000000000000110e-01	1.386922883999999802e-05
-1.867000000000000048e-01	1.403039946999999952e-05
-1.859999999999999987e-01	1.420062554999999976e-05
-1.852999999999999925e-01	1.437092227000000044e-05
-1.845999999999999863e-01	1.454200644999999932e-05
-1.837999999999999912e-01	1.471676641000000104e-05
-1.829000000000000070e-01	1.489207261999999862e-05
-1.819999999999999951e-01	1.506527210999999771e-05
-1.812999999999999889e-01	1.524576708000000065e-05
-1.806000000000000105e-01	1.542597984999999889e-05
-1.797999999999999876e-01	1.560573602000000015e-05
-1.791000000000000092e-01	1.579414188999999854e-05
-1.782999999999999863e-01	1.598567375999999810e-05
-1.776999999999999968e-01	1.617743147999999847e-05
-1.769999999999999907e-01	1.637272972000000020e-05
-1.761999999999999955e-01	1.657331268000000046e-05
-1.754999999999999893e-01	1.677622492000000018e-05
-1.748000000000000109e-01	1.697648370000000059e-05
-1.741000000000000048e-01	1.717106018999999960e-05
-1.733000000000000096e-01	1.736586731000000025e-05
-1.726000000000000034e-01	1.756200827999999928e-05
-1.718999999999999972e-01	1.775598737999999860e-05
-1.711000000000000021e-01	1.795284593999999881e-05
-1.701999999999999902e-01	1.814975191000000053e-05
-1.693999999999999950e-01	1.834327264000000006e-05
-1.686999999999999889e-01	1.853318809999999608e-05
-1.680000000000000104e-01	1.872379787999999844e-05
-1.671999999999999875e-01	1.890878370999999884e-05
-1.668999999999999928e-01	1.909365668000000108e-05
-1.660999999999999976e-01	1.928633782000000241e-05
-1.653999999999999915e-01	1.947788540999999715e-05
-1.645999999999999963e-01	1.966842656000000107e-05
-1.635999999999999954e-01	1.986072299000000087e-05
-1.630000000000000060e-01	2.005914606999999701e-05
-1.622000000000000108e-01	2.025863867000000189e-05
-1.615000000000000047e-01	2.045526852999999707e-05
-1.607000000000000095e-01	2.064341554999999775e-05
-1.600000000000000033e-01	2.083358864000000273e-05
-1.592999999999999972e-01	2.103448879999999998e-05
-1.585000000000000020e-01	2.123719704999999812e-05
-1.577999999999999958e-01	2.143741567000000193e-05
-1.570999999999999897e-01	2.163432829999999859e-05
-1.562999999999999945e-01	2.183120138999999793e-05
-1.555999999999999883e-01	2.202694601999999961e-05
-1.549000000000000099e-01	2.221365528999999899e-05
-1.540999999999999870e-01	2.239423879000000014e-05
-1.534999999999999976e-01	2.257497753000000114e-05
-1.527000000000000024e-01	2.275429922999999994e-05
-1.519999999999999962e-01	2.293178524999999750e-05
-1.512999999999999901e-01	2.310344543000000212e-05
-1.504000000000000059e-01	2.326572287999999816e-05
-1.494999999999999940e-01	2.342240784000000259e-05
-1.487999999999999878e-01	2.357112302000000128e-05
-1.479999999999999927e-01	2.370581356999999830e-05
-1.472999999999999865e-01	2.383823677999999990e-05
-1.464999999999999913e-01	2.397447838000000222e-05
-1.459000000000000019e-01	2.410624137999999860e-05
-1.451000000000000068e-01	2.422914785999999852e-05
-1.444000000000000006e-01	2.434770935999999906e-05
-1.436999999999999944e-01	2.446459659000000176e-05
-1.428999999999999992e-01	2.457859600000000119e-05
-1.421999999999999931e-01	2.468831533000000078e-05
-1.414999999999999869e-01	2.478789413999999810e-05
-1.408000000000000085e-01	2.488276785000000007e-05
-1.401000000000000023e-01	2.497769593999999644e-05
-1.393000000000000071e-01	2.507065354000000251e-05
-1.386000000000000010e-01	2.516144539000000243e-05
-1.376999999999999891e-01	2.524820833999999928e-05
-1.370000000000000107e-01	2.533555510000000033e-05
-1.360999999999999988e-01	2.542640045999999975e-05
-1.353000000000000036e-01	2.551983594000000206e-05
-1.345999999999999974e-01	2.561088187000000208e-05
-1.338999999999999913e-01	2.570319347000000091e-05
-1.332000000000000128e-01	2.579620883999999949e-05
-1.325000000000000067e-01	2.589691795999999926e-05
-1.317000000000000115e-01	2.600119437000000157e-05
-1.310000000000000053e-01	2.610960407999999772e-05
-1.302999999999999992e-01	2.622246390000000169e-05
-1.295999999999999930e-01	2.633401330000000271e-05
-1.288999999999999868e-01	2.645961974999999890e-05
-1.280999999999999917e-01	2.659167945999999609e-05
-1.274000000000000132e-01	2.673276109000000104e-05
-1.267000000000000071e-01	2.689123814000000254e-05
-1.257999999999999952e-01	2.704803546999999680e-05
-1.248999999999999971e-01	2.720867124999999889e-05
-1.242000000000000048e-01	2.737063963000000097e-05
-1.233999999999999958e-01	2.755494548000000089e-05
-1.227000000000000035e-01	2.774033394999999650e-05
-1.218999999999999945e-01	2.795031977000000107e-05
-1.212000000000000022e-01	2.816140103999999642e-05
-1.203999999999999931e-01	2.838122748999999728e-05
-1.197000000000000008e-01	2.861093539999999961e-05
-1.189999999999999947e-01	2.884509812999999827e-05
-1.181999999999999995e-01	2.908036540000000098e-05
-1.174999999999999933e-01	2.932323843999999703e-05
-1.166999999999999982e-01	2.955450981999999677e-05
-1.160000000000000059e-01	2.979500581999999800e-05
-1.151999999999999968e-01	3.003687107999999963e-05
-1.145999999999999935e-01	3.027882830000000027e-05
-1.137999999999999984e-01	3.052718065000000554e-05
-1.131000000000000061e-01	3.077966325999999361e-05
-1.123999999999999999e-01	3.103184432999999450e-05
-1.116000000000000048e-01	3.127569848999999880e-05
-1.108999999999999986e-01	3.151045408000000209e-05
-1.101000000000000034e-01	3.173575468000000446e-05
-1.093999999999999972e-01	3.194936197999999913e-05
-1.087000000000000050e-01	3.214428769000000582e-05
-1.079999999999999988e-01	3.232351843000000162e-05
-1.072000000000000036e-01	3.249114881000000541e-05
-1.064999999999999974e-01	3.263639646999999565e-05
-1.058000000000000052e-01	3.275860140000000430e-05
-1.050999999999999990e-01	3.285739702999999608e-05
-1.043000000000000038e-01	3.292741750000000381e-05
-1.035999999999999976e-01	3.296598801999999591e-05
-1.029000000000000054e-01	3.297140315000000313e-05
-1.019000000000000045e-01	3.294108992000000283e-05
-1.010999999999999954e-01	3.287230869000000032e-05
-1.003000000000000003e-01	3.275821992000000368e-05
-9.950000000000000511e-02	3.259809357999999288e-05
-9.879999999999999893e-02	3.239408424000000085e-05
-9.810000000000000664e-02	3.214929242999999459e-05
-9.729999999999999760e-02	3.185731099999999406e-05
-9.650000000000000244e-02	3.151054172999999880e-05
-9.579999999999999627e-02	3.110474464000000322e-05
-9.510000000000000397e-02	3.065804585000000200e-05
-9.439999999999999780e-02	3.015577358999999607e-05
-9.370000000000000551e-02	2.957676526000000092e-05
-9.289999999999999647e-02	2.893381006000000035e-05
-9.220000000000000417e-02	2.822644913999999960e-05
-9.139999999999999514e-02	2.745498295000000161e-05
-9.070000000000000284e-02	2.661879239999999784e-05
-8.999999999999999667e-02	2.572898650999999666e-05
-8.920000000000000151e-02	2.481832651000000155e-05
-8.880000000000000393e-02	2.385495426999999726e-05
-8.809999999999999776e-02	2.280028741999999973e-05
-8.730000000000000260e-02	2.169362240999999820e-05
-8.659999999999999643e-02	2.053081922000000154e-05
-8.590000000000000413e-02	1.931626807999999775e-05
-8.469999999999999751e-02	1.805242146999999948e-05
-8.400000000000000522e-02	1.673711974999999839e-05
-8.359999999999999376e-02	1.538134966000000059e-05
-8.250000000000000389e-02	1.402903817999999816e-05
-8.210000000000000631e-02	1.263293799999999956e-05
-8.140000000000000013e-02	1.113906210000000080e-05
-8.060000000000000497e-02	9.600182610000000238e-06
-8.000000000000000167e-02	8.011617979999999240e-06
-7.910000000000000364e-02	6.375456059999998779e-06
-7.850000000000000033e-02	4.708617079999999393e-06
-7.770000000000000517e-02	3.006626259999999268e-06
-7.699999999999999900e-02	1.271973849999998799e-06
-7.620000000000000384e-02	-4.400304800000013212e-07
-7.549999999999999767e-02	-2.182068750000000181e-06
-7.470000000000000251e-02	-4.014958420000000887e-06
-7.399999999999999634e-02	-5.862892510000000375e-06
-7.320000000000000118e-02	-7.724376750000001531e-06
-7.249999999999999500e-02	-9.604882860000001074e-06
-7.169999999999999984e-02	-1.148618056347000009e-05
-7.099999999999999367e-02	-1.336068398000000059e-05
-7.019999999999999851e-02	-1.521446370000000150e-05
-6.950000000000000622e-02	-1.698200918999999903e-05
-6.869999999999999718e-02	-1.871804789000000260e-05
-6.800000000000000488e-02	-2.047122012000000075e-05
-6.719999999999999585e-02	-2.217502163000000019e-05
-6.650000000000000355e-02	-2.381236881000000106e-05
-6.569999999999999452e-02	-2.537569355000000306e-05
-6.500000000000000222e-02	-2.684778591000000061e-05
-6.419999999999999318e-02	-2.822585184000000173e-05
-6.350000000000000089e-02	-2.949967694999999941e-05
-6.270000000000000573e-02	-3.062728091000000363e-05
-6.199999999999999956e-02	-3.164456614999999962e-05
-6.130000000000000032e-02	-3.257841213999999668e-05
-6.049999999999999822e-02	-3.339836847999999944e-05
-5.970000000000000306e-02	-3.410343585000000054e-05
-5.899999999999999689e-02	-3.469462202000000474e-05
-5.829999999999999766e-02	-3.516633725000000267e-05
-5.750000000000000250e-02	-3.552712749999999928e-05
-5.680000000000000326e-02	-3.578325493000000156e-05
-5.609999999999999709e-02	-3.595532072000000008e-05
-5.530000000000000193e-02	-3.604990199000000426e-05
-5.449999999999999983e-02	-3.606369329000000423e-05
-5.380000000000000060e-02	-3.600362354000000229e-05
-5.310000000000000137e-02	-3.587733009999999648e-05
-5.229999999999999927e-02	-3.568890594999999701e-05
-5.160000000000000003e-02	-3.544170462999999990e-05
-5.079999999999999793e-02	-3.514504164000000429e-05
-5.000000000000000278e-02	-3.481739808999999937e-05
-4.929999999999999660e-02	-3.445331221999999998e-05
-4.859999999999999737e-02	-3.403931779000000073e-05
-4.780000000000000221e-02	-3.359236875999999978e-05
-4.710000000000000298e-02	-3.312177738999999891e-05
-4.630000000000000088e-02	-3.263388039999999774e-05
-4.560000000000000164e-02	-3.212585905999999693e-05
-4.479999999999999954e-02	-3.160295206999999963e-05
-4.410000000000000031e-02	-3.106850857000000455e-05
-4.329999999999999821e-02	-3.053847219000000259e-05
-4.259999999999999898e-02	-3.000329110000000155e-05
-4.179999999999999688e-02	-2.944600616999999910e-05
-4.109999999999999765e-02	-2.888346108000000080e-05
-4.030000000000000249e-02	-2.831533933000000077e-05
-3.960000000000000325e-02	-2.774802302000000190e-05
-3.889999999999999708e-02	-2.717898265000000138e-05
-3.810000000000000192e-02	-2.660944163000000101e-05
-3.740000000000000269e-02	-2.604487734999999966e-05
-3.660000000000000059e-02	-2.549948125000000247e-05
-3.590000000000000135e-02	-2.495864733000000143e-05
-3.509999999999999926e-02	-2.440714747000000264e-05
-3.450000000000000289e-02	-2.386576844999999911e-05
-3.359999999999999792e-02	-2.333449444000000096e-05
-3.289999999999999869e-02	-2.281978642000000244e-05
-3.209999999999999659e-02	-2.231917332000000201e-05
-3.139999999999999736e-02	-2.183099737000000027e-05
-3.070000000000000159e-02	-2.138129765999999846e-05
-2.989999999999999949e-02	-2.095928476000000085e-05
-2.920000000000000026e-02	-2.055498499000000138e-05
-2.850000000000000103e-02	-2.018498411999999816e-05
-2.769999999999999893e-02	-1.985494094000000181e-05
-2.690000000000000030e-02	-1.956522309000000170e-05
-2.620000000000000107e-02	-1.930907824000000018e-05
-2.549999999999999836e-02	-1.908599015999999976e-05
-2.469999999999999973e-02	-1.890011925999999967e-05
-2.400000000000000050e-02	-1.875538428000000145e-05
-2.319999999999999840e-02	-1.864007121000000171e-05
-2.249999999999999917e-02	-1.854797839999999885e-05
-2.170000000000000054e-02	-1.848388330000000270e-05
-2.100000000000000130e-02	-1.844674601999999957e-05
-2.019999999999999921e-02	-1.843049099000000139e-05
-1.930000000000000118e-02	-1.843690113999999993e-05
-1.870000000000000134e-02	-1.846487061000000077e-05
-1.770000000000000046e-02	-1.851108426000000145e-05
-1.700000000000000122e-02	-1.857523388999999953e-05
-1.660000000000000017e-02	-1.865774125000000045e-05
-1.590000000000000094e-02	-1.875866843999999867e-05
-1.510000000000000057e-02	-1.887249666000000032e-05
-1.409999999999999969e-02	-1.899620980000000031e-05
-1.319999999999999993e-02	-1.912789109000000078e-05
-1.260000000000000009e-02	-1.926683014999999938e-05
-1.179999999999999973e-02	-1.940982878000000155e-05
-1.099999999999999936e-02	-1.954898167000000185e-05
-1.030000000000000013e-02	-1.967414585000000032e-05
-9.900000000000000813e-03	-1.979355932000000204e-05
-9.199999999999999845e-03	-1.991270562999999941e-05
-8.399999999999999481e-03	-2.002250946000000016e-05
-7.700000000000000247e-03	-2.012100655999999937e-05
-6.899999999999999883e-03	-2.021579194999999945e-05
-6.199999999999999782e-03	-2.031130531000000151e-05
-5.400000000000000286e-03	-2.040523404000000140e-05
-4.700000000000000185e-03	-2.049959654000000248e-05
-3.899999999999999821e-03	-2.059098328999999834e-05
-3.099999999999999891e-03	-2.067766276999999966e-05
-2.399999999999999790e-03	-2.076196952999999812e-05
-1.600000000000000077e-03	-2.083776603000000213e-05
-8.000000000000000383e-04	-2.090386494000000018e-05
-1.000000000000000048e-04	-2.096346520000000094e-05
6.999999999999999929e-04	-2.101202884000000017e-05
1.399999999999999986e-03	-2.104729145000000187e-05
2.200000000000000133e-03	-2.106948670999999820e-05
3.000000000000000062e-03	-2.107831655999999851e-05
3.700000000000000164e-03	-2.107057115999999905e-05
4.400000000000000265e-03	-2.105104804999999931e-05
5.100000000000000366e-03	-2.101646656000000181e-05
6.000000000000000125e-03	-2.096688012000000068e-05
6.599999999999999964e-03	-2.090861238000000130e-05
7.400000000000000328e-03	-2.084178123000000166e-05
8.099999999999999561e-03	-2.076332663000000185e-05
8.899999999999999925e-03	-2.067430321000000084e-05
9.599999999999999159e-03	-2.056878117000000042e-05
1.039999999999999952e-02	-2.044375090999999984e-05
1.110000000000000049e-02	-2.030510084999999842e-05
1.190000000000000085e-02	-2.016047882000000018e-05
1.260000000000000009e-02	-2.000620864000000253e-05
1.340000000000000045e-02	-1.984353768000000014e-05
1.409999999999999969e-02	-1.967669502999999998e-05
1.490000000000000005e-02	-1.950438354999999981e-05
1.559999999999999928e-02	-1.933423761000000271e-05
1.640000000000000138e-02	-1.915994981999999918e-05
1.710000000000000062e-02	-1.899244908000000064e-05
1.789999999999999925e-02	-1.883405813999999915e-05
1.859999999999999848e-02	-1.869361768000000150e-05
1.940000000000000058e-02	-1.857058263000000128e-05
2.009999999999999981e-02	-1.846231527000000079e-05
2.089999999999999844e-02	-1.837125941999999867e-05
2.160000000000000114e-02	-1.830749788000000041e-05
2.239999999999999977e-02	-1.826952543999999927e-05
2.309999999999999901e-02	-1.825477201999999984e-05
2.380000000000000171e-02	-1.826488935000000248e-05
2.460000000000000034e-02	-1.830345685000000014e-05
2.529999999999999957e-02	-1.837004568999999981e-05
2.589999999999999941e-02	-1.847538390000000064e-05
2.659999999999999865e-02	-1.859178811000000242e-05
2.769999999999999893e-02	-1.873694466000000246e-05
2.840000000000000163e-02	-1.891544901999999887e-05
2.900000000000000147e-02	-1.913160417999999941e-05
2.980000000000000010e-02	-1.937051830000000103e-05
3.039999999999999994e-02	-1.962340355000000125e-05
3.109999999999999917e-02	-1.991570649000000106e-05
3.219999999999999946e-02	-2.025431275000000008e-05
3.280000000000000276e-02	-2.062627855999999950e-05
3.350000000000000200e-02	-2.102409905000000059e-05
3.420000000000000123e-02	-2.144595061000000036e-05
3.490000000000000047e-02	-2.187975008999999845e-05
3.579999999999999849e-02	-2.233379790000000249e-05
3.660000000000000059e-02	-2.282337644999999894e-05
3.729999999999999982e-02	-2.333403047000000117e-05
3.799999999999999906e-02	-2.386050052000000070e-05
3.869999999999999829e-02	-2.439513915000000036e-05
3.939999999999999752e-02	-2.493572203999999860e-05
4.039999999999999841e-02	-2.548769616999999938e-05
4.109999999999999765e-02	-2.604919880999999841e-05
4.179999999999999688e-02	-2.660069595000000089e-05
4.240000000000000019e-02	-2.715405319999999941e-05
4.309999999999999942e-02	-2.772479552999999975e-05
4.379999999999999866e-02	-2.829260264000000192e-05
4.490000000000000241e-02	-2.885144177000000182e-05
4.549999999999999878e-02	-2.939770776000000081e-05
4.619999999999999801e-02	-2.993004624000000145e-05
4.689999999999999725e-02	-3.045394644000000152e-05
4.760000000000000342e-02	-3.096497879000000204e-05
4.859999999999999737e-02	-3.144270596000000011e-05
4.929999999999999660e-02	-3.189631806999999956e-05
4.959999999999999826e-02	-3.234060186999999768e-05
5.070000000000000201e-02	-3.276047702000000261e-05
5.129999999999999838e-02	-3.314978455000000242e-05
5.210000000000000048e-02	-3.350426386000000101e-05
5.310000000000000137e-02	-3.382172972000000203e-05
5.380000000000000060e-02	-3.409979415999999579e-05
5.439999999999999697e-02	-3.433424335000000231e-05
5.510000000000000314e-02	-3.451135733999999945e-05
5.569999999999999951e-02	-3.463428157999999941e-05
5.680000000000000326e-02	-3.470222761000000124e-05
5.750000000000000250e-02	-3.470573548999999938e-05
5.809999999999999887e-02	-3.463659158000000516e-05
5.850000000000000339e-02	-3.448345555000000018e-05
5.949999999999999734e-02	-3.423961741999999580e-05
6.019999999999999657e-02	-3.390219926000000156e-05
6.119999999999999746e-02	-3.346606840000000021e-05
6.189999999999999669e-02	-3.294411869999999904e-05
6.230000000000000121e-02	-3.231537409999999945e-05
6.320000000000000617e-02	-3.155174679000000035e-05
6.400000000000000133e-02	-3.066376827000000054e-05
6.460000000000000464e-02	-2.965359276000000184e-05
6.539999999999999980e-02	-2.852795806999999917e-05
6.600000000000000311e-02	-2.729269312999999902e-05
6.669999999999999540e-02	-2.595002985000000192e-05
6.740000000000000158e-02	-2.455216481000000275e-05
6.840000000000000246e-02	-2.307155079000000074e-05
6.909999999999999476e-02	-2.145842248999999945e-05
6.980000000000000093e-02	-1.977619787999999873e-05
7.049999999999999323e-02	-1.803487643999999914e-05
7.109999999999999654e-02	-1.625581628000000005e-05
7.209999999999999742e-02	-1.445044660000000023e-05
7.290000000000000646e-02	-1.262482772135000068e-05
7.359999999999999876e-02	-1.078876080000000089e-05
7.430000000000000493e-02	-9.007673160000000218e-06
7.489999999999999436e-02	-7.240313730000000415e-06
7.560000000000000053e-02	-5.431561810000000815e-06
7.660000000000000142e-02	-3.655233370000000732e-06
7.729999999999999372e-02	-1.907675309999999974e-06
7.799999999999999989e-02	-1.962180499999999602e-07
7.870000000000000606e-02	1.477025429999998866e-06
7.929999999999999549e-02	3.117083129999998923e-06
8.039999999999999925e-02	4.714685229999999089e-06
8.110000000000000542e-02	6.225584740000000286e-06
8.179999999999999771e-02	7.703268129999998111e-06
8.240000000000000102e-02	9.198472469999998709e-06
8.309999999999999332e-02	1.064411124999999769e-05
8.400000000000000522e-02	1.204141222999999844e-05
8.480000000000000038e-02	1.339944453000000037e-05
8.540000000000000369e-02	1.471464458999999987e-05
8.619999999999999885e-02	1.598780814999999891e-05
8.690000000000000502e-02	1.720788235999999957e-05
8.759999999999999731e-02	1.833351551000000215e-05
8.859999999999999820e-02	1.943630568999999729e-05
8.930000000000000437e-02	2.048299153999999622e-05
8.999999999999999667e-02	2.147621692999999714e-05
9.059999999999999998e-02	2.242236866000000176e-05
9.139999999999999514e-02	2.329757283000000111e-05
9.220000000000000417e-02	2.418108161000000214e-05
9.310000000000000220e-02	2.497739916999999670e-05
9.370000000000000551e-02	2.568586937999999608e-05
9.439999999999999780e-02	2.633351980000000274e-05
9.510000000000000397e-02	2.692148368999999788e-05
9.579999999999999627e-02	2.746505164000000060e-05
9.660000000000000531e-02	2.794553910000000031e-05
9.760000000000000620e-02	2.838736254999999850e-05
9.819999999999999563e-02	2.879195636999999801e-05
9.879999999999999893e-02	2.909794750999999776e-05
9.950000000000000511e-02	2.935867523999999808e-05
1.004000000000000031e-01	2.957541094000000262e-05
1.011999999999999983e-01	2.972759241999999727e-05
1.019000000000000045e-01	2.982016773999999644e-05
1.025999999999999968e-01	2.986943342000000206e-05
1.033000000000000029e-01	2.986832037999999809e-05
1.039999999999999952e-01	2.982421525000000158e-05
1.049999999999999961e-01	2.974229522999999713e-05
1.057000000000000023e-01	2.962601306999999826e-05
1.063999999999999946e-01	2.948066661000000029e-05
1.071000000000000008e-01	2.931422533999999711e-05
1.078000000000000069e-01	2.912370482999999691e-05
1.087000000000000050e-01	2.890267535999999898e-05
1.095000000000000001e-01	2.866156657000000065e-05
1.101000000000000034e-01	2.840308989999999683e-05
1.108999999999999986e-01	2.812952167999999796e-05
1.116000000000000048e-01	2.783952704999999628e-05
1.121999999999999942e-01	2.753991276999999651e-05
1.131999999999999951e-01	2.723504294000000131e-05
1.136000000000000065e-01	2.693565192999999682e-05
1.144000000000000017e-01	2.663712498999999800e-05
1.150999999999999940e-01	2.633035110000000212e-05
1.160999999999999949e-01	2.602741632000000248e-05
1.168000000000000010e-01	2.573331132000000100e-05
1.174999999999999933e-01	2.544706537000000022e-05
1.180999999999999966e-01	2.516739572999999934e-05
1.188000000000000028e-01	2.489617993999999687e-05
1.194999999999999951e-01	2.463200618999999706e-05
1.200999999999999984e-01	2.438529002999999720e-05
1.213999999999999940e-01	2.414819223000000113e-05
1.217000000000000026e-01	2.391549198999999654e-05
1.227000000000000035e-01	2.369576800000000016e-05
1.233999999999999958e-01	2.348874579000000040e-05
1.241000000000000020e-01	2.329729810999999729e-05
1.247999999999999943e-01	2.311794676999999685e-05
1.255000000000000004e-01	2.295032257999999624e-05
1.262000000000000066e-01	2.279307967999999780e-05
1.272000000000000075e-01	2.265196714999999976e-05
1.279000000000000137e-01	2.252490869000000178e-05
1.285999999999999921e-01	2.240554544999999613e-05
1.292999999999999983e-01	2.229807524999999642e-05
1.298999999999999877e-01	2.220481161999999725e-05
1.308999999999999886e-01	2.212621683999999757e-05
1.317000000000000115e-01	2.206006132000000022e-05
1.323000000000000009e-01	2.200012818999999963e-05
1.330000000000000071e-01	2.194699196999999702e-05
1.337000000000000133e-01	2.190387532999999801e-05
1.345000000000000084e-01	2.186798552000000136e-05
1.353999999999999926e-01	2.183301599999999961e-05
1.358000000000000040e-01	2.180125872999999658e-05
1.368999999999999939e-01	2.177361500000000210e-05
1.376000000000000001e-01	2.175240580999999830e-05
1.383999999999999952e-01	2.173601709999999800e-05
1.391000000000000014e-01	2.171957712999999599e-05
1.396999999999999909e-01	2.170113306000000055e-05
1.403999999999999970e-01	2.167827492000000181e-05
1.413999999999999979e-01	2.165125068000000206e-05
1.421000000000000041e-01	2.162180340999999800e-05
1.428000000000000103e-01	2.159035439999999975e-05
1.434999999999999887e-01	2.155661675999999684e-05
1.441999999999999948e-01	2.151531545000000042e-05
1.451999999999999957e-01	2.146475579000000150e-05
1.459000000000000019e-01	2.140455234000000119e-05
1.466000000000000081e-01	2.134293473000000235e-05
1.469000000000000028e-01	2.127744102000000246e-05
1.479999999999999927e-01	2.120271883000000106e-05
1.486999999999999988e-01	2.111985011999999864e-05
1.492999999999999883e-01	2.102837619999999765e-05
1.502999999999999892e-01	2.093014889999999712e-05
1.507000000000000006e-01	2.082733755999999781e-05
1.517000000000000015e-01	2.072396941999999804e-05
1.524000000000000077e-01	2.061916002999999740e-05
1.532999999999999918e-01	2.051324220999999659e-05
1.537000000000000033e-01	2.040141253999999766e-05
1.544000000000000095e-01	2.028509518999999629e-05
1.552000000000000046e-01	2.016657859000000065e-05
1.562000000000000055e-01	2.004048846999999801e-05
1.567999999999999949e-01	1.990644460999999951e-05
1.575000000000000011e-01	1.976747273000000087e-05
1.582000000000000073e-01	1.962895537999999825e-05
1.589000000000000135e-01	1.948563715000000055e-05
1.595999999999999919e-01	1.934172158999999873e-05
1.605999999999999928e-01	1.919550294000000205e-05
1.612999999999999989e-01	1.904052081000000250e-05
1.620000000000000051e-01	1.888266335000000074e-05
1.627000000000000113e-01	1.871508036000000221e-05
1.633000000000000007e-01	1.854224009000000133e-05
1.642000000000000126e-01	1.836675344999999870e-05
1.650000000000000078e-01	1.818759028999999944e-05
1.658000000000000029e-01	1.801338341999999892e-05
1.665000000000000091e-01	1.783431612999999781e-05
1.670999999999999985e-01	1.764492803000000049e-05
1.678000000000000047e-01	1.745763077999999894e-05
1.688000000000000056e-01	1.727136617999999922e-05
1.695000000000000118e-01	1.708561686999999994e-05
1.701999999999999902e-01	1.689958581999999806e-05
1.708999999999999964e-01	1.671379557999999875e-05
1.715000000000000135e-01	1.652972405999999993e-05
1.723999999999999977e-01	1.635383904999999832e-05
1.733000000000000096e-01	1.617058584999999825e-05
1.739999999999999880e-01	1.599660579999999846e-05
1.746999999999999942e-01	1.582226150000000064e-05
1.753000000000000114e-01	1.565464200999999887e-05
1.759999999999999898e-01	1.548961007000000106e-05
1.771000000000000074e-01	1.532344424999999906e-05
1.778000000000000136e-01	1.515715491999999943e-05
1.784000000000000030e-01	1.499179740999999905e-05
1.791000000000000092e-01	1.483861132999999823e-05
1.797999999999999876e-01	1.469037884999999929e-05
1.804000000000000048e-01	1.453976229000000033e-05
1.814999999999999947e-01	1.438427264999999933e-05
1.822000000000000008e-01	1.423695306999999961e-05
1.829000000000000070e-01	1.408672464999999958e-05
1.834999999999999964e-01	1.393519066999999941e-05
1.842999999999999916e-01	1.379527356999999950e-05
1.850999999999999868e-01	1.365149842000000028e-05
1.859000000000000097e-01	1.351116581000000061e-05
1.865999999999999881e-01	1.336774561000000000e-05
1.872999999999999943e-01	1.321929915999999844e-05
1.880000000000000004e-01	1.307289332999999996e-05
1.887000000000000066e-01	1.292555056000000061e-05
1.897000000000000075e-01	1.277450539999999782e-05
1.904000000000000137e-01	1.262370400000000005e-05
1.910999999999999921e-01	1.247532868000000050e-05
1.917999999999999983e-01	1.231901453000000096e-05
1.925000000000000044e-01	1.217633828999999956e-05
1.933999999999999886e-01	1.202929967999999902e-05
1.942000000000000115e-01	1.187611140999999935e-05
1.948999999999999899e-01	1.172199187000000096e-05
1.955999999999999961e-01	1.156447812999999837e-05
1.962000000000000133e-01	1.140601782999999770e-05
1.968999999999999917e-01	1.124516069000000069e-05
1.973000000000000032e-01	1.108393646999999770e-05
1.985000000000000098e-01	1.092723954999999986e-05
1.991999999999999882e-01	1.077086198999999836e-05
1.998000000000000054e-01	1.060956788999999854e-05
