-2.000000000000000111e-01	8.005905240000000243e-06
-2.000000000000000111e-01	7.998488119999999841e-06
-1.998999999999999944e-01	7.989780729999998638e-06
-1.995999999999999996e-01	7.983146239999999873e-06
-1.993000000000000049e-01	7.980573850000000942e-06
-1.988999999999999935e-01	7.988767259999999041e-06
-1.985000000000000098e-01	8.011519939999998507e-06
-1.980000000000000093e-01	8.048818130000000249e-06
-1.973999999999999921e-01	8.103103789999998262e-06
-1.967000000000000137e-01	8.166938809999997953e-06
-1.962000000000000133e-01	8.243802169999999780e-06
-1.955000000000000071e-01	8.325408949999998741e-06
-1.948999999999999899e-01	8.409754579999999496e-06
-1.943000000000000005e-01	8.501423330000000176e-06
-1.935999999999999943e-01	8.598035709999998132e-06
-1.927999999999999992e-01	8.701452819999999145e-06
-1.920999999999999930e-01	8.803716419999998245e-06
-1.913999999999999868e-01	8.903736279999997755e-06
-1.907999999999999974e-01	9.011560449999999722e-06
-1.900999999999999912e-01	9.124281929999998651e-06
-1.892999999999999960e-01	9.244100480000000191e-06
-1.885000000000000009e-01	9.362824299999998319e-06
-1.877000000000000057e-01	9.484330189999998743e-06
-1.870999999999999885e-01	9.604082629999998274e-06
-1.864999999999999991e-01	9.714978739999998000e-06
-1.857999999999999929e-01	9.831435709999998893e-06
-1.847999999999999921e-01	9.951221830000000319e-06
-1.839999999999999969e-01	1.007236225000000040e-05
-1.834000000000000075e-01	1.019623964999999782e-05
-1.827000000000000013e-01	1.032168748999999909e-05
-1.819999999999999951e-01	1.045068174999999982e-05
-1.812999999999999889e-01	1.058247355999999886e-05
-1.802999999999999881e-01	1.071274873999999844e-05
-1.796000000000000096e-01	1.084842146999999866e-05
-1.787999999999999867e-01	1.098117292000000002e-05
-1.781999999999999973e-01	1.111341106999999990e-05
-1.774999999999999911e-01	1.124259561999999866e-05
-1.768000000000000127e-01	1.137318950999999923e-05
-1.761000000000000065e-01	1.149789661999999881e-05
-1.749999999999999889e-01	1.162943692000000009e-05
-1.743999999999999995e-01	1.176599727999999912e-05
-1.736999999999999933e-01	1.190500957000000014e-05
-1.729999999999999871e-01	1.204104915000000020e-05
-1.723000000000000087e-01	1.217247893999999934e-05
-1.716000000000000025e-01	1.230780607999999932e-05
-1.706000000000000016e-01	1.244287639999999985e-05
-1.698999999999999955e-01	1.257399513999999912e-05
-1.691999999999999893e-01	1.270748925999999862e-05
-1.685000000000000109e-01	1.284387077999999858e-05
-1.678000000000000047e-01	1.297922082999999972e-05
-1.670999999999999985e-01	1.311444871000000005e-05
-1.663999999999999924e-01	1.324732105000000096e-05
-1.653999999999999915e-01	1.338113154999999828e-05
-1.647000000000000131e-01	1.351568511000000045e-05
-1.640000000000000069e-01	1.364798278999999922e-05
-1.633000000000000007e-01	1.378281837999999890e-05
-1.627000000000000113e-01	1.391986152999999949e-05
-1.618999999999999884e-01	1.405751727000000069e-05
-1.610000000000000042e-01	1.419185635999999884e-05
-1.602000000000000091e-01	1.432252223999999987e-05
-1.598999999999999866e-01	1.445397151999999920e-05
-1.589000000000000135e-01	1.458685318999999902e-05
-1.580999999999999905e-01	1.471927896999999957e-05
-1.574000000000000121e-01	1.485136674999999883e-05
-1.567999999999999949e-01	1.498168518999999822e-05
-1.557999999999999940e-01	1.511118712000000098e-05
-1.550999999999999879e-01	1.523575330000000031e-05
-1.544000000000000095e-01	1.535847363000000069e-05
-1.535999999999999865e-01	1.547700805999999854e-05
-1.531000000000000139e-01	1.559000672999999860e-05
-1.522999999999999909e-01	1.570582276999999815e-05
-1.516000000000000125e-01	1.582183586999999890e-05
-1.509000000000000064e-01	1.593277320000000035e-05
-1.499000000000000055e-01	1.604172519000000104e-05
-1.491999999999999993e-01	1.614844855999999769e-05
-1.484999999999999931e-01	1.625526393999999925e-05
-1.477999999999999869e-01	1.636205230000000062e-05
-1.466999999999999971e-01	1.645879974000000019e-05
-1.464000000000000024e-01	1.654470940999999852e-05
-1.456999999999999962e-01	1.662748518999999863e-05
-1.449999999999999900e-01	1.671406793000000012e-05
-1.439999999999999891e-01	1.680393172999999901e-05
-1.433000000000000107e-01	1.688983447000000037e-05
-1.426000000000000045e-01	1.697054979999999979e-05
-1.418999999999999984e-01	1.704926843999999772e-05
-1.411999999999999922e-01	1.712680307000000041e-05
-1.405000000000000138e-01	1.720016538999999926e-05
-1.396000000000000019e-01	1.727193396000000012e-05
-1.388999999999999957e-01	1.734210612999999868e-05
-1.381000000000000005e-01	1.741001896000000034e-05
-1.373999999999999944e-01	1.747873810999999789e-05
-1.366999999999999882e-01	1.754686387000000010e-05
-1.360999999999999988e-01	1.761285890999999808e-05
-1.353999999999999926e-01	1.768320553999999802e-05
-1.343999999999999917e-01	1.775550328999999953e-05
-1.335999999999999965e-01	1.782564244999999798e-05
-1.328999999999999904e-01	1.789621578000000077e-05
-1.322000000000000119e-01	1.796748858000000085e-05
-1.315999999999999948e-01	1.803921773999999872e-05
-1.308999999999999886e-01	1.811531601999999926e-05
-1.298999999999999877e-01	1.819597731999999813e-05
-1.290999999999999925e-01	1.828064953999999711e-05
-1.283999999999999864e-01	1.836848488999999959e-05
-1.277999999999999969e-01	1.845479945999999751e-05
-1.270000000000000018e-01	1.854442111000000041e-05
-1.264000000000000123e-01	1.863498772000000235e-05
-1.255000000000000004e-01	1.873598281999999809e-05
-1.247000000000000053e-01	1.883321159000000112e-05
-1.241000000000000020e-01	1.893965682999999619e-05
-1.233000000000000068e-01	1.904317179999999771e-05
-1.226000000000000006e-01	1.915564356999999778e-05
-1.218999999999999945e-01	1.927352536999999970e-05
-1.209999999999999964e-01	1.939008284000000220e-05
-1.202000000000000013e-01	1.951056442000000013e-05
-1.195999999999999980e-01	1.962946091999999700e-05
-1.188000000000000028e-01	1.974564149999999627e-05
-1.180999999999999966e-01	1.986448401000000206e-05
-1.174000000000000044e-01	1.998312658999999602e-05
-1.166999999999999982e-01	2.010631442000000200e-05
-1.158000000000000002e-01	2.022378219999999835e-05
-1.150000000000000050e-01	2.034248106999999724e-05
-1.142999999999999988e-01	2.046150619999999675e-05
-1.136000000000000065e-01	2.057667177999999956e-05
-1.129000000000000004e-01	2.068712528999999719e-05
-1.121999999999999942e-01	2.078741441000000147e-05
-1.112999999999999962e-01	2.087999435999999732e-05
-1.105000000000000010e-01	2.096607820000000213e-05
-1.097999999999999948e-01	2.104527196999999712e-05
-1.091000000000000025e-01	2.110708080999999784e-05
-1.083999999999999964e-01	2.115643224999999607e-05
-1.077000000000000041e-01	2.119389896000000180e-05
-1.069999999999999979e-01	2.121626232000000271e-05
-1.059999999999999970e-01	2.122388686999999852e-05
-1.053000000000000047e-01	2.121612528999999839e-05
-1.045999999999999985e-01	2.118761877999999932e-05
-1.039000000000000062e-01	2.113331614999999756e-05
-1.033000000000000029e-01	2.105307885999999835e-05
-1.024999999999999939e-01	2.094833696999999904e-05
-1.015000000000000069e-01	2.081831281999999887e-05
-1.009000000000000036e-01	2.066597628000000120e-05
-1.001999999999999974e-01	2.048640790000000119e-05
-9.940000000000000224e-02	2.027123569999999693e-05
-9.869999999999999607e-02	2.002660279999999727e-05
-9.800000000000000377e-02	1.974909827999999666e-05
-9.729999999999999760e-02	1.943198960999999899e-05
-9.629999999999999671e-02	1.907841778999999630e-05
-9.560000000000000442e-02	1.868775407000000050e-05
-9.489999999999999825e-02	1.827448149000000221e-05
-9.420000000000000595e-02	1.782278744999999816e-05
-9.360000000000000264e-02	1.731776967999999888e-05
-9.289999999999999647e-02	1.677221495000000035e-05
-9.180000000000000659e-02	1.618886321999999842e-05
-9.110000000000000042e-02	1.556607263999999893e-05
-9.049999999999999711e-02	1.490135967999999875e-05
-8.980000000000000482e-02	1.419409458000000043e-05
-8.909999999999999865e-02	1.344623532000000033e-05
-8.840000000000000635e-02	1.269175479999999970e-05
-8.749999999999999445e-02	1.189808983999999920e-05
-8.669999999999999929e-02	1.103825672999999937e-05
-8.590000000000000413e-02	1.014526652000000061e-05
-8.530000000000000082e-02	9.216765419999999921e-06
-8.459999999999999465e-02	8.254805969999997874e-06
-8.390000000000000235e-02	7.258122630000000156e-06
-8.290000000000000147e-02	6.229389299999999748e-06
-8.219999999999999529e-02	5.168193629999999044e-06
-8.140000000000000013e-02	4.120114720000000617e-06
-8.110000000000000542e-02	3.043012210000000376e-06
-8.029999999999999638e-02	1.902186689999999972e-06
-7.939999999999999836e-02	7.342841100000000674e-07
-7.839999999999999747e-02	-4.627750500000008031e-07
-7.799999999999999989e-02	-1.679014950000000590e-06
-7.729999999999999372e-02	-2.912335740000000526e-06
-7.660000000000000142e-02	-4.159995419999999884e-06
-7.560000000000000053e-02	-5.418708590000000345e-06
-7.489999999999999436e-02	-6.648140220000000559e-06
-7.420000000000000207e-02	-7.886607810000001873e-06
-7.359999999999999876e-02	-9.172439350000001127e-06
-7.280000000000000360e-02	-1.045109425000000157e-05
-7.209999999999999742e-02	-1.172417830665999981e-05
-7.149999999999999412e-02	-1.298922517971000085e-05
-7.059999999999999609e-02	-1.424250113000000008e-05
-6.969999999999999807e-02	-1.547084982000000090e-05
-6.909999999999999476e-02	-1.667892652000000270e-05
-6.829999999999999960e-02	-1.781945004000000027e-05
-6.759999999999999343e-02	-1.892138964000000034e-05
-6.700000000000000400e-02	-2.002514249000000222e-05
-6.629999999999999782e-02	-2.108292914000000129e-05
-6.519999999999999407e-02	-2.208994460000000004e-05
-6.450000000000000178e-02	-2.304131995000000137e-05
-6.379999999999999560e-02	-2.393596477000000078e-05
-6.320000000000000617e-02	-2.477125591000000238e-05
-6.250000000000000000e-02	-2.551421985000000109e-05
-6.180000000000000077e-02	-2.619621037999999912e-05
-6.069999999999999701e-02	-2.683715604000000009e-05
-5.999999999999999778e-02	-2.740697886999999845e-05
-5.940000000000000141e-02	-2.790898573999999946e-05
-5.870000000000000218e-02	-2.834923559000000182e-05
-5.800000000000000294e-02	-2.872456533000000131e-05
-5.729999999999999677e-02	-2.903370048000000127e-05
-5.650000000000000161e-02	-2.928405894000000195e-05
-5.550000000000000072e-02	-2.947406169000000100e-05
-5.480000000000000149e-02	-2.961096215000000174e-05
-5.410000000000000225e-02	-2.970340291000000068e-05
-5.340000000000000302e-02	-2.975101297999999949e-05
-5.279999999999999971e-02	-2.975224230999999904e-05
-5.199999999999999761e-02	-2.971240925000000064e-05
-5.109999999999999959e-02	-2.963250594000000211e-05
-5.040000000000000036e-02	-2.951709004000000098e-05
-4.970000000000000112e-02	-2.937190700000000162e-05
-4.889999999999999902e-02	-2.920285207000000206e-05
-4.830000000000000265e-02	-2.900421361000000094e-05
-4.750000000000000056e-02	-2.877135060999999971e-05
-4.669999999999999846e-02	-2.851792158000000094e-05
-4.590000000000000330e-02	-2.824598427000000187e-05
-4.519999999999999712e-02	-2.795500474000000069e-05
-4.449999999999999789e-02	-2.764711652999999957e-05
-4.370000000000000273e-02	-2.732854736000000002e-05
-4.309999999999999942e-02	-2.700029153999999903e-05
-4.209999999999999853e-02	-2.667373694000000069e-05
-4.139999999999999930e-02	-2.633627080000000139e-05
-4.070000000000000007e-02	-2.598087157000000141e-05
-4.000000000000000083e-02	-2.560905766000000285e-05
-3.930000000000000160e-02	-2.525502961999999990e-05
-3.860000000000000236e-02	-2.488562181000000120e-05
-3.760000000000000148e-02	-2.451291015999999828e-05
-3.690000000000000224e-02	-2.414117017000000021e-05
-3.610000000000000014e-02	-2.377115744999999826e-05
-3.540000000000000091e-02	-2.339131593000000250e-05
-3.479999999999999760e-02	-2.303170170999999886e-05
-3.409999999999999837e-02	-2.269996769000000067e-05
-3.339999999999999913e-02	-2.236162741000000299e-05
-3.239999999999999825e-02	-2.201825274000000153e-05
-3.160000000000000309e-02	-2.168446371999999849e-05
-3.099999999999999978e-02	-2.136116069999999988e-05
-3.030000000000000054e-02	-2.105499313000000282e-05
-2.960000000000000131e-02	-2.077505985000000020e-05
-2.889999999999999861e-02	-2.051354162000000082e-05
-2.819999999999999937e-02	-2.026105680000000071e-05
-2.709999999999999909e-02	-2.002429418000000120e-05
-2.639999999999999986e-02	-1.980265777000000176e-05
-2.570000000000000062e-02	-1.959903437999999966e-05
-2.500000000000000139e-02	-1.941823669999999958e-05
-2.440000000000000155e-02	-1.925764678000000248e-05
-2.359999999999999945e-02	-1.911638993999999913e-05
-2.299999999999999961e-02	-1.899643735000000180e-05
-2.210000000000000159e-02	-1.889506353000000105e-05
-2.120000000000000009e-02	-1.880618929000000121e-05
-2.050000000000000086e-02	-1.873175830999999886e-05
-1.980000000000000163e-02	-1.867273959000000148e-05
-1.909999999999999892e-02	-1.862757764000000038e-05
-1.839999999999999969e-02	-1.859512528000000113e-05
-1.770000000000000046e-02	-1.857944670000000078e-05
-1.679999999999999896e-02	-1.857834815000000003e-05
-1.600000000000000033e-02	-1.858597503000000240e-05
-1.529999999999999936e-02	-1.860338506000000006e-05
-1.460000000000000013e-02	-1.863188155999999861e-05
-1.389999999999999916e-02	-1.866683569999999921e-05
-1.310000000000000053e-02	-1.870824758000000010e-05
-1.239999999999999956e-02	-1.875615284000000266e-05
-1.170000000000000033e-02	-1.880664459000000067e-05
-1.089999999999999997e-02	-1.885812286000000025e-05
-1.020000000000000073e-02	-1.891223214999999990e-05
-9.499999999999999764e-03	-1.896670863000000020e-05
-8.800000000000000530e-03	-1.902172225000000038e-05
-8.000000000000000167e-03	-1.907401470000000021e-05
-7.300000000000000065e-03	-1.912518398000000104e-05
-6.400000000000000307e-03	-1.918172414999999939e-05
-5.700000000000000205e-03	-1.923921085999999954e-05
-4.799999999999999580e-03	-1.928928295999999930e-05
-4.100000000000000346e-03	-1.933531956999999982e-05
-3.399999999999999811e-03	-1.938377346000000052e-05
-2.599999999999999881e-03	-1.942842138999999923e-05
-2.200000000000000133e-03	-1.946737783999999855e-05
-1.500000000000000031e-03	-1.950299276000000114e-05
-6.999999999999999929e-04	-1.953350841000000006e-05
0.000000000000000000e+00	-1.955798835000000261e-05
8.000000000000000383e-04	-1.957299069000000122e-05
1.500000000000000031e-03	-1.957914301000000110e-05
2.500000000000000052e-03	-1.957896646000000250e-05
3.299999999999999982e-03	-1.957566370999999948e-05
4.100000000000000346e-03	-1.956544540000000027e-05
4.700000000000000185e-03	-1.954625741000000152e-05
5.499999999999999681e-03	-1.952056787999999861e-05
6.199999999999999782e-03	-1.948897036000000099e-05
6.899999999999999883e-03	-1.944788878000000098e-05
7.599999999999999985e-03	-1.940042486999999874e-05
8.399999999999999481e-03	-1.934897378999999974e-05
9.199999999999999845e-03	-1.929435614000000001e-05
9.799999999999999684e-03	-1.923897089000000256e-05
1.060000000000000005e-02	-1.917698124000000008e-05
1.129999999999999928e-02	-1.910574448000000114e-05
1.209999999999999964e-02	-1.903088401000000042e-05
1.269999999999999948e-02	-1.895843483999999979e-05
1.359999999999999924e-02	-1.888537778000000077e-05
1.420000000000000082e-02	-1.881252595000000190e-05
1.510000000000000057e-02	-1.874293939999999950e-05
1.590000000000000094e-02	-1.867941910999999948e-05
1.669999999999999957e-02	-1.862554941999999993e-05
1.750000000000000167e-02	-1.857734108999999976e-05
1.820000000000000090e-02	-1.853428154000000180e-05
1.890000000000000013e-02	-1.850380989999999968e-05
1.969999999999999876e-02	-1.847983549999999926e-05
2.040000000000000147e-02	-1.846597125000000211e-05
2.110000000000000070e-02	-1.846723823000000165e-05
2.179999999999999993e-02	-1.848370324000000133e-05
2.259999999999999856e-02	-1.851307810999999856e-05
2.330000000000000127e-02	-1.855589013999999989e-05
2.400000000000000050e-02	-1.861591252999999943e-05
2.469999999999999973e-02	-1.869635350000000226e-05
2.539999999999999897e-02	-1.879584361000000096e-05
2.620000000000000107e-02	-1.890916826999999961e-05
2.699999999999999969e-02	-1.903619350000000136e-05
2.800000000000000058e-02	-1.918222566000000109e-05
2.860000000000000042e-02	-1.935041934999999952e-05
2.939999999999999905e-02	-1.952877203000000136e-05
3.020000000000000115e-02	-1.971295251000000241e-05
3.090000000000000038e-02	-1.992447021999999953e-05
3.160000000000000309e-02	-2.016745230999999962e-05
3.239999999999999825e-02	-2.040917982000000280e-05
3.309999999999999748e-02	-2.068293773000000007e-05
3.370000000000000079e-02	-2.095193712000000092e-05
3.440000000000000002e-02	-2.124514838999999882e-05
3.520000000000000212e-02	-2.155216090000000183e-05
3.599999999999999728e-02	-2.185394001000000018e-05
3.660000000000000059e-02	-2.216091503000000039e-05
3.740000000000000269e-02	-2.249163007000000081e-05
3.810000000000000192e-02	-2.282955305000000304e-05
3.889999999999999708e-02	-2.317472685999999983e-05
3.960000000000000325e-02	-2.352471614999999977e-05
4.039999999999999841e-02	-2.387682784000000086e-05
4.109999999999999765e-02	-2.422458153000000067e-05
4.179999999999999688e-02	-2.457128554999999916e-05
4.270000000000000184e-02	-2.490679059999999906e-05
4.359999999999999987e-02	-2.523838103000000302e-05
4.440000000000000197e-02	-2.557711458000000109e-05
4.510000000000000120e-02	-2.590856393000000066e-05
4.580000000000000043e-02	-2.623348415000000249e-05
4.660000000000000253e-02	-2.654851925999999915e-05
4.730000000000000177e-02	-2.684591070999999831e-05
4.800000000000000100e-02	-2.712293422000000001e-05
4.870000000000000023e-02	-2.738121015000000283e-05
4.950000000000000233e-02	-2.761548330000000181e-05
5.020000000000000157e-02	-2.783096696000000213e-05
5.090000000000000080e-02	-2.803262199000000027e-05
5.160000000000000003e-02	-2.821015386999999944e-05
5.229999999999999927e-02	-2.836009016999999945e-05
5.310000000000000137e-02	-2.847605897000000171e-05
5.310000000000000137e-02	-2.855581960000000020e-05
5.449999999999999983e-02	-2.860216864000000010e-05
5.519999999999999907e-02	-2.861062086000000000e-05
5.619999999999999996e-02	-2.857908639000000049e-05
5.689999999999999919e-02	-2.850686768000000110e-05
5.689999999999999919e-02	-2.838414272000000066e-05
5.840000000000000052e-02	-2.820955747999999915e-05
5.909999999999999976e-02	-2.798395814000000111e-05
5.999999999999999778e-02	-2.770253192999999988e-05
6.069999999999999701e-02	-2.736157238999999906e-05
6.149999999999999911e-02	-2.695791263999999996e-05
6.219999999999999835e-02	-2.650848617000000083e-05
6.289999999999999758e-02	-2.599776287000000140e-05
6.329999999999999516e-02	-2.540783003000000249e-05
6.439999999999999891e-02	-2.475035509000000144e-05
6.510000000000000508e-02	-2.402790712000000122e-05
6.550000000000000266e-02	-2.324234534999999977e-05
6.660000000000000642e-02	-2.239647931999999846e-05
6.729999999999999871e-02	-2.149695904000000152e-05
6.800000000000000488e-02	-2.053944953999999994e-05
6.869999999999999718e-02	-1.956456993000000151e-05
6.950000000000000622e-02	-1.854433756999999933e-05
7.019999999999999851e-02	-1.744825174000000015e-05
7.090000000000000469e-02	-1.631363560000000120e-05
7.180000000000000271e-02	-1.514872381000000009e-05
7.249999999999999500e-02	-1.396048817000000050e-05
7.349999999999999589e-02	-1.274989387213000040e-05
7.409999999999999920e-02	-1.152974110101999996e-05
7.489999999999999436e-02	-1.030245464000000151e-05
7.520000000000000295e-02	-9.118307850000001593e-06
7.599999999999999811e-02	-7.936023199999999366e-06
7.670000000000000429e-02	-6.719767020000000664e-06
7.749999999999999944e-02	-5.510573450000000270e-06
7.810000000000000275e-02	-4.314043630000001471e-06
7.889999999999999791e-02	-3.134096190000000142e-06
7.960000000000000409e-02	-1.968858610000000320e-06
8.039999999999999925e-02	-8.275791800000014754e-07
8.140000000000000013e-02	2.916928199999998931e-07
8.210000000000000631e-02	1.353772929999999490e-06
8.290000000000000147e-02	2.394090059999999602e-06
8.359999999999999376e-02	3.444593640000000667e-06
8.429999999999999993e-02	4.463797909999998918e-06
8.500000000000000611e-02	5.456465939999999033e-06
8.580000000000000127e-02	6.416475639999999193e-06
8.649999999999999356e-02	7.347573699999997946e-06
8.719999999999999973e-02	8.244851589999998708e-06
8.790000000000000591e-02	9.106184970000000484e-06
8.870000000000000107e-02	9.899782119999998311e-06
8.939999999999999336e-02	1.065222588999999910e-05
8.999999999999999667e-02	1.140176267000000100e-05
9.080000000000000571e-02	1.211817159999999891e-05
9.149999999999999800e-02	1.279902690999999934e-05
9.229999999999999316e-02	1.344201784999999954e-05
9.320000000000000506e-02	1.404945251999999793e-05
9.389999999999999736e-02	1.461301285999999847e-05
9.479999999999999538e-02	1.511403832999999954e-05
9.560000000000000442e-02	1.557812144999999880e-05
9.629999999999999671e-02	1.603489500000000091e-05
9.700000000000000289e-02	1.643909418000000035e-05
9.779999999999999805e-02	1.680281363999999895e-05
9.840000000000000135e-02	1.712034239000000089e-05
9.909999999999999365e-02	1.741382870000000039e-05
9.990000000000000269e-02	1.766992290999999947e-05
1.005999999999999950e-01	1.788760746999999899e-05
1.013000000000000012e-01	1.806155687999999774e-05
1.019999999999999934e-01	1.820466444000000267e-05
1.028000000000000025e-01	1.832431956000000239e-05
1.034999999999999948e-01	1.841517410999999978e-05
1.042000000000000010e-01	1.847679667999999967e-05
1.050999999999999990e-01	1.850685575000000127e-05
1.059999999999999970e-01	1.851182707999999696e-05
1.067000000000000032e-01	1.849740585000000251e-05
1.074999999999999983e-01	1.846276312000000224e-05
1.082000000000000045e-01	1.841214950000000155e-05
1.089999999999999997e-01	1.834416553999999787e-05
1.097000000000000058e-01	1.825729133999999833e-05
1.103999999999999981e-01	1.815411742999999860e-05
1.111000000000000043e-01	1.803979897000000077e-05
1.118999999999999995e-01	1.791813177999999841e-05
1.126000000000000056e-01	1.777490467000000091e-05
1.134000000000000008e-01	1.764586814999999977e-05
1.140999999999999931e-01	1.750087784999999950e-05
1.149000000000000021e-01	1.736363079999999915e-05
1.154000000000000026e-01	1.721721566999999785e-05
1.163000000000000006e-01	1.706443602000000026e-05
1.170999999999999958e-01	1.691344498999999965e-05
1.178000000000000019e-01	1.676474292999999773e-05
1.185999999999999971e-01	1.661759698000000042e-05
1.193000000000000033e-01	1.647310463999999977e-05
1.199999999999999956e-01	1.633065928999999884e-05
1.208000000000000046e-01	1.619086068999999977e-05
1.215999999999999998e-01	1.605959907000000059e-05
1.221000000000000002e-01	1.593081892999999985e-05
1.228999999999999954e-01	1.580679079999999797e-05
1.236000000000000015e-01	1.568762097999999982e-05
1.243999999999999967e-01	1.556811809999999839e-05
1.250999999999999890e-01	1.545386510000000042e-05
1.259000000000000119e-01	1.534869460000000085e-05
1.265999999999999903e-01	1.525045608000000070e-05
1.274000000000000132e-01	1.515997645000000045e-05
1.280999999999999917e-01	1.507756539000000031e-05
1.288999999999999868e-01	1.499849769999999849e-05
1.295999999999999930e-01	1.492392377000000084e-05
1.302999999999999992e-01	1.485733365999999974e-05
1.310999999999999943e-01	1.479575452999999988e-05
1.318000000000000005e-01	1.473821493999999933e-05
1.325999999999999956e-01	1.468725053999999801e-05
1.333000000000000018e-01	1.464043622000000099e-05
1.340000000000000080e-01	1.459780866999999801e-05
1.348000000000000032e-01	1.455891852000000075e-05
1.355000000000000093e-01	1.452057457000000023e-05
1.363000000000000045e-01	1.448578609999999942e-05
1.370000000000000107e-01	1.445573098999999948e-05
1.378000000000000058e-01	1.442389375000000049e-05
1.385000000000000120e-01	1.439172244999999885e-05
1.393000000000000071e-01	1.435913550999999973e-05
1.400000000000000133e-01	1.432682294000000041e-05
1.406999999999999917e-01	1.429555017999999925e-05
1.414999999999999869e-01	1.426517375000000009e-05
1.421999999999999931e-01	1.423412258999999980e-05
1.429999999999999882e-01	1.419719095999999960e-05
1.436999999999999944e-01	1.415857387999999785e-05
1.444999999999999896e-01	1.411988567000000086e-05
1.451999999999999957e-01	1.407695679000000024e-05
1.459999999999999909e-01	1.402897756999999790e-05
1.466999999999999971e-01	1.398022275999999913e-05
1.474999999999999922e-01	1.392702706000000014e-05
1.481999999999999984e-01	1.387203128999999843e-05
1.489999999999999936e-01	1.381799385999999815e-05
1.496999999999999997e-01	1.375748365000000061e-05
1.504999999999999949e-01	1.369377950999999796e-05
1.512000000000000011e-01	1.362405883999999779e-05
1.519999999999999962e-01	1.355395839000000105e-05
1.527000000000000024e-01	1.348187431000000066e-05
1.534999999999999976e-01	1.340296368000000064e-05
1.542000000000000037e-01	1.332709427999999858e-05
1.549999999999999989e-01	1.325028648000000094e-05
1.557000000000000051e-01	1.317079620999999807e-05
1.565000000000000002e-01	1.308986888999999856e-05
1.570999999999999897e-01	1.300612803000000012e-05
1.580000000000000016e-01	1.291307957999999928e-05
1.585999999999999910e-01	1.281486726000000015e-05
1.593999999999999861e-01	1.271820649000000094e-05
1.600999999999999923e-01	1.262551054000000104e-05
1.610000000000000042e-01	1.252824072000000008e-05
1.615999999999999936e-01	1.242430119999999821e-05
1.623999999999999888e-01	1.231955948999999913e-05
1.630999999999999950e-01	1.221034170000000072e-05
1.638999999999999901e-01	1.210111786999999988e-05
1.645999999999999963e-01	1.199085801999999875e-05
1.653999999999999915e-01	1.187804161999999854e-05
1.660999999999999976e-01	1.176522006000000080e-05
1.668999999999999928e-01	1.165531045999999943e-05
1.675999999999999990e-01	1.154280877999999908e-05
1.683999999999999941e-01	1.142388906999999954e-05
1.691000000000000003e-01	1.130650204999999884e-05
1.698999999999999955e-01	1.118920431000000013e-05
1.706000000000000016e-01	1.107098735999999774e-05
1.713000000000000078e-01	1.095276338999999995e-05
1.721000000000000030e-01	1.083599214999999809e-05
1.728000000000000091e-01	1.072129204999999906e-05
1.736000000000000043e-01	1.060856887999999930e-05
1.743000000000000105e-01	1.049271984999999930e-05
1.751000000000000056e-01	1.037394203000000011e-05
1.758000000000000118e-01	1.026028150999999989e-05
1.766000000000000070e-01	1.014640647999999975e-05
1.773000000000000131e-01	1.002886126000000031e-05
1.781000000000000083e-01	9.912216479999998522e-06
1.787999999999999867e-01	9.795758000000000411e-06
1.794999999999999929e-01	9.683967410000000100e-06
1.802999999999999881e-01	9.580183619999999646e-06
1.806999999999999995e-01	9.474437789999999522e-06
1.817000000000000004e-01	9.363612359999999536e-06
1.824000000000000066e-01	9.255425289999999559e-06
1.832000000000000017e-01	9.149010000000000687e-06
1.839000000000000079e-01	9.041382880000000104e-06
1.847000000000000031e-01	8.931025319999999224e-06
1.852999999999999925e-01	8.819048059999998337e-06
1.862000000000000044e-01	8.709652669999999429e-06
1.867999999999999938e-01	8.605843789999998805e-06
1.875999999999999890e-01	8.495808559999999752e-06
1.884000000000000119e-01	8.385286449999999761e-06
1.890999999999999903e-01	8.267316329999999336e-06
1.897999999999999965e-01	8.163002359999998846e-06
1.905999999999999917e-01	8.057974070000000779e-06
1.912999999999999978e-01	7.952167210000000980e-06
1.920999999999999930e-01	7.842254599999998226e-06
1.927999999999999992e-01	7.734019089999997869e-06
1.935999999999999943e-01	7.625602949999999363e-06
1.943000000000000005e-01	7.513466599999998419e-06
1.950999999999999956e-01	7.397028679999998656e-06
1.958000000000000018e-01	7.282329809999998373e-06
1.965999999999999970e-01	7.169503830000000265e-06
1.973000000000000032e-01	7.060122590000000381e-06
1.980999999999999983e-01	6.947287650000000264e-06
1.988000000000000045e-01	6.832430279999999735e-06
1.995999999999999996e-01	6.722624020000000965e-06
