-2.000000000000000111e-01	4.989626060000000563e-06
-2.000000000000000111e-01	4.979456670000000085e-06
-1.998999999999999944e-01	4.967908320000000014e-06
-1.995999999999999996e-01	4.960839599999997964e-06
-1.993000000000000049e-01	4.963461210000000528e-06
-1.988999999999999935e-01	4.974009250000000458e-06
-1.985000000000000098e-01	4.989721369999998381e-06
-1.978000000000000036e-01	5.013017819999999959e-06
-1.973000000000000032e-01	5.046506679999997853e-06
-1.967000000000000137e-01	5.090917890000000136e-06
-1.960999999999999965e-01	5.139950030000000974e-06
-1.955999999999999961e-01	5.194597269999999832e-06
-1.948999999999999899e-01	5.254746319999999317e-06
-1.940000000000000058e-01	5.319025369999999726e-06
-1.933999999999999886e-01	5.387154039999998305e-06
-1.927999999999999992e-01	5.457157879999999706e-06
-1.922000000000000097e-01	5.527504260000000647e-06
-1.915000000000000036e-01	5.601594139999998515e-06
-1.905999999999999917e-01	5.680580979999999487e-06
-1.897999999999999965e-01	5.759173899999997921e-06
-1.892999999999999960e-01	5.835700379999999139e-06
-1.885999999999999899e-01	5.914069140000000974e-06
-1.879000000000000115e-01	5.999140939999998034e-06
-1.872000000000000053e-01	6.084801989999998707e-06
-1.862999999999999934e-01	6.164068750000000342e-06
-1.855999999999999872e-01	6.242610299999998990e-06
-1.849000000000000088e-01	6.324410800000000173e-06
-1.842000000000000026e-01	6.405870289999998683e-06
-1.834999999999999964e-01	6.488733509999999183e-06
-1.824999999999999956e-01	6.575760550000000045e-06
-1.817999999999999894e-01	6.661552890000000727e-06
-1.811000000000000110e-01	6.744206229999997982e-06
-1.804000000000000048e-01	6.825734050000000202e-06
-1.799000000000000044e-01	6.911612340000000324e-06
-1.791999999999999982e-01	7.000113740000000405e-06
-1.779999999999999916e-01	7.087539330000000484e-06
-1.774000000000000021e-01	7.176008939999999384e-06
-1.766999999999999960e-01	7.266425099999998728e-06
-1.761000000000000065e-01	7.357198459999997851e-06
-1.754000000000000004e-01	7.446727579999998188e-06
-1.743000000000000105e-01	7.533113609999999107e-06
-1.736999999999999933e-01	7.614123440000000829e-06
-1.728999999999999981e-01	7.700707329999999083e-06
-1.723000000000000087e-01	7.790341359999998180e-06
-1.716000000000000025e-01	7.876366889999999630e-06
-1.706999999999999906e-01	7.964927669999997847e-06
-1.698999999999999955e-01	8.051833609999999454e-06
-1.691999999999999893e-01	8.141655760000000787e-06
-1.685000000000000109e-01	8.229760649999999733e-06
-1.678000000000000047e-01	8.313633289999999750e-06
-1.671999999999999875e-01	8.397787560000000915e-06
-1.660999999999999976e-01	8.483882130000000392e-06
-1.653999999999999915e-01	8.568423149999997780e-06
-1.647000000000000131e-01	8.654511499999997988e-06
-1.640999999999999959e-01	8.738571789999998325e-06
-1.633999999999999897e-01	8.815842890000000730e-06
-1.625000000000000056e-01	8.901643180000000816e-06
-1.617000000000000104e-01	8.987239159999998170e-06
-1.610999999999999932e-01	9.069520170000000265e-06
-1.603999999999999870e-01	9.149623729999998233e-06
-1.595999999999999919e-01	9.223124019999998454e-06
-1.589000000000000135e-01	9.301005060000000539e-06
-1.579000000000000126e-01	9.384438739999998960e-06
-1.572000000000000064e-01	9.468726079999999391e-06
-1.565999999999999892e-01	9.548046089999998314e-06
-1.559000000000000108e-01	9.625386479999997746e-06
-1.552999999999999936e-01	9.704534499999999369e-06
-1.542000000000000037e-01	9.780227999999998207e-06
-1.534999999999999976e-01	9.853906560000000721e-06
-1.529000000000000081e-01	9.922182999999998104e-06
-1.522000000000000020e-01	9.990783439999998501e-06
-1.514999999999999958e-01	1.005406122999999850e-05
-1.506000000000000116e-01	1.011894937999999978e-05
-1.497999999999999887e-01	1.018423574999999929e-05
-1.491000000000000103e-01	1.024531220000000103e-05
-1.484000000000000041e-01	1.030397315999999829e-05
-1.476999999999999980e-01	1.035912213999999821e-05
-1.469999999999999918e-01	1.041192642999999804e-05
-1.459999999999999909e-01	1.046726435999999918e-05
-1.453000000000000125e-01	1.052313078999999934e-05
-1.446000000000000063e-01	1.057678383999999908e-05
-1.439999999999999891e-01	1.062922752999999782e-05
-1.433000000000000107e-01	1.067870358999999792e-05
-1.423000000000000098e-01	1.072667127999999930e-05
-1.416000000000000036e-01	1.077300886000000040e-05
-1.408999999999999975e-01	1.081558038000000066e-05
-1.401999999999999913e-01	1.085570535999999921e-05
-1.395000000000000129e-01	1.089530783999999848e-05
-1.386999999999999900e-01	1.093176280999999796e-05
-1.378999999999999948e-01	1.096960838999999928e-05
-1.370999999999999996e-01	1.101329440999999822e-05
-1.363999999999999935e-01	1.105889521999999929e-05
-1.358000000000000040e-01	1.110107189999999961e-05
-1.350000000000000089e-01	1.113925235999999936e-05
-1.340999999999999970e-01	1.117636217999999987e-05
-1.333999999999999908e-01	1.121684819999999857e-05
-1.327000000000000124e-01	1.126066546999999823e-05
-1.320999999999999952e-01	1.130198081999999899e-05
-1.313999999999999890e-01	1.134127693000000096e-05
-1.303999999999999881e-01	1.138265046000000059e-05
-1.297000000000000097e-01	1.142373644999999775e-05
-1.288999999999999868e-01	1.146236392999999996e-05
-1.282999999999999974e-01	1.149879310999999801e-05
-1.275999999999999912e-01	1.153509649999999778e-05
-1.270000000000000018e-01	1.157271076999999922e-05
-1.259000000000000119e-01	1.161165865999999968e-05
-1.252000000000000057e-01	1.165125449000000045e-05
-1.246000000000000024e-01	1.169475486999999768e-05
-1.238999999999999962e-01	1.174408882999999773e-05
-1.231000000000000011e-01	1.179059527000000024e-05
-1.222000000000000031e-01	1.182855436999999830e-05
-1.214999999999999969e-01	1.186913998000000103e-05
-1.208999999999999936e-01	1.191491962999999778e-05
-1.200999999999999984e-01	1.195889794000000054e-05
-1.194000000000000061e-01	1.199849289999999964e-05
-1.188000000000000028e-01	1.203408258999999773e-05
-1.180999999999999966e-01	1.206736589999999771e-05
-1.174000000000000044e-01	1.210205388000000013e-05
-1.165999999999999953e-01	1.213727287999999800e-05
-1.156999999999999973e-01	1.216935904999999937e-05
-1.150999999999999940e-01	1.219672363000000000e-05
-1.144000000000000017e-01	1.221879081000000098e-05
-1.136999999999999955e-01	1.223375158000000062e-05
-1.130000000000000032e-01	1.224161462999999889e-05
-1.120000000000000023e-01	1.224473508999999902e-05
-1.112999999999999962e-01	1.224248674999999883e-05
-1.106000000000000039e-01	1.223191158000000065e-05
-1.098999999999999977e-01	1.221260754999999856e-05
-1.092999999999999944e-01	1.218299423999999782e-05
-1.082000000000000045e-01	1.214473472999999952e-05
-1.074999999999999983e-01	1.209055624999999770e-05
-1.068999999999999950e-01	1.202516713999999862e-05
-1.062000000000000027e-01	1.194537278999999893e-05
-1.054999999999999966e-01	1.185485577000000091e-05
-1.047000000000000014e-01	1.175075095999999935e-05
-1.038000000000000034e-01	1.163197771999999772e-05
-1.030999999999999972e-01	1.149491301999999921e-05
-1.024000000000000049e-01	1.133930910999999769e-05
-1.016999999999999987e-01	1.117578199999999972e-05
-1.009000000000000036e-01	1.098661995999999954e-05
-1.000000000000000056e-01	1.078152448999999887e-05
-9.929999999999999938e-02	1.054913387999999874e-05
-9.879999999999999893e-02	1.029359190999999882e-05
-9.810000000000000664e-02	1.001628536000000039e-05
-9.729999999999999760e-02	9.722445269999998701e-06
-9.629999999999999671e-02	9.405307680000000303e-06
-9.560000000000000442e-02	9.057657260000000931e-06
-9.500000000000000111e-02	8.675218269999999114e-06
-9.429999999999999494e-02	8.309378939999999004e-06
-9.349999999999999978e-02	7.909664129999999108e-06
-9.249999999999999889e-02	7.453693200000000208e-06
-9.180000000000000659e-02	6.982553769999997966e-06
-9.120000000000000329e-02	6.483231099999998921e-06
-9.049999999999999711e-02	5.963618309999998827e-06
-8.980000000000000482e-02	5.444430849999998956e-06
-8.890000000000000679e-02	4.864283099999998578e-06
-8.809999999999999776e-02	4.275557720000000138e-06
-8.749999999999999445e-02	3.659461899999998872e-06
-8.680000000000000215e-02	3.021574170000000962e-06
-8.609999999999999598e-02	2.408709910000000071e-06
-8.530000000000000082e-02	1.753512129999999981e-06
-8.440000000000000280e-02	1.057169109999998925e-06
-8.369999999999999662e-02	3.170154099999994592e-07
-8.300000000000000433e-02	-4.148590100000010646e-07
-8.229999999999999816e-02	-1.161775520000000601e-06
-8.160000000000000586e-02	-1.876397230000000692e-06
-8.079999999999999682e-02	-2.634884050000001185e-06
-7.989999999999999880e-02	-3.436685860000001286e-06
-7.920000000000000651e-02	-4.250987430000000819e-06
-7.850000000000000033e-02	-5.076275680000000718e-06
-7.799999999999999989e-02	-5.909360550000000801e-06
-7.710000000000000187e-02	-6.750314210000000918e-06
-7.620000000000000384e-02	-7.593652030000000508e-06
-7.539999999999999480e-02	-8.414257730000001520e-06
-7.470000000000000251e-02	-9.236717480000000740e-06
-7.399999999999999634e-02	-1.007840104000000032e-05
-7.340000000000000691e-02	-1.091671969000000008e-05
-7.270000000000000073e-02	-1.175385896273000034e-05
-7.169999999999999984e-02	-1.258416640619000055e-05
-7.109999999999999654e-02	-1.340407109000000007e-05
-7.019999999999999851e-02	-1.421570923000000077e-05
-6.969999999999999807e-02	-1.500610649999999964e-05
-6.900000000000000577e-02	-1.575227112000000021e-05
-6.809999999999999387e-02	-1.648217671000000163e-05
-6.729999999999999871e-02	-1.721375693000000136e-05
-6.660000000000000642e-02	-1.792017114999999971e-05
-6.590000000000000024e-02	-1.859533470999999872e-05
-6.519999999999999407e-02	-1.924309219000000030e-05
-6.450000000000000178e-02	-1.985687232000000080e-05
-6.350000000000000089e-02	-2.044074047000000028e-05
-6.279999999999999472e-02	-2.099073767000000180e-05
-6.210000000000000242e-02	-2.148608827999999983e-05
-6.140000000000000319e-02	-2.194761180000000272e-05
-6.069999999999999701e-02	-2.239067116000000019e-05
-5.990000000000000185e-02	-2.279662357000000099e-05
-5.899999999999999689e-02	-2.316163433999999908e-05
-5.829999999999999766e-02	-2.349149494000000101e-05
-5.770000000000000129e-02	-2.378463664000000002e-05
-5.700000000000000205e-02	-2.403950254999999843e-05
-5.630000000000000282e-02	-2.426140278999999966e-05
-5.530000000000000193e-02	-2.444478454000000039e-05
-5.489999999999999741e-02	-2.459927461000000181e-05
-5.390000000000000346e-02	-2.473139590000000257e-05
-5.319999999999999729e-02	-2.483536305000000070e-05
-5.249999999999999806e-02	-2.490721444000000171e-05
-5.170000000000000290e-02	-2.494652244999999815e-05
-5.079999999999999793e-02	-2.495870561000000193e-05
-5.009999999999999870e-02	-2.494885772000000090e-05
-4.950000000000000233e-02	-2.492186494000000135e-05
-4.880000000000000310e-02	-2.487377099000000316e-05
-4.800000000000000100e-02	-2.480385533999999916e-05
-4.730000000000000177e-02	-2.471543691999999982e-05
-4.660000000000000253e-02	-2.460852568999999975e-05
-4.590000000000000330e-02	-2.448393938000000130e-05
-4.529999999999999999e-02	-2.434661057999999896e-05
-4.449999999999999789e-02	-2.419464563000000266e-05
-4.359999999999999987e-02	-2.403191681000000257e-05
-4.299999999999999656e-02	-2.386519207999999987e-05
-4.229999999999999732e-02	-2.368877703999999897e-05
-4.159999999999999809e-02	-2.349812551000000080e-05
-4.089999999999999886e-02	-2.330035823000000257e-05
-3.980000000000000204e-02	-2.309580518000000059e-05
-3.919999999999999873e-02	-2.288415196000000298e-05
-3.849999999999999950e-02	-2.266782576999999845e-05
-3.780000000000000027e-02	-2.245150560999999991e-05
-3.710000000000000103e-02	-2.223395625999999937e-05
-3.620000000000000301e-02	-2.202139020000000149e-05
-3.540000000000000091e-02	-2.181404258999999955e-05
-3.470000000000000168e-02	-2.159922255999999864e-05
-3.400000000000000244e-02	-2.138074427999999896e-05
-3.339999999999999913e-02	-2.116469554000000117e-05
-3.259999999999999704e-02	-2.095335769999999860e-05
-3.160000000000000309e-02	-2.074907634000000279e-05
-3.090000000000000038e-02	-2.055045902999999983e-05
-3.020000000000000115e-02	-2.035878415000000265e-05
-2.960000000000000131e-02	-2.018045463000000097e-05
-2.889999999999999861e-02	-2.000584357000000194e-05
-2.790000000000000119e-02	-1.983389077000000269e-05
-2.719999999999999848e-02	-1.967414839999999962e-05
-2.649999999999999925e-02	-1.951472980000000022e-05
-2.570000000000000062e-02	-1.937093206000000100e-05
-2.510000000000000078e-02	-1.923542458000000117e-05
-2.440000000000000155e-02	-1.911304005999999985e-05
-2.359999999999999945e-02	-1.900137654000000245e-05
-2.270000000000000143e-02	-1.890151120000000187e-05
-2.199999999999999872e-02	-1.880669476000000119e-05
-2.139999999999999888e-02	-1.872340210000000144e-05
-2.069999999999999965e-02	-1.864426992999999950e-05
-2.000000000000000042e-02	-1.857452951000000032e-05
-1.899999999999999953e-02	-1.851759205000000098e-05
-1.830000000000000029e-02	-1.847191054999999964e-05
-1.760000000000000106e-02	-1.842992339000000071e-05
-1.689999999999999836e-02	-1.839332481000000057e-05
-1.619999999999999912e-02	-1.836443668999999978e-05
-1.540000000000000049e-02	-1.834187826999999983e-05
-1.450000000000000074e-02	-1.832541361000000079e-05
-1.379999999999999977e-02	-1.831982878000000013e-05
-1.319999999999999993e-02	-1.831686109000000255e-05
-1.250000000000000069e-02	-1.831634553999999989e-05
-1.179999999999999973e-02	-1.831964331999999865e-05
-1.069999999999999944e-02	-1.832639762000000237e-05
-1.009999999999999960e-02	-1.833793425000000143e-05
-9.400000000000000369e-03	-1.835444528999999973e-05
-8.699999999999999400e-03	-1.837201944000000067e-05
-8.000000000000000167e-03	-1.838772230000000184e-05
-7.100000000000000408e-03	-1.840184656999999989e-05
-6.300000000000000044e-03	-1.841817307000000089e-05
-5.700000000000000205e-03	-1.843528344000000210e-05
-5.000000000000000104e-03	-1.845174947000000082e-05
-4.300000000000000003e-03	-1.847119596000000003e-05
-3.599999999999999901e-03	-1.849017651000000014e-05
-2.599999999999999881e-03	-1.850876219000000084e-05
-1.799999999999999951e-03	-1.852485397000000082e-05
-1.100000000000000066e-03	-1.853308493000000066e-05
-4.000000000000000192e-04	-1.854169173000000184e-05
2.999999999999999737e-04	-1.854987420000000218e-05
1.000000000000000021e-03	-1.855351830000000191e-05
2.099999999999999870e-03	-1.855452340000000270e-05
2.799999999999999972e-03	-1.855274975000000052e-05
3.500000000000000073e-03	-1.854752345999999985e-05
4.199999999999999740e-03	-1.853969213000000060e-05
4.799999999999999580e-03	-1.852773101000000012e-05
5.700000000000000205e-03	-1.851490789000000169e-05
6.599999999999999964e-03	-1.850208795000000167e-05
7.199999999999999803e-03	-1.848441489000000171e-05
7.799999999999999642e-03	-1.846337041000000099e-05
8.600000000000000006e-03	-1.844353106000000097e-05
9.299999999999999239e-03	-1.842587788000000113e-05
1.020000000000000073e-02	-1.840385417999999948e-05
1.089999999999999997e-02	-1.838043364000000029e-05
1.159999999999999920e-02	-1.835906505000000187e-05
1.239999999999999956e-02	-1.833780584000000170e-05
1.310000000000000053e-02	-1.831628834000000077e-05
1.400000000000000029e-02	-1.829707603000000189e-05
1.469999999999999953e-02	-1.828262493999999950e-05
1.540000000000000049e-02	-1.827037251000000173e-05
1.609999999999999973e-02	-1.826112622000000105e-05
1.650000000000000078e-02	-1.825558487999999954e-05
1.750000000000000167e-02	-1.825493131999999960e-05
1.839999999999999969e-02	-1.826149041999999996e-05
1.890000000000000013e-02	-1.827325012000000120e-05
1.949999999999999997e-02	-1.828959684999999956e-05
2.060000000000000026e-02	-1.831392476000000014e-05
2.120000000000000009e-02	-1.834718556999999855e-05
2.199999999999999872e-02	-1.838897740999999962e-05
2.299999999999999961e-02	-1.843795541000000184e-05
2.330000000000000127e-02	-1.849873932000000077e-05
2.400000000000000050e-02	-1.856943047999999922e-05
2.469999999999999973e-02	-1.864857020000000080e-05
2.570000000000000062e-02	-1.873651296999999865e-05
2.639999999999999986e-02	-1.883133603000000176e-05
2.709999999999999909e-02	-1.893527477000000038e-05
2.809999999999999998e-02	-1.904715263000000068e-05
2.850000000000000103e-02	-1.916479650000000031e-05
2.949999999999999845e-02	-1.928689419000000025e-05
3.020000000000000115e-02	-1.941663213000000172e-05
3.090000000000000038e-02	-1.956150001000000219e-05
3.160000000000000309e-02	-1.971917794000000004e-05
3.219999999999999946e-02	-1.988445567000000113e-05
3.309999999999999748e-02	-2.005344580000000280e-05
3.400000000000000244e-02	-2.022748218000000004e-05
3.459999999999999881e-02	-2.040582782000000006e-05
3.529999999999999805e-02	-2.058777723999999923e-05
3.599999999999999728e-02	-2.076996783000000145e-05
3.670000000000000345e-02	-2.095589874000000218e-05
3.769999999999999740e-02	-2.114991326999999979e-05
3.830000000000000071e-02	-2.134608625999999935e-05
3.910000000000000281e-02	-2.154508145000000172e-05
3.969999999999999918e-02	-2.174567304999999945e-05
4.050000000000000128e-02	-2.194225461000000197e-05
4.109999999999999765e-02	-2.213401591000000050e-05
4.209999999999999853e-02	-2.232330067999999844e-05
4.279999999999999777e-02	-2.250332629000000132e-05
4.359999999999999987e-02	-2.267855020999999961e-05
4.429999999999999910e-02	-2.285465583999999895e-05
4.490000000000000241e-02	-2.302231100000000157e-05
4.590000000000000330e-02	-2.318279972999999901e-05
4.660000000000000253e-02	-2.333136720000000123e-05
4.730000000000000177e-02	-2.346708068000000124e-05
4.789999999999999813e-02	-2.359005749000000026e-05
4.859999999999999737e-02	-2.369425130999999838e-05
4.929999999999999660e-02	-2.378184043999999835e-05
5.029999999999999749e-02	-2.386026162000000187e-05
5.099999999999999672e-02	-2.392151767999999934e-05
5.170000000000000290e-02	-2.396480318000000315e-05
5.240000000000000213e-02	-2.398963735999999982e-05
5.310000000000000137e-02	-2.399133217000000315e-05
5.410000000000000225e-02	-2.397035950000000267e-05
5.480000000000000149e-02	-2.392440915000000292e-05
5.550000000000000072e-02	-2.385705758000000138e-05
5.619999999999999996e-02	-2.376581985999999915e-05
5.689999999999999919e-02	-2.364315568999999920e-05
5.770000000000000129e-02	-2.348841792000000092e-05
5.859999999999999931e-02	-2.329610939000000000e-05
5.929999999999999855e-02	-2.307817267000000056e-05
5.990000000000000185e-02	-2.282733199000000187e-05
6.060000000000000109e-02	-2.255641866000000092e-05
6.130000000000000032e-02	-2.224353501000000030e-05
6.239999999999999714e-02	-2.190486185000000297e-05
6.310000000000000331e-02	-2.153009693999999855e-05
6.360000000000000375e-02	-2.111160044999999848e-05
6.439999999999999891e-02	-2.065829746000000228e-05
6.510000000000000508e-02	-2.017135693000000164e-05
6.590000000000000024e-02	-1.964943650000000182e-05
6.669999999999999540e-02	-1.909461255000000180e-05
6.740000000000000158e-02	-1.851299280000000144e-05
6.809999999999999387e-02	-1.788270718000000011e-05
6.869999999999999718e-02	-1.728951265999999914e-05
6.950000000000000622e-02	-1.664763506000000104e-05
7.049999999999999323e-02	-1.595828018000000154e-05
7.119999999999999940e-02	-1.524752054000000137e-05
7.190000000000000557e-02	-1.451856583000000014e-05
7.249999999999999500e-02	-1.377410603999999986e-05
7.320000000000000118e-02	-1.301550855646000015e-05
7.420000000000000207e-02	-1.224217840724000127e-05
7.499999999999999722e-02	-1.145711052431000095e-05
7.560000000000000053e-02	-1.069789518000000125e-05
7.639999999999999569e-02	-9.938644720000001302e-06
7.699999999999999900e-02	-9.155301940000000086e-06
7.770000000000000517e-02	-8.369181919999999907e-06
7.870000000000000606e-02	-7.582376680000000562e-06
7.939999999999999836e-02	-6.801996570000000317e-06
8.000000000000000167e-02	-6.032193600000000955e-06
8.079999999999999682e-02	-5.275382970000001040e-06
8.140000000000000013e-02	-4.547360380000000561e-06
8.210000000000000631e-02	-3.824878540000000086e-06
8.309999999999999332e-02	-3.086358769999999942e-06
8.379999999999999949e-02	-2.366020340000001240e-06
8.450000000000000566e-02	-1.664854720000000005e-06
8.519999999999999796e-02	-9.794120600000012853e-07
8.590000000000000413e-02	-3.101643000000005296e-07
8.669999999999999929e-02	3.420522999999998421e-07
8.759999999999999731e-02	9.754160499999987296e-07
8.830000000000000349e-02	1.566887450000000197e-06
8.859999999999999820e-02	2.133684539999999825e-06
8.970000000000000195e-02	2.696282389999998930e-06
9.039999999999999425e-02	3.240243329999998483e-06
9.139999999999999514e-02	3.762217809999998490e-06
9.210000000000000131e-02	4.261178310000000266e-06
9.279999999999999361e-02	4.735781430000000230e-06
9.339999999999999691e-02	5.188929160000000312e-06
9.410000000000000309e-02	5.617806270000000747e-06
9.479999999999999538e-02	6.009234170000000069e-06
9.550000000000000155e-02	6.376010850000000631e-06
9.619999999999999385e-02	6.732402290000000591e-06
9.690000000000000002e-02	7.066331379999998640e-06
9.779999999999999805e-02	7.370919849999998122e-06
9.850000000000000422e-02	7.654370909999997957e-06
9.959999999999999409e-02	7.918868619999998087e-06
1.003000000000000003e-01	8.160604709999999778e-06
1.006999999999999978e-01	8.377816689999998144e-06
1.015999999999999959e-01	8.564978829999998961e-06
1.023000000000000020e-01	8.734313000000000954e-06
1.029999999999999943e-01	8.892906999999999998e-06
1.037000000000000005e-01	9.031660329999998467e-06
1.043000000000000038e-01	9.149125110000000025e-06
1.049999999999999961e-01	9.247904529999998439e-06
1.058999999999999941e-01	9.333157189999999776e-06
1.067000000000000032e-01	9.404530409999999475e-06
1.073999999999999955e-01	9.457192399999999385e-06
1.082000000000000045e-01	9.492722109999999710e-06
1.087999999999999939e-01	9.519892959999998292e-06
1.095000000000000001e-01	9.537324299999998088e-06
1.105000000000000010e-01	9.542553149999997888e-06
1.111999999999999933e-01	9.539965669999999487e-06
1.118999999999999995e-01	9.529725429999998863e-06
1.126000000000000056e-01	9.508840839999997712e-06
1.132999999999999979e-01	9.481211319999997822e-06
1.141999999999999960e-01	9.450929560000000937e-06
1.150000000000000050e-01	9.413498509999999631e-06
1.156999999999999973e-01	9.368488919999998097e-06
1.163000000000000006e-01	9.327351980000000558e-06
1.170999999999999958e-01	9.281449219999999168e-06
1.176999999999999991e-01	9.228807420000000711e-06
1.185999999999999971e-01	9.174073279999998755e-06
1.192000000000000004e-01	9.118231579999998304e-06
1.203000000000000042e-01	9.063194719999999376e-06
1.210999999999999993e-01	9.011490039999998632e-06
1.217000000000000026e-01	8.962253460000000732e-06
1.224999999999999978e-01	8.910501169999998595e-06
1.231000000000000011e-01	8.857371319999999404e-06
1.237999999999999934e-01	8.805710770000000135e-06
1.247000000000000053e-01	8.754375129999998075e-06
1.254000000000000115e-01	8.704357829999998902e-06
1.260999999999999899e-01	8.656975180000000468e-06
1.267999999999999960e-01	8.610028439999999555e-06
1.275000000000000022e-01	8.562893340000000617e-06
1.282000000000000084e-01	8.517957600000000793e-06
1.292000000000000093e-01	8.479553370000000986e-06
1.298999999999999877e-01	8.448731059999999693e-06
1.305999999999999939e-01	8.420178249999999955e-06
1.313000000000000000e-01	8.388542339999998396e-06
1.320000000000000062e-01	8.354883879999998531e-06
1.328000000000000014e-01	8.322370299999999556e-06
1.337000000000000133e-01	8.291296229999998107e-06
1.343999999999999917e-01	8.265647669999997909e-06
1.346999999999999864e-01	8.241146479999998951e-06
1.358000000000000040e-01	8.218388989999999189e-06
1.363999999999999935e-01	8.200333989999999918e-06
1.375000000000000111e-01	8.182193729999999264e-06
1.378000000000000058e-01	8.157984450000000629e-06
1.386000000000000010e-01	8.130176130000000970e-06
1.391999999999999904e-01	8.108323109999999279e-06
1.401999999999999913e-01	8.089975790000000105e-06
1.409999999999999865e-01	8.070775439999998028e-06
1.416999999999999926e-01	8.048528269999997834e-06
1.423999999999999988e-01	8.025284999999998160e-06
1.429999999999999882e-01	8.000622669999997850e-06
1.438000000000000111e-01	7.973448969999998460e-06
1.446999999999999953e-01	7.947782359999999913e-06
1.454000000000000015e-01	7.922545069999999335e-06
1.461000000000000076e-01	7.895363379999997854e-06
1.468000000000000138e-01	7.868544309999999297e-06
1.474999999999999922e-01	7.842890209999998062e-06
1.481999999999999984e-01	7.812773919999997695e-06
1.491999999999999993e-01	7.779473489999999986e-06
1.499000000000000055e-01	7.745242839999998678e-06
1.506000000000000116e-01	7.705924439999998224e-06
1.512000000000000011e-01	7.665896310000000963e-06
1.519000000000000072e-01	7.627450059999999924e-06
1.527999999999999914e-01	7.588014929999998068e-06
1.537000000000000033e-01	7.544927469999998602e-06
1.544000000000000095e-01	7.501910269999999471e-06
1.549999999999999989e-01	7.455563559999999347e-06
1.557999999999999940e-01	7.408037009999998571e-06
1.564000000000000112e-01	7.361348220000000998e-06
1.575000000000000011e-01	7.312468570000000840e-06
1.582000000000000073e-01	7.261181100000000510e-06
1.587999999999999967e-01	7.206263389999997788e-06
1.595000000000000029e-01	7.149073250000000882e-06
1.602000000000000091e-01	7.093408899999998539e-06
1.608999999999999875e-01	7.036561700000000931e-06
1.617999999999999994e-01	6.977465560000000117e-06
1.625000000000000056e-01	6.916154400000000557e-06
1.632000000000000117e-01	6.855597499999999036e-06
1.638999999999999901e-01	6.796100249999999883e-06
1.647000000000000131e-01	6.735681909999999544e-06
1.655999999999999972e-01	6.674766449999998392e-06
1.663000000000000034e-01	6.609434810000000473e-06
1.670000000000000095e-01	6.540997409999998579e-06
1.676999999999999880e-01	6.473975719999998510e-06
1.683000000000000052e-01	6.405244559999998265e-06
1.691000000000000003e-01	6.337190740000000789e-06
1.701000000000000012e-01	6.269800249999997823e-06
1.708000000000000074e-01	6.199642490000000509e-06
1.715000000000000135e-01	6.132138139999999987e-06
1.721000000000000030e-01	6.064211179999998944e-06
1.728000000000000091e-01	5.993594389999999861e-06
1.738000000000000100e-01	5.926760269999998128e-06
1.744999999999999885e-01	5.860869129999999694e-06
1.751999999999999946e-01	5.790052540000000051e-06
1.759000000000000008e-01	5.719876259999999083e-06
1.766000000000000070e-01	5.650097429999999694e-06
1.771999999999999964e-01	5.578473699999998231e-06
1.782999999999999863e-01	5.506645280000000705e-06
1.789000000000000035e-01	5.437316499999998037e-06
1.796000000000000096e-01	5.368718739999998044e-06
1.801999999999999991e-01	5.296877590000000291e-06
1.809999999999999942e-01	5.222280859999999561e-06
1.817000000000000004e-01	5.148260380000000178e-06
1.827000000000000013e-01	5.078348429999999012e-06
1.831000000000000127e-01	5.006834099999998833e-06
1.841000000000000136e-01	4.934236330000000409e-06
1.847999999999999921e-01	4.864006379999999359e-06
1.854999999999999982e-01	4.795058659999997897e-06
1.864999999999999991e-01	4.727922320000000581e-06
1.867999999999999938e-01	4.657449840000000034e-06
1.875000000000000000e-01	4.583148409999997735e-06
1.882000000000000062e-01	4.511755389999999903e-06
1.892000000000000071e-01	4.440731529999998649e-06
1.899000000000000132e-01	4.370613649999999462e-06
1.905999999999999917e-01	4.297183099999998536e-06
1.912999999999999978e-01	4.221512599999999274e-06
1.920000000000000040e-01	4.143571359999999890e-06
1.930000000000000049e-01	4.068824239999998898e-06
1.937000000000000111e-01	4.002037529999998678e-06
1.943999999999999895e-01	3.936929249999997845e-06
1.950999999999999956e-01	3.866563920000000795e-06
1.958000000000000018e-01	3.791572439999998538e-06
1.963999999999999913e-01	3.715698899999997975e-06
1.975000000000000089e-01	3.644532189999999671e-06
1.975000000000000089e-01	3.576296479999999052e-06
1.990999999999999992e-01	3.504499259999999507e-06
1.996999999999999886e-01	3.432536509999997720e-06
2.003000000000000058e-01	3.360462829999997782e-06
