-2.000000000000000111e-01	2.418568760000000198e-06
-2.000000000000000111e-01	2.412265829999998837e-06
-1.998999999999999944e-01	2.405291709999998593e-06
-1.995999999999999996e-01	2.399376890000000083e-06
-1.993000000000000049e-01	2.392973719999999326e-06
-1.988999999999999935e-01	2.389033710000000010e-06
-1.985000000000000098e-01	2.392163859999999498e-06
-1.980000000000000093e-01	2.400530009999998676e-06
-1.971999999999999864e-01	2.413815919999998962e-06
-1.967000000000000137e-01	2.433558649999998744e-06
-1.962000000000000133e-01	2.459311699999999990e-06
-1.955000000000000071e-01	2.488512359999999919e-06
-1.950000000000000067e-01	2.518512169999999578e-06
-1.943999999999999895e-01	2.549167009999998791e-06
-1.933999999999999886e-01	2.580712860000000189e-06
-1.927999999999999992e-01	2.617495299999999394e-06
-1.920999999999999930e-01	2.663037809999998622e-06
-1.913999999999999868e-01	2.709601460000000072e-06
-1.908999999999999864e-01	2.755914739999998996e-06
-1.902000000000000079e-01	2.801361039999999259e-06
-1.892000000000000071e-01	2.845496079999999448e-06
-1.885000000000000009e-01	2.890308799999999828e-06
-1.875000000000000000e-01	2.935419489999999219e-06
-1.867999999999999938e-01	2.975822089999998133e-06
-1.862000000000000044e-01	3.022820369999999236e-06
-1.854999999999999982e-01	3.078808809999999626e-06
-1.847999999999999921e-01	3.127870789999998594e-06
-1.841000000000000136e-01	3.172676349999999258e-06
-1.834000000000000075e-01	3.219369200000000124e-06
-1.827999999999999903e-01	3.268459999999998180e-06
-1.821000000000000119e-01	3.322492690000000329e-06
-1.814000000000000057e-01	3.373683509999999251e-06
-1.802999999999999881e-01	3.422036469999999115e-06
-1.796000000000000096e-01	3.469422899999998979e-06
-1.786000000000000087e-01	3.516452959999998051e-06
-1.781999999999999973e-01	3.565071230000000849e-06
-1.776000000000000079e-01	3.617764619999998618e-06
-1.769000000000000017e-01	3.672717479999997769e-06
-1.758000000000000118e-01	3.728318660000000720e-06
-1.751999999999999946e-01	3.782583629999999278e-06
-1.743999999999999995e-01	3.831893079999999145e-06
-1.738000000000000100e-01	3.879843220000000185e-06
-1.731000000000000039e-01	3.931847999999999832e-06
-1.724999999999999867e-01	3.983984780000000581e-06
-1.713999999999999968e-01	4.038998099999999245e-06
-1.706999999999999906e-01	4.088865749999998723e-06
-1.700000000000000122e-01	4.139132689999997986e-06
-1.693000000000000060e-01	4.191448409999999435e-06
-1.685999999999999999e-01	4.239321379999999427e-06
-1.678999999999999937e-01	4.286243560000001034e-06
-1.671999999999999875e-01	4.336680719999998164e-06
-1.661999999999999866e-01	4.388037659999999138e-06
-1.655000000000000082e-01	4.433068870000000749e-06
-1.648000000000000020e-01	4.478999469999998096e-06
-1.640999999999999959e-01	4.528247309999998302e-06
-1.633999999999999897e-01	4.576762720000000247e-06
-1.627000000000000113e-01	4.623474340000000379e-06
-1.617999999999999994e-01	4.671074159999999490e-06
-1.610000000000000042e-01	4.716946610000000834e-06
-1.602999999999999980e-01	4.766027339999999419e-06
-1.597000000000000086e-01	4.814824330000000001e-06
-1.589000000000000135e-01	4.860528599999998172e-06
-1.582000000000000073e-01	4.903393840000000876e-06
-1.572000000000000064e-01	4.945916689999998019e-06
-1.565000000000000002e-01	4.982855279999998051e-06
-1.559000000000000108e-01	5.021009540000000171e-06
-1.552000000000000046e-01	5.060533729999997714e-06
-1.544999999999999984e-01	5.099202660000000994e-06
-1.537000000000000033e-01	5.139829149999997857e-06
-1.527999999999999914e-01	5.180884249999998371e-06
-1.521000000000000130e-01	5.217041049999998967e-06
-1.514000000000000068e-01	5.253665129999998858e-06
-1.507000000000000006e-01	5.287911770000000783e-06
-1.501000000000000112e-01	5.323325759999998923e-06
-1.491999999999999993e-01	5.357874380000000642e-06
-1.482999999999999874e-01	5.387563949999998072e-06
-1.476000000000000090e-01	5.416446930000000972e-06
-1.469000000000000028e-01	5.446752789999998460e-06
-1.461999999999999966e-01	5.471112729999999395e-06
-1.454999999999999905e-01	5.494904159999998682e-06
-1.448000000000000120e-01	5.521092309999999805e-06
-1.438000000000000111e-01	5.547072699999997750e-06
-1.431000000000000050e-01	5.572510999999997984e-06
-1.423999999999999988e-01	5.595596390000000085e-06
-1.416999999999999926e-01	5.615212489999997703e-06
-1.409999999999999865e-01	5.629589410000000613e-06
-1.403000000000000080e-01	5.645994039999999370e-06
-1.393000000000000071e-01	5.665924299999999884e-06
-1.386000000000000010e-01	5.682562499999999517e-06
-1.378999999999999948e-01	5.696903319999998953e-06
-1.373999999999999944e-01	5.711906179999998596e-06
-1.366999999999999882e-01	5.725026159999998577e-06
-1.355999999999999983e-01	5.735328009999998862e-06
-1.348999999999999921e-01	5.747638379999999710e-06
-1.343999999999999917e-01	5.762351139999997762e-06
-1.337000000000000133e-01	5.777188689999998079e-06
-1.327000000000000124e-01	5.787701299999999718e-06
-1.320000000000000062e-01	5.797265139999998018e-06
-1.313999999999999890e-01	5.808233779999999859e-06
-1.307000000000000106e-01	5.820385179999998544e-06
-1.297999999999999987e-01	5.830673189999997753e-06
-1.290000000000000036e-01	5.837266759999999700e-06
-1.282999999999999974e-01	5.842886170000000014e-06
-1.277000000000000079e-01	5.851071419999999006e-06
-1.269000000000000128e-01	5.858543890000000501e-06
-1.260999999999999899e-01	5.863334830000000607e-06
-1.252999999999999947e-01	5.867359819999997750e-06
-1.247000000000000053e-01	5.871168959999998157e-06
-1.238999999999999962e-01	5.873562770000000235e-06
-1.231000000000000011e-01	5.872742190000000483e-06
-1.223999999999999949e-01	5.869808489999999357e-06
-1.218000000000000055e-01	5.866158710000001045e-06
-1.208000000000000046e-01	5.861326629999997817e-06
-1.200999999999999984e-01	5.852581799999999714e-06
-1.194000000000000061e-01	5.840515119999998336e-06
-1.188000000000000028e-01	5.825432379999997767e-06
-1.179000000000000048e-01	5.809744079999998583e-06
-1.170999999999999958e-01	5.794085929999998866e-06
-1.168000000000000010e-01	5.773380170000000345e-06
-1.158000000000000002e-01	5.748043059999999777e-06
-1.149000000000000021e-01	5.721728059999998657e-06
-1.140999999999999931e-01	5.693375449999999236e-06
-1.134000000000000008e-01	5.658895429999999876e-06
-1.129000000000000004e-01	5.614446210000000531e-06
-1.121000000000000052e-01	5.560139889999999148e-06
-1.113999999999999990e-01	5.504041270000000998e-06
-1.107999999999999957e-01	5.439973789999997893e-06
-1.098999999999999977e-01	5.367314409999999808e-06
-1.091000000000000025e-01	5.289900080000000244e-06
-1.081000000000000016e-01	5.207603419999998342e-06
-1.074999999999999983e-01	5.116285419999998821e-06
-1.068000000000000060e-01	5.017741720000000824e-06
-1.060999999999999999e-01	4.909242060000000894e-06
-1.054999999999999966e-01	4.791521190000000625e-06
-1.048000000000000043e-01	4.664196729999998259e-06
-1.038000000000000034e-01	4.523492029999999226e-06
-1.030999999999999972e-01	4.370406519999998782e-06
-1.024999999999999939e-01	4.208251580000000973e-06
-1.018000000000000016e-01	4.032499269999998342e-06
-1.009000000000000036e-01	3.843497540000000525e-06
-1.001999999999999974e-01	3.648734099999999080e-06
-9.950000000000000511e-02	3.443730289999999292e-06
-9.890000000000000180e-02	3.217174670000000954e-06
-9.810000000000000664e-02	2.975828310000000791e-06
-9.719999999999999474e-02	2.724390280000000015e-06
-9.650000000000000244e-02	2.456352749999999807e-06
-9.579999999999999627e-02	2.171955349999999730e-06
-9.510000000000000397e-02	1.873511989999999595e-06
-9.420000000000000595e-02	1.559324949999999708e-06
-9.349999999999999978e-02	1.240592469999999610e-06
-9.289999999999999647e-02	9.107957599999996838e-07
-9.210000000000000131e-02	5.578622399999987492e-07
-9.120000000000000329e-02	1.876916499999990587e-07
-9.049999999999999711e-02	-1.985585800000001951e-07
-8.989999999999999380e-02	-5.996159000000006570e-07
-8.909999999999999865e-02	-1.027159129999999856e-06
-8.820000000000000062e-02	-1.441201120000001377e-06
-8.759999999999999731e-02	-1.884743310000001394e-06
-8.690000000000000502e-02	-2.325382070000001032e-06
-8.590000000000000413e-02	-2.792273150000000576e-06
-8.519999999999999796e-02	-3.270335709999999996e-06
-8.459999999999999465e-02	-3.743993390000000866e-06
-8.390000000000000235e-02	-4.240958630000001475e-06
-8.290000000000000147e-02	-4.765954520000000810e-06
-8.219999999999999529e-02	-5.268155780000000758e-06
-8.160000000000000586e-02	-5.795143610000000228e-06
-8.089999999999999969e-02	-6.314875090000000365e-06
-7.989999999999999880e-02	-6.842993830000000235e-06
-7.929999999999999549e-02	-7.394639860000000491e-06
-7.870000000000000606e-02	-8.001697730000000849e-06
-7.799999999999999989e-02	-8.519836670000001245e-06
-7.720000000000000473e-02	-9.075158630000000016e-06
-7.630000000000000671e-02	-9.629740370000000008e-06
-7.570000000000000340e-02	-1.018593956000000053e-05
-7.499999999999999722e-02	-1.074140789000000065e-05
-7.420000000000000207e-02	-1.129508760000000041e-05
-7.330000000000000404e-02	-1.181077295153000153e-05
-7.270000000000000073e-02	-1.234430311535000004e-05
-7.199999999999999456e-02	-1.288715098213000039e-05
-7.119999999999999940e-02	-1.341787966000000022e-05
-7.040000000000000424e-02	-1.393658129000000106e-05
-6.969999999999999807e-02	-1.444746421000000141e-05
-6.900000000000000577e-02	-1.495151347000000155e-05
-6.819999999999999674e-02	-1.544553271000000173e-05
-6.729999999999999871e-02	-1.590948391000000187e-05
-6.669999999999999540e-02	-1.635182879000000118e-05
-6.610000000000000597e-02	-1.678999853999999870e-05
-6.510000000000000508e-02	-1.721243343000000093e-05
-6.439999999999999891e-02	-1.762201761000000100e-05
-6.370000000000000662e-02	-1.801832691000000204e-05
-6.310000000000000331e-02	-1.839326653999999990e-05
-6.199999999999999956e-02	-1.874842199000000198e-05
-6.140000000000000319e-02	-1.908579879000000035e-05
-6.069999999999999701e-02	-1.938882861999999897e-05
-6.010000000000000064e-02	-1.967044712000000042e-05
-5.899999999999999689e-02	-1.994357793000000098e-05
-5.840000000000000052e-02	-2.019379457000000010e-05
-5.770000000000000129e-02	-2.042165493999999925e-05
-5.700000000000000205e-02	-2.063130077000000019e-05
-5.630000000000000282e-02	-2.081937898000000219e-05
-5.550000000000000072e-02	-2.098653859999999999e-05
-5.469999999999999862e-02	-2.113407976000000093e-05
-5.399999999999999939e-02	-2.125790206000000303e-05
-5.319999999999999729e-02	-2.136239951000000248e-05
-5.240000000000000213e-02	-2.145378230000000007e-05
-5.170000000000000290e-02	-2.153107553000000037e-05
-5.109999999999999959e-02	-2.159346273000000267e-05
-5.029999999999999749e-02	-2.163998177000000091e-05
-4.950000000000000233e-02	-2.166876924000000272e-05
-4.870000000000000023e-02	-2.167946404000000224e-05
-4.800000000000000100e-02	-2.167762120000000129e-05
-4.730000000000000177e-02	-2.166403150000000078e-05
-4.639999999999999680e-02	-2.163863534999999950e-05
-4.610000000000000209e-02	-2.160336439999999846e-05
-4.529999999999999999e-02	-2.155984825999999996e-05
-4.429999999999999910e-02	-2.150393470999999998e-05
-4.349999999999999700e-02	-2.143641303999999846e-05
-4.270000000000000184e-02	-2.135952860000000063e-05
-4.209999999999999853e-02	-2.127536923000000087e-05
-4.130000000000000338e-02	-2.119020461000000296e-05
-4.080000000000000293e-02	-2.109830695000000094e-05
-4.009999999999999676e-02	-2.099680926999999855e-05
-3.930000000000000160e-02	-2.089060617000000305e-05
-3.849999999999999950e-02	-2.077923395999999956e-05
-3.780000000000000027e-02	-2.066665927999999952e-05
-3.710000000000000103e-02	-2.055519979999999942e-05
-3.620000000000000301e-02	-2.043836076000000150e-05
-3.529999999999999805e-02	-2.031461630000000224e-05
-3.459999999999999881e-02	-2.019193648000000248e-05
-3.409999999999999837e-02	-2.006953894999999907e-05
-3.330000000000000321e-02	-1.994704434000000180e-05
-3.250000000000000111e-02	-1.982652631999999959e-05
-3.180000000000000188e-02	-1.970159864000000139e-05
-3.119999999999999857e-02	-1.958059808000000001e-05
-3.030000000000000054e-02	-1.946349986000000000e-05
-2.949999999999999845e-02	-1.935242393000000146e-05
-2.879999999999999921e-02	-1.924176353999999876e-05
-2.819999999999999937e-02	-1.913551214000000042e-05
-2.730000000000000135e-02	-1.903708733999999963e-05
-2.649999999999999925e-02	-1.893836816000000120e-05
-2.580000000000000002e-02	-1.884133075000000114e-05
-2.520000000000000018e-02	-1.874889376000000041e-05
-2.429999999999999868e-02	-1.866518150000000153e-05
-2.359999999999999945e-02	-1.858427633999999940e-05
-2.290000000000000022e-02	-1.850603953999999937e-05
-2.220000000000000098e-02	-1.843406320999999872e-05
-2.129999999999999949e-02	-1.837214667000000077e-05
-2.060000000000000026e-02	-1.831488948000000141e-05
-1.990000000000000102e-02	-1.825719020000000117e-05
-1.919999999999999832e-02	-1.820259979000000115e-05
-1.839999999999999969e-02	-1.815319515000000136e-05
-1.760000000000000106e-02	-1.811030787000000256e-05
-1.689999999999999836e-02	-1.807189762999999980e-05
-1.619999999999999912e-02	-1.803964604000000103e-05
-1.559999999999999928e-02	-1.801442015000000030e-05
-1.460000000000000013e-02	-1.798689534999999912e-05
-1.389999999999999916e-02	-1.796245908999999916e-05
-1.319999999999999993e-02	-1.794396727000000140e-05
-1.260000000000000009e-02	-1.792793429999999940e-05
-1.159999999999999920e-02	-1.791315964999999982e-05
-1.089999999999999997e-02	-1.790360078999999883e-05
-1.030000000000000013e-02	-1.789584924999999870e-05
-9.599999999999999159e-03	-1.788975538999999955e-05
-8.600000000000000006e-03	-1.788657468999999944e-05
-7.900000000000000772e-03	-1.788242733000000161e-05
-7.300000000000000065e-03	-1.787848606000000238e-05
-6.700000000000000226e-03	-1.787778167999999978e-05
-5.700000000000000205e-03	-1.787875661000000145e-05
-5.000000000000000104e-03	-1.788059958999999995e-05
-4.300000000000000003e-03	-1.788273163000000135e-05
-3.700000000000000164e-03	-1.788139897999999886e-05
-2.599999999999999881e-03	-1.788347489000000268e-05
-1.899999999999999996e-03	-1.789030770000000088e-05
-1.199999999999999895e-03	-1.789373229000000033e-05
-5.999999999999999474e-04	-1.789315250000000012e-05
4.000000000000000192e-04	-1.789134250999999869e-05
1.100000000000000066e-03	-1.788954922999999879e-05
1.799999999999999951e-03	-1.788901503000000153e-05
2.500000000000000052e-03	-1.788766801000000049e-05
3.399999999999999811e-03	-1.788480074000000253e-05
4.199999999999999740e-03	-1.788239968000000232e-05
4.899999999999999842e-03	-1.788009486000000054e-05
5.599999999999999943e-03	-1.787519859999999871e-05
6.199999999999999782e-03	-1.786778805000000160e-05
7.000000000000000146e-03	-1.786342561000000030e-05
7.900000000000000772e-03	-1.785615580999999982e-05
8.699999999999999400e-03	-1.784717105000000064e-05
9.400000000000000369e-03	-1.784002739999999889e-05
1.000000000000000021e-02	-1.783439653999999960e-05
1.069999999999999944e-02	-1.783480243000000215e-05
1.170000000000000033e-02	-1.783735266000000032e-05
1.239999999999999956e-02	-1.783695445000000191e-05
1.319999999999999993e-02	-1.783458150999999952e-05
1.379999999999999977e-02	-1.783463455000000049e-05
1.450000000000000074e-02	-1.783973785000000120e-05
1.519999999999999997e-02	-1.785080228999999904e-05
1.609999999999999973e-02	-1.786330540000000236e-05
1.689999999999999836e-02	-1.787606975000000212e-05
1.760000000000000106e-02	-1.789044133000000048e-05
1.830000000000000029e-02	-1.790742110999999956e-05
1.899999999999999953e-02	-1.792683243000000269e-05
1.969999999999999876e-02	-1.795255394999999989e-05
2.050000000000000086e-02	-1.798452288000000203e-05
2.139999999999999888e-02	-1.802077791000000003e-05
2.210000000000000159e-02	-1.806041107999999945e-05
2.280000000000000082e-02	-1.810607485000000020e-05
2.350000000000000006e-02	-1.815564742000000078e-05
2.419999999999999929e-02	-1.820400518000000111e-05
2.489999999999999852e-02	-1.825639493000000112e-05
2.549999999999999836e-02	-1.831519816000000222e-05
2.659999999999999865e-02	-1.837705736000000011e-05
2.719999999999999848e-02	-1.844587095000000058e-05
2.790000000000000119e-02	-1.852183786000000251e-05
2.860000000000000042e-02	-1.860125541000000077e-05
2.949999999999999845e-02	-1.868403032999999902e-05
3.039999999999999994e-02	-1.876671378999999966e-05
3.099999999999999978e-02	-1.885001180000000039e-05
3.139999999999999736e-02	-1.894138874999999882e-05
3.239999999999999825e-02	-1.904028125000000170e-05
3.300000000000000155e-02	-1.914107338000000169e-05
3.370000000000000079e-02	-1.924544102000000226e-05
3.440000000000000002e-02	-1.935029439000000024e-05
3.509999999999999926e-02	-1.945475712000000249e-05
3.590000000000000135e-02	-1.955899364000000007e-05
3.690000000000000224e-02	-1.966462287999999972e-05
3.769999999999999740e-02	-1.976773419000000021e-05
3.819999999999999785e-02	-1.987068983000000162e-05
3.889999999999999708e-02	-1.997828615000000059e-05
3.950000000000000039e-02	-2.008211624000000170e-05
4.039999999999999841e-02	-2.017976057000000023e-05
4.130000000000000338e-02	-2.027672753999999972e-05
4.200000000000000261e-02	-2.036833251000000155e-05
4.259999999999999898e-02	-2.045508610000000002e-05
4.329999999999999821e-02	-2.054102296000000232e-05
4.399999999999999745e-02	-2.062079000000000014e-05
4.499999999999999833e-02	-2.069284002000000192e-05
4.580000000000000043e-02	-2.075789779000000143e-05
4.649999999999999967e-02	-2.081573631000000109e-05
4.719999999999999890e-02	-2.086467789999999850e-05
4.780000000000000221e-02	-2.090525743999999933e-05
4.859999999999999737e-02	-2.093645993000000033e-05
4.920000000000000068e-02	-2.095950213000000140e-05
5.029999999999999749e-02	-2.097214116000000142e-05
5.090000000000000080e-02	-2.096960626999999833e-05
5.160000000000000003e-02	-2.095170651999999874e-05
5.229999999999999927e-02	-2.092066287999999862e-05
5.299999999999999850e-02	-2.087689863000000029e-05
5.380000000000000060e-02	-2.082296284999999837e-05
5.469999999999999862e-02	-2.075552464999999916e-05
5.539999999999999786e-02	-2.066562186999999990e-05
5.609999999999999709e-02	-2.055666177999999905e-05
5.689999999999999919e-02	-2.043989844000000086e-05
5.759999999999999842e-02	-2.030800433000000131e-05
5.820000000000000173e-02	-2.015043354000000035e-05
5.899999999999999689e-02	-1.997265092999999988e-05
5.990000000000000185e-02	-1.977796559000000011e-05
6.060000000000000109e-02	-1.956547404999999895e-05
6.130000000000000032e-02	-1.933620614000000030e-05
6.210000000000000242e-02	-1.908651848000000195e-05
6.260000000000000286e-02	-1.881332126000000125e-05
6.370000000000000662e-02	-1.852982291000000118e-05
6.439999999999999891e-02	-1.822138950000000272e-05
6.510000000000000508e-02	-1.789303429000000097e-05
6.579999999999999738e-02	-1.755745493000000066e-05
6.650000000000000355e-02	-1.718305272000000114e-05
6.719999999999999585e-02	-1.681427062999999965e-05
6.790000000000000202e-02	-1.641409214000000166e-05
6.859999999999999432e-02	-1.599892005000000077e-05
6.969999999999999807e-02	-1.555620897000000038e-05
7.040000000000000424e-02	-1.511486718999999969e-05
7.109999999999999654e-02	-1.465771265000000022e-05
7.180000000000000271e-02	-1.421952642000000052e-05
7.259999999999999787e-02	-1.375523249000000079e-05
7.320000000000000118e-02	-1.326679779134000062e-05
7.389999999999999347e-02	-1.276936429880000140e-05
7.459999999999999964e-02	-1.226707700676000080e-05
7.530000000000000582e-02	-1.175913225639000013e-05
7.610000000000000098e-02	-1.124593538000000105e-05
7.679999999999999327e-02	-1.075046288000000069e-05
7.749999999999999944e-02	-1.025559245000000089e-05
7.829999999999999460e-02	-9.742685340000000518e-06
7.920000000000000651e-02	-9.226882690000000223e-06
8.010000000000000453e-02	-8.708718210000000777e-06
8.079999999999999682e-02	-8.189341470000000391e-06
8.150000000000000300e-02	-7.676919610000000759e-06
8.229999999999999816e-02	-7.173593330000000389e-06
8.300000000000000433e-02	-6.694498250000000241e-06
8.369999999999999662e-02	-6.221220300000001047e-06
8.440000000000000280e-02	-5.739044090000000931e-06
8.519999999999999796e-02	-5.266015990000000682e-06
8.590000000000000413e-02	-4.797316990000000648e-06
8.649999999999999356e-02	-4.336941810000000613e-06
8.730000000000000260e-02	-3.886446350000000388e-06
8.799999999999999489e-02	-3.448605579999999810e-06
8.880000000000000393e-02	-3.027028850000000243e-06
8.939999999999999336e-02	-2.633243250000000447e-06
9.020000000000000240e-02	-2.249547500000001013e-06
9.089999999999999469e-02	-1.862238280000001362e-06
9.180000000000000659e-02	-1.489780800000000351e-06
9.239999999999999603e-02	-1.130344160000000951e-06
9.329999999999999405e-02	-7.854699499999999825e-07
9.420000000000000595e-02	-4.567591200000012234e-07
9.489999999999999825e-02	-1.416163400000000313e-07
9.569999999999999341e-02	1.589238599999991754e-07
9.639999999999999958e-02	4.351081099999985801e-07
9.719999999999999474e-02	6.952570499999997743e-07
9.790000000000000091e-02	9.538582699999999113e-07
9.859999999999999321e-02	1.198569959999999291e-06
9.859999999999999321e-02	1.428290510000000037e-06
9.990000000000000269e-02	1.644533869999999503e-06
1.008000000000000007e-01	1.848171469999999574e-06
1.015000000000000069e-01	2.040353409999999323e-06
1.023000000000000020e-01	2.215698989999998899e-06
1.029999999999999943e-01	2.373304399999998812e-06
1.037000000000000005e-01	2.521491429999999108e-06
1.044000000000000067e-01	2.661116239999998585e-06
1.052000000000000018e-01	2.787566709999999943e-06
1.058999999999999941e-01	2.903590519999999103e-06
1.066000000000000003e-01	3.009887269999999535e-06
1.073999999999999955e-01	3.106614889999997935e-06
1.081000000000000016e-01	3.186871549999999430e-06
1.087999999999999939e-01	3.264488749999999891e-06
1.095000000000000001e-01	3.333567299999999270e-06
1.102999999999999953e-01	3.393778410000000684e-06
1.110000000000000014e-01	3.446920289999998833e-06
1.117999999999999966e-01	3.489576860000000776e-06
1.125000000000000028e-01	3.527426780000000471e-06
1.131999999999999951e-01	3.563459689999999948e-06
1.140000000000000041e-01	3.595197839999999688e-06
1.147999999999999993e-01	3.618398099999998562e-06
1.156999999999999973e-01	3.637013460000000197e-06
1.164000000000000035e-01	3.649418419999997946e-06
1.170999999999999958e-01	3.660297889999999254e-06
1.179000000000000048e-01	3.670159029999998159e-06
1.185999999999999971e-01	3.677327540000000725e-06
1.193000000000000033e-01	3.681696689999999474e-06
1.199999999999999956e-01	3.685121940000000903e-06
1.208999999999999936e-01	3.688537579999998176e-06
1.214999999999999969e-01	3.688211540000000467e-06
1.222000000000000031e-01	3.682639069999999750e-06
1.228999999999999954e-01	3.674420389999997864e-06
1.237000000000000044e-01	3.664383409999998070e-06
1.243999999999999967e-01	3.659345940000000897e-06
1.250999999999999890e-01	3.659941819999999973e-06
1.260000000000000009e-01	3.656602099999998578e-06
1.269000000000000128e-01	3.649483629999998808e-06
1.275999999999999912e-01	3.641131340000000355e-06
1.283999999999999864e-01	3.635258770000000735e-06
1.290999999999999925e-01	3.627953329999998876e-06
1.298999999999999877e-01	3.617854029999998327e-06
1.305999999999999939e-01	3.613316729999999267e-06
1.313999999999999890e-01	3.610468810000000563e-06
1.320000000000000062e-01	3.602673009999997849e-06
1.328999999999999904e-01	3.595104039999999089e-06
1.335000000000000075e-01	3.585489109999999478e-06
1.343000000000000027e-01	3.575710240000000217e-06
1.350000000000000089e-01	3.567044009999998397e-06
1.358000000000000040e-01	3.559526900000000989e-06
1.365000000000000102e-01	3.557052329999999874e-06
1.373000000000000054e-01	3.555872509999998872e-06
1.380000000000000115e-01	3.552526769999998085e-06
1.388000000000000067e-01	3.545722959999999212e-06
1.395000000000000129e-01	3.537651309999998952e-06
1.403000000000000080e-01	3.529693379999998705e-06
1.409999999999999865e-01	3.523270899999999688e-06
1.418000000000000094e-01	3.520331059999997887e-06
1.424999999999999878e-01	3.515757180000000389e-06
1.433000000000000107e-01	3.508491459999999465e-06
1.439999999999999891e-01	3.499426019999999846e-06
1.448000000000000120e-01	3.485982759999997768e-06
1.454999999999999905e-01	3.470842199999998792e-06
1.463000000000000134e-01	3.457353429999999127e-06
1.469999999999999918e-01	3.447649499999999389e-06
1.477999999999999869e-01	3.436399869999998721e-06
1.484999999999999931e-01	3.426789520000000054e-06
1.489000000000000046e-01	3.416678919999997902e-06
1.496999999999999997e-01	3.400673449999997821e-06
1.507999999999999896e-01	3.385022579999999101e-06
1.514999999999999958e-01	3.368708500000000376e-06
1.522999999999999909e-01	3.351623579999999796e-06
1.529000000000000081e-01	3.336645479999999337e-06
1.529000000000000081e-01	3.319770399999999314e-06
1.542999999999999927e-01	3.298441519999998619e-06
1.549999999999999989e-01	3.275778389999999793e-06
1.557000000000000051e-01	3.251735499999998472e-06
1.565000000000000002e-01	3.226697999999998630e-06
1.572000000000000064e-01	3.201895849999998920e-06
1.579000000000000126e-01	3.176430469999999556e-06
1.587000000000000077e-01	3.150745389999999867e-06
1.595000000000000029e-01	3.123428400000000983e-06
1.602000000000000091e-01	3.095276379999998423e-06
1.608999999999999875e-01	3.068017129999999349e-06
1.617000000000000104e-01	3.042945719999998259e-06
1.623999999999999888e-01	3.011642260000000509e-06
1.632000000000000117e-01	2.976908029999999941e-06
1.638999999999999901e-01	2.946027439999998149e-06
1.647000000000000131e-01	2.915513670000000117e-06
1.653999999999999915e-01	2.882237139999999743e-06
1.661999999999999866e-01	2.845769989999998850e-06
1.668999999999999928e-01	2.810209490000000124e-06
1.675000000000000100e-01	2.776785269999999543e-06
1.683000000000000052e-01	2.742471519999999604e-06
1.690000000000000113e-01	2.704563849999998580e-06
1.698000000000000065e-01	2.666810129999999719e-06
1.705000000000000127e-01	2.629875999999999349e-06
1.713000000000000078e-01	2.592235229999998767e-06
1.719999999999999862e-01	2.556762589999999846e-06
1.728000000000000091e-01	2.518078059999999269e-06
1.734999999999999876e-01	2.478307269999999112e-06
1.743000000000000105e-01	2.439328739999999313e-06
1.749999999999999889e-01	2.397942809999998749e-06
1.758000000000000118e-01	2.354841759999998902e-06
1.764999999999999902e-01	2.312718989999999538e-06
1.773000000000000131e-01	2.275772529999998698e-06
1.779999999999999916e-01	2.237867910000000056e-06
1.787999999999999867e-01	2.197962209999999040e-06
1.794999999999999929e-01	2.159003439999999770e-06
1.802999999999999881e-01	2.116450099999998962e-06
1.809999999999999942e-01	2.071764269999999572e-06
1.817999999999999894e-01	2.031246949999999558e-06
1.824999999999999956e-01	1.991251929999998948e-06
1.832999999999999907e-01	1.947448810000000009e-06
1.839999999999999969e-01	1.903313359999998544e-06
1.847999999999999921e-01	1.859325419999998752e-06
1.854999999999999982e-01	1.813323719999998870e-06
1.862999999999999934e-01	1.768112590000000205e-06
1.869999999999999996e-01	1.727242949999999478e-06
1.877999999999999947e-01	1.687341659999999001e-06
1.885000000000000009e-01	1.643971949999999103e-06
1.889000000000000123e-01	1.597565179999999222e-06
1.900000000000000022e-01	1.554158699999999137e-06
1.907999999999999974e-01	1.511796379999998804e-06
1.910999999999999921e-01	1.466083709999998962e-06
1.922999999999999987e-01	1.418240659999999085e-06
1.930000000000000049e-01	1.373191709999998768e-06
1.938000000000000000e-01	1.326748079999998586e-06
1.945000000000000062e-01	1.283292389999999775e-06
1.948999999999999899e-01	1.240582129999999794e-06
1.955999999999999961e-01	1.194608869999998893e-06
1.963999999999999913e-01	1.148024879999998623e-06
1.970999999999999974e-01	1.102334240000000132e-06
1.983000000000000040e-01	1.058761649999999513e-06
1.985999999999999988e-01	1.015667789999998854e-06
1.993000000000000049e-01	9.727750599999991329e-07
2.001999999999999891e-01	9.275152499999992170e-07
