-2.000000000000000111e-01	2.084408627999999940e-05
-2.000000000000000111e-01	2.084847691000000068e-05
-2.000000000000000111e-01	2.085019759000000065e-05
-1.998999999999999944e-01	2.085048135000000169e-05
-1.995000000000000107e-01	2.085348194000000130e-05
-1.991999999999999882e-01	2.087134427999999669e-05
-1.988000000000000045e-01	2.090928474999999642e-05
-1.983000000000000040e-01	2.097403307999999830e-05
-1.978000000000000036e-01	2.106714745999999753e-05
-1.973000000000000032e-01	2.118366794000000201e-05
-1.965999999999999970e-01	2.133353057999999697e-05
-1.960999999999999965e-01	2.150448572000000040e-05
-1.955000000000000071e-01	2.169383887999999761e-05
-1.948000000000000009e-01	2.189226960999999841e-05
-1.942000000000000115e-01	2.211875335999999756e-05
-1.935999999999999943e-01	2.235065194000000242e-05
-1.927999999999999992e-01	2.259068964999999906e-05
-1.922000000000000097e-01	2.284093212000000230e-05
-1.913999999999999868e-01	2.308959758999999822e-05
-1.907999999999999974e-01	2.333122510999999761e-05
-1.900000000000000022e-01	2.357133804999999885e-05
-1.894000000000000128e-01	2.381606976000000267e-05
-1.885999999999999899e-01	2.404673929999999951e-05
-1.880000000000000004e-01	2.428273765999999689e-05
-1.872000000000000053e-01	2.452565831999999754e-05
-1.864999999999999991e-01	2.476138794000000136e-05
-1.860999999999999877e-01	2.498652576999999710e-05
-1.854000000000000092e-01	2.520245458000000221e-05
-1.845999999999999863e-01	2.541197207999999863e-05
-1.839000000000000079e-01	2.561328525000000224e-05
-1.831000000000000127e-01	2.580184707000000158e-05
-1.824000000000000066e-01	2.598009116999999791e-05
-1.817000000000000004e-01	2.618057870999999890e-05
-1.809000000000000052e-01	2.643967271999999791e-05
-1.801999999999999991e-01	2.676986964999999993e-05
-1.794000000000000039e-01	2.716339901999999839e-05
-1.786999999999999977e-01	2.760020476000000163e-05
-1.779999999999999916e-01	2.806053710999999940e-05
-1.771000000000000074e-01	2.852239389999999849e-05
-1.761999999999999955e-01	2.897325928000000228e-05
-1.754999999999999893e-01	2.938776641999999982e-05
-1.748000000000000109e-01	2.977582210999999869e-05
-1.741999999999999937e-01	3.010674810000000051e-05
-1.733999999999999986e-01	3.038847489999999883e-05
-1.726999999999999924e-01	3.064121168000000575e-05
-1.718999999999999972e-01	3.090757067000000512e-05
-1.713000000000000078e-01	3.117878393999999761e-05
-1.701999999999999902e-01	3.144646178999999412e-05
-1.695000000000000118e-01	3.169404483999999761e-05
-1.688999999999999946e-01	3.195493121000000589e-05
-1.681999999999999884e-01	3.223875277000000589e-05
-1.675000000000000100e-01	3.250689133000000518e-05
-1.668000000000000038e-01	3.275802486999999431e-05
-1.658000000000000029e-01	3.298426391999999816e-05
-1.652000000000000135e-01	3.317772687999999501e-05
-1.643999999999999906e-01	3.335874031000000376e-05
-1.637000000000000122e-01	3.354334964000000425e-05
-1.630000000000000060e-01	3.377688709000000475e-05
-1.620000000000000051e-01	3.406709114999999385e-05
-1.613999999999999879e-01	3.442159123000000404e-05
-1.607000000000000095e-01	3.483165231999999704e-05
-1.600000000000000033e-01	3.526826577000000346e-05
-1.592999999999999972e-01	3.572842538999999320e-05
-1.584000000000000130e-01	3.620117376000000131e-05
-1.575999999999999901e-01	3.664036541000000296e-05
-1.569000000000000117e-01	3.706559145999999366e-05
-1.562000000000000055e-01	3.748834908999999392e-05
-1.554999999999999993e-01	3.790492071000000273e-05
-1.549000000000000099e-01	3.827878267000000613e-05
-1.537999999999999923e-01	3.865151645000000017e-05
-1.531000000000000139e-01	3.901845520999999576e-05
-1.524000000000000077e-01	3.935047081000000275e-05
-1.517000000000000015e-01	3.962432958999999853e-05
-1.511000000000000121e-01	3.983099169000000554e-05
-1.504000000000000059e-01	3.997363236999999737e-05
-1.494000000000000050e-01	4.007188757999999263e-05
-1.486999999999999988e-01	4.016457827000000352e-05
-1.479999999999999927e-01	4.027889519000000466e-05
-1.472999999999999865e-01	4.042307767000000488e-05
-1.466999999999999971e-01	4.060228644000000336e-05
-1.456000000000000072e-01	4.080523283000000350e-05
-1.449000000000000010e-01	4.100539612000000586e-05
-1.443000000000000116e-01	4.118531891999999345e-05
-1.436000000000000054e-01	4.132796121000000108e-05
-1.428999999999999992e-01	4.143176039000000591e-05
-1.421999999999999931e-01	4.152114428000000014e-05
-1.411999999999999922e-01	4.160550395999999828e-05
-1.405000000000000138e-01	4.168430699000000609e-05
-1.398000000000000076e-01	4.177075444999999289e-05
-1.391000000000000014e-01	4.187365396000000011e-05
-1.383999999999999952e-01	4.197947523999999420e-05
-1.373999999999999944e-01	4.205863478999999339e-05
-1.366999999999999882e-01	4.211003089000000513e-05
-1.360000000000000098e-01	4.215875480999999709e-05
-1.353999999999999926e-01	4.221461756999999389e-05
-1.346999999999999864e-01	4.226273420000000065e-05
-1.340000000000000080e-01	4.228332617000000039e-05
-1.328999999999999904e-01	4.229924349999999880e-05
-1.323000000000000009e-01	4.235304994999999342e-05
-1.315999999999999948e-01	4.245266766000000606e-05
-1.308999999999999886e-01	4.257057216999999910e-05
-1.302000000000000102e-01	4.269146754000000324e-05
-1.292000000000000093e-01	4.283896434999999979e-05
-1.287999999999999978e-01	4.303786700999999622e-05
-1.282000000000000084e-01	4.328677619000000142e-05
-1.272000000000000075e-01	4.356799693999999299e-05
-1.265000000000000013e-01	4.384178807999999667e-05
-1.257999999999999952e-01	4.407822273000000523e-05
-1.247000000000000053e-01	4.427687297999999597e-05
-1.239999999999999991e-01	4.447487626999999631e-05
-1.233999999999999958e-01	4.471938102000000523e-05
-1.231000000000000011e-01	4.505356586000000118e-05
-1.219999999999999973e-01	4.550250638999999982e-05
-1.213000000000000050e-01	4.603374453000000062e-05
-1.205999999999999989e-01	4.659889925000000165e-05
-1.199999999999999956e-01	4.713922699999999806e-05
-1.193000000000000033e-01	4.764420126999999497e-05
-1.185999999999999971e-01	4.813540066999999836e-05
-1.175999999999999962e-01	4.861473056999999608e-05
-1.165000000000000063e-01	4.908305686999999220e-05
-1.161999999999999977e-01	4.956570496999999627e-05
-1.155000000000000054e-01	5.006360432999999472e-05
-1.147999999999999993e-01	5.055854585999999535e-05
-1.137999999999999984e-01	5.107368987999999998e-05
-1.131000000000000061e-01	5.161969371000000174e-05
-1.123999999999999999e-01	5.218690009000000185e-05
-1.117999999999999966e-01	5.279060434999999045e-05
-1.110000000000000014e-01	5.343255043999998945e-05
-1.102000000000000063e-01	5.405214513999999771e-05
-1.093999999999999972e-01	5.462859291999999623e-05
-1.087000000000000050e-01	5.517412477999999630e-05
-1.079999999999999988e-01	5.569003819999999755e-05
-1.073000000000000065e-01	5.619886047999999039e-05
-1.066000000000000003e-01	5.669699112999999923e-05
-1.057000000000000023e-01	5.712499851999999149e-05
-1.048999999999999932e-01	5.747190789000000157e-05
-1.043000000000000038e-01	5.779551429999999217e-05
-1.034999999999999948e-01	5.809103364000000257e-05
-1.028000000000000025e-01	5.830668350000000016e-05
-1.019999999999999934e-01	5.839044581999999132e-05
-1.011999999999999983e-01	5.834757527000000049e-05
-1.005000000000000060e-01	5.824659644999999688e-05
-9.979999999999999982e-02	5.813619677999999635e-05
-9.909999999999999365e-02	5.803254291999998928e-05
-9.840000000000000135e-02	5.790647674000000021e-05
-9.760000000000000620e-02	5.772878987000000018e-05
-9.669999999999999429e-02	5.748056897999999533e-05
-9.600000000000000200e-02	5.715408615999999437e-05
-9.529999999999999583e-02	5.663454199999998933e-05
-9.470000000000000639e-02	5.591429609999999488e-05
-9.379999999999999449e-02	5.496299353999999353e-05
-9.299999999999999933e-02	5.384218291000000269e-05
-9.229999999999999316e-02	5.270146618999999716e-05
-9.160000000000000087e-02	5.151994529999999906e-05
-9.089999999999999469e-02	5.034847497999999266e-05
-9.020000000000000240e-02	4.904547532999999917e-05
-8.930000000000000437e-02	4.758816626999999848e-05
-8.849999999999999534e-02	4.600633860000000056e-05
-8.790000000000000591e-02	4.427431163999999625e-05
-8.709999999999999687e-02	4.254076716999999439e-05
-8.649999999999999356e-02	4.083155980999999429e-05
-8.569999999999999840e-02	3.905522111000000400e-05
-8.480000000000000038e-02	3.720820199000000298e-05
-8.409999999999999420e-02	3.540708128000000514e-05
-8.329999999999999905e-02	3.369014176000000363e-05
-8.269999999999999574e-02	3.178476650999999579e-05
-8.200000000000000344e-02	2.967303337000000259e-05
-8.100000000000000255e-02	2.744220371999999870e-05
-8.029999999999999638e-02	2.509535189000000092e-05
-7.960000000000000409e-02	2.267376251000000024e-05
-7.900000000000000078e-02	2.022936772000000045e-05
-7.829999999999999460e-02	1.771212374999999933e-05
-7.760000000000000231e-02	1.515598216999999973e-05
-7.649999999999999856e-02	1.249211632000000013e-05
-7.580000000000000626e-02	9.651504270000000289e-06
-7.510000000000000009e-02	6.754884270000000230e-06
-7.449999999999999678e-02	3.797527819999998490e-06
-7.380000000000000449e-02	7.583725899999992645e-07
-7.290000000000000646e-02	-2.353053690000000750e-06
-7.209999999999999742e-02	-5.537944860000000474e-06
-7.140000000000000513e-02	-8.761494580000000977e-06
-7.069999999999999896e-02	-1.188840823323000002e-05
-7.000000000000000666e-02	-1.499312570000000013e-05
-6.930000000000000049e-02	-1.818156189999999998e-05
-6.829999999999999960e-02	-2.135445415000000188e-05
-6.759999999999999343e-02	-2.452790460999999982e-05
-6.690000000000000113e-02	-2.765591239999999986e-05
-6.619999999999999496e-02	-3.065355107000000218e-05
-6.550000000000000266e-02	-3.351085549999999956e-05
-6.469999999999999363e-02	-3.611678824999999904e-05
-6.389999999999999847e-02	-3.854016322999999887e-05
-6.320000000000000617e-02	-4.080612062999999594e-05
-6.250000000000000000e-02	-4.280718493999999903e-05
-6.169999999999999790e-02	-4.451565363999999839e-05
-6.110000000000000153e-02	-4.593251898000000008e-05
-6.010000000000000064e-02	-4.712325943000000036e-05
-5.940000000000000141e-02	-4.808766641999999674e-05
-5.870000000000000218e-02	-4.879949424999999511e-05
-5.800000000000000294e-02	-4.922845049999999929e-05
-5.729999999999999677e-02	-4.941129630000000298e-05
-5.659999999999999754e-02	-4.938283521000000646e-05
-5.559999999999999665e-02	-4.918496978999999569e-05
-5.519999999999999907e-02	-4.887118480999999950e-05
-5.419999999999999818e-02	-4.845602314000000549e-05
-5.349999999999999895e-02	-4.793917779999999997e-05
-5.279999999999999971e-02	-4.734677663000000565e-05
-5.199999999999999761e-02	-4.669211069000000526e-05
-5.109999999999999959e-02	-4.600485856000000615e-05
-5.079999999999999793e-02	-4.524889501000000259e-05
-5.020000000000000157e-02	-4.436125736000000113e-05
-4.939999999999999947e-02	-4.338081738999999954e-05
-4.839999999999999858e-02	-4.235733493999999859e-05
-4.769999999999999934e-02	-4.133621901000000088e-05
-4.660000000000000253e-02	-4.031897963999999616e-05
-4.599999999999999922e-02	-3.930608513999999613e-05
-4.569999999999999757e-02	-3.829251521000000047e-05
-4.469999999999999668e-02	-3.729982216000000234e-05
-4.399999999999999745e-02	-3.630893685000000109e-05
-4.329999999999999821e-02	-3.531640684000000147e-05
-4.259999999999999898e-02	-3.437831759000000218e-05
-4.189999999999999974e-02	-3.345728569999999581e-05
-4.120000000000000051e-02	-3.252020978000000535e-05
-4.019999999999999962e-02	-3.157557936999999581e-05
-3.950000000000000039e-02	-3.062704465999999896e-05
-3.880000000000000115e-02	-2.967972620000000080e-05
-3.810000000000000192e-02	-2.876674560999999944e-05
-3.749999999999999861e-02	-2.786612064000000108e-05
-3.660000000000000059e-02	-2.695859774000000208e-05
-3.570000000000000256e-02	-2.606275189000000118e-05
-3.509999999999999926e-02	-2.515674784999999978e-05
-3.429999999999999716e-02	-2.423431218000000247e-05
-3.370000000000000079e-02	-2.329936066000000178e-05
-3.300000000000000155e-02	-2.236975701000000277e-05
-3.189999999999999780e-02	-2.149791240999999868e-05
-3.130000000000000143e-02	-2.066661982000000079e-05
-3.059999999999999873e-02	-1.982777959000000254e-05
-2.989999999999999949e-02	-1.908227917000000155e-05
-2.929999999999999966e-02	-1.837253386999999926e-05
-2.840000000000000163e-02	-1.775950185999999951e-05
-2.759999999999999953e-02	-1.727816523000000031e-05
-2.680000000000000090e-02	-1.693772596000000063e-05
-2.610000000000000167e-02	-1.670833411000000173e-05
-2.549999999999999836e-02	-1.656007507000000132e-05
-2.479999999999999913e-02	-1.648251538000000132e-05
-2.380000000000000171e-02	-1.647946456999999868e-05
-2.309999999999999901e-02	-1.653181134000000074e-05
-2.239999999999999977e-02	-1.661806655000000018e-05
-2.160000000000000114e-02	-1.673885188000000072e-05
-2.100000000000000130e-02	-1.691961960000000140e-05
-2.029999999999999860e-02	-1.714985947999999946e-05
-1.930000000000000118e-02	-1.741077185999999853e-05
-1.859999999999999848e-02	-1.767668339999999959e-05
-1.789999999999999925e-02	-1.798207516000000070e-05
-1.729999999999999941e-02	-1.835095043999999994e-05
-1.660000000000000017e-02	-1.876654345000000051e-05
-1.569999999999999868e-02	-1.925027738000000154e-05
-1.480000000000000066e-02	-1.976544434000000001e-05
-1.420000000000000082e-02	-2.029407061999999995e-05
-1.349999999999999985e-02	-2.079450902999999964e-05
-1.280000000000000061e-02	-2.126819889999999975e-05
-1.209999999999999964e-02	-2.167958908999999994e-05
-1.110000000000000049e-02	-2.202625494000000079e-05
-1.039999999999999952e-02	-2.229662942000000138e-05
-9.799999999999999684e-03	-2.252940810999999810e-05
-9.100000000000000450e-03	-2.274992177000000133e-05
-8.300000000000000086e-03	-2.292688875999999970e-05
-7.499999999999999722e-03	-2.305093358999999991e-05
-6.700000000000000226e-03	-2.315953457000000061e-05
-6.000000000000000125e-03	-2.328183203000000164e-05
-5.300000000000000024e-03	-2.344519915000000179e-05
-4.599999999999999922e-03	-2.367773733000000085e-05
-3.899999999999999821e-03	-2.393058282000000084e-05
-2.799999999999999972e-03	-2.417152195000000164e-05
-2.099999999999999870e-03	-2.443348300000000264e-05
-1.399999999999999986e-03	-2.471308029999999903e-05
-6.999999999999999929e-04	-2.497171815000000011e-05
-0.000000000000000000e+00	-2.515975847999999939e-05
6.999999999999999929e-04	-2.524900179000000078e-05
1.699999999999999905e-03	-2.527536095999999928e-05
2.399999999999999790e-03	-2.528728715999999929e-05
3.099999999999999891e-03	-2.530965475000000051e-05
3.700000000000000164e-03	-2.533778986000000165e-05
4.499999999999999660e-03	-2.534402169999999861e-05
5.400000000000000286e-03	-2.530117383999999924e-05
6.100000000000000387e-03	-2.521225608000000077e-05
6.799999999999999621e-03	-2.510291381000000143e-05
7.599999999999999985e-03	-2.498690734000000291e-05
8.200000000000000691e-03	-2.483468081000000260e-05
8.999999999999999320e-03	-2.460986129000000130e-05
9.900000000000000813e-03	-2.431076977000000303e-05
1.060000000000000005e-02	-2.396885498000000077e-05
1.129999999999999928e-02	-2.361119376999999941e-05
1.190000000000000085e-02	-2.324291406000000129e-05
1.269999999999999948e-02	-2.284176440999999985e-05
1.349999999999999985e-02	-2.237498218000000277e-05
1.439999999999999961e-02	-2.185257562999999884e-05
1.480000000000000066e-02	-2.127599423000000055e-05
1.580000000000000154e-02	-2.066551837000000011e-05
1.650000000000000078e-02	-2.008044042000000056e-05
1.720000000000000001e-02	-1.954704275999999947e-05
1.810000000000000150e-02	-1.906872930999999987e-05
1.890000000000000013e-02	-1.861894587000000032e-05
1.959999999999999937e-02	-1.817732895999999961e-05
2.019999999999999921e-02	-1.776119618000000127e-05
2.089999999999999844e-02	-1.741826176000000248e-05
2.160000000000000114e-02	-1.713586787000000110e-05
2.230000000000000038e-02	-1.689114705999999913e-05
2.299999999999999961e-02	-1.671098993000000028e-05
2.380000000000000171e-02	-1.660106054000000061e-05
2.450000000000000094e-02	-1.656786216000000103e-05
2.479999999999999913e-02	-1.660828615000000067e-05
2.639999999999999986e-02	-1.667465503000000119e-05
2.709999999999999909e-02	-1.675284378000000077e-05
2.740000000000000074e-02	-1.686901474999999927e-05
2.809999999999999998e-02	-1.702816454999999939e-05
2.879999999999999921e-02	-1.720841225000000130e-05
2.980000000000000010e-02	-1.744092353000000145e-05
3.049999999999999933e-02	-1.775653908000000047e-05
3.119999999999999857e-02	-1.816231720000000029e-05
3.180000000000000188e-02	-1.869164050999999968e-05
3.250000000000000111e-02	-1.933956310000000070e-05
3.339999999999999913e-02	-2.005791787000000135e-05
3.429999999999999716e-02	-2.083496898999999826e-05
3.500000000000000333e-02	-2.167327351999999847e-05
3.570000000000000256e-02	-2.253579939000000253e-05
3.629999999999999893e-02	-2.342137468000000293e-05
3.699999999999999817e-02	-2.431613874000000035e-05
3.799999999999999906e-02	-2.521748499999999934e-05
3.880000000000000115e-02	-2.616626041000000069e-05
3.939999999999999752e-02	-2.716741053999999813e-05
4.009999999999999676e-02	-2.817166366000000072e-05
4.080000000000000293e-02	-2.919205663999999983e-05
4.150000000000000216e-02	-3.027354332999999934e-05
4.250000000000000305e-02	-3.136477842000000087e-05
4.320000000000000229e-02	-3.243309927999999862e-05
4.390000000000000152e-02	-3.347556061000000528e-05
4.460000000000000075e-02	-3.448229307000000320e-05
4.529999999999999999e-02	-3.545510784999999989e-05
4.599999999999999922e-02	-3.641472932000000269e-05
4.700000000000000011e-02	-3.734678474999999955e-05
4.769999999999999934e-02	-3.826762559000000089e-05
4.839999999999999858e-02	-3.919330185999999748e-05
4.900000000000000189e-02	-4.009657362000000039e-05
4.979999999999999705e-02	-4.098159311000000311e-05
5.070000000000000201e-02	-4.185626012000000294e-05
5.140000000000000124e-02	-4.274853717000000070e-05
5.210000000000000048e-02	-4.357186853000000204e-05
5.279999999999999971e-02	-4.437927953999999697e-05
5.349999999999999895e-02	-4.509395067999999701e-05
5.419999999999999818e-02	-4.574790837999999815e-05
5.519999999999999907e-02	-4.638088379000000500e-05
5.589999999999999830e-02	-4.690198031999999895e-05
5.650000000000000161e-02	-4.733940137999999894e-05
5.720000000000000084e-02	-4.769804300999999711e-05
5.790000000000000008e-02	-4.795246525000000204e-05
5.879999999999999810e-02	-4.807766736999999541e-05
5.960000000000000020e-02	-4.800679768000000263e-05
6.029999999999999943e-02	-4.769048792000000212e-05
6.099999999999999867e-02	-4.722614481999999787e-05
6.169999999999999790e-02	-4.655488210000000623e-05
6.239999999999999714e-02	-4.561697494000000656e-05
6.339999999999999802e-02	-4.434394317999999519e-05
6.410000000000000420e-02	-4.264742401000000318e-05
6.479999999999999649e-02	-4.083378619000000375e-05
6.550000000000000266e-02	-3.861141153000000536e-05
6.619999999999999496e-02	-3.632498281000000215e-05
6.679999999999999827e-02	-3.379091400999999673e-05
6.790000000000000202e-02	-3.098846470999999572e-05
6.850000000000000533e-02	-2.801344042000000067e-05
6.919999999999999762e-02	-2.486286088000000082e-05
6.990000000000000380e-02	-2.157218629999999975e-05
7.049999999999999323e-02	-1.819383132000000115e-05
7.159999999999999698e-02	-1.478827806000000081e-05
7.230000000000000315e-02	-1.140942880635000002e-05
7.299999999999999545e-02	-7.953549050000000855e-06
7.370000000000000162e-02	-4.474085580000000705e-06
7.439999999999999392e-02	-1.566607630000001167e-06
7.499999999999999722e-02	1.192340779999999701e-06
7.610000000000000098e-02	3.972037299999997919e-06
7.679999999999999327e-02	6.808949759999999388e-06
7.749999999999999944e-02	9.559921940000000966e-06
7.820000000000000562e-02	1.216863290999999916e-05
7.889999999999999791e-02	1.463153892999999829e-05
7.950000000000000122e-02	1.691169999999999937e-05
8.039999999999999925e-02	1.912789477999999701e-05
8.129999999999999727e-02	2.140202612000000182e-05
8.190000000000000058e-02	2.362550402999999641e-05
8.260000000000000675e-02	2.575862393999999765e-05
8.329999999999999905e-02	2.778449738999999637e-05
8.419999999999999707e-02	2.977532750999999770e-05
8.500000000000000611e-02	3.177788816000000393e-05
8.569999999999999840e-02	3.373393139999999687e-05
8.640000000000000457e-02	3.554201357000000196e-05
8.709999999999999687e-02	3.723649799999999613e-05
8.770000000000000018e-02	3.886931408000000095e-05
8.880000000000000393e-02	4.039064313999999429e-05
8.939999999999999336e-02	4.182129839999999983e-05
9.009999999999999953e-02	4.318110650000000009e-05
9.080000000000000571e-02	4.449086015000000257e-05
9.149999999999999800e-02	4.575555927000000609e-05
9.239999999999999603e-02	4.693388100999999920e-05
9.320000000000000506e-02	4.804992879000000183e-05
9.389999999999999736e-02	4.908162960999999994e-05
9.460000000000000353e-02	4.996607766999999127e-05
9.529999999999999583e-02	5.070956950999999614e-05
9.589999999999999913e-02	5.134728154999999730e-05
9.690000000000000002e-02	5.193594867999999133e-05
9.760000000000000620e-02	5.251407019999999360e-05
9.829999999999999849e-02	5.306354907999999025e-05
9.909999999999999365e-02	5.354788880999999923e-05
9.950000000000000511e-02	5.396997993999999284e-05
1.004000000000000031e-01	5.426588354000000251e-05
1.010999999999999954e-01	5.433627349999999424e-05
1.018000000000000016e-01	5.417476685999999381e-05
1.024999999999999939e-01	5.384972499999999542e-05
1.032000000000000001e-01	5.343075620999999606e-05
1.042000000000000010e-01	5.294519012999998944e-05
1.049999999999999961e-01	5.239246568999999924e-05
1.058999999999999941e-01	5.184226093999999086e-05
1.063000000000000056e-01	5.134338933000000130e-05
1.068999999999999950e-01	5.085822236999999746e-05
1.076000000000000012e-01	5.032833667999999728e-05
1.086000000000000021e-01	4.971473424999999890e-05
1.092999999999999944e-01	4.902451227999999250e-05
1.101000000000000034e-01	4.826392236000000453e-05
1.107000000000000067e-01	4.745242996999999912e-05
1.113999999999999990e-01	4.662141583999999364e-05
1.121000000000000052e-01	4.583771559000000416e-05
1.131000000000000061e-01	4.510846168000000518e-05
1.137999999999999984e-01	4.440590065999999638e-05
1.145999999999999935e-01	4.375358993999999425e-05
1.151999999999999968e-01	4.316641136000000454e-05
1.159000000000000030e-01	4.264055779000000513e-05
1.165999999999999953e-01	4.213520941000000364e-05
1.175999999999999962e-01	4.163298761999999296e-05
1.183000000000000024e-01	4.116235403000000114e-05
1.189999999999999947e-01	4.069994193000000594e-05
1.197000000000000008e-01	4.023123881000000197e-05
1.203999999999999931e-01	3.978362813999999719e-05
1.210999999999999993e-01	3.936011991999999887e-05
1.221000000000000002e-01	3.894791665999999927e-05
1.228000000000000064e-01	3.855381548999999930e-05
1.234999999999999987e-01	3.818723851999999410e-05
1.242000000000000048e-01	3.786161004999999999e-05
1.248999999999999971e-01	3.758760426999999528e-05
1.255000000000000004e-01	3.734547522999999436e-05
1.265000000000000013e-01	3.711861277000000358e-05
1.272999999999999965e-01	3.691497569000000455e-05
1.280000000000000027e-01	3.672795517999999848e-05
1.287000000000000088e-01	3.656261692999999893e-05
1.292999999999999983e-01	3.643642582000000327e-05
1.300000000000000044e-01	3.632270892999999953e-05
1.310000000000000053e-01	3.619869778999999766e-05
1.317000000000000115e-01	3.609600036999999824e-05
1.323999999999999899e-01	3.601242138999999494e-05
1.330999999999999961e-01	3.597384608999999863e-05
1.337000000000000133e-01	3.602161032999999914e-05
1.343999999999999917e-01	3.614392797000000519e-05
1.353999999999999926e-01	3.629939068000000103e-05
1.361999999999999877e-01	3.646431519000000365e-05
1.368999999999999939e-01	3.662823291999999431e-05
1.375000000000000111e-01	3.680543094999999391e-05
1.381999999999999895e-01	3.696714782000000161e-05
1.390000000000000124e-01	3.710383640000000031e-05
1.398999999999999966e-01	3.721905344999999776e-05
1.400000000000000133e-01	3.733163620000000188e-05
1.414999999999999869e-01	3.745176628000000164e-05
1.421999999999999931e-01	3.757468559999999308e-05
1.428999999999999992e-01	3.768084010000000118e-05
1.436000000000000054e-01	3.775128343999999809e-05
1.443000000000000116e-01	3.778533360000000557e-05
1.449999999999999900e-01	3.778321356999999670e-05
1.456999999999999962e-01	3.774127015000000270e-05
1.464000000000000024e-01	3.765690329000000180e-05
1.471000000000000085e-01	3.754675325999999797e-05
1.476999999999999980e-01	3.741288269000000446e-05
1.487999999999999878e-01	3.723500471000000046e-05
1.494999999999999940e-01	3.701291714000000345e-05
1.502000000000000002e-01	3.677176343999999700e-05
1.512000000000000011e-01	3.653112355999999308e-05
1.514999999999999958e-01	3.629168439000000305e-05
1.522000000000000020e-01	3.606452185999999590e-05
1.532000000000000028e-01	3.587823024999999921e-05
1.537999999999999923e-01	3.572712879000000522e-05
1.544999999999999984e-01	3.559797463000000171e-05
1.552000000000000046e-01	3.548191358000000214e-05
1.559000000000000108e-01	3.536686153999999912e-05
1.569000000000000117e-01	3.522928774999999979e-05
1.575999999999999901e-01	3.505852290999999761e-05
1.582999999999999963e-01	3.485369418999999832e-05
1.590999999999999914e-01	3.462143145000000062e-05
1.597000000000000086e-01	3.437137878000000063e-05
1.603999999999999870e-01	3.409814487000000004e-05
1.613999999999999879e-01	3.380221660999999621e-05
1.620999999999999941e-01	3.349212252000000197e-05
1.628000000000000003e-01	3.315187149000000581e-05
1.635000000000000064e-01	3.276756883999999909e-05
1.642000000000000126e-01	3.237386824999999660e-05
1.648999999999999910e-01	3.198112272000000565e-05
1.655999999999999972e-01	3.156753765999999531e-05
1.665999999999999981e-01	3.113769636000000124e-05
1.673000000000000043e-01	3.069865364999999481e-05
1.680000000000000104e-01	3.025637421000000249e-05
1.686999999999999889e-01	2.981706056000000044e-05
1.693000000000000060e-01	2.939034626000000015e-05
1.701000000000000012e-01	2.898999760999999985e-05
1.711000000000000021e-01	2.864015619999999679e-05
1.718000000000000083e-01	2.832346308999999799e-05
1.723999999999999977e-01	2.801509067999999973e-05
1.731999999999999929e-01	2.769583701999999751e-05
1.738999999999999990e-01	2.739109954000000066e-05
1.746000000000000052e-01	2.707891574000000082e-05
1.754999999999999893e-01	2.678306362000000256e-05
1.763000000000000123e-01	2.649523213000000202e-05
1.769000000000000017e-01	2.623129181000000216e-05
1.776999999999999968e-01	2.599209612000000173e-05
1.782999999999999863e-01	2.578914180000000184e-05
1.791000000000000092e-01	2.559620751000000102e-05
1.799999999999999933e-01	2.540550860000000081e-05
1.807999999999999885e-01	2.523524282000000267e-05
1.814000000000000057e-01	2.507983831999999839e-05
1.821000000000000119e-01	2.492460826000000263e-05
1.827999999999999903e-01	2.478674727000000164e-05
1.836000000000000132e-01	2.465092845000000025e-05
1.844999999999999973e-01	2.451334740999999600e-05
1.852000000000000035e-01	2.435538942999999638e-05
1.859000000000000097e-01	2.417559223999999666e-05
1.865999999999999881e-01	2.397568849000000023e-05
1.872999999999999943e-01	2.376335862999999772e-05
1.880999999999999894e-01	2.354491333999999850e-05
1.890000000000000013e-01	2.333266116999999808e-05
1.897000000000000075e-01	2.313901329000000044e-05
1.904000000000000137e-01	2.295820020999999616e-05
1.910000000000000031e-01	2.280517754999999733e-05
1.917999999999999983e-01	2.263841623999999957e-05
1.927999999999999992e-01	2.244587312000000212e-05
1.935000000000000053e-01	2.223369595999999661e-05
1.942000000000000115e-01	2.200705464999999766e-05
1.948999999999999899e-01	2.176860143999999870e-05
1.955000000000000071e-01	2.150866446999999965e-05
1.962000000000000133e-01	2.121681454000000222e-05
1.971999999999999864e-01	2.091055957999999712e-05
1.978999999999999926e-01	2.059211808999999654e-05
1.985999999999999988e-01	2.025850517000000000e-05
1.991999999999999882e-01	1.993379887999999811e-05
1.998999999999999944e-01	1.961601530000000245e-05
