500,00000000E-3	-214,95763054E-6	
500,00000000E-3	-214,84820070E-6	
500,00000000E-3	-214,70649408E-6	
500,50000000E-3	-214,67606695E-6	
501,70000000E-3	-220,94175501E-6	
502,30000000E-3	-232,83399800E-6	
504,20000000E-3	-235,61704151E-6	
505,20000000E-3	-233,43574055E-6	
507,20000000E-3	-231,99587032E-6	
508,40000000E-3	-231,38058384E-6	
510,80000000E-3	-231,49228074E-6	
512,20000000E-3	-232,42888346E-6	
513,40000000E-3	-233,61615972E-6	
517,40000000E-3	-234,36175729E-6	
518,80000000E-3	-234,48983963E-6	
520,90000000E-3	-233,98079024E-6	
523,30000000E-3	-232,95593942E-6	
524,50000000E-3	-231,81630057E-6	
527,70000000E-3	-231,34217599E-6	
529,10000000E-3	-232,26563357E-6	
532,10000000E-3	-234,42278497E-6	
533,80000000E-3	-236,71890179E-6	
537,20000000E-3	-238,18544175E-6	
540,30000000E-3	-238,27587391E-6	
541,80000000E-3	-237,51925198E-6	
545,20000000E-3	-236,77220134E-6	
546,50000000E-3	-236,42814683E-6	
549,90000000E-3	-237,25392301E-6	
551,60000000E-3	-239,39697086E-6	
555,00000000E-3	-242,02442811E-6	
558,30000000E-3	-244,12420750E-6	
560,00000000E-3	-245,17578645E-6	
563,50000000E-3	-245,28662834E-6	
564,80000000E-3	-244,66455981E-6	
568,30000000E-3	-244,02422701E-6	
570,20000000E-3	-245,92462775E-6	
571,70000000E-3	-250,35888733E-6	
575,00000000E-3	-253,84964227E-6	
576,80000000E-3	-256,22750916E-6	
581,10000000E-3	-257,80099472E-6	
583,40000000E-3	-258,28957585E-6	
585,10000000E-3	-257,76731959E-6	
588,60000000E-3	-256,82922336E-6	
590,40000000E-3	-255,78381650E-6	
593,50000000E-3	-256,13927775E-6	
595,30000000E-3	-264,03156526E-6	
598,80000000E-3	-281,44791405E-6	
600,40000000E-3	-288,16981094E-6	
603,90000000E-3	-287,35409288E-6	
607,00000000E-3	-285,61522522E-6	
608,70000000E-3	-283,94611883E-6	
612,30000000E-3	-282,10489286E-6	
614,00000000E-3	-280,06087249E-6	
617,60000000E-3	-278,55551128E-6	
618,90000000E-3	-278,87339297E-6	
622,40000000E-3	-282,81019191E-6	
625,80000000E-3	-292,16604136E-6	
627,50000000E-3	-298,17080772E-6	
630,80000000E-3	-298,59243633E-6	
632,60000000E-3	-297,91810073E-6	
635,90000000E-3	-296,87937939E-6	
637,90000000E-3	-295,43959053E-6	
641,20000000E-3	-293,77514790E-6	
644,60000000E-3	-292,26362740E-6	
646,10000000E-3	-291,93807943E-6	
648,70000000E-3	-293,57567468E-6	
651,40000000E-3	-296,44541292E-6	
653,20000000E-3	-299,88311642E-6	
656,70000000E-3	-303,25371625E-6	
659,60000000E-3	-305,49127480E-6	
662,40000000E-3	-306,58489484E-6	
665,00000000E-3	-306,68354225E-6	
666,70000000E-3	-306,22102265E-6	
670,00000000E-3	-305,39690420E-6	
671,60000000E-3	-304,35416286E-6	
675,10000000E-3	-303,93132493E-6	
678,50000000E-3	-305,45811932E-6	
680,20000000E-3	-308,80927561E-6	
683,80000000E-3	-313,28332856E-6	
685,30000000E-3	-317,40635148E-6	
688,90000000E-3	-320,41088409E-6	
690,60000000E-3	-322,59194196E-6	
694,00000000E-3	-323,99778385E-6	
695,50000000E-3	-324,57076429E-6	
698,90000000E-3	-324,63401841E-6	
700,60000000E-3	-324,18596239E-6	
704,20000000E-3	-323,25748254E-6	
707,70000000E-3	-322,40369433E-6	
709,50000000E-3	-322,54375755E-6	
712,40000000E-3	-324,66965878E-6	
714,40000000E-3	-328,34024350E-6	
716,20000000E-3	-332,97131678E-6	
719,50000000E-3	-337,65038741E-6	
721,30000000E-3	-341,07938232E-6	
724,80000000E-3	-343,67671222E-6	
728,30000000E-3	-345,87026832E-6	
729,90000000E-3	-347,06940122E-6	
733,00000000E-3	-347,41521738E-6	
734,80000000E-3	-346,95988417E-6	
738,40000000E-3	-346,17445310E-6	
739,90000000E-3	-345,38685663E-6	
743,70000000E-3	-344,46001477E-6	
746,90000000E-3	-344,26833225E-6	
748,40000000E-3	-346,08064471E-6	
752,00000000E-3	-349,59671016E-6	
753,70000000E-3	-354,26018445E-6	
757,30000000E-3	-361,71192279E-6	
758,90000000E-3	-380,26051547E-6	
762,20000000E-3	-391,37216609E-6	
764,20000000E-3	-391,78566455E-6	
766,50000000E-3	-389,66814960E-6	
770,90000000E-3	-388,29888197E-6	
772,60000000E-3	-387,43989937E-6	
776,00000000E-3	-386,48449532E-6	
777,90000000E-3	-385,45240790E-6	
779,70000000E-3	-383,70271729E-6	
782,90000000E-3	-383,15158580E-6	
784,60000000E-3	-396,24571264E-6	
788,20000000E-3	-406,07659280E-6	
791,50000000E-3	-405,20818798E-6	
793,10000000E-3	-404,92009070E-6	
796,60000000E-3	-406,86715353E-6	
798,40000000E-3	-409,52891868E-6	
801,50000000E-3	-412,19088288E-6	
803,10000000E-3	-414,01309290E-6	
807,00000000E-3	-415,25398780E-6	
808,40000000E-3	-416,30065709E-6	
812,00000000E-3	-423,56119112E-6	
815,30000000E-3	-432,36109434E-6	
817,30000000E-3	-431,51154581E-6	
820,60000000E-3	-426,59007295E-6	
822,40000000E-3	-422,54882571E-6	
824,90000000E-3	-419,56554973E-6	
827,30000000E-3	-416,88762241E-6	
829,00000000E-3	-414,96450509E-6	
834,10000000E-3	-414,32952800E-6	
834,10000000E-3	-415,40018477E-6	
839,30000000E-3	-418,58513945E-6	
841,20000000E-3	-422,57189750E-6	
842,80000000E-3	-427,49423817E-6	
846,10000000E-3	-432,73059965E-6	
847,90000000E-3	-436,53021137E-6	
851,10000000E-3	-439,01507718E-6	
853,00000000E-3	-440,81228012E-6	
856,30000000E-3	-442,15915093E-6	
859,90000000E-3	-442,95224150E-6	
861,70000000E-3	-443,27005913E-6	
864,80000000E-3	-443,33652908E-6	
866,40000000E-3	-442,89371650E-6	
869,90000000E-3	-441,97829306E-6	
871,70000000E-3	-440,42237539E-6	
875,00000000E-3	-438,56369716E-6	
876,60000000E-3	-436,71068451E-6	
880,10000000E-3	-434,73297643E-6	
881,90000000E-3	-433,57590188E-6	
885,20000000E-3	-433,66101305E-6	
887,00000000E-3	-435,16587433E-6	
890,30000000E-3	-438,88754629E-6	
892,90000000E-3	-444,07061088E-6	
895,60000000E-3	-449,27669126E-6	
897,40000000E-3	-454,84454337E-6	
900,70000000E-3	-459,49245374E-6	
902,10000000E-3	-462,89000121E-6	
907,40000000E-3	-465,72380442E-6	
909,20000000E-3	-467,96912962E-6	
910,90000000E-3	-469,91557699E-6	
914,50000000E-3	-471,37424400E-6	
916,20000000E-3	-472,17933363E-6	
919,40000000E-3	-471,97207127E-6	
921,40000000E-3	-471,41734970E-6	
924,50000000E-3	-471,64656187E-6	
928,00000000E-3	-471,25229838E-6	
929,80000000E-3	-470,25056744E-6	
933,40000000E-3	-468,95756084E-6	
935,10000000E-3	-467,33876310E-6	
938,10000000E-3	-465,36569265E-6	
939,90000000E-3	-463,72241606E-6	
943,40000000E-3	-463,06198313E-6	
946,90000000E-3	-464,39006319E-6	
948,70000000E-3	-467,75874668E-6	
952,00000000E-3	-472,73643431E-6	
953,60000000E-3	-478,60289664E-6	
956,20000000E-3	-485,04264832E-6	
958,70000000E-3	-490,19831804E-6	
960,50000000E-3	-494,56247656E-6	
965,60000000E-3	-498,17034394E-6	
967,40000000E-3	-501,29233657E-6	
969,80000000E-3	-504,05499411E-6	
972,50000000E-3	-506,64647275E-6	
974,30000000E-3	-508,67231796E-6	
977,40000000E-3	-510,52383112E-6	
979,20000000E-3	-512,25378046E-6	
982,70000000E-3	-513,65346281E-6	
984,30000000E-3	-514,57480589E-6	
988,00000000E-3	-515,07105783E-6	
989,60000000E-3	-514,86364758E-6	
992,80000000E-3	-514,27818400E-6	
996,30000000E-3	-513,54158075E-6	
998,10000000E-3	-512,48235365E-6	
1,00170000E+0	-510,28643855E-6	
1,00310000E+0	-508,27551490E-6	
1,00660000E+0	-507,63390529E-6	
1,00820000E+0	-507,76471602E-6	
1,01150000E+0	-508,84482830E-6	
1,01510000E+0	-511,50483276E-6	
1,01680000E+0	-516,27000866E-6	
1,02030000E+0	-522,05282747E-6	
1,02190000E+0	-528,62614130E-6	
1,02500000E+0	-535,72771386E-6	
1,02700000E+0	-541,86950658E-6	
1,03030000E+0	-547,42347645E-6	
1,03380000E+0	-551,97195526E-6	
1,03550000E+0	-556,31401015E-6	
1,03790000E+0	-560,24687241E-6	
1,04060000E+0	-563,43355613E-6	
1,04220000E+0	-566,57901736E-6	
1,04570000E+0	-569,56887918E-6	
1,04720000E+0	-572,17881629E-6	
1,05230000E+0	-574,29587506E-6	
1,05230000E+0	-576,23811358E-6	
1,05600000E+0	-577,90168226E-6	
1,05920000E+0	-579,04162450E-6	
1,06090000E+0	-579,93470704E-6	
1,06450000E+0	-580,47627410E-6	
1,06580000E+0	-580,77692075E-6	
1,06940000E+0	-580,72558145E-6	
1,07110000E+0	-580,37551128E-6	
1,07450000E+0	-579,70925744E-6	
1,07780000E+0	-578,74024630E-6	
1,07980000E+0	-577,87738883E-6	
1,08290000E+0	-577,13322381E-6	
1,08470000E+0	-577,01430126E-6	
1,08830000E+0	-577,69550338E-6	
1,08960000E+0	-579,89754765E-6	
1,09320000E+0	-584,21068369E-6	
1,09520000E+0	-590,09119009E-6	
1,09850000E+0	-597,60111916E-6	
1,10190000E+0	-605,35185752E-6	
1,10360000E+0	-612,92455754E-6	
1,10680000E+0	-620,59192584E-6	
1,10860000E+0	-639,30173834E-6	
1,11040000E+0	-661,12472583E-6	
1,11390000E+0	-667,45873077E-6	
1,11730000E+0	-667,77540539E-6	
1,12060000E+0	-667,93366002E-6	
1,12240000E+0	-669,01884836E-6	
1,12400000E+0	-670,66690863E-6	
1,12750000E+0	-672,76921654E-6	
1,12910000E+0	-675,28537135E-6	
1,13260000E+0	-677,74565334E-6	
1,13440000E+0	-686,73569699E-6	
1,13770000E+0	-703,78930835E-6	
1,13930000E+0	-707,88747066E-6	
1,14290000E+0	-704,84069747E-6	
1,14620000E+0	-702,20415538E-6	
1,14800000E+0	-700,79857905E-6	
1,15160000E+0	-699,58314167E-6	
1,15330000E+0	-697,52054131E-6	
1,15630000E+0	-695,13996696E-6	
1,15810000E+0	-693,00366938E-6	
1,16160000E+0	-694,35832883E-6	
1,16520000E+0	-706,19939342E-6	
1,16690000E+0	-706,88342917E-6	
1,17050000E+0	-701,06689960E-6	
1,17230000E+0	-696,29189222E-6	
1,17500000E+0	-693,98103202E-6	
1,17720000E+0	-693,30939839E-6	
1,18060000E+0	-694,61074152E-6	
1,18410000E+0	-698,21368999E-6	
1,18590000E+0	-702,89625496E-6	
1,18840000E+0	-709,50676036E-6	
1,19080000E+0	-723,17507098E-6	
1,19260000E+0	-736,27212369E-6	
1,19590000E+0	-741,89641831E-6	
1,19770000E+0	-744,87956231E-6	
1,20120000E+0	-747,10548294E-6	
1,20300000E+0	-749,88068920E-6	
1,20640000E+0	-753,42501903E-6	
1,20970000E+0	-757,19312949E-6	
1,21130000E+0	-760,59674978E-6	
1,21490000E+0	-764,00044795E-6	
1,21660000E+0	-767,71094902E-6	
1,22000000E+0	-770,78028903E-6	
1,22360000E+0	-773,21262897E-6	
1,22530000E+0	-775,77455961E-6	
1,22870000E+0	-778,12925538E-6	
1,23010000E+0	-780,35961261E-6	
1,23360000E+0	-782,45999039E-6	
1,23540000E+0	-784,30029912E-6	
1,23870000E+0	-785,92977038E-6	
1,24250000E+0	-787,22921747E-6	
1,24250000E+0	-788,21584484E-6	
1,24560000E+0	-788,97453688E-6	
1,24900000E+0	-789,43162069E-6	
1,25260000E+0	-789,61417542E-6	
1,25440000E+0	-789,24227151E-6	
1,25700000E+0	-788,64544846E-6	
1,25950000E+0	-787,93402350E-6	
1,26110000E+0	-786,99165626E-6	
1,26470000E+0	-785,93991733E-6	
1,26600000E+0	-784,70813417E-6	
1,27060000E+0	-782,68591611E-6	
1,27320000E+0	-780,73613974E-6	
1,27490000E+0	-779,48898158E-6	
1,27810000E+0	-778,76931210E-6	
1,27990000E+0	-778,37917873E-6	
1,28360000E+0	-778,28765407E-6	
1,28500000E+0	-779,39962346E-6	
1,28860000E+0	-781,88553058E-6	
1,29210000E+0	-786,30748222E-6	
1,29350000E+0	-791,28480946E-6	
1,29710000E+0	-797,11065196E-6	
1,29880000E+0	-802,85045930E-6	
1,30220000E+0	-809,64858055E-6	
1,30410000E+0	-816,24724000E-6	
1,30730000E+0	-822,18302921E-6	
1,31110000E+0	-827,69857602E-6	
1,31240000E+0	-832,17625135E-6	
1,31600000E+0	-836,47542671E-6	
1,31780000E+0	-841,05185453E-6	
1,32090000E+0	-845,35468189E-6	
1,32310000E+0	-848,94922258E-6	
1,32540000E+0	-851,16095265E-6	
1,32780000E+0	-854,21011732E-6	
1,32980000E+0	-857,90691070E-6	
1,33300000E+0	-861,38365410E-6	
1,33650000E+0	-865,27516779E-6	
1,33890000E+0	-868,61385527E-6	
1,34160000E+0	-871,69759452E-6	
1,34340000E+0	-874,13941417E-6	
1,34660000E+0	-876,36947733E-6	
1,34830000E+0	-878,93054077E-6	
1,35190000E+0	-885,10358877E-6	
1,35540000E+0	-897,58338631E-6	
1,35720000E+0	-901,75776767E-6	
1,36020000E+0	-900,84304047E-6	
1,36210000E+0	-899,79178490E-6	
1,36550000E+0	-899,26580870E-6	
1,36730000E+0	-899,15035890E-6	
1,37080000E+0	-899,20127011E-6	
1,37400000E+0	-899,62563496E-6	
1,37590000E+0	-899,78212564E-6	
1,37910000E+0	-898,42737357E-6	
1,38090000E+0	-896,22308613E-6	
1,38420000E+0	-896,27487933E-6	
1,38600000E+0	-896,34013068E-6	
1,38950000E+0	-895,37679642E-6	
1,39130000E+0	-894,22596801E-6	
1,39310000E+0	-893,46719718E-6	
1,39650000E+0	-893,05489055E-6	
1,39800000E+0	-892,36013952E-6	
1,40310000E+0	-891,73657141E-6	
1,40490000E+0	-891,08701122E-6	
1,40770000E+0	-888,84620368E-6	
1,41030000E+0	-888,98023962E-6	
1,41160000E+0	-891,16859615E-6	
1,41500000E+0	-894,09574276E-6	
1,41680000E+0	-897,69661669E-6	
1,42030000E+0	-902,21931239E-6	
1,42210000E+0	-907,95704754E-6	
1,42560000E+0	-915,06366800E-6	
1,42920000E+0	-922,36030572E-6	
1,43100000E+0	-930,17956903E-6	
1,43390000E+0	-938,32747901E-6	
1,43570000E+0	-945,45284032E-6	
1,43930000E+0	-951,38849724E-6	
1,44100000E+0	-956,76270819E-6	
1,44360000E+0	-962,60621829E-6	
1,44620000E+0	-967,64696244E-6	
1,44790000E+0	-972,70514787E-6	
1,45290000E+0	-978,52313898E-6	
1,45460000E+0	-983,74080621E-6	
1,45640000E+0	-989,10610159E-6	
1,46000000E+0	-992,78550196E-6	
1,46150000E+0	-995,83088797E-6	
1,46490000E+0	-999,48208620E-6	
1,46690000E+0	-1,00351060E-3	
1,47000000E+0	-1,00804336E-3	
1,47340000E+0	-1,01174129E-3	
1,47520000E+0	-1,01529154E-3	
1,47870000E+0	-1,01839953E-3	
1,48050000E+0	-1,02162200E-3	
1,48380000E+0	-1,02507816E-3	
1,48540000E+0	-1,03025321E-3	
1,48880000E+0	-1,04371433E-3	
1,49230000E+0	-1,05152340E-3	
1,49390000E+0	-1,05092563E-3	
1,49770000E+0	-1,04902305E-3	
1,49940000E+0	-1,04823237E-3	
1,50260000E+0	-1,04851094E-3	
1,50440000E+0	-1,04968202E-3	
1,50780000E+0	-1,05081275E-3	
1,50950000E+0	-1,05209610E-3	
1,51210000E+0	-1,05386341E-3	
1,51630000E+0	-1,06509441E-3	
1,51800000E+0	-1,07488724E-3	
1,52140000E+0	-1,07483003E-3	
1,52340000E+0	-1,07170268E-3	
1,52580000E+0	-1,06979922E-3	
-Inf	-1,06989074E-3	
-Inf	-1,07659674E-3	
-Inf	-1,08419828E-3	
-Inf	-1,09265615E-3	
-Inf	-1,10140545E-3	
-Inf	-1,10965774E-3	
-Inf	-1,11652054E-3	
-Inf	-1,12322347E-3	
-Inf	-1,12970851E-3	
-Inf	-1,13543185E-3	
-Inf	-1,14086577E-3	
-Inf	-1,14541924E-3	
-Inf	-1,15003525E-3	
-Inf	-1,15425268E-3	
-Inf	-1,15943985E-3	
-Inf	-1,16471633E-3	
-Inf	-1,16935101E-3	
-Inf	-1,17105861E-3	
-Inf	-1,17245171E-3	
-Inf	-1,17634353E-3	
-Inf	-1,18116031E-3	
-Inf	-1,18597543E-3	
-Inf	-1,19012638E-3	
-Inf	-1,19349439E-3	
-Inf	-1,19706613E-3	
-Inf	-1,19993873E-3	
-Inf	-1,20248312E-3	
-Inf	-1,20631195E-3	
-Inf	-1,21270726E-3	
-Inf	-1,21732639E-3	
-Inf	-1,22090368E-3	
-Inf	-1,22328280E-3	
-Inf	-1,22516266E-3	
-Inf	-1,22678663E-3	
-Inf	-1,22851092E-3	
-Inf	-1,23028657E-3	
-Inf	-1,23256516E-3	
-Inf	-1,23435432E-3	
-Inf	-1,23558833E-3	
-Inf	-1,23764994E-3	
-Inf	-1,24034296E-3	
-Inf	-1,24213623E-3	
-Inf	-1,24313797E-3	
-Inf	-1,24458101E-3	
-Inf	-1,24649552E-3	
-Inf	-1,24794769E-3	
-Inf	-1,24863177E-3	
-Inf	-1,24811434E-3	
-Inf	-1,24626857E-3	
-Inf	-1,24690858E-3	
-Inf	-1,24818708E-3	
-Inf	-1,24899364E-3	
-Inf	-1,24850962E-3	
-Inf	-1,24798843E-3	
-Inf	-1,24780805E-3	
-Inf	-1,24717523E-3	
-Inf	-1,24645759E-3	
-Inf	-1,24585348E-3	
-Inf	-1,24576790E-3	
-Inf	-1,24536959E-3	
-Inf	-1,24466595E-3	
-Inf	-1,24426775E-3	
-Inf	-1,24351351E-3	
-Inf	-1,24236596E-3	
-Inf	-1,24109980E-3	
-Inf	-1,24039112E-3	
-Inf	-1,24118933E-3	
-Inf	-1,24224625E-3	
-Inf	-1,24353163E-3	
-Inf	-1,24508613E-3	
-Inf	-1,24776619E-3	
-Inf	-1,25139355E-3	
-Inf	-1,25553976E-3	
-Inf	-1,26111650E-3	
-Inf	-1,26771942E-3	
-Inf	-1,27422867E-3	
-Inf	-1,28150101E-3	
-Inf	-1,28859477E-3	
-Inf	-1,29430330E-3	
-Inf	-1,29933545E-3	
-Inf	-1,30899195E-3	
-Inf	-1,31883512E-3	
-Inf	-1,32766937E-3	
-Inf	-1,33505582E-3	
-Inf	-1,34125072E-3	
-Inf	-1,34732431E-3	
-Inf	-1,35413294E-3	
-Inf	-1,36054365E-3	
-Inf	-1,36612840E-3	
-Inf	-1,37115210E-3	
-Inf	-1,37746196E-3	
-Inf	-1,38364255E-3	
-Inf	-1,38913681E-3	
-Inf	-1,39532608E-3	
-Inf	-1,40138217E-3	
-Inf	-1,40684764E-3	
-Inf	-1,41186807E-3	
-Inf	-1,41664897E-3	
-Inf	-1,42142182E-3	
-Inf	-1,42516128E-3	
-Inf	-1,42871297E-3	
-Inf	-1,43279891E-3	
-Inf	-1,43693616E-3	
-Inf	-1,44037489E-3	
-Inf	-1,44401554E-3	
-Inf	-1,44751765E-3	
-Inf	-1,45135534E-3	
-Inf	-1,45485359E-3	
-Inf	-1,45769086E-3	
-Inf	-1,46014400E-3	
-Inf	-1,46268638E-3	
-Inf	-1,46621372E-3	
-Inf	-1,46930707E-3	
-Inf	-1,47176227E-3	
-Inf	-1,47421323E-3	
-Inf	-1,47702758E-3	
-Inf	-1,47921869E-3	
-Inf	-1,48140039E-3	
-Inf	-1,48405100E-3	
-Inf	-1,48613385E-3	
-Inf	-1,48772067E-3	
-Inf	-1,48907315E-3	
-Inf	-1,49011737E-3	
-Inf	-1,49116396E-3	
-Inf	-1,49224251E-3	
-Inf	-1,49314198E-3	
-Inf	-1,49454311E-3	
-Inf	-1,49625085E-3	
-Inf	-1,49758329E-3	
-Inf	-1,49839561E-3	
-Inf	-1,49918592E-3	
-Inf	-1,49980671E-3	
-Inf	-1,49980186E-3	
-Inf	-1,49958939E-3	
-Inf	-1,49951952E-3	
-Inf	-1,49983317E-3	
-Inf	-1,50015783E-3	
-Inf	-1,50033146E-3	
-Inf	-1,50074561E-3	
-Inf	-1,49969099E-3	
-Inf	-1,49727745E-3	
-Inf	-1,49697731E-3	
