-0,00000000E+0	1,83763503E-3	
-0,00000000E+0	1,72423418E-3	
100,00000000E-6	1,71106298E-3	
400,00000000E-6	1,70338285E-3	
1,20000000E-3	1,70180594E-3	
2,00000000E-3	1,69386804E-3	
3,70000000E-3	1,69085662E-3	
4,90000000E-3	1,69420561E-3	
5,90000000E-3	1,69555468E-3	
8,10000000E-3	1,68745634E-3	
10,60000000E-3	1,67464791E-3	
11,80000000E-3	1,65965573E-3	
13,90000000E-3	1,64882234E-3	
16,00000000E-3	1,64550205E-3	
17,40000000E-3	1,64594061E-3	
20,50000000E-3	1,64006378E-3	
21,90000000E-3	1,63204403E-3	
23,60000000E-3	1,62877481E-3	
26,70000000E-3	1,62743649E-3	
29,60000000E-3	1,62507733E-3	
31,40000000E-3	1,62039311E-3	
34,60000000E-3	1,61376246E-3	
36,40000000E-3	1,61204565E-3	
38,10000000E-3	1,60940920E-3	
41,50000000E-3	1,60476919E-3	
43,20000000E-3	1,59886591E-3	
46,60000000E-3	1,59071322E-3	
49,00000000E-3	1,63555414E-3	
51,70000000E-3	1,86074601E-3	
53,40000000E-3	1,95361120E-3	
57,00000000E-3	1,91311149E-3	
58,70000000E-3	1,85930720E-3	
62,50000000E-3	1,82233109E-3	
64,00000000E-3	1,79078536E-3	
67,90000000E-3	1,76748938E-3	
69,80000000E-3	1,75370389E-3	
71,20000000E-3	1,74213152E-3	
74,80000000E-3	1,72701497E-3	
76,60000000E-3	1,70872828E-3	
79,30000000E-3	1,69620555E-3	
82,00000000E-3	1,68586806E-3	
83,80000000E-3	1,67393515E-3	
87,50000000E-3	1,66182064E-3	
90,80000000E-3	1,65486356E-3	
92,70000000E-3	1,65046581E-3	
94,70000000E-3	1,64159596E-3	
98,20000000E-3	1,62949259E-3	
99,80000000E-3	1,62089684E-3	
103,30000000E-3	1,63969542E-3	
105,00000000E-3	1,67476818E-3	
108,60000000E-3	1,67833193E-3	
110,50000000E-3	1,66201109E-3	
114,00000000E-3	1,64333908E-3	
116,00000000E-3	1,62743544E-3	
119,50000000E-3	1,61692393E-3	
121,50000000E-3	1,60817277E-3	
123,10000000E-3	1,60003921E-3	
127,00000000E-3	1,59179819E-3	
130,30000000E-3	1,58442336E-3	
132,50000000E-3	1,58311253E-3	
134,40000000E-3	1,58385844E-3	
137,80000000E-3	1,57854438E-3	
139,70000000E-3	1,57259325E-3	
141,90000000E-3	1,56696512E-3	
145,20000000E-3	1,56172812E-3	
147,20000000E-3	1,55950060E-3	
151,30000000E-3	1,55965396E-3	
152,70000000E-3	1,55492380E-3	
156,60000000E-3	1,58227601E-3	
158,40000000E-3	1,71881864E-3	
160,10000000E-3	1,80281906E-3	
163,50000000E-3	1,79492277E-3	
165,40000000E-3	1,76654696E-3	
169,00000000E-3	1,74622087E-3	
172,50000000E-3	1,73080882E-3	
174,50000000E-3	1,71914121E-3	
176,40000000E-3	1,71015446E-3	
180,00000000E-3	1,69411137E-3	
182,00000000E-3	1,74749805E-3	
183,90000000E-3	2,05854572E-3	
187,50000000E-3	2,23747576E-3	
189,40000000E-3	2,19977216E-3	
191,40000000E-3	2,10964218E-3	
194,90000000E-3	2,02824677E-3	
198,90000000E-3	1,96286981E-3	
200,80000000E-3	1,92789230E-3	
202,40000000E-3	1,90099613E-3	
206,20000000E-3	1,88090669E-3	
207,90000000E-3	1,86832783E-3	
209,90000000E-3	1,85457027E-3	
214,00000000E-3	1,83745729E-3	
216,60000000E-3	1,82769989E-3	
218,50000000E-3	1,81929664E-3	
222,10000000E-3	1,81397573E-3	
224,00000000E-3	1,79984794E-3	
226,00000000E-3	1,77850899E-3	
229,50000000E-3	1,76466739E-3	
231,50000000E-3	1,75973258E-3	
235,30000000E-3	1,75817788E-3	
237,00000000E-3	1,78508509E-3	
241,00000000E-3	1,83802578E-3	
242,80000000E-3	1,84615525E-3	
244,50000000E-3	1,82887985E-3	
248,50000000E-3	1,81192733E-3	
250,20000000E-3	1,79792151E-3	
254,00000000E-3	1,78746636E-3	
256,00000000E-3	1,77731171E-3	
259,50000000E-3	1,76955892E-3	
261,50000000E-3	1,76451461E-3	
263,30000000E-3	1,76076951E-3	
267,00000000E-3	1,75277887E-3	
268,80000000E-3	1,74579692E-3	
272,50000000E-3	1,74043971E-3	
274,90000000E-3	1,73915953E-3	
277,60000000E-3	1,74246061E-3	
279,40000000E-3	1,74292786E-3	
283,10000000E-3	1,73386908E-3	
285,10000000E-3	1,73098930E-3	
286,90000000E-3	1,72848026E-3	
290,60000000E-3	1,72266097E-3	
294,20000000E-3	1,72502402E-3	
296,30000000E-3	1,72433465E-3	
298,10000000E-3	1,72114651E-3	
301,60000000E-3	1,71756132E-3	
303,60000000E-3	1,71482347E-3	
305,60000000E-3	1,71358972E-3	
309,10000000E-3	1,71282506E-3	
313,10000000E-3	1,70616478E-3	
314,60000000E-3	1,69441874E-3	
316,60000000E-3	1,69818030E-3	
320,30000000E-3	1,79644781E-3	
322,10000000E-3	1,85937034E-3	
324,10000000E-3	1,84890111E-3	
327,80000000E-3	1,82662495E-3	
331,50000000E-3	1,81398840E-3	
331,50000000E-3	1,80504500E-3	
335,30000000E-3	1,79858502E-3	
339,00000000E-3	1,79441150E-3	
341,00000000E-3	1,78624049E-3	
342,80000000E-3	1,77554829E-3	
346,50000000E-3	1,76543920E-3	
350,00000000E-3	1,75720993E-3	
352,00000000E-3	1,75569851E-3	
354,00000000E-3	1,75644850E-3	
357,50000000E-3	1,75411195E-3	
359,30000000E-3	1,75186019E-3	
361,40000000E-3	1,74973851E-3	
364,80000000E-3	1,74738707E-3	
366,70000000E-3	1,74431404E-3	
368,70000000E-3	1,74260522E-3	
372,30000000E-3	1,74514818E-3	
376,20000000E-3	1,74897886E-3	
378,20000000E-3	1,74872390E-3	
379,70000000E-3	1,75177134E-3	
383,70000000E-3	1,75523489E-3	
385,60000000E-3	1,75513251E-3	
387,20000000E-3	1,75515547E-3	
391,10000000E-3	1,75195897E-3	
394,70000000E-3	1,74796720E-3	
396,70000000E-3	1,74562080E-3	
399,20000000E-3	1,74417820E-3	
402,00000000E-3	1,74375587E-3	
403,50000000E-3	1,74425811E-3	
407,10000000E-3	1,74365921E-3	
411,00000000E-3	1,74438546E-3	
413,00000000E-3	1,74793534E-3	
414,60000000E-3	1,75288128E-3	
418,50000000E-3	1,75404968E-3	
420,50000000E-3	1,75503078E-3	
421,80000000E-3	1,75581285E-3	
426,00000000E-3	1,78616058E-3	
427,90000000E-3	2,02660452E-3	
429,30000000E-3	2,18799928E-3	
433,30000000E-3	2,18677692E-3	
436,80000000E-3	2,14314402E-3	
438,80000000E-3	2,11574249E-3	
440,70000000E-3	2,10039276E-3	
444,30000000E-3	2,08932126E-3	
446,20000000E-3	2,07408444E-3	
448,20000000E-3	2,06030486E-3	
451,70000000E-3	2,04633475E-3	
453,70000000E-3	2,03514146E-3	
455,70000000E-3	2,02731951E-3	
459,20000000E-3	2,01690950E-3	
463,20000000E-3	2,00290542E-3	
464,90000000E-3	1,99427051E-3	
466,70000000E-3	1,98489558E-3	
470,60000000E-3	1,97323884E-3	
472,40000000E-3	1,96064046E-3	
474,20000000E-3	1,94834661E-3	
478,10000000E-3	1,94745420E-3	
479,90000000E-3	1,95449906E-3	
481,70000000E-3	1,95699889E-3	
485,60000000E-3	1,95716953E-3	
487,40000000E-3	1,95639068E-3	
491,20000000E-3	1,95795423E-3	
493,10000000E-3	1,96187603E-3	
496,70000000E-3	1,96531823E-3	
498,70000000E-3	1,96689551E-3	
500,60000000E-3	1,96823875E-3	
504,20000000E-3	1,96972217E-3	
506,20000000E-3	1,96983231E-3	
509,70000000E-3	1,96737644E-3	
511,70000000E-3	1,96511397E-3	
515,20000000E-3	1,96079166E-3	
517,20000000E-3	1,95737863E-3	
519,00000000E-3	1,95778968E-3	
522,70000000E-3	1,95985256E-3	
524,70000000E-3	1,96467142E-3	
528,40000000E-3	1,97469692E-3	
530,20000000E-3	1,98036391E-3	
534,00000000E-3	1,98545678E-3	
535,90000000E-3	2,03586376E-3	
537,70000000E-3	2,07169326E-3	
541,20000000E-3	2,06986385E-3	
543,40000000E-3	2,05729789E-3	
545,20000000E-3	2,05037027E-3	
548,70000000E-3	2,05286361E-3	
550,90000000E-3	2,05601086E-3	
554,60000000E-3	2,05463178E-3	
556,20000000E-3	2,05479417E-3	
560,20000000E-3	2,05084674E-3	
561,70000000E-3	2,04859528E-3	
563,70000000E-3	2,05203322E-3	
567,40000000E-3	2,05349018E-3	
571,20000000E-3	2,05468635E-3	
573,10000000E-3	2,05593776E-3	
574,90000000E-3	2,05780919E-3	
578,70000000E-3	2,05937252E-3	
580,60000000E-3	2,06023706E-3	
582,40000000E-3	2,06344440E-3	
586,10000000E-3	2,06791362E-3	
588,10000000E-3	2,13981273E-3	
591,70000000E-3	2,26362338E-3	
593,60000000E-3	2,28159867E-3	
597,40000000E-3	2,25517306E-3	
599,10000000E-3	2,23618613E-3	
601,10000000E-3	2,22511063E-3	
604,70000000E-3	2,21645119E-3	
606,60000000E-3	2,20801403E-3	
610,60000000E-3	2,20363995E-3	
612,20000000E-3	2,20312752E-3	
615,90000000E-3	2,20749162E-3	
618,00000000E-3	2,21656693E-3	
619,40000000E-3	2,21883271E-3	
623,40000000E-3	2,21808882E-3	
625,30000000E-3	2,21727663E-3	
626,90000000E-3	2,21958238E-3	
630,80000000E-3	2,22370216E-3	
634,40000000E-3	2,22777382E-3	
636,30000000E-3	2,22579921E-3	
638,30000000E-3	2,22510099E-3	
641,90000000E-3	2,24138726E-3	
643,80000000E-3	2,31374624E-3	
645,80000000E-3	2,33641659E-3	
649,30000000E-3	2,31827581E-3	
653,30000000E-3	2,31301562E-3	
655,20000000E-3	2,30917843E-3	
656,80000000E-3	2,29611127E-3	
660,70000000E-3	2,29181488E-3	
662,70000000E-3	2,29409638E-3	
664,30000000E-3	2,29580561E-3	
668,20000000E-3	2,29535710E-3	
671,80000000E-3	2,29498492E-3	
673,80000000E-3	2,29559969E-3	
675,70000000E-3	2,29413116E-3	
679,30000000E-3	2,29301974E-3	
681,20000000E-3	2,29348083E-3	
683,20000000E-3	2,29026017E-3	
686,50000000E-3	2,28856468E-3	
688,70000000E-3	2,29124992E-3	
690,70000000E-3	2,29158224E-3	
694,00000000E-3	2,28988218E-3	
698,20000000E-3	2,29126456E-3	
700,10000000E-3	2,29395019E-3	
701,50000000E-3	2,29054190E-3	
705,40000000E-3	2,28801043E-3	
707,60000000E-3	2,29125118E-3	
708,80000000E-3	2,29657045E-3	
712,90000000E-3	2,29986330E-3	
716,30000000E-3	2,30433068E-3	
718,30000000E-3	2,30829383E-3	
720,20000000E-3	2,30786769E-3	
723,80000000E-3	2,30638671E-3	
725,70000000E-3	2,30719505E-3	
727,70000000E-3	2,30897589E-3	
731,30000000E-3	2,31079847E-3	
735,20000000E-3	2,31382732E-3	
737,00000000E-3	2,32043588E-3	
738,70000000E-3	2,32408403E-3	
742,70000000E-3	2,32830757E-3	
744,50000000E-3	2,33696017E-3	
746,30000000E-3	2,34473457E-3	
750,20000000E-3	2,39358526E-3	
753,80000000E-3	2,53026158E-3	
755,80000000E-3	2,58315044E-3	
757,70000000E-3	2,55677438E-3	
761,30000000E-3	2,52995276E-3	
763,10000000E-3	2,51310758E-3	
764,80000000E-3	2,49938150E-3	
768,40000000E-3	2,48765586E-3	
770,40000000E-3	2,48097252E-3	
773,70000000E-3	2,47364679E-3	
777,50000000E-3	2,48641178E-3	
779,40000000E-3	2,60793215E-3	
781,20000000E-3	2,68129426E-3	
785,00000000E-3	2,66270287E-3	
786,90000000E-3	2,63272195E-3	
788,70000000E-3	2,62157953E-3	
