0,00000000E+0	-7,03774200E-6
0,00000000E+0	-7,03735192E-6
0,00000000E+0	-7,03801695E-6
-300,00000000E-6	-7,04476024E-6
-800,00000000E-6	-7,06503651E-6
-1,80000000E-3	-7,12537829E-6
-2,40000000E-3	-7,28622816E-6
-3,90000000E-3	-7,61339432E-6
-5,40000000E-3	-8,15531411E-6
-7,10000000E-3	-8,92473295E-6
-8,10000000E-3	-9,84978619E-6
-9,80000000E-3	-10,85624833E-6
-10,80000000E-3	-11,91138999E-6
-12,70000000E-3	-12,98220390E-6
-14,80000000E-3	-13,98591008E-6
-16,80000000E-3	-14,82423208E-6
-18,00000000E-3	-15,56234273E-6
-20,30000000E-3	-16,14906460E-6
-22,40000000E-3	-16,72251570E-6
-23,60000000E-3	-17,35783812E-6
-25,60000000E-3	-18,11098933E-6
-28,20000000E-3	-19,02259256E-6
-29,40000000E-3	-20,15744137E-6
-31,60000000E-3	-21,53232493E-6
-32,80000000E-3	-23,01300055E-6
-35,10000000E-3	-24,60967029E-6
-37,30000000E-3	-26,57524700E-6
-39,60000000E-3	-28,65140611E-6
-40,90000000E-3	-31,05709656E-6
-43,20000000E-3	-33,75296117E-6
-45,30000000E-3	-36,45190095E-6
-47,70000000E-3	-39,16808653E-6
-49,00000000E-3	-41,96396058E-6
-51,10000000E-3	-44,77675696E-6
-53,50000000E-3	-47,93613669E-6
-55,80000000E-3	-50,93027822E-6
-57,10000000E-3	-53,88368204E-6
-59,40000000E-3	-56,71958933E-6
-61,80000000E-3	-59,43986111E-6
-64,10000000E-3	-62,05471729E-6
-65,40000000E-3	-64,55152271E-6
-67,60000000E-3	-66,84192215E-6
-70,40000000E-3	-68,77216522E-6
-72,50000000E-3	-70,38430923E-6
-75,30000000E-3	-71,47164978E-6
-76,10000000E-3	-72,39180743E-6
-78,70000000E-3	-73,35813734E-6
-80,30000000E-3	-74,49152328E-6
-82,40000000E-3	-75,80577989E-6
-84,80000000E-3	-77,20356651E-6
-87,10000000E-3	-78,68125382E-6
-89,50000000E-3	-80,02087893E-6
-90,80000000E-3	-81,40877944E-6
-93,40000000E-3	-82,86564700E-6
-95,80000000E-3	-84,43349371E-6
-97,10000000E-3	-86,09560659E-6
-99,40000000E-3	-87,91218431E-6
-102,00000000E-3	-89,53331836E-6
-103,10000000E-3	-91,08890119E-6
-105,70000000E-3	-92,65488425E-6
-107,90000000E-3	-94,36126960E-6
-109,90000000E-3	-95,99022184E-6
-112,20000000E-3	-97,67949823E-6
-114,60000000E-3	-99,27524424E-6
-115,80000000E-3	-100,77997945E-6
-117,90000000E-3	-102,27343143E-6
-120,20000000E-3	-103,75959378E-6
-122,50000000E-3	-105,27866319E-6
-123,70000000E-3	-106,83702756E-6
-127,10000000E-3	-108,30626972E-6
-128,20000000E-3	-109,83460284E-6
-130,40000000E-3	-111,26075492E-6
-132,80000000E-3	-112,70780278E-6
-135,00000000E-3	-114,23312475E-6
-136,10000000E-3	-115,84513692E-6
-139,60000000E-3	-117,43102413E-6
-141,90000000E-3	-119,12846688E-6
-143,00000000E-3	-120,71322787E-6
-145,40000000E-3	-122,28738655E-6
-147,50000000E-3	-123,88840696E-6
-148,70000000E-3	-125,51313453E-6
-151,70000000E-3	-127,06580896E-6
-153,40000000E-3	-128,57738729E-6
-155,60000000E-3	-130,09047509E-6
-157,70000000E-3	-131,71532968E-6
-160,00000000E-3	-133,27202423E-6
-161,20000000E-3	-134,89368586E-6
-163,60000000E-3	-136,53759317E-6
-166,90000000E-3	-138,12733209E-6
-168,20000000E-3	-139,78681780E-6
-170,40000000E-3	-141,31274069E-6
-172,50000000E-3	-142,96194239E-6
-175,00000000E-3	-144,54369886E-6
-176,20000000E-3	-146,17411921E-6
-178,50000000E-3	-147,71258327E-6
-180,60000000E-3	-149,17853860E-6
-183,00000000E-3	-150,65543836E-6
-184,70000000E-3	-152,28297708E-6
-187,40000000E-3	-153,87769700E-6
-188,60000000E-3	-155,53384617E-6
-190,70000000E-3	-157,18330920E-6
-193,20000000E-3	-158,75611068E-6
-195,40000000E-3	-160,26012887E-6
-196,80000000E-3	-161,75663109E-6
-200,00000000E-3	-163,30496955E-6
-201,20000000E-3	-164,92190817E-6
-203,30000000E-3	-166,56304945E-6
-205,60000000E-3	-168,14501853E-6
-208,00000000E-3	-169,79772792E-6
-210,40000000E-3	-171,32386196E-6
-212,00000000E-3	-172,97780610E-6
-214,70000000E-3	-174,56996662E-6
-215,90000000E-3	-176,22622434E-6
-218,30000000E-3	-177,88556306E-6
-220,60000000E-3	-179,47869597E-6
-223,00000000E-3	-181,01475556E-6
-223,80000000E-3	-182,56053502E-6
-227,20000000E-3	-184,11432133E-6
-228,50000000E-3	-185,72157338E-6
-230,80000000E-3	-187,38206836E-6
-233,10000000E-3	-188,97869184E-6
-235,10000000E-3	-190,53513364E-6
-236,40000000E-3	-192,11004830E-6
-239,30000000E-3	-193,75721134E-6
-241,00000000E-3	-195,47393659E-6
-243,20000000E-3	-197,19955884E-6
-245,60000000E-3	-198,84503903E-6
-247,70000000E-3	-200,40562756E-6
-249,20000000E-3	-201,94695929E-6
-251,30000000E-3	-203,48789919E-6
-253,50000000E-3	-205,23480485E-6
-255,90000000E-3	-206,94267996E-6
-257,70000000E-3	-208,59409858E-6
-260,50000000E-3	-210,19429271E-6
-261,40000000E-3	-211,78459474E-6
-263,80000000E-3	-213,35009946E-6
-266,10000000E-3	-215,09823029E-6
-268,50000000E-3	-216,78274097E-6
-270,80000000E-3	-218,47721226E-6
-272,40000000E-3	-220,24059632E-6
-275,30000000E-3	-221,82656639E-6
-276,40000000E-3	-223,41760720E-6
-278,70000000E-3	-225,00630143E-6
-281,10000000E-3	-226,77857434E-6
-283,40000000E-3	-228,48713032E-6
-285,00000000E-3	-230,13858244E-6
-287,70000000E-3	-231,73311154E-6
-289,00000000E-3	-233,32740083E-6
-291,20000000E-3	-234,91747125E-6
-293,70000000E-3	-236,69828669E-6
-295,80000000E-3	-238,39950297E-6
-297,00000000E-3	-240,09797382E-6
-300,20000000E-3	-241,85438460E-6
-302,60000000E-3	-243,42460874E-6
-303,80000000E-3	-245,00699131E-6
-305,90000000E-3	-246,60048970E-6
-308,30000000E-3	-248,25682888E-6
-310,50000000E-3	-249,98151731E-6
-312,20000000E-3	-251,63774894E-6
-315,20000000E-3	-253,23310589E-6
-316,30000000E-3	-255,10335708E-6
-318,50000000E-3	-256,71296805E-6
-320,90000000E-3	-258,39598447E-6
-323,20000000E-3	-260,14663105E-6
-324,10000000E-3	-261,90151458E-6
-327,70000000E-3	-263,71597831E-6
-330,10000000E-3	-265,31955721E-6
-331,10000000E-3	-267,03411947E-6
-333,50000000E-3	-268,60495129E-6
-335,60000000E-3	-270,31778979E-6
-338,10000000E-3	-271,97842320E-6
-339,10000000E-3	-273,72151634E-6
-342,40000000E-3	-275,40417219E-6
-343,70000000E-3	-277,02953968E-6
-346,10000000E-3	-278,64523606E-6
-348,50000000E-3	-280,39032850E-6
-350,50000000E-3	-282,07834373E-6
-351,70000000E-3	-283,83189003E-6
-354,50000000E-3	-285,50116424E-6
-356,30000000E-3	-287,11219490E-6
-358,50000000E-3	-288,74242953E-6
-360,60000000E-3	-290,38300208E-6
-363,10000000E-3	-292,07943103E-6
-364,30000000E-3	-293,85389824E-6
-366,50000000E-3	-295,57240311E-6
-368,80000000E-3	-297,22701231E-6
-371,10000000E-3	-298,86571967E-6
-372,30000000E-3	-300,55955719E-6
-375,50000000E-3	-302,31813190E-6
-376,70000000E-3	-304,09967065E-6
-378,80000000E-3	-305,81419080E-6
-381,20000000E-3	-307,46454726E-6
-383,50000000E-3	-309,11325765E-6
-384,70000000E-3	-310,76045420E-6
-387,90000000E-3	-312,45391308E-6
-389,20000000E-3	-314,17719951E-6
-391,30000000E-3	-315,80658638E-6
-393,70000000E-3	-317,51369107E-6
-396,00000000E-3	-319,12232355E-6
-397,00000000E-3	-320,73783525E-6
-399,80000000E-3	-322,40729490E-6
-401,50000000E-3	-324,15224939E-6
-403,90000000E-3	-325,84611275E-6
-406,20000000E-3	-327,49412339E-6
-408,60000000E-3	-329,13818126E-6
-409,60000000E-3	-330,90028218E-6
-411,70000000E-3	-332,57577433E-6
-414,10000000E-3	-334,33334606E-6
-416,40000000E-3	-336,02331575E-6
-417,50000000E-3	-337,64295120E-6
-421,10000000E-3	-339,23849628E-6
-422,20000000E-3	-340,94759966E-6
-424,50000000E-3	-342,61549275E-6
-426,70000000E-3	-344,37734038E-6
-428,90000000E-3	-346,15549638E-6
-431,20000000E-3	-347,84011661E-6
-433,40000000E-3	-349,42971348E-6
-434,90000000E-3	-351,02011389E-6
-437,10000000E-3	-352,69954954E-6
-439,20000000E-3	-354,47833519E-6
-441,40000000E-3	-356,40528278E-6
-443,80000000E-3	-358,12666546E-6
-445,10000000E-3	-359,71661727E-6
-448,40000000E-3	-361,26524398E-6
-449,30000000E-3	-362,87788729E-6
-451,70000000E-3	-364,63333185E-6
-454,00000000E-3	-366,48023925E-6
-456,40000000E-3	-368,28143383E-6
-457,30000000E-3	-369,94038084E-6
-460,70000000E-3	-371,50909331E-6
-461,90000000E-3	-373,06948908E-6
-464,30000000E-3	-374,66645234E-6
-466,70000000E-3	-376,50799591E-6
-469,00000000E-3	-378,26298417E-6
-470,00000000E-3	-379,90524332E-6
-473,00000000E-3	-381,46342759E-6
-474,60000000E-3	-383,02256119E-6
-476,90000000E-3	-384,61870896E-6
-479,20000000E-3	-386,32031549E-6
-481,50000000E-3	-388,11322712E-6
-482,60000000E-3	-389,79908767E-6
-484,90000000E-3	-391,37578226E-6
-487,30000000E-3	-392,90001514E-6
-489,50000000E-3	-394,39974253E-6
-490,60000000E-3	-396,13633034E-6
-493,90000000E-3	-397,86640685E-6
-495,20000000E-3	-399,57687141E-6
-497,30000000E-3	-401,25183126E-6
-499,50000000E-3	-402,87553280E-6
-501,20000000E-3	-404,40952272E-6
-502,00000000E-3	-405,93179008E-6
-503,20000000E-3	-407,44846586E-6
-503,70000000E-3	-408,80273212E-6
-503,90000000E-3	-409,97194282E-6
-503,90000000E-3	-410,93388092E-6
-503,70000000E-3	-411,63127024E-6
-503,20000000E-3	-412,17410132E-6
-502,70000000E-3	-412,51206430E-6
-502,00000000E-3	-412,61301169E-6
-501,30000000E-3	-412,47906855E-6
-500,80000000E-3	-412,21666619E-6
-500,20000000E-3	-411,88796559E-6
