-199,90000000E-3	3,68208649E-6	
-199,90000000E-3	3,68177657E-6	
-199,90000000E-3	3,68026848E-6	
-199,60000000E-3	3,67937812E-6	
-199,30000000E-3	3,67740370E-6	
-199,00000000E-3	3,67170033E-6	
-198,50000000E-3	3,66317976E-6	
-197,80000000E-3	3,65356679E-6	
-197,30000000E-3	3,64455698E-6	
-196,70000000E-3	3,63680799E-6	
-196,20000000E-3	3,63074383E-6	
-195,60000000E-3	3,62306044E-6	
-195,00000000E-3	3,61196217E-6	
-194,10000000E-3	3,59923614E-6	
-193,50000000E-3	3,58608017E-6	
-192,90000000E-3	3,57350207E-6	
-192,20000000E-3	3,55951841E-6	
-191,50000000E-3	3,54763780E-6	
-190,80000000E-3	3,53777838E-6	
-189,90000000E-3	3,52827456E-6	
-189,30000000E-3	3,52058354E-6	
-188,60000000E-3	3,50845362E-6	
-187,90000000E-3	3,48947091E-6	
-187,30000000E-3	3,47212191E-6	
-186,30000000E-3	3,45898708E-6	
-185,60000000E-3	3,44573827E-6	
-184,90000000E-3	3,43294859E-6	
-184,20000000E-3	3,42032294E-6	
-183,60000000E-3	3,40835547E-6	
-182,70000000E-3	3,39413190E-6	
-181,80000000E-3	3,37651545E-6	
-181,20000000E-3	3,35913510E-6	
-180,50000000E-3	3,34435124E-6	
-179,90000000E-3	3,33271980E-6	
-179,20000000E-3	3,32046498E-6	
-178,10000000E-3	3,30726025E-6	
-177,40000000E-3	3,29436642E-6	
-176,70000000E-3	3,27901210E-6	
-176,00000000E-3	3,26268104E-6	
-175,40000000E-3	3,24473946E-6	
-174,70000000E-3	3,22731150E-6	
-173,70000000E-3	3,21266837E-6	
-173,00000000E-3	3,19950831E-6	
-172,30000000E-3	3,18651858E-6	
-171,60000000E-3	3,17056421E-6	
-170,90000000E-3	3,15918181E-6	
-170,10000000E-3	3,14526639E-6	
-169,20000000E-3	3,12893273E-6	
-168,60000000E-3	3,11288862E-6	
-167,80000000E-3	3,09379947E-6	
-167,20000000E-3	3,07590950E-6	
-166,50000000E-3	3,05827215E-6	
-165,50000000E-3	3,03895159E-6	
-164,80000000E-3	3,02496832E-6	
-164,10000000E-3	3,01336346E-6	
-163,40000000E-3	2,99783395E-6	
-162,80000000E-3	2,98089555E-6	
-161,70000000E-3	2,96423839E-6	
-161,00000000E-3	2,95020585E-6	
-160,30000000E-3	2,93459049E-6	
-159,70000000E-3	2,91712149E-6	
-159,00000000E-3	2,90042834E-6	
-158,30000000E-3	2,88472440E-6	
-157,20000000E-3	2,87045991E-6	
-156,50000000E-3	2,85239505E-6	
-155,90000000E-3	2,83266868E-6	
-155,20000000E-3	2,81378804E-6	
-154,50000000E-3	2,79809108E-6	
-153,80000000E-3	2,77976501E-6	
-152,80000000E-3	2,76148979E-6	
-152,10000000E-3	2,74679893E-6	
-151,40000000E-3	2,73430848E-6	
-150,70000000E-3	2,71982578E-6	
-150,00000000E-3	2,70590051E-6	
-149,10000000E-3	2,68498849E-6	
-148,40000000E-3	2,66074449E-6	
-147,70000000E-3	2,64176616E-6	
-147,00000000E-3	2,62595092E-6	
-146,30000000E-3	2,60971321E-6	
-145,60000000E-3	2,59102427E-6	
-144,60000000E-3	2,57333014E-6	
-143,90000000E-3	2,55845742E-6	
-143,20000000E-3	2,54418921E-6	
-142,50000000E-3	2,52976266E-6	
-141,90000000E-3	2,51243909E-6	
-141,00000000E-3	2,49084261E-6	
-140,10000000E-3	2,47073130E-6	
-139,40000000E-3	2,45337866E-6	
-138,70000000E-3	2,43339369E-6	
-138,10000000E-3	2,41214976E-6	
-137,40000000E-3	2,39283269E-6	
-136,40000000E-3	2,37689302E-6	
-135,70000000E-3	2,36062092E-6	
-134,90000000E-3	2,34254936E-6	
-134,30000000E-3	2,32144976E-6	
-133,70000000E-3	2,30080954E-6	
-132,80000000E-3	2,28150475E-6	
-131,90000000E-3	2,26213260E-6	
-131,30000000E-3	2,24335844E-6	
-130,50000000E-3	2,22441813E-6	
-129,90000000E-3	2,20407263E-6	
-129,10000000E-3	2,18683571E-6	
-128,50000000E-3	2,16985868E-6	
-127,80000000E-3	2,15160549E-6	
-126,80000000E-3	2,13398681E-6	
-126,40000000E-3	2,11536721E-6	
-125,40000000E-3	2,09606576E-6	
-124,70000000E-3	2,07775734E-6	
-123,70000000E-3	2,05817922E-6	
-123,10000000E-3	2,03612354E-6	
-122,70000000E-3	2,01433507E-6	
-121,90000000E-3	1,99364639E-6	
-120,90000000E-3	1,97491698E-6	
-120,20000000E-3	1,95743056E-6	
-119,50000000E-3	1,94138195E-6	
-118,90000000E-3	1,92235440E-6	
-118,20000000E-3	1,89999093E-6	
-117,20000000E-3	1,87788720E-6	
-116,30000000E-3	1,85827912E-6	
-115,80000000E-3	1,84015441E-6	
-115,20000000E-3	1,82030586E-6	
-114,50000000E-3	1,80201178E-6	
-113,80000000E-3	1,78533816E-6	
-112,70000000E-3	1,76523724E-6	
-112,10000000E-3	1,74455562E-6	
-111,40000000E-3	1,72723515E-6	
-110,70000000E-3	1,70885084E-6	
-110,00000000E-3	1,68686156E-6	
-109,00000000E-3	1,66311656E-6	
-108,30000000E-3	1,63952937E-6	
-107,60000000E-3	1,61732137E-6	
-106,90000000E-3	1,59762934E-6	
-106,20000000E-3	1,58030500E-6	
-105,50000000E-3	1,56201399E-6	
-104,50000000E-3	1,54217606E-6	
-103,80000000E-3	1,52640567E-6	
-103,10000000E-3	1,51009544E-6	
-102,50000000E-3	1,48774467E-6	
-101,80000000E-3	1,46414756E-6	
-101,10000000E-3	1,44575691E-6	
-100,00000000E-3	1,42893476E-6	
-99,40000000E-3	1,40920779E-6	
-98,70000000E-3	1,39102641E-6	
-98,00000000E-3	1,37434174E-6	
-97,30000000E-3	1,35618476E-6	
-96,30000000E-3	1,33479389E-6	
-95,60000000E-3	1,31355224E-6	
-95,00000000E-3	1,29535313E-6	
-94,30000000E-3	1,27668331E-6	
-93,50000000E-3	1,25594594E-6	
-92,80000000E-3	1,23567629E-6	
-91,90000000E-3	1,21904296E-6	
-91,20000000E-3	1,20122576E-6	
-90,50000000E-3	1,18528164E-6	
-89,80000000E-3	1,17074393E-6	
-89,10000000E-3	1,15446533E-6	
-88,10000000E-3	1,13746885E-6	
-87,40000000E-3	1,11928561E-6	
-86,70000000E-3	1,09814923E-6	
-86,00000000E-3	1,07717164E-6	
-85,30000000E-3	1,05786706E-6	
-84,70000000E-3	1,03964899E-6	
-83,60000000E-3	1,02101745E-6	
-82,90000000E-3	1,00425133E-6	
-82,30000000E-3	986,23876287E-9	
-81,60000000E-3	969,22917908E-9	
-80,90000000E-3	955,59486522E-9	
-80,20000000E-3	939,20360845E-9	
-79,20000000E-3	919,73130050E-9	
-78,50000000E-3	899,93777828E-9	
-77,80000000E-3	882,87919958E-9	
-77,20000000E-3	868,39290581E-9	
-76,50000000E-3	851,27579771E-9	
-75,40000000E-3	835,57222265E-9	
-74,80000000E-3	818,95893758E-9	
-74,10000000E-3	799,94977747E-9	
-73,40000000E-3	783,96491066E-9	
-72,70000000E-3	768,56110100E-9	
-72,00000000E-3	751,70404867E-9	
-71,00000000E-3	736,78360789E-9	
-70,30000000E-3	722,70999003E-9	
-69,60000000E-3	711,53380215E-9	
-69,00000000E-3	698,84016722E-9	
-68,30000000E-3	681,44713194E-9	
-67,30000000E-3	664,32628863E-9	
-66,50000000E-3	648,34573647E-9	
-65,80000000E-3	634,79845419E-9	
-65,10000000E-3	621,85371274E-9	
-64,50000000E-3	608,35041147E-9	
-63,80000000E-3	593,72625134E-9	
-62,80000000E-3	580,02342364E-9	
-62,10000000E-3	565,38711525E-9	
-61,30000000E-3	548,68499428E-9	
-60,80000000E-3	536,35035613E-9	
-60,10000000E-3	523,29140410E-9	
-59,30000000E-3	508,56521782E-9	
-58,30000000E-3	492,58689480E-9	
-57,60000000E-3	478,77075383E-9	
-57,30000000E-3	464,88600494E-9	
-56,60000000E-3	452,40802856E-9	
-55,60000000E-3	442,65169818E-9	
-54,50000000E-3	430,82153053E-9	
-54,20000000E-3	419,10666118E-9	
-53,20000000E-3	406,14993686E-9	
-52,50000000E-3	394,90650333E-9	
-51,80000000E-3	386,17938359E-9	
-51,10000000E-3	379,94655270E-9	
-50,40000000E-3	372,52695719E-9	
-49,80000000E-3	360,44145597E-9	
-49,10000000E-3	345,76663539E-9	
-48,20000000E-3	329,48988324E-9	
-47,40000000E-3	313,75284686E-9	
-46,70000000E-3	301,01957932E-9	
-45,70000000E-3	292,91161728E-9	
-45,00000000E-3	283,23315996E-9	
-44,60000000E-3	272,61210902E-9	
-43,60000000E-3	264,57876497E-9	
-42,90000000E-3	257,59052083E-9	
-42,30000000E-3	249,90367938E-9	
-41,60000000E-3	243,45802485E-9	
-40,80000000E-3	235,44781079E-9	
-40,00000000E-3	226,40226665E-9	
-39,20000000E-3	216,43100305E-9	
-38,50000000E-3	206,26799078E-9	
-37,80000000E-3	196,11242744E-9	
-37,10000000E-3	189,87905371E-9	
-36,40000000E-3	182,85855912E-9	
-35,40000000E-3	175,10774454E-9	
-34,70000000E-3	167,48126943E-9	
-34,00000000E-3	158,23033677E-9	
-33,30000000E-3	147,28506101E-9	
-32,60000000E-3	138,61617540E-9	
-31,80000000E-3	131,63415645E-9	
-30,90000000E-3	122,44090101E-9	
-30,20000000E-3	114,21115043E-9	
-29,50000000E-3	109,25667342E-9	
-28,90000000E-3	106,04346167E-9	
-28,20000000E-3	102,86434568E-9	
-27,20000000E-3	98,59649895E-9	
-26,40000000E-3	89,56919825E-9	
-25,80000000E-3	80,76269046E-9	
-25,10000000E-3	75,75716238E-9	
-24,50000000E-3	73,87132683E-9	
-23,60000000E-3	69,58208773E-9	
-22,70000000E-3	67,08806396E-9	
-22,10000000E-3	65,15688700E-9	
-21,30000000E-3	60,45843553E-9	
-20,70000000E-3	54,12589097E-9	
-20,00000000E-3	47,67978597E-9	
-19,00000000E-3	44,40530604E-9	
-18,30000000E-3	41,82307549E-9	
-17,60000000E-3	41,60765386E-9	
-16,90000000E-3	38,50652316E-9	
-16,30000000E-3	35,67603674E-9	
-15,50000000E-3	31,85315075E-9	
-14,50000000E-3	27,99555948E-9	
-13,80000000E-3	26,63631203E-9	
-13,10000000E-3	25,41661621E-9	
-12,40000000E-3	23,88766760E-9	
-11,80000000E-3	20,82715460E-9	
-10,90000000E-3	19,44497820E-9	
-10,00000000E-3	18,52641885E-9	
-9,30000000E-3	15,62580545E-9	
-8,70000000E-3	13,18197115E-9	
-8,00000000E-3	11,18507256E-9	
-7,30000000E-3	11,39432221E-9	
-6,30000000E-3	10,42604302E-9	
-5,60000000E-3	10,17460851E-9	
-4,90000000E-3	9,81259592E-9	
-4,30000000E-3	8,36630468E-9	
-3,60000000E-3	7,18572778E-9	
-2,60000000E-3	5,05172170E-9	
-1,80000000E-3	5,39287847E-9	
-1,10000000E-3	8,67210499E-9	
-400,00000000E-6	10,97148189E-9	
300,00000000E-6	11,73312810E-9	
1,00000000E-3	14,14079919E-9	
2,10000000E-3	14,12609634E-9	
2,70000000E-3	14,08441996E-9	
3,40000000E-3	16,44166851E-9	
4,10000000E-3	19,72213735E-9	
4,80000000E-3	23,25705063E-9	
5,70000000E-3	22,63415504E-9	
6,40000000E-3	24,74517824E-9	
7,20000000E-3	27,32919589E-9	
7,90000000E-3	28,92226867E-9	
8,60000000E-3	31,94519137E-9	
9,20000000E-3	34,51187601E-9	
10,30000000E-3	39,25163306E-9	
11,00000000E-3	45,84432575E-9	
11,60000000E-3	50,48535467E-9	
12,30000000E-3	54,52380900E-9	
13,00000000E-3	58,82010767E-9	
13,70000000E-3	62,86050224E-9	
14,70000000E-3	67,66819480E-9	
15,10000000E-3	70,73743126E-9	
15,70000000E-3	72,64137569E-9	
16,80000000E-3	75,58369311E-9	
17,50000000E-3	80,31771184E-9	
18,50000000E-3	83,55889344E-9	
19,20000000E-3	86,70359965E-9	
19,80000000E-3	92,95486207E-9	
20,50000000E-3	100,67892194E-9	
21,20000000E-3	106,17196483E-9	
21,90000000E-3	110,93396310E-9	
22,60000000E-3	117,49197341E-9	
23,30000000E-3	124,00041860E-9	
24,00000000E-3	127,28448348E-9	
24,80000000E-3	130,63795317E-9	
25,70000000E-3	140,89185601E-9	
26,60000000E-3	150,68752109E-9	
27,40000000E-3	159,86238802E-9	
27,70000000E-3	169,12305586E-9	
28,40000000E-3	175,43675568E-9	
29,40000000E-3	180,26793064E-9	
30,20000000E-3	187,69936609E-9	
30,80000000E-3	193,09221234E-9	
31,50000000E-3	199,13982798E-9	
32,10000000E-3	209,25885498E-9	
33,00000000E-3	219,02000038E-9	
33,90000000E-3	228,51741242E-9	
34,60000000E-3	235,15675147E-9	
35,30000000E-3	242,16632629E-9	
36,00000000E-3	252,91015604E-9	
36,60000000E-3	263,05183143E-9	
37,30000000E-3	271,53938187E-9	
38,40000000E-3	279,60050874E-9	
39,00000000E-3	287,63447373E-9	
39,70000000E-3	295,59550162E-9	
40,40000000E-3	306,51857347E-9	
41,10000000E-3	319,99864935E-9	
42,10000000E-3	331,34212427E-9	
42,80000000E-3	340,28062129E-9	
43,50000000E-3	351,14668007E-9	
44,20000000E-3	361,64836190E-9	
44,80000000E-3	369,74932102E-9	
45,50000000E-3	380,31745259E-9	
46,60000000E-3	390,99250441E-9	
47,20000000E-3	399,33929021E-9	
47,90000000E-3	410,51739580E-9	
48,60000000E-3	425,09156446E-9	
49,30000000E-3	436,11605319E-9	
50,30000000E-3	445,68493997E-9	
51,00000000E-3	460,28183089E-9	
51,70000000E-3	474,46777723E-9	
52,40000000E-3	484,42022618E-9	
53,10000000E-3	495,03635896E-9	
53,90000000E-3	511,51152934E-9	
54,70000000E-3	526,46372376E-9	
55,40000000E-3	541,66421541E-9	
56,10000000E-3	553,46511865E-9	
56,80000000E-3	562,42550416E-9	
57,50000000E-3	576,27805360E-9	
58,50000000E-3	589,94305445E-9	
59,20000000E-3	598,25650494E-9	
59,90000000E-3	606,80494559E-9	
60,60000000E-3	619,57269980E-9	
61,30000000E-3	634,77255230E-9	
62,10000000E-3	651,60132305E-9	
63,00000000E-3	664,53224541E-9	
63,60000000E-3	676,04901370E-9	
64,40000000E-3	690,42286968E-9	
65,00000000E-3	706,23713092E-9	
65,70000000E-3	722,72820947E-9	
66,70000000E-3	738,36270522E-9	
67,40000000E-3	750,52102367E-9	
68,10000000E-3	762,84464965E-9	
68,70000000E-3	777,91944781E-9	
69,50000000E-3	792,83202757E-9	
70,30000000E-3	806,43389258E-9	
71,20000000E-3	822,49608029E-9	
71,90000000E-3	840,08378411E-9	
72,50000000E-3	853,83708195E-9	
73,20000000E-3	865,93943983E-9	
73,90000000E-3	881,50611863E-9	
74,90000000E-3	896,83404193E-9	
75,60000000E-3	910,58063835E-9	
76,30000000E-3	924,87106874E-9	
77,00000000E-3	944,58479652E-9	
77,60000000E-3	964,78386949E-9	
78,40000000E-3	978,20079014E-9	
79,30000000E-3	991,02775289E-9	
80,10000000E-3	1,00713490E-6	
80,80000000E-3	1,02369791E-6	
81,40000000E-3	1,04068950E-6	
82,10000000E-3	1,05615710E-6	
83,10000000E-3	1,07215396E-6	
83,90000000E-3	1,08572719E-6	
84,50000000E-3	1,09726404E-6	
85,30000000E-3	1,11444820E-6	
85,90000000E-3	1,13499004E-6	
86,50000000E-3	1,15358315E-6	
87,30000000E-3	1,17140587E-6	
88,30000000E-3	1,18657475E-6	
89,00000000E-3	1,20020586E-6	
89,70000000E-3	1,21350912E-6	
90,30000000E-3	1,23138810E-6	
91,00000000E-3	1,25426366E-6	
92,10000000E-3	1,27665999E-6	
92,80000000E-3	1,29284697E-6	
93,50000000E-3	1,30761352E-6	
93,80000000E-3	1,32208714E-6	
94,80000000E-3	1,34087346E-6	
95,50000000E-3	1,36160521E-6	
96,20000000E-3	1,37815365E-6	
96,90000000E-3	1,39313101E-6	
97,60000000E-3	1,40740935E-6	
98,20000000E-3	1,42411573E-6	
99,30000000E-3	1,44191347E-6	
100,00000000E-3	1,45939241E-6	
100,70000000E-3	1,47441091E-6	
101,30000000E-3	1,49006714E-6	
102,00000000E-3	1,50988051E-6	
102,70000000E-3	1,53133094E-6	
103,80000000E-3	1,54971510E-6	
104,40000000E-3	1,56436902E-6	
105,10000000E-3	1,58212255E-6	
105,80000000E-3	1,59528842E-6	
106,50000000E-3	1,60721948E-6	
107,20000000E-3	1,62518026E-6	
108,20000000E-3	1,64496566E-6	
108,90000000E-3	1,66213608E-6	
109,60000000E-3	1,67778265E-6	
110,30000000E-3	1,69485516E-6	
111,00000000E-3	1,71119910E-6	
111,70000000E-3	1,73012825E-6	
112,70000000E-3	1,74928165E-6	
113,40000000E-3	1,76485086E-6	
113,70000000E-3	1,78040948E-6	
115,00000000E-3	1,79759969E-6	
115,60000000E-3	1,81439381E-6	
116,30000000E-3	1,83233381E-6	
117,00000000E-3	1,85111568E-6	
117,90000000E-3	1,87202368E-6	
118,80000000E-3	1,89155403E-6	
119,50000000E-3	1,90614262E-6	
120,20000000E-3	1,92035607E-6	
120,80000000E-3	1,93489621E-6	
121,50000000E-3	1,95162942E-6	
122,50000000E-3	1,97052327E-6	
123,20000000E-3	1,98966283E-6	
123,90000000E-3	2,00884240E-6	
124,60000000E-3	2,02736302E-6	
125,30000000E-3	2,04157701E-6	
125,90000000E-3	2,05387167E-6	
127,00000000E-3	2,06839365E-6	
127,70000000E-3	2,08548420E-6	
128,40000000E-3	2,10023360E-6	
129,10000000E-3	2,11709420E-6	
129,80000000E-3	2,13421888E-6	
130,40000000E-3	2,14888565E-6	
131,20000000E-3	2,16659838E-6	
132,20000000E-3	2,18705395E-6	
132,80000000E-3	2,20399046E-6	
133,50000000E-3	2,22022606E-6	
134,00000000E-3	2,23454059E-6	
134,90000000E-3	2,24441056E-6	
135,60000000E-3	2,25783568E-6	
136,30000000E-3	2,27475477E-6	
137,30000000E-3	2,29021133E-6	
138,00000000E-3	2,30456838E-6	
138,70000000E-3	2,32091230E-6	
139,30000000E-3	2,34011205E-6	
140,00000000E-3	2,35724680E-6	
140,70000000E-3	2,36975493E-6	
141,40000000E-3	2,38593756E-6	
142,10000000E-3	2,40348886E-6	
143,10000000E-3	2,41918274E-6	
143,80000000E-3	2,43450081E-6	
144,50000000E-3	2,44990617E-6	
145,20000000E-3	2,46354032E-6	
145,90000000E-3	2,47534070E-6	
146,60000000E-3	2,48877840E-6	
147,60000000E-3	2,50679872E-6	
148,30000000E-3	2,52509374E-6	
149,00000000E-3	2,54091377E-6	
149,70000000E-3	2,55506085E-6	
150,40000000E-3	2,56880729E-6	
151,10000000E-3	2,58032254E-6	
152,10000000E-3	2,59267422E-6	
152,80000000E-3	2,60861845E-6	
153,50000000E-3	2,62259400E-6	
154,20000000E-3	2,63576186E-6	
154,90000000E-3	2,65268170E-6	
155,60000000E-3	2,66944465E-6	
156,60000000E-3	2,68435150E-6	
157,30000000E-3	2,69903699E-6	
158,00000000E-3	2,71278635E-6	
158,60000000E-3	2,72602822E-6	
159,30000000E-3	2,74195409E-6	
160,10000000E-3	2,75669301E-6	
160,70000000E-3	2,76676710E-6	
161,80000000E-3	2,77798324E-6	
162,40000000E-3	2,79056848E-6	
163,10000000E-3	2,80454006E-6	
163,80000000E-3	2,82022224E-6	
164,50000000E-3	2,83511799E-6	
165,20000000E-3	2,84887476E-6	
166,20000000E-3	2,86127476E-6	
166,90000000E-3	2,87100556E-6	
167,60000000E-3	2,87955747E-6	
168,30000000E-3	2,89411201E-6	
169,00000000E-3	2,91325987E-6	
169,70000000E-3	2,92906938E-6	
170,60000000E-3	2,94315858E-6	
171,40000000E-3	2,95639715E-6	
172,10000000E-3	2,96880307E-6	
172,80000000E-3	2,97953976E-6	
173,50000000E-3	2,98953399E-6	
174,20000000E-3	3,00052692E-6	
175,10000000E-3	3,01316702E-6	
175,90000000E-3	3,02477662E-6	
176,60000000E-3	3,03602482E-6	
177,30000000E-3	3,04884664E-6	
177,90000000E-3	3,06086245E-6	
178,70000000E-3	3,07165163E-6	
179,60000000E-3	3,08481736E-6	
180,40000000E-3	3,10190117E-6	
181,10000000E-3	3,11453503E-6	
181,80000000E-3	3,12372472E-6	
182,40000000E-3	3,13057796E-6	
182,40000000E-3	3,13774999E-6	
184,00000000E-3	3,14924586E-6	
185,00000000E-3	3,16176227E-6	
185,40000000E-3	3,17602678E-6	
186,10000000E-3	3,19064774E-6	
186,80000000E-3	3,20056021E-6	
187,50000000E-3	3,21022466E-6	
188,40000000E-3	3,22281452E-6	
189,20000000E-3	3,23781768E-6	
189,90000000E-3	3,25096111E-6	
190,60000000E-3	3,26056810E-6	
191,20000000E-3	3,27066525E-6	
191,90000000E-3	3,28010019E-6	
192,90000000E-3	3,28801720E-6	
193,70000000E-3	3,29762324E-6	
194,30000000E-3	3,30850240E-6	
195,10000000E-3	3,31680193E-6	
195,70000000E-3	3,33008451E-6	
196,40000000E-3	3,34787040E-6	
197,30000000E-3	3,35889326E-6	
198,20000000E-3	3,36541535E-6	
198,90000000E-3	3,37616242E-6	
199,60000000E-3	3,38753282E-6	
200,10000000E-3	3,39719938E-6	
200,50000000E-3	3,40691512E-6	
200,90000000E-3	3,41458279E-6	
201,20000000E-3	3,42221819E-6	
201,20000000E-3	3,43070044E-6	
201,30000000E-3	3,43803821E-6	
201,20000000E-3	3,44335794E-6	
201,20000000E-3	3,44483388E-6	
201,10000000E-3	3,44630334E-6	
201,00000000E-3	3,44741406E-6	
200,80000000E-3	3,44763942E-6	
200,70000000E-3	3,44638233E-6	
200,60000000E-3	3,44685424E-6	
200,50000000E-3	3,44800722E-6	
200,40000000E-3	3,44951496E-6	
