0.000000000000000000e+00	-3.789963898270798381e-09
1.000000000000000048e-04	-1.162931084763840772e-09
2.000000000000000096e-04	2.775429713322819624e-10
5.999999999999999474e-04	1.054630363844260745e-09
1.199999999999999895e-03	1.989093334486824460e-09
1.500000000000000031e-03	6.434904788869266246e-10
2.200000000000000133e-03	-1.080860183205005896e-10
2.899999999999999800e-03	-2.070012011721304982e-09
3.299999999999999982e-03	-5.306907176444650010e-09
4.100000000000000346e-03	-9.306384802312288435e-09
4.499999999999999660e-03	-1.161751745593774835e-08
5.300000000000000024e-03	-1.389747134089076532e-08
6.100000000000000387e-03	-1.504322340651208477e-08
6.599999999999999964e-03	-1.575690683196860184e-08
7.499999999999999722e-03	-1.632584496147903297e-08
8.000000000000000167e-03	-1.709436761264211443e-08
8.899999999999999925e-03	-1.746218974754535930e-08
9.700000000000000289e-03	-1.886148798798686523e-08
1.030000000000000013e-02	-1.987814297976070721e-08
1.110000000000000049e-02	-2.091416082454517136e-08
1.190000000000000085e-02	-2.073347028736430376e-08
1.250000000000000069e-02	-2.132177877302961027e-08
1.340000000000000045e-02	-2.292497056540763339e-08
1.389999999999999916e-02	-2.492543024055333819e-08
1.480000000000000066e-02	-2.719530395838379623e-08
1.559999999999999928e-02	-2.719871527479485495e-08
1.619999999999999912e-02	-2.654390008640596053e-08
1.710000000000000062e-02	-2.533804430665125098e-08
1.789999999999999925e-02	-2.462812103437671248e-08
1.880000000000000074e-02	-2.489857123265136561e-08
1.930000000000000118e-02	-2.715738515523760087e-08
2.019999999999999921e-02	-3.167877640531590285e-08
2.110000000000000070e-02	-3.821072880327847088e-08
2.189999999999999933e-02	-4.538604109818432376e-08
2.249999999999999917e-02	-5.133269658170645710e-08
2.340000000000000066e-02	-5.481904969774619788e-08
2.419999999999999929e-02	-5.747057093707554807e-08
2.479999999999999913e-02	-6.037421182701252244e-08
2.549999999999999836e-02	-6.550920127527489070e-08
2.620000000000000107e-02	-6.948082324183215989e-08
2.699999999999999969e-02	-7.369131027966826373e-08
2.769999999999999893e-02	-7.553527345693711685e-08
2.829999999999999877e-02	-7.724723239697170311e-08
2.920000000000000026e-02	-7.896441849178661361e-08
3.009999999999999828e-02	-8.257199634595319536e-08
3.080000000000000099e-02	-8.717210350024717436e-08
3.150000000000000022e-02	-9.159154226680294762e-08
3.239999999999999825e-02	-9.521288923191674879e-08
3.289999999999999869e-02	-9.649443833330357800e-08
3.370000000000000079e-02	-9.618056509682415398e-08
3.450000000000000289e-02	-9.456073774315663267e-08
3.540000000000000091e-02	-9.177557518960346231e-08
3.599999999999999728e-02	-8.854323858548016199e-08
3.690000000000000224e-02	-8.531335448087773477e-08
3.780000000000000027e-02	-8.373894276191199348e-08
3.830000000000000071e-02	-8.086879477533338330e-08
3.899999999999999994e-02	-7.710059099383444253e-08
3.989999999999999797e-02	-7.222780512376698255e-08
4.080000000000000293e-02	-6.748252806427524687e-08
4.139999999999999930e-02	-6.213209334110443938e-08
4.229999999999999732e-02	-5.551647107084768218e-08
4.299999999999999656e-02	-4.661727359689393779e-08
4.370000000000000273e-02	-3.614136121868452293e-08
4.429999999999999910e-02	-2.456753446591271831e-08
4.529999999999999999e-02	-1.227341459036723685e-08
4.580000000000000043e-02	-1.573141110328860325e-09
4.669999999999999846e-02	1.076994395861560322e-08
4.769999999999999934e-02	1.960308026485380155e-08
4.830000000000000265e-02	2.949458650792293372e-08
4.889999999999999902e-02	4.105442248431729970e-08
4.979999999999999705e-02	5.322553396484682241e-08
5.040000000000000036e-02	6.666841610920063775e-08
5.129999999999999838e-02	8.050832426883489623e-08
5.220000000000000334e-02	9.000662084119676239e-08
5.279999999999999971e-02	9.994548432065188729e-08
5.360000000000000181e-02	1.144534673590297634e-07
5.430000000000000104e-02	1.285602883803227368e-07
5.489999999999999741e-02	1.444612632251650082e-07
5.580000000000000238e-02	1.625097632314233288e-07
5.639999999999999875e-02	1.800273935976179260e-07
5.739999999999999963e-02	1.963604777223834225e-07
5.829999999999999766e-02	2.092852366488070082e-07
5.890000000000000097e-02	2.220264150309958495e-07
5.979999999999999899e-02	2.343273189663010294e-07
6.040000000000000230e-02	2.504225591337672086e-07
6.130000000000000032e-02	2.668977822909301835e-07
6.219999999999999835e-02	2.822565971959141462e-07
6.279999999999999472e-02	2.969911607954933618e-07
6.360000000000000375e-02	3.092964181757549689e-07
6.429999999999999605e-02	3.193886238067404744e-07
6.489999999999999936e-02	3.297692156859828991e-07
6.579999999999999738e-02	3.402590732176770150e-07
6.669999999999999540e-02	3.500701348969694772e-07
6.729999999999999871e-02	3.608271438879737503e-07
6.809999999999999387e-02	3.703794645123293337e-07
6.890000000000000291e-02	3.789896478960324508e-07
6.950000000000000622e-02	3.861097331168160529e-07
7.030000000000000138e-02	3.917279371989934589e-07
7.099999999999999367e-02	3.957012483254004159e-07
7.180000000000000271e-02	4.004646996236260748e-07
7.270000000000000073e-02	4.047006658576021129e-07
7.340000000000000691e-02	4.094809938981411552e-07
7.399999999999999634e-02	4.135017519295145697e-07
7.489999999999999436e-02	4.160051165550215108e-07
7.549999999999999767e-02	4.178456896996577162e-07
7.610000000000000098e-02	4.188842762365626464e-07
7.720000000000000473e-02	4.181183256958708651e-07
7.779999999999999416e-02	4.186902314452177653e-07
7.879999999999999505e-02	4.166307016332784069e-07
7.939999999999999836e-02	4.158347843163088650e-07
8.000000000000000167e-02	4.157257817246264420e-07
8.089999999999999969e-02	4.167944276149220773e-07
8.179999999999999771e-02	4.169256860712595945e-07
8.240000000000000102e-02	4.146146032197165876e-07
8.329999999999999905e-02	4.095323672778709039e-07
8.390000000000000235e-02	4.051412178803297141e-07
8.450000000000000566e-02	4.033566654015885433e-07
8.540000000000000369e-02	4.004498724351865508e-07
8.630000000000000171e-02	3.972341466189305436e-07
8.690000000000000502e-02	3.932287155123204455e-07
8.780000000000000304e-02	3.892826851424661255e-07
8.859999999999999820e-02	3.839321779541845010e-07
8.920000000000000151e-02	3.799664849204784706e-07
8.989999999999999380e-02	3.755515410571136079e-07
9.059999999999999998e-02	3.715230084434366108e-07
9.149999999999999800e-02	3.627817580531159484e-07
9.239999999999999603e-02	3.591571909408666407e-07
9.320000000000000506e-02	3.560438511193466219e-07
9.379999999999999449e-02	3.544957636326232200e-07
9.450000000000000067e-02	3.530109739135540362e-07
9.539999999999999869e-02	3.501355771809841338e-07
9.600000000000000200e-02	3.475219047924584051e-07
9.690000000000000002e-02	3.441294160497240079e-07
9.779999999999999805e-02	3.410921715033482498e-07
9.840000000000000135e-02	3.401196768635871939e-07
9.900000000000000466e-02	3.381400563389414783e-07
1.000000000000000056e-01	3.362802936069893637e-07
1.005999999999999950e-01	3.347178022824247030e-07
1.015000000000000069e-01	3.346508414243199131e-07
1.020999999999999963e-01	3.339051292065618114e-07
1.026999999999999996e-01	3.331558673380641267e-07
1.035999999999999976e-01	3.336536735787376529e-07
1.042000000000000010e-01	3.344296146678971127e-07
1.050999999999999990e-01	3.349728754692066362e-07
1.057000000000000023e-01	3.352992628466331091e-07
1.066000000000000003e-01	3.348424391906409172e-07
1.073999999999999955e-01	3.339765965175633528e-07
1.081000000000000016e-01	3.340225761201880425e-07
1.087000000000000050e-01	3.353438273734354880e-07
1.097000000000000058e-01	3.372743547411060444e-07
1.102000000000000063e-01	3.402077624059529626e-07
1.111999999999999933e-01	3.407713922727530997e-07
1.117999999999999966e-01	3.415606926182590541e-07
1.126000000000000056e-01	3.420762936710987012e-07
1.135000000000000037e-01	3.412058049434563145e-07
1.140999999999999931e-01	3.407840289917512908e-07
1.150000000000000050e-01	3.422343171650685674e-07
1.158000000000000002e-01	3.418823396076684799e-07
1.164000000000000035e-01	3.452478877637029139e-07
1.171999999999999986e-01	3.496915511856400996e-07
1.179999999999999938e-01	3.559514054325144738e-07
1.185999999999999971e-01	3.627003621886615292e-07
1.194999999999999951e-01	3.684893069265402871e-07
1.200999999999999984e-01	3.713142979182876129e-07
1.210999999999999993e-01	3.721991020716039129e-07
1.217000000000000026e-01	3.749098200237205181e-07
1.226000000000000006e-01	3.759307861523405144e-07
1.231000000000000011e-01	3.780818016831576713e-07
1.241000000000000020e-01	3.798355858363766548e-07
1.247000000000000053e-01	3.828326808132851709e-07
1.255999999999999894e-01	3.856682200879462003e-07
1.262999999999999956e-01	3.883103117884586379e-07
1.270999999999999908e-01	3.936227262311959909e-07
1.277000000000000079e-01	3.968655448716162937e-07
1.285999999999999921e-01	3.999248986288671477e-07
1.293999999999999873e-01	4.000022784415728735e-07
1.300999999999999934e-01	3.984967145765612118e-07
1.307999999999999996e-01	3.970047596934076666e-07
1.310000000000000053e-01	3.972759958196748932e-07
1.323000000000000009e-01	3.966140946491196002e-07
1.328999999999999904e-01	3.995554314744456615e-07
1.338000000000000023e-01	4.043080277384107011e-07
1.348000000000000032e-01	4.103687339535818018e-07
1.353999999999999926e-01	4.147865858077313304e-07
1.360000000000000098e-01	4.183311772110621833e-07
1.370000000000000107e-01	4.187710259106773051e-07
1.375000000000000111e-01	4.194691771799906524e-07
1.385000000000000120e-01	4.169941443790299603e-07
1.388000000000000067e-01	4.186627791114005959e-07
1.398999999999999966e-01	4.162820773260791334e-07
1.406999999999999917e-01	4.164048841502168246e-07
1.413000000000000089e-01	4.168897837614764023e-07
1.421999999999999931e-01	4.171627836359110390e-07
1.431999999999999940e-01	4.160273614433156135e-07
1.436999999999999944e-01	4.163877173855877297e-07
1.444000000000000006e-01	4.169276655361892350e-07
1.449999999999999900e-01	4.181953950565938153e-07
1.459999999999999909e-01	4.186041370805190328e-07
1.468000000000000138e-01	4.194610392795177845e-07
1.474999999999999922e-01	4.199702827455348803e-07
1.481000000000000094e-01	4.202602960740359678e-07
1.489999999999999936e-01	4.199468607579774285e-07
1.496999999999999997e-01	4.204960519610843539e-07
1.506000000000000116e-01	4.205682557767431717e-07
1.512000000000000011e-01	4.209248274883301377e-07
1.517999999999999905e-01	4.221943655526786243e-07
1.527999999999999914e-01	4.260399942770233431e-07
1.537000000000000033e-01	4.290036671517976258e-07
1.544000000000000095e-01	4.285966008066711006e-07
1.549000000000000099e-01	4.268926070704157682e-07
1.559000000000000108e-01	4.235689015667301151e-07
1.565000000000000002e-01	4.197296638859453320e-07
1.574000000000000121e-01	4.156576436493047300e-07
1.580999999999999905e-01	4.148974352790694065e-07
1.587000000000000077e-01	4.155174498582774835e-07
1.595999999999999919e-01	4.168309481301813460e-07
1.605000000000000038e-01	4.181945021021338964e-07
1.610999999999999932e-01	4.174430686393532499e-07
1.617999999999999994e-01	4.156497311481821374e-07
1.627000000000000113e-01	4.137677649396209745e-07
1.633000000000000007e-01	4.128415706394473143e-07
1.643000000000000016e-01	4.119206238328843028e-07
1.648000000000000020e-01	4.096650180224136780e-07
1.656999999999999862e-01	4.062135714181153871e-07
1.663000000000000034e-01	4.039713891746900034e-07
1.671999999999999875e-01	4.034956321386936684e-07
1.678000000000000047e-01	4.045760996319019023e-07
1.685000000000000109e-01	4.054056916128259697e-07
1.693999999999999950e-01	4.052951111369030330e-07
1.700000000000000122e-01	4.030797952087395481e-07
1.710000000000000131e-01	4.006883550547122255e-07
1.716000000000000025e-01	3.982751395006389682e-07
1.724999999999999867e-01	3.959792290357453051e-07
1.731999999999999929e-01	3.933936179554311374e-07
1.741000000000000048e-01	3.898609558657446412e-07
1.746999999999999942e-01	3.866587954528116035e-07
1.753000000000000114e-01	3.850925577620788518e-07
1.763000000000000123e-01	3.848537194840466121e-07
1.769000000000000017e-01	3.849925366754542438e-07
1.778000000000000136e-01	3.837529946445737955e-07
1.784000000000000030e-01	3.815752078336440401e-07
1.791000000000000092e-01	3.786117686301156259e-07
1.794000000000000039e-01	3.761075264146070864e-07
1.806000000000000105e-01	3.715060287931392192e-07
1.816000000000000114e-01	3.688943112438474291e-07
1.822000000000000008e-01	3.672378798089613379e-07
1.831000000000000127e-01	3.682573797920075281e-07
1.837000000000000022e-01	3.688250975954286957e-07
1.845999999999999863e-01	3.681633230897637009e-07
1.852000000000000035e-01	3.648687550602441010e-07
1.857999999999999929e-01	3.613896527618810861e-07
1.867999999999999938e-01	3.592422131909234631e-07
1.874000000000000110e-01	3.581379033267216440e-07
1.882999999999999952e-01	3.568648285904393220e-07
1.889000000000000123e-01	3.552795667510474943e-07
1.895999999999999908e-01	3.532958230720332261e-07
1.905000000000000027e-01	3.517201398143031742e-07
1.912000000000000088e-01	3.518289278457097428e-07
1.920999999999999930e-01	3.524420251412973627e-07
1.927000000000000102e-01	3.510385650959224393e-07
1.932999999999999996e-01	3.485918190489859874e-07
1.942000000000000115e-01	3.454359969049192143e-07
1.950999999999999956e-01	3.436220194859475342e-07
1.958000000000000018e-01	3.421285592421470998e-07
1.963999999999999913e-01	3.418177978579747357e-07
1.973000000000000032e-01	3.405792547197153093e-07
1.980000000000000093e-01	3.385334429314292388e-07
1.988000000000000045e-01	3.339252980310871842e-07
1.995000000000000107e-01	3.278217305625330650e-07
