-0.000000000000000000e+00	1.587244320164804863e-08
0.000000000000000000e+00	1.476717976531849758e-08
2.000000000000000096e-04	1.607218174341460086e-08
5.999999999999999474e-04	1.878470228300879885e-08
1.000000000000000021e-03	2.241554540729867217e-08
1.600000000000000077e-03	2.525517159221417433e-08
2.099999999999999870e-03	2.718675113242771233e-08
2.599999999999999881e-03	2.814138725037724617e-08
3.299999999999999982e-03	2.715868421400715269e-08
4.100000000000000346e-03	2.478973130625526652e-08
4.899999999999999842e-03	2.194467097562481374e-08
5.400000000000000286e-03	1.852899190823736142e-08
6.000000000000000125e-03	1.546452119659776255e-08
6.799999999999999621e-03	1.460194990685021972e-08
7.300000000000000065e-03	1.681246976944370942e-08
8.200000000000000691e-03	2.115569657577985409e-08
8.899999999999999925e-03	2.671706799642887149e-08
9.700000000000000289e-03	3.211418220551171692e-08
1.060000000000000005e-02	3.894328261882086774e-08
1.119999999999999989e-02	4.627224789458827702e-08
1.179999999999999973e-02	5.305594571385303822e-08
1.269999999999999948e-02	5.838177236769244932e-08
1.319999999999999993e-02	6.188171293755829517e-08
1.409999999999999969e-02	6.489371473128718551e-08
1.480000000000000066e-02	6.825131743143484728e-08
1.559999999999999928e-02	7.140507496817192032e-08
1.640000000000000138e-02	7.221932436763918289e-08
1.710000000000000062e-02	6.963377816020690050e-08
1.779999999999999985e-02	6.496701266665978835e-08
1.870000000000000134e-02	5.912675959940016844e-08
1.919999999999999832e-02	5.159697944135529056e-08
2.019999999999999921e-02	4.285596137092896337e-08
2.110000000000000070e-02	3.159354233230362925e-08
2.160000000000000114e-02	1.941309152269040221e-08
2.230000000000000038e-02	6.546100643909016856e-09
2.309999999999999901e-02	-7.538978684956020244e-09
2.380000000000000171e-02	-2.303292378359945761e-08
2.469999999999999973e-02	-3.956988416730815702e-08
2.529999999999999957e-02	-5.741790477081560666e-08
2.620000000000000107e-02	-7.542418811063169585e-08
2.690000000000000030e-02	-9.234371627545069238e-08
2.750000000000000014e-02	-1.074218676912366168e-07
2.840000000000000163e-02	-1.223142955143033482e-07
2.900000000000000147e-02	-1.371600044344505373e-07
2.989999999999999949e-02	-1.546335689205475999e-07
3.090000000000000038e-02	-1.723068982830666944e-07
3.150000000000000022e-02	-1.872634514864882072e-07
3.209999999999999659e-02	-1.999872595653712941e-07
3.300000000000000155e-02	-2.117942947771107529e-07
3.359999999999999792e-02	-2.216081174230485234e-07
3.450000000000000289e-02	-2.305917447092738667e-07
3.540000000000000091e-02	-2.377159529670741857e-07
3.599999999999999728e-02	-2.423416647382090519e-07
3.679999999999999938e-02	-2.446743422442254407e-07
3.749999999999999861e-02	-2.456104132648493649e-07
3.810000000000000192e-02	-2.442793973252540846e-07
3.899999999999999994e-02	-2.405999718527677023e-07
3.969999999999999918e-02	-2.335388970709523050e-07
4.059999999999999720e-02	-2.231357699566437516e-07
4.120000000000000051e-02	-2.082901175174651282e-07
4.200000000000000261e-02	-1.887631998497721077e-07
4.290000000000000063e-02	-1.669173613439867214e-07
4.359999999999999987e-02	-1.405527298556062683e-07
4.429999999999999910e-02	-1.106272215562353625e-07
4.510000000000000120e-02	-7.833158926963208810e-08
4.569999999999999757e-02	-4.750371197273218359e-08
4.660000000000000253e-02	-1.538608381763707538e-08
4.730000000000000177e-02	1.648414893787104165e-08
4.809999999999999692e-02	5.048035054708208842e-08
4.889999999999999902e-02	8.814086595935938423e-08
4.959999999999999826e-02	1.285044022231761611e-07
5.029999999999999749e-02	1.707429023801892272e-07
5.120000000000000245e-02	2.150665049728936557e-07
5.170000000000000290e-02	2.595752538460451856e-07
5.269999999999999685e-02	3.008476148786466234e-07
5.360000000000000181e-02	3.474987784108880287e-07
5.419999999999999818e-02	3.947698183099824096e-07
5.489999999999999741e-02	4.452986465889935802e-07
5.569999999999999951e-02	4.986451194469665386e-07
5.619999999999999996e-02	5.521306541501978921e-07
5.689999999999999919e-02	6.071438792192215613e-07
5.720000000000000084e-02	6.629249309148622334e-07
5.829999999999999766e-02	7.170712045561691667e-07
5.909999999999999976e-02	7.693304826157305061e-07
6.019999999999999657e-02	8.206552181369842946e-07
6.079999999999999988e-02	8.705044912323190667e-07
6.169999999999999790e-02	9.203684544906885477e-07
6.270000000000000573e-02	9.669904875602387335e-07
6.329999999999999516e-02	1.010621574231533516e-06
6.389999999999999847e-02	1.049956186439197166e-06
6.479999999999999649e-02	1.083578816321874967e-06
6.539999999999999980e-02	1.116824304391282754e-06
6.629999999999999782e-02	1.147307267645590943e-06
6.719999999999999585e-02	1.177936206437498473e-06
6.779999999999999916e-02	1.207481341600545146e-06
6.869999999999999718e-02	1.232822326017058361e-06
6.930000000000000049e-02	1.255711857245249521e-06
7.000000000000000666e-02	1.275017961796231200e-06
7.080000000000000182e-02	1.290555879788508599e-06
7.149999999999999412e-02	1.303173002775193727e-06
7.240000000000000602e-02	1.312839229499174996e-06
7.330000000000000404e-02	1.319862290592849858e-06
7.389999999999999347e-02	1.323759489856894147e-06
7.439999999999999392e-02	1.324881286254643405e-06
7.520000000000000295e-02	1.323061993065396416e-06
7.589999999999999525e-02	1.318244445894826260e-06
7.689999999999999614e-02	1.308138605724185411e-06
7.749999999999999944e-02	1.296452959103663630e-06
7.820000000000000562e-02	1.281972780247603940e-06
7.889999999999999791e-02	1.267282153126531771e-06
7.989999999999999880e-02	1.252292578349335903e-06
8.050000000000000211e-02	1.237411162223846079e-06
8.140000000000000013e-02	1.222653759768689212e-06
8.200000000000000344e-02	1.206802668994306960e-06
8.290000000000000147e-02	1.189085372086289850e-06
8.350000000000000477e-02	1.170908138793123499e-06
8.440000000000000280e-02	1.151699411125812772e-06
8.500000000000000611e-02	1.133609620428612220e-06
8.559999999999999554e-02	1.113073706281440564e-06
8.649999999999999356e-02	1.090939241955419653e-06
8.740000000000000546e-02	1.066816207302120478e-06
8.809999999999999776e-02	1.043017640157244302e-06
8.899999999999999578e-02	1.018847484870122615e-06
8.959999999999999909e-02	9.961816160525263159e-07
9.020000000000000240e-02	9.736060330117130400e-07
9.110000000000000042e-02	9.495618257300051714e-07
9.180000000000000659e-02	9.303204207202038156e-07
9.260000000000000175e-02	9.144970042664277824e-07
9.320000000000000506e-02	9.007256746056507624e-07
9.410000000000000309e-02	8.882913927435835849e-07
9.479999999999999538e-02	8.749651742356206068e-07
9.569999999999999341e-02	8.600426070674325024e-07
9.629999999999999671e-02	8.470377637714759985e-07
9.690000000000000002e-02	8.355650569618433624e-07
9.779999999999999805e-02	8.260658667702256643e-07
9.869999999999999607e-02	8.208513628764832363e-07
9.919999999999999651e-02	8.167365876670824922e-07
1.000999999999999945e-01	8.146377495446513251e-07
1.006999999999999978e-01	8.135801985927010216e-07
1.015999999999999959e-01	8.152542500351672290e-07
1.025999999999999968e-01	8.176102470164659199e-07
1.032000000000000001e-01	8.203638927188815261e-07
1.038000000000000034e-01	8.247433143300437571e-07
1.048000000000000043e-01	8.291293324556118481e-07
1.053999999999999937e-01	8.346454701741913773e-07
1.063000000000000056e-01	8.393357421953945228e-07
1.068999999999999950e-01	8.436825830542959710e-07
1.074999999999999983e-01	8.472042905683459922e-07
1.084999999999999992e-01	8.502654834199850633e-07
1.091000000000000025e-01	8.547704577885230218e-07
1.097000000000000058e-01	8.604669358418684558e-07
1.107000000000000067e-01	8.672554749934382427e-07
1.116000000000000048e-01	8.732656899184147590e-07
1.116000000000000048e-01	8.825493570867619240e-07
1.129000000000000004e-01	8.902895850260568412e-07
1.135000000000000037e-01	8.985504375596308098e-07
1.145000000000000046e-01	9.073161607929999160e-07
1.146999999999999964e-01	9.194244923763732132e-07
1.159000000000000030e-01	9.289815079164143275e-07
1.166999999999999982e-01	9.421726334917495247e-07
1.173000000000000015e-01	9.541188157057411409e-07
1.181999999999999995e-01	9.668771504195281373e-07
1.189000000000000057e-01	9.784216877316924981e-07
1.190999999999999975e-01	9.871597924676160725e-07
1.203999999999999931e-01	9.931889347538825761e-07
1.209999999999999964e-01	9.969992577166323297e-07
1.218999999999999945e-01	9.974843373428762025e-07
1.228000000000000064e-01	9.970152895466553977e-07
1.234999999999999987e-01	9.992666242355191617e-07
1.241000000000000020e-01	1.003894213003911077e-06
1.250000000000000000e-01	1.009221111087597435e-06
1.257000000000000062e-01	1.015855920518842477e-06
1.265000000000000013e-01	1.023163585062510336e-06
1.272000000000000075e-01	1.032493794775226154e-06
1.277999999999999969e-01	1.038642319707299599e-06
1.287000000000000088e-01	1.042906694637510386e-06
1.292999999999999983e-01	1.045534365641565648e-06
1.302000000000000102e-01	1.046935232681848174e-06
1.310999999999999943e-01	1.050133556939927133e-06
1.318000000000000005e-01	1.055233947466808199e-06
1.323000000000000009e-01	1.061658191209226873e-06
1.333000000000000018e-01	1.069083124780202727e-06
1.338999999999999913e-01	1.076942815474628560e-06
1.348000000000000032e-01	1.086040147891781810e-06
1.353999999999999926e-01	1.094148956856263871e-06
1.360999999999999988e-01	1.101633625542467500e-06
1.370000000000000107e-01	1.106374044086524818e-06
1.376000000000000001e-01	1.110419385089483213e-06
1.386000000000000010e-01	1.110930030503655437e-06
1.391000000000000014e-01	1.113658787955569765e-06
1.398000000000000076e-01	1.115360558680309562e-06
1.401999999999999913e-01	1.118766020696001223e-06
1.413999999999999979e-01	1.120087606276997367e-06
1.423000000000000098e-01	1.121506627774256706e-06
1.429999999999999882e-01	1.121768414914049542e-06
1.438000000000000111e-01	1.121583791460967562e-06
1.444999999999999896e-01	1.121611910128168356e-06
1.454000000000000015e-01	1.121448321010310109e-06
1.456999999999999962e-01	1.122438299707557704e-06
1.468000000000000138e-01	1.122948453473193877e-06
1.469999999999999918e-01	1.123508483134449840e-06
1.482999999999999874e-01	1.121981372895888530e-06
1.491999999999999993e-01	1.119029077486927394e-06
1.497999999999999887e-01	1.116197584788396800e-06
1.507000000000000006e-01	1.113560722472762174e-06
1.514000000000000068e-01	1.111167627760817313e-06
1.519000000000000072e-01	1.108448218935159999e-06
1.529000000000000081e-01	1.106814595638132217e-06
1.537999999999999923e-01	1.103607372699409256e-06
1.544000000000000095e-01	1.097120949901390355e-06
1.550999999999999879e-01	1.088791293697052770e-06
1.557000000000000051e-01	1.081078252522206402e-06
1.567000000000000060e-01	1.068336260036871803e-06
1.575999999999999901e-01	1.059359095613746446e-06
1.582000000000000073e-01	1.054596853454927790e-06
1.587999999999999967e-01	1.051119347499365275e-06
1.597000000000000086e-01	1.048570477411007658e-06
1.605999999999999928e-01	1.046468567198122558e-06
1.612999999999999989e-01	1.042291296975218825e-06
1.618999999999999884e-01	1.037174409500054180e-06
1.625000000000000056e-01	1.031886526716489985e-06
1.635000000000000064e-01	1.026643220362993343e-06
1.643999999999999906e-01	1.021318645766598326e-06
1.650000000000000078e-01	1.015731920152466599e-06
1.655999999999999972e-01	1.010370287740225265e-06
1.663000000000000034e-01	1.004815903208165211e-06
1.671999999999999875e-01	9.995710543350900009e-07
1.680999999999999994e-01	9.941571791078604745e-07
1.688000000000000056e-01	9.877796005180273508e-07
1.693000000000000060e-01	9.809131807943840872e-07
1.703000000000000069e-01	9.751216363938060697e-07
1.708999999999999964e-01	9.703049007133690704e-07
1.718000000000000083e-01	9.656993140477734768e-07
1.724999999999999867e-01	9.603749610099554556e-07
1.731000000000000039e-01	9.543533763018753262e-07
1.741000000000000048e-01	9.463894450538403700e-07
1.746999999999999942e-01	9.380311176130203671e-07
1.756000000000000061e-01	9.305039484178292317e-07
1.761999999999999955e-01	9.248279639859466942e-07
1.768000000000000127e-01	9.196215095279441414e-07
1.776999999999999968e-01	9.133929424175989227e-07
1.784000000000000030e-01	9.054092952793050804e-07
1.792999999999999872e-01	8.955438820392512792e-07
1.799999999999999933e-01	8.869481235080695310e-07
1.809000000000000052e-01	8.754536879288183738e-07
1.814999999999999947e-01	8.674781411899600186e-07
1.824000000000000066e-01	8.594459028668868110e-07
1.831000000000000127e-01	8.551974022961966026e-07
1.837000000000000022e-01	8.527130835620646242e-07
1.845999999999999863e-01	8.504965989179924904e-07
1.849999999999999978e-01	8.463211068267226449e-07
1.859000000000000097e-01	8.417715766496675464e-07
1.867999999999999938e-01	8.360970482070399601e-07
1.874000000000000110e-01	8.298093573869205613e-07
1.884000000000000119e-01	8.226160433462127887e-07
1.890000000000000013e-01	8.152081531212813295e-07
1.899000000000000132e-01	8.071334678704409462e-07
1.905999999999999917e-01	8.005058213548457597e-07
1.912000000000000088e-01	7.956381962717729731e-07
1.922000000000000097e-01	7.919614279013732282e-07
1.927999999999999992e-01	7.867717824109300429e-07
1.935999999999999943e-01	7.797845835995168045e-07
1.943000000000000005e-01	7.735033585265712562e-07
1.948999999999999899e-01	7.681384025528513852e-07
1.958999999999999908e-01	7.629659799357234188e-07
1.965000000000000080e-01	7.578489824899405721e-07
1.973999999999999921e-01	7.508430043307472118e-07
1.980000000000000093e-01	7.436507320094248035e-07
1.985999999999999988e-01	7.350699444241111825e-07
1.995999999999999996e-01	7.231829045143669450e-07
