-0.000000000000000000e+00	-2.026240508712362498e-09
1.000000000000000048e-04	-1.674521854511112906e-09
2.000000000000000096e-04	-1.380252707179038185e-09
5.999999999999999474e-04	-9.335090175918748032e-11
1.199999999999999895e-03	2.886608285734837409e-09
1.600000000000000077e-03	4.250037673674751629e-09
2.099999999999999870e-03	5.350950123220587732e-09
2.599999999999999881e-03	5.643872002211454638e-09
3.299999999999999982e-03	3.943861863236822340e-09
4.000000000000000083e-03	8.902495686018230721e-10
4.599999999999999922e-03	-1.654689316278081469e-09
5.300000000000000024e-03	-3.753081124153246202e-09
6.000000000000000125e-03	-4.192372091691586911e-09
6.599999999999999964e-03	-3.250189392504192415e-09
7.400000000000000328e-03	-1.622229091285692793e-09
8.099999999999999561e-03	-9.998508428606296493e-10
8.800000000000000530e-03	-1.458266945411091299e-09
9.700000000000000289e-03	-3.889642002785794209e-09
1.030000000000000013e-02	-6.445133608249999539e-09
1.099999999999999936e-02	-8.294495839660821131e-09
1.190000000000000085e-02	-6.967131107653819541e-09
1.250000000000000069e-02	-5.315609938237276617e-09
1.329999999999999932e-02	-4.054217541585712149e-09
1.409999999999999969e-02	-3.842894848091580639e-09
1.469999999999999953e-02	-3.903321010600156624e-09
1.549999999999999989e-02	-3.725386794608442877e-09
1.640000000000000138e-02	-3.066002335872542908e-09
1.720000000000000001e-02	-3.281675088625075306e-09
1.779999999999999985e-02	-3.629719469757242415e-09
1.870000000000000134e-02	-3.281159519401110692e-09
1.949999999999999997e-02	-1.994881294444177353e-09
2.000000000000000042e-02	-1.141766325697532816e-09
2.089999999999999844e-02	-8.759605116240916256e-10
2.149999999999999828e-02	-1.518622359450970906e-09
2.239999999999999977e-02	-1.964954859843195984e-09
2.319999999999999840e-02	-1.680670828233207480e-09
2.380000000000000171e-02	-1.795041505985986697e-09
2.460000000000000034e-02	-2.607321275579489693e-09
2.560000000000000123e-02	-5.666528256095516821e-09
2.580000000000000002e-02	-6.443897859753633384e-09
2.690000000000000030e-02	-9.160490920596233064e-09
2.750000000000000014e-02	-1.022077102821259866e-08
2.829999999999999877e-02	-1.112554649260829836e-08
2.920000000000000026e-02	-1.083014871009216210e-08
2.980000000000000010e-02	-1.060052963872629907e-08
3.070000000000000159e-02	-1.117416999300390417e-08
3.150000000000000022e-02	-1.218436987372734968e-08
3.219999999999999946e-02	-1.283602640874272674e-08
3.289999999999999869e-02	-1.314798859146455257e-08
3.379999999999999671e-02	-1.261141700312305529e-08
3.440000000000000002e-02	-1.225771032698010035e-08
3.520000000000000212e-02	-1.209461127408719613e-08
3.599999999999999728e-02	-1.204296757867271489e-08
3.670000000000000345e-02	-1.212577131687628650e-08
3.740000000000000269e-02	-1.231016083756788555e-08
3.819999999999999785e-02	-1.187062776556955299e-08
3.899999999999999994e-02	-1.060857021559287853e-08
3.980000000000000204e-02	-9.184458612690213197e-09
4.059999999999999720e-02	-7.952320517239584080e-09
4.120000000000000051e-02	-7.493907921988061667e-09
4.200000000000000261e-02	-7.701817360116783437e-09
4.279999999999999777e-02	-8.068651612793859371e-09
4.359999999999999987e-02	-7.350337026149814094e-09
4.429999999999999910e-02	-5.523880700874248401e-09
4.519999999999999712e-02	-2.551283177668949203e-09
4.569999999999999757e-02	-6.581110828548635111e-10
4.649999999999999967e-02	2.335339932734794578e-09
4.710000000000000298e-02	3.588156760565674685e-09
4.800000000000000100e-02	3.175774867947301747e-09
4.889999999999999902e-02	3.616082056519485229e-09
4.959999999999999826e-02	5.070894966011218933e-09
5.029999999999999749e-02	5.518014100575222761e-09
5.109999999999999959e-02	6.816991993282524837e-09
5.170000000000000290e-02	6.238362539268003987e-09
5.260000000000000092e-02	2.714322453652147519e-10
5.349999999999999895e-02	1.238220193044980988e-09
5.419999999999999818e-02	1.258363491086465981e-09
5.480000000000000149e-02	1.360076979703122304e-09
5.569999999999999951e-02	3.097198240780877558e-09
5.639999999999999875e-02	4.840382033569348382e-09
5.709999999999999798e-02	5.680928960316515766e-09
5.800000000000000294e-02	6.214295484231972297e-09
5.859999999999999931e-02	7.076275567945077189e-09
5.940000000000000141e-02	6.797934717788623881e-09
6.029999999999999943e-02	9.804832661080710853e-09
6.079999999999999988e-02	1.204600087452461335e-08
6.169999999999999790e-02	1.374870959290287767e-08
6.260000000000000286e-02	1.370854363358375849e-08
6.320000000000000617e-02	1.402213213483179029e-08
6.400000000000000133e-02	1.289961486523711871e-08
6.460000000000000464e-02	1.165203888412034068e-08
6.539999999999999980e-02	1.124229061100048207e-08
6.629999999999999782e-02	1.090075890880356452e-08
6.690000000000000113e-02	1.191632270773764689e-08
6.769999999999999629e-02	1.347407350533420887e-08
6.829999999999999960e-02	1.413946140619126483e-08
6.919999999999999762e-02	1.407644111959036472e-08
7.000000000000000666e-02	1.342348639972063466e-08
7.090000000000000469e-02	1.191297371860855492e-08
7.149999999999999412e-02	1.155934734803373728e-08
7.230000000000000315e-02	1.133088318556319676e-08
7.290000000000000646e-02	1.165302582718420737e-08
7.370000000000000162e-02	1.242017433110614250e-08
7.459999999999999964e-02	1.276393439659628573e-08
7.510000000000000009e-02	1.349672653950396613e-08
7.599999999999999811e-02	1.494166536691206241e-08
7.689999999999999614e-02	1.592820808582473546e-08
7.770000000000000517e-02	1.735190386417514477e-08
7.820000000000000562e-02	1.799761720407449367e-08
7.910000000000000364e-02	1.759019596647704020e-08
8.000000000000000167e-02	1.778679152038793789e-08
8.060000000000000497e-02	1.853437135523063109e-08
8.140000000000000013e-02	1.986532174513895272e-08
8.210000000000000631e-02	2.071071986678112906e-08
8.279999999999999860e-02	1.976518458016773394e-08
8.359999999999999376e-02	1.722457909636432305e-08
8.400000000000000522e-02	1.689472709896763304e-08
8.500000000000000611e-02	1.789238243288385567e-08
8.580000000000000127e-02	1.926088089021504857e-08
8.669999999999999929e-02	2.177601743369450560e-08
8.719999999999999973e-02	2.413188708797681999e-08
8.809999999999999776e-02	2.662638959641084821e-08
8.890000000000000679e-02	2.748628784528453982e-08
8.949999999999999623e-02	2.800817560533969714e-08
9.039999999999999425e-02	2.633937443149022532e-08
9.099999999999999756e-02	2.259426218950404539e-08
9.180000000000000659e-02	2.128559790698849366e-08
9.270000000000000462e-02	2.195480929520338558e-08
9.320000000000000506e-02	2.274056037446700619e-08
9.410000000000000309e-02	2.362560104618892280e-08
9.470000000000000639e-02	2.295736237082681358e-08
9.550000000000000155e-02	2.090934846014738015e-08
9.639999999999999958e-02	1.866250030176533010e-08
9.690000000000000002e-02	1.779861011658468927e-08
9.779999999999999805e-02	1.752016142863520863e-08
9.869999999999999607e-02	2.011007420337039364e-08
9.929999999999999938e-02	2.257124916842029308e-08
1.000999999999999945e-01	2.524563314017612303e-08
1.005999999999999950e-01	2.655725098352752010e-08
1.015999999999999959e-01	2.947881036656566528e-08
1.024000000000000049e-01	3.131393917002507778e-08
1.032000000000000001e-01	3.124917219844706707e-08
1.038000000000000034e-01	2.969524932720874035e-08
1.045999999999999985e-01	2.722520735123300504e-08
1.052000000000000018e-01	2.664304333767787969e-08
1.060999999999999999e-01	2.759741965673481967e-08
1.068999999999999950e-01	2.928574302483241111e-08
1.074999999999999983e-01	3.008041594074457498e-08
1.083999999999999964e-01	2.982952362801159474e-08
1.089999999999999997e-01	2.963463565745631275e-08
1.097000000000000058e-01	2.936640138477159032e-08
1.107000000000000067e-01	2.908442924877559692e-08
1.111999999999999933e-01	2.907614665883428202e-08
1.120000000000000023e-01	2.915596583426045000e-08
1.127999999999999975e-01	2.891297766264640626e-08
1.136999999999999955e-01	2.553114288639931076e-08
1.144000000000000017e-01	2.412935887443702290e-08
1.151999999999999968e-01	2.404406823380039846e-08
1.154000000000000026e-01	2.417176858671155060e-08
1.165999999999999953e-01	2.608594573080862681e-08
1.174000000000000044e-01	2.951834373059320421e-08
1.179999999999999938e-01	3.344309204408904426e-08
1.189000000000000057e-01	3.889062649503842083e-08
1.197000000000000008e-01	4.038926321459814606e-08
1.203000000000000042e-01	3.935602530042566876e-08
1.212000000000000022e-01	3.412324528713018239e-08
1.217000000000000026e-01	3.026910938705271401e-08
1.226000000000000006e-01	2.438409750399959840e-08
1.233000000000000068e-01	2.021769773818959948e-08
1.239999999999999991e-01	1.912624802243851652e-08
1.248999999999999971e-01	2.036310788603733825e-08
1.257000000000000062e-01	2.275890405520228664e-08
1.262000000000000066e-01	2.488204496549029799e-08
1.272000000000000075e-01	2.980531824096224207e-08
1.277000000000000079e-01	3.211350474430219037e-08
1.287000000000000088e-01	3.435690844339716242e-08
1.295000000000000040e-01	3.458951111249467105e-08
1.300999999999999934e-01	3.451540015472608257e-08
1.308999999999999886e-01	3.403675940739077445e-08
1.318000000000000005e-01	3.365526597672036290e-08
1.327000000000000124e-01	3.441464976352924779e-08
1.332000000000000128e-01	3.509926688599641080e-08
1.340999999999999970e-01	3.591686115508904130e-08
1.346999999999999864e-01	3.666756808298224532e-08
1.355999999999999983e-01	3.855405922926329560e-08
1.363999999999999935e-01	3.907214512945953360e-08
1.368999999999999939e-01	3.876262162008386543e-08
1.378000000000000058e-01	3.596039944060266726e-08
1.386999999999999900e-01	3.300462641766875334e-08
1.393000000000000071e-01	3.106679339784140255e-08
1.401000000000000023e-01	2.898077866575476946e-08
1.409999999999999865e-01	2.786541131172270980e-08
1.416000000000000036e-01	2.769005409664229605e-08
1.424999999999999878e-01	2.715620392573312126e-08
1.429999999999999882e-01	2.661510792079190277e-08
1.438000000000000111e-01	2.528939546664332738e-08
1.448000000000000120e-01	2.342982761479616343e-08
1.453000000000000125e-01	2.231503436289066207e-08
1.459999999999999909e-01	2.165976459779751694e-08
1.469000000000000028e-01	2.312582125796325272e-08
1.476999999999999980e-01	2.556223354787313835e-08
1.484999999999999931e-01	2.739230219360691800e-08
1.491000000000000103e-01	2.883392613451873657e-08
1.499999999999999944e-01	2.976685209432616830e-08
1.507000000000000006e-01	3.093067435385749268e-08
1.514000000000000068e-01	3.247360270494624317e-08
1.522999999999999909e-01	3.541349616904536314e-08
1.527999999999999914e-01	3.658410274075110900e-08
1.535999999999999865e-01	3.786714399211587402e-08
1.542000000000000037e-01	3.760459791994454295e-08
1.550999999999999879e-01	3.514452535433256835e-08
1.559999999999999998e-01	3.318898616717045798e-08
1.562999999999999945e-01	3.227765432711748872e-08
1.574000000000000121e-01	2.724684679049785522e-08
1.582999999999999963e-01	2.699338387508565134e-08
1.589000000000000135e-01	2.783539727829705384e-08
1.597000000000000086e-01	2.929223487136214588e-08
1.605999999999999928e-01	3.180454655193898361e-08
1.612000000000000099e-01	3.296426121953164054e-08
1.620000000000000051e-01	3.342981011542626620e-08
1.628000000000000003e-01	3.390303021409544444e-08
1.633999999999999897e-01	3.487398632168543881e-08
1.643000000000000016e-01	3.599677711463300511e-08
1.648999999999999910e-01	3.600030652503430842e-08
1.658000000000000029e-01	3.428664285820559599e-08
1.665999999999999981e-01	3.257866147860383498e-08
1.671999999999999875e-01	3.203639543546264910e-08
1.680999999999999994e-01	3.191974420101723873e-08
1.688999999999999946e-01	3.284642957623873372e-08
1.695000000000000118e-01	3.406791879472123607e-08
1.698000000000000065e-01	3.460479184166453918e-08
1.711000000000000021e-01	3.566591999515367206e-08
1.719999999999999862e-01	3.629084496072666632e-08
1.726000000000000034e-01	3.736603870170298222e-08
1.733000000000000096e-01	3.801996228958159918e-08
1.738000000000000100e-01	3.798941180601153756e-08
1.748999999999999999e-01	3.557084944977783303e-08
1.758000000000000118e-01	3.451670238519000122e-08
1.764000000000000012e-01	3.383046021099289646e-08
1.771000000000000074e-01	3.273970605732756667e-08
1.778000000000000136e-01	3.115051054516694329e-08
1.784999999999999920e-01	2.988063509031115656e-08
1.791999999999999982e-01	2.925460554405114739e-08
1.801000000000000101e-01	3.003078297152273215e-08
1.804000000000000048e-01	3.032036488548328634e-08
1.814999999999999947e-01	2.860432604706653113e-08
1.821000000000000119e-01	2.690300709522854103e-08
1.827000000000000013e-01	2.607320936931500910e-08
1.837000000000000022e-01	2.787598332069307503e-08
1.845999999999999863e-01	2.956006565714007407e-08
1.845999999999999863e-01	3.044574296641032706e-08
1.860999999999999877e-01	3.214527756095629105e-08
1.867999999999999938e-01	3.353381427260055516e-08
1.877999999999999947e-01	3.455062440546235884e-08
1.882999999999999952e-01	3.450396703053880200e-08
1.892000000000000071e-01	3.356213303563420534e-08
1.900999999999999912e-01	3.252399949360551545e-08
1.907000000000000084e-01	3.285914949281182989e-08
1.915000000000000036e-01	3.385043686183922417e-08
1.920999999999999930e-01	3.404064876556526596e-08
1.928999999999999881e-01	3.299104459926550835e-08
1.938000000000000000e-01	3.030008066727982954e-08
1.943999999999999895e-01	2.935154831660333171e-08
1.953000000000000014e-01	2.978493346061019723e-08
1.958000000000000018e-01	3.192502704768305968e-08
1.968000000000000027e-01	3.632612278650142812e-08
1.971999999999999864e-01	3.764923347751605485e-08
1.981999999999999873e-01	3.912427501805520057e-08
1.986999999999999877e-01	3.833903471596373171e-08
1.998000000000000054e-01	3.246673479042905410e-08
