-0.000000000000000000e+00	-1.861600651409389684e-08
-0.000000000000000000e+00	-1.895098478144063847e-08
2.000000000000000096e-04	-1.722575361856129675e-08
5.000000000000000104e-04	-1.614213829270738643e-08
8.999999999999999754e-04	-1.484219541887244752e-08
1.299999999999999940e-03	-1.550267849847544493e-08
1.899999999999999996e-03	-1.681232220107631292e-08
2.599999999999999881e-03	-1.767074046064325753e-08
3.099999999999999891e-03	-1.892986745133384829e-08
3.700000000000000164e-03	-2.039146827047385997e-08
4.499999999999999660e-03	-2.126331983499240931e-08
5.199999999999999761e-03	-2.193612548915546099e-08
5.799999999999999600e-03	-2.202888932659724917e-08
6.499999999999999702e-03	-2.168012347592848921e-08
7.100000000000000408e-03	-2.051054723743525514e-08
7.900000000000000772e-03	-1.837499790376691608e-08
8.800000000000000530e-03	-1.496147793921489501e-08
9.299999999999999239e-03	-1.162445322622910737e-08
1.020000000000000073e-02	-8.435741925298358528e-09
1.089999999999999997e-02	-5.795579887027858669e-09
1.149999999999999981e-02	-3.573589424377132673e-09
1.230000000000000017e-02	-3.054396945098927138e-10
1.290000000000000001e-02	1.193525643603481777e-09
1.379999999999999977e-02	1.827555489758032108e-09
1.430000000000000021e-02	2.793276575943892322e-09
1.510000000000000057e-02	3.490995936772378627e-09
1.600000000000000033e-02	5.304083184905029917e-09
1.660000000000000017e-02	4.471516490411886480e-09
1.739999999999999880e-02	8.685365006447042615e-10
1.830000000000000029e-02	-3.965725451843974091e-09
1.880000000000000074e-02	-9.903447867426792057e-09
1.969999999999999876e-02	-1.573766894580330700e-08
2.060000000000000026e-02	-2.310592362603718800e-08
2.120000000000000009e-02	-3.267532799700383777e-08
2.199999999999999872e-02	-4.395978692173230229e-08
2.270000000000000143e-02	-5.627346447840608074e-08
2.340000000000000066e-02	-6.887195076278873133e-08
2.429999999999999868e-02	-8.132667601153071266e-08
2.489999999999999852e-02	-9.337312843080570780e-08
2.570000000000000062e-02	-1.062276390029170532e-07
2.639999999999999986e-02	-1.183500397729833750e-07
2.709999999999999909e-02	-1.306365504660789156e-07
2.790000000000000119e-02	-1.422235517466324936e-07
2.879999999999999921e-02	-1.542051193651849459e-07
2.949999999999999845e-02	-1.670684250579592657e-07
3.020000000000000115e-02	-1.802686408425684505e-07
3.090000000000000038e-02	-1.931167178418365065e-07
3.180000000000000188e-02	-2.048231522167043295e-07
3.250000000000000111e-02	-2.146009274453394076e-07
3.309999999999999748e-02	-2.217128978970397261e-07
3.389999999999999958e-02	-2.268771573712204355e-07
3.479999999999999760e-02	-2.308936303102346154e-07
3.559999999999999970e-02	-2.334117475403499330e-07
3.620000000000000301e-02	-2.350480318453356601e-07
3.699999999999999817e-02	-2.362010462775288033e-07
3.760000000000000148e-02	-2.364030962098695454e-07
3.849999999999999950e-02	-2.347052827644802164e-07
3.939999999999999752e-02	-2.299140078321215697e-07
4.009999999999999676e-02	-2.220768619207275758e-07
4.080000000000000293e-02	-2.107107058267419043e-07
4.159999999999999809e-02	-1.965961430790871072e-07
4.240000000000000019e-02	-1.793968777974441764e-07
4.299999999999999656e-02	-1.588014129083603621e-07
4.379999999999999866e-02	-1.328893808956233315e-07
4.449999999999999789e-02	-1.051837092912918783e-07
4.540000000000000285e-02	-7.722863415438041557e-08
4.619999999999999801e-02	-4.877278372703807411e-08
4.689999999999999725e-02	-2.003649512971605873e-08
4.760000000000000342e-02	9.050567772841770202e-09
4.830000000000000265e-02	3.890650664007479348e-08
4.909999999999999781e-02	7.092571939335490991e-08
4.989999999999999991e-02	1.050518392275989754e-07
5.050000000000000322e-02	1.426193989573221188e-07
5.129999999999999838e-02	1.816228614564758854e-07
5.220000000000000334e-02	2.160240324580822599e-07
5.290000000000000258e-02	2.517760467113966074e-07
5.369999999999999774e-02	2.935283397403087731e-07
5.419999999999999818e-02	3.358646759265123871e-07
5.510000000000000314e-02	3.780147608267725445e-07
5.589999999999999830e-02	4.206887655113471832e-07
5.659999999999999754e-02	4.651737697258795379e-07
5.739999999999999963e-02	5.077281915568262346e-07
5.759999999999999842e-02	5.526858556391979090e-07
5.890000000000000097e-02	5.946774876974814106e-07
5.970000000000000306e-02	6.409697192308688234e-07
6.049999999999999822e-02	6.868386040088852628e-07
6.149999999999999911e-02	7.308953914305095479e-07
6.210000000000000242e-02	7.711788700997605011e-07
6.289999999999999758e-02	8.068334531133854827e-07
6.360000000000000375e-02	8.396542700335983121e-07
6.439999999999999891e-02	8.694898341589852974e-07
6.519999999999999407e-02	8.988944766522660409e-07
6.610000000000000597e-02	9.270464899869198583e-07
6.660000000000000642e-02	9.557213830751944748e-07
6.740000000000000158e-02	9.830251233223802359e-07
6.790000000000000202e-02	1.007785407163563136e-06
6.880000000000000004e-02	1.028648353719809813e-06
6.969999999999999807e-02	1.046482145819499066e-06
7.030000000000000138e-02	1.062267557472296176e-06
7.109999999999999654e-02	1.072786289903771077e-06
7.169999999999999984e-02	1.082156570038061844e-06
7.259999999999999787e-02	1.088588101608672346e-06
7.309999999999999831e-02	1.094031147402148203e-06
7.399999999999999634e-02	1.096826920822648834e-06
7.489999999999999436e-02	1.096303018122449762e-06
7.539999999999999480e-02	1.093761198944775970e-06
7.630000000000000671e-02	1.088175238805888512e-06
7.720000000000000473e-02	1.079958202821074173e-06
7.779999999999999416e-02	1.071947008117823884e-06
7.850000000000000033e-02	1.062598670387160382e-06
7.910000000000000364e-02	1.053601721423547133e-06
8.000000000000000167e-02	1.044196284030926192e-06
8.089999999999999969e-02	1.035598820230779252e-06
8.150000000000000300e-02	1.025578363525911686e-06
8.229999999999999816e-02	1.014521653672788392e-06
8.290000000000000147e-02	1.000910863286717199e-06
8.369999999999999662e-02	9.841141595979703617e-07
8.400000000000000522e-02	9.684866274878162325e-07
8.530000000000000082e-02	9.508350945888706464e-07
8.630000000000000171e-02	9.324771361045263369e-07
8.690000000000000502e-02	9.144372069897298919e-07
8.780000000000000304e-02	8.974070579424777366e-07
8.840000000000000635e-02	8.799810116106546229e-07
8.930000000000000437e-02	8.633853118585185435e-07
8.999999999999999667e-02	8.462158427626115238e-07
9.070000000000000284e-02	8.295381093148535001e-07
9.149999999999999800e-02	8.102092113626172898e-07
9.210000000000000131e-02	7.962342333671659984e-07
9.299999999999999933e-02	7.826855792257816411e-07
9.360000000000000264e-02	7.707651444904124621e-07
9.439999999999999780e-02	7.587042745171856950e-07
9.500000000000000111e-02	7.469015325707590132e-07
9.589999999999999913e-02	7.354348809940347564e-07
9.669999999999999429e-02	7.256467651021285696e-07
9.760000000000000620e-02	7.173754160986624805e-07
9.810000000000000664e-02	7.134463574722757593e-07
9.900000000000000466e-02	7.096462457061515581e-07
9.969999999999999696e-02	7.060706100083026283e-07
1.005000000000000060e-01	7.021023549214078230e-07
1.014000000000000040e-01	7.005385963241751136e-07
1.019000000000000045e-01	7.009190808779124898e-07
1.028000000000000025e-01	7.038556206452059576e-07
1.035999999999999976e-01	7.072485459502786398e-07
1.044000000000000067e-01	7.099752515731569011e-07
1.050999999999999990e-01	7.137991329436361819e-07
1.058000000000000052e-01	7.187277992062824212e-07
1.064999999999999974e-01	7.234833774515174622e-07
1.073000000000000065e-01	7.265948624990414828e-07
1.082000000000000045e-01	7.280250761769890897e-07
1.082000000000000045e-01	7.311145586246381510e-07
1.095000000000000001e-01	7.325782346913759381e-07
1.102999999999999953e-01	7.370219962845831177e-07
1.108999999999999986e-01	7.429901921885389656e-07
1.117999999999999966e-01	7.489221758305575349e-07
1.123999999999999999e-01	7.557352432741026860e-07
1.131999999999999951e-01	7.619551922743994510e-07
1.140999999999999931e-01	7.649508995080251189e-07
1.144000000000000017e-01	7.723913552383451071e-07
1.144000000000000017e-01	7.798962923545545829e-07
1.154000000000000026e-01	7.858761534862424014e-07
1.171999999999999986e-01	7.966598375684384432e-07
1.179999999999999938e-01	8.081031721269563772e-07
1.185999999999999971e-01	8.188629578853579005e-07
1.194000000000000061e-01	8.282152134661801336e-07
1.200999999999999984e-01	8.338984378002707107e-07
1.208000000000000046e-01	8.383012277021599125e-07
1.214999999999999969e-01	8.401966624660417438e-07
1.223999999999999949e-01	8.427296194213340641e-07
1.228999999999999954e-01	8.464004537245273241e-07
1.241000000000000020e-01	8.506361861193046246e-07
1.246000000000000024e-01	8.578554275119067587e-07
1.255000000000000004e-01	8.637799823220005382e-07
1.262999999999999956e-01	8.689182208142794302e-07
1.270000000000000018e-01	8.753645464552044506e-07
1.277000000000000079e-01	8.803730509043816710e-07
1.285000000000000031e-01	8.852592527766847571e-07
1.292999999999999983e-01	8.879759211947154190e-07
1.295000000000000040e-01	8.926200714925244608e-07
1.305999999999999939e-01	8.936379701052801553e-07
1.315000000000000058e-01	8.972227858324291737e-07
1.320999999999999952e-01	9.019871072268870194e-07
1.328999999999999904e-01	9.075247212169503260e-07
1.338000000000000023e-01	9.135086027768594339e-07
1.343999999999999917e-01	9.197864385797764787e-07
1.351999999999999869e-01	9.263775293342435924e-07
1.358000000000000040e-01	9.327668837463110183e-07
1.366999999999999882e-01	9.363577411728722904e-07
1.376000000000000001e-01	9.382298991790392686e-07
1.381000000000000005e-01	9.400131116325574489e-07
1.390000000000000124e-01	9.403925349737628925e-07
1.398000000000000076e-01	9.401353499529281753e-07
1.403999999999999970e-01	9.418371212311770036e-07
1.413000000000000089e-01	9.432385403413405851e-07
1.418999999999999984e-01	9.452239311258381349e-07
1.426999999999999935e-01	9.457845764592899230e-07
1.436000000000000054e-01	9.448265706941587163e-07
1.441999999999999948e-01	9.451649812276204018e-07
1.446999999999999953e-01	9.459174634685041383e-07
1.459000000000000019e-01	9.454039184489656911e-07
1.466999999999999971e-01	9.460974690483050833e-07
1.472999999999999865e-01	9.473561055841972870e-07
1.479999999999999927e-01	9.481887375444735131e-07
1.486999999999999988e-01	9.472075307510540654e-07
1.494000000000000050e-01	9.455919638412524364e-07
1.502000000000000002e-01	9.427596196088311363e-07
1.509999999999999953e-01	9.402008915369963010e-07
1.517999999999999905e-01	9.381762325635293694e-07
1.524999999999999967e-01	9.368074849511635922e-07
1.534000000000000086e-01	9.348806688911993681e-07
1.539999999999999980e-01	9.314248826613944929e-07
1.547999999999999932e-01	9.253721768806173132e-07
1.555999999999999883e-01	9.200538130629471982e-07
1.562999999999999945e-01	9.137702505768174888e-07
1.570000000000000007e-01	9.070953622810208358e-07
1.579000000000000126e-01	9.023406564441816583e-07
1.585000000000000020e-01	8.999624425512390737e-07
1.593999999999999861e-01	8.976726680038404018e-07
1.600999999999999923e-01	8.946283338914771358e-07
1.607999999999999985e-01	8.912246289634510766e-07
1.615999999999999936e-01	8.859763858927975672e-07
1.622999999999999998e-01	8.803446476099526896e-07
1.630999999999999950e-01	8.759537902445819704e-07
1.638000000000000012e-01	8.735149776839534752e-07
1.645999999999999963e-01	8.710879793985929803e-07
1.653000000000000025e-01	8.678297180703202440e-07
1.660999999999999976e-01	8.622951543641240943e-07
1.668999999999999928e-01	8.567285120826557760e-07
1.675000000000000100e-01	8.512389134458551862e-07
1.683000000000000052e-01	8.459215052880608710e-07
1.691999999999999893e-01	8.419484106382724606e-07
1.701000000000000012e-01	8.378044998005548327e-07
1.706999999999999906e-01	8.331058384918146628e-07
1.713000000000000078e-01	8.280272673690946822e-07
1.721000000000000030e-01	8.225064362932243966e-07
1.729999999999999871e-01	8.165984789959747222e-07
1.736000000000000043e-01	8.097811749475237312e-07
1.743999999999999995e-01	8.033041243458217721e-07
1.749999999999999889e-01	7.968482849940825924e-07
1.759000000000000008e-01	7.911070200716448899e-07
1.766999999999999960e-01	7.855290662138624986e-07
1.773000000000000131e-01	7.800234991655288259e-07
1.781999999999999973e-01	7.733871297787347552e-07
1.791000000000000092e-01	7.661653951542110389e-07
1.796000000000000096e-01	7.597816357383706835e-07
1.804999999999999938e-01	7.517175692532885070e-07
1.812999999999999889e-01	7.442525787600735192e-07
1.822000000000000008e-01	7.376967576053703546e-07
1.827999999999999903e-01	7.329575875886343253e-07
1.836000000000000132e-01	7.299145656232066005e-07
1.844999999999999973e-01	7.267392711287394893e-07
1.849999999999999978e-01	7.216337762427480190e-07
1.852999999999999925e-01	7.163352427738365615e-07
1.864000000000000101e-01	7.112608102488593431e-07
1.872999999999999943e-01	7.067418111598322509e-07
1.879000000000000115e-01	7.022318531826486333e-07
1.887000000000000066e-01	6.979055104886738465e-07
1.895999999999999908e-01	6.933340499812338288e-07
1.900999999999999912e-01	6.891263382158285822e-07
1.910999999999999921e-01	6.853992329840188243e-07
1.915999999999999925e-01	6.811549155827378854e-07
1.927000000000000102e-01	6.762161459580684795e-07
1.932999999999999996e-01	6.708612479696487323e-07
1.940999999999999948e-01	6.656360432188125549e-07
1.947000000000000119e-01	6.621504470291276798e-07
1.955999999999999961e-01	6.577023821000753858e-07
1.965000000000000080e-01	6.551906932676651692e-07
1.973000000000000032e-01	6.512292209150573344e-07
1.978999999999999926e-01	6.470946891939359442e-07
1.986999999999999877e-01	6.399463746610398499e-07
1.995999999999999996e-01	6.282067621047327043e-07
