-0.000000000000000000e+00	-1.973113228359579807e-08
-0.000000000000000000e+00	-1.680130878867203137e-08
2.000000000000000096e-04	-1.395965866851170668e-08
5.000000000000000104e-04	-1.182378639441594714e-08
8.000000000000000383e-04	-9.421171398571459576e-09
1.399999999999999986e-03	-7.333173867979752691e-09
2.000000000000000042e-03	-6.698788552312187916e-09
2.599999999999999881e-03	-7.076107733963991668e-09
3.000000000000000062e-03	-8.991405448736010402e-09
3.799999999999999992e-03	-1.207972935012042283e-08
4.499999999999999660e-03	-1.358697138920816364e-08
5.000000000000000104e-03	-1.456984932701743674e-08
5.799999999999999600e-03	-1.667136867725666336e-08
6.599999999999999964e-03	-1.850629510457344870e-08
7.199999999999999803e-03	-1.952000797788468906e-08
8.000000000000000167e-03	-2.020415737167919931e-08
8.500000000000000611e-03	-2.076466502803320397e-08
9.299999999999999239e-03	-2.151125749039887580e-08
1.020000000000000073e-02	-2.224769794864464531e-08
1.099999999999999936e-02	-2.199472612323618480e-08
1.190000000000000085e-02	-2.013709755838613647e-08
1.239999999999999956e-02	-2.058642000890845533e-08
1.319999999999999993e-02	-2.300529111267228292e-08
1.409999999999999969e-02	-2.663572735836822166e-08
1.469999999999999953e-02	-2.918406206672192516e-08
1.549999999999999989e-02	-2.959283719850204216e-08
1.629999999999999852e-02	-2.857290115945195918e-08
1.689999999999999836e-02	-2.877853563971008579e-08
1.779999999999999985e-02	-2.989024211507332623e-08
1.839999999999999969e-02	-3.200036180181516666e-08
1.919999999999999832e-02	-3.446406893870047931e-08
2.000000000000000042e-02	-3.767967857703071379e-08
2.079999999999999905e-02	-4.173332607540717288e-08
2.149999999999999828e-02	-4.697742707996164218e-08
2.239999999999999977e-02	-5.245477163175797390e-08
2.290000000000000022e-02	-5.738685971408988972e-08
2.380000000000000171e-02	-6.288020154731578416e-08
2.460000000000000034e-02	-6.900971419313227549e-08
2.520000000000000018e-02	-7.612307518753167197e-08
2.599999999999999881e-02	-8.232519758402190246e-08
2.690000000000000030e-02	-8.786274807637895577e-08
2.759999999999999953e-02	-9.073729950681528168e-08
2.829999999999999877e-02	-9.379513322436225235e-08
2.910000000000000087e-02	-9.761987986825294348e-08
2.970000000000000070e-02	-1.033482718234421900e-07
3.059999999999999873e-02	-1.103171114346385854e-07
3.150000000000000022e-02	-1.164213018485377814e-07
3.200000000000000067e-02	-1.201442587777828189e-07
3.289999999999999869e-02	-1.240248855885342481e-07
3.370000000000000079e-02	-1.257925757181734680e-07
3.429999999999999716e-02	-1.262183181619606813e-07
3.509999999999999926e-02	-1.251986699773280537e-07
3.590000000000000135e-02	-1.232373237861328275e-07
3.660000000000000059e-02	-1.210117165025308840e-07
3.740000000000000269e-02	-1.184948183487891936e-07
3.819999999999999785e-02	-1.151818646642317245e-07
3.889999999999999708e-02	-1.104266106679699720e-07
3.969999999999999918e-02	-1.049791049093456109e-07
4.039999999999999841e-02	-9.858258254899683026e-08
4.120000000000000051e-02	-9.162574897137215789e-08
4.200000000000000261e-02	-8.304261051985618717e-08
4.270000000000000184e-02	-7.247587274149960904e-08
4.340000000000000108e-02	-5.957021986060540984e-08
4.370000000000000273e-02	-4.615832270119082651e-08
4.479999999999999954e-02	-3.145123960773664522e-08
4.549999999999999878e-02	-1.849692371278720373e-08
4.630000000000000088e-02	-3.926885483451769687e-09
4.719999999999999890e-02	1.056318868817769211e-08
4.789999999999999813e-02	2.499372470287214175e-08
4.850000000000000144e-02	4.038503704204500410e-08
4.939999999999999947e-02	5.686499512979671665e-08
5.020000000000000157e-02	7.449011216962856166e-08
5.090000000000000080e-02	9.422543391046153455e-08
5.170000000000000290e-02	1.116104860104382063e-07
5.249999999999999806e-02	1.242284097716840929e-07
5.310000000000000137e-02	1.428015642740723766e-07
5.390000000000000346e-02	1.609023052357864854e-07
5.480000000000000149e-02	1.786355157526978025e-07
5.530000000000000193e-02	1.991366116409641614e-07
5.619999999999999996e-02	2.210044537369611617e-07
5.670000000000000040e-02	2.421208399372394941e-07
5.790000000000000008e-02	2.609521795169486353e-07
5.850000000000000339e-02	2.789588438209257933e-07
5.940000000000000141e-02	2.951595963778079496e-07
6.019999999999999657e-02	3.152142259183477233e-07
6.079999999999999988e-02	3.370717103323292435e-07
6.160000000000000198e-02	3.581854605144529799e-07
6.250000000000000000e-02	3.770439082804417910e-07
6.310000000000000331e-02	3.947146384696098971e-07
6.389999999999999847e-02	4.106297297531656970e-07
6.450000000000000178e-02	4.258474782684849614e-07
6.539999999999999980e-02	4.409370841355048236e-07
6.619999999999999496e-02	4.557293197756314412e-07
6.679999999999999827e-02	4.707029148676156183e-07
6.740000000000000158e-02	4.848786605761172886e-07
6.819999999999999674e-02	4.967630250724839684e-07
6.909999999999999476e-02	5.074628752455971162e-07
6.969999999999999807e-02	5.171264150144623376e-07
7.049999999999999323e-02	5.253901064268569422e-07
7.140000000000000513e-02	5.311520697330173124e-07
7.190000000000000557e-02	5.386084182741997674e-07
7.280000000000000360e-02	5.446985845851271826e-07
7.340000000000000691e-02	5.509052883956242159e-07
7.430000000000000493e-02	5.545456374019567337e-07
7.489999999999999436e-02	5.559777438216373094e-07
7.580000000000000626e-02	5.561822440518330516e-07
7.660000000000000142e-02	5.555064480659528525e-07
7.749999999999999944e-02	5.541619535102444659e-07
7.799999999999999989e-02	5.523484463176257817e-07
7.889999999999999791e-02	5.495218962573732991e-07
7.950000000000000122e-02	5.483218260925461669e-07
8.029999999999999638e-02	5.476385193003594978e-07
8.119999999999999440e-02	5.472261897438219331e-07
8.179999999999999771e-02	5.443684890486441177e-07
8.260000000000000675e-02	5.385703958941904359e-07
8.350000000000000477e-02	5.305090609891530935e-07
8.429999999999999993e-02	5.240403618125404541e-07
8.490000000000000324e-02	5.190250877737658432e-07
8.580000000000000127e-02	5.121277268926860415e-07
8.659999999999999643e-02	5.056599448268037341e-07
8.719999999999999973e-02	4.988605239335883320e-07
8.799999999999999489e-02	4.934822775394744341e-07
8.890000000000000679e-02	4.872941809392509465e-07
8.939999999999999336e-02	4.827275202544147488e-07
9.030000000000000526e-02	4.767078435773369115e-07
9.110000000000000042e-02	4.677767337518148284e-07
9.180000000000000659e-02	4.615762178699681871e-07
9.229999999999999316e-02	4.565128083467851069e-07
9.320000000000000506e-02	4.516473620050133867e-07
9.400000000000000022e-02	4.477252608039625502e-07
9.470000000000000639e-02	4.433137911471851611e-07
9.560000000000000442e-02	4.380388266243330564e-07
9.619999999999999385e-02	4.334659424909538221e-07
9.690000000000000002e-02	4.283225769372041975e-07
9.760000000000000620e-02	4.230177116652392888e-07
9.850000000000000422e-02	4.192462897467959520e-07
9.909999999999999365e-02	4.160503349300042354e-07
9.990000000000000269e-02	4.150730917157395711e-07
1.005999999999999950e-01	4.152828324851308146e-07
1.014000000000000040e-01	4.173223014634531933e-07
1.023000000000000020e-01	4.197288946711869737e-07
1.030999999999999972e-01	4.213393753036044501e-07
1.037000000000000005e-01	4.228251331475852294e-07
1.044999999999999957e-01	4.229851972508898871e-07
1.050999999999999990e-01	4.233166291150653054e-07
1.058999999999999941e-01	4.236289635858893404e-07
1.068000000000000060e-01	4.239441474949932743e-07
1.076000000000000012e-01	4.236820768227414248e-07
1.082000000000000045e-01	4.244830242388231210e-07
1.091000000000000025e-01	4.250444022166913898e-07
1.098999999999999977e-01	4.266962750282144720e-07
1.105000000000000010e-01	4.294200732157624163e-07
1.112999999999999962e-01	4.303398730695451538e-07
1.118999999999999995e-01	4.317382001206232707e-07
1.126999999999999946e-01	4.322727594355633947e-07
1.132999999999999979e-01	4.331550395292510132e-07
1.141999999999999960e-01	4.316813704266578060e-07
1.150999999999999940e-01	4.340420595104663566e-07
1.156999999999999973e-01	4.347109274813442407e-07
1.166999999999999982e-01	4.388097938588438556e-07
1.171999999999999986e-01	4.427963816975876113e-07
1.180999999999999966e-01	4.495277539582617977e-07
1.184000000000000052e-01	4.544874288704355438e-07
1.194999999999999951e-01	4.612013067815954698e-07
1.203000000000000042e-01	4.644078341615245163e-07
1.212000000000000022e-01	4.648682493967974089e-07
1.218000000000000055e-01	4.670688088463475686e-07
1.226000000000000006e-01	4.676240382545722959e-07
1.234999999999999987e-01	4.686359115588172118e-07
1.241000000000000020e-01	4.727909039458655262e-07
1.248999999999999971e-01	4.775622006930964444e-07
1.257999999999999952e-01	4.816623899541646391e-07
1.264000000000000123e-01	4.852974642737771920e-07
1.272000000000000075e-01	4.918903871162020879e-07
1.277999999999999969e-01	4.966256995855532242e-07
1.285999999999999921e-01	5.007815372251365715e-07
1.295000000000000040e-01	5.017676650525344915e-07
1.300000000000000044e-01	5.025176259678487934e-07
1.307999999999999996e-01	5.022976860712499910e-07
1.315000000000000058e-01	5.035191419240907166e-07
1.323999999999999899e-01	5.055850919177569126e-07
1.328999999999999904e-01	5.085742876392120312e-07
1.338000000000000023e-01	5.126553783853197364e-07
1.343999999999999917e-01	5.179579090182777524e-07
1.353000000000000036e-01	5.239918524496986495e-07
1.360999999999999988e-01	5.282531372825218370e-07
1.366999999999999882e-01	5.286326590318306512e-07
1.375000000000000111e-01	5.274714598527051526e-07
1.385000000000000120e-01	5.234304619164028287e-07
1.390000000000000124e-01	5.228245743204761742e-07
1.398999999999999966e-01	5.206664895511240374e-07
1.403999999999999970e-01	5.217952923565037749e-07
1.413000000000000089e-01	5.228677301800104300e-07
1.421999999999999931e-01	5.242892939650916794e-07
1.426999999999999935e-01	5.255398450009930401e-07
1.436000000000000054e-01	5.256735028842289361e-07
1.444999999999999896e-01	5.268403198513547381e-07
1.451000000000000068e-01	5.283178780452234469e-07
1.459000000000000019e-01	5.285449515482751160e-07
1.461999999999999966e-01	5.294604371875317459e-07
1.474000000000000032e-01	5.309168563347829126e-07
1.481000000000000094e-01	5.332345873293770539e-07
1.487999999999999878e-01	5.347964276604770181e-07
1.496999999999999997e-01	5.361264656495343102e-07
1.502999999999999892e-01	5.365217047326752705e-07
1.511000000000000121e-01	5.364553936202596134e-07
1.517000000000000015e-01	5.358403428766224905e-07
1.526000000000000134e-01	5.368245191235433486e-07
1.534000000000000086e-01	5.365808650857418818e-07
1.539999999999999980e-01	5.353153836823363763e-07
1.549000000000000099e-01	5.308602007158088175e-07
1.557000000000000051e-01	5.275287565363073280e-07
1.562999999999999945e-01	5.235968387751199771e-07
1.570999999999999897e-01	5.187373072070214401e-07
1.577000000000000068e-01	5.172946568111473348e-07
1.585999999999999910e-01	5.170467088753634569e-07
1.595000000000000029e-01	5.176993184475277380e-07
1.600999999999999923e-01	5.185247624936426783e-07
1.608999999999999875e-01	5.200773966517749779e-07
1.617999999999999994e-01	5.189383159444282786e-07
1.622999999999999998e-01	5.163553182660581930e-07
1.632000000000000117e-01	5.132589813483721451e-07
1.638000000000000012e-01	5.112780456784093985e-07
1.645999999999999963e-01	5.089925732951576004e-07
1.655000000000000082e-01	5.052851701969006924e-07
1.660999999999999976e-01	5.011935275417776116e-07
1.668999999999999928e-01	4.979946694512467148e-07
1.678000000000000047e-01	4.962875132064597649e-07
1.683999999999999941e-01	4.949124340550371479e-07
1.693000000000000060e-01	4.939001003443443976e-07
1.701000000000000012e-01	4.925081287490370518e-07
1.706999999999999906e-01	4.912461352794930433e-07
1.710000000000000131e-01	4.901064919496043118e-07
1.723999999999999977e-01	4.894320095753012749e-07
1.731999999999999929e-01	4.883264617636687118e-07
1.738000000000000100e-01	4.861670987684925317e-07
1.743999999999999995e-01	4.838265599425074540e-07
1.751999999999999946e-01	4.801373380368618037e-07
1.761000000000000065e-01	4.778215625875349556e-07
1.766999999999999960e-01	4.760309466366064038e-07
1.774999999999999911e-01	4.744942774010121442e-07
1.781000000000000083e-01	4.723952080597730001e-07
1.789000000000000035e-01	4.690300983156703296e-07
1.797999999999999876e-01	4.647563437890824036e-07
1.804999999999999938e-01	4.591638475608317596e-07
1.812999999999999889e-01	4.538632697167250964e-07
1.822000000000000008e-01	4.503701861810969827e-07
1.827999999999999903e-01	4.495467887594254352e-07
1.837000000000000022e-01	4.503274189317306707e-07
1.845999999999999863e-01	4.498211538092141313e-07
1.850999999999999868e-01	4.476013284469160344e-07
1.859999999999999987e-01	4.452519979414465065e-07
1.867999999999999938e-01	4.426633693960003038e-07
1.875000000000000000e-01	4.394566093105524806e-07
1.882999999999999952e-01	4.354465776982371268e-07
1.887999999999999956e-01	4.315151590222131784e-07
1.897000000000000075e-01	4.269677801360073506e-07
1.905999999999999917e-01	4.233881363924596362e-07
1.912000000000000088e-01	4.216035565871799665e-07
1.920000000000000040e-01	4.208204976609529197e-07
1.928999999999999881e-01	4.183422728595987957e-07
1.935000000000000053e-01	4.142002671190237518e-07
1.943999999999999895e-01	4.097622166157947818e-07
1.952000000000000124e-01	4.072291389611862251e-07
1.960999999999999965e-01	4.066989818716508663e-07
1.965999999999999970e-01	4.056593571555970318e-07
1.975000000000000089e-01	4.041178889540682226e-07
1.980999999999999983e-01	4.018413618808235440e-07
1.988999999999999935e-01	3.971914746403859439e-07
1.996999999999999886e-01	3.901659976626569466e-07
