1.000000000000000048e-04	-2.648121721904317383e-09
1.000000000000000048e-04	-6.922022066646604799e-09
1.000000000000000048e-04	-7.574186611236655153e-09
5.000000000000000104e-04	-5.562029059547057841e-09
8.000000000000000383e-04	-2.685425215531722642e-09
1.299999999999999940e-03	5.886701994798124343e-10
1.799999999999999951e-03	3.522129477376184209e-09
2.599999999999999881e-03	6.545465468762730562e-09
3.200000000000000153e-03	6.901532567207701215e-09
3.700000000000000164e-03	5.545260050156350736e-09
4.400000000000000265e-03	3.305834863037242276e-09
5.199999999999999761e-03	2.089478414928394052e-10
6.000000000000000125e-03	-2.200692381646595686e-09
6.499999999999999702e-03	-3.719137888222397498e-09
7.300000000000000065e-03	-4.933845473489839188e-09
8.099999999999999561e-03	-5.987249781143778854e-09
8.699999999999999400e-03	-6.354933863764360751e-09
9.499999999999999764e-03	-6.952782407592888118e-09
1.009999999999999960e-02	-7.336732935649625571e-09
1.089999999999999997e-02	-7.568000319671998179e-09
1.179999999999999973e-02	-6.564457263831317056e-09
1.230000000000000017e-02	-6.678453810944098503e-09
1.310000000000000053e-02	-7.802379036094477036e-09
1.400000000000000029e-02	-1.033060932085062046e-08
1.460000000000000013e-02	-1.258375035349666223e-08
1.540000000000000049e-02	-1.416316179533337732e-08
1.600000000000000033e-02	-1.509646562090507209e-08
1.689999999999999836e-02	-1.532821744715625960e-08
1.770000000000000046e-02	-1.537448229537495107e-08
1.820000000000000090e-02	-1.477560895993218891e-08
1.909999999999999892e-02	-1.348361817618813127e-08
2.000000000000000042e-02	-1.264236946218035640e-08
2.060000000000000026e-02	-1.317907317327998198e-08
2.129999999999999949e-02	-1.527280994188719319e-08
2.220000000000000098e-02	-1.799087864752403398e-08
2.309999999999999901e-02	-2.024417738146439402e-08
2.369999999999999885e-02	-2.208694951414827914e-08
2.460000000000000034e-02	-2.335687446234024019e-08
2.510000000000000078e-02	-2.454432035392528633e-08
2.599999999999999881e-02	-2.610016406614589617e-08
2.680000000000000090e-02	-2.828318423805185504e-08
2.740000000000000074e-02	-2.901658284321045974e-08
2.819999999999999937e-02	-2.987227101842971783e-08
2.879999999999999921e-02	-3.039401399710813543e-08
2.980000000000000010e-02	-3.178574499849099656e-08
3.059999999999999873e-02	-3.282817705443982798e-08
3.119999999999999857e-02	-3.259451011033872472e-08
3.200000000000000067e-02	-3.138780770013999482e-08
3.259999999999999704e-02	-3.009464252214078547e-08
3.350000000000000200e-02	-2.891618743707774478e-08
3.429999999999999716e-02	-2.811081204291117121e-08
3.490000000000000047e-02	-2.781678176688728854e-08
3.570000000000000256e-02	-2.815558993226603344e-08
3.649999999999999772e-02	-2.917817425333843651e-08
3.710000000000000103e-02	-3.008545108343221846e-08
3.799999999999999906e-02	-3.077454771164589474e-08
3.889999999999999708e-02	-2.981002348435710750e-08
3.939999999999999752e-02	-2.745622396105318330e-08
4.030000000000000249e-02	-2.514938228984056458e-08
4.089999999999999886e-02	-2.180908609261678066e-08
4.170000000000000095e-02	-1.808993488339183386e-08
4.259999999999999898e-02	-1.376067144869036821e-08
4.309999999999999942e-02	-8.510749568978022643e-09
4.399999999999999745e-02	-3.034772935367622433e-09
4.469999999999999668e-02	2.698517972343184876e-09
4.540000000000000285e-02	6.446711608987244208e-09
4.630000000000000088e-02	1.001842520054196939e-08
4.689999999999999725e-02	1.304724150941183325e-08
4.769999999999999934e-02	1.456280273617538528e-08
4.859999999999999737e-02	1.523990619950821071e-08
4.920000000000000068e-02	1.842795694706297941e-08
5.000000000000000278e-02	2.203058004717140280e-08
5.079999999999999793e-02	2.669633034057450676e-08
5.140000000000000124e-02	3.042724472379632061e-08
5.199999999999999761e-02	3.353975790149727812e-08
5.319999999999999729e-02	3.015825339085514362e-08
5.390000000000000346e-02	3.402071733281482557e-08
5.469999999999999862e-02	3.799103483974517183e-08
5.489999999999999741e-02	4.452099738435061756e-08
5.619999999999999996e-02	5.370094224788033432e-08
5.680000000000000326e-02	6.020303208207588796e-08
5.770000000000000129e-02	6.360981178583284594e-08
5.850000000000000339e-02	6.474567039918574031e-08
5.899999999999999689e-02	6.741704208425440127e-08
5.990000000000000185e-02	7.137689199532131738e-08
6.079999999999999988e-02	7.848485884527661658e-08
6.149999999999999911e-02	8.526937478176134358e-08
6.219999999999999835e-02	9.046967307621739486e-08
6.289999999999999758e-02	9.457366241061154466e-08
6.370000000000000662e-02	9.877570176344281050e-08
6.450000000000000178e-02	1.021940826288178988e-07
6.539999999999999980e-02	1.069555092950685997e-07
6.610000000000000597e-02	1.112126326275259801e-07
6.679999999999999827e-02	1.154518400880988338e-07
6.750000000000000444e-02	1.193938972555508598e-07
6.819999999999999674e-02	1.214217665541369862e-07
6.900000000000000577e-02	1.231499002818534910e-07
6.980000000000000093e-02	1.245774185688072132e-07
7.049999999999999323e-02	1.272596107444763726e-07
7.140000000000000513e-02	1.288021581228726192e-07
7.220000000000000029e-02	1.316370039874694883e-07
7.280000000000000360e-02	1.344842012344783236e-07
7.359999999999999876e-02	1.379698435184711668e-07
7.439999999999999392e-02	1.410316402181445803e-07
7.510000000000000009e-02	1.429947601692197597e-07
7.589999999999999525e-02	1.439330404346797677e-07
7.649999999999999856e-02	1.434254284504211977e-07
7.729999999999999372e-02	1.413634338637126430e-07
7.820000000000000562e-02	1.382064272212494799e-07
7.879999999999999505e-02	1.363628891197212871e-07
7.969999999999999307e-02	1.363311195061409244e-07
8.039999999999999925e-02	1.401194748003943978e-07
8.110000000000000542e-02	1.457771322589016800e-07
8.190000000000000058e-02	1.504430658584916521e-07
8.279999999999999860e-02	1.506154378794538474e-07
8.340000000000000191e-02	1.486533556561707668e-07
8.419999999999999707e-02	1.456820281863853280e-07
8.500000000000000611e-02	1.443601360356941212e-07
8.559999999999999554e-02	1.424117215840403729e-07
8.649999999999999356e-02	1.413424336925277370e-07
8.719999999999999973e-02	1.404811000187765147e-07
8.790000000000000591e-02	1.420099036480582421e-07
8.870000000000000107e-02	1.425679021454495844e-07
8.959999999999999909e-02	1.440277855519523825e-07
9.030000000000000526e-02	1.445978809354568841e-07
9.099999999999999756e-02	1.422673514056253531e-07
9.170000000000000373e-02	1.409004725328105536e-07
9.239999999999999603e-02	1.412754995852519188e-07
9.329999999999999405e-02	1.421378927252504186e-07
9.389999999999999736e-02	1.434556170524237670e-07
9.470000000000000639e-02	1.436432734133552767e-07
9.550000000000000155e-02	1.422814732551635110e-07
9.629999999999999671e-02	1.404381439225742762e-07
9.700000000000000289e-02	1.377393659425299702e-07
9.769999999999999518e-02	1.349846891541807198e-07
9.840000000000000135e-02	1.341447348722157421e-07
9.929999999999999938e-02	1.331834547855646543e-07
1.000999999999999945e-01	1.347816649405929451e-07
1.008000000000000007e-01	1.365105368983763340e-07
1.015999999999999959e-01	1.392485823053381431e-07
1.021999999999999992e-01	1.405798276534238868e-07
1.029999999999999943e-01	1.410939015763392871e-07
1.038000000000000034e-01	1.412134253541566663e-07
1.047000000000000014e-01	1.405889747032145886e-07
1.053000000000000047e-01	1.410566394412684093e-07
1.062000000000000027e-01	1.417432544560926418e-07
1.067000000000000032e-01	1.434654425529223389e-07
1.074999999999999983e-01	1.448653548279137006e-07
1.083999999999999964e-01	1.463236020117780388e-07
1.089999999999999997e-01	1.478968712174523358e-07
1.097999999999999948e-01	1.486167386950267596e-07
1.107000000000000067e-01	1.481160973264715470e-07
1.116000000000000048e-01	1.450455903059203309e-07
1.121999999999999942e-01	1.430613594973702739e-07
1.130000000000000032e-01	1.406150165864991625e-07
1.139000000000000012e-01	1.355187949280054105e-07
1.146999999999999964e-01	1.353327547803928610e-07
1.152999999999999997e-01	1.351533765776419866e-07
1.161999999999999977e-01	1.357852478534116254e-07
1.166999999999999982e-01	1.380299910168000180e-07
1.175999999999999962e-01	1.423586457359279735e-07
1.181999999999999995e-01	1.476724657178065764e-07
1.189999999999999947e-01	1.540788287484661031e-07
1.198000000000000037e-01	1.570743989690033709e-07
1.207000000000000017e-01	1.578926546186481538e-07
1.213000000000000050e-01	1.567605557510971324e-07
1.221000000000000002e-01	1.558386812391364105e-07
1.228000000000000064e-01	1.532960564608445436e-07
1.234999999999999987e-01	1.518898723837307317e-07
1.243999999999999967e-01	1.530227820685794235e-07
1.250999999999999890e-01	1.546694947242492867e-07
1.257999999999999952e-01	1.574193717415091434e-07
1.265999999999999903e-01	1.597336566833564719e-07
1.274000000000000132e-01	1.630667311816303508e-07
1.282000000000000084e-01	1.645812496478846353e-07
1.288999999999999868e-01	1.642664955170403118e-07
1.295999999999999930e-01	1.639578833568702179e-07
1.302999999999999992e-01	1.624306260965014052e-07
1.310999999999999943e-01	1.614552863502160066e-07
1.318999999999999895e-01	1.610917147104785230e-07
1.325999999999999956e-01	1.624931513788396842e-07
1.335000000000000075e-01	1.653522332389911753e-07
1.340999999999999970e-01	1.688844607526666938e-07
1.348000000000000032e-01	1.736826001503496310e-07
1.356999999999999873e-01	1.798336768388253404e-07
1.363999999999999935e-01	1.834172392291222011e-07
1.371999999999999886e-01	1.848105568324302088e-07
1.378000000000000058e-01	1.836873359019702534e-07
1.385000000000000120e-01	1.812748176546371274e-07
1.391999999999999904e-01	1.784353929733585562e-07
1.401000000000000023e-01	1.754620910787707544e-07
1.408999999999999975e-01	1.745082785884914588e-07
1.416000000000000036e-01	1.743269469470803092e-07
1.423999999999999988e-01	1.744261697095703597e-07
1.429999999999999882e-01	1.744273947755789988e-07
1.439000000000000001e-01	1.745225727994918099e-07
1.446000000000000063e-01	1.760129191596117915e-07
1.453000000000000125e-01	1.779552568507090536e-07
1.454999999999999905e-01	1.799772051910848096e-07
1.468000000000000138e-01	1.799621652133602905e-07
1.476999999999999980e-01	1.802270229680400643e-07
1.482999999999999874e-01	1.799735587739496795e-07
1.491000000000000103e-01	1.793835220354027478e-07
1.496999999999999997e-01	1.796974531226745375e-07
1.504999999999999949e-01	1.798631410597208347e-07
1.514000000000000068e-01	1.805758478393423275e-07
1.519999999999999962e-01	1.821063375902701636e-07
1.527999999999999914e-01	1.851123608777994925e-07
1.534000000000000086e-01	1.872539829981890253e-07
1.542999999999999927e-01	1.876772586228980799e-07
1.552000000000000046e-01	1.848122186570602630e-07
1.557999999999999940e-01	1.834571119869289140e-07
1.565999999999999892e-01	1.779054450160725595e-07
1.570999999999999897e-01	1.750971402182869826e-07
1.580000000000000016e-01	1.736064481362816291e-07
1.585999999999999910e-01	1.757841884107386653e-07
1.597000000000000086e-01	1.798938140787943627e-07
1.605000000000000038e-01	1.843044534401006997e-07
1.610999999999999932e-01	1.872322386847952560e-07
1.620999999999999941e-01	1.880392989026121551e-07
1.625999999999999945e-01	1.873640865919198356e-07
1.633999999999999897e-01	1.853943789161297066e-07
1.643000000000000016e-01	1.838315029090153985e-07
1.648000000000000020e-01	1.823423169150450481e-07
1.656999999999999862e-01	1.806675539998054309e-07
1.665999999999999981e-01	1.797593042630096390e-07
1.673999999999999932e-01	1.808827505556109827e-07
1.680000000000000104e-01	1.826811175914713750e-07
1.688999999999999946e-01	1.852909861099760747e-07
1.693999999999999950e-01	1.878439234140305877e-07
1.703000000000000069e-01	1.899287993448216253e-07
1.710000000000000131e-01	1.909642343181025785e-07
1.718000000000000083e-01	1.905841473854848912e-07
1.724999999999999867e-01	1.888862480496552827e-07
1.731999999999999929e-01	1.863688632828288527e-07
1.741000000000000048e-01	1.829835677565390013e-07
1.748999999999999999e-01	1.792122504456531343e-07
1.754999999999999893e-01	1.770987081454136031e-07
1.764000000000000012e-01	1.755940530756561202e-07
1.769999999999999907e-01	1.755051050133771840e-07
1.778000000000000136e-01	1.755512969844584808e-07
1.782999999999999863e-01	1.751420573438630992e-07
1.791999999999999982e-01	1.730758306954926115e-07
1.799999999999999933e-01	1.723568307019900213e-07
1.804999999999999938e-01	1.704078773150297678e-07
1.814000000000000057e-01	1.683193594533813121e-07
1.822999999999999898e-01	1.662568365226611955e-07
1.832000000000000017e-01	1.666016061164972574e-07
1.837999999999999912e-01	1.675613492496574781e-07
1.845999999999999863e-01	1.693903996354925053e-07
1.849000000000000088e-01	1.708244496967381565e-07
1.862000000000000044e-01	1.726782013948220884e-07
1.867000000000000048e-01	1.739839455338571168e-07
1.875999999999999890e-01	1.746839225007351066e-07
1.879000000000000115e-01	1.739042350836926509e-07
1.890999999999999903e-01	1.715597858064296784e-07
1.900000000000000022e-01	1.692733924991792292e-07
1.905999999999999917e-01	1.688627613938664042e-07
1.913999999999999868e-01	1.705258761951311137e-07
1.920999999999999930e-01	1.727615697380113039e-07
1.928999999999999881e-01	1.736733051069395680e-07
1.935000000000000053e-01	1.733793430278563531e-07
1.943000000000000005e-01	1.725796758147984598e-07
1.952000000000000124e-01	1.720633818713693182e-07
1.958000000000000018e-01	1.714872874626879236e-07
1.965999999999999970e-01	1.719940389500300397e-07
1.971999999999999864e-01	1.704177390005337273e-07
1.980000000000000093e-01	1.697891923587570403e-07
1.988999999999999935e-01	1.667767473423742581e-07
1.995000000000000107e-01	1.624609992324222518e-07
