0.000000000000000000e+00	0.000000000000000000e+00
1.000000000000000048e-04	0.000000000000000000e+00
5.000000000000000104e-04	0.000000000000000000e+00
8.000000000000000383e-04	0.000000000000000000e+00
1.199999999999999895e-03	0.000000000000000000e+00
1.899999999999999996e-03	0.000000000000000000e+00
2.299999999999999961e-03	0.000000000000000000e+00
3.099999999999999891e-03	0.000000000000000000e+00
3.500000000000000073e-03	0.000000000000000000e+00
4.300000000000000003e-03	0.000000000000000000e+00
5.000000000000000104e-03	0.000000000000000000e+00
5.499999999999999681e-03	0.000000000000000000e+00
6.199999999999999782e-03	0.000000000000000000e+00
6.799999999999999621e-03	0.000000000000000000e+00
7.700000000000000247e-03	0.000000000000000000e+00
8.600000000000000006e-03	0.000000000000000000e+00
9.100000000000000450e-03	0.000000000000000000e+00
1.000000000000000021e-02	0.000000000000000000e+00
1.060000000000000005e-02	0.000000000000000000e+00
1.149999999999999981e-02	0.000000000000000000e+00
1.200000000000000025e-02	0.000000000000000000e+00
1.299999999999999940e-02	0.000000000000000000e+00
1.359999999999999924e-02	0.000000000000000000e+00
1.450000000000000074e-02	0.000000000000000000e+00
1.510000000000000057e-02	0.000000000000000000e+00
1.580000000000000154e-02	0.000000000000000000e+00
1.660000000000000017e-02	0.000000000000000000e+00
1.750000000000000167e-02	0.000000000000000000e+00
1.799999999999999864e-02	0.000000000000000000e+00
1.890000000000000013e-02	0.000000000000000000e+00
1.969999999999999876e-02	0.000000000000000000e+00
2.040000000000000147e-02	0.000000000000000000e+00
2.110000000000000070e-02	0.000000000000000000e+00
2.199999999999999872e-02	0.000000000000000000e+00
2.259999999999999856e-02	0.000000000000000000e+00
2.359999999999999945e-02	0.000000000000000000e+00
2.409999999999999989e-02	0.000000000000000000e+00
2.510000000000000078e-02	0.000000000000000000e+00
2.580000000000000002e-02	0.000000000000000000e+00
2.649999999999999925e-02	0.000000000000000000e+00
2.709999999999999909e-02	0.000000000000000000e+00
2.800000000000000058e-02	0.000000000000000000e+00
2.869999999999999982e-02	0.000000000000000000e+00
2.960000000000000131e-02	0.000000000000000000e+00
3.049999999999999933e-02	0.000000000000000000e+00
3.109999999999999917e-02	0.000000000000000000e+00
3.180000000000000188e-02	0.000000000000000000e+00
3.230000000000000232e-02	0.000000000000000000e+00
3.269999999999999990e-02	0.000000000000000000e+00
3.400000000000000244e-02	0.000000000000000000e+00
3.490000000000000047e-02	0.000000000000000000e+00
3.549999999999999684e-02	0.000000000000000000e+00
3.629999999999999893e-02	0.000000000000000000e+00
3.699999999999999817e-02	0.000000000000000000e+00
3.760000000000000148e-02	0.000000000000000000e+00
3.849999999999999950e-02	0.000000000000000000e+00
3.939999999999999752e-02	0.000000000000000000e+00
4.000000000000000083e-02	0.000000000000000000e+00
4.089999999999999886e-02	0.000000000000000000e+00
4.170000000000000095e-02	0.000000000000000000e+00
4.240000000000000019e-02	0.000000000000000000e+00
4.299999999999999656e-02	0.000000000000000000e+00
4.390000000000000152e-02	0.000000000000000000e+00
4.440000000000000197e-02	0.000000000000000000e+00
4.540000000000000285e-02	0.000000000000000000e+00
4.630000000000000088e-02	0.000000000000000000e+00
4.689999999999999725e-02	0.000000000000000000e+00
4.750000000000000056e-02	0.000000000000000000e+00
4.809999999999999692e-02	0.000000000000000000e+00
4.900000000000000189e-02	0.000000000000000000e+00
4.989999999999999991e-02	0.000000000000000000e+00
5.050000000000000322e-02	0.000000000000000000e+00
5.140000000000000124e-02	0.000000000000000000e+00
5.210000000000000048e-02	0.000000000000000000e+00
5.229999999999999927e-02	0.000000000000000000e+00
5.349999999999999895e-02	0.000000000000000000e+00
5.439999999999999697e-02	0.000000000000000000e+00
5.510000000000000314e-02	0.000000000000000000e+00
5.600000000000000117e-02	0.000000000000000000e+00
5.659999999999999754e-02	0.000000000000000000e+00
5.720000000000000084e-02	0.000000000000000000e+00
5.809999999999999887e-02	0.000000000000000000e+00
5.890000000000000097e-02	0.000000000000000000e+00
5.920000000000000262e-02	0.000000000000000000e+00
6.040000000000000230e-02	0.000000000000000000e+00
6.110000000000000153e-02	0.000000000000000000e+00
6.199999999999999956e-02	0.000000000000000000e+00
6.260000000000000286e-02	0.000000000000000000e+00
6.350000000000000089e-02	0.000000000000000000e+00
6.410000000000000420e-02	0.000000000000000000e+00
6.469999999999999363e-02	0.000000000000000000e+00
6.569999999999999452e-02	0.000000000000000000e+00
6.600000000000000311e-02	0.000000000000000000e+00
6.679999999999999827e-02	0.000000000000000000e+00
6.800000000000000488e-02	0.000000000000000000e+00
6.869999999999999718e-02	0.000000000000000000e+00
6.940000000000000335e-02	0.000000000000000000e+00
7.030000000000000138e-02	0.000000000000000000e+00
7.090000000000000469e-02	0.000000000000000000e+00
7.180000000000000271e-02	0.000000000000000000e+00
7.240000000000000602e-02	0.000000000000000000e+00
7.330000000000000404e-02	0.000000000000000000e+00
7.389999999999999347e-02	0.000000000000000000e+00
7.449999999999999678e-02	0.000000000000000000e+00
7.539999999999999480e-02	0.000000000000000000e+00
7.630000000000000671e-02	0.000000000000000000e+00
7.689999999999999614e-02	0.000000000000000000e+00
7.789999999999999702e-02	0.000000000000000000e+00
7.850000000000000033e-02	0.000000000000000000e+00
7.910000000000000364e-02	0.000000000000000000e+00
8.010000000000000453e-02	0.000000000000000000e+00
8.069999999999999396e-02	0.000000000000000000e+00
8.160000000000000586e-02	0.000000000000000000e+00
8.219999999999999529e-02	0.000000000000000000e+00
8.300000000000000433e-02	0.000000000000000000e+00
8.359999999999999376e-02	0.000000000000000000e+00
8.450000000000000566e-02	0.000000000000000000e+00
8.519999999999999796e-02	0.000000000000000000e+00
8.580000000000000127e-02	0.000000000000000000e+00
8.669999999999999929e-02	0.000000000000000000e+00
8.759999999999999731e-02	0.000000000000000000e+00
8.820000000000000062e-02	0.000000000000000000e+00
8.880000000000000393e-02	0.000000000000000000e+00
8.980000000000000482e-02	0.000000000000000000e+00
9.070000000000000284e-02	0.000000000000000000e+00
9.089999999999999469e-02	0.000000000000000000e+00
9.199999999999999845e-02	0.000000000000000000e+00
9.279999999999999361e-02	0.000000000000000000e+00
9.339999999999999691e-02	0.000000000000000000e+00
9.439999999999999780e-02	0.000000000000000000e+00
9.489999999999999825e-02	0.000000000000000000e+00
9.589999999999999913e-02	0.000000000000000000e+00
9.679999999999999716e-02	0.000000000000000000e+00
9.729999999999999760e-02	0.000000000000000000e+00
9.800000000000000377e-02	0.000000000000000000e+00
9.890000000000000180e-02	0.000000000000000000e+00
9.979999999999999982e-02	0.000000000000000000e+00
1.005000000000000060e-01	0.000000000000000000e+00
1.010999999999999954e-01	0.000000000000000000e+00
1.016999999999999987e-01	0.000000000000000000e+00
1.026999999999999996e-01	0.000000000000000000e+00
1.035999999999999976e-01	0.000000000000000000e+00
1.042000000000000010e-01	0.000000000000000000e+00
1.048000000000000043e-01	0.000000000000000000e+00
1.054999999999999966e-01	0.000000000000000000e+00
1.063999999999999946e-01	0.000000000000000000e+00
1.073000000000000065e-01	0.000000000000000000e+00
1.073000000000000065e-01	1.748887257235764991e-09
1.087000000000000050e-01	0.000000000000000000e+00
1.092999999999999944e-01	0.000000000000000000e+00
1.102000000000000063e-01	0.000000000000000000e+00
1.111000000000000043e-01	0.000000000000000000e+00
1.117999999999999966e-01	0.000000000000000000e+00
1.123999999999999999e-01	0.000000000000000000e+00
1.131999999999999951e-01	0.000000000000000000e+00
1.135000000000000037e-01	0.000000000000000000e+00
1.146999999999999964e-01	0.000000000000000000e+00
1.154000000000000026e-01	0.000000000000000000e+00
1.160999999999999949e-01	0.000000000000000000e+00
1.170000000000000068e-01	0.000000000000000000e+00
1.179000000000000048e-01	0.000000000000000000e+00
1.185999999999999971e-01	0.000000000000000000e+00
1.190999999999999975e-01	0.000000000000000000e+00
1.199999999999999956e-01	0.000000000000000000e+00
1.208999999999999936e-01	0.000000000000000000e+00
1.214999999999999969e-01	0.000000000000000000e+00
1.223999999999999949e-01	0.000000000000000000e+00
1.228999999999999954e-01	0.000000000000000000e+00
1.233000000000000068e-01	0.000000000000000000e+00
1.244999999999999996e-01	0.000000000000000000e+00
1.252000000000000057e-01	0.000000000000000000e+00
1.259000000000000119e-01	0.000000000000000000e+00
1.267999999999999960e-01	0.000000000000000000e+00
1.277000000000000079e-01	0.000000000000000000e+00
1.283999999999999864e-01	0.000000000000000000e+00
1.288999999999999868e-01	0.000000000000000000e+00
1.297999999999999987e-01	0.000000000000000000e+00
1.305000000000000049e-01	0.000000000000000000e+00
1.313999999999999890e-01	0.000000000000000000e+00
1.320999999999999952e-01	0.000000000000000000e+00
1.325999999999999956e-01	0.000000000000000000e+00
1.335000000000000075e-01	0.000000000000000000e+00
1.342000000000000137e-01	0.000000000000000000e+00
1.350999999999999979e-01	0.000000000000000000e+00
1.356999999999999873e-01	0.000000000000000000e+00
1.363000000000000045e-01	0.000000000000000000e+00
1.373000000000000054e-01	0.000000000000000000e+00
1.378999999999999948e-01	0.000000000000000000e+00
1.388000000000000067e-01	0.000000000000000000e+00
1.393999999999999961e-01	0.000000000000000000e+00
1.401000000000000023e-01	0.000000000000000000e+00
1.409999999999999865e-01	0.000000000000000000e+00
1.418999999999999984e-01	0.000000000000000000e+00
1.426000000000000045e-01	0.000000000000000000e+00
1.431000000000000050e-01	0.000000000000000000e+00
1.438000000000000111e-01	0.000000000000000000e+00
1.446999999999999953e-01	0.000000000000000000e+00
1.456000000000000072e-01	0.000000000000000000e+00
1.463000000000000134e-01	0.000000000000000000e+00
1.469000000000000028e-01	0.000000000000000000e+00
1.479000000000000037e-01	0.000000000000000000e+00
1.484000000000000041e-01	0.000000000000000000e+00
1.494000000000000050e-01	0.000000000000000000e+00
1.499999999999999944e-01	0.000000000000000000e+00
1.506000000000000116e-01	0.000000000000000000e+00
1.516000000000000125e-01	0.000000000000000000e+00
1.522000000000000020e-01	0.000000000000000000e+00
1.531000000000000139e-01	0.000000000000000000e+00
1.537999999999999923e-01	0.000000000000000000e+00
1.542999999999999927e-01	0.000000000000000000e+00
1.552999999999999936e-01	0.000000000000000000e+00
1.562999999999999945e-01	0.000000000000000000e+00
1.569000000000000117e-01	0.000000000000000000e+00
1.575000000000000011e-01	0.000000000000000000e+00
1.584000000000000130e-01	0.000000000000000000e+00
1.590999999999999914e-01	0.000000000000000000e+00
1.600000000000000033e-01	0.000000000000000000e+00
1.605999999999999928e-01	0.000000000000000000e+00
1.615000000000000047e-01	0.000000000000000000e+00
1.622000000000000108e-01	0.000000000000000000e+00
1.627000000000000113e-01	0.000000000000000000e+00
1.638000000000000012e-01	0.000000000000000000e+00
1.643000000000000016e-01	0.000000000000000000e+00
1.652000000000000135e-01	0.000000000000000000e+00
1.658000000000000029e-01	0.000000000000000000e+00
1.663999999999999924e-01	0.000000000000000000e+00
1.673999999999999932e-01	0.000000000000000000e+00
1.683000000000000052e-01	0.000000000000000000e+00
1.688999999999999946e-01	0.000000000000000000e+00
1.696000000000000008e-01	0.000000000000000000e+00
1.705000000000000127e-01	0.000000000000000000e+00
1.711000000000000021e-01	0.000000000000000000e+00
1.721000000000000030e-01	0.000000000000000000e+00
1.726999999999999924e-01	0.000000000000000000e+00
1.733000000000000096e-01	0.000000000000000000e+00
1.741999999999999937e-01	0.000000000000000000e+00
1.748000000000000109e-01	0.000000000000000000e+00
1.758000000000000118e-01	0.000000000000000000e+00
1.764000000000000012e-01	0.000000000000000000e+00
1.771000000000000074e-01	0.000000000000000000e+00
1.779999999999999916e-01	0.000000000000000000e+00
1.789000000000000035e-01	0.000000000000000000e+00
1.794999999999999929e-01	0.000000000000000000e+00
1.804000000000000048e-01	0.000000000000000000e+00
1.806999999999999995e-01	0.000000000000000000e+00
1.817999999999999894e-01	0.000000000000000000e+00
1.827000000000000013e-01	0.000000000000000000e+00
1.832999999999999907e-01	0.000000000000000000e+00
1.839000000000000079e-01	0.000000000000000000e+00
1.849000000000000088e-01	0.000000000000000000e+00
1.857000000000000040e-01	0.000000000000000000e+00
1.864000000000000101e-01	0.000000000000000000e+00
1.869999999999999996e-01	0.000000000000000000e+00
1.877000000000000057e-01	0.000000000000000000e+00
1.885999999999999899e-01	0.000000000000000000e+00
1.895000000000000018e-01	0.000000000000000000e+00
1.900999999999999912e-01	0.000000000000000000e+00
1.910000000000000031e-01	0.000000000000000000e+00
1.915999999999999925e-01	0.000000000000000000e+00
1.923999999999999877e-01	0.000000000000000000e+00
1.930999999999999939e-01	0.000000000000000000e+00
1.935999999999999943e-01	0.000000000000000000e+00
1.945000000000000062e-01	0.000000000000000000e+00
1.953999999999999904e-01	0.000000000000000000e+00
1.960000000000000075e-01	0.000000000000000000e+00
1.968999999999999917e-01	0.000000000000000000e+00
1.978000000000000036e-01	0.000000000000000000e+00
1.985999999999999988e-01	0.000000000000000000e+00
1.993000000000000049e-01	0.000000000000000000e+00
1.998999999999999944e-01	-6.617444900424221399e-24
