0.000000000000000000e+00	-2.238348884020524565e-08
0.000000000000000000e+00	-2.120665953952993732e-08
2.000000000000000096e-04	-1.929496775193243010e-08
5.000000000000000104e-04	-1.802868609956931323e-08
8.999999999999999754e-04	-1.570858859829416808e-08
1.199999999999999895e-03	-1.419260797774768434e-08
1.799999999999999951e-03	-1.252884618233318219e-08
2.299999999999999961e-03	-1.190875309475813992e-08
3.099999999999999891e-03	-1.349933143046655459e-08
3.799999999999999992e-03	-1.676727925391281017e-08
4.300000000000000003e-03	-1.909955926748807542e-08
4.899999999999999842e-03	-2.100128338654082011e-08
5.700000000000000205e-03	-2.224230459809305362e-08
6.300000000000000044e-03	-2.173254832404489639e-08
7.100000000000000408e-03	-2.024389475955920474e-08
7.900000000000000772e-03	-1.886187599716445193e-08
8.600000000000000006e-03	-1.800745508262480143e-08
9.100000000000000450e-03	-1.790283477021148428e-08
1.000000000000000021e-02	-1.853037190358008957e-08
1.060000000000000005e-02	-1.891064016490417998e-08
1.149999999999999981e-02	-1.818156647459545638e-08
1.239999999999999956e-02	-1.594798281901180612e-08
1.310000000000000053e-02	-1.564554870538047572e-08
1.379999999999999977e-02	-1.604141481366712580e-08
1.439999999999999961e-02	-1.646443243970109259e-08
1.510000000000000057e-02	-1.721006981370010180e-08
1.600000000000000033e-02	-1.707406237392729813e-08
1.689999999999999836e-02	-1.828885007510258756e-08
1.750000000000000167e-02	-2.160855672173056519e-08
1.839999999999999969e-02	-2.468576487366110650e-08
1.899999999999999953e-02	-2.816957957501009791e-08
1.949999999999999997e-02	-3.192515821799516580e-08
2.040000000000000147e-02	-3.671581794151279610e-08
2.129999999999999949e-02	-4.436127846467376343e-08
2.220000000000000098e-02	-5.339153882856374875e-08
2.280000000000000082e-02	-6.208266295902592854e-08
2.340000000000000066e-02	-7.012411180430932548e-08
2.409999999999999989e-02	-7.817527603037888184e-08
2.500000000000000139e-02	-8.710046302582885799e-08
2.589999999999999941e-02	-9.670616380121606316e-08
2.649999999999999925e-02	-1.065517949427885469e-07
2.740000000000000074e-02	-1.163901188050981491e-07
2.800000000000000058e-02	-1.266288620627165074e-07
2.869999999999999982e-02	-1.367279622854766785e-07
2.960000000000000131e-02	-1.473000281748682028e-07
3.049999999999999933e-02	-1.581524458060812321e-07
3.049999999999999933e-02	-1.663921551653402275e-07
3.169999999999999901e-02	-1.758541272376832866e-07
3.239999999999999825e-02	-1.824102532279000591e-07
3.339999999999999913e-02	-1.870793513804737068e-07
3.389999999999999958e-02	-1.897489830584366229e-07
3.429999999999999716e-02	-1.915757016671763750e-07
3.549999999999999684e-02	-1.929245456722128438e-07
3.640000000000000180e-02	-1.935709018607475670e-07
3.699999999999999817e-02	-1.930400657101927209e-07
3.790000000000000313e-02	-1.915545761794870169e-07
3.860000000000000236e-02	-1.871734786550275102e-07
3.919999999999999873e-02	-1.805859513206362828e-07
4.000000000000000083e-02	-1.726759251141629647e-07
4.059999999999999720e-02	-1.623026805659779373e-07
4.159999999999999809e-02	-1.492906235774812212e-07
4.250000000000000305e-02	-1.332608238958101182e-07
4.320000000000000229e-02	-1.156918197115442236e-07
4.399999999999999745e-02	-9.633206105272310411e-08
4.460000000000000075e-02	-7.513237819897961530e-08
4.549999999999999878e-02	-5.386745688183068364e-08
4.599999999999999922e-02	-3.169983777084094758e-08
4.689999999999999725e-02	-8.960867603491351474e-09
4.789999999999999813e-02	1.187063986184527706e-08
4.850000000000000144e-02	3.589132319656797209e-08
4.939999999999999947e-02	6.184850029388790091e-08
5.000000000000000278e-02	8.985729851111945751e-08
5.070000000000000201e-02	1.198442319988439246e-07
5.149999999999999717e-02	1.499690349670368185e-07
5.199999999999999761e-02	1.817871242842449722e-07
5.290000000000000258e-02	2.074408374297980721e-07
5.380000000000000060e-02	2.403237217545429537e-07
5.439999999999999697e-02	2.728242236571531976e-07
5.530000000000000193e-02	3.075033601045594209e-07
5.580000000000000238e-02	3.431330804233536102e-07
5.680000000000000326e-02	3.795868474768340978e-07
5.739999999999999963e-02	4.149638957564191614e-07
5.809999999999999887e-02	4.499294874449333292e-07
5.899999999999999689e-02	4.844395475010075608e-07
5.979999999999999899e-02	5.188452002212430693e-07
6.079999999999999988e-02	5.528287936428930010e-07
6.130000000000000032e-02	5.851099695578387166e-07
6.199999999999999956e-02	6.162003813869887381e-07
6.260000000000000286e-02	6.462840786980450503e-07
6.350000000000000089e-02	6.746456620021490380e-07
6.450000000000000178e-02	6.995340734331752656e-07
6.510000000000000508e-02	7.247743191373929209e-07
6.569999999999999452e-02	7.487361557423355407e-07
6.629999999999999782e-02	7.700410224486516272e-07
6.719999999999999585e-02	7.912438304037294728e-07
6.819999999999999674e-02	8.084153539051628727e-07
6.880000000000000004e-02	8.242051287039165155e-07
6.950000000000000622e-02	8.383048713398487528e-07
7.040000000000000424e-02	8.516000837903833960e-07
7.099999999999999367e-02	8.629678364143329847e-07
7.190000000000000557e-02	8.726180027092796545e-07
7.249999999999999500e-02	8.793230168082585817e-07
7.340000000000000691e-02	8.842392603758339693e-07
7.409999999999999920e-02	8.878745569921799096e-07
7.499999999999999722e-02	8.901090483392192869e-07
7.549999999999999767e-02	8.919008883511706793e-07
7.649999999999999856e-02	8.908827493769356042e-07
7.699999999999999900e-02	8.884557098463555342e-07
7.789999999999999702e-02	8.834834943627356552e-07
7.889999999999999791e-02	8.759045718102231316e-07
7.939999999999999836e-02	8.687898053626727406e-07
8.029999999999999638e-02	8.614676526474583298e-07
8.100000000000000255e-02	8.546460459546538762e-07
8.150000000000000300e-02	8.469120231368116873e-07
8.250000000000000389e-02	8.380012497187602273e-07
8.309999999999999332e-02	8.266055530479204424e-07
8.369999999999999662e-02	8.136976609075412974e-07
8.469999999999999751e-02	8.016900349575819089e-07
8.550000000000000655e-02	7.887667467627685644e-07
8.550000000000000655e-02	7.767670441978331316e-07
8.690000000000000502e-02	7.623335546497555318e-07
8.740000000000000546e-02	7.496014391403313573e-07
8.830000000000000349e-02	7.362690841435481828e-07
8.920000000000000151e-02	7.233024969857434596e-07
8.949999999999999623e-02	7.110498805794696843e-07
9.059999999999999998e-02	6.983478121081858610e-07
9.149999999999999800e-02	6.834617455064477065e-07
9.210000000000000131e-02	6.745699760317694566e-07
9.279999999999999361e-02	6.657238600382697769e-07
9.360000000000000264e-02	6.583225949968048046e-07
9.439999999999999780e-02	6.502740887981417472e-07
9.500000000000000111e-02	6.418777029378037009e-07
9.589999999999999913e-02	6.328563983970525442e-07
9.679999999999999716e-02	6.248005490760988323e-07
9.740000000000000047e-02	6.178385263824826298e-07
9.829999999999999849e-02	6.125075837039415975e-07
9.900000000000000466e-02	6.075954263555995114e-07
9.979999999999999982e-02	6.034403838839352829e-07
1.004000000000000031e-01	6.002049347893928769e-07
1.011999999999999983e-01	5.994885862575006986e-07
1.015999999999999959e-01	6.004206179759809424e-07
1.025999999999999968e-01	6.030576346402163487e-07
1.034000000000000058e-01	6.050715244799658996e-07
1.043000000000000038e-01	6.061813565192188497e-07
1.049999999999999961e-01	6.076917204118969316e-07
1.058999999999999941e-01	6.094287551380883488e-07
1.064999999999999974e-01	6.110920012457392471e-07
1.071000000000000008e-01	6.128325834161381965e-07
1.073999999999999955e-01	6.152388420115262426e-07
1.087000000000000050e-01	6.162910466400717269e-07
1.096000000000000030e-01	6.193646139175665587e-07
1.101000000000000034e-01	6.240330801919237023e-07
1.110000000000000014e-01	6.280415724790864828e-07
1.118999999999999995e-01	6.314271410589817516e-07
1.125000000000000028e-01	6.362203820674890157e-07
1.134000000000000008e-01	6.401102543570499578e-07
1.140000000000000041e-01	6.437400687568483446e-07
1.145999999999999935e-01	6.498052875949304482e-07
1.155000000000000054e-01	6.538007087740782298e-07
1.160999999999999949e-01	6.596002464220873662e-07
1.170000000000000068e-01	6.665730438726313878e-07
1.178000000000000019e-01	6.742313178978781472e-07
1.184000000000000052e-01	6.824412766682703873e-07
1.193000000000000033e-01	6.915302266242945412e-07
1.195999999999999980e-01	6.979762334155234480e-07
1.208999999999999936e-01	7.009656712853029603e-07
1.214999999999999969e-01	7.037286593458702555e-07
1.218000000000000055e-01	7.091263615148318457e-07
1.228999999999999954e-01	7.098868337607200374e-07
1.237000000000000044e-01	7.138541095063868214e-07
1.246000000000000024e-01	7.197561035355583717e-07
1.252000000000000057e-01	7.243496895625867182e-07
1.262000000000000066e-01	7.283837285398493934e-07
1.267000000000000071e-01	7.333811647256552505e-07
1.272999999999999965e-01	7.393021575373959757e-07
1.282999999999999974e-01	7.451324871497648198e-07
1.287999999999999978e-01	7.492076620450387659e-07
1.297999999999999987e-01	7.514538538089254871e-07
1.307000000000000106e-01	7.535530440740665713e-07
1.313000000000000000e-01	7.578368419035835046e-07
1.318999999999999895e-01	7.622078422514689952e-07
1.328000000000000014e-01	7.671927893118022861e-07
1.335000000000000075e-01	7.724500363792685675e-07
1.340999999999999970e-01	7.775875220415732515e-07
1.350000000000000089e-01	7.833944743695872151e-07
1.358999999999999930e-01	7.891822623267021195e-07
1.366999999999999882e-01	7.917145886064129695e-07
1.373999999999999944e-01	7.936023261218272461e-07
1.380000000000000115e-01	7.934383790168094606e-07
1.386000000000000010e-01	7.944052987798294800e-07
1.395000000000000129e-01	7.925708412632337418e-07
1.403999999999999970e-01	7.918698008913936760e-07
1.409999999999999865e-01	7.926155234372345149e-07
1.418999999999999984e-01	7.933133474580245093e-07
1.426999999999999935e-01	7.937796611378767864e-07
1.433000000000000107e-01	7.936583487472863644e-07
1.441999999999999948e-01	7.922406662386978412e-07
1.448000000000000120e-01	7.907294665521982044e-07
1.451000000000000068e-01	7.899328779309743232e-07
1.461999999999999966e-01	7.886892498254889081e-07
1.469999999999999918e-01	7.891978009006386578e-07
1.479000000000000037e-01	7.896447300481668208e-07
1.484999999999999931e-01	7.891955377985367206e-07
1.494000000000000050e-01	7.880611008204141399e-07
1.502999999999999892e-01	7.859456102621863734e-07
1.509000000000000064e-01	7.841216509842082517e-07
1.514000000000000068e-01	7.823334959947410578e-07
1.522999999999999909e-01	7.827847277376952016e-07
1.529000000000000081e-01	7.828925738391166906e-07
1.537999999999999923e-01	7.840916254053809098e-07
1.544999999999999984e-01	7.825033965653244628e-07
1.554000000000000103e-01	7.786637002124216627e-07
1.562999999999999945e-01	7.729375965936924331e-07
1.570000000000000007e-01	7.669789637972513915e-07
1.575999999999999901e-01	7.633077005621957173e-07
1.584000000000000130e-01	7.606804643955911160e-07
1.590999999999999914e-01	7.584105077285130392e-07
1.597999999999999976e-01	7.561963689896696050e-07
1.607000000000000095e-01	7.546386893270395222e-07
1.612999999999999989e-01	7.511236183778839637e-07
1.622000000000000108e-01	7.470385270380575093e-07
1.628000000000000003e-01	7.439293435138451432e-07
1.637000000000000122e-01	7.419026212435739833e-07
1.645999999999999963e-01	7.398706313003037587e-07
1.650999999999999968e-01	7.376619515900536189e-07
1.660000000000000087e-01	7.334439140839920968e-07
1.668999999999999928e-01	7.291310381625511001e-07
1.675000000000000100e-01	7.252806900388584918e-07
1.683000000000000052e-01	7.212243247067817720e-07
1.691999999999999893e-01	7.183313829130411508e-07
1.696999999999999897e-01	7.155882207225382871e-07
1.706000000000000016e-01	7.133539990536419806e-07
1.711999999999999911e-01	7.107853751360167943e-07
1.721000000000000030e-01	7.076097858771390747e-07
1.728999999999999981e-01	7.040685279760512400e-07
1.733999999999999986e-01	6.990104743345313043e-07
1.741999999999999937e-01	6.924295234966848511e-07
1.751000000000000056e-01	6.847722597917563700e-07
1.759999999999999898e-01	6.795955128491320498e-07
1.766000000000000070e-01	6.748791580830528329e-07
1.774000000000000021e-01	6.702392667202368623e-07
1.781999999999999973e-01	6.650678171481788135e-07
1.786999999999999977e-01	6.605377859549001805e-07
1.794999999999999929e-01	6.549554569801330217e-07
1.804000000000000048e-01	6.497071609601334785e-07
1.806999999999999995e-01	6.440208153435378335e-07
1.819999999999999951e-01	6.382191828804996466e-07
1.827000000000000013e-01	6.344702825344938901e-07
1.836000000000000132e-01	6.328609222789817624e-07
1.837999999999999912e-01	6.298262280696087948e-07
1.850999999999999868e-01	6.275842618928150885e-07
1.857000000000000040e-01	6.238221743615213200e-07
1.864999999999999991e-01	6.198621426346939446e-07
1.872999999999999943e-01	6.165460562949243110e-07
1.882000000000000062e-01	6.132005911603055760e-07
1.887999999999999956e-01	6.097075247739968330e-07
1.895999999999999908e-01	6.050695644829765563e-07
1.905000000000000027e-01	5.999583768915061661e-07
1.910000000000000031e-01	5.953595660912469612e-07
1.917999999999999983e-01	5.913218619560735678e-07
1.922999999999999987e-01	5.863190835500610593e-07
1.930999999999999939e-01	5.808418279684701702e-07
1.937000000000000111e-01	5.752314043846849967e-07
1.948999999999999899e-01	5.702552935946212557e-07
1.953999999999999904e-01	5.661441235815800610e-07
1.962000000000000133e-01	5.637372189345772012e-07
1.970999999999999974e-01	5.606065532383702435e-07
1.978999999999999926e-01	5.567536141287103486e-07
1.985000000000000098e-01	5.515993623236872395e-07
1.993000000000000049e-01	5.441310406695265556e-07
