-0.000000000000000000e+00	-2.076656357985484647e-08
-0.000000000000000000e+00	-2.168370372146455338e-08
2.000000000000000096e-04	-2.027847258506213038e-08
5.000000000000000104e-04	-1.898371237984974869e-08
8.999999999999999754e-04	-1.656953902035996628e-08
1.500000000000000031e-03	-1.520235149300850133e-08
2.099999999999999870e-03	-1.483548373459556734e-08
2.599999999999999881e-03	-1.505227679252956673e-08
3.299999999999999982e-03	-1.681701737473194167e-08
3.700000000000000164e-03	-1.934668623181220866e-08
4.400000000000000265e-03	-2.232365477865030070e-08
5.199999999999999761e-03	-2.522518518042481914e-08
5.700000000000000205e-03	-2.689512317296148726e-08
6.499999999999999702e-03	-2.786386321841091951e-08
7.300000000000000065e-03	-2.764196707880915941e-08
8.200000000000000691e-03	-2.691935325480547796e-08
8.699999999999999400e-03	-2.541613803437610927e-08
9.499999999999999764e-03	-2.377657276842436988e-08
1.030000000000000013e-02	-2.214998969051590594e-08
1.089999999999999997e-02	-2.147644804653450491e-08
1.170000000000000033e-02	-2.073726189070543280e-08
1.250000000000000069e-02	-2.042372380930241965e-08
1.340000000000000045e-02	-2.216339665036524281e-08
1.400000000000000029e-02	-2.411022143886510417e-08
1.480000000000000066e-02	-2.596478604859445473e-08
1.540000000000000049e-02	-2.634686650712124727e-08
1.619999999999999912e-02	-2.559289547800992724e-08
1.679999999999999896e-02	-2.627316151932230378e-08
1.760000000000000106e-02	-2.853062333829613951e-08
1.849999999999999908e-02	-3.173987711620479629e-08
1.930000000000000118e-02	-3.559097320537609389e-08
1.980000000000000163e-02	-4.078410609513286814e-08
2.069999999999999965e-02	-4.598700337221410776e-08
2.160000000000000114e-02	-5.215319741339547924e-08
2.220000000000000098e-02	-5.857783288944086561e-08
2.290000000000000022e-02	-6.567488597938057855e-08
2.380000000000000171e-02	-7.195684498417188636e-08
2.469999999999999973e-02	-7.837861835358087466e-08
2.529999999999999957e-02	-8.719460313037389190e-08
2.610000000000000167e-02	-9.595494063755395237e-08
2.659999999999999865e-02	-1.057015817611093605e-07
2.779999999999999832e-02	-1.141478033549186874e-07
2.829999999999999877e-02	-1.210545084259004575e-07
2.920000000000000026e-02	-1.259370771433983231e-07
2.980000000000000010e-02	-1.307603264179885569e-07
3.070000000000000159e-02	-1.367677428680085151e-07
3.150000000000000022e-02	-1.432188526935413651e-07
3.200000000000000067e-02	-1.481691443011195256e-07
3.289999999999999869e-02	-1.523765497160470249e-07
3.379999999999999671e-02	-1.537348677062852813e-07
3.429999999999999716e-02	-1.539029958234154520e-07
3.520000000000000212e-02	-1.530811261812137522e-07
3.579999999999999849e-02	-1.510511130874968690e-07
3.599999999999999728e-02	-1.479863769970325295e-07
3.719999999999999696e-02	-1.448060842313046273e-07
3.799999999999999906e-02	-1.420597083538286005e-07
3.860000000000000236e-02	-1.380425038109803508e-07
3.950000000000000039e-02	-1.325344578446172135e-07
4.030000000000000249e-02	-1.251484668583211697e-07
4.089999999999999886e-02	-1.158066851303374278e-07
4.170000000000000095e-02	-1.059698178096368792e-07
4.259999999999999898e-02	-9.510637495517611677e-08
4.320000000000000229e-02	-8.191204961932045273e-08
4.399999999999999745e-02	-6.677120950834850406e-08
4.490000000000000241e-02	-4.887641202677306970e-08
4.569999999999999757e-02	-3.160349778042216190e-08
4.630000000000000088e-02	-1.162123908216017298e-08
4.710000000000000298e-02	9.538170575547178458e-09
4.800000000000000100e-02	2.823569345264954676e-08
4.859999999999999737e-02	4.751073931636239916e-08
4.939999999999999947e-02	6.735172483662345286e-08
5.029999999999999749e-02	8.594532691023630677e-08
5.090000000000000080e-02	1.088093093510828757e-07
5.170000000000000290e-02	1.310556248428905508e-07
5.249999999999999806e-02	1.499283141984854606e-07
5.310000000000000137e-02	1.770448071819777457e-07
5.369999999999999774e-02	2.055185269694026887e-07
5.469999999999999862e-02	2.327066882185526325e-07
5.550000000000000072e-02	2.627744198235077774e-07
5.639999999999999875e-02	2.930323945099985636e-07
5.700000000000000205e-02	3.206098422486593524e-07
5.790000000000000008e-02	3.456539468946859045e-07
5.840000000000000052e-02	3.698902937062392792e-07
5.929999999999999855e-02	3.934770080908052666e-07
6.019999999999999657e-02	4.189197998245020368e-07
6.079999999999999988e-02	4.476063531044380256e-07
6.160000000000000198e-02	4.766084918955515334e-07
6.239999999999999714e-02	5.017747418029847641e-07
6.329999999999999516e-02	5.232771106091659883e-07
6.389999999999999847e-02	5.448685329375823078e-07
6.469999999999999363e-02	5.644346714461789816e-07
6.560000000000000553e-02	5.846258791501348375e-07
6.640000000000000069e-02	6.033695708235765512e-07
6.700000000000000400e-02	6.228173692489809934e-07
6.779999999999999916e-02	6.396290039161389250e-07
6.869999999999999718e-02	6.514058412676604348e-07
6.959999999999999520e-02	6.617188178426450210e-07
7.019999999999999851e-02	6.734453154712119831e-07
7.099999999999999367e-02	6.829760638168010221e-07
7.180000000000000271e-02	6.928354991941887420e-07
7.270000000000000073e-02	7.006566509099895176e-07
7.330000000000000404e-02	7.076265831074124435e-07
7.409999999999999920e-02	7.124599301681579299e-07
7.499999999999999722e-02	7.154408608699680076e-07
7.560000000000000053e-02	7.179443487064501263e-07
7.639999999999999569e-02	7.182573765713360428e-07
7.699999999999999900e-02	7.162772357014982155e-07
7.779999999999999416e-02	7.125581445600270166e-07
7.870000000000000606e-02	7.063227506352550807e-07
7.929999999999999549e-02	7.005718187568171188e-07
8.010000000000000453e-02	6.948598922917881282e-07
8.100000000000000255e-02	6.909834549195907887e-07
8.190000000000000058e-02	6.869036413760861383e-07
8.240000000000000102e-02	6.800242139532302392e-07
8.319999999999999618e-02	6.699040738537586945e-07
8.400000000000000522e-02	6.585549347331991658e-07
8.469999999999999751e-02	6.510703369103878028e-07
8.550000000000000655e-02	6.424427627223045808e-07
8.640000000000000457e-02	6.336801277348469055e-07
8.699999999999999400e-02	6.239105546976264246e-07
8.780000000000000304e-02	6.151903688132777875e-07
8.840000000000000635e-02	6.059392161323576328e-07
8.920000000000000151e-02	5.979954433635067514e-07
8.980000000000000482e-02	5.898574642060339102e-07
9.070000000000000284e-02	5.809230998465864104e-07
9.149999999999999800e-02	5.694301950820050218e-07
9.210000000000000131e-02	5.621743649912861113e-07
9.299999999999999933e-02	5.544139909273695430e-07
9.379999999999999449e-02	5.484859528782195258e-07
9.439999999999999780e-02	5.425999773933654069e-07
9.529999999999999583e-02	5.358098482765023212e-07
9.610000000000000486e-02	5.294168926727379591e-07
9.669999999999999429e-02	5.238511928499338814e-07
9.750000000000000333e-02	5.179020715801419121e-07
9.840000000000000135e-02	5.137829437416530694e-07
9.890000000000000180e-02	5.101237121607482550e-07
9.979999999999999982e-02	5.066678880893960013e-07
1.003000000000000003e-01	5.043272206722071907e-07
1.011999999999999983e-01	5.035678180403170491e-07
1.020999999999999963e-01	5.047194465638880818e-07
1.025999999999999968e-01	5.053228650294919845e-07
1.034999999999999948e-01	5.064137718690201366e-07
1.044000000000000067e-01	5.065349007853700178e-07
1.049999999999999961e-01	5.077438375529551927e-07
1.058999999999999941e-01	5.099050094489765289e-07
1.063999999999999946e-01	5.125849895648570964e-07
1.073000000000000065e-01	5.144099333165286225e-07
1.078999999999999959e-01	5.160856279663868544e-07
1.087999999999999939e-01	5.174398122945339090e-07
1.096000000000000030e-01	5.195850870544358179e-07
1.105000000000000010e-01	5.219722720095451524e-07
1.110000000000000014e-01	5.240277082907405770e-07
1.118999999999999995e-01	5.250715411763912836e-07
1.123999999999999999e-01	5.282980310994389583e-07
1.132999999999999979e-01	5.315776429299006377e-07
1.140999999999999931e-01	5.335433024236263882e-07
1.146999999999999964e-01	5.399996183541588834e-07
1.154000000000000026e-01	5.449460047657339601e-07
1.163000000000000006e-01	5.515691663169707409e-07
1.170000000000000068e-01	5.581431281598270289e-07
1.179000000000000048e-01	5.659548776293377159e-07
1.187000000000000000e-01	5.735628624314274052e-07
1.192000000000000004e-01	5.786838759298840113e-07
1.202000000000000013e-01	5.811649833855152612e-07
1.208000000000000046e-01	5.830987623198062188e-07
1.217000000000000026e-01	5.816457390742362691e-07
1.222000000000000031e-01	5.829327660050141382e-07
1.231000000000000011e-01	5.822572231419430934e-07
1.239999999999999991e-01	5.854597880865175083e-07
1.244999999999999996e-01	5.909068221399138565e-07
1.254000000000000115e-01	5.955109092392124064e-07
1.262000000000000066e-01	5.994462704960841749e-07
1.267999999999999960e-01	6.053439420838913065e-07
1.277000000000000079e-01	6.124153202335946844e-07
1.285000000000000031e-01	6.182806784174846190e-07
1.292999999999999983e-01	6.209083300415792555e-07
1.298999999999999877e-01	6.227875921023327836e-07
1.307999999999999996e-01	6.232565592111479450e-07
1.313000000000000000e-01	6.261019060548571957e-07
1.322000000000000119e-01	6.291561981587587263e-07
1.330999999999999961e-01	6.336212433156927143e-07
1.335999999999999965e-01	6.377920679409993705e-07
1.345000000000000084e-01	6.427012684656090861e-07
1.350000000000000089e-01	6.462487697989024585e-07
1.350000000000000089e-01	6.487805614641081323e-07
1.368000000000000049e-01	6.528553346656520638e-07
1.376000000000000001e-01	6.531722186077402805e-07
1.381999999999999895e-01	6.523762883851552551e-07
1.390000000000000124e-01	6.516781598997122704e-07
1.396000000000000019e-01	6.511250708330673771e-07
1.405000000000000138e-01	6.509675654324229918e-07
1.411999999999999922e-01	6.517780852075170027e-07
1.418999999999999984e-01	6.535386347650273819e-07
1.428000000000000103e-01	6.551617026286154216e-07
1.436000000000000054e-01	6.565035483481100422e-07
1.441999999999999948e-01	6.576622520482973329e-07
1.449999999999999900e-01	6.573324323399927300e-07
1.458000000000000129e-01	6.563047448713159234e-07
1.466000000000000081e-01	6.555201431529640111e-07
1.474000000000000032e-01	6.546702798435707313e-07
1.479999999999999927e-01	6.533429897275659801e-07
1.486999999999999988e-01	6.516141356567250398e-07
1.494999999999999940e-01	6.515258343724910371e-07
1.504000000000000059e-01	6.521812217196438932e-07
1.509999999999999953e-01	6.533689715436496276e-07
1.519000000000000072e-01	6.548957041309203256e-07
1.526000000000000134e-01	6.564535546900475202e-07
1.532999999999999918e-01	6.571431364286437896e-07
1.540999999999999870e-01	6.567737960041618201e-07
1.549999999999999989e-01	6.523998417689803941e-07
1.555999999999999883e-01	6.498691135605956209e-07
1.565000000000000002e-01	6.441337538627604896e-07
1.570999999999999897e-01	6.404348889967251305e-07
1.579000000000000126e-01	6.375828834055997133e-07
1.585999999999999910e-01	6.365123764560616662e-07
1.592999999999999972e-01	6.361423111035183279e-07
1.602000000000000091e-01	6.370097851233143640e-07
1.610000000000000042e-01	6.372849283509607784e-07
1.615999999999999936e-01	6.347448738543674846e-07
1.625000000000000056e-01	6.299614501214812832e-07
1.632000000000000117e-01	6.253609534978752714e-07
1.638999999999999901e-01	6.221917483225544637e-07
1.647000000000000131e-01	6.192187004950397284e-07
1.655000000000000082e-01	6.157951287143691686e-07
1.661999999999999866e-01	6.119173095774251348e-07
1.670000000000000095e-01	6.093485438617096417e-07
1.675999999999999990e-01	6.081745290928521654e-07
1.685000000000000109e-01	6.068380770510642403e-07
1.693000000000000060e-01	6.052573242307880384e-07
1.698999999999999955e-01	6.023553270909529069e-07
1.706999999999999906e-01	5.989723152559458838e-07
1.716000000000000025e-01	5.960111963623249594e-07
1.721999999999999920e-01	5.937588858836092821e-07
1.726999999999999924e-01	5.924901955722816638e-07
1.738999999999999990e-01	5.890092192027665361e-07
1.744999999999999885e-01	5.848359817260402933e-07
1.754000000000000004e-01	5.792672997500023263e-07
1.759999999999999898e-01	5.750669883464203882e-07
1.768000000000000127e-01	5.712270745307207626e-07
1.774000000000000021e-01	5.681973291538818169e-07
1.781999999999999973e-01	5.648116724287549126e-07
1.787999999999999867e-01	5.617445065193142455e-07
1.796000000000000096e-01	5.576669445326914191e-07
1.804999999999999938e-01	5.537108808744062619e-07
1.814000000000000057e-01	5.499820893181102772e-07
1.819000000000000061e-01	5.463162336620248361e-07
1.827999999999999903e-01	5.427291110621348905e-07
1.837000000000000022e-01	5.410569334997415449e-07
1.842000000000000026e-01	5.378513363210883174e-07
1.850999999999999868e-01	5.331685652985184832e-07
1.859999999999999987e-01	5.289975595379619257e-07
1.867999999999999938e-01	5.259963472475693161e-07
1.877000000000000057e-01	5.240727745103868074e-07
1.882000000000000062e-01	5.220477068086193507e-07
1.892000000000000071e-01	5.192514458036792549e-07
1.897000000000000075e-01	5.161829007604379551e-07
1.905999999999999917e-01	5.118864757159103257e-07
1.915000000000000036e-01	5.079296802795302164e-07
1.920000000000000040e-01	5.033272990519442331e-07
1.928999999999999881e-01	4.983942912070861149e-07
1.933999999999999886e-01	4.938898299394102538e-07
1.942000000000000115e-01	4.897307561571806430e-07
1.950999999999999956e-01	4.867456337794197882e-07
1.957000000000000128e-01	4.839855401857033999e-07
1.965000000000000080e-01	4.834979603478282762e-07
1.973000000000000032e-01	4.820020286557438434e-07
1.978999999999999926e-01	4.803668310076587115e-07
1.988000000000000045e-01	4.757356019751992770e-07
1.993000000000000049e-01	4.690564452403123141e-07
