0.000000000000000000e+00	-1.160570661795645719e-08
1.000000000000000048e-04	-9.847909154814260546e-09
2.000000000000000096e-04	-9.170998533420657087e-09
5.999999999999999474e-04	-8.985480600993106488e-09
1.000000000000000021e-03	-9.011033487511570736e-09
1.500000000000000031e-03	-1.006892181167193262e-08
2.099999999999999870e-03	-1.052503307152578037e-08
2.599999999999999881e-03	-9.887654285093132920e-09
3.299999999999999982e-03	-9.128291274490760022e-09
3.899999999999999821e-03	-8.617268623891752036e-09
4.499999999999999660e-03	-7.989358349454239980e-09
5.199999999999999761e-03	-8.176962791076154614e-09
5.799999999999999600e-03	-8.724971359319440636e-09
6.499999999999999702e-03	-9.804765889751072339e-09
7.400000000000000328e-03	-1.068960705086748391e-08
8.000000000000000167e-03	-1.207203839346899994e-08
8.899999999999999925e-03	-1.377791197579151822e-08
9.499999999999999764e-03	-1.684882372732753868e-08
1.039999999999999952e-02	-1.910805016228192815e-08
1.110000000000000049e-02	-1.960049520381718294e-08
1.179999999999999973e-02	-1.710575665276442814e-08
1.260000000000000009e-02	-1.392003750618264100e-08
1.319999999999999993e-02	-1.293979956131356284e-08
1.400000000000000029e-02	-1.420001189697939804e-08
1.490000000000000005e-02	-1.661795028361776343e-08
1.549999999999999989e-02	-1.872855350360181911e-08
1.629999999999999852e-02	-2.072599403537586237e-08
1.710000000000000062e-02	-2.325508827677051729e-08
1.770000000000000046e-02	-2.625178313319429916e-08
1.849999999999999908e-02	-2.869730469997062020e-08
1.909999999999999892e-02	-3.089339313120096352e-08
2.000000000000000042e-02	-3.195712370262073411e-08
2.079999999999999905e-02	-3.320368685824862621e-08
2.149999999999999828e-02	-3.484411405899388020e-08
2.220000000000000098e-02	-3.611962337514308783e-08
2.309999999999999901e-02	-3.678264220132405244e-08
2.369999999999999885e-02	-3.794418859152529249e-08
2.450000000000000094e-02	-4.039029135543204786e-08
2.539999999999999897e-02	-4.526846715575859117e-08
2.599999999999999881e-02	-4.839774828959774571e-08
2.680000000000000090e-02	-5.223459931154948336e-08
2.769999999999999893e-02	-5.413311518909014556e-08
2.819999999999999937e-02	-5.587161236493510691e-08
2.910000000000000087e-02	-5.688000261874582640e-08
2.989999999999999949e-02	-5.837810487884133243e-08
3.059999999999999873e-02	-5.983731331529804105e-08
3.139999999999999736e-02	-6.223879996995117013e-08
3.230000000000000232e-02	-6.504454574951523682e-08
3.280000000000000276e-02	-6.730379103464084297e-08
3.359999999999999792e-02	-6.867342703039548221e-08
3.450000000000000289e-02	-6.887167619850296414e-08
3.509999999999999926e-02	-6.766012715812593286e-08
3.590000000000000135e-02	-6.529812012909032785e-08
3.670000000000000345e-02	-6.309297333123884078e-08
3.740000000000000269e-02	-6.194692842263851965e-08
3.819999999999999785e-02	-6.091476007645211132e-08
3.889999999999999708e-02	-5.838287956551199682e-08
3.960000000000000325e-02	-5.481222522052528952e-08
4.030000000000000249e-02	-5.085545422758832992e-08
4.120000000000000051e-02	-4.745916569182423604e-08
4.200000000000000261e-02	-4.336253618244468991e-08
4.259999999999999898e-02	-3.772474839373923656e-08
4.349999999999999700e-02	-3.052045197467862153e-08
4.410000000000000031e-02	-2.210037370632681437e-08
4.490000000000000241e-02	-1.225296464090908332e-08
4.580000000000000043e-02	-4.509728972097063802e-09
4.669999999999999846e-02	4.384253759775436420e-09
4.719999999999999890e-02	1.254966722539691940e-08
4.809999999999999692e-02	1.904578539324575104e-08
4.859999999999999737e-02	2.767711834856056755e-08
4.950000000000000233e-02	3.682430807993460343e-08
5.029999999999999749e-02	4.687531035489372296e-08
5.099999999999999672e-02	5.841074479458001230e-08
5.190000000000000169e-02	6.656503123152659029e-08
5.260000000000000092e-02	6.905393016489361279e-08
5.349999999999999895e-02	7.789184053308417788e-08
5.419999999999999818e-02	8.678549731068266763e-08
5.480000000000000149e-02	9.765145007700452945e-08
5.559999999999999665e-02	1.111370144565823327e-07
5.630000000000000282e-02	1.250275183580202315e-07
5.709999999999999798e-02	1.376611441614272187e-07
5.739999999999999963e-02	1.495840283418245070e-07
5.859999999999999931e-02	1.581260509222400682e-07
5.920000000000000262e-02	1.667055471443745773e-07
5.999999999999999778e-02	1.765896607895468122e-07
6.090000000000000274e-02	1.867142117564332557e-07
6.149999999999999911e-02	1.959529331004307407e-07
6.230000000000000121e-02	2.041308939584885325e-07
6.310000000000000331e-02	2.122623132215595683e-07
6.379999999999999560e-02	2.217946567107260013e-07
6.460000000000000464e-02	2.306195105942501047e-07
6.550000000000000266e-02	2.409711815512156528e-07
6.629999999999999782e-02	2.501057240777412210e-07
6.690000000000000113e-02	2.592151228122827336e-07
6.769999999999999629e-02	2.681805232147085067e-07
6.829999999999999960e-02	2.753348005413475041e-07
6.919999999999999762e-02	2.807331680412005864e-07
7.000000000000000666e-02	2.842788814012108858e-07
7.059999999999999609e-02	2.872654035734032462e-07
7.149999999999999412e-02	2.888276037025796438e-07
7.169999999999999984e-02	2.930096035980044572e-07
7.320000000000000118e-02	2.957030801820702978e-07
7.380000000000000449e-02	2.999287577465819374e-07
7.459999999999999964e-02	3.029290956285218721e-07
7.489999999999999436e-02	3.059015458498436663e-07
7.599999999999999811e-02	3.078984211099466638e-07
7.660000000000000142e-02	3.099016386868786062e-07
7.749999999999999944e-02	3.105944691065603338e-07
7.829999999999999460e-02	3.093494115458383361e-07
7.889999999999999791e-02	3.082299675975252452e-07
7.979999999999999594e-02	3.073816372086765714e-07
8.060000000000000497e-02	3.087515016828497459e-07
8.129999999999999727e-02	3.103961188593377156e-07
8.210000000000000631e-02	3.111101754603962723e-07
8.269999999999999574e-02	3.096963801056008396e-07
8.350000000000000477e-02	3.067327213085272163e-07
8.400000000000000522e-02	3.050658354081107944e-07
8.519999999999999796e-02	3.036474822692980524e-07
8.590000000000000413e-02	3.011154979244774968e-07
8.669999999999999929e-02	2.978302546807753970e-07
8.699999999999999400e-02	2.951090495637022179e-07
8.820000000000000062e-02	2.923665505250028218e-07
8.880000000000000393e-02	2.899878523976440192e-07
8.970000000000000195e-02	2.877459453026262640e-07
9.039999999999999425e-02	2.852874658454033070e-07
9.110000000000000042e-02	2.802782618920887049e-07
9.189999999999999558e-02	2.785106545960750452e-07
9.279999999999999361e-02	2.766873734572072863e-07
9.349999999999999978e-02	2.753148712824808648e-07
9.420000000000000595e-02	2.741271047500578494e-07
9.489999999999999825e-02	2.729965586922844523e-07
9.569999999999999341e-02	2.713625279703302634e-07
9.650000000000000244e-02	2.690781291774812624e-07
9.740000000000000047e-02	2.649136264112972083e-07
9.800000000000000377e-02	2.626830450935813133e-07
9.850000000000000422e-02	2.616702504188180284e-07
9.879999999999999893e-02	2.612481231021790740e-07
9.969999999999999696e-02	2.605835494341792199e-07
1.009000000000000036e-01	2.617386897926757945e-07
1.015999999999999959e-01	2.645413824402955037e-07
1.024000000000000049e-01	2.670091358631115307e-07
1.032000000000000001e-01	2.679984448291789598e-07
1.038000000000000034e-01	2.681928123592783463e-07
1.047000000000000014e-01	2.676046988638430401e-07
1.054999999999999966e-01	2.678637684994100709e-07
1.060999999999999999e-01	2.672543468490347540e-07
1.069999999999999979e-01	2.652135608761154798e-07
1.076000000000000012e-01	2.630858755964151953e-07
1.083999999999999964e-01	2.631274628174812442e-07
1.092999999999999944e-01	2.654327460049898946e-07
1.097999999999999948e-01	2.692557254952856488e-07
1.107000000000000067e-01	2.720034155083859990e-07
1.116000000000000048e-01	2.716301429236348384e-07
1.117999999999999966e-01	2.724754892824421404e-07
1.126000000000000056e-01	2.714690935844289376e-07
1.132999999999999979e-01	2.712088781592541693e-07
1.144000000000000017e-01	2.692507718195188255e-07
1.150000000000000050e-01	2.716409868726008410e-07
1.155999999999999944e-01	2.708899050426790639e-07
1.168000000000000010e-01	2.733797659010155991e-07
1.174000000000000044e-01	2.761824160092838034e-07
1.181999999999999995e-01	2.811983245320162708e-07
1.188000000000000028e-01	2.858068140388197580e-07
1.197000000000000008e-01	2.884070188808947392e-07
1.204999999999999960e-01	2.884917427257241482e-07
1.213999999999999940e-01	2.857590661798685441e-07
1.219999999999999973e-01	2.866208320499856464e-07
1.223000000000000059e-01	2.885725895993787948e-07
1.234999999999999987e-01	2.870281374064913381e-07
1.243999999999999967e-01	2.901373506565831461e-07
1.248999999999999971e-01	2.925506141976759034e-07
1.257999999999999952e-01	2.950742228149301574e-07
1.265999999999999903e-01	2.976441326113945925e-07
1.272000000000000075e-01	3.023223742734463285e-07
1.280999999999999917e-01	3.066933373828398706e-07
1.290000000000000036e-01	3.085435272749275896e-07
1.297999999999999987e-01	3.087893389874807326e-07
1.303999999999999881e-01	3.087857532875746211e-07
1.313000000000000000e-01	3.094130513591446884e-07
1.318000000000000005e-01	3.113313738615925702e-07
1.327000000000000124e-01	3.132504344474354816e-07
1.335000000000000075e-01	3.155484051831081160e-07
1.340999999999999970e-01	3.181481164103720791e-07
1.350000000000000089e-01	3.220274799831065596e-07
1.358000000000000040e-01	3.264798098675359004e-07
1.363999999999999935e-01	3.286492469824153740e-07
1.373000000000000054e-01	3.285756378090809449e-07
1.378999999999999948e-01	3.261175578472830239e-07
1.386000000000000010e-01	3.240226681557850845e-07
1.395000000000000129e-01	3.210623840960869509e-07
1.403999999999999970e-01	3.201408338916309897e-07
1.408999999999999975e-01	3.207828230654012810e-07
1.418000000000000094e-01	3.215593426663037748e-07
1.424999999999999878e-01	3.229969389463802543e-07
1.431999999999999940e-01	3.230965002147916048e-07
1.438000000000000111e-01	3.228444285241494072e-07
1.446000000000000063e-01	3.215414932399565150e-07
1.454999999999999905e-01	3.200778438369750684e-07
1.461000000000000076e-01	3.199565683375761457e-07
1.469999999999999918e-01	3.213379806816198754e-07
1.477999999999999869e-01	3.232527879829394741e-07
1.486999999999999988e-01	3.238935649758577465e-07
1.492999999999999883e-01	3.246068955725435091e-07
1.501000000000000112e-01	3.243962722052230030e-07
1.507000000000000006e-01	3.248344414551131258e-07
1.516000000000000125e-01	3.267210360036187922e-07
1.524999999999999967e-01	3.309592991094127729e-07
1.529999999999999971e-01	3.335759363151236011e-07
1.539000000000000090e-01	3.364244034598378038e-07
1.547999999999999932e-01	3.343906482774656398e-07
1.554999999999999993e-01	3.323562873734035400e-07
1.562999999999999945e-01	3.280879212752552121e-07
1.570999999999999897e-01	3.229863930622116060e-07
1.579000000000000126e-01	3.209071879613533243e-07
1.585000000000000020e-01	3.210506049724952558e-07
1.592999999999999972e-01	3.218832567687204897e-07
1.600000000000000033e-01	3.231352394550413010e-07
1.607999999999999985e-01	3.251919895371119341e-07
1.615999999999999936e-01	3.256953909604703700e-07
1.622000000000000108e-01	3.258382150761462981e-07
1.630000000000000060e-01	3.263942834814128417e-07
1.637000000000000122e-01	3.281482713508040536e-07
1.643999999999999906e-01	3.297695573367050217e-07
1.650999999999999968e-01	3.299910270163315086e-07
1.660000000000000087e-01	3.276569509415738524e-07
1.665999999999999981e-01	3.255811051195478141e-07
1.668999999999999928e-01	3.236736389518331053e-07
1.680999999999999994e-01	3.216689679262835793e-07
1.688999999999999946e-01	3.211971772998367669e-07
1.698000000000000065e-01	3.212815577232306239e-07
1.703999999999999959e-01	3.213308052754644198e-07
1.713000000000000078e-01	3.218631825010619165e-07
1.718000000000000083e-01	3.217778059889638445e-07
1.726999999999999924e-01	3.209269010540083400e-07
1.734999999999999876e-01	3.183236450511945074e-07
1.741000000000000048e-01	3.157077354128452369e-07
1.749999999999999889e-01	3.114599723397600711e-07
1.756000000000000061e-01	3.093139384904531460e-07
1.764999999999999902e-01	3.072662913894638600e-07
1.773000000000000131e-01	3.052205821823207942e-07
1.779000000000000026e-01	3.028413057118671350e-07
1.787999999999999867e-01	2.994792747652146393e-07
1.796000000000000096e-01	2.957843258309440175e-07
1.804999999999999938e-01	2.925390180712395297e-07
1.811000000000000110e-01	2.905267106050455058e-07
1.819000000000000061e-01	2.903547949510415279e-07
1.827000000000000013e-01	2.912662750986783067e-07
1.832999999999999907e-01	2.927542368524882477e-07
1.842000000000000026e-01	2.944964889365079646e-07
1.847999999999999921e-01	2.935997475556335136e-07
1.855999999999999872e-01	2.927422391363841450e-07
1.862000000000000044e-01	2.925289831383022721e-07
1.867999999999999938e-01	2.929834351711225063e-07
1.879000000000000115e-01	2.929617100735514243e-07
1.887999999999999956e-01	2.908461288202789586e-07
1.894000000000000128e-01	2.884809913323765173e-07
1.900999999999999912e-01	2.861829528910675435e-07
1.908999999999999864e-01	2.850914285111082160e-07
1.917000000000000093e-01	2.846798324080400747e-07
1.922999999999999987e-01	2.831067092304331147e-07
1.933999999999999886e-01	2.796790865738263812e-07
1.938999999999999890e-01	2.773917767356390171e-07
1.948000000000000009e-01	2.757817188679424686e-07
1.953999999999999904e-01	2.744163225543161388e-07
1.963000000000000023e-01	2.744431724653396582e-07
1.968999999999999917e-01	2.728113059902170789e-07
1.976999999999999869e-01	2.715572541821643574e-07
1.985999999999999988e-01	2.692680709515116177e-07
1.991999999999999882e-01	2.658436568828364254e-07
1.998999999999999944e-01	2.604290045837842626e-07
