0.000000000000000000e+00	-5.728949759031820577e-09
0.000000000000000000e+00	-1.282160155824385583e-09
2.000000000000000096e-04	5.246839456843600091e-10
4.000000000000000192e-04	9.839985206900770156e-10
8.000000000000000383e-04	1.767745061442838050e-09
1.199999999999999895e-03	1.617834755052172113e-09
1.799999999999999951e-03	1.772759051080102350e-09
2.399999999999999790e-03	3.208785033512202706e-09
3.099999999999999891e-03	4.358454930297739338e-09
3.599999999999999901e-03	4.759741334935650102e-09
4.300000000000000003e-03	3.554433192221039958e-09
5.100000000000000366e-03	5.395227479841123144e-11
5.799999999999999600e-03	-3.449774191344019211e-09
6.400000000000000307e-03	-5.803218144144224635e-09
7.199999999999999803e-03	-6.732043512751716366e-09
8.000000000000000167e-03	-6.880997907117006437e-09
8.600000000000000006e-03	-6.899028903717407957e-09
9.199999999999999845e-03	-7.646911565693819511e-09
1.000000000000000021e-02	-9.165347591988393106e-09
1.069999999999999944e-02	-1.037915197208326178e-08
1.140000000000000041e-02	-1.052575983689887007e-08
1.230000000000000017e-02	-8.319480680891480286e-09
1.280000000000000061e-02	-8.201741071124492755e-09
1.370000000000000037e-02	-9.480499584170893090e-09
1.430000000000000021e-02	-1.120798224306359622e-08
1.519999999999999997e-02	-1.318674922641139093e-08
1.600000000000000033e-02	-1.319430008471113828e-08
1.679999999999999896e-02	-1.262303870947274072e-08
1.750000000000000167e-02	-1.225109258484735619e-08
1.839999999999999969e-02	-1.113270220151637313e-08
1.919999999999999832e-02	-1.031532193662755431e-08
1.980000000000000163e-02	-1.028630447767556627e-08
2.069999999999999965e-02	-1.115533160311636933e-08
2.129999999999999949e-02	-1.340162406897240141e-08
2.210000000000000159e-02	-1.558989588614360726e-08
2.270000000000000143e-02	-1.673626607430122443e-08
2.359999999999999945e-02	-1.670916560669866158e-08
2.419999999999999929e-02	-1.644329336180818897e-08
2.469999999999999973e-02	-1.549976423009828422e-08
2.580000000000000002e-02	-1.645008751438581385e-08
2.649999999999999925e-02	-1.669897642386786174e-08
2.719999999999999848e-02	-1.675509837549704256e-08
2.800000000000000058e-02	-1.672250959927623626e-08
2.860000000000000042e-02	-1.652418866494930535e-08
2.960000000000000131e-02	-1.683710593169962522e-08
3.049999999999999933e-02	-1.840977859046688536e-08
3.109999999999999917e-02	-2.066329329863947351e-08
3.189999999999999780e-02	-2.305552004600003397e-08
3.259999999999999704e-02	-2.492940894795159797e-08
3.309999999999999748e-02	-2.451652666487302100e-08
3.400000000000000244e-02	-2.224379613835480995e-08
3.500000000000000333e-02	-1.944257744620116569e-08
3.549999999999999684e-02	-1.690428064193838509e-08
3.649999999999999772e-02	-1.545435395093583255e-08
3.710000000000000103e-02	-1.587759485857511575e-08
3.780000000000000027e-02	-1.740514564006949851e-08
3.860000000000000236e-02	-1.805295307120621630e-08
3.919999999999999873e-02	-1.795121719626903443e-08
4.009999999999999676e-02	-1.862144762694259822e-08
4.100000000000000172e-02	-1.905189220937346464e-08
4.170000000000000095e-02	-1.766267132552457042e-08
4.250000000000000305e-02	-1.512969768141650915e-08
4.309999999999999942e-02	-1.196083245502533470e-08
4.370000000000000273e-02	-9.107299118655845549e-09
4.429999999999999910e-02	-5.607852641386377041e-09
4.540000000000000285e-02	-9.641354381528799422e-10
4.610000000000000209e-02	2.596602474258274456e-09
4.680000000000000132e-02	5.728323313668828484e-09
4.750000000000000056e-02	7.435133397848403547e-09
4.839999999999999858e-02	7.859514274385202148e-09
4.939999999999999947e-02	9.755585423260623225e-09
5.000000000000000278e-02	1.338486656869908947e-08
5.079999999999999793e-02	1.754478148851457480e-08
5.149999999999999717e-02	2.012404331944936967e-08
5.210000000000000048e-02	2.180975400278839516e-08
5.299999999999999850e-02	1.870608966001967036e-08
5.360000000000000181e-02	2.199622549645401037e-08
5.449999999999999983e-02	2.419752395305885003e-08
5.510000000000000314e-02	2.910850582793500507e-08
5.600000000000000117e-02	3.464020892351982184e-08
5.689999999999999919e-02	3.809706245532838433e-08
5.750000000000000250e-02	3.922901522545677283e-08
5.820000000000000173e-02	4.008620414410611693e-08
5.890000000000000097e-02	4.185737623174645705e-08
5.979999999999999899e-02	4.392154781637472110e-08
6.049999999999999822e-02	4.941279054328779236e-08
6.140000000000000319e-02	5.496076467385703718e-08
6.219999999999999835e-02	5.828961889928390688e-08
6.279999999999999472e-02	5.994880349711518270e-08
6.370000000000000662e-02	6.074698558735666012e-08
6.460000000000000464e-02	6.042691813071397492e-08
6.519999999999999407e-02	6.295626733189117319e-08
6.590000000000000024e-02	6.606598852777265070e-08
6.679999999999999827e-02	6.955896481031231815e-08
6.750000000000000444e-02	7.398561212355273246e-08
6.809999999999999387e-02	7.657477549014805592e-08
6.890000000000000291e-02	7.778472733518334530e-08
6.969999999999999807e-02	7.787243427039243505e-08
7.040000000000000424e-02	7.872683394684131816e-08
7.119999999999999940e-02	7.883491723599210836e-08
7.180000000000000271e-02	8.211303281768778106e-08
7.259999999999999787e-02	8.553585412513439302e-08
7.349999999999999589e-02	8.903816147646751541e-08
7.409999999999999920e-02	9.036302462333566949e-08
7.499999999999999722e-02	8.949659378468020826e-08
7.549999999999999767e-02	8.901741131544994983e-08
7.639999999999999569e-02	8.780524162927485694e-08
7.699999999999999900e-02	8.725613382925800386e-08
7.820000000000000562e-02	8.655882369397776724e-08
7.870000000000000606e-02	8.787441098428731904e-08
7.960000000000000409e-02	8.861273093878961842e-08
7.979999999999999594e-02	9.017683728485633817e-08
8.100000000000000255e-02	9.400355296286184605e-08
8.160000000000000586e-02	9.685533086667419411e-08
8.250000000000000389e-02	9.835978519876904242e-08
8.329999999999999905e-02	9.704745288913777109e-08
8.390000000000000235e-02	9.551127841473532610e-08
8.480000000000000038e-02	9.593875291973417888e-08
8.530000000000000082e-02	9.577895136586097362e-08
8.619999999999999885e-02	9.458144216134298829e-08
8.709999999999999687e-02	9.181191915229955388e-08
8.759999999999999731e-02	9.104942932935955469e-08
8.849999999999999534e-02	8.935457537739526686e-08
8.899999999999999578e-02	8.969546349182532208e-08
8.980000000000000482e-02	9.037253789756505284e-08
9.080000000000000571e-02	9.038553822702886887e-08
9.170000000000000373e-02	8.986205992547009394e-08
9.220000000000000417e-02	9.352398417635593139e-08
9.310000000000000220e-02	9.638548054640006298e-08
9.389999999999999736e-02	9.833709124806860855e-08
9.460000000000000353e-02	9.724317665627138251e-08
9.550000000000000155e-02	9.375102070967135785e-08
9.600000000000000200e-02	9.088221040762804159e-08
9.679999999999999716e-02	8.785184490989195183e-08
9.750000000000000333e-02	8.551012888496593194e-08
9.829999999999999849e-02	8.530766798091041716e-08
9.890000000000000180e-02	8.560918729472177802e-08
9.969999999999999696e-02	8.615139005089269107e-08
1.004000000000000031e-01	8.810709332417281258e-08
1.011999999999999983e-01	9.157646678351526530e-08
1.018000000000000016e-01	9.536265777263653954e-08
1.026999999999999996e-01	9.839632753028126899e-08
1.034999999999999948e-01	1.000151166962408165e-07
1.040999999999999981e-01	1.000684881478971041e-07
1.049999999999999961e-01	9.933986024960420808e-08
1.058999999999999941e-01	9.932552081898483228e-08
1.063999999999999946e-01	9.967622816020593746e-08
1.072000000000000036e-01	9.983962742728454887e-08
1.078000000000000069e-01	1.002289424105067011e-07
1.087999999999999939e-01	1.001868352360097093e-07
1.096000000000000030e-01	1.005327742044367140e-07
1.102000000000000063e-01	1.002565426233559265e-07
1.111000000000000043e-01	9.791050104013265809e-08
1.118999999999999995e-01	9.541065475123738094e-08
1.125000000000000028e-01	9.386571244821739937e-08
1.134000000000000008e-01	9.174126680521062881e-08
1.141999999999999960e-01	8.975308562948060840e-08
1.147999999999999993e-01	9.199870394605202201e-08
1.150999999999999940e-01	9.401113698058938095e-08
1.160999999999999949e-01	9.482046436914970400e-08
1.170999999999999958e-01	9.896350299976219122e-08
1.178000000000000019e-01	1.030512226765983100e-07
1.185999999999999971e-01	1.080506280004556174e-07
1.192000000000000004e-01	1.103011957333288810e-07
1.200999999999999984e-01	1.084192268723555255e-07
1.205999999999999989e-01	1.061800603693775103e-07
1.214999999999999969e-01	1.007333452207603841e-07
1.223000000000000059e-01	9.826066693399170704e-08
1.228999999999999954e-01	9.636357845010934398e-08
1.237999999999999934e-01	9.593215751502530959e-08
1.246000000000000024e-01	9.857267173182934901e-08
1.254000000000000115e-01	1.010247931853630324e-07
1.260000000000000009e-01	1.031116714699514300e-07
1.269000000000000128e-01	1.057921185532259937e-07
1.277999999999999969e-01	1.076299555249591251e-07
1.283999999999999864e-01	1.088611583099918789e-07
1.292000000000000093e-01	1.079553115783492849e-07
1.297999999999999987e-01	1.074837712167209247e-07
1.305999999999999939e-01	1.064551143171202674e-07
1.315000000000000058e-01	1.068182724369141308e-07
1.320000000000000062e-01	1.085692462183768364e-07
1.330000000000000071e-01	1.111800856207695997e-07
1.338000000000000023e-01	1.144410244492647862e-07
1.343999999999999917e-01	1.181760551745718492e-07
1.353000000000000036e-01	1.224252005188915599e-07
1.358999999999999930e-01	1.254745388794421171e-07
1.366999999999999882e-01	1.251621362622639888e-07
1.373000000000000054e-01	1.243330558509114780e-07
1.381000000000000005e-01	1.201361808415604550e-07
1.390000000000000124e-01	1.170930335114471382e-07
1.396000000000000019e-01	1.151870994976245901e-07
1.403999999999999970e-01	1.144452915148151244e-07
1.413000000000000089e-01	1.140916842785060001e-07
1.418999999999999984e-01	1.146612760294374311e-07
1.426999999999999935e-01	1.145569244164913415e-07
1.436000000000000054e-01	1.135883741971614019e-07
1.441999999999999948e-01	1.136132080104775723e-07
1.451000000000000068e-01	1.132424586764190807e-07
1.459000000000000019e-01	1.128991226820570844e-07
1.464999999999999913e-01	1.131843517044168641e-07
1.472999999999999865e-01	1.139098833249708255e-07
1.479000000000000037e-01	1.150527850768412463e-07
1.487999999999999878e-01	1.155619600747385476e-07
1.496000000000000107e-01	1.170749141234364572e-07
1.502000000000000002e-01	1.184427914791636333e-07
1.511000000000000121e-01	1.203457792995562757e-07
1.517999999999999905e-01	1.217556942780731843e-07
1.524999999999999967e-01	1.233062257064325468e-07
1.534000000000000086e-01	1.245197527431430391e-07
1.539999999999999980e-01	1.244074964107309442e-07
1.547999999999999932e-01	1.212956701698459584e-07
1.554999999999999993e-01	1.191922160901585597e-07
1.562999999999999945e-01	1.156558937509544194e-07
1.570999999999999897e-01	1.115473348002808249e-07
1.577000000000000068e-01	1.109918254317125424e-07
1.585000000000000020e-01	1.123915025316617608e-07
1.590999999999999914e-01	1.144402119734877488e-07
1.600000000000000033e-01	1.172243884184354101e-07
1.605999999999999928e-01	1.199618111513700569e-07
1.613999999999999879e-01	1.214017839008694592e-07
1.622999999999999998e-01	1.210745110688624719e-07
1.628999999999999893e-01	1.205515790971520465e-07
1.637000000000000122e-01	1.205631400442172612e-07
1.645999999999999963e-01	1.206025242842349867e-07
1.655000000000000082e-01	1.195933788033175494e-07
1.660000000000000087e-01	1.185051155352001318e-07
1.668999999999999928e-01	1.176115559993480083e-07
1.675000000000000100e-01	1.181852032678996510e-07
1.680999999999999994e-01	1.186047784628080930e-07
1.691000000000000003e-01	1.192406489157408941e-07
1.698999999999999955e-01	1.191056343844309096e-07
1.708000000000000074e-01	1.186735684285623836e-07
1.713999999999999968e-01	1.181686513601142928e-07
1.723000000000000087e-01	1.186707313271202014e-07
1.731000000000000039e-01	1.200094842601693543e-07
1.736999999999999933e-01	1.203604892487607131e-07
1.744999999999999885e-01	1.196422315384312344e-07
1.751000000000000056e-01	1.184959184179062019e-07
1.759000000000000008e-01	1.185066411235265321e-07
1.768000000000000127e-01	1.185943414584428342e-07
1.774000000000000021e-01	1.176862624797288192e-07
1.782999999999999863e-01	1.146953199506137226e-07
1.791000000000000092e-01	1.114303201090013169e-07
1.796999999999999986e-01	1.099184155079558798e-07
1.804000000000000048e-01	1.092867591978574637e-07
1.812000000000000000e-01	1.085744202286711470e-07
1.819999999999999951e-01	1.090408603857275266e-07
1.824999999999999956e-01	1.093948481219529044e-07
1.834000000000000075e-01	1.110535410012111370e-07
1.842999999999999916e-01	1.123330474433293444e-07
1.849000000000000088e-01	1.111784087015621481e-07
1.857000000000000040e-01	1.103747564457080443e-07
1.862000000000000044e-01	1.103901493452693392e-07
1.872000000000000053e-01	1.118970154742118596e-07
1.880999999999999894e-01	1.126993024803505770e-07
1.885999999999999899e-01	1.128746163203686592e-07
1.895999999999999908e-01	1.120137141127933370e-07
1.900999999999999912e-01	1.120839243640148197e-07
1.908999999999999864e-01	1.128347520327531143e-07
1.917999999999999983e-01	1.141895443005140075e-07
1.922999999999999987e-01	1.143415544904748674e-07
1.932000000000000106e-01	1.138671325332338413e-07
1.938000000000000000e-01	1.136922893613017971e-07
1.947000000000000119e-01	1.144265612270849194e-07
1.955000000000000071e-01	1.150978670074241214e-07
1.963999999999999913e-01	1.176771771275794497e-07
1.970000000000000084e-01	1.178548092288529110e-07
1.978000000000000036e-01	1.171606811567471595e-07
1.988000000000000045e-01	1.130128150577970531e-07
1.993000000000000049e-01	1.079607869769461104e-07
2.000000000000000111e-01	1.009159837458500373e-07
