-0.000000000000000000e+00	-8.913715987546311226e-09
-0.000000000000000000e+00	-9.502912234893301502e-09
2.000000000000000096e-04	-7.500256766263786259e-09
5.000000000000000104e-04	-6.076064096305344719e-09
8.999999999999999754e-04	-3.822075491165319297e-09
1.500000000000000031e-03	-1.429773748078039304e-09
2.000000000000000042e-03	6.007590806984741402e-10
2.700000000000000143e-03	1.925619163252745686e-09
3.099999999999999891e-03	1.355601852992549539e-09
3.799999999999999992e-03	-4.349144599877309630e-10
4.499999999999999660e-03	-1.492724007852491754e-09
5.300000000000000024e-03	-3.277870142476891198e-09
6.000000000000000125e-03	-5.159477598479944072e-09
6.799999999999999621e-03	-7.027807669146568514e-09
7.400000000000000328e-03	-8.327933527457493311e-09
8.099999999999999561e-03	-9.525994189759236214e-09
8.600000000000000006e-03	-1.049869524649693631e-08
9.499999999999999764e-03	-1.204119210119169441e-08
1.020000000000000073e-02	-1.355785976628162645e-08
1.080000000000000057e-02	-1.439194604681074321e-08
1.159999999999999920e-02	-1.253351297487394408e-08
1.239999999999999956e-02	-8.874529884520008768e-09
1.310000000000000053e-02	-7.515163451445529339e-09
1.400000000000000029e-02	-8.199336384938199955e-09
1.480000000000000066e-02	-9.109959181064969303e-09
1.549999999999999989e-02	-8.648950573510905095e-09
1.629999999999999852e-02	-6.991188742278410577e-09
1.710000000000000062e-02	-5.698500981694931477e-09
1.770000000000000046e-02	-5.461416371691487683e-09
1.849999999999999908e-02	-5.539594284026454180e-09
1.909999999999999892e-02	-5.938407497715773825e-09
2.000000000000000042e-02	-5.471273744940406086e-09
2.079999999999999905e-02	-4.496623465163361715e-09
2.170000000000000054e-02	-4.032729350080429449e-09
2.230000000000000038e-02	-4.148219712097164782e-09
2.309999999999999901e-02	-5.038960740130276529e-09
2.390000000000000110e-02	-6.536571577631957586e-09
2.450000000000000094e-02	-8.244215332122607876e-09
2.539999999999999897e-02	-1.109475795997471212e-08
2.589999999999999941e-02	-1.100197694272317299e-08
2.680000000000000090e-02	-1.137235239208976017e-08
2.769999999999999893e-02	-1.001888469831302459e-08
2.819999999999999937e-02	-9.249521288292713983e-09
2.910000000000000087e-02	-8.563096587059017069e-09
2.960000000000000131e-02	-9.190188166030566208e-09
3.049999999999999933e-02	-1.143760641753033269e-08
3.130000000000000143e-02	-1.465528721106479976e-08
3.189999999999999780e-02	-1.714745667413780734e-08
3.289999999999999869e-02	-2.050732129026207028e-08
3.359999999999999792e-02	-2.186828593416657392e-08
3.450000000000000289e-02	-2.218083300674842557e-08
3.509999999999999926e-02	-2.087182592473453564e-08
3.540000000000000091e-02	-1.811345345395202206e-08
3.670000000000000345e-02	-1.450142832132603587e-08
3.729999999999999982e-02	-1.159260668109739306e-08
3.819999999999999785e-02	-9.935862528658945793e-09
3.899999999999999994e-02	-8.554391166510428889e-09
3.960000000000000325e-02	-7.623959481174536877e-09
4.039999999999999841e-02	-7.483599969245356259e-09
4.130000000000000338e-02	-8.033337892571077730e-09
4.179999999999999688e-02	-7.732485031465942334e-09
4.270000000000000184e-02	-8.195700445405659253e-09
4.329999999999999821e-02	-7.782439274849342738e-09
4.420000000000000318e-02	-6.098798508101054550e-09
4.440000000000000197e-02	-3.372477408447593916e-09
4.560000000000000164e-02	-1.241005348049886762e-10
4.630000000000000088e-02	2.713377966756524984e-09
4.700000000000000011e-02	4.468881909095114462e-09
4.780000000000000221e-02	5.084336536124494361e-09
4.839999999999999858e-02	5.648063696169611935e-09
4.929999999999999660e-02	5.433695126807566717e-09
5.020000000000000157e-02	4.438698610870358404e-09
5.079999999999999793e-02	4.877623499315535169e-09
5.149999999999999717e-02	3.968447347326687778e-09
5.240000000000000213e-02	-1.346468444873148136e-09
5.310000000000000137e-02	-6.652563716266601841e-10
5.380000000000000060e-02	1.402717884524504819e-09
5.469999999999999862e-02	2.537567122583768900e-09
5.489999999999999741e-02	5.677217636074034754e-09
5.619999999999999996e-02	1.119593473419797470e-08
5.700000000000000205e-02	1.573563636778091080e-08
5.770000000000000129e-02	1.930870855555081531e-08
5.790000000000000008e-02	2.243401074554199962e-08
5.909999999999999976e-02	2.000571479495276792e-08
5.990000000000000185e-02	1.924428620747446891e-08
6.049999999999999822e-02	1.999158906819947909e-08
6.130000000000000032e-02	2.183469069359953680e-08
6.189999999999999669e-02	2.461105417130044775e-08
6.279999999999999472e-02	2.675246004522401681e-08
6.370000000000000662e-02	2.830944493383843366e-08
6.429999999999999605e-02	2.888079623506722049e-08
6.510000000000000508e-02	2.934523948169677041e-08
6.590000000000000024e-02	3.087611795472355041e-08
6.679999999999999827e-02	3.223793498818849912e-08
6.740000000000000158e-02	3.378918369334617868e-08
6.819999999999999674e-02	3.321079913473717111e-08
6.880000000000000004e-02	3.327194309128639520e-08
6.969999999999999807e-02	3.356125554411734605e-08
7.000000000000000666e-02	3.716814774796678904e-08
7.119999999999999940e-02	3.762834130678304227e-08
7.209999999999999742e-02	3.906720352500083790e-08
7.270000000000000073e-02	4.025987187026037714e-08
7.359999999999999876e-02	4.225963753560267196e-08
7.439999999999999392e-02	4.374003611171369126e-08
7.510000000000000009e-02	4.403775757700491084e-08
7.560000000000000053e-02	4.406547600302398443e-08
7.649999999999999856e-02	4.291887426006072233e-08
7.729999999999999372e-02	4.200596938562338845e-08
7.789999999999999702e-02	4.191095115402276861e-08
7.879999999999999505e-02	4.141422863018574578e-08
7.960000000000000409e-02	4.228056972004677843e-08
8.019999999999999352e-02	4.399621976427490937e-08
8.100000000000000255e-02	4.694045643184260423e-08
8.190000000000000058e-02	5.042573455255670769e-08
8.219999999999999529e-02	5.342785414086392848e-08
8.319999999999999618e-02	5.463842564651707016e-08
8.409999999999999420e-02	5.497288553116940315e-08
8.490000000000000324e-02	5.759422980619514924e-08
8.559999999999999554e-02	5.761702942732039769e-08
8.640000000000000457e-02	5.661914029592047990e-08
8.709999999999999687e-02	5.415647949701758806e-08
8.780000000000000304e-02	5.330060565120674351e-08
8.859999999999999820e-02	5.090352618753084941e-08
8.939999999999999336e-02	4.979360398211023590e-08
9.009999999999999953e-02	4.834238138829212814e-08
9.099999999999999756e-02	4.560135175632178868e-08
9.149999999999999800e-02	4.426206210102511286e-08
9.229999999999999316e-02	4.445217917324667362e-08
9.320000000000000506e-02	4.478553244450142822e-08
9.379999999999999449e-02	4.681582344019416222e-08
9.460000000000000353e-02	4.893400132954963976e-08
9.539999999999999869e-02	4.965256803966727679e-08
9.600000000000000200e-02	5.029116343955322185e-08
9.690000000000000002e-02	5.019252344612724558e-08
9.769999999999999518e-02	5.053144120370291636e-08
9.829999999999999849e-02	5.229889360040522237e-08
9.919999999999999651e-02	5.208994649977948330e-08
1.000000000000000056e-01	5.248951073355062767e-08
1.005000000000000060e-01	5.212314135860651731e-08
1.014000000000000040e-01	5.311347125762767334e-08
1.023000000000000020e-01	5.442189224553483482e-08
1.029000000000000054e-01	5.465239017201230486e-08
1.037000000000000005e-01	5.521023107276539789e-08
1.043000000000000038e-01	5.559710988010022329e-08
1.052000000000000018e-01	5.673789616968562874e-08
1.059999999999999970e-01	5.824851449197649373e-08
1.064999999999999974e-01	5.974197427858248402e-08
1.073999999999999955e-01	6.012164535706191807e-08
1.082999999999999935e-01	5.961845935513563180e-08
1.091000000000000025e-01	5.840811644097923563e-08
1.097000000000000058e-01	5.685491240773770596e-08
1.105000000000000010e-01	5.426078469204370155e-08
1.111000000000000043e-01	5.022380378250090871e-08
1.113999999999999990e-01	4.727483121940341114e-08
1.126000000000000056e-01	4.393203594453621393e-08
1.135000000000000037e-01	4.135266351568134269e-08
1.141999999999999960e-01	4.019605515021697770e-08
1.150000000000000050e-01	4.204211895464357117e-08
1.155999999999999944e-01	4.195762568684783392e-08
1.164000000000000035e-01	4.469959395582441892e-08
1.170000000000000068e-01	4.743355930258985609e-08
1.179000000000000048e-01	5.192914898088929476e-08
1.187000000000000000e-01	5.705277795081264136e-08
1.195999999999999980e-01	6.002636626059349969e-08
1.202000000000000013e-01	6.069802851799966465e-08
1.202000000000000013e-01	6.208219418896977021e-08
1.218999999999999945e-01	5.548682606197405557e-08
1.227000000000000035e-01	5.156732157701252942e-08
1.233000000000000068e-01	4.945310649873135844e-08
1.242000000000000048e-01	4.977558994897062930e-08
1.247000000000000053e-01	5.266031136840415539e-08
1.255999999999999894e-01	5.640550166424000666e-08
1.262999999999999956e-01	5.923423873058184121e-08
1.270000000000000018e-01	6.364839793637823340e-08
1.277999999999999969e-01	6.616749894574814497e-08
1.287000000000000088e-01	6.667330156046829180e-08
1.292999999999999983e-01	6.497146549799684755e-08
1.302000000000000102e-01	6.090314277745600503e-08
1.307999999999999996e-01	5.860143477577216713e-08
1.315000000000000058e-01	5.695997183768821759e-08
1.323999999999999899e-01	5.700691464769206248e-08
1.330999999999999961e-01	5.954200583481935718e-08
1.338000000000000023e-01	6.340423187936188605e-08
1.345999999999999974e-01	6.836232538250542928e-08
1.350000000000000089e-01	7.176334345770437006e-08
1.360999999999999988e-01	7.631413550487591156e-08
1.368999999999999939e-01	7.636180050154833328e-08
1.375000000000000111e-01	7.513371570260545352e-08
1.383999999999999952e-01	6.986393875758505988e-08
1.390000000000000124e-01	6.731149994939274627e-08
1.400000000000000133e-01	6.384156781968052074e-08
1.406000000000000028e-01	6.345336323389939918e-08
1.414999999999999869e-01	6.268216341494999341e-08
1.423999999999999988e-01	6.251523408000368075e-08
1.428999999999999992e-01	6.318602733308061821e-08
1.438000000000000111e-01	6.353853621021698928e-08
1.444000000000000006e-01	6.491885410336467492e-08
1.451999999999999957e-01	6.620508534260349934e-08
1.461000000000000076e-01	6.666279127373067678e-08
1.469000000000000028e-01	6.705910493565170327e-08
1.474999999999999922e-01	6.704757124597562642e-08
1.482999999999999874e-01	6.670459123523416464e-08
1.489000000000000046e-01	6.617155720757317898e-08
1.496999999999999997e-01	6.592662924969165066e-08
1.506000000000000116e-01	6.590155976482492406e-08
1.511000000000000121e-01	6.700452610732678828e-08
1.521000000000000130e-01	7.069531780528284934e-08
1.529000000000000081e-01	7.448867118963730685e-08
1.534999999999999976e-01	7.700588320905328398e-08
1.542999999999999927e-01	7.759365416859509423e-08
1.552000000000000046e-01	7.471264120205737702e-08
1.557000000000000051e-01	7.365129469952497517e-08
1.565999999999999892e-01	6.855271903062712806e-08
1.575000000000000011e-01	6.553293019351258408e-08
1.580000000000000016e-01	6.563044133393552413e-08
1.589000000000000135e-01	6.652669455547950757e-08
1.590999999999999914e-01	6.775650263080024160e-08
1.603999999999999870e-01	7.193366210737519588e-08
1.610000000000000042e-01	7.414767951857040199e-08
1.618999999999999884e-01	7.441276469374069332e-08
1.625999999999999945e-01	7.382018164702930766e-08
1.633999999999999897e-01	7.365094663109112690e-08
1.642000000000000126e-01	7.404391998110940384e-08
1.648999999999999910e-01	7.365912836373847246e-08
1.655999999999999972e-01	7.250273532983125710e-08
1.665000000000000091e-01	7.029799666649549514e-08
1.670000000000000095e-01	6.989038749390938503e-08
1.678999999999999937e-01	7.015791744429594079e-08
1.686999999999999889e-01	7.188393061953722989e-08
1.693000000000000060e-01	7.450615854699195672e-08
1.701000000000000012e-01	7.651132019306305378e-08
1.705000000000000127e-01	7.733684981303667882e-08
1.716999999999999915e-01	7.795893606876236917e-08
1.723000000000000087e-01	7.742632610265929401e-08
1.731000000000000039e-01	7.659965741591536956e-08
1.741000000000000048e-01	7.442353745796225285e-08
1.746000000000000052e-01	7.280792705441223096e-08
1.754000000000000004e-01	7.130709074366057002e-08
1.761000000000000065e-01	7.111285498657925233e-08
1.769000000000000017e-01	7.091073433151910695e-08
1.776000000000000079e-01	7.023628613177876501e-08
1.784999999999999920e-01	6.864788938594636831e-08
1.791999999999999982e-01	6.760973084209078252e-08
1.799999999999999933e-01	6.828362198435340537e-08
1.806999999999999995e-01	6.657083417849207763e-08
1.814000000000000057e-01	6.621637205516973237e-08
1.822999999999999898e-01	6.518824302831449411e-08
1.829999999999999960e-01	6.671593122649556569e-08
1.837999999999999912e-01	6.967995203998155373e-08
1.839999999999999969e-01	7.047174619637614737e-08
1.852000000000000035e-01	7.134684783604058819e-08
1.859999999999999987e-01	7.170825622517082966e-08
1.865999999999999881e-01	7.266952617432404188e-08
1.872999999999999943e-01	7.431914225954244007e-08
1.882000000000000062e-01	7.427501499466694477e-08
1.890000000000000013e-01	7.172701663126109391e-08
1.895999999999999908e-01	6.831606061713765089e-08
1.905000000000000027e-01	6.593526138551792210e-08
1.910000000000000031e-01	6.612141589812381426e-08
1.920000000000000040e-01	6.799473261226078720e-08
1.925000000000000044e-01	6.808799376242346975e-08
1.935000000000000053e-01	6.601075078860214063e-08
1.943000000000000005e-01	6.451213689723175193e-08
1.948999999999999899e-01	6.476012786888773699e-08
1.958000000000000018e-01	6.597045485795282347e-08
1.967000000000000137e-01	6.956559718447319754e-08
1.973000000000000032e-01	7.076969336013560794e-08
1.980999999999999983e-01	7.159431439441408905e-08
1.988999999999999935e-01	6.932006994757161574e-08
1.995000000000000107e-01	6.615848482502413084e-08
