-200,00000000E-3	76,19657463E-6	
-200,10000000E-3	76,59499967E-6	
-200,00000000E-3	76,67111081E-6	
-199,90000000E-3	76,74187832E-6	
-199,70000000E-3	76,80588732E-6	
-199,40000000E-3	76,86040319E-6	
-199,10000000E-3	76,90303514E-6	
-198,80000000E-3	76,92714287E-6	
-198,20000000E-3	76,92781151E-6	
-197,70000000E-3	76,91421032E-6	
-197,20000000E-3	76,89850039E-6	
-196,80000000E-3	76,88982474E-6	
-196,60000000E-3	76,89898066E-6	
-195,80000000E-3	76,92043365E-6	
-195,10000000E-3	76,94816042E-6	
-194,70000000E-3	76,97835609E-6	
-194,00000000E-3	77,01901474E-6	
-193,40000000E-3	77,08767396E-6	
-192,90000000E-3	77,17343435E-6	
-192,40000000E-3	77,25132297E-6	
-191,80000000E-3	77,30281739E-6	
-191,20000000E-3	77,32215847E-6	
-190,60000000E-3	77,33207457E-6	
-190,10000000E-3	77,36242375E-6	
-189,50000000E-3	77,41492271E-6	
-188,70000000E-3	77,47187597E-6	
-188,10000000E-3	77,55386371E-6	
-187,50000000E-3	77,67790986E-6	
-186,90000000E-3	77,81185132E-6	
-186,40000000E-3	77,90240735E-6	
-185,80000000E-3	77,92502152E-6	
-185,00000000E-3	77,89941640E-6	
-184,40000000E-3	77,86421583E-6	
-183,80000000E-3	77,84796354E-6	
-183,30000000E-3	77,83634996E-6	
-182,70000000E-3	77,81685010E-6	
-182,10000000E-3	77,81357971E-6	
-181,40000000E-3	77,84448256E-6	
-180,70000000E-3	77,91730345E-6	
-180,10000000E-3	78,03485984E-6	
-179,50000000E-3	78,17202037E-6	
-178,90000000E-3	78,29578678E-6	
-178,40000000E-3	78,39767748E-6	
-177,70000000E-3	78,48125146E-6	
-177,00000000E-3	78,54420454E-6	
-176,40000000E-3	78,60266983E-6	
-175,80000000E-3	78,66071857E-6	
-175,20000000E-3	78,68874324E-6	
-174,60000000E-3	78,67481255E-6	
-174,10000000E-3	78,64434357E-6	
-173,20000000E-3	78,62698923E-6	
-172,70000000E-3	78,63511124E-6	
-172,10000000E-3	78,65049753E-6	
-171,50000000E-3	78,65231753E-6	
-171,00000000E-3	78,64095515E-6	
-170,40000000E-3	78,63735006E-6	
-169,60000000E-3	78,67033368E-6	
-168,90000000E-3	78,74556980E-6	
-168,30000000E-3	78,83687683E-6	
-167,80000000E-3	78,91307199E-6	
-167,20000000E-3	78,97296912E-6	
-166,60000000E-3	79,02441055E-6	
-166,00000000E-3	79,05841184E-6	
-165,10000000E-3	79,06455568E-6	
-164,60000000E-3	79,03332774E-6	
-164,00000000E-3	78,97849091E-6	
-163,50000000E-3	78,94756635E-6	
-162,90000000E-3	78,96638693E-6	
-162,30000000E-3	79,01259784E-6	
-161,40000000E-3	79,04944188E-6	
-160,90000000E-3	79,05918345E-6	
-160,30000000E-3	79,05296887E-6	
-159,70000000E-3	79,06256498E-6	
-159,10000000E-3	79,09322718E-6	
-158,60000000E-3	79,13437871E-6	
-157,70000000E-3	79,18414789E-6	
-157,10000000E-3	79,23658273E-6	
-156,50000000E-3	79,28194519E-6	
-155,90000000E-3	79,32102188E-6	
-155,40000000E-3	79,35296178E-6	
-154,80000000E-3	79,37580870E-6	
-154,20000000E-3	79,38377314E-6	
-153,40000000E-3	79,38234258E-6	
-152,80000000E-3	79,38455533E-6	
-152,10000000E-3	79,36060800E-6	
-151,50000000E-3	79,28589871E-6	
-150,90000000E-3	79,18516685E-6	
-150,30000000E-3	79,10280019E-6	
-149,70000000E-3	79,06076426E-6	
-149,10000000E-3	79,03917269E-6	
-148,50000000E-3	79,01407438E-6	
-147,80000000E-3	78,98503714E-6	
-147,30000000E-3	78,97204968E-6	
-146,70000000E-3	78,98835571E-6	
-146,20000000E-3	79,02420419E-6	
-145,40000000E-3	79,06468230E-6	
-144,90000000E-3	79,08588983E-6	
-144,20000000E-3	79,07597601E-6	
-143,60000000E-3	79,05110913E-6	
-142,90000000E-3	79,02895863E-6	
-142,30000000E-3	79,01072243E-6	
-141,50000000E-3	78,99518823E-6	
-140,90000000E-3	78,99176642E-6	
-140,60000000E-3	79,00794553E-6	
-140,10000000E-3	79,03520263E-6	
-139,40000000E-3	79,04984524E-6	
-138,80000000E-3	79,05174455E-6	
-138,30000000E-3	79,05620510E-6	
-137,60000000E-3	79,07173258E-6	
-137,00000000E-3	79,08678665E-6	
-136,40000000E-3	79,08786622E-6	
-135,70000000E-3	79,08300839E-6	
-134,90000000E-3	79,10421902E-6	
-134,30000000E-3	79,17137050E-6	
-133,70000000E-3	79,27204760E-6	
-133,10000000E-3	79,38423862E-6	
-132,50000000E-3	79,48463660E-6	
-131,90000000E-3	79,56670455E-6	
-131,30000000E-3	79,64318618E-6	
-130,70000000E-3	79,71095783E-6	
-130,10000000E-3	79,74218168E-6	
-129,50000000E-3	79,73290941E-6	
-128,90000000E-3	79,71900159E-6	
-128,30000000E-3	79,74100733E-6	
-127,70000000E-3	79,81176173E-6	
-127,10000000E-3	79,89901334E-6	
-126,30000000E-3	79,94651560E-6	
-125,60000000E-3	79,94724900E-6	
-125,00000000E-3	79,94917341E-6	
-124,40000000E-3	79,98769741E-6	
-123,80000000E-3	80,02652450E-6	
-123,20000000E-3	80,03028579E-6	
-122,60000000E-3	79,99470894E-6	
-122,00000000E-3	79,91024951E-6	
-121,30000000E-3	79,76874910E-6	
-120,70000000E-3	79,62565788E-6	
-120,10000000E-3	79,55129750E-6	
-119,50000000E-3	79,57211395E-6	
-118,90000000E-3	79,64806593E-6	
-118,30000000E-3	79,70772612E-6	
-117,80000000E-3	79,71880188E-6	
-117,10000000E-3	79,68157387E-6	
-116,50000000E-3	79,61322399E-6	
-115,80000000E-3	79,52755265E-6	
-115,00000000E-3	79,40545397E-6	
-114,50000000E-3	79,24328536E-6	
-113,80000000E-3	79,10152530E-6	
-113,20000000E-3	79,04284898E-6	
-112,60000000E-3	79,07390769E-6	
-112,00000000E-3	79,14376901E-6	
-111,40000000E-3	79,20703555E-6	
-110,80000000E-3	79,24089504E-6	
-110,20000000E-3	79,22330931E-6	
-109,60000000E-3	79,14183733E-6	
-109,10000000E-3	79,02194177E-6	
-108,40000000E-3	78,90347086E-6	
-107,80000000E-3	78,80132818E-6	
-107,20000000E-3	78,71860470E-6	
-106,50000000E-3	78,66110995E-6	
-105,80000000E-3	78,63397105E-6	
-105,00000000E-3	78,63129086E-6	
-104,50000000E-3	78,64842593E-6	
-103,90000000E-3	78,67313870E-6	
-103,20000000E-3	78,68197756E-6	
-102,70000000E-3	78,67785137E-6	
-102,10000000E-3	78,69863001E-6	
-101,40000000E-3	78,75702618E-6	
-100,90000000E-3	78,83536122E-6	
-100,30000000E-3	78,91920839E-6	
-99,70000000E-3	79,00242895E-6	
-99,10000000E-3	79,07342077E-6	
-98,40000000E-3	79,11160453E-6	
-97,80000000E-3	79,09570644E-6	
-97,30000000E-3	79,02879312E-6	
-96,60000000E-3	78,95775340E-6	
-96,00000000E-3	78,94653332E-6	
-95,30000000E-3	79,01276812E-6	
-94,60000000E-3	79,13359795E-6	
-94,00000000E-3	79,28546379E-6	
-93,30000000E-3	79,43881505E-6	
-92,70000000E-3	79,56667767E-6	
-92,40000000E-3	79,65690820E-6	
-91,50000000E-3	79,70289151E-6	
-90,90000000E-3	79,69814941E-6	
-90,30000000E-3	79,64940056E-6	
-89,90000000E-3	79,57327142E-6	
-89,40000000E-3	79,49597036E-6	
-88,60000000E-3	79,44828288E-6	
-88,00000000E-3	79,43981780E-6	
-87,30000000E-3	79,45706424E-6	
-86,70000000E-3	79,47470599E-6	
-86,10000000E-3	79,49452419E-6	
-85,40000000E-3	79,53724156E-6	
-84,80000000E-3	79,60200915E-6	
-84,20000000E-3	79,67569513E-6	
-83,60000000E-3	79,74503266E-6	
-83,00000000E-3	79,79315957E-6	
-82,40000000E-3	79,83010234E-6	
-81,80000000E-3	79,88545308E-6	
-81,30000000E-3	79,97032273E-6	
-80,60000000E-3	80,07556059E-6	
-80,00000000E-3	80,17985793E-6	
-79,40000000E-3	80,25934339E-6	
-78,70000000E-3	80,29812967E-6	
-77,90000000E-3	80,30383729E-6	
-77,40000000E-3	80,30041379E-6	
-76,70000000E-3	80,29748335E-6	
-76,10000000E-3	80,27990762E-6	
-75,50000000E-3	80,23108348E-6	
-75,00000000E-3	80,15360882E-6	
-74,30000000E-3	80,04900047E-6	
-73,70000000E-3	79,90824418E-6	
-73,10000000E-3	79,76180038E-6	
-72,50000000E-3	79,64548905E-6	
-71,90000000E-3	79,57245029E-6	
-71,30000000E-3	79,53220252E-6	
-70,70000000E-3	79,50711332E-6	
-70,10000000E-3	79,48138347E-6	
-69,50000000E-3	79,43814171E-6	
-68,90000000E-3	79,37900640E-6	
-68,10000000E-3	79,32371771E-6	
-67,40000000E-3	79,26934450E-6	
-66,70000000E-3	79,17960964E-6	
-66,10000000E-3	79,04531089E-6	
-65,50000000E-3	78,90111671E-6	
-64,90000000E-3	78,77304851E-6	
-64,30000000E-3	78,66035814E-6	
-63,80000000E-3	78,56651330E-6	
-63,10000000E-3	78,50450176E-6	
-62,50000000E-3	78,46429084E-6	
-61,90000000E-3	78,41083686E-6	
-61,20000000E-3	78,31259020E-6	
-60,60000000E-3	78,17152510E-6	
-60,00000000E-3	78,02554284E-6	
-59,40000000E-3	77,90552374E-6	
-58,70000000E-3	77,78606861E-6	
-58,10000000E-3	77,64352304E-6	
-57,50000000E-3	77,48669944E-6	
-56,90000000E-3	77,33585650E-6	
-56,20000000E-3	77,20037370E-6	
-55,70000000E-3	77,08163736E-6	
-55,00000000E-3	77,01668867E-6	
-54,40000000E-3	76,97797454E-6	
-53,80000000E-3	76,86568907E-6	
-53,20000000E-3	76,66057637E-6	
-52,50000000E-3	76,42195895E-6	
-51,90000000E-3	76,18010829E-6	
-51,30000000E-3	75,94367696E-6	
-50,70000000E-3	75,73301169E-6	
-50,10000000E-3	75,56622681E-6	
-49,40000000E-3	75,44998534E-6	
-48,80000000E-3	75,37214949E-6	
-48,20000000E-3	75,30064180E-6	
-47,60000000E-3	75,21363877E-6	
-47,00000000E-3	75,11946417E-6	
-46,30000000E-3	75,03021569E-6	
-45,80000000E-3	74,93783188E-6	
-45,10000000E-3	74,82160035E-6	
-44,50000000E-3	74,67454760E-6	
-43,80000000E-3	74,50142210E-6	
-43,30000000E-3	74,31883077E-6	
-42,60000000E-3	74,15350558E-6	
-42,00000000E-3	74,00847446E-6	
-41,40000000E-3	73,88270526E-6	
-40,80000000E-3	73,75974070E-6	
-40,10000000E-3	73,61741014E-6	
-39,50000000E-3	73,45102350E-6	
-38,90000000E-3	73,29852461E-6	
-38,60000000E-3	73,18049839E-6	
-37,90000000E-3	73,09346079E-6	
-37,40000000E-3	73,03066785E-6	
-36,70000000E-3	72,97277637E-6	
-35,80000000E-3	72,91840839E-6	
-35,50000000E-3	72,88752968E-6	
-34,90000000E-3	72,88575391E-6	
-34,30000000E-3	72,87604196E-6	
-33,60000000E-3	72,81463975E-6	
-33,00000000E-3	72,68562766E-6	
-32,40000000E-3	72,51664289E-6	
-31,70000000E-3	72,35583386E-6	
-31,10000000E-3	72,23797043E-6	
-30,50000000E-3	72,17603409E-6	
-29,90000000E-3	72,15455950E-6	
-29,30000000E-3	72,13756157E-6	
-28,70000000E-3	72,10002897E-6	
-28,00000000E-3	72,03257301E-6	
-27,40000000E-3	71,94570790E-6	
-26,80000000E-3	71,86970110E-6	
-26,10000000E-3	71,81784675E-6	
-25,50000000E-3	71,76477533E-6	
-24,90000000E-3	71,68670886E-6	
-24,20000000E-3	71,60734462E-6	
-23,70000000E-3	71,55664468E-6	
-23,00000000E-3	71,54474181E-6	
-22,40000000E-3	71,54072510E-6	
-21,80000000E-3	71,50508908E-6	
-21,20000000E-3	71,44958164E-6	
-20,50000000E-3	71,41923401E-6	
-19,90000000E-3	71,61089837E-6	
-19,30000000E-3	72,30182350E-6	
-18,70000000E-3	73,03787677E-6	
-18,00000000E-3	73,29215481E-6	
-17,40000000E-3	73,03190104E-6	
-16,80000000E-3	72,55269113E-6	
-16,20000000E-3	72,11825286E-6	
-15,50000000E-3	71,82110230E-6	
-14,90000000E-3	71,66200474E-6	
-14,30000000E-3	71,59129932E-6	
-13,70000000E-3	71,57051241E-6	
-13,00000000E-3	71,59047207E-6	
-12,40000000E-3	71,64911463E-6	
-11,80000000E-3	71,72283522E-6	
-11,20000000E-3	71,78646775E-6	
-10,60000000E-3	71,83192997E-6	
-9,90000000E-3	71,85913454E-6	
-9,40000000E-3	71,86895320E-6	
-8,70000000E-3	71,86298933E-6	
-8,10000000E-3	71,84558765E-6	
-7,40000000E-3	71,81692640E-6	
-6,90000000E-3	71,76760083E-6	
-6,20000000E-3	71,71704539E-6	
-5,60000000E-3	71,68508604E-6	
-5,00000000E-3	71,65635364E-6	
-4,40000000E-3	71,63481860E-6	
-3,80000000E-3	71,64488720E-6	
-3,10000000E-3	71,67228640E-6	
-2,50000000E-3	71,68159921E-6	
-1,80000000E-3	71,65839046E-6	
-1,20000000E-3	71,62342661E-6	
-500,00000000E-6	71,62363117E-6	
100,00000000E-6	71,66926466E-6	
800,00000000E-6	71,73001628E-6	
1,40000000E-3	71,78724082E-6	
2,00000000E-3	71,84478049E-6	
2,70000000E-3	71,89948736E-6	
3,30000000E-3	71,94966574E-6	
3,90000000E-3	71,99753268E-6	
4,50000000E-3	72,04619664E-6	
5,20000000E-3	72,10449205E-6	
5,80000000E-3	72,16348414E-6	
6,40000000E-3	72,19483429E-6	
7,00000000E-3	72,19099956E-6	
7,70000000E-3	72,15998456E-6	
8,30000000E-3	72,11890111E-6	
8,90000000E-3	72,10410563E-6	
9,50000000E-3	72,12822413E-6	
10,20000000E-3	72,16292211E-6	
10,70000000E-3	72,17672241E-6	
11,40000000E-3	72,15517601E-6	
12,00000000E-3	72,10414171E-6	
12,60000000E-3	72,04297383E-6	
13,20000000E-3	71,99863956E-6	
13,90000000E-3	71,98286866E-6	
14,50000000E-3	71,96558821E-6	
15,10000000E-3	71,91870535E-6	
15,70000000E-3	71,84651317E-6	
16,40000000E-3	71,76759022E-6	
17,00000000E-3	71,69641668E-6	
17,60000000E-3	71,62736773E-6	
18,20000000E-3	71,56318580E-6	
18,90000000E-3	71,53967639E-6	
19,50000000E-3	71,56225334E-6	
20,10000000E-3	71,60054039E-6	
20,70000000E-3	71,62282572E-6	
21,30000000E-3	71,61384278E-6	
21,90000000E-3	71,59011129E-6	
22,60000000E-3	71,57520994E-6	
23,20000000E-3	71,57703312E-6	
23,80000000E-3	71,60206961E-6	
24,40000000E-3	71,63959254E-6	
25,10000000E-3	71,67284784E-6	
25,70000000E-3	71,70656308E-6	
26,30000000E-3	71,75954274E-6	
26,90000000E-3	71,81151557E-6	
27,60000000E-3	71,81902332E-6	
28,10000000E-3	71,78480107E-6	
28,80000000E-3	71,74852651E-6	
29,40000000E-3	71,75404057E-6	
30,00000000E-3	71,81572460E-6	
30,60000000E-3	71,89359697E-6	
31,30000000E-3	71,93398316E-6	
31,90000000E-3	71,93582987E-6	
32,50000000E-3	71,93294634E-6	
33,10000000E-3	71,95859672E-6	
33,80000000E-3	72,01506456E-6	
34,40000000E-3	72,06426558E-6	
35,00000000E-3	72,08056121E-6	
35,60000000E-3	72,07935745E-6	
36,20000000E-3	72,11536382E-6	
36,90000000E-3	72,22435543E-6	
37,50000000E-3	72,36974414E-6	
38,10000000E-3	72,50187702E-6	
38,70000000E-3	72,60598649E-6	
39,40000000E-3	72,68073276E-6	
40,00000000E-3	72,74370000E-6	
40,60000000E-3	72,82003048E-6	
41,20000000E-3	72,92434043E-6	
41,80000000E-3	73,05645334E-6	
42,40000000E-3	73,21119904E-6	
43,00000000E-3	73,38894087E-6	
43,60000000E-3	73,58542585E-6	
44,20000000E-3	73,77076940E-6	
44,90000000E-3	73,90786316E-6	
45,40000000E-3	74,00521909E-6	
46,10000000E-3	74,09592479E-6	
46,70000000E-3	74,21384635E-6	
47,30000000E-3	74,37326573E-6	
47,90000000E-3	74,55090105E-6	
48,60000000E-3	74,72573758E-6	
49,10000000E-3	74,88409881E-6	
49,50000000E-3	75,02048381E-6	
50,50000000E-3	75,14802390E-6	
50,80000000E-3	75,28658445E-6	
51,70000000E-3	75,44639276E-6	
52,40000000E-3	75,62953959E-6	
53,00000000E-3	75,81959967E-6	
53,30000000E-3	76,00692275E-6	
53,90000000E-3	76,18602943E-6	
54,50000000E-3	76,36523479E-6	
55,20000000E-3	76,56867551E-6	
55,70000000E-3	76,78102780E-6	
56,70000000E-3	76,96419741E-6	
57,30000000E-3	77,10541041E-6	
57,60000000E-3	77,21486056E-6	
58,20000000E-3	77,30893615E-6	
58,90000000E-3	77,40469185E-6	
59,50000000E-3	77,53044930E-6	
60,10000000E-3	77,69514269E-6	
60,90000000E-3	77,88468792E-6	
61,50000000E-3	78,07357650E-6	
62,10000000E-3	78,22766662E-6	
62,70000000E-3	78,34699401E-6	
63,20000000E-3	78,45908837E-6	
63,80000000E-3	78,58832676E-6	
64,70000000E-3	78,74246122E-6	
65,30000000E-3	78,91127503E-6	
65,80000000E-3	79,08130493E-6	
66,30000000E-3	79,24279338E-6	
66,90000000E-3	79,39365994E-6	
67,50000000E-3	79,52374224E-6	
68,10000000E-3	79,62592460E-6	
69,10000000E-3	79,70181312E-6	
69,60000000E-3	79,75036596E-6	
70,20000000E-3	79,76932583E-6	
70,80000000E-3	79,76366353E-6	
71,40000000E-3	79,74733919E-6	
72,00000000E-3	79,73516685E-6	
72,50000000E-3	79,73954548E-6	
73,30000000E-3	79,76213906E-6	
73,90000000E-3	79,79676008E-6	
74,50000000E-3	79,82388734E-6	
75,00000000E-3	79,82931003E-6	
75,60000000E-3	79,83036210E-6	
76,20000000E-3	79,85207056E-6	
77,00000000E-3	79,90854716E-6	
77,70000000E-3	79,98098599E-6	
78,20000000E-3	80,03365701E-6	
78,80000000E-3	80,06610894E-6	
79,40000000E-3	80,08866470E-6	
80,20000000E-3	80,10547521E-6	
80,80000000E-3	80,13024788E-6	
81,40000000E-3	80,17296600E-6	
81,90000000E-3	80,22234490E-6	
82,50000000E-3	80,25823047E-6	
83,20000000E-3	80,26171422E-6	
83,90000000E-3	80,25049915E-6	
84,20000000E-3	80,26003104E-6	
85,10000000E-3	80,29496035E-6	
85,90000000E-3	80,34741768E-6	
86,20000000E-3	80,40511569E-6	
86,80000000E-3	80,44303967E-6	
87,70000000E-3	80,45141293E-6	
88,20000000E-3	80,44748755E-6	
88,80000000E-3	80,45314780E-6	
89,30000000E-3	80,47387119E-6	
89,60000000E-3	80,51732564E-6	
90,60000000E-3	80,59260285E-6	
91,20000000E-3	80,67965626E-6	
91,80000000E-3	80,75707090E-6	
92,40000000E-3	80,82299074E-6	
93,30000000E-3	80,88510309E-6	
93,80000000E-3	80,95447162E-6	
94,40000000E-3	81,03229799E-6	
94,90000000E-3	81,09940705E-6	
95,50000000E-3	81,11615610E-6	
96,30000000E-3	81,09193798E-6	
96,90000000E-3	81,09414759E-6	
97,50000000E-3	81,15232505E-6	
98,10000000E-3	81,22721988E-6	
98,70000000E-3	81,28124535E-6	
99,30000000E-3	81,30429026E-6	
100,10000000E-3	81,30532137E-6	
100,70000000E-3	81,30557571E-6	
101,20000000E-3	81,30513484E-6	
101,80000000E-3	81,28056779E-6	
102,40000000E-3	81,21736389E-6	
102,90000000E-3	81,11373643E-6	
103,80000000E-3	80,97796538E-6	
104,40000000E-3	80,83929756E-6	
105,00000000E-3	80,73196947E-6	
105,50000000E-3	80,70233466E-6	
105,80000000E-3	80,77044927E-6	
106,70000000E-3	80,88730595E-6	
107,20000000E-3	80,98183671E-6	
107,80000000E-3	81,02199429E-6	
108,40000000E-3	81,03047191E-6	
109,20000000E-3	81,05628577E-6	
109,90000000E-3	81,12519226E-6	
110,40000000E-3	81,23676526E-6	
111,00000000E-3	81,38147123E-6	
111,50000000E-3	81,54757660E-6	
112,30000000E-3	81,70819419E-6	
113,00000000E-3	81,83599618E-6	
113,50000000E-3	81,93305341E-6	
114,20000000E-3	82,00474926E-6	
114,70000000E-3	82,05801515E-6	
115,30000000E-3	82,08514637E-6	
116,10000000E-3	82,08609623E-6	
116,70000000E-3	82,07224358E-6	
117,20000000E-3	82,06531623E-6	
117,80000000E-3	82,08039723E-6	
118,40000000E-3	82,11113016E-6	
119,00000000E-3	82,12986116E-6	
119,80000000E-3	82,12630087E-6	
120,40000000E-3	82,13010537E-6	
121,00000000E-3	82,17482686E-6	
121,60000000E-3	82,27370219E-6	
122,10000000E-3	82,41072462E-6	
122,90000000E-3	82,54973390E-6	
123,50000000E-3	82,66742516E-6	
124,10000000E-3	82,75183010E-6	
124,70000000E-3	82,79074394E-6	
125,30000000E-3	82,77071594E-6	
125,80000000E-3	82,69530621E-6	
126,70000000E-3	82,60486259E-6	
127,30000000E-3	82,54039586E-6	
127,80000000E-3	82,51883410E-6	
128,40000000E-3	82,54666321E-6	
128,90000000E-3	82,61199208E-6	
129,80000000E-3	82,68109345E-6	
130,10000000E-3	82,74058920E-6	
130,70000000E-3	82,78634005E-6	
131,50000000E-3	82,78438493E-6	
132,10000000E-3	82,70141370E-6	
132,80000000E-3	82,56418536E-6	
133,50000000E-3	82,44023015E-6	
134,00000000E-3	82,37697019E-6	
134,60000000E-3	82,38268766E-6	
135,20000000E-3	82,42892961E-6	
135,80000000E-3	82,46280252E-6	
136,30000000E-3	82,45844864E-6	
136,30000000E-3	82,44737006E-6	
137,70000000E-3	82,46457548E-6	
138,20000000E-3	82,48108254E-6	
138,80000000E-3	82,44288052E-6	
139,30000000E-3	82,35297734E-6	
140,20000000E-3	82,25695582E-6	
140,50000000E-3	82,18028361E-6	
141,30000000E-3	82,12239318E-6	
142,20000000E-3	82,07799086E-6	
142,80000000E-3	82,05035102E-6	
143,10000000E-3	82,03390314E-6	
144,00000000E-3	82,03579463E-6	
144,50000000E-3	82,09167001E-6	
145,10000000E-3	82,20836916E-6	
145,40000000E-3	82,35103232E-6	
146,30000000E-3	82,48861624E-6	
146,90000000E-3	82,60815201E-6	
147,50000000E-3	82,71030373E-6	
148,10000000E-3	82,79138868E-6	
148,90000000E-3	82,87698354E-6	
149,20000000E-3	83,01523114E-6	
150,00000000E-3	83,19312948E-6	
150,60000000E-3	83,36168667E-6	
151,20000000E-3	83,47224632E-6	
151,70000000E-3	83,51230140E-6	
152,30000000E-3	83,51390087E-6	
153,10000000E-3	83,49570329E-6	
153,80000000E-3	83,47288807E-6	
154,30000000E-3	83,47787352E-6	
154,90000000E-3	83,50665485E-6	
155,40000000E-3	83,51756559E-6	
156,20000000E-3	83,47697172E-6	
156,90000000E-3	83,39100496E-6	
157,50000000E-3	83,30414171E-6	
158,10000000E-3	83,25526563E-6	
158,60000000E-3	83,25480023E-6	
159,20000000E-3	83,29065012E-6	
159,70000000E-3	83,33248743E-6	
160,60000000E-3	83,35744614E-6	
161,20000000E-3	83,36913362E-6	
161,70000000E-3	83,38013595E-6	
162,30000000E-3	83,40981155E-6	
162,90000000E-3	83,46741752E-6	
163,80000000E-3	83,53362234E-6	
164,30000000E-3	83,57160721E-6	
164,60000000E-3	83,56158991E-6	
165,50000000E-3	83,52939544E-6	
166,00000000E-3	83,51975661E-6	
166,60000000E-3	83,55606392E-6	
167,20000000E-3	83,62574036E-6	
168,10000000E-3	83,69663209E-6	
168,70000000E-3	83,73812833E-6	
169,20000000E-3	83,74945945E-6	
169,80000000E-3	83,74126769E-6	
170,40000000E-3	83,71793257E-6	
171,10000000E-3	83,69320124E-6	
171,80000000E-3	83,68687573E-6	
172,40000000E-3	83,70465155E-6	
173,00000000E-3	83,72837657E-6	
173,50000000E-3	83,72404002E-6	
174,10000000E-3	83,67699123E-6	
174,80000000E-3	83,60171047E-6	
175,50000000E-3	83,52294470E-6	
176,10000000E-3	83,47204817E-6	
176,70000000E-3	83,47876617E-6	
177,20000000E-3	83,53513161E-6	
177,80000000E-3	83,60293801E-6	
178,60000000E-3	83,66053110E-6	
179,20000000E-3	83,69784995E-6	
179,80000000E-3	83,71294481E-6	
180,40000000E-3	83,70195022E-6	
180,90000000E-3	83,65702646E-6	
181,70000000E-3	83,60403308E-6	
182,40000000E-3	83,59671811E-6	
182,90000000E-3	83,66330647E-6	
183,50000000E-3	83,77919038E-6	
184,10000000E-3	83,88102304E-6	
184,40000000E-3	83,93623951E-6	
185,30000000E-3	83,95460938E-6	
185,90000000E-3	83,94381614E-6	
186,20000000E-3	83,92462989E-6	
187,30000000E-3	83,92210743E-6	
187,90000000E-3	83,94491124E-6	
188,50000000E-3	83,99993445E-6	
189,10000000E-3	84,09652774E-6	
189,70000000E-3	84,21489257E-6	
190,50000000E-3	84,29497715E-6	
191,00000000E-3	84,30077380E-6	
191,30000000E-3	84,25870110E-6	
192,20000000E-3	84,20896481E-6	
192,90000000E-3	84,17682522E-6	
193,60000000E-3	84,15220479E-6	
194,20000000E-3	84,12633696E-6	
194,30000000E-3	84,09171772E-6	
195,30000000E-3	84,03893930E-6	
195,90000000E-3	83,95567566E-6	
196,50000000E-3	83,84333726E-6	
197,00000000E-3	83,73976448E-6	
197,90000000E-3	83,66863692E-6	
198,50000000E-3	83,62797121E-6	
199,00000000E-3	83,63794825E-6	
199,60000000E-3	83,70200628E-6	
