-200,00000000E-3	34,09407519E-6	
-200,00000000E-3	34,08370125E-6	
-199,90000000E-3	34,05575872E-6	
-199,80000000E-3	33,98252022E-6	
-199,60000000E-3	33,90084491E-6	
-199,10000000E-3	33,86055966E-6	
-198,80000000E-3	33,86242681E-6	
-198,30000000E-3	33,88788630E-6	
-198,00000000E-3	33,93781162E-6	
-197,50000000E-3	34,03714225E-6	
-197,00000000E-3	34,17469636E-6	
-196,40000000E-3	34,30707243E-6	
-195,80000000E-3	34,42427821E-6	
-195,30000000E-3	34,53886629E-6	
-194,80000000E-3	34,63923750E-6	
-194,20000000E-3	34,72204406E-6	
-193,70000000E-3	34,80618631E-6	
-192,90000000E-3	34,90279558E-6	
-192,40000000E-3	35,01723146E-6	
-191,80000000E-3	35,12597741E-6	
-191,20000000E-3	35,21472641E-6	
-190,70000000E-3	35,31582340E-6	
-190,00000000E-3	35,45411890E-6	
-189,30000000E-3	35,61185063E-6	
-188,80000000E-3	35,78411807E-6	
-188,20000000E-3	35,97852014E-6	
-187,70000000E-3	36,15989696E-6	
-187,10000000E-3	36,27874717E-6	
-186,30000000E-3	36,34495047E-6	
-185,90000000E-3	36,41710271E-6	
-185,10000000E-3	36,51533273E-6	
-184,80000000E-3	36,61177542E-6	
-184,00000000E-3	36,67618595E-6	
-183,10000000E-3	36,73193080E-6	
-182,50000000E-3	36,83523477E-6	
-182,00000000E-3	36,97493951E-6	
-181,40000000E-3	37,10959265E-6	
-180,80000000E-3	37,25399244E-6	
-180,20000000E-3	37,44959716E-6	
-179,70000000E-3	37,71299911E-6	
-179,10000000E-3	38,01303809E-6	
-178,60000000E-3	38,29195746E-6	
-178,00000000E-3	38,51062331E-6	
-177,20000000E-3	38,66495705E-6	
-176,50000000E-3	38,77452061E-6	
-176,00000000E-3	38,86313098E-6	
-175,40000000E-3	38,96462145E-6	
-174,90000000E-3	39,10663674E-6	
-174,30000000E-3	39,30291562E-6	
-173,50000000E-3	39,55000299E-6	
-172,90000000E-3	39,80383564E-6	
-172,30000000E-3	40,00072381E-6	
-171,70000000E-3	40,10366267E-6	
-171,10000000E-3	40,13908811E-6	
-170,30000000E-3	40,16834569E-6	
-169,70000000E-3	40,23730486E-6	
-169,10000000E-3	40,37663283E-6	
-168,50000000E-3	40,58661893E-6	
-168,10000000E-3	40,83711780E-6	
-167,50000000E-3	41,08347968E-6	
-166,60000000E-3	41,29904982E-6	
-166,10000000E-3	41,47273541E-6	
-165,50000000E-3	41,60635637E-6	
-164,90000000E-3	41,71274514E-6	
-164,30000000E-3	41,80901179E-6	
-163,50000000E-3	41,91348066E-6	
-162,90000000E-3	42,03695560E-6	
-162,30000000E-3	42,19726653E-6	
-161,80000000E-3	42,39643407E-6	
-161,20000000E-3	42,59154358E-6	
-160,60000000E-3	42,72709587E-6	
-159,80000000E-3	42,80080557E-6	
-159,20000000E-3	42,84751378E-6	
-158,60000000E-3	42,90840985E-6	
-158,00000000E-3	42,99823580E-6	
-157,40000000E-3	43,12663787E-6	
-156,80000000E-3	43,30567629E-6	
-156,00000000E-3	43,53066996E-6	
-155,50000000E-3	43,77061812E-6	
-154,90000000E-3	44,01195587E-6	
-154,30000000E-3	44,23540313E-6	
-153,80000000E-3	44,40415103E-6	
-152,90000000E-3	44,52013519E-6	
-152,30000000E-3	44,61999697E-6	
-151,70000000E-3	44,73517220E-6	
-151,20000000E-3	44,85901254E-6	
-150,60000000E-3	44,98306215E-6	
-149,90000000E-3	45,10964308E-6	
-149,20000000E-3	45,26035387E-6	
-148,60000000E-3	45,45031061E-6	
-148,00000000E-3	45,69593556E-6	
-147,50000000E-3	45,99913067E-6	
-146,90000000E-3	46,34211838E-6	
-146,10000000E-3	46,70063648E-6	
-145,50000000E-3	47,06974045E-6	
-144,90000000E-3	47,46197884E-6	
-144,30000000E-3	47,88524616E-6	
-143,80000000E-3	48,31507492E-6	
-143,20000000E-3	48,69350487E-6	
-142,30000000E-3	49,01642915E-6	
-141,80000000E-3	49,30570914E-6	
-141,20000000E-3	49,59398998E-6	
-140,60000000E-3	49,90758179E-6	
-140,10000000E-3	50,22401478E-6	
-139,40000000E-3	50,52634562E-6	
-138,60000000E-3	50,83607931E-6	
-138,00000000E-3	51,16816144E-6	
-137,50000000E-3	51,50675764E-6	
-136,90000000E-3	51,82400932E-6	
-136,40000000E-3	52,10152462E-6	
-135,50000000E-3	52,33013760E-6	
-134,90000000E-3	52,52187639E-6	
-134,60000000E-3	52,70998413E-6	
-134,00000000E-3	52,90674428E-6	
-133,20000000E-3	53,11082074E-6	
-132,50000000E-3	53,33271116E-6	
-131,80000000E-3	53,55896523E-6	
-131,20000000E-3	53,77034295E-6	
-130,70000000E-3	53,98989351E-6	
-130,10000000E-3	54,25121421E-6	
-129,50000000E-3	54,56174876E-6	
-129,00000000E-3	54,93501183E-6	
-128,30000000E-3	55,35901901E-6	
-127,80000000E-3	55,77214844E-6	
-127,20000000E-3	56,14306551E-6	
-126,40000000E-3	56,46189314E-6	
-125,70000000E-3	56,72766281E-6	
-125,30000000E-3	56,96544336E-6	
-124,40000000E-3	57,18915743E-6	
-124,10000000E-3	57,42052965E-6	
-123,30000000E-3	57,68445358E-6	
-122,70000000E-3	57,98299511E-6	
-122,10000000E-3	58,30302370E-6	
-121,60000000E-3	58,62428267E-6	
-121,00000000E-3	58,93510595E-6	
-120,50000000E-3	59,23330519E-6	
-119,50000000E-3	59,51399464E-6	
-119,00000000E-3	59,78927399E-6	
-118,50000000E-3	60,05654850E-6	
-117,90000000E-3	60,26719612E-6	
-117,30000000E-3	60,38116385E-6	
-116,50000000E-3	60,35923214E-6	
-115,90000000E-3	60,22115367E-6	
-115,30000000E-3	60,06221501E-6	
-114,70000000E-3	59,93479862E-6	
-114,20000000E-3	59,79583076E-6	
-113,60000000E-3	59,61076284E-6	
-112,70000000E-3	59,38118526E-6	
-112,20000000E-3	59,10323359E-6	
-111,60000000E-3	58,78061045E-6	
-111,00000000E-3	58,43919595E-6	
-110,40000000E-3	58,10169036E-6	
-109,80000000E-3	57,78723713E-6	
-109,00000000E-3	57,51514292E-6	
-108,40000000E-3	57,24905991E-6	
-107,90000000E-3	56,94503574E-6	
-107,30000000E-3	56,60192913E-6	
-106,80000000E-3	56,24621229E-6	
-106,00000000E-3	55,90792514E-6	
-105,30000000E-3	55,57292990E-6	
-104,70000000E-3	55,18510244E-6	
-104,20000000E-3	54,74244223E-6	
-103,60000000E-3	54,26372382E-6	
-103,00000000E-3	53,74214698E-6	
-102,20000000E-3	53,19945117E-6	
-101,60000000E-3	52,67461136E-6	
-101,10000000E-3	52,17697819E-6	
-100,50000000E-3	51,67983187E-6	
-99,90000000E-3	51,15564943E-6	
-99,30000000E-3	50,62218224E-6	
-98,50000000E-3	50,12999885E-6	
-97,90000000E-3	49,68570840E-6	
-97,30000000E-3	49,30425720E-6	
-96,80000000E-3	49,00725907E-6	
-96,20000000E-3	48,77424060E-6	
-95,30000000E-3	48,60413472E-6	
-94,70000000E-3	48,49817225E-6	
-94,10000000E-3	48,44163376E-6	
-93,60000000E-3	48,43315413E-6	
-93,10000000E-3	48,41929703E-6	
-92,40000000E-3	48,33726315E-6	
-91,60000000E-3	48,19429370E-6	
-91,00000000E-3	48,05466941E-6	
-90,40000000E-3	47,98715031E-6	
-89,90000000E-3	48,03336322E-6	
-89,40000000E-3	48,18337588E-6	
-88,50000000E-3	48,38714077E-6	
-87,90000000E-3	48,61031742E-6	
-87,30000000E-3	48,83909570E-6	
-86,80000000E-3	49,07716235E-6	
-86,20000000E-3	49,33723530E-6	
-85,60000000E-3	49,61643603E-6	
-84,80000000E-3	49,91076123E-6	
-84,20000000E-3	50,25923771E-6	
-83,60000000E-3	50,72065382E-6	
-83,20000000E-3	51,35264436E-6	
-82,50000000E-3	52,17697933E-6	
-82,00000000E-3	53,13608499E-6	
-81,00000000E-3	54,19179334E-6	
-80,50000000E-3	55,31336624E-6	
-79,90000000E-3	56,48523822E-6	
-79,30000000E-3	57,68151996E-6	
-78,70000000E-3	58,90053475E-6	
-77,90000000E-3	60,10127877E-6	
-77,60000000E-3	61,30202069E-6	
-77,10000000E-3	62,51367957E-6	
-76,50000000E-3	63,67888256E-6	
-75,60000000E-3	64,83153671E-6	
-75,10000000E-3	65,98694911E-6	
-74,50000000E-3	67,17802114E-6	
-73,70000000E-3	68,41501770E-6	
-73,30000000E-3	69,64317551E-6	
-72,50000000E-3	70,91987522E-6	
-71,90000000E-3	72,29139889E-6	
-71,30000000E-3	73,64319947E-6	
-70,80000000E-3	74,91568178E-6	
-70,30000000E-3	76,11794668E-6	
-69,50000000E-3	77,24492079E-6	
-68,90000000E-3	78,27999172E-6	
-68,30000000E-3	79,16784662E-6	
-67,70000000E-3	79,88690130E-6	
-67,10000000E-3	80,41767246E-6	
-66,50000000E-3	80,73773491E-6	
-65,70000000E-3	80,90350483E-6	
-65,10000000E-3	80,96554867E-6	
-64,50000000E-3	80,92061668E-6	
-63,90000000E-3	80,76843768E-6	
-63,30000000E-3	80,49031376E-6	
-62,80000000E-3	80,05077201E-6	
-62,00000000E-3	79,41646024E-6	
-61,40000000E-3	78,54745525E-6	
-60,80000000E-3	77,45421314E-6	
-60,20000000E-3	76,20897107E-6	
-59,60000000E-3	74,95588272E-6	
-58,90000000E-3	73,71952662E-6	
-58,20000000E-3	72,37683700E-6	
-57,60000000E-3	70,87447597E-6	
-57,00000000E-3	69,13011620E-6	
-56,50000000E-3	67,09806068E-6	
-56,00000000E-3	64,87862110E-6	
-55,10000000E-3	62,56015399E-6	
-54,50000000E-3	60,17126672E-6	
-54,00000000E-3	57,68070466E-6	
-53,40000000E-3	55,03446828E-6	
-52,80000000E-3	52,35476936E-6	
-52,20000000E-3	49,63083666E-6	
-51,40000000E-3	46,81185835E-6	
-50,80000000E-3	44,03248556E-6	
-50,30000000E-3	41,29792647E-6	
-49,70000000E-3	38,65770569E-6	
-49,10000000E-3	36,15250681E-6	
-48,30000000E-3	33,75182015E-6	
-47,70000000E-3	31,40387315E-6	
-47,10000000E-3	29,15403584E-6	
-46,50000000E-3	26,93119462E-6	
-46,00000000E-3	24,67473549E-6	
-45,30000000E-3	22,52717199E-6	
-44,50000000E-3	20,54389760E-6	
-44,00000000E-3	18,78155662E-6	
-43,40000000E-3	17,24533766E-6	
-42,90000000E-3	15,87990916E-6	
-42,30000000E-3	14,65825351E-6	
-41,50000000E-3	13,46606039E-6	
-40,90000000E-3	12,22410365E-6	
-40,30000000E-3	10,99585197E-6	
-39,70000000E-3	9,86605874E-6	
-39,10000000E-3	8,91077672E-6	
-38,60000000E-3	8,13228448E-6	
-37,80000000E-3	7,50405033E-6	
-37,20000000E-3	7,04001141E-6	
-36,60000000E-3	6,73620246E-6	
-36,00000000E-3	6,59734188E-6	
-35,40000000E-3	6,58764134E-6	
-34,80000000E-3	6,64274484E-6	
-34,00000000E-3	6,73909815E-6	
-33,40000000E-3	6,86852618E-6	
-32,80000000E-3	7,01183688E-6	
-32,20000000E-3	7,17670060E-6	
-31,70000000E-3	7,40269283E-6	
-30,80000000E-3	7,69355750E-6	
-30,30000000E-3	8,01261559E-6	
-29,70000000E-3	8,36906637E-6	
-29,20000000E-3	8,80098284E-6	
-28,60000000E-3	9,32467749E-6	
-27,90000000E-3	9,91777773E-6	
-27,20000000E-3	10,52957913E-6	
-26,60000000E-3	11,09277955E-6	
-26,20000000E-3	11,62500634E-6	
-25,50000000E-3	12,18151740E-6	
-24,90000000E-3	12,78527985E-6	
-24,00000000E-3	13,48194223E-6	
-23,50000000E-3	14,36962714E-6	
-22,90000000E-3	15,45013438E-6	
-22,60000000E-3	16,52409124E-6	
-21,70000000E-3	17,36770275E-6	
-21,10000000E-3	17,95520892E-6	
-20,70000000E-3	18,33483739E-6	
-20,10000000E-3	18,53397215E-6	
-19,50000000E-3	18,64493259E-6	
-18,90000000E-3	18,75136171E-6	
-18,10000000E-3	18,86127295E-6	
-17,10000000E-3	18,97059712E-6	
-16,60000000E-3	19,07983963E-6	
-16,30000000E-3	19,19127463E-6	
-15,70000000E-3	19,32453167E-6	
-14,90000000E-3	19,48344899E-6	
-14,30000000E-3	19,63055592E-6	
-13,80000000E-3	19,75019745E-6	
-13,20000000E-3	19,87354158E-6	
-12,60000000E-3	20,02075084E-6	
-12,00000000E-3	20,25542391E-6	
-11,20000000E-3	21,70306555E-6	
-10,60000000E-3	26,25726424E-6	
-10,00000000E-3	32,89126333E-6	
-9,50000000E-3	37,99187365E-6	
-8,90000000E-3	39,62494832E-6	
-8,00000000E-3	38,23011533E-6	
-7,50000000E-3	35,28486876E-6	
-6,90000000E-3	32,10495476E-6	
-6,40000000E-3	29,44019763E-6	
-5,80000000E-3	27,34429036E-6	
-5,10000000E-3	25,67493900E-6	
-4,30000000E-3	24,40356866E-6	
-3,80000000E-3	23,45143335E-6	
-3,20000000E-3	22,74593216E-6	
-2,60000000E-3	22,20911248E-6	
-1,90000000E-3	21,80765254E-6	
-1,10000000E-3	21,53976777E-6	
-500,00000000E-6	21,37978555E-6	
100,00000000E-6	21,30136301E-6	
700,00000000E-6	21,28289615E-6	
1,20000000E-3	21,34131370E-6	
1,90000000E-3	21,45562320E-6	
2,70000000E-3	21,59049544E-6	
3,30000000E-3	21,77697420E-6	
3,90000000E-3	22,02101003E-6	
4,50000000E-3	22,24983334E-6	
4,90000000E-3	22,42817230E-6	
5,50000000E-3	22,53487203E-6	
6,50000000E-3	22,56726267E-6	
6,90000000E-3	22,57799750E-6	
7,50000000E-3	22,64280133E-6	
8,10000000E-3	22,76730185E-6	
8,70000000E-3	22,88322986E-6	
9,50000000E-3	22,94175489E-6	
10,10000000E-3	22,95837610E-6	
10,70000000E-3	22,97180790E-6	
11,30000000E-3	23,00205039E-6	
11,90000000E-3	23,05527958E-6	
12,10000000E-3	23,12415730E-6	
13,10000000E-3	23,19859468E-6	
13,70000000E-3	23,26030480E-6	
14,30000000E-3	23,27570619E-6	
14,80000000E-3	23,23131325E-6	
15,70000000E-3	23,10815184E-6	
15,70000000E-3	22,91621273E-6	
17,00000000E-3	22,68246463E-6	
17,60000000E-3	22,43929023E-6	
18,20000000E-3	22,19720973E-6	
18,70000000E-3	21,92909968E-6	
19,30000000E-3	21,63544931E-6	
19,90000000E-3	21,31012301E-6	
20,70000000E-3	20,93997004E-6	
21,30000000E-3	20,54251978E-6	
21,90000000E-3	20,15217617E-6	
22,40000000E-3	19,79502557E-6	
23,00000000E-3	19,46009444E-6	
23,90000000E-3	19,10479900E-6	
24,10000000E-3	18,70204799E-6	
24,80000000E-3	18,25161974E-6	
25,40000000E-3	17,71287747E-6	
26,00000000E-3	17,04987165E-6	
26,80000000E-3	16,29525386E-6	
27,30000000E-3	15,49211048E-6	
27,90000000E-3	14,66761696E-6	
28,50000000E-3	13,84104744E-6	
29,10000000E-3	13,00839094E-6	
29,90000000E-3	12,20314775E-6	
30,50000000E-3	11,42516224E-6	
31,10000000E-3	10,67688183E-6	
31,70000000E-3	10,03160817E-6	
32,20000000E-3	9,50027366E-6	
33,00000000E-3	9,05300715E-6	
33,70000000E-3	8,65558211E-6	
34,30000000E-3	8,29006598E-6	
34,80000000E-3	7,95879049E-6	
35,30000000E-3	7,65954955E-6	
35,90000000E-3	7,38372021E-6	
36,60000000E-3	7,12981438E-6	
37,40000000E-3	6,91847579E-6	
38,00000000E-3	6,77552800E-6	
38,50000000E-3	6,70044757E-6	
39,10000000E-3	6,67556374E-6	
39,60000000E-3	6,68075787E-6	
40,50000000E-3	6,70565262E-6	
41,00000000E-3	6,78301170E-6	
41,60000000E-3	6,95850787E-6	
42,20000000E-3	7,23795804E-6	
42,80000000E-3	7,62006691E-6	
43,40000000E-3	8,12098829E-6	
44,20000000E-3	8,76748453E-6	
44,80000000E-3	9,56761049E-6	
45,30000000E-3	10,45484349E-6	
45,90000000E-3	11,44882535E-6	
46,50000000E-3	12,60821616E-6	
47,40000000E-3	13,86460825E-6	
47,90000000E-3	15,15421188E-6	
48,20000000E-3	16,45553017E-6	
49,20000000E-3	17,82588996E-6	
49,40000000E-3	19,30138300E-6	
50,30000000E-3	20,80612798E-6	
50,80000000E-3	22,37022631E-6	
51,40000000E-3	24,03754808E-6	
52,00000000E-3	25,75056699E-6	
52,60000000E-3	27,51731970E-6	
53,40000000E-3	29,35785561E-6	
54,00000000E-3	31,27545185E-6	
54,60000000E-3	33,31507418E-6	
55,10000000E-3	35,52572532E-6	
55,70000000E-3	37,80890481E-6	
55,70000000E-3	40,16616232E-6	
57,10000000E-3	42,57154788E-6	
57,70000000E-3	44,87834418E-6	
58,30000000E-3	47,07442576E-6	
58,30000000E-3	49,22891824E-6	
59,50000000E-3	51,38616098E-6	
60,30000000E-3	53,52911289E-6	
60,30000000E-3	55,55173715E-6	
61,50000000E-3	57,53876567E-6	
62,00000000E-3	59,59987936E-6	
62,60000000E-3	61,63281793E-6	
63,20000000E-3	63,60591280E-6	
63,70000000E-3	65,48798550E-6	
64,50000000E-3	67,26006635E-6	
65,10000000E-3	68,89663683E-6	
65,70000000E-3	70,33055733E-6	
66,10000000E-3	71,64177565E-6	
67,00000000E-3	72,90467630E-6	
67,60000000E-3	74,09066014E-6	
68,20000000E-3	75,16025447E-6	
68,90000000E-3	76,04305732E-6	
69,60000000E-3	76,69938668E-6	
70,20000000E-3	77,18204415E-6	
70,80000000E-3	77,54149553E-6	
71,30000000E-3	77,80205887E-6	
71,90000000E-3	77,97486565E-6	
72,80000000E-3	78,06265054E-6	
73,00000000E-3	78,06202457E-6	
73,60000000E-3	77,81046368E-6	
74,20000000E-3	79,11520991E-6	
74,20000000E-3	88,61029072E-6	
75,70000000E-3	105,46388117E-6	
76,30000000E-3	120,25954890E-6	
76,90000000E-3	127,78999589E-6	
77,40000000E-3	128,07784154E-6	
78,00000000E-3	123,63509261E-6	
78,60000000E-3	117,42620648E-6	
79,40000000E-3	111,35100169E-6	
80,00000000E-3	106,02392207E-6	
80,60000000E-3	101,24991144E-6	
81,10000000E-3	96,94178559E-6	
81,70000000E-3	92,88403333E-6	
82,40000000E-3	88,98680465E-6	
83,10000000E-3	85,39061062E-6	
83,70000000E-3	82,05806562E-6	
84,20000000E-3	78,88433885E-6	
84,80000000E-3	75,80442542E-6	
