-200,00000000E-3	142,29049461E-6	
-200,00000000E-3	142,03209147E-6	
-200,00000000E-3	141,93323300E-6	
-199,90000000E-3	141,85107040E-6	
-199,70000000E-3	141,80708423E-6	
-199,30000000E-3	141,78988997E-6	
-199,00000000E-3	141,75319890E-6	
-198,70000000E-3	141,73978340E-6	
-198,20000000E-3	141,83189978E-6	
-197,70000000E-3	141,99232004E-6	
-197,40000000E-3	142,12372565E-6	
-196,90000000E-3	142,18545215E-6	
-196,50000000E-3	142,22014655E-6	
-195,80000000E-3	142,29109899E-6	
-195,30000000E-3	142,38247557E-6	
-194,70000000E-3	142,45400883E-6	
-194,20000000E-3	142,50037693E-6	
-193,70000000E-3	142,50985437E-6	
-193,10000000E-3	142,51615729E-6	
-192,40000000E-3	142,57625412E-6	
-191,80000000E-3	142,70812792E-6	
-191,20000000E-3	142,90748447E-6	
-190,60000000E-3	143,13934998E-6	
-190,00000000E-3	143,37540669E-6	
-189,50000000E-3	143,62863788E-6	
-188,70000000E-3	143,88943229E-6	
-188,10000000E-3	144,07748494E-6	
-187,50000000E-3	144,19541466E-6	
-186,90000000E-3	144,31206525E-6	
-186,40000000E-3	144,46346486E-6	
-185,80000000E-3	144,62901181E-6	
-185,00000000E-3	144,80425263E-6	
-184,40000000E-3	144,99173088E-6	
-183,80000000E-3	145,14292518E-6	
-183,20000000E-3	145,22780134E-6	
-182,70000000E-3	145,27353246E-6	
-182,10000000E-3	145,34917679E-6	
-181,30000000E-3	145,48971355E-6	
-180,70000000E-3	145,67654911E-6	
-180,10000000E-3	145,88434889E-6	
-179,80000000E-3	146,11734080E-6	
-179,20000000E-3	146,38254029E-6	
-178,30000000E-3	146,65551197E-6	
-177,60000000E-3	146,93529075E-6	
-176,90000000E-3	147,21746052E-6	
-176,40000000E-3	147,44627426E-6	
-175,80000000E-3	147,59859220E-6	
-175,20000000E-3	147,70967200E-6	
-174,70000000E-3	147,82838516E-6	
-174,10000000E-3	147,98070660E-6	
-173,50000000E-3	148,15132717E-6	
-172,90000000E-3	148,34190711E-6	
-172,30000000E-3	148,56234579E-6	
-171,80000000E-3	148,81499775E-6	
-170,90000000E-3	149,07484800E-6	
-170,30000000E-3	149,30277698E-6	
-169,70000000E-3	149,50311548E-6	
-169,20000000E-3	149,70521415E-6	
-168,60000000E-3	149,93017458E-6	
-168,00000000E-3	150,18213226E-6	
-167,20000000E-3	150,43036382E-6	
-166,60000000E-3	150,62711729E-6	
-166,00000000E-3	150,80402973E-6	
-165,50000000E-3	151,03712090E-6	
-164,90000000E-3	151,32067921E-6	
-164,30000000E-3	151,62364027E-6	
-163,60000000E-3	151,90553535E-6	
-162,90000000E-3	152,14127435E-6	
-162,30000000E-3	152,36138143E-6	
-161,70000000E-3	152,59560235E-6	
-161,10000000E-3	152,83005177E-6	
-160,50000000E-3	153,06678066E-6	
-159,80000000E-3	153,31411708E-6	
-159,20000000E-3	153,61047663E-6	
-158,60000000E-3	153,98481385E-6	
-158,00000000E-3	154,38888034E-6	
-157,40000000E-3	154,76527136E-6	
-156,80000000E-3	155,05997224E-6	
-156,20000000E-3	155,25430954E-6	
-155,40000000E-3	155,36528366E-6	
-154,80000000E-3	155,45748075E-6	
-154,20000000E-3	155,58645900E-6	
-153,60000000E-3	155,71123729E-6	
-153,10000000E-3	155,78967936E-6	
-152,50000000E-3	155,84377655E-6	
-151,70000000E-3	155,91748410E-6	
-151,10000000E-3	156,05998517E-6	
-150,50000000E-3	156,25022685E-6	
-149,90000000E-3	156,41791867E-6	
-149,40000000E-3	156,56817450E-6	
-148,80000000E-3	156,71184105E-6	
-147,90000000E-3	156,84681775E-6	
-147,40000000E-3	157,00646606E-6	
-146,80000000E-3	157,18816902E-6	
-146,20000000E-3	157,39840990E-6	
-145,60000000E-3	157,64436284E-6	
-145,10000000E-3	157,91899307E-6	
-144,20000000E-3	158,21338853E-6	
-143,60000000E-3	158,54366260E-6	
-143,10000000E-3	158,89680865E-6	
-142,50000000E-3	159,20750391E-6	
-141,90000000E-3	159,46210910E-6	
-141,30000000E-3	159,67782414E-6	
-140,50000000E-3	159,88040937E-6	
-139,90000000E-3	160,09974012E-6	
-139,30000000E-3	160,35930536E-6	
-138,70000000E-3	160,68109226E-6	
-138,20000000E-3	161,04059369E-6	
-137,60000000E-3	161,38842725E-6	
-136,80000000E-3	161,72519123E-6	
-136,20000000E-3	162,04565756E-6	
-135,60000000E-3	162,33645781E-6	
-135,00000000E-3	162,60164159E-6	
-134,50000000E-3	162,84427190E-6	
-133,80000000E-3	163,07133917E-6	
-133,00000000E-3	163,30066556E-6	
-132,50000000E-3	163,55660957E-6	
-131,90000000E-3	163,83821680E-6	
-131,30000000E-3	164,11877758E-6	
-130,70000000E-3	164,38996539E-6	
-130,10000000E-3	164,65786931E-6	
-129,30000000E-3	164,91110114E-6	
-128,80000000E-3	165,12080402E-6	
-128,40000000E-3	165,32148432E-6	
-127,80000000E-3	165,55358039E-6	
-127,10000000E-3	165,78873132E-6	
-126,40000000E-3	166,00274205E-6	
-125,60000000E-3	166,22830342E-6	
-125,30000000E-3	166,50314505E-6	
-124,40000000E-3	166,77717483E-6	
-123,80000000E-3	166,98116082E-6	
-123,50000000E-3	167,13388838E-6	
-122,70000000E-3	167,28312401E-6	
-122,10000000E-3	167,44451552E-6	
-121,50000000E-3	167,62124649E-6	
-120,90000000E-3	167,82205759E-6	
-120,10000000E-3	168,05183153E-6	
-119,80000000E-3	168,27856953E-6	
-119,00000000E-3	168,45955069E-6	
-118,40000000E-3	168,64427176E-6	
-117,80000000E-3	168,89440099E-6	
-117,20000000E-3	169,19277203E-6	
-116,70000000E-3	169,48632993E-6	
-116,10000000E-3	169,75465825E-6	
-115,20000000E-3	170,01872286E-6	
-114,60000000E-3	170,29355053E-6	
-114,10000000E-3	170,54824472E-6	
-113,50000000E-3	170,78574133E-6	
-112,90000000E-3	171,03635263E-6	
-112,30000000E-3	171,29793192E-6	
-111,50000000E-3	171,51642553E-6	
-110,90000000E-3	171,61691445E-6	
-110,40000000E-3	171,58361504E-6	
-109,80000000E-3	171,48254993E-6	
-109,20000000E-3	171,44845866E-6	
-108,60000000E-3	171,53176378E-6	
-107,80000000E-3	171,64641418E-6	
-107,20000000E-3	171,67099718E-6	
-106,60000000E-3	171,55759668E-6	
-106,00000000E-3	171,36832882E-6	
-105,40000000E-3	171,15805997E-6	
-104,80000000E-3	170,97886858E-6	
-104,30000000E-3	170,86846861E-6	
-103,40000000E-3	170,78638371E-6	
-102,80000000E-3	170,65122836E-6	
-102,20000000E-3	170,41882405E-6	
-101,70000000E-3	170,07385232E-6	
-101,00000000E-3	169,65610251E-6	
-100,50000000E-3	169,27588367E-6	
-99,90000000E-3	168,98460363E-6	
-99,30000000E-3	168,73851635E-6	
-98,70000000E-3	168,50464861E-6	
-98,00000000E-3	168,27995032E-6	
-97,30000000E-3	168,02717653E-6	
-96,50000000E-3	167,72598645E-6	
-95,90000000E-3	167,43165767E-6	
-95,40000000E-3	167,14609141E-6	
-94,70000000E-3	166,83215028E-6	
-94,10000000E-3	166,50912644E-6	
-93,50000000E-3	166,20967762E-6	
-92,90000000E-3	165,96019919E-6	
-92,30000000E-3	165,75365989E-6	
-91,70000000E-3	165,54735013E-6	
-91,10000000E-3	165,34764196E-6	
-90,50000000E-3	165,20817454E-6	
-89,90000000E-3	165,14580055E-6	
-89,30000000E-3	165,15083796E-6	
-88,70000000E-3	165,21258096E-6	
-88,10000000E-3	165,30392536E-6	
-87,50000000E-3	165,40009769E-6	
-86,70000000E-3	165,48720960E-6	
-86,00000000E-3	165,60759931E-6	
-85,40000000E-3	165,78271068E-6	
-84,70000000E-3	165,97391562E-6	
-84,20000000E-3	166,16495859E-6	
-83,60000000E-3	166,36193164E-6	
-83,00000000E-3	166,61014305E-6	
-82,30000000E-3	166,94275548E-6	
-81,70000000E-3	167,32634159E-6	
-81,20000000E-3	167,74583313E-6	
-80,50000000E-3	168,22472818E-6	
-79,90000000E-3	168,70432124E-6	
-79,30000000E-3	169,17084608E-6	
-78,70000000E-3	169,67700342E-6	
-78,10000000E-3	170,27802549E-6	
-77,50000000E-3	170,96066138E-6	
-77,00000000E-3	171,73846602E-6	
-76,10000000E-3	172,62794313E-6	
-75,40000000E-3	173,56898318E-6	
-74,80000000E-3	174,51080277E-6	
-74,20000000E-3	175,43649078E-6	
-73,60000000E-3	176,35997624E-6	
-72,90000000E-3	177,27803632E-6	
-72,30000000E-3	178,17316939E-6	
-71,80000000E-3	179,11333984E-6	
-71,40000000E-3	180,14796879E-6	
-70,80000000E-3	181,20531792E-6	
-70,20000000E-3	182,25414947E-6	
-69,40000000E-3	183,28617582E-6	
-68,80000000E-3	184,31259969E-6	
-68,00000000E-3	185,32290132E-6	
-67,40000000E-3	186,20535149E-6	
-67,00000000E-3	186,93233918E-6	
-66,40000000E-3	187,56589293E-6	
-65,80000000E-3	188,16390483E-6	
-65,20000000E-3	188,74223250E-6	
-64,60000000E-3	189,27841567E-6	
-64,00000000E-3	189,72497675E-6	
-63,40000000E-3	190,07195297E-6	
-62,80000000E-3	190,29490601E-6	
-62,10000000E-3	190,39991737E-6	
-61,30000000E-3	190,42682535E-6	
-60,60000000E-3	190,37140179E-6	
-60,00000000E-3	190,18902180E-6	
-59,50000000E-3	189,88490598E-6	
-58,90000000E-3	189,48321116E-6	
-58,20000000E-3	188,92266962E-6	
-57,60000000E-3	188,17239424E-6	
-57,10000000E-3	187,31978880E-6	
-56,40000000E-3	186,39396554E-6	
-55,80000000E-3	185,35325789E-6	
-55,30000000E-3	184,22400890E-6	
-54,70000000E-3	182,98747865E-6	
-54,00000000E-3	181,60116627E-6	
-53,40000000E-3	180,05234773E-6	
-52,90000000E-3	178,33239696E-6	
-52,20000000E-3	176,49186196E-6	
-51,50000000E-3	174,47466470E-6	
-50,70000000E-3	172,25846939E-6	
-50,10000000E-3	169,95511665E-6	
-49,50000000E-3	167,68629081E-6	
-48,90000000E-3	165,55389581E-6	
-48,30000000E-3	163,57769767E-6	
-47,70000000E-3	161,66032226E-6	
-47,20000000E-3	159,77578674E-6	
-46,50000000E-3	157,82648967E-6	
-45,90000000E-3	155,72689517E-6	
-45,30000000E-3	153,61668996E-6	
-44,70000000E-3	151,59560169E-6	
-44,10000000E-3	149,71567578E-6	
-43,50000000E-3	147,96549757E-6	
-42,90000000E-3	146,28609448E-6	
-42,30000000E-3	144,67688857E-6	
-41,70000000E-3	143,22225620E-6	
-40,90000000E-3	141,86376679E-6	
-40,20000000E-3	140,53319889E-6	
-39,60000000E-3	139,31320813E-6	
-39,00000000E-3	138,23556848E-6	
-38,40000000E-3	137,31918291E-6	
-37,80000000E-3	136,54612034E-6	
-37,10000000E-3	135,86438822E-6	
-36,50000000E-3	135,25915491E-6	
-35,90000000E-3	134,73175789E-6	
-35,30000000E-3	134,27804903E-6	
-34,70000000E-3	133,85959934E-6	
-34,20000000E-3	133,46220105E-6	
-33,60000000E-3	133,13785874E-6	
-33,00000000E-3	132,95514925E-6	
-32,30000000E-3	132,91332959E-6	
-31,70000000E-3	132,92687923E-6	
-31,10000000E-3	132,92881835E-6	
-30,30000000E-3	132,96235616E-6	
-29,60000000E-3	133,05399199E-6	
-29,00000000E-3	133,17931643E-6	
-28,40000000E-3	133,33597869E-6	
-27,80000000E-3	133,53058489E-6	
-27,30000000E-3	133,77915784E-6	
-26,60000000E-3	134,09670992E-6	
-26,00000000E-3	134,50265323E-6	
-25,40000000E-3	134,98492193E-6	
-24,80000000E-3	135,45749995E-6	
-24,20000000E-3	135,86703174E-6	
-23,60000000E-3	136,24006860E-6	
-23,00000000E-3	136,64189757E-6	
-22,30000000E-3	137,10274251E-6	
-21,80000000E-3	137,58087732E-6	
-21,10000000E-3	137,97633053E-6	
-20,40000000E-3	138,28603246E-6	
-19,70000000E-3	138,54193084E-6	
-19,00000000E-3	138,72902494E-6	
-18,50000000E-3	138,87779005E-6	
-17,80000000E-3	139,07335740E-6	
-17,30000000E-3	139,32727391E-6	
-16,60000000E-3	139,59917701E-6	
-16,00000000E-3	139,84993408E-6	
-15,70000000E-3	140,06850407E-6	
-15,10000000E-3	140,26574535E-6	
-14,60000000E-3	140,43497810E-6	
-13,80000000E-3	140,58154124E-6	
-13,10000000E-3	140,74144459E-6	
-12,40000000E-3	140,91957710E-6	
-11,80000000E-3	141,08886942E-6	
-11,20000000E-3	141,23322959E-6	
-10,60000000E-3	141,35661355E-6	
-10,00000000E-3	141,46632229E-6	
-9,30000000E-3	141,51606685E-6	
-8,70000000E-3	141,49532793E-6	
-8,20000000E-3	141,45717459E-6	
-7,60000000E-3	141,44692852E-6	
-6,90000000E-3	141,47953932E-6	
-6,30000000E-3	141,53466286E-6	
-5,70000000E-3	141,60532114E-6	
-5,10000000E-3	141,69472635E-6	
-4,40000000E-3	141,79483558E-6	
-3,80000000E-3	141,89864813E-6	
-3,10000000E-3	141,99929347E-6	
-2,60000000E-3	142,10676267E-6	
-1,90000000E-3	142,23262591E-6	
-1,30000000E-3	142,35730093E-6	
-700,00000000E-6	142,45286334E-6	
-100,00000000E-6	142,53350069E-6	
500,00000000E-6	142,65445907E-6	
1,20000000E-3	142,88964366E-6	
1,80000000E-3	143,19163733E-6	
2,40000000E-3	143,42834786E-6	
3,10000000E-3	143,56565274E-6	
3,70000000E-3	143,64494993E-6	
4,30000000E-3	143,69224810E-6	
5,00000000E-3	143,66900753E-6	
5,60000000E-3	143,52584735E-6	
6,20000000E-3	143,42120248E-6	
6,80000000E-3	143,53580384E-6	
7,40000000E-3	143,84768325E-6	
8,20000000E-3	144,24707474E-6	
8,90000000E-3	144,63932785E-6	
9,60000000E-3	144,94804383E-6	
10,10000000E-3	145,13580542E-6	
10,70000000E-3	145,17936276E-6	
11,40000000E-3	145,06656026E-6	
12,00000000E-3	144,88140349E-6	
12,50000000E-3	144,75108599E-6	
13,20000000E-3	144,68993062E-6	
13,80000000E-3	144,65447498E-6	
14,40000000E-3	144,61236792E-6	
15,00000000E-3	144,52595472E-6	
15,60000000E-3	144,37421756E-6	
16,30000000E-3	144,16107735E-6	
16,90000000E-3	143,91199864E-6	
17,50000000E-3	143,63878298E-6	
18,10000000E-3	143,33445046E-6	
18,80000000E-3	142,99558299E-6	
19,30000000E-3	142,64345796E-6	
20,00000000E-3	142,31508342E-6	
20,50000000E-3	142,01950900E-6	
21,20000000E-3	141,73223546E-6	
21,80000000E-3	141,40287958E-6	
22,40000000E-3	140,99101187E-6	
22,70000000E-3	140,60348532E-6	
23,70000000E-3	140,45371573E-6	
24,30000000E-3	140,56140256E-6	
24,90000000E-3	140,73675336E-6	
25,50000000E-3	140,80312799E-6	
26,10000000E-3	140,66904305E-6	
26,80000000E-3	140,35124058E-6	
27,40000000E-3	139,91119816E-6	
28,00000000E-3	139,37250596E-6	
28,60000000E-3	138,79245792E-6	
29,30000000E-3	138,24986836E-6	
29,90000000E-3	137,75875026E-6	
30,60000000E-3	137,28184518E-6	
31,10000000E-3	136,75594317E-6	
31,80000000E-3	136,15217789E-6	
32,30000000E-3	135,50500896E-6	
33,00000000E-3	134,89133891E-6	
33,60000000E-3	134,38480820E-6	
34,30000000E-3	133,98904981E-6	
34,80000000E-3	133,68137893E-6	
35,50000000E-3	133,46677204E-6	
36,10000000E-3	133,34587539E-6	
36,70000000E-3	133,30770005E-6	
37,30000000E-3	133,34855749E-6	
38,00000000E-3	133,45894638E-6	
38,60000000E-3	133,62356290E-6	
39,20000000E-3	133,83516178E-6	
39,80000000E-3	134,09783553E-6	
40,50000000E-3	134,40919314E-6	
41,00000000E-3	134,75555203E-6	
41,40000000E-3	135,12209307E-6	
42,20000000E-3	135,50506789E-6	
42,80000000E-3	135,94996604E-6	
43,50000000E-3	136,49784654E-6	
44,00000000E-3	137,15113857E-6	
44,70000000E-3	137,89856298E-6	
45,30000000E-3	138,73641043E-6	
45,90000000E-3	139,69967729E-6	
46,50000000E-3	140,76029998E-6	
47,20000000E-3	141,81113181E-6	
47,80000000E-3	142,84254261E-6	
48,40000000E-3	143,88578253E-6	
49,00000000E-3	145,02932802E-6	
49,70000000E-3	146,35860272E-6	
50,30000000E-3	147,87854964E-6	
50,90000000E-3	149,48264043E-6	
51,50000000E-3	151,15768348E-6	
52,20000000E-3	152,91697499E-6	
52,80000000E-3	154,64455504E-6	
53,30000000E-3	156,31159749E-6	
54,00000000E-3	157,96295333E-6	
54,60000000E-3	159,67960540E-6	
55,30000000E-3	161,51633243E-6	
55,80000000E-3	163,38583928E-6	
56,50000000E-3	165,28599324E-6	
57,00000000E-3	167,15525009E-6	
57,70000000E-3	168,86251124E-6	
58,30000000E-3	170,45321581E-6	
58,90000000E-3	171,98528827E-6	
59,50000000E-3	173,48215929E-6	
60,20000000E-3	174,94950383E-6	
60,80000000E-3	176,33050667E-6	
61,40000000E-3	177,63209660E-6	
61,40000000E-3	178,89313814E-6	
62,60000000E-3	180,08735684E-6	
63,30000000E-3	181,22715155E-6	
64,00000000E-3	182,31743679E-6	
64,60000000E-3	183,32228141E-6	
65,30000000E-3	184,19272298E-6	
65,90000000E-3	184,93820726E-6	
66,50000000E-3	185,59380282E-6	
67,10000000E-3	186,18234487E-6	
67,70000000E-3	186,70155879E-6	
68,30000000E-3	187,12595132E-6	
69,00000000E-3	187,44401913E-6	
69,60000000E-3	187,66430230E-6	
70,30000000E-3	187,79629209E-6	
70,80000000E-3	187,82018288E-6	
71,50000000E-3	187,70743022E-6	
72,10000000E-3	187,44819173E-6	
72,80000000E-3	187,08130554E-6	
73,30000000E-3	186,65352622E-6	
74,00000000E-3	186,14522888E-6	
74,60000000E-3	185,54594989E-6	
75,20000000E-3	184,86011809E-6	
75,80000000E-3	184,13430031E-6	
76,40000000E-3	183,41181810E-6	
77,10000000E-3	182,66799383E-6	
77,70000000E-3	181,90225394E-6	
78,30000000E-3	181,15884498E-6	
78,90000000E-3	180,41321698E-6	
79,60000000E-3	179,63804778E-6	
80,20000000E-3	178,86043277E-6	
80,80000000E-3	178,09866047E-6	
81,40000000E-3	177,35359633E-6	
82,10000000E-3	176,58645646E-6	
82,60000000E-3	175,80488855E-6	
83,30000000E-3	175,05760393E-6	
83,30000000E-3	174,36105891E-6	
84,30000000E-3	173,75267632E-6	
85,10000000E-3	173,24564282E-6	
85,60000000E-3	172,79976612E-6	
86,30000000E-3	172,39421881E-6	
86,90000000E-3	172,05844295E-6	
87,50000000E-3	171,77903986E-6	
88,10000000E-3	171,53773048E-6	
88,80000000E-3	171,32120046E-6	
89,30000000E-3	171,11363186E-6	
90,00000000E-3	170,93749020E-6	
90,60000000E-3	170,85149242E-6	
91,30000000E-3	171,32607331E-6	
91,90000000E-3	172,77941428E-6	
92,40000000E-3	174,15254840E-6	
93,00000000E-3	174,23303014E-6	
93,60000000E-3	172,99734912E-6	
93,60000000E-3	171,27587427E-6	
94,80000000E-3	169,77475544E-6	
95,60000000E-3	168,78648188E-6	
96,20000000E-3	168,26584565E-6	
96,80000000E-3	168,02892335E-6	
97,40000000E-3	167,90572530E-6	
98,10000000E-3	167,85536079E-6	
98,70000000E-3	167,87374142E-6	
99,20000000E-3	167,94197365E-6	
99,90000000E-3	168,04308022E-6	
100,50000000E-3	168,15621642E-6	
101,10000000E-3	168,28586478E-6	
101,70000000E-3	168,43588462E-6	
102,20000000E-3	168,58620972E-6	
102,80000000E-3	168,74413637E-6	
103,40000000E-3	168,93224849E-6	
104,20000000E-3	169,13397731E-6	
104,90000000E-3	169,29468841E-6	
105,50000000E-3	169,37173742E-6	
106,10000000E-3	169,38336516E-6	
106,70000000E-3	169,38189492E-6	
107,30000000E-3	169,38906294E-6	
107,90000000E-3	169,40343209E-6	
108,60000000E-3	169,41839588E-6	
109,10000000E-3	169,40515587E-6	
109,70000000E-3	169,35520191E-6	
110,30000000E-3	169,30659977E-6	
111,00000000E-3	169,28743187E-6	
111,50000000E-3	169,30682394E-6	
112,20000000E-3	169,35270323E-6	
112,90000000E-3	169,41316633E-6	
113,50000000E-3	169,45963916E-6	
114,10000000E-3	169,44635079E-6	
114,70000000E-3	169,35881022E-6	
115,00000000E-3	169,21564217E-6	
115,50000000E-3	169,03555838E-6	
116,60000000E-3	168,86664560E-6	
117,20000000E-3	168,74039953E-6	
117,80000000E-3	168,63235137E-6	
118,40000000E-3	168,45285585E-6	
118,90000000E-3	168,16013369E-6	
119,50000000E-3	167,82397235E-6	
120,30000000E-3	167,51505064E-6	
120,90000000E-3	167,26410146E-6	
121,20000000E-3	167,06062665E-6	
122,20000000E-3	166,85751780E-6	
122,70000000E-3	166,61141175E-6	
123,30000000E-3	166,29272317E-6	
123,90000000E-3	165,92099373E-6	
124,50000000E-3	165,56971536E-6	
125,10000000E-3	165,29165535E-6	
125,90000000E-3	165,08107309E-6	
126,40000000E-3	164,88644930E-6	
127,00000000E-3	164,67147627E-6	
127,60000000E-3	164,44063665E-6	
128,20000000E-3	164,18237880E-6	
128,80000000E-3	163,85892308E-6	
129,60000000E-3	163,47207357E-6	
130,20000000E-3	163,06817851E-6	
130,70000000E-3	162,70469557E-6	
131,30000000E-3	162,38102467E-6	
131,90000000E-3	162,05572765E-6	
132,60000000E-3	161,72727160E-6	
133,30000000E-3	161,38504771E-6	
133,90000000E-3	160,99539689E-6	
134,50000000E-3	160,58770275E-6	
135,00000000E-3	160,21288910E-6	
135,50000000E-3	159,88989730E-6	
136,40000000E-3	159,60499293E-6	
137,00000000E-3	159,33632772E-6	
137,60000000E-3	159,07155947E-6	
138,10000000E-3	158,81903672E-6	
138,70000000E-3	158,58382387E-6	
139,40000000E-3	158,36306335E-6	
140,10000000E-3	158,12548970E-6	
140,70000000E-3	157,82207841E-6	
141,30000000E-3	157,45623393E-6	
141,80000000E-3	157,07892374E-6	
142,40000000E-3	156,74418895E-6	
143,10000000E-3	156,47607108E-6	
143,50000000E-3	156,23295182E-6	
144,30000000E-3	155,98926290E-6	
145,20000000E-3	155,76176006E-6	
145,50000000E-3	155,53450638E-6	
146,40000000E-3	155,28466189E-6	
147,00000000E-3	155,00857732E-6	
147,60000000E-3	154,70391082E-6	
148,10000000E-3	154,40973344E-6	
148,60000000E-3	154,16447874E-6	
149,20000000E-3	153,95451955E-6	
149,80000000E-3	153,73192378E-6	
150,40000000E-3	153,46470629E-6	
151,20000000E-3	153,19623121E-6	
151,80000000E-3	152,98136761E-6	
152,40000000E-3	152,81827609E-6	
153,00000000E-3	152,67774829E-6	
153,60000000E-3	152,53072797E-6	
154,20000000E-3	152,35588885E-6	
155,00000000E-3	152,15148218E-6	
155,60000000E-3	151,93678033E-6	
156,20000000E-3	151,72667325E-6	
156,80000000E-3	151,53518828E-6	
157,40000000E-3	151,38328574E-6	
157,90000000E-3	151,24429829E-6	
158,70000000E-3	151,08991347E-6	
159,30000000E-3	150,91142463E-6	
159,90000000E-3	150,69426668E-6	
160,50000000E-3	150,44279157E-6	
161,00000000E-3	150,19290711E-6	
161,60000000E-3	149,96341032E-6	
162,50000000E-3	149,75519800E-6	
163,10000000E-3	149,55562583E-6	
163,70000000E-3	149,32795576E-6	
164,20000000E-3	149,05957791E-6	
164,70000000E-3	148,79464271E-6	
165,50000000E-3	148,57908320E-6	
166,20000000E-3	148,38529516E-6	
166,80000000E-3	148,16615348E-6	
167,40000000E-3	147,92461139E-6	
167,90000000E-3	147,70544902E-6	
168,40000000E-3	147,53132751E-6	
169,30000000E-3	147,38173601E-6	
169,90000000E-3	147,23757472E-6	
170,40000000E-3	147,08119295E-6	
171,00000000E-3	146,90788571E-6	
171,60000000E-3	146,75872020E-6	
172,20000000E-3	146,67095216E-6	
173,00000000E-3	146,59358050E-6	
173,60000000E-3	146,46605501E-6	
174,20000000E-3	146,29217172E-6	
174,50000000E-3	146,08296630E-6	
175,40000000E-3	145,86311974E-6	
176,20000000E-3	145,66315632E-6	
176,40000000E-3	145,49892038E-6	
176,90000000E-3	145,38779601E-6	
177,80000000E-3	145,31713703E-6	
178,40000000E-3	145,22499432E-6	
179,00000000E-3	145,06354457E-6	
179,60000000E-3	144,83974827E-6	
180,40000000E-3	144,60044075E-6	
181,00000000E-3	144,40464374E-6	
181,60000000E-3	144,25859305E-6	
182,10000000E-3	144,17283699E-6	
182,70000000E-3	144,10479795E-6	
183,40000000E-3	143,97871378E-6	
184,10000000E-3	143,79868120E-6	
184,70000000E-3	143,60111141E-6	
185,30000000E-3	143,37410727E-6	
185,90000000E-3	143,11279499E-6	
186,40000000E-3	142,85469198E-6	
187,30000000E-3	142,62696864E-6	
187,90000000E-3	142,41757059E-6	
188,40000000E-3	142,22506450E-6	
189,00000000E-3	142,07340727E-6	
189,60000000E-3	141,94404917E-6	
190,10000000E-3	141,78358641E-6	
191,00000000E-3	141,58258687E-6	
191,60000000E-3	141,38886929E-6	
192,10000000E-3	141,19418667E-6	
192,70000000E-3	140,95689140E-6	
193,30000000E-3	140,70100096E-6	
194,00000000E-3	140,46038775E-6	
194,70000000E-3	140,26720274E-6	
195,20000000E-3	140,11677546E-6	
195,80000000E-3	139,98444172E-6	
196,40000000E-3	139,84971774E-6	
197,00000000E-3	139,70498211E-6	
197,60000000E-3	139,55448157E-6	
198,40000000E-3	139,40891587E-6	
199,00000000E-3	139,25828267E-6	
199,60000000E-3	139,07935057E-6	
200,00000000E-3	138,87907371E-6	
