-200,00000000E-3	30,38711066E-6	
-200,00000000E-3	30,38102705E-6	
-200,00000000E-3	30,40034450E-6	
-199,90000000E-3	30,43530150E-6	
-199,50000000E-3	30,49071341E-6	
-199,30000000E-3	30,53939495E-6	
-199,00000000E-3	30,57211148E-6	
-198,70000000E-3	30,62997392E-6	
-198,20000000E-3	30,73089708E-6	
-197,70000000E-3	30,84294359E-6	
-197,20000000E-3	30,92986103E-6	
-197,00000000E-3	30,98989957E-6	
-196,50000000E-3	31,03104736E-6	
-195,80000000E-3	31,06719448E-6	
-195,00000000E-3	31,12441184E-6	
-194,50000000E-3	31,20087512E-6	
-194,30000000E-3	31,30130171E-6	
-193,70000000E-3	31,45331990E-6	
-192,90000000E-3	31,65914734E-6	
-192,40000000E-3	31,86912730E-6	
-191,80000000E-3	32,06237006E-6	
-191,20000000E-3	32,24081868E-6	
-190,70000000E-3	32,42144529E-6	
-190,10000000E-3	32,62717136E-6	
-189,30000000E-3	32,85533217E-6	
-188,70000000E-3	33,06741670E-6	
-188,10000000E-3	33,22648338E-6	
-187,60000000E-3	33,31986848E-6	
-187,00000000E-3	33,38099257E-6	
-186,20000000E-3	33,46765762E-6	
-185,60000000E-3	33,59726435E-6	
-185,00000000E-3	33,74907148E-6	
-184,50000000E-3	33,90794309E-6	
-184,00000000E-3	34,06168743E-6	
-183,20000000E-3	34,18275582E-6	
-182,50000000E-3	34,26402570E-6	
-182,00000000E-3	34,35842444E-6	
-181,40000000E-3	34,50528161E-6	
-180,80000000E-3	34,69838373E-6	
-180,20000000E-3	34,91567462E-6	
-179,40000000E-3	35,11004082E-6	
-178,90000000E-3	35,24955557E-6	
-178,30000000E-3	35,36473452E-6	
-177,70000000E-3	35,51685812E-6	
-177,10000000E-3	35,74480627E-6	
-176,50000000E-3	36,01247123E-6	
-175,70000000E-3	36,24710801E-6	
-175,10000000E-3	36,46022069E-6	
-174,50000000E-3	36,69659871E-6	
-173,90000000E-3	36,96224313E-6	
-173,40000000E-3	37,20729621E-6	
-172,80000000E-3	37,40478650E-6	
-172,00000000E-3	37,57967893E-6	
-171,40000000E-3	37,76839367E-6	
-170,80000000E-3	37,95528904E-6	
-170,30000000E-3	38,11723758E-6	
-169,70000000E-3	38,28511922E-6	
-168,90000000E-3	38,47305940E-6	
-168,20000000E-3	38,65602012E-6	
-167,70000000E-3	38,82825137E-6	
-167,20000000E-3	39,00285794E-6	
-166,60000000E-3	39,17167058E-6	
-166,00000000E-3	39,31196263E-6	
-165,20000000E-3	39,38330956E-6	
-164,60000000E-3	39,39938597E-6	
-164,00000000E-3	39,42006855E-6	
-163,40000000E-3	39,46276421E-6	
-162,80000000E-3	39,51873685E-6	
-162,00000000E-3	39,61057981E-6	
-161,50000000E-3	39,74906160E-6	
-160,90000000E-3	39,92035632E-6	
-160,30000000E-3	40,08611919E-6	
-159,70000000E-3	40,23384447E-6	
-159,00000000E-3	40,40086258E-6	
-158,30000000E-3	40,62284841E-6	
-157,70000000E-3	40,88225809E-6	
-157,10000000E-3	41,15978008E-6	
-156,60000000E-3	41,43281161E-6	
-156,10000000E-3	41,66563753E-6	
-155,20000000E-3	41,85222821E-6	
-154,60000000E-3	41,99838184E-6	
-154,00000000E-3	42,12058972E-6	
-153,50000000E-3	42,24627256E-6	
-152,90000000E-3	42,38525695E-6	
-152,20000000E-3	42,53195220E-6	
-151,50000000E-3	42,66320381E-6	
-150,90000000E-3	42,79236294E-6	
-150,30000000E-3	42,95725592E-6	
-149,80000000E-3	43,15821558E-6	
-149,20000000E-3	43,38382673E-6	
-148,60000000E-3	43,63138864E-6	
-147,80000000E-3	43,88735583E-6	
-147,20000000E-3	44,16541178E-6	
-146,90000000E-3	44,48572793E-6	
-146,20000000E-3	44,84227280E-6	
-145,50000000E-3	45,21770138E-6	
-144,60000000E-3	45,59584137E-6	
-144,00000000E-3	45,99222922E-6	
-143,80000000E-3	46,39760232E-6	
-142,90000000E-3	46,77554631E-6	
-142,40000000E-3	47,11708659E-6	
-141,80000000E-3	47,45880014E-6	
-141,20000000E-3	47,81194327E-6	
-140,60000000E-3	48,15902226E-6	
-140,00000000E-3	48,51644981E-6	
-139,30000000E-3	48,88669840E-6	
-138,60000000E-3	49,23954778E-6	
-138,00000000E-3	49,55829741E-6	
-137,50000000E-3	49,84279941E-6	
-136,90000000E-3	50,10964798E-6	
-136,30000000E-3	50,36678663E-6	
-135,50000000E-3	50,60662403E-6	
-134,90000000E-3	50,81329228E-6	
-134,30000000E-3	50,99654812E-6	
-133,80000000E-3	51,20154808E-6	
-133,20000000E-3	51,44210339E-6	
-132,60000000E-3	51,67362051E-6	
-131,70000000E-3	51,87699564E-6	
-131,10000000E-3	52,07730193E-6	
-130,60000000E-3	52,30568222E-6	
-130,10000000E-3	52,61279803E-6	
-129,50000000E-3	52,98773940E-6	
-128,80000000E-3	53,38892205E-6	
-128,10000000E-3	53,79222413E-6	
-127,50000000E-3	54,16280980E-6	
-126,90000000E-3	54,46683228E-6	
-126,40000000E-3	54,70770183E-6	
-125,70000000E-3	54,89407311E-6	
-125,00000000E-3	55,04660415E-6	
-124,40000000E-3	55,21912855E-6	
-123,80000000E-3	55,43327644E-6	
-123,20000000E-3	55,66964571E-6	
-122,70000000E-3	55,89433762E-6	
-122,00000000E-3	56,10444958E-6	
-121,20000000E-3	56,34944650E-6	
-120,60000000E-3	56,64855987E-6	
-120,00000000E-3	56,98401289E-6	
-119,50000000E-3	57,34330307E-6	
-119,00000000E-3	57,68154556E-6	
-118,10000000E-3	57,96423923E-6	
-117,50000000E-3	58,18036662E-6	
-117,00000000E-3	58,29878301E-6	
-116,40000000E-3	58,30523702E-6	
-115,80000000E-3	58,23670278E-6	
-115,30000000E-3	58,17496994E-6	
-114,40000000E-3	58,13182844E-6	
-113,80000000E-3	58,02724336E-6	
-113,30000000E-3	57,80010677E-6	
-112,70000000E-3	57,45095967E-6	
-112,10000000E-3	57,02747177E-6	
-111,40000000E-3	56,60677476E-6	
-110,70000000E-3	56,22491289E-6	
-110,10000000E-3	55,87910606E-6	
-109,50000000E-3	55,56758465E-6	
-108,90000000E-3	55,24950849E-6	
-108,30000000E-3	54,89511077E-6	
-107,60000000E-3	54,52702993E-6	
-107,00000000E-3	54,15333313E-6	
-106,40000000E-3	53,77751361E-6	
-105,80000000E-3	53,40567349E-6	
-105,30000000E-3	53,01899457E-6	
-104,60000000E-3	52,61468440E-6	
-103,90000000E-3	52,21570194E-6	
-103,30000000E-3	51,84674985E-6	
-102,70000000E-3	51,49221090E-6	
-102,10000000E-3	51,13469083E-6	
-101,60000000E-3	50,75867947E-6	
-100,70000000E-3	50,30515634E-6	
-100,10000000E-3	49,75006768E-6	
-99,60000000E-3	49,15270520E-6	
-99,00000000E-3	48,57743375E-6	
-98,40000000E-3	48,05595264E-6	
-97,80000000E-3	47,61149789E-6	
-97,10000000E-3	47,27564655E-6	
-96,40000000E-3	47,03986984E-6	
-95,80000000E-3	46,86095456E-6	
-95,30000000E-3	46,68887847E-6	
-94,70000000E-3	46,52362240E-6	
-93,90000000E-3	46,41694384E-6	
-93,30000000E-3	46,36238608E-6	
-92,70000000E-3	46,28968558E-6	
-92,10000000E-3	46,16450621E-6	
-91,50000000E-3	46,03532771E-6	
-91,00000000E-3	45,95338069E-6	
-90,40000000E-3	45,92131180E-6	
-89,80000000E-3	45,94882543E-6	
-89,30000000E-3	46,06371706E-6	
-88,40000000E-3	46,25731297E-6	
-87,80000000E-3	46,48883888E-6	
-87,10000000E-3	46,74728297E-6	
-86,60000000E-3	47,03083381E-6	
-85,90000000E-3	47,31405671E-6	
-85,50000000E-3	47,61452145E-6	
-85,00000000E-3	47,99340221E-6	
-84,10000000E-3	48,46773550E-6	
-83,50000000E-3	49,03979718E-6	
-82,90000000E-3	49,72138917E-6	
-82,40000000E-3	50,52439269E-6	
-81,90000000E-3	51,48083324E-6	
-81,10000000E-3	52,63198547E-6	
-80,40000000E-3	53,88439607E-6	
-79,90000000E-3	55,17983748E-6	
-79,30000000E-3	56,49457844E-6	
-78,70000000E-3	57,75695731E-6	
-78,10000000E-3	58,94170209E-6	
-77,30000000E-3	60,05664368E-6	
-76,70000000E-3	61,13862868E-6	
-76,10000000E-3	62,21956743E-6	
-75,60000000E-3	63,28646211E-6	
-75,00000000E-3	64,39754035E-6	
-74,20000000E-3	65,59110415E-6	
-73,60000000E-3	66,82443208E-6	
-73,00000000E-3	68,14538372E-6	
-72,40000000E-3	69,56448506E-6	
-71,80000000E-3	71,01120517E-6	
-71,20000000E-3	72,40929639E-6	
-70,40000000E-3	73,69289151E-6	
-69,80000000E-3	74,90672283E-6	
-69,20000000E-3	76,06827548E-6	
-68,60000000E-3	77,08243079E-6	
-68,10000000E-3	77,91196349E-6	
-67,50000000E-3	78,55633539E-6	
-66,70000000E-3	79,00105262E-6	
-66,10000000E-3	79,25311302E-6	
-65,60000000E-3	79,36546423E-6	
-65,00000000E-3	79,41077968E-6	
-64,40000000E-3	79,40719985E-6	
-63,70000000E-3	79,29685047E-6	
-63,00000000E-3	78,99484436E-6	
-62,50000000E-3	78,45298855E-6	
-61,90000000E-3	77,68281799E-6	
-61,30000000E-3	76,71538627E-6	
-60,70000000E-3	75,60281604E-6	
-59,80000000E-3	74,48135659E-6	
-59,30000000E-3	73,36610185E-6	
-58,70000000E-3	72,15561430E-6	
-58,10000000E-3	70,77036822E-6	
-57,60000000E-3	69,10930351E-6	
-56,80000000E-3	67,17327439E-6	
-56,10000000E-3	65,00639928E-6	
-55,50000000E-3	62,65949021E-6	
-55,00000000E-3	60,28561539E-6	
-54,40000000E-3	57,83820887E-6	
-53,90000000E-3	55,24554043E-6	
-53,00000000E-3	52,60413873E-6	
-52,40000000E-3	49,94603597E-6	
-51,90000000E-3	47,24056762E-6	
-51,30000000E-3	44,48383747E-6	
-50,70000000E-3	41,71372621E-6	
-50,20000000E-3	39,00726069E-6	
-49,30000000E-3	36,52248326E-6	
-48,70000000E-3	34,17304661E-6	
-48,20000000E-3	31,84945500E-6	
-47,60000000E-3	29,57892978E-6	
-47,00000000E-3	27,33383156E-6	
-46,20000000E-3	25,10589565E-6	
-45,60000000E-3	22,92407292E-6	
-45,00000000E-3	20,85090390E-6	
-44,40000000E-3	18,99578658E-6	
-43,90000000E-3	17,31890402E-6	
-43,30000000E-3	15,76449073E-6	
-42,50000000E-3	14,38193692E-6	
-41,90000000E-3	13,12798575E-6	
-41,30000000E-3	11,94535044E-6	
-40,80000000E-3	10,78413113E-6	
-40,20000000E-3	9,66265755E-6	
-39,50000000E-3	8,67672208E-6	
-39,10000000E-3	7,81364191E-6	
-38,50000000E-3	7,04892336E-6	
-37,60000000E-3	6,40522667E-6	
-37,30000000E-3	5,89945782E-6	
-36,50000000E-3	5,56286802E-6	
-35,60000000E-3	5,41683235E-6	
-35,30000000E-3	5,44766562E-6	
-34,80000000E-3	5,58388286E-6	
-33,90000000E-3	5,75086556E-6	
-33,50000000E-3	5,91519328E-6	
-32,80000000E-3	6,07653091E-6	
-32,20000000E-3	6,26547556E-6	
-31,60000000E-3	6,50950291E-6	
-31,10000000E-3	6,79198783E-6	
-30,50000000E-3	7,07361873E-6	
-29,70000000E-3	7,36013080E-6	
-28,90000000E-3	7,69338490E-6	
-28,50000000E-3	8,10702156E-6	
-27,90000000E-3	8,60381802E-6	
-27,40000000E-3	9,12535307E-6	
-26,70000000E-3	9,65998734E-6	
-25,90000000E-3	10,23217910E-6	
-25,40000000E-3	10,86755602E-6	
-24,80000000E-3	11,55310245E-6	
-24,20000000E-3	12,22206002E-6	
-23,60000000E-3	12,87846400E-6	
-23,00000000E-3	13,52206843E-6	
-22,20000000E-3	14,12528440E-6	
-21,70000000E-3	14,68808909E-6	
-21,00000000E-3	15,21374069E-6	
-20,50000000E-3	15,67337925E-6	
-19,90000000E-3	16,02616792E-6	
-19,10000000E-3	16,26809151E-6	
-18,50000000E-3	16,42662843E-6	
-17,90000000E-3	16,56870929E-6	
-17,30000000E-3	16,73745399E-6	
-16,70000000E-3	16,94579149E-6	
-16,20000000E-3	17,15974925E-6	
-15,40000000E-3	17,32009716E-6	
-14,80000000E-3	17,42789950E-6	
-14,20000000E-3	17,52093256E-6	
-13,60000000E-3	17,61207678E-6	
-13,00000000E-3	17,69598151E-6	
-12,50000000E-3	17,78307921E-6	
-11,70000000E-3	17,88588029E-6	
-11,00000000E-3	17,99751365E-6	
-10,40000000E-3	18,10779003E-6	
-9,90000000E-3	18,20968688E-6	
-9,30000000E-3	18,30813599E-6	
-8,70000000E-3	18,39311747E-6	
-8,00000000E-3	18,42518295E-6	
-7,30000000E-3	18,36602272E-6	
-6,80000000E-3	18,23102397E-6	
-6,20000000E-3	18,11302771E-6	
-5,50000000E-3	18,08313088E-6	
-5,00000000E-3	18,13331224E-6	
-4,30000000E-3	18,21893833E-6	
-3,60000000E-3	18,30818288E-6	
-3,00000000E-3	18,36540340E-6	
-2,30000000E-3	18,36406210E-6	
-1,70000000E-3	18,32456907E-6	
-1,10000000E-3	18,30450968E-6	
-300,00000000E-6	18,34726459E-6	
300,00000000E-6	18,43983639E-6	
900,00000000E-6	18,57037269E-6	
1,50000000E-3	18,74246580E-6	
2,10000000E-3	18,95443819E-6	
2,70000000E-3	19,22311011E-6	
3,50000000E-3	19,55000448E-6	
4,10000000E-3	19,89741312E-6	
4,70000000E-3	20,23226093E-6	
5,30000000E-3	20,51324795E-6	
5,90000000E-3	20,69533623E-6	
6,40000000E-3	20,80279117E-6	
7,00000000E-3	20,89137178E-6	
7,80000000E-3	20,98092069E-6	
8,40000000E-3	21,05348530E-6	
9,00000000E-3	21,10610407E-6	
9,60000000E-3	21,15414030E-6	
10,20000000E-3	21,19355221E-6	
10,70000000E-3	21,24362426E-6	
11,60000000E-3	21,31698110E-6	
12,20000000E-3	21,38092564E-6	
12,80000000E-3	21,42426784E-6	
12,80000000E-3	21,45128295E-6	
14,00000000E-3	21,45219160E-6	
14,50000000E-3	21,42260465E-6	
15,10000000E-3	21,37300778E-6	
15,90000000E-3	21,27687758E-6	
16,60000000E-3	21,09113726E-6	
17,10000000E-3	20,82518186E-6	
17,70000000E-3	20,54491363E-6	
18,30000000E-3	20,27594450E-6	
18,90000000E-3	19,98663874E-6	
19,40000000E-3	19,65535852E-6	
20,20000000E-3	19,29424249E-6	
20,80000000E-3	18,91601272E-6	
21,40000000E-3	18,52323189E-6	
22,00000000E-3	18,11295433E-6	
22,60000000E-3	17,68080411E-6	
23,10000000E-3	17,22060533E-6	
24,00000000E-3	16,76634164E-6	
24,50000000E-3	16,32474703E-6	
25,10000000E-3	15,83853977E-6	
25,70000000E-3	15,27422012E-6	
26,30000000E-3	14,60775880E-6	
26,80000000E-3	13,85003484E-6	
27,60000000E-3	13,04342102E-6	
27,70000000E-3	12,24829408E-6	
28,50000000E-3	11,46721717E-6	
29,60000000E-3	10,70384996E-6	
30,10000000E-3	10,00029292E-6	
30,80000000E-3	9,32874989E-6	
31,30000000E-3	8,67050249E-6	
31,90000000E-3	8,02639972E-6	
32,40000000E-3	7,42707627E-6	
33,20000000E-3	6,89239999E-6	
33,60000000E-3	6,38962275E-6	
34,10000000E-3	5,92543688E-6	
34,70000000E-3	5,54774260E-6	
35,50000000E-3	5,23518027E-6	
36,20000000E-3	4,93950374E-6	
36,90000000E-3	4,65235798E-6	
37,50000000E-3	4,37810624E-6	
38,10000000E-3	4,15544963E-6	
38,70000000E-3	4,03926343E-6	
39,30000000E-3	4,06771898E-6	
39,90000000E-3	4,22431962E-6	
40,40000000E-3	4,46022026E-6	
41,30000000E-3	4,71926176E-6	
41,90000000E-3	4,98534954E-6	
42,40000000E-3	5,29731984E-6	
43,00000000E-3	5,68384303E-6	
43,30000000E-3	6,16336460E-6	
44,10000000E-3	6,79144821E-6	
44,80000000E-3	7,59162897E-6	
45,30000000E-3	8,55763437E-6	
45,90000000E-3	9,70954176E-6	
46,60000000E-3	10,96803006E-6	
47,30000000E-3	12,25329437E-6	
47,90000000E-3	13,64990587E-6	
48,20000000E-3	15,99019660E-6	
49,30000000E-3	20,31538863E-6	
49,90000000E-3	25,68874485E-6	
50,50000000E-3	29,90269500E-6	
51,10000000E-3	32,11289589E-6	
51,70000000E-3	32,84206600E-6	
52,20000000E-3	32,97094168E-6	
52,90000000E-3	33,10907580E-6	
53,60000000E-3	33,50554851E-6	
54,20000000E-3	34,25230268E-6	
54,80000000E-3	35,41001486E-6	
55,40000000E-3	36,94346239E-6	
55,90000000E-3	38,79904692E-6	
56,70000000E-3	40,84348692E-6	
57,40000000E-3	42,96632851E-6	
57,90000000E-3	45,13182893E-6	
58,50000000E-3	47,32375528E-6	
58,80000000E-3	49,48204116E-6	
59,70000000E-3	51,65958236E-6	
60,30000000E-3	53,89814939E-6	
60,90000000E-3	56,08120534E-6	
61,40000000E-3	58,19646857E-6	
62,10000000E-3	60,23489185E-6	
62,90000000E-3	62,15840667E-6	
63,40000000E-3	63,97005178E-6	
64,00000000E-3	65,63777757E-6	
64,60000000E-3	67,22997666E-6	
65,20000000E-3	68,76959364E-6	
66,00000000E-3	70,20656383E-6	
66,60000000E-3	71,55376743E-6	
67,10000000E-3	72,80874037E-6	
67,70000000E-3	73,94844509E-6	
68,30000000E-3	74,95917592E-6	
68,90000000E-3	75,80295670E-6	
69,70000000E-3	76,48161453E-6	
70,30000000E-3	76,97041103E-6	
70,90000000E-3	77,20849807E-6	
71,50000000E-3	77,25817213E-6	
72,10000000E-3	77,24425547E-6	
72,70000000E-3	77,20867768E-6	
73,30000000E-3	77,13203422E-6	
74,00000000E-3	76,99285852E-6	
74,60000000E-3	76,77726045E-6	
75,20000000E-3	76,47310566E-6	
75,80000000E-3	76,05338641E-6	
76,20000000E-3	75,52573809E-6	
77,30000000E-3	74,89331308E-6	
77,60000000E-3	74,14070581E-6	
78,10000000E-3	73,28666651E-6	
78,70000000E-3	72,38098877E-6	
79,60000000E-3	71,48963781E-6	
79,90000000E-3	70,59977830E-6	
80,80000000E-3	69,65320287E-6	
81,40000000E-3	68,60485084E-6	
81,90000000E-3	67,44764348E-6	
82,50000000E-3	66,26849122E-6	
83,20000000E-3	65,14573119E-6	
83,70000000E-3	64,09794566E-6	
84,60000000E-3	63,13202595E-6	
85,20000000E-3	62,14389793E-6	
85,70000000E-3	61,04997979E-6	
86,30000000E-3	59,95643865E-6	
87,00000000E-3	58,94941080E-6	
87,80000000E-3	58,04963808E-6	
88,30000000E-3	57,24445499E-6	
88,90000000E-3	56,55385174E-6	
89,20000000E-3	56,04256517E-6	
90,00000000E-3	55,68012571E-6	
90,60000000E-3	55,38315535E-6	
91,40000000E-3	55,07157873E-6	
92,00000000E-3	54,72740451E-6	
92,60000000E-3	54,42666457E-6	
93,20000000E-3	54,23154945E-6	
94,00000000E-3	54,11788114E-6	
94,60000000E-3	54,03023487E-6	
95,20000000E-3	53,93700943E-6	
95,50000000E-3	53,81793122E-6	
96,30000000E-3	53,68246979E-6	
96,90000000E-3	53,57449508E-6	
97,70000000E-3	53,49911592E-6	
98,30000000E-3	53,48094854E-6	
98,30000000E-3	53,58014620E-6	
99,50000000E-3	53,80931513E-6	
100,00000000E-3	54,09434716E-6	
100,60000000E-3	54,36952201E-6	
101,20000000E-3	54,60713403E-6	
102,10000000E-3	54,77933734E-6	
102,60000000E-3	54,91827150E-6	
103,20000000E-3	55,06491992E-6	
103,80000000E-3	55,23069939E-6	
104,40000000E-3	55,42354413E-6	
104,90000000E-3	55,63561015E-6	
105,40000000E-3	55,85868891E-6	
106,10000000E-3	56,08478255E-6	
106,70000000E-3	56,34289431E-6	
107,50000000E-3	56,66290312E-6	
108,10000000E-3	57,01958997E-6	
108,70000000E-3	57,36706200E-6	
109,30000000E-3	57,63563099E-6	
109,90000000E-3	57,79147379E-6	
110,50000000E-3	57,88378443E-6	
111,10000000E-3	57,98013228E-6	
111,80000000E-3	58,08448010E-6	
112,40000000E-3	58,16607478E-6	
113,20000000E-3	58,21499741E-6	
113,80000000E-3	58,24187562E-6	
114,40000000E-3	58,26585499E-6	
115,00000000E-3	58,31591890E-6	
115,60000000E-3	58,38129160E-6	
116,10000000E-3	58,42469560E-6	
116,80000000E-3	58,43224372E-6	
116,80000000E-3	58,43692409E-6	
118,00000000E-3	58,45428039E-6	
118,50000000E-3	58,45839704E-6	
119,40000000E-3	58,43919670E-6	
120,00000000E-3	58,41581789E-6	
120,60000000E-3	58,39597453E-6	
121,10000000E-3	58,37104221E-6	
121,70000000E-3	58,32936771E-6	
122,30000000E-3	58,25680695E-6	
123,00000000E-3	58,16036876E-6	
123,70000000E-3	58,05323077E-6	
124,20000000E-3	57,93164583E-6	
124,80000000E-3	57,79167730E-6	
125,40000000E-3	57,65594025E-6	
126,00000000E-3	57,55473876E-6	
126,70000000E-3	57,46562183E-6	
127,40000000E-3	57,35046256E-6	
127,90000000E-3	57,20530451E-6	
128,50000000E-3	57,04363318E-6	
129,10000000E-3	56,85740991E-6	
129,70000000E-3	56,64238805E-6	
130,30000000E-3	56,43629305E-6	
131,10000000E-3	56,27153207E-6	
131,70000000E-3	56,12667331E-6	
132,00000000E-3	55,97451044E-6	
132,50000000E-3	55,83550120E-6	
133,40000000E-3	57,53540186E-6	
134,00000000E-3	70,09231718E-6	
134,80000000E-3	95,47557379E-6	
135,40000000E-3	119,55282908E-6	
136,00000000E-3	130,59055581E-6	
136,20000000E-3	129,37710909E-6	
137,10000000E-3	121,07616953E-6	
137,70000000E-3	110,81526795E-6	
138,50000000E-3	101,37471110E-6	
138,90000000E-3	93,71663529E-6	
139,50000000E-3	87,78676764E-6	
140,30000000E-3	83,16871184E-6	
140,90000000E-3	79,34949329E-6	
141,50000000E-3	76,08974043E-6	
142,00000000E-3	73,13944837E-6	
142,60000000E-3	70,37348120E-6	
143,20000000E-3	67,90457269E-6	
143,80000000E-3	65,68607684E-6	
144,50000000E-3	63,59173249E-6	
145,20000000E-3	61,47505191E-6	
145,70000000E-3	59,31279651E-6	
146,30000000E-3	57,24486320E-6	
146,80000000E-3	55,28626673E-6	
147,40000000E-3	53,43859351E-6	
148,30000000E-3	51,74043835E-6	
148,90000000E-3	50,10831203E-6	
149,50000000E-3	48,46666335E-6	
150,00000000E-3	46,82678201E-6	
150,60000000E-3	45,24983520E-6	
151,10000000E-3	43,86012841E-6	
151,80000000E-3	42,66871941E-6	
152,70000000E-3	41,64292939E-6	
153,20000000E-3	40,80085116E-6	
153,80000000E-3	40,06142369E-6	
154,50000000E-3	39,35320217E-6	
154,90000000E-3	38,67487925E-6	
155,50000000E-3	38,02474968E-6	
156,50000000E-3	37,39098778E-6	
157,10000000E-3	36,82252931E-6	
157,60000000E-3	36,31437108E-6	
158,10000000E-3	35,82104018E-6	
158,70000000E-3	35,33763897E-6	
159,30000000E-3	34,85694207E-6	
160,20000000E-3	34,40993626E-6	
160,80000000E-3	34,03186453E-6	
161,30000000E-3	33,72299286E-6	
161,80000000E-3	33,47414394E-6	
162,40000000E-3	33,24265976E-6	
163,00000000E-3	32,99296531E-6	
163,80000000E-3	32,71759633E-6	
164,50000000E-3	32,41680454E-6	
165,10000000E-3	32,11174412E-6	
165,70000000E-3	31,82205087E-6	
166,20000000E-3	31,54622017E-6	
166,80000000E-3	31,30317917E-6	
167,60000000E-3	31,10054628E-6	
168,20000000E-3	30,91320043E-6	
168,80000000E-3	30,73420907E-6	
169,40000000E-3	30,56387221E-6	
169,80000000E-3	30,41066536E-6	
170,50000000E-3	30,26608431E-6	
171,40000000E-3	30,09664106E-6	
172,00000000E-3	29,87111487E-6	
172,50000000E-3	29,62395303E-6	
172,80000000E-3	29,42086191E-6	
173,40000000E-3	29,27139540E-6	
174,30000000E-3	29,15332841E-6	
174,80000000E-3	29,05903551E-6	
175,40000000E-3	28,97126825E-6	
176,00000000E-3	28,83343208E-6	
176,60000000E-3	28,65114097E-6	
177,10000000E-3	28,48952568E-6	
178,00000000E-3	28,36514648E-6	
178,40000000E-3	28,24534061E-6	
179,30000000E-3	28,10513425E-6	
179,90000000E-3	27,97280748E-6	
180,50000000E-3	27,85728404E-6	
181,10000000E-3	27,73386813E-6	
181,60000000E-3	27,59040607E-6	
182,20000000E-3	27,45603124E-6	
183,10000000E-3	27,38576053E-6	
183,70000000E-3	27,40022267E-6	
184,20000000E-3	27,45767092E-6	
184,80000000E-3	27,52320579E-6	
185,40000000E-3	27,60963802E-6	
185,90000000E-3	27,71297618E-6	
186,80000000E-3	27,77619478E-6	
187,40000000E-3	27,77533483E-6	
187,90000000E-3	27,76705339E-6	
188,60000000E-3	27,81424214E-6	
189,20000000E-3	27,91529876E-6	
189,70000000E-3	28,00031535E-6	
190,30000000E-3	28,04280260E-6	
191,20000000E-3	28,09924889E-6	
191,80000000E-3	28,22830827E-6	
192,40000000E-3	28,43737024E-6	
192,90000000E-3	28,67048850E-6	
193,40000000E-3	28,85461369E-6	
194,00000000E-3	28,93949648E-6	
194,60000000E-3	28,93807340E-6	
195,20000000E-3	28,90897903E-6	
195,80000000E-3	28,92192045E-6	
196,70000000E-3	29,01242459E-6	
197,30000000E-3	29,15023164E-6	
197,80000000E-3	29,24132541E-6	
198,40000000E-3	29,20821423E-6	
199,00000000E-3	29,04483681E-6	
199,60000000E-3	28,78051867E-6	
