-200,20000000E-3	58,85349903E-6	
-200,20000000E-3	58,85479636E-6	
-200,00000000E-3	58,86355284E-6	
-199,90000000E-3	58,87348434E-6	
-199,50000000E-3	58,88109077E-6	
-199,20000000E-3	58,88900137E-6	
-198,90000000E-3	58,90181043E-6	
-198,40000000E-3	58,92030381E-6	
-198,00000000E-3	58,94310879E-6	
-197,50000000E-3	58,97019957E-6	
-197,00000000E-3	59,00028392E-6	
-196,50000000E-3	59,03365770E-6	
-195,90000000E-3	59,07056211E-6	
-195,40000000E-3	59,10798414E-6	
-194,80000000E-3	59,14300565E-6	
-194,20000000E-3	59,17504001E-6	
-193,70000000E-3	59,20747067E-6	
-193,10000000E-3	59,24590339E-6	
-192,50000000E-3	59,28927514E-6	
-191,90000000E-3	59,33452091E-6	
-191,30000000E-3	59,38226452E-6	
-190,70000000E-3	59,42790450E-6	
-190,00000000E-3	59,46579426E-6	
-189,40000000E-3	59,49729880E-6	
-188,80000000E-3	59,53035860E-6	
-188,20000000E-3	59,56768675E-6	
-187,60000000E-3	59,60906866E-6	
-187,00000000E-3	59,65584770E-6	
-186,30000000E-3	59,70567739E-6	
-185,70000000E-3	59,75814394E-6	
-185,10000000E-3	59,81345076E-6	
-184,50000000E-3	59,86772498E-6	
-183,90000000E-3	59,91645590E-6	
-183,30000000E-3	59,95946460E-6	
-182,70000000E-3	60,00175824E-6	
-182,10000000E-3	60,04311547E-6	
-181,40000000E-3	60,08726010E-6	
-180,80000000E-3	60,13852778E-6	
-180,20000000E-3	60,19144139E-6	
-179,60000000E-3	60,24181174E-6	
-178,90000000E-3	60,28686737E-6	
-178,30000000E-3	60,32670995E-6	
-177,70000000E-3	60,36542563E-6	
-177,10000000E-3	60,40042292E-6	
-176,40000000E-3	60,42963644E-6	
-175,80000000E-3	60,45318124E-6	
-175,20000000E-3	60,46938017E-6	
-174,60000000E-3	60,48578129E-6	
-174,00000000E-3	60,51193672E-6	
-173,40000000E-3	60,54977864E-6	
-172,70000000E-3	60,59541889E-6	
-172,10000000E-3	60,64295569E-6	
-171,50000000E-3	60,68969734E-6	
-170,90000000E-3	60,73350005E-6	
-170,30000000E-3	60,77400996E-6	
-169,70000000E-3	60,81420105E-6	
-169,10000000E-3	60,85362364E-6	
-168,40000000E-3	60,89364097E-6	
-167,80000000E-3	60,93721365E-6	
-167,20000000E-3	60,98430707E-6	
-166,50000000E-3	61,03366871E-6	
-165,90000000E-3	61,08445195E-6	
-165,30000000E-3	61,13728983E-6	
-164,70000000E-3	61,19461512E-6	
-164,10000000E-3	61,25297853E-6	
-163,40000000E-3	61,30540853E-6	
-162,80000000E-3	61,35098163E-6	
-162,20000000E-3	61,39620780E-6	
-161,60000000E-3	61,44605797E-6	
-161,00000000E-3	61,49975703E-6	
-160,30000000E-3	61,55527363E-6	
-159,70000000E-3	61,60786201E-6	
-159,10000000E-3	61,65289353E-6	
-158,40000000E-3	61,69260034E-6	
-157,80000000E-3	61,73489252E-6	
-157,20000000E-3	61,78537623E-6	
-156,60000000E-3	61,83914665E-6	
-156,30000000E-3	61,89320668E-6	
-155,30000000E-3	61,95048523E-6	
-154,70000000E-3	62,01165652E-6	
-154,10000000E-3	62,07339820E-6	
-153,80000000E-3	62,13159376E-6	
-152,90000000E-3	62,18663470E-6	
-152,20000000E-3	62,24175870E-6	
-151,60000000E-3	62,29903960E-6	
-151,30000000E-3	62,35852678E-6	
-150,70000000E-3	62,41973337E-6	
-150,10000000E-3	62,48387459E-6	
-149,40000000E-3	62,55389907E-6	
-148,50000000E-3	62,62823665E-6	
-148,20000000E-3	62,70041137E-6	
-147,30000000E-3	62,76605599E-6	
-146,60000000E-3	62,82495540E-6	
-146,40000000E-3	62,88476294E-6	
-145,70000000E-3	62,94755472E-6	
-145,10000000E-3	63,01004356E-6	
-144,50000000E-3	63,07398616E-6	
-143,90000000E-3	63,13621552E-6	
-143,20000000E-3	63,19547752E-6	
-142,60000000E-3	63,25577758E-6	
-142,00000000E-3	63,31846908E-6	
-141,40000000E-3	63,37659774E-6	
-140,70000000E-3	63,42961038E-6	
-140,10000000E-3	63,47940288E-6	
-139,50000000E-3	63,52464567E-6	
-138,90000000E-3	63,57048786E-6	
-138,30000000E-3	63,62167893E-6	
-137,60000000E-3	63,67277153E-6	
-137,00000000E-3	63,71439249E-6	
-136,40000000E-3	63,74636260E-6	
-135,80000000E-3	63,77581512E-6	
-135,20000000E-3	63,80662182E-6	
-134,50000000E-3	63,84216621E-6	
-133,90000000E-3	63,88714323E-6	
-133,30000000E-3	63,93769947E-6	
-132,70000000E-3	63,98589025E-6	
-132,10000000E-3	64,02921572E-6	
-131,40000000E-3	64,06717207E-6	
-130,80000000E-3	64,10181144E-6	
-130,20000000E-3	64,13637614E-6	
-129,60000000E-3	64,16914307E-6	
-128,90000000E-3	64,19567877E-6	
-128,40000000E-3	64,21574243E-6	
-127,60000000E-3	64,23127417E-6	
-126,80000000E-3	64,24058510E-6	
-126,30000000E-3	64,24402397E-6	
-125,70000000E-3	64,24594087E-6	
-125,10000000E-3	64,24925409E-6	
-124,50000000E-3	64,25633767E-6	
-123,90000000E-3	64,26316070E-6	
-123,30000000E-3	64,25993828E-6	
-122,70000000E-3	64,24845099E-6	
-122,20000000E-3	64,24163360E-6	
-121,60000000E-3	64,24119647E-6	
-120,80000000E-3	64,23949457E-6	
-120,10000000E-3	64,22896620E-6	
-119,50000000E-3	64,20682898E-6	
-118,80000000E-3	64,17790859E-6	
-118,30000000E-3	64,14616970E-6	
-117,70000000E-3	64,11118882E-6	
-117,10000000E-3	64,07187394E-6	
-116,50000000E-3	64,02756767E-6	
-115,90000000E-3	63,98222356E-6	
-115,30000000E-3	63,93965030E-6	
-114,50000000E-3	63,90018873E-6	
-113,80000000E-3	63,85963594E-6	
-113,20000000E-3	63,81129237E-6	
-112,60000000E-3	63,75524926E-6	
-112,00000000E-3	63,69605224E-6	
-111,40000000E-3	63,63438368E-6	
-110,70000000E-3	63,57015541E-6	
-110,20000000E-3	63,50165343E-6	
-109,60000000E-3	63,42858401E-6	
-109,00000000E-3	63,35845404E-6	
-108,40000000E-3	63,29097981E-6	
-107,90000000E-3	63,22100156E-6	
-107,00000000E-3	63,14996695E-6	
-106,40000000E-3	63,08371661E-6	
-105,90000000E-3	63,02417465E-6	
-105,50000000E-3	62,96414696E-6	
-104,70000000E-3	62,89661893E-6	
-104,00000000E-3	62,82389258E-6	
-103,30000000E-3	62,74905120E-6	
-102,70000000E-3	62,67244333E-6	
-102,10000000E-3	62,59834448E-6	
-101,60000000E-3	62,53416432E-6	
-101,00000000E-3	62,48491690E-6	
-100,20000000E-3	62,44775452E-6	
-99,80000000E-3	62,41706212E-6	
-99,30000000E-3	62,39254263E-6	
-98,80000000E-3	62,37426429E-6	
-98,10000000E-3	62,36251695E-6	
-97,30000000E-3	62,35989935E-6	
-96,70000000E-3	62,36652102E-6	
-96,10000000E-3	62,37667551E-6	
-95,50000000E-3	62,38519632E-6	
-94,90000000E-3	62,39363365E-6	
-94,20000000E-3	62,40851120E-6	
-93,50000000E-3	62,43638441E-6	
-93,00000000E-3	62,47755606E-6	
-92,30000000E-3	62,52945977E-6	
-91,80000000E-3	62,59220193E-6	
-91,30000000E-3	62,66529777E-6	
-90,40000000E-3	62,74333527E-6	
-89,80000000E-3	62,82955477E-6	
-89,30000000E-3	62,93200618E-6	
-88,70000000E-3	63,05340329E-6	
-88,10000000E-3	63,19454634E-6	
-87,40000000E-3	63,35093431E-6	
-86,70000000E-3	63,51741052E-6	
-86,10000000E-3	63,69379647E-6	
-85,50000000E-3	63,87549047E-6	
-85,00000000E-3	64,06301843E-6	
-84,40000000E-3	64,25295742E-6	
-83,50000000E-3	64,42947161E-6	
-83,00000000E-3	64,59669834E-6	
-82,40000000E-3	64,76854802E-6	
-81,90000000E-3	64,96011169E-6	
-81,30000000E-3	65,17839504E-6	
-80,60000000E-3	65,42011668E-6	
-79,90000000E-3	65,66998846E-6	
-79,40000000E-3	65,92497310E-6	
-78,70000000E-3	66,18531871E-6	
-78,20000000E-3	66,43371458E-6	
-77,60000000E-3	66,66516073E-6	
-76,80000000E-3	66,88263000E-6	
-76,20000000E-3	67,09268990E-6	
-75,60000000E-3	67,29943963E-6	
-75,00000000E-3	67,49072478E-6	
-74,40000000E-3	67,66634824E-6	
-73,80000000E-3	67,82947446E-6	
-73,00000000E-3	67,97692969E-6	
-72,40000000E-3	68,11022088E-6	
-71,90000000E-3	68,22709028E-6	
-71,30000000E-3	68,32141423E-6	
-70,80000000E-3	68,38992341E-6	
-69,90000000E-3	68,43520491E-6	
-69,30000000E-3	68,46521202E-6	
-68,70000000E-3	68,48300203E-6	
-68,20000000E-3	68,48012014E-6	
-67,60000000E-3	68,44645405E-6	
-67,10000000E-3	68,37916201E-6	
-66,20000000E-3	68,27962032E-6	
-65,60000000E-3	68,15008100E-6	
-65,10000000E-3	67,99945579E-6	
-64,50000000E-3	67,82174197E-6	
-63,90000000E-3	67,60551482E-6	
-63,00000000E-3	67,35119048E-6	
-62,50000000E-3	67,06303964E-6	
-61,90000000E-3	66,74978684E-6	
-61,30000000E-3	66,41234994E-6	
-60,80000000E-3	66,05583957E-6	
-60,20000000E-3	65,69343994E-6	
-59,30000000E-3	65,32730865E-6	
-58,80000000E-3	64,92475180E-6	
-58,20000000E-3	64,46300211E-6	
-57,60000000E-3	63,95467134E-6	
-57,10000000E-3	63,41180008E-6	
-56,20000000E-3	62,84531371E-6	
-55,60000000E-3	62,26111409E-6	
-55,10000000E-3	61,66446327E-6	
-54,50000000E-3	61,07748141E-6	
-53,90000000E-3	60,48734476E-6	
-53,40000000E-3	59,87502664E-6	
-52,50000000E-3	59,26199531E-6	
-51,90000000E-3	58,64778246E-6	
-51,40000000E-3	58,03374901E-6	
-50,80000000E-3	57,42518674E-6	
-50,20000000E-3	56,82456550E-6	
-49,70000000E-3	56,25127135E-6	
-49,10000000E-3	55,67710812E-6	
-48,50000000E-3	55,08298517E-6	
-48,00000000E-3	54,49168832E-6	
-47,40000000E-3	53,91275594E-6	
-46,50000000E-3	53,34767622E-6	
-45,70000000E-3	52,79382691E-6	
-45,40000000E-3	52,25419375E-6	
-44,50000000E-3	51,74826104E-6	
-44,30000000E-3	51,26264597E-6	
-43,40000000E-3	50,77722270E-6	
-42,80000000E-3	50,30793571E-6	
-42,30000000E-3	49,85608686E-6	
-41,70000000E-3	49,42443933E-6	
-41,10000000E-3	49,01639304E-6	
-40,40000000E-3	48,63377687E-6	
-39,70000000E-3	48,28180369E-6	
-39,10000000E-3	47,96431578E-6	
-38,60000000E-3	47,66293969E-6	
-38,00000000E-3	47,36583794E-6	
-37,40000000E-3	47,08982125E-6	
-36,60000000E-3	46,84067198E-6	
-36,00000000E-3	46,61760079E-6	
-35,40000000E-3	46,41722148E-6	
-34,90000000E-3	46,23707915E-6	
-34,30000000E-3	46,07970692E-6	
-33,60000000E-3	45,93601783E-6	
-32,80000000E-3	45,80572952E-6	
-32,30000000E-3	45,70028453E-6	
-31,70000000E-3	45,61858040E-6	
-31,20000000E-3	45,55250138E-6	
-30,60000000E-3	45,49416629E-6	
-29,90000000E-3	45,44440061E-6	
-29,20000000E-3	45,40646845E-6	
-28,60000000E-3	45,37856011E-6	
-28,00000000E-3	45,36230735E-6	
-27,40000000E-3	45,36212586E-6	
-26,70000000E-3	45,37962585E-6	
-26,00000000E-3	45,40959885E-6	
-25,40000000E-3	45,43980326E-6	
-24,80000000E-3	45,46921085E-6	
-24,20000000E-3	45,50457079E-6	
-23,70000000E-3	45,54896353E-6	
-22,90000000E-3	45,60421676E-6	
-22,30000000E-3	45,67121031E-6	
-21,70000000E-3	45,74584113E-6	
-21,20000000E-3	45,81914555E-6	
-20,60000000E-3	45,88936455E-6	
-19,90000000E-3	45,95947414E-6	
-19,20000000E-3	46,03328164E-6	
-18,60000000E-3	46,11101249E-6	
-18,00000000E-3	46,19006734E-6	
-17,40000000E-3	46,26513297E-6	
-16,80000000E-3	46,33277247E-6	
-16,00000000E-3	46,39585129E-6	
-15,40000000E-3	46,45983901E-6	
-14,80000000E-3	46,52468516E-6	
-14,30000000E-3	46,58556647E-6	
-13,80000000E-3	46,64161423E-6	
-12,90000000E-3	46,69708523E-6	
-12,30000000E-3	46,75220481E-6	
-11,80000000E-3	46,80027361E-6	
-11,20000000E-3	46,83865026E-6	
-10,60000000E-3	46,87428102E-6	
-9,90000000E-3	46,91490766E-6	
-9,20000000E-3	46,95905953E-6	
-8,70000000E-3	46,99969464E-6	
-8,10000000E-3	47,04099502E-6	
-7,50000000E-3	47,08905124E-6	
-6,90000000E-3	47,13833367E-6	
-6,10000000E-3	47,17947730E-6	
-5,50000000E-3	47,20841949E-6	
-4,90000000E-3	47,22900890E-6	
-4,30000000E-3	47,24830325E-6	
-3,70000000E-3	47,26648958E-6	
-3,10000000E-3	47,27870852E-6	
-2,30000000E-3	47,28491607E-6	
-1,70000000E-3	47,28904468E-6	
-1,00000000E-3	47,29393688E-6	
-400,00000000E-6	47,30337805E-6	
100,00000000E-6	47,32481821E-6	
700,00000000E-6	47,36239596E-6	
1,60000000E-3	47,41147225E-6	
2,10000000E-3	47,45938505E-6	
2,70000000E-3	47,49762534E-6	
3,30000000E-3	47,52580998E-6	
3,80000000E-3	47,55035082E-6	
4,60000000E-3	47,57630764E-6	
5,30000000E-3	47,60502547E-6	
5,90000000E-3	47,63558964E-6	
6,50000000E-3	47,66598580E-6	
7,00000000E-3	47,69272468E-6	
7,60000000E-3	47,71244244E-6	
8,20000000E-3	47,72221698E-6	
8,70000000E-3	47,72517945E-6	
9,30000000E-3	47,72991418E-6	
9,90000000E-3	47,73907080E-6	
10,60000000E-3	47,74438406E-6	
11,30000000E-3	47,73332625E-6	
12,20000000E-3	47,70761608E-6	
12,40000000E-3	47,68015098E-6	
13,00000000E-3	47,65865754E-6	
13,60000000E-3	47,64655640E-6	
14,40000000E-3	47,63646969E-6	
15,00000000E-3	47,61627641E-6	
15,60000000E-3	47,57941062E-6	
16,10000000E-3	47,52323270E-6	
16,70000000E-3	47,45860617E-6	
17,40000000E-3	47,39279898E-6	
18,10000000E-3	47,32703408E-6	
18,70000000E-3	47,26379191E-6	
19,40000000E-3	47,19739622E-6	
20,00000000E-3	47,12346870E-6	
20,50000000E-3	47,04320139E-6	
21,10000000E-3	46,95903556E-6	
21,70000000E-3	46,87087357E-6	
22,30000000E-3	46,78059854E-6	
23,10000000E-3	46,68618954E-6	
23,70000000E-3	46,58490115E-6	
24,20000000E-3	46,54782381E-6	
24,80000000E-3	47,41087507E-6	
25,40000000E-3	49,66866736E-6	
25,70000000E-3	51,51684468E-6	
26,90000000E-3	51,58253179E-6	
27,60000000E-3	50,34155580E-6	
28,10000000E-3	48,75029158E-6	
28,60000000E-3	47,38526446E-6	
29,20000000E-3	46,48462025E-6	
29,80000000E-3	45,97477901E-6	
30,60000000E-3	45,70759694E-6	
31,20000000E-3	45,56159365E-6	
31,80000000E-3	45,46572620E-6	
32,40000000E-3	45,39363910E-6	
33,00000000E-3	45,33309595E-6	
33,70000000E-3	45,28044195E-6	
34,20000000E-3	45,24520680E-6	
34,80000000E-3	45,23472745E-6	
35,30000000E-3	45,24805898E-6	
35,90000000E-3	45,27759784E-6	
36,80000000E-3	45,31553645E-6	
37,40000000E-3	45,36039681E-6	
38,00000000E-3	45,41694265E-6	
38,50000000E-3	45,48716970E-6	
39,30000000E-3	45,56956697E-6	
39,70000000E-3	45,66802110E-6	
39,90000000E-3	45,78715769E-6	
41,10000000E-3	45,92549022E-6	
41,80000000E-3	46,08335646E-6	
42,30000000E-3	46,25648511E-6	
42,80000000E-3	46,44759068E-6	
43,40000000E-3	46,66681182E-6	
44,10000000E-3	46,91184901E-6	
44,80000000E-3	47,18388290E-6	
45,40000000E-3	47,47563295E-6	
46,00000000E-3	47,77924307E-6	
46,60000000E-3	48,09489410E-6	
47,20000000E-3	48,42427057E-6	
47,80000000E-3	48,75673333E-6	
48,50000000E-3	49,10609377E-6	
49,10000000E-3	49,49589679E-6	
49,10000000E-3	49,91650826E-6	
50,30000000E-3	50,36071062E-6	
51,00000000E-3	50,81616764E-6	
51,50000000E-3	51,27596850E-6	
52,00000000E-3	51,74093812E-6	
52,60000000E-3	52,19767390E-6	
53,20000000E-3	52,66103930E-6	
54,00000000E-3	53,14214894E-6	
54,60000000E-3	53,62889146E-6	
55,20000000E-3	54,12421302E-6	
55,80000000E-3	54,63187472E-6	
56,30000000E-3	55,15180647E-6	
57,00000000E-3	55,67935392E-6	
57,70000000E-3	56,19181571E-6	
58,30000000E-3	56,70081989E-6	
58,90000000E-3	57,22800872E-6	
59,40000000E-3	57,75140143E-6	
60,00000000E-3	58,26490640E-6	
60,90000000E-3	58,76701048E-6	
61,50000000E-3	59,25835611E-6	
62,10000000E-3	59,74247346E-6	
62,70000000E-3	60,20769352E-6	
63,50000000E-3	60,67160495E-6	
64,10000000E-3	61,14424376E-6	
64,60000000E-3	61,60686460E-6	
65,20000000E-3	62,05238215E-6	
65,70000000E-3	62,47396699E-6	
66,50000000E-3	62,87261813E-6	
67,20000000E-3	63,25140302E-6	
67,80000000E-3	63,61282503E-6	
68,40000000E-3	63,94327595E-6	
68,90000000E-3	64,25462114E-6	
69,40000000E-3	64,55269703E-6	
70,30000000E-3	64,82540172E-6	
70,60000000E-3	65,06991958E-6	
71,40000000E-3	65,28686541E-6	
71,70000000E-3	65,48402296E-6	
72,60000000E-3	65,66414509E-6	
73,30000000E-3	65,82164614E-6	
73,70000000E-3	65,96146832E-6	
74,30000000E-3	66,08287159E-6	
74,90000000E-3	66,17591415E-6	
75,50000000E-3	66,24574961E-6	
76,30000000E-3	66,29996761E-6	
76,80000000E-3	66,33904630E-6	
77,40000000E-3	66,35935684E-6	
78,00000000E-3	66,35984134E-6	
78,60000000E-3	66,34239422E-6	
79,30000000E-3	66,31062183E-6	
80,00000000E-3	66,26376163E-6	
80,60000000E-3	66,19937312E-6	
81,20000000E-3	66,12324069E-6	
81,70000000E-3	66,03876410E-6	
82,30000000E-3	65,94673266E-6	
83,10000000E-3	65,85211086E-6	
83,70000000E-3	65,75360559E-6	
84,30000000E-3	65,64676027E-6	
84,90000000E-3	65,53260685E-6	
85,40000000E-3	65,40761571E-6	
86,00000000E-3	65,27375926E-6	
86,90000000E-3	65,13357556E-6	
87,50000000E-3	64,98660636E-6	
88,10000000E-3	64,83749553E-6	
88,60000000E-3	64,69659753E-6	
89,10000000E-3	64,56449615E-6	
89,10000000E-3	64,43805429E-6	
89,10000000E-3	64,32137139E-6	
91,20000000E-3	64,21485113E-6	
91,70000000E-3	64,11987820E-6	
92,30000000E-3	64,03304346E-6	
92,90000000E-3	63,94393005E-6	
93,60000000E-3	63,85258347E-6	
94,30000000E-3	63,76076215E-6	
94,90000000E-3	63,67446334E-6	
95,50000000E-3	63,60541687E-6	
96,10000000E-3	63,55278477E-6	
96,60000000E-3	63,50804735E-6	
97,50000000E-3	63,46586546E-6	
98,00000000E-3	63,42516713E-6	
98,70000000E-3	63,38716449E-6	
99,20000000E-3	63,35184938E-6	
99,80000000E-3	63,31755580E-6	
100,30000000E-3	63,28084793E-6	
101,20000000E-3	63,24077131E-6	
101,70000000E-3	63,20285940E-6	
102,30000000E-3	63,17481337E-6	
102,90000000E-3	63,16190190E-6	
103,50000000E-3	63,16005032E-6	
104,30000000E-3	63,16041879E-6	
104,90000000E-3	63,15936177E-6	
105,50000000E-3	63,15822246E-6	
105,50000000E-3	63,15776845E-6	
106,60000000E-3	63,15655598E-6	
107,50000000E-3	63,15638297E-6	
107,80000000E-3	63,15932489E-6	
108,70000000E-3	63,16523869E-6	
109,30000000E-3	63,17498361E-6	
109,30000000E-3	63,19299857E-6	
110,50000000E-3	63,21530475E-6	
111,00000000E-3	63,22884062E-6	
111,60000000E-3	63,23022055E-6	
112,20000000E-3	63,22798930E-6	
112,50000000E-3	63,23097104E-6	
113,60000000E-3	63,24230419E-6	
114,20000000E-3	63,25272921E-6	
114,50000000E-3	63,25390754E-6	
115,40000000E-3	63,24962105E-6	
115,90000000E-3	63,24789005E-6	
116,50000000E-3	63,24769143E-6	
117,10000000E-3	63,24615781E-6	
117,70000000E-3	63,24467545E-6	
118,30000000E-3	63,24576160E-6	
119,10000000E-3	63,24928248E-6	
119,70000000E-3	63,25268532E-6	
120,20000000E-3	63,25485978E-6	
120,80000000E-3	63,25589671E-6	
121,40000000E-3	63,25280903E-6	
122,00000000E-3	63,24197358E-6	
122,60000000E-3	63,22316154E-6	
122,80000000E-3	63,19847112E-6	
124,10000000E-3	63,17449387E-6	
124,70000000E-3	63,15490833E-6	
125,30000000E-3	63,13717439E-6	
125,90000000E-3	63,11504304E-6	
126,50000000E-3	63,08631602E-6	
127,10000000E-3	63,05389837E-6	
127,70000000E-3	63,01651270E-6	
128,40000000E-3	62,97237309E-6	
129,00000000E-3	62,92298808E-6	
129,60000000E-3	62,87303246E-6	
130,20000000E-3	62,82638466E-6	
130,70000000E-3	62,78057886E-6	
131,40000000E-3	62,73161919E-6	
132,20000000E-3	62,67900885E-6	
132,70000000E-3	62,62621598E-6	
133,30000000E-3	62,57971163E-6	
133,90000000E-3	62,54153010E-6	
134,50000000E-3	62,50860340E-6	
135,00000000E-3	62,47442375E-6	
135,60000000E-3	62,43566675E-6	
136,20000000E-3	62,39064748E-6	
137,10000000E-3	62,33627169E-6	
137,60000000E-3	62,27796521E-6	
138,20000000E-3	62,22265877E-6	
138,70000000E-3	62,17108599E-6	
139,30000000E-3	62,12506382E-6	
140,20000000E-3	62,08136409E-6	
140,70000000E-3	62,03412713E-6	
141,40000000E-3	61,98346889E-6	
141,90000000E-3	61,93066721E-6	
142,50000000E-3	61,87704446E-6	
143,00000000E-3	61,81947296E-6	
143,70000000E-3	61,75637737E-6	
144,50000000E-3	61,69473248E-6	
145,00000000E-3	61,63612822E-6	
145,60000000E-3	61,58031376E-6	
146,20000000E-3	61,52865753E-6	
146,80000000E-3	61,47649352E-6	
147,50000000E-3	61,41890940E-6	
148,20000000E-3	61,35881969E-6	
148,80000000E-3	61,30335876E-6	
149,40000000E-3	61,25426132E-6	
150,00000000E-3	61,21194571E-6	
150,50000000E-3	61,17230088E-6	
151,10000000E-3	61,12733277E-6	
151,80000000E-3	61,07425849E-6	
152,50000000E-3	61,01490443E-6	
153,10000000E-3	60,95590540E-6	
153,60000000E-3	60,90126633E-6	
154,20000000E-3	60,85274788E-6	
154,80000000E-3	60,81013644E-6	
155,10000000E-3	60,76795749E-6	
156,20000000E-3	60,72196281E-6	
156,80000000E-3	60,67641413E-6	
157,30000000E-3	60,63643202E-6	
157,90000000E-3	60,60187659E-6	
158,40000000E-3	60,56625249E-6	
158,50000000E-3	60,52702061E-6	
160,10000000E-3	60,48923816E-6	
160,40000000E-3	60,45411047E-6	
160,90000000E-3	60,41889678E-6	
161,50000000E-3	60,38019792E-6	
162,30000000E-3	60,33632419E-6	
162,90000000E-3	60,29085581E-6	
163,70000000E-3	60,24678138E-6	
164,40000000E-3	60,20375020E-6	
164,90000000E-3	60,16333170E-6	
165,20000000E-3	60,12500051E-6	
166,10000000E-3	60,08679967E-6	
166,70000000E-3	60,04863695E-6	
167,20000000E-3	60,01243304E-6	
167,80000000E-3	59,98007516E-6	
168,40000000E-3	59,95171114E-6	
169,00000000E-3	59,92530975E-6	
169,80000000E-3	59,89843546E-6	
169,80000000E-3	59,87060739E-6	
171,10000000E-3	59,84323386E-6	
171,60000000E-3	59,81798142E-6	
172,20000000E-3	59,79316429E-6	
172,80000000E-3	59,76785998E-6	
173,10000000E-3	59,74082282E-6	
174,20000000E-3	59,70999761E-6	
174,70000000E-3	59,67590988E-6	
175,40000000E-3	59,64240892E-6	
176,00000000E-3	59,60545471E-6	
176,50000000E-3	59,56503151E-6	
177,10000000E-3	59,53024863E-6	
177,70000000E-3	59,49904423E-6	
178,50000000E-3	59,46401759E-6	
179,10000000E-3	59,42436041E-6	
179,70000000E-3	59,38298560E-6	
180,30000000E-3	59,34704178E-6	
180,90000000E-3	59,31610710E-6	
181,40000000E-3	59,28129613E-6	
182,30000000E-3	59,23911653E-6	
182,90000000E-3	59,19826880E-6	
183,40000000E-3	59,16581705E-6	
184,00000000E-3	59,13502829E-6	
184,60000000E-3	59,09939266E-6	
185,20000000E-3	59,06470757E-6	
185,40000000E-3	59,03331176E-6	
186,40000000E-3	59,00305521E-6	
187,00000000E-3	58,97279015E-6	
187,60000000E-3	58,94174593E-6	
188,10000000E-3	58,90952932E-6	
188,90000000E-3	58,87411072E-6	
189,60000000E-3	58,83233072E-6	
190,30000000E-3	58,78625269E-6	
190,70000000E-3	58,73920520E-6	
191,30000000E-3	58,69799790E-6	
191,90000000E-3	58,66524811E-6	
192,70000000E-3	58,63443963E-6	
193,30000000E-3	58,60407644E-6	
193,90000000E-3	58,57576739E-6	
194,50000000E-3	58,54561000E-6	
195,00000000E-3	58,51112377E-6	
195,60000000E-3	58,47648580E-6	
196,40000000E-3	58,44254000E-6	
197,00000000E-3	58,40780966E-6	
197,60000000E-3	58,37204017E-6	
198,20000000E-3	58,33524810E-6	
198,80000000E-3	58,29553180E-6	
199,40000000E-3	58,25117566E-6	
200,10000000E-3	58,20633849E-6	
