-200,00000000E-3	71,99989701E-6	
-200,00000000E-3	71,73987758E-6	
-200,00000000E-3	71,71007980E-6	
-199,90000000E-3	71,68282605E-6	
-199,60000000E-3	71,67615963E-6	
-199,30000000E-3	71,71621074E-6	
-198,90000000E-3	71,77349475E-6	
-198,50000000E-3	71,79464247E-6	
-198,10000000E-3	71,79182246E-6	
-197,70000000E-3	71,79974227E-6	
-197,20000000E-3	71,84508134E-6	
-196,50000000E-3	71,93352259E-6	
-196,00000000E-3	72,05949421E-6	
-195,50000000E-3	72,22180851E-6	
-195,00000000E-3	72,40634589E-6	
-194,50000000E-3	72,57423703E-6	
-193,90000000E-3	72,71934989E-6	
-193,20000000E-3	72,85400658E-6	
-192,60000000E-3	72,97113926E-6	
-192,00000000E-3	73,10308067E-6	
-191,50000000E-3	73,37435959E-6	
-190,90000000E-3	73,76133597E-6	
-190,30000000E-3	74,02094932E-6	
-189,60000000E-3	74,05342407E-6	
-188,90000000E-3	73,92696608E-6	
-188,40000000E-3	73,75841213E-6	
-187,80000000E-3	73,66052250E-6	
-187,30000000E-3	73,67410929E-6	
-186,70000000E-3	73,78201994E-6	
-186,00000000E-3	73,92886969E-6	
-185,30000000E-3	74,03492151E-6	
-184,70000000E-3	74,06694780E-6	
-184,20000000E-3	74,05844638E-6	
-183,60000000E-3	74,04290158E-6	
-183,00000000E-3	74,05182178E-6	
-182,40000000E-3	74,10225027E-6	
-181,80000000E-3	74,17904392E-6	
-181,20000000E-3	74,27204409E-6	
-180,70000000E-3	74,36733761E-6	
-180,10000000E-3	74,44292086E-6	
-179,20000000E-3	74,50764644E-6	
-178,70000000E-3	74,58741277E-6	
-178,10000000E-3	74,67950882E-6	
-177,50000000E-3	74,74673628E-6	
-177,00000000E-3	74,79580388E-6	
-176,40000000E-3	74,84026897E-6	
-175,50000000E-3	74,87440170E-6	
-174,90000000E-3	74,91048804E-6	
-174,40000000E-3	74,95503954E-6	
-173,80000000E-3	75,03381755E-6	
-173,20000000E-3	75,18123074E-6	
-172,60000000E-3	75,40415240E-6	
-172,00000000E-3	75,65915917E-6	
-171,20000000E-3	75,87793181E-6	
-170,60000000E-3	76,09044800E-6	
-170,10000000E-3	76,33189955E-6	
-169,50000000E-3	76,58362961E-6	
-168,90000000E-3	76,79559821E-6	
-168,30000000E-3	76,94320326E-6	
-167,50000000E-3	77,03883031E-6	
-166,90000000E-3	77,13232457E-6	
-166,30000000E-3	77,25388202E-6	
-165,70000000E-3	77,39720099E-6	
-165,10000000E-3	77,51667667E-6	
-164,50000000E-3	77,59679714E-6	
-164,00000000E-3	77,67819432E-6	
-163,10000000E-3	77,76732764E-6	
-162,50000000E-3	77,84604718E-6	
-162,00000000E-3	77,92674310E-6	
-161,40000000E-3	78,00452290E-6	
-160,80000000E-3	78,04446509E-6	
-160,20000000E-3	78,05901746E-6	
-159,40000000E-3	78,08820356E-6	
-158,80000000E-3	78,14160327E-6	
-158,20000000E-3	78,22510180E-6	
-157,60000000E-3	78,36006095E-6	
-157,10000000E-3	78,55691402E-6	
-156,50000000E-3	78,76619099E-6	
-155,70000000E-3	78,92518589E-6	
-155,10000000E-3	79,04993520E-6	
-154,50000000E-3	79,18912059E-6	
-153,90000000E-3	79,36226662E-6	
-153,30000000E-3	79,52064951E-6	
-152,70000000E-3	79,61478667E-6	
-152,00000000E-3	79,69366330E-6	
-151,30000000E-3	79,83939980E-6	
-150,70000000E-3	80,06963854E-6	
-150,20000000E-3	80,33760993E-6	
-149,60000000E-3	80,60765509E-6	
-149,00000000E-3	80,86745889E-6	
-148,30000000E-3	81,08538887E-6	
-147,60000000E-3	81,24352187E-6	
-147,00000000E-3	81,36108899E-6	
-146,40000000E-3	81,46048649E-6	
-145,90000000E-3	81,55142292E-6	
-145,30000000E-3	81,67035929E-6	
-144,50000000E-3	81,83711777E-6	
-143,80000000E-3	82,02717618E-6	
-143,20000000E-3	82,24787313E-6	
-142,70000000E-3	82,49309488E-6	
-142,10000000E-3	82,72048054E-6	
-141,50000000E-3	82,90241259E-6	
-140,70000000E-3	83,03696636E-6	
-140,10000000E-3	83,16174257E-6	
-139,60000000E-3	83,34794923E-6	
-138,90000000E-3	83,61502865E-6	
-138,40000000E-3	83,92610844E-6	
-137,80000000E-3	84,25885098E-6	
-137,20000000E-3	84,58439285E-6	
-136,40000000E-3	84,88967943E-6	
-135,80000000E-3	85,16124444E-6	
-135,50000000E-3	85,39315317E-6	
-134,60000000E-3	85,60123075E-6	
-134,00000000E-3	85,77079033E-6	
-133,50000000E-3	85,88474570E-6	
-132,60000000E-3	85,94224232E-6	
-132,10000000E-3	85,96487983E-6	
-131,50000000E-3	86,00000087E-6	
-131,30000000E-3	86,10265458E-6	
-130,40000000E-3	86,32934654E-6	
-129,80000000E-3	86,66086455E-6	
-129,30000000E-3	87,00018440E-6	
-128,70000000E-3	87,27093247E-6	
-127,80000000E-3	87,45686230E-6	
-127,50000000E-3	87,57855384E-6	
-126,70000000E-3	87,66824950E-6	
-126,10000000E-3	87,76308850E-6	
-125,50000000E-3	87,92108799E-6	
-124,90000000E-3	88,14583279E-6	
-124,40000000E-3	88,37836698E-6	
-123,80000000E-3	88,56796184E-6	
-123,00000000E-3	88,72748614E-6	
-122,30000000E-3	88,88418821E-6	
-121,80000000E-3	89,03250676E-6	
-121,20000000E-3	89,19353022E-6	
-120,60000000E-3	89,38053131E-6	
-120,00000000E-3	89,55432198E-6	
-119,30000000E-3	89,70354203E-6	
-118,60000000E-3	89,81638880E-6	
-118,10000000E-3	89,88453730E-6	
-117,50000000E-3	89,92605188E-6	
-116,90000000E-3	89,96666277E-6	
-116,30000000E-3	90,03664625E-6	
-115,60000000E-3	90,12312500E-6	
-114,90000000E-3	90,19577555E-6	
-114,30000000E-3	90,23284209E-6	
-113,70000000E-3	90,20591568E-6	
-113,20000000E-3	90,10212871E-6	
-112,60000000E-3	89,91294170E-6	
-111,70000000E-3	89,64223423E-6	
-111,10000000E-3	89,34474805E-6	
-110,50000000E-3	89,07234346E-6	
-110,00000000E-3	88,86805622E-6	
-109,50000000E-3	88,75075542E-6	
-108,90000000E-3	88,68048986E-6	
-108,00000000E-3	88,60527694E-6	
-107,40000000E-3	88,46016638E-6	
-106,80000000E-3	88,25163368E-6	
-106,30000000E-3	88,07330604E-6	
-105,70000000E-3	87,98044741E-6	
-105,10000000E-3	87,96992796E-6	
-104,50000000E-3	87,97325763E-6	
-103,60000000E-3	87,91296103E-6	
-103,10000000E-3	87,75680280E-6	
-102,50000000E-3	87,54559442E-6	
-101,90000000E-3	87,33427550E-6	
-101,40000000E-3	87,13144362E-6	
-100,80000000E-3	86,91544044E-6	
-99,90000000E-3	86,69698669E-6	
-99,40000000E-3	86,51241195E-6	
-98,80000000E-3	86,36316638E-6	
-98,20000000E-3	86,24129735E-6	
-97,60000000E-3	86,12468991E-6	
-97,00000000E-3	86,00199370E-6	
-96,30000000E-3	85,88135982E-6	
-95,60000000E-3	85,76994810E-6	
-95,00000000E-3	85,67199509E-6	
-94,50000000E-3	85,61131619E-6	
-93,90000000E-3	85,59672021E-6	
-93,30000000E-3	85,62543503E-6	
-92,40000000E-3	85,68734098E-6	
-91,80000000E-3	85,73018358E-6	
-91,30000000E-3	85,70085123E-6	
-90,70000000E-3	85,65777685E-6	
-90,20000000E-3	85,69121377E-6	
-89,60000000E-3	85,80231220E-6	
-88,90000000E-3	85,95018730E-6	
-88,20000000E-3	86,15006716E-6	
-87,50000000E-3	86,41520283E-6	
-86,90000000E-3	86,71983068E-6	
-86,30000000E-3	87,04481940E-6	
-85,80000000E-3	87,37449512E-6	
-85,20000000E-3	87,71444271E-6	
-84,60000000E-3	88,09692743E-6	
-83,70000000E-3	88,53852523E-6	
-83,10000000E-3	89,02634600E-6	
-82,60000000E-3	89,54534716E-6	
-82,00000000E-3	90,10523973E-6	
-81,40000000E-3	90,72603428E-6	
-80,80000000E-3	91,38250822E-6	
-80,10000000E-3	92,07008994E-6	
-79,40000000E-3	92,80835924E-6	
-79,10000000E-3	93,58407955E-6	
-78,50000000E-3	94,34060346E-6	
-78,00000000E-3	95,05045155E-6	
-77,10000000E-3	95,75815029E-6	
-76,40000000E-3	96,48566993E-6	
-76,00000000E-3	97,22359015E-6	
-75,40000000E-3	97,97480388E-6	
-74,80000000E-3	98,73633337E-6	
-74,20000000E-3	99,46897698E-6	
-73,30000000E-3	100,18620272E-6	
-72,80000000E-3	100,90855242E-6	
-72,30000000E-3	101,62290527E-6	
-71,60000000E-3	102,33013993E-6	
-71,10000000E-3	103,03877166E-6	
-70,50000000E-3	103,71200720E-6	
-69,70000000E-3	104,33376580E-6	
-69,00000000E-3	104,89608494E-6	
-68,40000000E-3	105,39388450E-6	
-67,90000000E-3	105,85824096E-6	
-67,30000000E-3	106,24769540E-6	
-66,70000000E-3	106,44744207E-6	
-65,90000000E-3	106,42844161E-6	
-65,30000000E-3	106,31510752E-6	
-64,70000000E-3	106,22629854E-6	
-64,10000000E-3	106,17801369E-6	
-63,50000000E-3	106,13625871E-6	
-63,00000000E-3	106,05277080E-6	
-62,30000000E-3	105,84267709E-6	
-61,60000000E-3	105,44893252E-6	
-61,00000000E-3	104,88197394E-6	
-60,40000000E-3	104,23195879E-6	
-59,80000000E-3	103,53433244E-6	
-59,30000000E-3	102,72491740E-6	
-58,60000000E-3	101,75938520E-6	
-57,80000000E-3	100,64286485E-6	
-57,30000000E-3	99,45066886E-6	
-56,70000000E-3	98,22931729E-6	
-56,10000000E-3	96,94583637E-6	
-55,60000000E-3	95,60611554E-6	
-55,00000000E-3	94,24448799E-6	
-54,10000000E-3	92,82434165E-6	
-53,50000000E-3	91,33832966E-6	
-53,00000000E-3	89,83624653E-6	
-52,40000000E-3	88,32131639E-6	
-51,80000000E-3	86,76891355E-6	
-51,20000000E-3	85,14520551E-6	
-50,40000000E-3	83,46587612E-6	
-49,90000000E-3	81,83809805E-6	
-49,30000000E-3	80,25361655E-6	
-48,70000000E-3	78,66759199E-6	
-48,10000000E-3	77,14132724E-6	
-47,50000000E-3	75,66032958E-6	
-46,80000000E-3	74,22064729E-6	
-46,10000000E-3	72,78444343E-6	
-45,50000000E-3	71,30860448E-6	
-44,90000000E-3	69,85522412E-6	
-44,30000000E-3	68,44671250E-6	
-43,80000000E-3	67,07545201E-6	
-42,90000000E-3	65,80517664E-6	
-42,40000000E-3	64,64095294E-6	
-41,80000000E-3	63,59047921E-6	
-41,20000000E-3	62,62008150E-6	
-40,60000000E-3	61,68925539E-6	
-40,10000000E-3	60,81761958E-6	
-39,20000000E-3	59,96870070E-6	
-38,60000000E-3	59,13366562E-6	
-38,00000000E-3	58,36525216E-6	
-37,50000000E-3	57,71252455E-6	
-36,90000000E-3	57,24116395E-6	
-36,30000000E-3	56,92698107E-6	
-35,60000000E-3	56,67992644E-6	
-34,90000000E-3	56,43461538E-6	
-34,30000000E-3	56,21794263E-6	
-33,70000000E-3	56,04755912E-6	
-33,20000000E-3	55,90944218E-6	
-32,60000000E-3	55,79215819E-6	
-31,90000000E-3	55,70255072E-6	
-31,20000000E-3	55,70087972E-6	
-30,60000000E-3	55,81390097E-6	
-30,00000000E-3	55,98658990E-6	
-29,40000000E-3	56,15215514E-6	
-28,90000000E-3	56,29049610E-6	
-28,00000000E-3	56,42128715E-6	
-27,50000000E-3	56,58931793E-6	
-26,90000000E-3	56,81492976E-6	
-26,60000000E-3	57,07552875E-6	
-25,90000000E-3	57,33506919E-6	
-25,20000000E-3	57,54564303E-6	
-24,30000000E-3	57,70978699E-6	
-23,90000000E-3	57,88675678E-6	
-23,40000000E-3	58,08887672E-6	
-22,80000000E-3	58,32115963E-6	
-22,10000000E-3	58,62625219E-6	
-21,40000000E-3	59,02039525E-6	
-20,80000000E-3	59,46681645E-6	
-20,00000000E-3	59,90919507E-6	
-19,60000000E-3	60,28127986E-6	
-19,10000000E-3	60,55710851E-6	
-18,50000000E-3	60,70106757E-6	
-17,70000000E-3	60,72327463E-6	
-17,10000000E-3	60,75069183E-6	
-16,50000000E-3	60,86998084E-6	
-15,90000000E-3	61,06978015E-6	
-15,30000000E-3	61,31482971E-6	
-14,80000000E-3	61,57178201E-6	
-14,00000000E-3	61,79593264E-6	
-13,30000000E-3	61,95705142E-6	
-12,70000000E-3	62,03628709E-6	
-12,10000000E-3	62,08032553E-6	
-11,60000000E-3	62,17958131E-6	
-11,00000000E-3	62,33234321E-6	
-10,50000000E-3	62,45786324E-6	
-9,60000000E-3	62,50674120E-6	
-9,00000000E-3	62,49438320E-6	
-8,40000000E-3	62,43086901E-6	
-7,80000000E-3	62,34405587E-6	
-7,30000000E-3	62,31579824E-6	
-6,70000000E-3	62,36163290E-6	
-5,90000000E-3	62,44407197E-6	
-5,30000000E-3	62,51870753E-6	
-4,60000000E-3	62,55725544E-6	
-4,10000000E-3	62,55382911E-6	
-3,50000000E-3	62,54314332E-6	
-2,90000000E-3	62,55712492E-6	
-2,00000000E-3	62,58989623E-6	
-1,40000000E-3	62,64023559E-6	
-800,00000000E-6	62,69579734E-6	
-200,00000000E-6	62,71722182E-6	
300,00000000E-6	62,67267859E-6	
900,00000000E-6	62,57250351E-6	
1,60000000E-3	62,47766202E-6	
2,30000000E-3	62,43706032E-6	
3,00000000E-3	62,46284569E-6	
3,60000000E-3	62,56955030E-6	
4,20000000E-3	62,72244205E-6	
4,80000000E-3	62,85471745E-6	
5,30000000E-3	62,95934825E-6	
6,20000000E-3	63,06470606E-6	
6,80000000E-3	63,16337871E-6	
7,30000000E-3	63,23571038E-6	
8,00000000E-3	63,26356308E-6	
8,50000000E-3	63,25578741E-6	
9,10000000E-3	63,29028925E-6	
9,90000000E-3	63,38863424E-6	
10,50000000E-3	63,49687370E-6	
11,10000000E-3	63,57470513E-6	
11,70000000E-3	63,59357057E-6	
12,20000000E-3	63,57592949E-6	
12,80000000E-3	63,56042616E-6	
13,50000000E-3	63,56217797E-6	
14,20000000E-3	63,57013617E-6	
14,80000000E-3	63,53657034E-6	
15,40000000E-3	63,40448549E-6	
16,00000000E-3	63,18788234E-6	
16,60000000E-3	62,96357762E-6	
17,10000000E-3	62,78108198E-6	
17,90000000E-3	62,63083579E-6	
18,60000000E-3	62,46063184E-6	
19,20000000E-3	62,22932043E-6	
19,80000000E-3	61,97160505E-6	
20,40000000E-3	61,73052459E-6	
21,00000000E-3	61,53419998E-6	
21,50000000E-3	61,35972747E-6	
22,20000000E-3	61,13445142E-6	
22,80000000E-3	60,82705741E-6	
23,30000000E-3	60,47156436E-6	
24,10000000E-3	60,10228616E-6	
24,80000000E-3	59,72578286E-6	
25,50000000E-3	59,36136684E-6	
26,00000000E-3	59,05656850E-6	
26,60000000E-3	58,81341209E-6	
26,60000000E-3	58,58859328E-6	
27,60000000E-3	58,31335369E-6	
28,10000000E-3	57,93439982E-6	
29,00000000E-3	57,49149045E-6	
29,40000000E-3	57,07147580E-6	
30,00000000E-3	56,68801078E-6	
30,60000000E-3	56,29533483E-6	
31,50000000E-3	55,88210394E-6	
32,10000000E-3	55,49159060E-6	
32,60000000E-3	55,16058333E-6	
33,30000000E-3	54,88955880E-6	
33,90000000E-3	54,61444543E-6	
34,50000000E-3	54,28580092E-6	
35,00000000E-3	53,95786779E-6	
35,60000000E-3	53,72080268E-6	
36,20000000E-3	53,61049361E-6	
36,80000000E-3	53,59214251E-6	
37,50000000E-3	53,61229828E-6	
38,10000000E-3	53,66480841E-6	
38,80000000E-3	53,79340876E-6	
39,50000000E-3	53,99058001E-6	
40,10000000E-3	54,20787534E-6	
40,60000000E-3	54,43288619E-6	
41,30000000E-3	54,62307561E-6	
41,90000000E-3	54,70597524E-6	
42,50000000E-3	54,71781858E-6	
43,10000000E-3	54,76012330E-6	
43,70000000E-3	54,90666398E-6	
44,20000000E-3	55,20393671E-6	
44,80000000E-3	55,66116344E-6	
45,70000000E-3	56,25175552E-6	
46,30000000E-3	56,93505435E-6	
46,90000000E-3	57,72390387E-6	
47,60000000E-3	58,58452977E-6	
48,20000000E-3	59,47878259E-6	
48,70000000E-3	60,42658940E-6	
49,30000000E-3	61,41880085E-6	
49,90000000E-3	62,43606999E-6	
50,50000000E-3	63,46614631E-6	
51,10000000E-3	64,54630837E-6	
51,70000000E-3	65,73383105E-6	
52,30000000E-3	66,95343519E-6	
53,00000000E-3	68,19575261E-6	
53,70000000E-3	69,47679311E-6	
54,40000000E-3	70,76149003E-6	
55,00000000E-3	72,08208108E-6	
55,60000000E-3	73,44822663E-6	
56,20000000E-3	74,86513645E-6	
56,90000000E-3	76,34003240E-6	
57,40000000E-3	77,81598233E-6	
58,00000000E-3	79,30975161E-6	
58,70000000E-3	80,86425376E-6	
58,70000000E-3	82,44205905E-6	
59,80000000E-3	84,01529799E-6	
60,50000000E-3	85,50663669E-6	
61,20000000E-3	86,87462359E-6	
61,70000000E-3	88,16456920E-6	
62,60000000E-3	89,40636806E-6	
62,90000000E-3	90,59403726E-6	
63,50000000E-3	91,80043360E-6	
64,10000000E-3	93,03572796E-6	
64,70000000E-3	94,19450592E-6	
65,30000000E-3	95,25906945E-6	
66,00000000E-3	96,22901710E-6	
66,70000000E-3	97,08715353E-6	
67,40000000E-3	97,86890953E-6	
67,70000000E-3	98,59943696E-6	
68,70000000E-3	99,30618124E-6	
69,30000000E-3	99,96591395E-6	
69,90000000E-3	100,51435676E-6	
70,50000000E-3	100,94114661E-6	
71,00000000E-3	101,23881880E-6	
71,60000000E-3	101,42205456E-6	
72,20000000E-3	101,51419540E-6	
72,90000000E-3	101,54918529E-6	
73,50000000E-3	101,56367557E-6	
74,20000000E-3	101,56236133E-6	
75,00000000E-3	101,50281954E-6	
75,60000000E-3	101,33085849E-6	
76,20000000E-3	101,05935988E-6	
76,80000000E-3	100,73887399E-6	
77,40000000E-3	100,38826025E-6	
78,00000000E-3	100,04032442E-6	
78,30000000E-3	99,69963700E-6	
79,20000000E-3	99,33618900E-6	
79,90000000E-3	98,91997400E-6	
80,40000000E-3	98,39712965E-6	
81,10000000E-3	97,76152772E-6	
81,60000000E-3	97,08641468E-6	
82,20000000E-3	96,46613161E-6	
82,80000000E-3	95,95564594E-6	
83,70000000E-3	95,53708951E-6	
84,00000000E-3	95,10242553E-6	
84,60000000E-3	94,58729130E-6	
85,20000000E-3	93,99718031E-6	
85,80000000E-3	93,34174195E-6	
86,40000000E-3	92,69228854E-6	
87,30000000E-3	92,12403443E-6	
87,90000000E-3	91,64928886E-6	
88,40000000E-3	91,26146509E-6	
89,10000000E-3	90,91030536E-6	
89,60000000E-3	90,53870632E-6	
90,20000000E-3	90,15419608E-6	
90,80000000E-3	89,79686766E-6	
91,50000000E-3	89,49411403E-6	
92,10000000E-3	89,25175660E-6	
92,70000000E-3	89,08240354E-6	
93,30000000E-3	88,97972461E-6	
94,00000000E-3	88,90722670E-6	
94,50000000E-3	88,82794276E-6	
95,20000000E-3	88,75177033E-6	
95,70000000E-3	88,70239130E-6	
96,30000000E-3	88,66017086E-6	
96,90000000E-3	88,59627039E-6	
97,60000000E-3	88,52235006E-6	
98,20000000E-3	88,46361185E-6	
98,90000000E-3	88,42428871E-6	
99,70000000E-3	88,40061173E-6	
100,30000000E-3	88,39315683E-6	
100,90000000E-3	88,40706415E-6	
101,50000000E-3	88,42489774E-6	
102,10000000E-3	88,48126677E-6	
102,70000000E-3	88,63519580E-6	
103,30000000E-3	88,85979309E-6	
103,90000000E-3	89,06201049E-6	
104,50000000E-3	89,20239130E-6	
105,10000000E-3	89,30502789E-6	
105,80000000E-3	89,41584891E-6	
106,30000000E-3	89,54538673E-6	
107,00000000E-3	89,67750750E-6	
107,30000000E-3	89,78566243E-6	
108,40000000E-3	89,84380368E-6	
108,90000000E-3	89,86658602E-6	
109,60000000E-3	89,88807591E-6	
110,10000000E-3	89,92239158E-6	
110,70000000E-3	89,94747654E-6	
111,30000000E-3	89,93123307E-6	
111,90000000E-3	89,89946704E-6	
112,50000000E-3	89,92323869E-6	
113,40000000E-3	90,01353253E-6	
114,00000000E-3	90,09777068E-6	
114,60000000E-3	90,14224164E-6	
114,80000000E-3	90,16328118E-6	
115,70000000E-3	90,18450184E-6	
116,30000000E-3	90,20243804E-6	
116,90000000E-3	90,17786592E-6	
117,60000000E-3	90,08890561E-6	
118,30000000E-3	89,98169984E-6	
119,00000000E-3	89,88492443E-6	
119,50000000E-3	89,78190760E-6	
119,80000000E-3	89,67500538E-6	
120,40000000E-3	89,58740106E-6	
121,30000000E-3	89,53145206E-6	
121,90000000E-3	89,51121420E-6	
122,70000000E-3	89,53479673E-6	
123,00000000E-3	89,57421457E-6	
123,40000000E-3	89,58446318E-6	
124,40000000E-3	89,53798474E-6	
125,00000000E-3	89,43181694E-6	
125,60000000E-3	89,34978714E-6	
126,10000000E-3	89,66013773E-6	
126,70000000E-3	90,36655418E-6	
127,30000000E-3	90,79210059E-6	
128,20000000E-3	90,60001201E-6	
128,80000000E-3	90,03250645E-6	
129,30000000E-3	89,44782165E-6	
130,00000000E-3	88,96972365E-6	
130,50000000E-3	88,61072968E-6	
131,10000000E-3	88,37770922E-6	
131,70000000E-3	88,23573374E-6	
132,30000000E-3	88,10708841E-6	
133,10000000E-3	87,91647395E-6	
133,70000000E-3	87,63352843E-6	
134,30000000E-3	87,32671064E-6	
134,90000000E-3	87,05855337E-6	
135,50000000E-3	86,82680028E-6	
136,00000000E-3	86,59802762E-6	
136,60000000E-3	86,36061465E-6	
137,50000000E-3	86,13427561E-6	
138,10000000E-3	85,91923581E-6	
138,70000000E-3	85,72076373E-6	
139,20000000E-3	85,54272265E-6	
139,80000000E-3	85,36113332E-6	
140,40000000E-3	85,14900882E-6	
140,90000000E-3	84,92269860E-6	
141,70000000E-3	84,72525897E-6	
142,40000000E-3	84,52928172E-6	
143,00000000E-3	84,30997819E-6	
143,60000000E-3	84,10086722E-6	
144,30000000E-3	83,90332283E-6	
144,80000000E-3	83,70593952E-6	
145,20000000E-3	83,51598495E-6	
145,90000000E-3	83,35389738E-6	
146,20000000E-3	83,22574440E-6	
147,20000000E-3	83,07348219E-6	
147,80000000E-3	82,86498301E-6	
148,40000000E-3	82,64199989E-6	
148,90000000E-3	82,41545170E-6	
149,50000000E-3	82,19495244E-6	
150,40000000E-3	82,00802391E-6	
151,00000000E-3	81,84754764E-6	
151,60000000E-3	81,69629994E-6	
152,20000000E-3	81,54941070E-6	
152,70000000E-3	81,41251316E-6	
153,30000000E-3	81,28166074E-6	
153,90000000E-3	81,16381839E-6	
154,80000000E-3	81,07297552E-6	
155,10000000E-3	80,98690686E-6	
156,00000000E-3	80,88085550E-6	
156,60000000E-3	80,74664226E-6	
156,90000000E-3	80,59525381E-6	
157,50000000E-3	80,43915745E-6	
158,30000000E-3	80,24807986E-6	
158,90000000E-3	80,02019855E-6	
159,80000000E-3	79,81411207E-6	
160,40000000E-3	79,66082789E-6	
160,70000000E-3	79,52045596E-6	
161,30000000E-3	79,35246760E-6	
161,80000000E-3	79,15789588E-6	
162,70000000E-3	78,98255260E-6	
163,30000000E-3	78,87608611E-6	
163,90000000E-3	78,83669240E-6	
164,80000000E-3	78,82058037E-6	
165,00000000E-3	78,76264823E-6	
165,60000000E-3	78,64504457E-6	
166,20000000E-3	78,49775543E-6	
167,00000000E-3	78,34112542E-6	
167,70000000E-3	78,18393548E-6	
168,20000000E-3	78,06456733E-6	
168,80000000E-3	78,00439374E-6	
169,40000000E-3	77,96739385E-6	
170,10000000E-3	77,91781129E-6	
170,70000000E-3	77,82657601E-6	
171,30000000E-3	77,68211299E-6	
172,10000000E-3	77,50268279E-6	
172,70000000E-3	77,32228959E-6	
173,30000000E-3	77,15809511E-6	
173,90000000E-3	77,02018999E-6	
174,50000000E-3	76,91447723E-6	
175,00000000E-3	76,82288922E-6	
175,60000000E-3	76,73644709E-6	
176,50000000E-3	76,61260098E-6	
177,10000000E-3	76,43932892E-6	
177,60000000E-3	76,28896643E-6	
178,20000000E-3	76,19723956E-6	
178,80000000E-3	76,13619967E-6	
179,40000000E-3	76,07734585E-6	
180,00000000E-3	75,95429367E-6	
180,80000000E-3	75,72734540E-6	
181,40000000E-3	75,42650252E-6	
181,90000000E-3	75,09870359E-6	
182,50000000E-3	74,84355586E-6	
183,10000000E-3	74,70556670E-6	
183,70000000E-3	74,62899799E-6	
184,60000000E-3	74,54241048E-6	
184,80000000E-3	74,40504938E-6	
185,50000000E-3	74,24017175E-6	
186,00000000E-3	74,09015921E-6	
186,90000000E-3	73,96776980E-6	
187,50000000E-3	73,85748303E-6	
188,10000000E-3	73,73231808E-6	
188,70000000E-3	73,58139769E-6	
189,20000000E-3	73,42484058E-6	
189,80000000E-3	73,27781778E-6	
190,50000000E-3	73,15321034E-6	
191,20000000E-3	73,07216214E-6	
191,90000000E-3	73,04326629E-6	
192,40000000E-3	73,04974922E-6	
193,00000000E-3	73,08146534E-6	
193,50000000E-3	73,16240079E-6	
194,30000000E-3	73,28250522E-6	
195,00000000E-3	73,36508496E-6	
195,50000000E-3	73,34909637E-6	
196,10000000E-3	73,26520601E-6	
196,70000000E-3	73,15636750E-6	
197,30000000E-3	73,05364656E-6	
197,90000000E-3	72,98533695E-6	
198,50000000E-3	72,93486742E-6	
199,40000000E-3	72,84579793E-6	
199,90000000E-3	72,69270978E-6	
