200,00000000E-3	28,95073306E-6	
200,00000000E-3	29,16819747E-6	
200,00000000E-3	29,19645720E-6	
199,80000000E-3	29,22187762E-6	
199,50000000E-3	29,23628285E-6	
199,20000000E-3	29,25608632E-6	
198,90000000E-3	29,27944348E-6	
198,50000000E-3	29,29987446E-6	
198,10000000E-3	29,32676662E-6	
197,50000000E-3	29,39780315E-6	
197,40000000E-3	29,51418011E-6	
196,60000000E-3	29,63317687E-6	
196,00000000E-3	29,73060544E-6	
195,50000000E-3	29,82687608E-6	
195,00000000E-3	29,96834780E-6	
194,40000000E-3	30,17269720E-6	
193,90000000E-3	30,38622831E-6	
193,00000000E-3	30,56838717E-6	
192,50000000E-3	30,73339866E-6	
191,90000000E-3	30,90838436E-6	
191,30000000E-3	31,10310285E-6	
190,70000000E-3	31,30371832E-6	
190,10000000E-3	31,48148063E-6	
189,50000000E-3	31,63190958E-6	
189,00000000E-3	31,77918058E-6	
188,20000000E-3	31,93108846E-6	
187,50000000E-3	32,07523589E-6	
187,00000000E-3	32,21473697E-6	
186,30000000E-3	32,36162045E-6	
185,70000000E-3	32,51510878E-6	
185,10000000E-3	32,65664393E-6	
184,50000000E-3	32,78576536E-6	
183,90000000E-3	32,90697095E-6	
183,30000000E-3	33,02568288E-6	
182,70000000E-3	33,17230746E-6	
182,10000000E-3	33,33654864E-6	
181,40000000E-3	33,48873408E-6	
180,60000000E-3	33,61124508E-6	
180,30000000E-3	33,72956052E-6	
179,40000000E-3	33,90343071E-6	
179,20000000E-3	34,12413860E-6	
178,60000000E-3	34,33760553E-6	
177,90000000E-3	34,50946588E-6	
177,10000000E-3	34,65708807E-6	
176,50000000E-3	34,82643368E-6	
175,90000000E-3	35,03808113E-6	
175,90000000E-3	35,25669145E-6	
174,70000000E-3	35,45661308E-6	
174,20000000E-3	35,63913168E-6	
173,50000000E-3	35,82956772E-6	
173,00000000E-3	36,04145075E-6	
172,10000000E-3	36,24139179E-6	
171,50000000E-3	36,40128732E-6	
170,90000000E-3	36,55143175E-6	
170,30000000E-3	36,70744559E-6	
169,70000000E-3	36,88242523E-6	
168,90000000E-3	37,10945849E-6	
168,30000000E-3	37,37012404E-6	
167,70000000E-3	37,62451600E-6	
167,10000000E-3	37,84692666E-6	
166,60000000E-3	38,01891879E-6	
166,00000000E-3	38,15094925E-6	
165,40000000E-3	38,28215973E-6	
164,50000000E-3	38,43769242E-6	
163,90000000E-3	38,58933997E-6	
163,40000000E-3	38,71933773E-6	
162,80000000E-3	38,86111650E-6	
162,20000000E-3	39,04677199E-6	
161,60000000E-3	39,26701707E-6	
161,00000000E-3	39,51701495E-6	
160,70000000E-3	39,76938242E-6	
159,80000000E-3	39,97678769E-6	
159,20000000E-3	40,14609084E-6	
158,90000000E-3	40,32656826E-6	
157,80000000E-3	40,53991189E-6	
157,20000000E-3	40,78049363E-6	
156,60000000E-3	41,04664973E-6	
156,00000000E-3	41,30224349E-6	
155,70000000E-3	41,52760886E-6	
154,90000000E-3	41,72987998E-6	
154,30000000E-3	41,89628926E-6	
153,70000000E-3	42,05030026E-6	
153,10000000E-3	42,22370663E-6	
152,50000000E-3	42,42825891E-6	
151,80000000E-3	42,67627359E-6	
151,10000000E-3	42,95315452E-6	
150,50000000E-3	43,22733610E-6	
149,90000000E-3	43,48781061E-6	
149,30000000E-3	43,73315471E-6	
148,70000000E-3	43,94985321E-6	
148,20000000E-3	44,12339690E-6	
148,20000000E-3	44,26535697E-6	
146,70000000E-3	44,41545644E-6	
146,10000000E-3	44,61374161E-6	
145,60000000E-3	44,86197642E-6	
144,90000000E-3	45,13504480E-6	
144,20000000E-3	45,41499208E-6	
143,80000000E-3	45,72260559E-6	
143,20000000E-3	46,06250984E-6	
142,30000000E-3	46,42152125E-6	
141,90000000E-3	46,80085938E-6	
141,20000000E-3	47,18253628E-6	
140,40000000E-3	47,52684129E-6	
140,00000000E-3	47,85415475E-6	
139,50000000E-3	48,17678129E-6	
138,90000000E-3	48,46638171E-6	
138,10000000E-3	48,73330122E-6	
137,50000000E-3	48,99557663E-6	
137,50000000E-3	49,26928739E-6	
136,20000000E-3	49,57739339E-6	
135,60000000E-3	49,91427255E-6	
135,00000000E-3	50,27609392E-6	
134,40000000E-3	50,66962584E-6	
134,10000000E-3	51,08507324E-6	
133,00000000E-3	51,51755746E-6	
132,40000000E-3	51,93151727E-6	
131,80000000E-3	52,30596946E-6	
131,20000000E-3	52,65206710E-6	
130,60000000E-3	52,96445699E-6	
130,10000000E-3	53,26845731E-6	
129,50000000E-3	53,56798126E-6	
128,70000000E-3	53,81293019E-6	
128,10000000E-3	54,01715466E-6	
127,50000000E-3	54,21912783E-6	
126,90000000E-3	54,41897588E-6	
126,30000000E-3	54,60899864E-6	
125,80000000E-3	54,79764054E-6	
125,20000000E-3	54,98831434E-6	
124,30000000E-3	55,19932925E-6	
123,70000000E-3	55,45387652E-6	
123,20000000E-3	55,74064869E-6	
122,60000000E-3	56,00751211E-6	
122,00000000E-3	56,21595697E-6	
121,40000000E-3	56,37896049E-6	
120,60000000E-3	56,55077354E-6	
120,00000000E-3	56,73068853E-6	
119,80000000E-3	56,87896458E-6	
119,80000000E-3	56,97673266E-6	
118,30000000E-3	57,02839133E-6	
117,70000000E-3	57,04830146E-6	
117,20000000E-3	57,07109957E-6	
116,40000000E-3	57,11556829E-6	
115,90000000E-3	57,18307392E-6	
115,00000000E-3	57,27018526E-6	
114,70000000E-3	57,38821834E-6	
114,10000000E-3	57,54183450E-6	
113,70000000E-3	57,66584324E-6	
112,80000000E-3	57,72072684E-6	
112,10000000E-3	57,73744880E-6	
111,50000000E-3	57,75671894E-6	
111,00000000E-3	57,78209892E-6	
110,40000000E-3	57,79898805E-6	
109,60000000E-3	57,78883271E-6	
108,90000000E-3	57,73630079E-6	
108,40000000E-3	57,65025487E-6	
107,80000000E-3	57,57253181E-6	
107,20000000E-3	57,52567712E-6	
106,60000000E-3	57,49518244E-6	
106,10000000E-3	57,47508472E-6	
105,20000000E-3	57,45606569E-6	
104,60000000E-3	57,41585483E-6	
104,00000000E-3	57,32658404E-6	
103,40000000E-3	57,15873205E-6	
102,90000000E-3	56,90440314E-6	
102,00000000E-3	56,60089829E-6	
101,40000000E-3	56,28098472E-6	
100,90000000E-3	55,95996126E-6	
100,20000000E-3	55,66075055E-6	
100,20000000E-3	55,40059386E-6	
99,10000000E-3	55,18473880E-6	
98,40000000E-3	55,00694027E-6	
97,90000000E-3	54,83888372E-6	
97,30000000E-3	54,65975887E-6	
96,70000000E-3	54,47336564E-6	
96,10000000E-3	54,26131148E-6	
95,40000000E-3	54,00153080E-6	
94,70000000E-3	53,71455305E-6	
94,10000000E-3	53,45507723E-6	
93,50000000E-3	53,23046718E-6	
93,00000000E-3	53,05559341E-6	
92,40000000E-3	52,94284349E-6	
92,40000000E-3	52,86388467E-6	
90,80000000E-3	52,82179912E-6	
90,30000000E-3	52,83465346E-6	
90,30000000E-3	52,87079031E-6	
89,10000000E-3	52,90091548E-6	
88,50000000E-3	52,94403117E-6	
88,30000000E-3	53,01732437E-6	
87,20000000E-3	53,14245608E-6	
86,60000000E-3	53,34527599E-6	
86,00000000E-3	53,61268293E-6	
85,80000000E-3	53,93256415E-6	
85,50000000E-3	54,27664153E-6	
84,40000000E-3	54,61235438E-6	
83,80000000E-3	54,98642005E-6	
83,80000000E-3	55,47737984E-6	
82,80000000E-3	56,11341905E-6	
81,70000000E-3	56,88920032E-6	
81,70000000E-3	57,77128043E-6	
80,40000000E-3	58,73483940E-6	
79,90000000E-3	59,77295469E-6	
79,40000000E-3	60,87914059E-6	
78,80000000E-3	62,00055608E-6	
78,00000000E-3	63,16558024E-6	
77,30000000E-3	64,39960672E-6	
76,70000000E-3	65,60311173E-6	
76,10000000E-3	66,71938711E-6	
75,90000000E-3	67,80160289E-6	
75,90000000E-3	68,91189519E-6	
74,30000000E-3	70,04185393E-6	
73,80000000E-3	71,11251981E-6	
73,20000000E-3	72,14657572E-6	
72,60000000E-3	73,17440782E-6	
72,00000000E-3	74,11744000E-6	
71,50000000E-3	74,95111825E-6	
71,20000000E-3	75,65016411E-6	
70,10000000E-3	76,18258743E-6	
69,60000000E-3	76,53271020E-6	
68,70000000E-3	76,72061281E-6	
68,10000000E-3	76,79859514E-6	
67,50000000E-3	76,81512302E-6	
67,00000000E-3	76,81406706E-6	
66,70000000E-3	76,81556077E-6	
65,60000000E-3	76,77047613E-6	
65,00000000E-3	76,59565097E-6	
64,40000000E-3	76,25283851E-6	
64,10000000E-3	75,74279895E-6	
63,20000000E-3	75,03496344E-6	
62,70000000E-3	74,15229157E-6	
62,10000000E-3	73,17174912E-6	
61,50000000E-3	72,04474503E-6	
60,90000000E-3	70,71468750E-6	
60,30000000E-3	69,16887623E-6	
59,50000000E-3	67,42831218E-6	
58,90000000E-3	65,57545732E-6	
58,60000000E-3	63,74522259E-6	
57,50000000E-3	61,90333682E-6	
56,80000000E-3	59,95389449E-6	
56,30000000E-3	57,90842433E-6	
55,70000000E-3	55,74474595E-6	
55,10000000E-3	53,46209892E-6	
54,60000000E-3	51,03200902E-6	
54,60000000E-3	48,54506667E-6	
53,20000000E-3	46,16751868E-6	
52,60000000E-3	43,79782511E-6	
52,10000000E-3	41,34466149E-6	
51,50000000E-3	38,89621601E-6	
50,70000000E-3	36,47987678E-6	
50,10000000E-3	34,11758061E-6	
49,50000000E-3	31,84905839E-6	
48,90000000E-3	29,72625488E-6	
48,30000000E-3	27,79027912E-6	
47,70000000E-3	25,92763830E-6	
46,90000000E-3	24,03702680E-6	
46,30000000E-3	22,19217838E-6	
45,70000000E-3	20,39816622E-6	
45,10000000E-3	18,66327257E-6	
44,50000000E-3	17,00740613E-6	
44,00000000E-3	15,44590558E-6	
43,20000000E-3	13,97805955E-6	
42,50000000E-3	12,61638863E-6	
42,30000000E-3	11,29105370E-6	
41,70000000E-3	9,97144441E-6	
41,20000000E-3	8,77655075E-6	
40,30000000E-3	7,76834006E-6	
39,70000000E-3	6,97246934E-6	
38,90000000E-3	6,36454723E-6	
38,60000000E-3	5,91103739E-6	
38,00000000E-3	5,59818251E-6	
37,20000000E-3	5,37952417E-6	
36,60000000E-3	5,23047739E-6	
36,10000000E-3	5,12002153E-6	
35,30000000E-3	5,00424235E-6	
34,70000000E-3	4,88727034E-6	
34,10000000E-3	4,82111835E-6	
33,50000000E-3	4,85278404E-6	
32,90000000E-3	4,96339235E-6	
32,10000000E-3	5,10512830E-6	
31,60000000E-3	5,25959977E-6	
31,00000000E-3	5,44656398E-6	
30,20000000E-3	5,71476114E-6	
29,70000000E-3	6,07219385E-6	
29,10000000E-3	6,50115407E-6	
28,50000000E-3	7,00627503E-6	
28,30000000E-3	7,60297615E-6	
27,30000000E-3	8,24143168E-6	
26,80000000E-3	8,91288491E-6	
26,30000000E-3	9,65434835E-6	
25,30000000E-3	10,44468038E-6	
24,70000000E-3	11,26487850E-6	
24,30000000E-3	12,10369923E-6	
23,40000000E-3	12,96336337E-6	
22,80000000E-3	13,83342915E-6	
22,20000000E-3	14,66535175E-6	
21,90000000E-3	15,47577053E-6	
21,40000000E-3	16,26315780E-6	
20,50000000E-3	16,96458284E-6	
20,00000000E-3	17,55485396E-6	
19,20000000E-3	18,03436403E-6	
18,60000000E-3	18,41720962E-6	
17,90000000E-3	18,73718153E-6	
17,30000000E-3	19,03831237E-6	
16,70000000E-3	19,38791204E-6	
16,20000000E-3	19,82988871E-6	
15,50000000E-3	20,32083708E-6	
14,80000000E-3	20,78525050E-6	
14,20000000E-3	21,14825775E-6	
13,70000000E-3	21,41420512E-6	
13,00000000E-3	21,67347168E-6	
12,30000000E-3	21,97706219E-6	
11,70000000E-3	22,28782583E-6	
11,20000000E-3	22,56546401E-6	
10,50000000E-3	22,76324894E-6	
9,80000000E-3	22,86214428E-6	
9,20000000E-3	22,88632051E-6	
8,70000000E-3	22,84121756E-6	
8,00000000E-3	22,74248700E-6	
7,30000000E-3	22,65607818E-6	
6,70000000E-3	22,64450490E-6	
6,20000000E-3	22,69765953E-6	
5,70000000E-3	22,75657225E-6	
5,10000000E-3	22,75504623E-6	
4,30000000E-3	22,68092123E-6	
3,80000000E-3	22,57673494E-6	
2,90000000E-3	22,47129359E-6	
2,60000000E-3	22,37113005E-6	
1,80000000E-3	22,28729353E-6	
1,20000000E-3	22,18608191E-6	
700,00000000E-6	21,99583824E-6	
100,00000000E-6	21,68440285E-6	
-600,00000000E-6	21,30879234E-6	
-1,30000000E-3	20,95951857E-6	
-1,90000000E-3	20,68393619E-6	
-2,40000000E-3	20,46825246E-6	
-3,20000000E-3	20,30075707E-6	
-3,80000000E-3	20,18558659E-6	
-4,40000000E-3	20,11469428E-6	
-4,90000000E-3	20,07274871E-6	
-5,70000000E-3	20,04168145E-6	
-6,30000000E-3	19,99791651E-6	
-6,90000000E-3	19,94925852E-6	
-7,40000000E-3	19,88592213E-6	
-8,20000000E-3	19,75878205E-6	
-8,80000000E-3	19,60415307E-6	
-9,40000000E-3	19,50727612E-6	
-9,90000000E-3	19,49683819E-6	
-10,60000000E-3	19,55034956E-6	
-11,30000000E-3	19,64527648E-6	
-11,90000000E-3	19,76271218E-6	
-12,40000000E-3	19,86665446E-6	
-13,10000000E-3	19,92355616E-6	
-13,80000000E-3	20,04193730E-6	
-14,30000000E-3	21,16734513E-6	
-14,90000000E-3	24,38756784E-6	
-15,60000000E-3	28,45051906E-6	
-16,30000000E-3	31,14376375E-6	
-16,80000000E-3	31,55633472E-6	
-17,00000000E-3	30,22345237E-6	
-18,10000000E-3	28,13079205E-6	
-18,70000000E-3	25,95973559E-6	
-19,30000000E-3	24,08578738E-6	
-20,00000000E-3	22,52976164E-6	
-20,60000000E-3	21,28586959E-6	
-21,10000000E-3	20,36127283E-6	
-21,90000000E-3	19,66597415E-6	
-22,50000000E-3	19,12854706E-6	
-23,10000000E-3	18,68872370E-6	
-23,50000000E-3	18,28633274E-6	
-24,40000000E-3	17,88848509E-6	
-25,00000000E-3	17,46112881E-6	
-25,60000000E-3	16,97585859E-6	
-26,00000000E-3	16,46158483E-6	
-26,70000000E-3	15,91854283E-6	
-27,10000000E-3	15,33427767E-6	
-28,10000000E-3	14,70024663E-6	
-28,70000000E-3	14,04294873E-6	
-29,30000000E-3	13,41640224E-6	
-29,90000000E-3	12,81597486E-6	
-30,60000000E-3	12,22282933E-6	
-31,20000000E-3	11,64807431E-6	
-31,70000000E-3	11,09659760E-6	
-32,50000000E-3	10,58799023E-6	
-33,10000000E-3	10,13671124E-6	
-33,70000000E-3	9,72874277E-6	
-34,20000000E-3	9,35136075E-6	
-34,80000000E-3	8,97113858E-6	
-35,40000000E-3	8,58038420E-6	
-35,80000000E-3	8,25653307E-6	
-36,70000000E-3	8,02494612E-6	
-37,50000000E-3	7,82793403E-6	
-38,10000000E-3	7,61917927E-6	
-38,30000000E-3	7,41994682E-6	
-39,00000000E-3	7,25476280E-6	
-39,90000000E-3	7,13926769E-6	
-40,30000000E-3	7,11049604E-6	
-40,80000000E-3	7,21483841E-6	
-41,50000000E-3	7,46147636E-6	
-42,30000000E-3	7,84323709E-6	
-42,80000000E-3	8,33738173E-6	
-43,30000000E-3	8,96606263E-6	
-44,00000000E-3	9,78299325E-6	
-44,70000000E-3	10,75262713E-6	
-45,30000000E-3	11,82673828E-6	
-45,80000000E-3	12,93154817E-6	
-46,50000000E-3	13,97140545E-6	
-47,20000000E-3	14,98383323E-6	
-47,80000000E-3	16,07205734E-6	
-48,30000000E-3	17,32928565E-6	
-49,20000000E-3	18,83264441E-6	
-49,70000000E-3	20,55880070E-6	
-50,30000000E-3	22,49643017E-6	
-50,80000000E-3	24,59553248E-6	
-51,60000000E-3	26,69081105E-6	
-52,20000000E-3	28,78652701E-6	
-52,80000000E-3	30,95179313E-6	
-53,30000000E-3	33,25044929E-6	
-54,10000000E-3	35,67374305E-6	
-54,70000000E-3	38,13971629E-6	
-55,20000000E-3	40,49991641E-6	
-55,80000000E-3	42,82682609E-6	
-56,50000000E-3	45,28488861E-6	
-57,10000000E-3	47,84446986E-6	
-57,70000000E-3	50,50228505E-6	
-58,30000000E-3	53,19451585E-6	
-58,90000000E-3	55,86651556E-6	
-59,60000000E-3	58,47613641E-6	
-60,20000000E-3	60,89061634E-6	
-60,70000000E-3	63,21875097E-6	
-61,40000000E-3	65,55372277E-6	
-62,20000000E-3	67,76392147E-6	
-62,70000000E-3	69,70288219E-6	
-63,20000000E-3	71,30389855E-6	
-63,90000000E-3	72,66107241E-6	
-64,70000000E-3	73,92844601E-6	
-65,10000000E-3	75,16084440E-6	
-65,70000000E-3	76,38173409E-6	
-66,60000000E-3	77,57983218E-6	
-67,10000000E-3	78,63293169E-6	
-67,60000000E-3	79,47313648E-6	
-68,20000000E-3	80,07058350E-6	
-69,00000000E-3	80,45330008E-6	
-69,60000000E-3	80,69096814E-6	
-70,10000000E-3	80,86349044E-6	
-70,70000000E-3	80,98961801E-6	
-71,50000000E-3	81,01991512E-6	
-72,10000000E-3	80,89107969E-6	
-72,60000000E-3	80,57376587E-6	
-73,20000000E-3	80,04564168E-6	
-73,90000000E-3	79,29662089E-6	
-74,50000000E-3	78,36009651E-6	
-75,10000000E-3	77,29315058E-6	
-75,70000000E-3	76,18560515E-6	
-76,30000000E-3	75,01549819E-6	
-77,00000000E-3	73,74520913E-6	
-77,60000000E-3	72,41665921E-6	
-78,20000000E-3	71,06201761E-6	
-78,90000000E-3	69,71484838E-6	
-79,60000000E-3	68,40554269E-6	
-80,10000000E-3	67,18187512E-6	
-80,60000000E-3	66,10896542E-6	
-81,50000000E-3	65,10617532E-6	
-82,10000000E-3	64,06458305E-6	
-82,50000000E-3	63,02347320E-6	
-83,10000000E-3	62,01647483E-6	
-83,70000000E-3	61,02628742E-6	
-84,40000000E-3	60,01127010E-6	
-85,20000000E-3	58,93807453E-6	
-85,70000000E-3	57,81251486E-6	
-86,30000000E-3	56,69748988E-6	
-86,90000000E-3	55,60187274E-6	
-87,40000000E-3	54,52293288E-6	
-88,00000000E-3	53,53604020E-6	
-88,50000000E-3	52,65563830E-6	
-89,10000000E-3	51,87168388E-6	
-90,00000000E-3	51,21775470E-6	
-90,60000000E-3	50,72275677E-6	
-91,40000000E-3	50,35693478E-6	
-91,70000000E-3	50,04016770E-6	
-92,20000000E-3	49,75344172E-6	
-92,90000000E-3	49,53993607E-6	
-93,70000000E-3	49,38724243E-6	
-94,20000000E-3	49,22641248E-6	
-94,80000000E-3	49,03817397E-6	
-95,40000000E-3	48,88337974E-6	
-96,20000000E-3	48,82990647E-6	
-96,80000000E-3	48,87643417E-6	
-97,40000000E-3	48,96239746E-6	
-97,90000000E-3	49,03236376E-6	
-98,50000000E-3	49,06821871E-6	
-99,20000000E-3	49,12890775E-6	
-99,90000000E-3	52,24383104E-6	
-100,40000000E-3	69,58299238E-6	
-101,00000000E-3	98,50894335E-6	
-101,60000000E-3	122,64209028E-6	
-102,10000000E-3	131,59930050E-6	
-103,00000000E-3	126,75824576E-6	
-103,60000000E-3	115,75133771E-6	
-104,10000000E-3	104,39010810E-6	
-104,70000000E-3	95,21085771E-6	
-105,30000000E-3	88,64193585E-6	
-106,20000000E-3	84,03956095E-6	
-106,70000000E-3	80,68764108E-6	
-107,20000000E-3	77,91743767E-6	
-107,80000000E-3	75,44972134E-6	
-108,40000000E-3	73,29095854E-6	
-109,20000000E-3	71,41237682E-6	
-109,80000000E-3	69,79129393E-6	
-110,40000000E-3	68,31827400E-6	
-111,00000000E-3	66,83011788E-6	
-111,50000000E-3	65,25386313E-6	
-112,30000000E-3	63,58690641E-6	
-112,90000000E-3	61,95816422E-6	
-113,50000000E-3	60,55994631E-6	
-114,00000000E-3	59,40721902E-6	
-114,60000000E-3	58,37360674E-6	
-115,40000000E-3	57,27817099E-6	
-116,00000000E-3	56,13723822E-6	
-116,60000000E-3	55,17378652E-6	
-117,20000000E-3	54,46117571E-6	
-117,70000000E-3	53,99990353E-6	
-118,40000000E-3	53,74999852E-6	
-119,20000000E-3	53,56815844E-6	
-119,80000000E-3	53,32754457E-6	
-120,20000000E-3	52,98574566E-6	
-120,80000000E-3	52,58368539E-6	
-121,50000000E-3	52,20736200E-6	
-122,20000000E-3	51,91490127E-6	
-122,80000000E-3	51,66068481E-6	
-123,40000000E-3	51,37774948E-6	
-123,90000000E-3	51,02734481E-6	
-124,70000000E-3	50,57275469E-6	
-125,30000000E-3	50,05431396E-6	
-126,00000000E-3	49,55410712E-6	
-126,40000000E-3	49,10761439E-6	
-127,00000000E-3	48,71460816E-6	
-127,60000000E-3	48,35966076E-6	
-128,40000000E-3	48,03486246E-6	
-129,00000000E-3	47,72468691E-6	
-129,60000000E-3	47,41870779E-6	
-130,20000000E-3	47,13320568E-6	
-130,70000000E-3	46,85866984E-6	
-131,60000000E-3	46,57625631E-6	
-132,10000000E-3	46,29121527E-6	
-132,70000000E-3	45,98052176E-6	
-133,20000000E-3	45,61694151E-6	
-133,80000000E-3	45,23307573E-6	
-134,60000000E-3	44,86716685E-6	
-135,20000000E-3	44,52750312E-6	
-135,80000000E-3	44,20018768E-6	
-136,40000000E-3	43,89989070E-6	
-137,00000000E-3	43,63984765E-6	
-137,80000000E-3	43,42734788E-6	
-138,30000000E-3	43,25610513E-6	
-138,60000000E-3	43,11907895E-6	
-139,50000000E-3	43,00202913E-6	
-140,00000000E-3	42,89510405E-6	
-140,90000000E-3	42,81249767E-6	
-141,40000000E-3	42,75847689E-6	
-142,00000000E-3	42,72080081E-6	
-142,60000000E-3	42,70745852E-6	
-143,20000000E-3	42,72151809E-6	
-143,70000000E-3	42,73384719E-6	
-144,60000000E-3	42,68175407E-6	
-145,20000000E-3	42,54581752E-6	
-145,80000000E-3	42,36636105E-6	
-146,20000000E-3	42,16296672E-6	
-147,00000000E-3	41,93400956E-6	
-147,70000000E-3	41,70979474E-6	
-148,00000000E-3	41,50575749E-6	
-148,60000000E-3	41,32384297E-6	
-149,40000000E-3	41,16857804E-6	
-150,00000000E-3	41,02618684E-6	
-150,60000000E-3	40,90810781E-6	
-151,00000000E-3	40,86967158E-6	
-151,60000000E-3	40,85722844E-6	
-152,30000000E-3	40,75928358E-6	
-153,10000000E-3	40,58982019E-6	
-153,60000000E-3	40,40881568E-6	
-154,20000000E-3	40,24430722E-6	
-154,80000000E-3	40,11669978E-6	
-155,50000000E-3	40,01699319E-6	
-156,20000000E-3	39,90777721E-6	
-156,80000000E-3	39,80916044E-6	
-157,30000000E-3	39,81374647E-6	
-157,90000000E-3	39,93248373E-6	
-158,60000000E-3	40,09110003E-6	
-159,30000000E-3	40,22191793E-6	
-159,80000000E-3	40,28302909E-6	
-160,40000000E-3	40,23660033E-6	
-161,00000000E-3	40,08097427E-6	
-161,60000000E-3	39,88308905E-6	
-162,40000000E-3	39,70365993E-6	
-163,00000000E-3	39,55620269E-6	
-163,60000000E-3	39,41446581E-6	
-164,20000000E-3	39,27032390E-6	
-164,70000000E-3	39,14221659E-6	
-165,60000000E-3	39,02439938E-6	
-166,10000000E-3	38,90020943E-6	
-166,70000000E-3	38,76342308E-6	
-167,30000000E-3	38,63401901E-6	
-167,80000000E-3	38,53143432E-6	
-168,70000000E-3	38,47254869E-6	
-169,20000000E-3	38,44034870E-6	
-169,80000000E-3	38,39044615E-6	
-170,40000000E-3	38,31187461E-6	
-170,90000000E-3	38,21831896E-6	
-171,80000000E-3	38,09717046E-6	
-172,40000000E-3	37,94643575E-6	
-173,00000000E-3	37,78105869E-6	
-173,50000000E-3	37,62355946E-6	
-174,10000000E-3	37,50392407E-6	
-174,70000000E-3	37,46417179E-6	
-175,50000000E-3	37,50104531E-6	
-176,10000000E-3	37,54995425E-6	
-176,70000000E-3	37,54311843E-6	
-177,20000000E-3	37,44425728E-6	
-177,80000000E-3	37,25778508E-6	
-178,60000000E-3	37,03748744E-6	
-179,20000000E-3	36,83044403E-6	
-179,80000000E-3	36,66652715E-6	
-179,90000000E-3	36,54840505E-6	
-181,10000000E-3	36,45775505E-6	
-181,60000000E-3	36,38180220E-6	
-182,20000000E-3	36,30656020E-6	
-182,90000000E-3	36,21937544E-6	
-183,60000000E-3	36,10813923E-6	
-184,20000000E-3	35,96196492E-6	
-184,40000000E-3	35,77973800E-6	
-185,10000000E-3	35,62024514E-6	
-185,90000000E-3	35,54239944E-6	
-186,80000000E-3	35,51349413E-6	
-187,40000000E-3	35,47682196E-6	
-187,60000000E-3	35,41931993E-6	
-188,50000000E-3	35,33873525E-6	
-189,10000000E-3	35,25772775E-6	
-189,60000000E-3	35,21146008E-6	
-190,20000000E-3	35,18404505E-6	
-190,80000000E-3	35,12227862E-6	
-191,30000000E-3	35,03541033E-6	
-191,90000000E-3	34,96682456E-6	
-192,80000000E-3	34,91615859E-6	
-193,40000000E-3	34,86181301E-6	
-193,90000000E-3	34,80181404E-6	
-194,50000000E-3	34,74641229E-6	
-195,10000000E-3	34,72047374E-6	
-195,80000000E-3	34,73207797E-6	
-196,50000000E-3	34,74310660E-6	
-197,10000000E-3	34,73245108E-6	
-197,60000000E-3	34,68140399E-6	
-198,20000000E-3	34,57958744E-6	
-198,80000000E-3	34,45835024E-6	
-199,70000000E-3	34,34432325E-6	
-200,30000000E-3	34,24817572E-6	
